0 300 464 402 533 15845 0 1 0 falling 
0 296 463 398 530 15846 0 1 1 falling 
0 292 463 395 528 15847 0 1 1 falling 
0 288 462 391 526 15848 0 1 1 falling 
0 284 462 388 523 15849 0 1 1 falling 
0 281 461 384 521 15850 0 1 1 falling 
0 277 461 381 519 15851 0 1 1 falling 
0 273 460 377 516 15852 0 1 1 falling 
0 269 460 374 514 15853 0 1 1 falling 
0 265 459 370 512 15854 0 1 1 falling 
0 262 459 367 510 15855 0 1 0 falling 
0 259 458 364 509 15856 0 1 1 falling 
0 257 457 362 508 15857 0 1 1 falling 
0 255 457 360 508 15858 0 1 1 falling 
0 253 456 358 507 15859 0 1 1 falling 
0 251 455 356 506 15860 0 1 1 falling 
0 249 455 354 506 15861 0 1 0 falling 
0 248 454 353 505 15862 0 1 1 falling 
0 248 453 353 504 15863 0 1 1 falling 
0 247 452 352 503 15864 0 1 1 falling 
1 524 432 575 542 15845 0 0 0 falling 
1 523 430 574 540 15846 0 0 1 moving 
1 523 429 574 539 15847 0 0 1 moving 
1 522 428 573 538 15848 0 0 1 moving 
1 522 427 573 537 15849 0 0 1 moving 
1 522 426 573 536 15850 0 0 1 moving 
1 521 425 572 535 15851 0 0 1 moving 
1 521 424 572 534 15852 0 0 1 moving 
1 520 423 571 533 15853 0 0 1 moving 
1 520 422 571 532 15854 0 0 1 moving 
1 520 421 571 531 15855 0 0 0 moving 
1 518 420 568 529 15856 0 0 1 moving 
1 516 419 566 528 15857 0 0 1 moving 
1 514 418 564 527 15858 0 0 1 moving 
1 512 418 562 526 15859 0 0 1 moving 
1 510 417 560 525 15860 0 0 1 moving 
1 508 416 557 524 15861 0 0 1 moving 
1 506 416 555 523 15862 0 0 1 moving 
1 504 415 553 522 15863 0 0 1 moving 
1 502 414 551 521 15864 0 0 1 moving 
2 440 391 496 471 15845 0 0 0 moving 
2 435 389 492 469 15846 0 0 1 digging 
2 431 387 489 467 15847 0 0 1 digging 
2 427 385 486 465 15848 0 0 1 digging 
2 423 383 482 463 15849 0 0 1 digging 
2 419 381 479 461 15850 0 0 1 digging 
2 415 379 476 459 15851 0 0 1 digging 
2 411 378 473 457 15852 0 0 0 digging 
2 410 377 470 456 15853 0 0 1 digging 
2 409 376 467 456 15854 0 0 1 digging 
2 408 376 464 456 15855 0 0 0 digging 
2 405 376 459 456 15856 0 0 1 digging 
2 403 376 455 456 15857 0 0 1 digging 
2 400 377 451 456 15858 0 0 1 digging 
2 398 377 446 456 15859 0 0 1 digging 
2 395 377 442 456 15860 0 0 1 digging 
2 393 378 438 456 15861 0 0 0 digging 
2 390 376 435 455 15862 0 0 1 digging 
2 387 375 433 454 15863 0 0 1 digging 
2 384 374 430 453 15864 0 0 1 digging 
3 635 414 682 516 15845 0 0 0 digging 
3 635 414 682 516 15846 0 0 1 standing 
3 636 414 683 516 15847 0 0 1 standing 
3 637 414 684 516 15848 0 0 1 standing 
3 638 414 685 516 15849 0 0 1 standing 
3 639 414 686 516 15850 0 0 1 standing 
3 639 414 686 516 15851 0 0 1 standing 
3 640 414 687 516 15852 0 0 1 standing 
3 641 414 688 516 15853 0 0 1 standing 
3 642 414 689 516 15854 0 0 1 standing 
3 643 414 690 516 15855 0 0 0 standing 
3 641 415 688 516 15856 0 0 1 standing 
3 640 416 687 517 15857 0 0 1 standing 
3 639 417 686 518 15858 0 0 1 standing 
3 638 418 684 519 15859 0 0 1 standing 
3 637 419 683 520 15860 0 0 1 standing 
3 635 420 682 521 15861 0 0 1 standing 
3 634 421 680 522 15862 0 0 1 standing 
3 633 422 679 523 15863 0 0 1 standing 
3 632 423 678 524 15864 0 0 1 standing 
4 651 366 700 471 15845 0 0 0 standing 
4 649 366 697 471 15846 0 0 1 standing 
4 647 366 695 471 15847 0 0 1 standing 
4 646 366 692 471 15848 0 0 1 standing 
4 644 366 690 471 15849 0 0 1 standing 
4 643 366 688 471 15850 0 0 1 standing 
4 641 366 685 471 15851 0 0 1 standing 
4 639 366 683 471 15852 0 0 1 standing 
4 638 366 680 471 15853 0 0 1 standing 
4 636 366 678 471 15854 0 0 1 standing 
4 635 366 676 471 15855 0 0 0 standing 
4 633 366 674 471 15856 0 0 1 standing 
4 631 367 672 472 15857 0 0 1 standing 
4 629 367 670 472 15858 0 0 1 standing 
4 627 368 668 473 15859 0 0 1 standing 
4 626 368 667 473 15860 0 0 1 standing 
4 624 369 665 474 15861 0 0 1 standing 
4 622 369 663 474 15862 0 0 1 standing 
4 620 370 661 475 15863 0 0 1 standing 
4 618 370 659 475 15864 0 0 1 standing 
5 908 400 966 483 15845 0 0 0 standing 
5 907 399 964 483 15846 0 0 1 standing 
5 906 398 962 484 15847 0 0 1 standing 
5 905 397 960 485 15848 0 0 1 standing 
5 905 396 958 486 15849 0 0 1 standing 
5 904 395 956 487 15850 0 0 1 standing 
5 903 394 954 487 15851 0 0 1 standing 
5 903 393 952 488 15852 0 0 1 standing 
5 902 392 950 489 15853 0 0 1 standing 
5 901 391 948 490 15854 0 0 1 standing 
5 901 390 946 491 15855 0 0 0 standing 
5 899 389 944 490 15856 0 0 1 standing 
5 897 389 942 490 15857 0 0 1 standing 
5 895 389 940 490 15858 0 0 1 standing 
5 894 389 939 490 15859 0 0 1 standing 
5 892 389 937 490 15860 0 0 1 standing 
5 890 389 935 490 15861 0 0 1 standing 
5 889 389 934 490 15862 0 0 1 standing 
5 887 389 932 490 15863 0 0 1 standing 
5 885 389 930 490 15864 0 0 1 standing 
6 476 458 520 566 15845 0 0 0 standing 
6 472 457 517 565 15846 0 0 1 standing 
6 469 457 515 565 15847 0 0 1 standing 
6 465 456 512 565 15848 0 0 1 standing 
6 462 456 510 564 15849 0 0 1 standing 
6 459 456 507 564 15850 0 0 1 standing 
6 455 455 505 564 15851 0 0 1 standing 
6 452 455 502 563 15852 0 0 1 standing 
6 448 454 500 563 15853 0 0 1 standing 
6 445 454 497 563 15854 0 0 1 standing 
6 442 454 495 563 15855 0 0 0 standing 
6 438 454 493 562 15856 0 0 1 standing 
6 435 454 491 561 15857 0 0 1 standing 
6 432 454 489 560 15858 0 0 1 standing 
6 429 454 487 559 15859 0 0 1 standing 
6 426 454 485 559 15860 0 0 0 standing 
6 424 452 482 558 15861 0 0 1 standing 
6 423 451 480 557 15862 0 0 1 standing 
6 422 449 477 557 15863 0 0 1 standing 
6 421 448 475 556 15864 0 0 1 standing 
7 492 371 532 464 15845 0 0 0 standing 
7 491 369 531 462 15846 0 0 1 standing 
7 490 368 530 461 15847 0 0 1 standing 
7 489 367 529 460 15848 0 0 1 standing 
7 488 366 528 459 15849 0 0 1 standing 
7 488 365 528 458 15850 0 0 1 standing 
7 487 364 527 457 15851 0 0 1 standing 
7 486 363 526 456 15852 0 0 1 standing 
7 485 362 525 455 15853 0 0 1 standing 
7 484 361 524 454 15854 0 0 1 standing 
7 484 360 524 453 15855 0 0 0 standing 
7 482 360 523 452 15856 0 0 1 standing 
7 481 361 522 452 15857 0 0 1 standing 
7 480 362 521 452 15858 0 0 1 standing 
7 479 362 521 452 15859 0 0 1 standing 
7 478 363 520 452 15860 0 0 1 standing 
7 476 364 519 451 15861 0 0 1 standing 
7 475 364 519 451 15862 0 0 1 standing 
7 474 365 518 451 15863 0 0 1 standing 
7 473 366 517 451 15864 0 0 1 standing 
8 433 421 485 495 15845 0 1 0 standing 
8 428 419 480 495 15846 0 1 1 moving 
8 423 418 475 495 15847 0 1 1 moving 
8 418 417 470 495 15848 0 1 1 moving 
8 413 416 465 495 15849 0 1 1 moving 
8 408 415 461 495 15850 0 1 1 moving 
8 403 413 456 495 15851 0 1 1 moving 
8 398 412 451 495 15852 0 1 1 moving 
8 393 411 446 495 15853 0 1 1 moving 
8 388 410 441 495 15854 0 1 1 moving 
8 384 409 437 496 15855 0 1 0 moving 
8 378 408 431 495 15856 0 1 1 moving 
8 372 407 425 494 15857 0 1 1 moving 
8 366 407 419 494 15858 0 1 1 moving 
8 360 406 413 493 15859 0 1 1 moving 
8 354 406 407 493 15860 0 1 1 moving 
8 348 405 401 492 15861 0 1 1 moving 
8 343 405 396 492 15862 0 1 0 moving 
8 337 404 390 491 15863 0 1 1 moving 
8 332 404 385 491 15864 0 1 1 moving 
9 900 463 953 565 15845 0 0 0 moving 
9 898 461 951 563 15846 0 0 1 standing 
9 896 460 949 562 15847 0 0 1 standing 
9 894 459 947 561 15848 0 0 1 standing 
9 893 458 946 560 15849 0 0 1 standing 
9 891 457 944 559 15850 0 0 1 standing 
9 889 456 942 558 15851 0 0 1 standing 
9 888 455 941 557 15852 0 0 1 standing 
9 886 454 939 556 15853 0 0 1 standing 
9 884 453 937 555 15854 0 0 1 standing 
9 883 452 936 554 15855 0 0 0 standing 
9 882 452 934 554 15856 0 0 1 standing 
9 882 452 933 554 15857 0 0 1 standing 
9 881 452 931 554 15858 0 0 1 standing 
9 881 452 930 554 15859 0 0 1 standing 
9 880 453 929 554 15860 0 0 1 standing 
9 880 453 927 554 15861 0 0 1 standing 
9 879 453 926 554 15862 0 0 1 standing 
9 879 453 924 554 15863 0 0 1 standing 
9 878 453 923 554 15864 0 0 1 standing 
10 856 365 899 457 15845 0 0 0 standing 
10 853 365 897 457 15846 0 0 1 standing 
10 851 366 896 458 15847 0 0 1 standing 
10 849 366 895 458 15848 0 0 1 standing 
10 846 367 893 459 15849 0 0 1 standing 
10 844 367 892 460 15850 0 0 1 standing 
10 842 368 891 460 15851 0 0 1 standing 
10 839 368 889 461 15852 0 0 1 standing 
10 837 369 888 461 15853 0 0 1 standing 
10 835 369 887 462 15854 0 0 1 standing 
10 833 370 886 463 15855 0 0 0 standing 
10 831 370 882 463 15856 0 0 1 standing 
10 829 370 879 463 15857 0 0 1 standing 
10 827 371 875 464 15858 0 0 1 standing 
10 825 371 872 464 15859 0 0 1 standing 
10 824 372 869 465 15860 0 0 0 standing 
10 820 372 866 465 15861 0 0 1 standing 
10 816 372 863 465 15862 0 0 1 standing 
10 813 372 860 465 15863 0 0 1 standing 
10 809 372 857 465 15864 0 0 1 standing 
11 617 402 662 504 15845 0 0 0 standing 
11 618 401 663 503 15846 0 0 1 standing 
11 619 401 664 503 15847 0 0 1 standing 
11 620 400 665 502 15848 0 0 1 standing 
11 621 400 666 502 15849 0 0 1 standing 
11 622 399 667 501 15850 0 0 1 standing 
11 623 399 668 501 15851 0 0 1 standing 
11 624 398 669 500 15852 0 0 1 standing 
11 625 398 670 500 15853 0 0 1 standing 
11 626 397 671 499 15854 0 0 1 standing 
11 628 397 673 499 15855 0 0 0 standing 
11 627 397 672 499 15856 0 0 1 standing 
11 626 397 671 499 15857 0 0 1 standing 
11 626 397 671 499 15858 0 0 1 standing 
11 625 397 670 499 15859 0 0 1 standing 
11 625 397 670 499 15860 0 0 1 standing 
11 624 397 669 499 15861 0 0 1 standing 
11 623 397 668 499 15862 0 0 1 standing 
11 623 397 668 499 15863 0 0 1 standing 
11 622 397 667 499 15864 0 0 1 standing 
