0 523 476 578 558 49185 0 1 0 setting 
0 522 472 579 558 49186 0 1 1 setting 
0 522 468 580 558 49187 0 1 1 setting 
0 522 465 582 558 49188 0 1 0 setting 
0 519 457 578 557 49189 0 1 1 setting 
0 517 450 575 556 49190 0 1 1 setting 
0 515 443 571 555 49191 0 1 1 setting 
0 513 436 568 554 49192 0 1 0 setting 
0 511 429 565 550 49193 0 1 1 setting 
0 509 423 562 546 49194 0 1 1 setting 
0 508 417 560 542 49195 0 1 0 setting 
0 506 420 560 540 49196 0 1 1 setting 
0 504 423 561 539 49197 0 1 1 setting 
0 502 426 562 538 49198 0 1 0 setting 
0 500 429 560 538 49199 0 1 1 setting 
0 498 433 558 539 49200 0 1 1 setting 
0 496 436 556 540 49201 0 1 1 setting 
0 495 440 554 541 49202 0 1 0 setting 
0 494 444 550 541 49203 0 1 1 setting 
0 493 448 546 541 49204 0 1 1 setting 
1 644 393 673 478 49185 0 0 0 setting 
1 643 391 672 476 49186 0 0 1 standing 
1 642 390 672 475 49187 0 0 1 standing 
1 641 389 671 474 49188 0 0 1 standing 
1 640 388 671 473 49189 0 0 1 standing 
1 639 387 670 472 49190 0 0 1 standing 
1 638 386 670 471 49191 0 0 1 standing 
1 638 385 670 470 49192 0 0 0 standing 
1 636 385 669 470 49193 0 0 1 standing 
1 635 386 669 471 49194 0 0 1 standing 
1 634 387 669 472 49195 0 0 0 standing 
1 629 388 669 472 49196 0 0 1 standing 
1 625 389 669 472 49197 0 0 1 standing 
1 621 390 670 472 49198 0 0 1 standing 
1 617 391 670 472 49199 0 0 1 standing 
1 613 392 671 472 49200 0 0 0 standing 
1 611 391 668 471 49201 0 0 1 standing 
1 610 391 665 471 49202 0 0 1 standing 
1 609 390 662 471 49203 0 0 1 standing 
1 608 390 659 471 49204 0 0 1 standing 
2 637 376 668 456 49185 0 0 0 standing 
2 634 375 666 455 49186 0 0 1 standing 
2 632 375 664 455 49187 0 0 1 standing 
2 629 375 662 455 49188 0 0 1 standing 
2 627 375 660 455 49189 0 0 1 standing 
2 624 375 658 455 49190 0 0 1 standing 
2 622 375 656 454 49191 0 0 1 standing 
2 619 375 654 454 49192 0 0 1 standing 
2 617 375 652 454 49193 0 0 1 standing 
2 614 375 650 454 49194 0 0 1 standing 
2 612 375 648 454 49195 0 0 0 standing 
2 607 374 643 453 49196 0 0 1 standing 
2 603 374 639 452 49197 0 0 1 standing 
2 599 373 634 451 49198 0 0 1 standing 
2 595 373 630 451 49199 0 0 1 standing 
2 591 372 625 450 49200 0 0 1 standing 
2 586 372 621 449 49201 0 0 1 standing 
2 582 371 616 449 49202 0 0 1 standing 
2 578 371 612 448 49203 0 0 1 standing 
2 574 370 607 447 49204 0 0 1 standing 
3 490 404 533 478 49185 0 0 0 standing 
3 492 402 533 477 49186 0 0 1 standing 
3 494 401 534 476 49187 0 0 1 standing 
3 497 400 535 475 49188 0 0 0 standing 
3 496 399 535 475 49189 0 0 1 standing 
3 496 399 535 475 49190 0 0 1 standing 
3 496 398 535 475 49191 0 0 1 standing 
3 496 398 536 476 49192 0 0 1 standing 
3 496 397 536 476 49193 0 0 1 standing 
3 496 397 536 476 49194 0 0 1 standing 
3 496 397 537 477 49195 0 0 0 standing 
3 495 397 535 476 49196 0 0 1 standing 
3 494 397 534 476 49197 0 0 1 standing 
3 493 397 533 476 49198 0 0 1 standing 
3 492 398 532 476 49199 0 0 1 standing 
3 491 398 531 476 49200 0 0 1 standing 
3 490 398 529 475 49201 0 0 1 standing 
3 489 399 528 475 49202 0 0 1 standing 
3 488 399 527 475 49203 0 0 1 standing 
3 487 399 526 475 49204 0 0 1 standing 
4 390 487 430 584 49185 0 0 0 standing 
4 392 488 434 583 49186 0 0 1 waiting 
4 394 489 439 582 49187 0 0 1 waiting 
4 396 490 444 581 49188 0 0 1 waiting 
4 398 492 449 581 49189 0 0 1 waiting 
4 400 493 454 580 49190 0 0 1 waiting 
4 402 494 459 579 49191 0 0 1 waiting 
4 405 496 464 579 49192 0 0 0 waiting 
4 406 496 468 580 49193 0 0 1 waiting 
4 408 496 472 581 49194 0 0 1 waiting 
4 410 496 476 582 49195 0 0 0 waiting 
4 410 494 474 581 49196 0 0 1 waiting 
4 411 493 472 581 49197 0 0 1 waiting 
4 411 492 471 580 49198 0 0 1 waiting 
4 412 491 469 580 49199 0 0 1 waiting 
4 413 490 468 580 49200 0 0 0 waiting 
4 409 488 468 580 49201 0 0 1 waiting 
4 405 487 468 580 49202 0 0 1 waiting 
4 401 486 469 580 49203 0 0 0 waiting 
4 400 485 467 580 49204 0 0 1 waiting 
5 359 455 405 546 49185 0 0 0 waiting 
5 362 455 406 547 49186 0 0 1 standing 
5 365 455 408 548 49187 0 0 1 standing 
5 368 455 410 549 49188 0 0 1 standing 
5 371 455 412 550 49189 0 0 1 standing 
5 374 456 414 552 49190 0 0 0 standing 
5 377 454 420 551 49191 0 0 1 standing 
5 381 452 426 550 49192 0 0 1 standing 
5 384 450 432 550 49193 0 0 1 standing 
5 388 448 438 549 49194 0 0 1 standing 
5 392 446 444 549 49195 0 0 0 standing 
5 395 444 446 546 49196 0 0 1 standing 
5 398 442 448 543 49197 0 0 1 standing 
5 402 440 450 541 49198 0 0 1 standing 
5 405 438 452 538 49199 0 0 1 standing 
5 409 437 455 536 49200 0 0 0 standing 
5 413 437 458 536 49201 0 0 1 standing 
5 417 437 461 536 49202 0 0 1 standing 
5 421 438 464 536 49203 0 0 0 standing 
5 420 438 464 536 49204 0 0 1 standing 
6 828 472 883 570 49185 1 0 1 standing 
6 828 472 883 570 49186 1 0 1 standing 
6 828 472 884 570 49187 1 0 1 standing 
6 828 472 884 570 49188 1 0 1 standing 
6 828 472 885 570 49189 0 0 0 standing 
6 835 470 888 570 49190 0 0 1 standing 
6 843 469 891 571 49191 0 0 1 standing 
6 850 467 894 571 49192 0 0 1 standing 
6 858 466 897 572 49193 0 0 1 standing 
6 865 464 900 572 49194 0 0 1 standing 
6 873 463 904 573 49195 0 0 0 standing 
6 875 464 910 572 49196 0 0 1 standing 
6 877 465 917 571 49197 0 0 1 standing 
6 879 466 924 570 49198 0 0 1 standing 
6 882 467 930 569 49199 0 0 1 standing 
6 884 468 937 568 49200 0 0 1 standing 
6 886 469 944 567 49201 0 0 1 standing 
6 889 470 951 567 49202 0 0 0 standing 
6 891 471 952 568 49203 0 0 1 standing 
6 893 473 953 569 49204 0 0 1 standing 
7 845 389 884 469 49185 0 0 0 standing 
7 845 388 884 469 49186 0 0 1 standing 
7 845 387 884 469 49187 0 0 1 standing 
7 845 386 884 469 49188 0 0 1 standing 
7 845 385 884 469 49189 0 0 1 standing 
7 845 385 884 469 49190 0 0 1 standing 
7 845 384 884 469 49191 0 0 1 standing 
7 845 383 884 469 49192 0 0 1 standing 
7 845 382 884 469 49193 0 0 1 standing 
7 845 381 884 469 49194 0 0 1 standing 
7 846 381 885 470 49195 0 0 0 standing 
7 845 381 885 470 49196 0 0 1 standing 
7 845 381 885 470 49197 0 0 1 standing 
7 844 381 886 470 49198 0 0 1 standing 
7 844 381 886 470 49199 0 0 1 standing 
7 843 381 887 470 49200 0 0 1 standing 
7 843 381 887 470 49201 0 0 1 standing 
7 843 382 888 471 49202 0 0 0 standing 
7 842 383 888 471 49203 0 0 1 standing 
7 842 384 888 472 49204 0 0 1 standing 
8 761 402 805 480 49185 1 0 1 standing 
8 761 402 804 480 49186 1 0 1 moving 
8 761 402 802 480 49187 1 0 1 moving 
8 761 402 800 480 49188 1 0 1 moving 
8 761 402 799 481 49189 0 0 0 moving 
8 756 401 795 480 49190 0 0 1 moving 
8 751 401 791 479 49191 0 0 1 moving 
8 747 401 787 479 49192 0 0 1 moving 
8 742 401 783 478 49193 0 0 1 moving 
8 738 401 780 478 49194 0 0 0 moving 
8 738 401 781 478 49195 0 0 1 moving 
8 738 401 782 478 49196 0 0 1 moving 
8 738 401 783 478 49197 0 0 1 moving 
8 738 401 784 479 49198 0 0 1 moving 
8 738 401 785 479 49199 0 0 1 moving 
8 738 401 786 479 49200 0 0 1 moving 
8 738 401 787 479 49201 0 0 1 moving 
8 738 401 789 480 49202 0 0 0 moving 
8 738 402 791 480 49203 0 0 1 moving 
8 738 403 793 481 49204 0 0 1 moving 
9 721 346 760 434 49185 0 0 0 moving 
9 720 349 759 435 49186 0 0 1 standing 
9 719 353 758 437 49187 0 0 1 standing 
9 718 356 757 438 49188 0 0 1 standing 
9 718 360 757 440 49189 0 0 0 standing 
9 718 361 756 440 49190 0 0 1 standing 
9 719 362 755 440 49191 0 0 1 standing 
9 720 364 755 441 49192 0 0 0 standing 
9 719 363 752 439 49193 0 0 1 standing 
9 718 363 750 438 49194 0 0 1 standing 
9 718 363 748 437 49195 0 0 0 standing 
9 717 363 748 437 49196 0 0 1 standing 
9 717 363 748 438 49197 0 0 1 standing 
9 717 363 748 438 49198 0 0 1 standing 
9 717 364 749 439 49199 0 0 1 standing 
9 717 364 749 439 49200 0 0 1 standing 
9 717 364 749 440 49201 0 0 1 standing 
9 717 365 750 441 49202 0 0 0 standing 
9 717 367 748 443 49203 0 0 1 standing 
9 717 369 746 445 49204 0 0 1 standing 
10 722 453 753 561 49185 0 0 0 standing 
10 721 453 753 561 49186 0 0 1 standing 
10 721 453 753 561 49187 0 0 1 standing 
10 720 453 753 561 49188 0 0 1 standing 
10 720 453 753 561 49189 0 0 1 standing 
10 719 453 753 561 49190 0 0 1 standing 
10 719 453 753 561 49191 0 0 1 standing 
10 719 453 753 561 49192 0 0 1 standing 
10 718 453 753 561 49193 0 0 1 standing 
10 718 453 753 561 49194 0 0 1 standing 
10 717 453 753 561 49195 0 0 1 standing 
10 717 453 753 561 49196 0 0 1 standing 
10 717 453 754 562 49197 0 0 0 standing 
10 716 453 752 562 49198 0 0 1 standing 
10 716 453 751 562 49199 0 0 1 standing 
10 716 453 750 562 49200 0 0 1 standing 
10 716 454 749 562 49201 0 0 1 standing 
10 715 454 747 562 49202 0 0 1 standing 
10 715 454 746 562 49203 0 0 1 standing 
10 715 454 745 562 49204 0 0 1 standing 
11 699 430 768 514 49185 0 0 0 standing 
11 698 429 766 513 49186 0 0 1 standing 
11 698 428 765 513 49187 0 0 1 standing 
11 698 428 764 513 49188 0 0 1 standing 
11 698 427 763 513 49189 0 0 1 standing 
11 698 426 762 513 49190 0 0 1 standing 
11 698 426 761 513 49191 0 0 1 standing 
11 697 425 760 512 49192 0 0 1 standing 
11 697 424 759 512 49193 0 0 1 standing 
11 697 424 758 512 49194 0 0 1 standing 
11 697 423 757 512 49195 0 0 1 standing 
11 697 422 756 512 49196 0 0 1 standing 
11 697 422 755 512 49197 0 0 0 standing 
11 697 422 754 513 49198 0 0 1 standing 
11 697 423 753 514 49199 0 0 1 standing 
11 698 423 752 516 49200 0 0 1 standing 
11 698 424 751 517 49201 0 0 1 standing 
11 698 425 750 518 49202 0 0 1 standing 
11 699 425 749 520 49203 0 0 1 standing 
11 699 426 748 521 49204 0 0 1 standing 
