0 959 461 1022 571 76140 0 1 0 digging 
0 951 459 1014 569 76141 0 1 1 digging 
0 943 457 1007 567 76142 0 1 1 digging 
0 936 455 1000 565 76143 0 1 1 digging 
0 928 454 992 563 76144 0 1 1 digging 
0 921 452 985 562 76145 0 1 1 digging 
0 913 450 978 560 76146 0 1 1 digging 
0 905 449 970 558 76147 0 1 1 digging 
0 898 447 963 556 76148 0 1 1 digging 
0 890 445 956 554 76149 0 1 1 digging 
0 883 444 949 553 76150 0 1 0 digging 
0 877 442 945 551 76151 0 1 1 digging 
0 872 441 941 550 76152 0 1 1 digging 
0 867 440 937 549 76153 0 1 1 digging 
0 862 439 933 548 76154 0 1 1 digging 
0 857 438 929 547 76155 0 1 0 digging 
0 856 438 930 546 76156 0 1 1 digging 
0 856 438 931 546 76157 0 1 1 digging 
0 856 438 932 546 76158 0 1 1 digging 
0 856 438 933 546 76159 0 1 1 digging 
1 954 495 1004 625 76140 0 0 0 digging 
1 946 493 996 625 76141 0 0 1 standing 
1 938 491 989 625 76142 0 0 1 standing 
1 930 490 981 626 76143 0 0 1 standing 
1 922 488 974 626 76144 0 0 1 standing 
1 914 487 966 626 76145 0 0 1 standing 
1 906 485 959 627 76146 0 0 1 standing 
1 898 483 951 627 76147 0 0 1 standing 
1 890 482 944 627 76148 0 0 1 standing 
1 882 480 936 628 76149 0 0 1 standing 
1 874 479 929 628 76150 0 0 1 standing 
1 866 477 921 628 76151 0 0 1 standing 
1 858 476 914 629 76152 0 0 0 standing 
1 854 479 912 633 76153 0 0 1 standing 
1 851 482 910 638 76154 0 0 1 standing 
1 847 486 908 642 76155 0 0 1 standing 
1 844 489 906 647 76156 0 0 1 standing 
1 840 492 904 652 76157 0 0 1 standing 
1 837 496 902 656 76158 0 0 1 standing 
1 833 499 900 661 76159 0 0 1 standing 
2 974 452 1039 547 76140 0 0 0 standing 
2 970 448 1034 545 76141 0 0 1 digging 
2 967 445 1030 543 76142 0 0 1 digging 
2 963 442 1026 541 76143 0 0 1 digging 
2 960 439 1021 539 76144 0 0 1 digging 
2 956 435 1017 537 76145 0 0 1 digging 
2 953 432 1013 535 76146 0 0 1 digging 
2 950 429 1008 533 76147 0 0 1 digging 
2 946 426 1004 531 76148 0 0 1 digging 
2 943 422 1000 529 76149 0 0 1 digging 
2 939 419 995 527 76150 0 0 1 digging 
2 936 416 991 525 76151 0 0 1 digging 
2 933 413 987 523 76152 0 0 0 digging 
2 932 414 989 523 76153 0 0 1 digging 
2 932 416 992 524 76154 0 0 1 digging 
2 931 417 995 524 76155 0 0 1 digging 
2 931 419 998 525 76156 0 0 1 digging 
2 931 420 1001 525 76157 0 0 1 digging 
2 930 422 1004 526 76158 0 0 1 digging 
2 930 423 1007 526 76159 0 0 1 digging 
3 744 484 803 611 76140 0 0 0 digging 
3 738 479 798 607 76141 0 0 1 standing 
3 733 475 794 603 76142 0 0 1 standing 
3 727 471 789 599 76143 0 0 1 standing 
3 722 467 785 595 76144 0 0 1 standing 
3 716 463 780 591 76145 0 0 1 standing 
3 711 459 776 587 76146 0 0 1 standing 
3 706 455 772 583 76147 0 0 1 standing 
3 700 451 767 579 76148 0 0 1 standing 
3 695 447 763 575 76149 0 0 1 standing 
3 689 443 758 571 76150 0 0 1 standing 
3 684 439 754 567 76151 0 0 1 standing 
3 679 435 750 563 76152 0 0 0 standing 
3 678 437 750 563 76153 0 0 1 standing 
3 678 439 750 563 76154 0 0 1 standing 
3 677 441 750 564 76155 0 0 1 standing 
3 677 443 750 564 76156 0 0 1 standing 
3 676 445 750 564 76157 0 0 1 standing 
3 676 447 750 565 76158 0 0 1 standing 
3 675 449 750 565 76159 0 0 1 standing 
4 806 381 841 469 76140 0 0 0 standing 
4 797 377 833 466 76141 0 0 1 standing 
4 788 373 825 464 76142 0 0 1 standing 
4 780 369 817 461 76143 0 0 1 standing 
4 771 365 809 459 76144 0 0 1 standing 
4 762 361 801 456 76145 0 0 1 standing 
4 754 357 793 454 76146 0 0 1 standing 
4 745 353 785 451 76147 0 0 1 standing 
4 736 349 777 449 76148 0 0 1 standing 
4 728 345 769 446 76149 0 0 1 standing 
4 719 341 761 444 76150 0 0 1 standing 
4 710 337 753 441 76151 0 0 1 standing 
4 702 333 745 439 76152 0 0 0 standing 
4 698 333 741 439 76153 0 0 1 standing 
4 695 334 737 439 76154 0 0 1 standing 
4 691 335 734 439 76155 0 0 1 standing 
4 688 336 730 439 76156 0 0 1 standing 
4 684 337 726 439 76157 0 0 1 standing 
4 681 338 723 439 76158 0 0 1 standing 
4 677 339 719 439 76159 0 0 1 standing 
5 620 440 667 541 76140 0 0 0 standing 
5 610 437 658 539 76141 0 0 1 standing 
5 600 435 650 537 76142 0 0 1 standing 
5 590 433 642 535 76143 0 0 1 standing 
5 580 431 633 533 76144 0 0 1 standing 
5 570 428 625 531 76145 0 0 1 standing 
5 561 426 617 529 76146 0 0 1 standing 
5 551 424 608 527 76147 0 0 1 standing 
5 541 422 600 525 76148 0 0 1 standing 
5 531 419 592 523 76149 0 0 1 standing 
5 521 417 583 521 76150 0 0 1 standing 
5 511 415 575 519 76151 0 0 1 standing 
5 502 413 567 518 76152 0 0 0 standing 
5 498 413 562 518 76153 0 0 1 standing 
5 495 413 558 518 76154 0 0 1 standing 
5 492 413 553 518 76155 0 0 1 standing 
5 489 413 549 518 76156 0 0 1 standing 
5 486 413 544 518 76157 0 0 1 standing 
5 483 413 540 518 76158 0 0 1 standing 
5 480 413 535 518 76159 0 0 1 standing 
6 524 478 571 605 76140 0 0 0 standing 
6 513 475 560 602 76141 0 0 1 standing 
6 503 472 549 600 76142 0 0 1 standing 
6 493 470 538 597 76143 0 0 1 standing 
6 483 467 528 595 76144 0 0 1 standing 
6 473 464 517 592 76145 0 0 1 standing 
6 463 462 506 590 76146 0 0 1 standing 
6 452 459 495 587 76147 0 0 1 standing 
6 442 456 485 585 76148 0 0 1 standing 
6 432 454 474 582 76149 0 0 1 standing 
6 422 451 463 580 76150 0 0 1 standing 
6 412 448 452 577 76151 0 0 1 standing 
6 402 446 442 575 76152 0 0 0 standing 
6 398 445 438 575 76153 0 0 1 standing 
6 394 445 435 575 76154 0 0 1 standing 
6 390 445 431 575 76155 0 0 1 standing 
6 386 445 428 576 76156 0 0 1 standing 
6 382 444 424 576 76157 0 0 1 standing 
6 378 444 421 576 76158 0 0 1 standing 
6 374 444 417 576 76159 0 0 1 standing 
7 533 416 576 533 76140 0 0 0 standing 
7 523 414 566 532 76141 0 0 1 standing 
7 513 412 556 532 76142 0 0 1 standing 
7 503 411 546 532 76143 0 0 1 standing 
7 493 409 536 532 76144 0 0 1 standing 
7 483 408 526 532 76145 0 0 1 standing 
7 474 406 516 532 76146 0 0 1 standing 
7 464 404 506 531 76147 0 0 1 standing 
7 454 403 496 531 76148 0 0 1 standing 
7 444 401 486 531 76149 0 0 1 standing 
7 434 400 476 531 76150 0 0 1 standing 
7 424 398 466 531 76151 0 0 1 standing 
7 415 397 457 531 76152 0 0 0 standing 
7 410 397 452 530 76153 0 0 1 standing 
7 406 397 448 530 76154 0 0 1 standing 
7 401 397 444 530 76155 0 0 1 standing 
7 397 397 440 530 76156 0 0 1 standing 
7 393 397 436 530 76157 0 0 1 standing 
7 388 397 432 530 76158 0 0 1 standing 
7 384 397 428 530 76159 0 0 1 standing 
8 476 473 519 593 76140 0 0 0 standing 
8 465 472 508 593 76141 0 0 1 standing 
8 455 471 498 593 76142 0 0 1 standing 
8 444 470 488 593 76143 0 0 1 standing 
8 434 469 477 594 76144 0 0 1 standing 
8 423 468 467 594 76145 0 0 1 standing 
8 413 468 457 594 76146 0 0 1 standing 
8 403 467 446 594 76147 0 0 1 standing 
8 392 466 436 595 76148 0 0 1 standing 
8 382 465 426 595 76149 0 0 1 standing 
8 371 464 415 595 76150 0 0 1 standing 
8 361 463 405 595 76151 0 0 1 standing 
8 351 463 395 596 76152 0 0 0 standing 
8 347 464 392 597 76153 0 0 1 standing 
8 343 465 389 599 76154 0 0 1 standing 
8 340 466 387 600 76155 0 0 1 standing 
8 336 467 384 602 76156 0 0 1 standing 
8 332 468 381 603 76157 0 0 1 standing 
8 329 469 379 605 76158 0 0 1 standing 
8 325 470 376 606 76159 0 0 1 standing 
9 387 436 438 534 76140 0 0 0 standing 
9 374 434 425 532 76141 0 0 1 standing 
9 361 432 413 530 76142 0 0 1 standing 
9 349 430 400 528 76143 0 0 1 standing 
9 336 428 388 526 76144 0 0 1 standing 
9 323 426 375 524 76145 0 0 1 standing 
9 311 424 363 522 76146 0 0 1 standing 
9 298 422 350 520 76147 0 0 1 standing 
9 285 420 338 518 76148 0 0 1 standing 
9 273 418 325 516 76149 0 0 1 standing 
9 260 416 313 514 76150 0 0 1 standing 
9 247 414 300 512 76151 0 0 1 standing 
9 235 412 288 511 76152 0 0 0 standing 
9 228 411 282 511 76153 0 0 1 standing 
9 221 411 276 511 76154 0 0 1 standing 
9 214 411 270 511 76155 0 0 1 standing 
9 208 411 264 512 76156 0 0 1 standing 
9 201 410 258 512 76157 0 0 1 standing 
9 194 410 252 512 76158 0 0 1 standing 
9 187 410 246 512 76159 0 0 1 standing 
10 308 454 343 592 76140 0 0 0 standing 
10 294 453 330 591 76141 0 0 1 standing 
10 281 452 318 591 76142 0 0 1 standing 
10 268 451 305 591 76143 0 0 1 standing 
10 255 450 293 591 76144 0 0 1 standing 
10 241 449 280 590 76145 0 0 1 standing 
10 228 448 268 590 76146 0 0 1 standing 
10 215 447 256 590 76147 0 0 1 standing 
10 202 446 243 590 76148 0 0 1 standing 
10 188 445 231 589 76149 0 0 1 standing 
10 175 444 218 589 76150 0 0 1 standing 
10 162 443 206 589 76151 0 0 1 standing 
10 149 442 194 589 76152 0 0 0 standing 
10 138 442 185 590 76153 0 0 1 standing 
10 128 443 177 591 76154 0 0 1 standing 
10 117 443 168 592 76155 0 0 1 standing 
10 107 444 160 594 76156 0 0 1 standing 
10 96 445 151 595 76157 0 0 1 standing 
10 86 445 143 596 76158 0 0 1 standing 
10 75 446 134 597 76159 0 0 1 standing 
11 71 453 123 561 76140 1 0 0 standing 
11 71 453 123 561 76141 1 0 1 standing 
11 71 453 123 561 76142 1 0 1 standing 
11 71 453 123 561 76143 1 0 1 standing 
11 71 453 123 561 76144 1 0 1 standing 
11 71 453 123 561 76145 1 0 1 standing 
11 71 453 123 561 76146 1 0 1 standing 
11 71 453 123 561 76147 1 0 1 standing 
11 71 453 123 561 76148 1 0 1 standing 
11 71 453 123 561 76149 1 0 1 standing 
11 71 453 123 561 76150 1 0 0 standing 
11 71 453 123 561 76151 1 0 1 standing 
11 71 453 123 561 76152 1 0 1 standing 
11 71 453 123 561 76153 1 0 1 standing 
11 71 453 123 561 76154 1 0 1 standing 
11 71 453 123 561 76155 1 0 1 standing 
11 71 453 123 561 76156 1 0 1 standing 
11 71 453 123 561 76157 1 0 1 standing 
11 71 453 123 561 76158 1 0 1 standing 
11 71 453 123 561 76159 1 0 1 standing 
