0 21 522 80 667 21915 0 0 0 standing 
0 24 517 83 663 21916 0 0 1 standing 
0 27 512 86 660 21917 0 0 1 standing 
0 31 508 89 657 21918 0 0 0 standing 
0 39 506 98 655 21919 0 0 1 standing 
0 48 505 107 653 21920 0 0 1 standing 
0 57 504 116 651 21921 0 0 1 standing 
0 66 503 125 650 21922 0 0 0 standing 
0 75 502 134 649 21923 0 0 1 standing 
0 85 502 144 648 21924 0 0 1 standing 
0 94 501 153 647 21925 0 0 1 standing 
0 104 501 163 646 21926 0 0 1 standing 
0 114 501 173 645 21927 0 0 0 standing 
0 128 498 186 641 21928 0 0 1 standing 
0 142 495 200 637 21929 0 0 1 standing 
0 156 492 214 633 21930 0 0 1 standing 
0 170 489 228 629 21931 0 0 1 standing 
0 184 486 242 625 21932 0 0 1 standing 
0 198 483 256 621 21933 0 0 1 standing 
0 212 480 270 617 21934 0 0 1 standing 
1 143 419 193 531 21915 0 0 0 standing 
1 149 418 199 530 21916 0 0 1 standing 
1 155 417 205 529 21917 0 0 1 standing 
1 162 417 212 529 21918 0 0 1 standing 
1 168 416 218 528 21919 0 0 1 standing 
1 175 416 225 528 21920 0 0 1 standing 
1 181 415 231 527 21921 0 0 1 standing 
1 188 415 238 527 21922 0 0 0 standing 
1 193 414 243 526 21923 0 0 1 standing 
1 198 413 248 525 21924 0 0 1 standing 
1 204 412 254 524 21925 0 0 0 standing 
1 209 411 258 523 21926 0 0 1 standing 
1 215 410 263 523 21927 0 0 1 standing 
1 220 410 268 522 21928 0 0 1 standing 
1 226 409 272 522 21929 0 0 1 standing 
1 232 409 277 522 21930 0 0 1 standing 
1 237 408 282 521 21931 0 0 1 standing 
1 243 407 286 521 21932 0 0 1 standing 
1 248 407 291 520 21933 0 0 1 standing 
1 254 406 296 520 21934 0 0 1 standing 
2 273 423 320 525 21915 0 1 0 standing 
2 277 422 324 524 21916 0 1 1 digging 
2 281 422 328 524 21917 0 1 1 digging 
2 285 422 332 524 21918 0 1 1 digging 
2 289 422 336 524 21919 0 1 1 digging 
2 293 422 340 524 21920 0 1 1 digging 
2 297 422 344 524 21921 0 1 1 digging 
2 301 422 348 524 21922 0 1 1 digging 
2 306 422 353 524 21923 0 1 0 digging 
2 313 422 360 522 21924 0 1 1 digging 
2 320 422 367 520 21925 0 1 1 digging 
2 327 422 374 518 21926 0 1 1 digging 
2 334 422 381 516 21927 0 1 1 digging 
2 341 422 388 514 21928 0 1 1 digging 
2 348 422 395 512 21929 0 1 1 digging 
2 356 423 403 511 21930 0 1 0 digging 
2 362 424 409 509 21931 0 1 1 digging 
2 369 425 415 507 21932 0 1 1 digging 
2 375 426 422 505 21933 0 1 1 digging 
2 382 427 428 503 21934 0 1 1 digging 
3 353 367 407 489 21915 0 0 0 digging 
3 360 373 409 492 21916 0 0 1 standing 
3 367 379 412 496 21917 0 0 1 standing 
3 374 385 415 500 21918 0 0 1 standing 
3 381 391 418 504 21919 0 0 0 standing 
3 385 393 425 507 21920 0 0 1 standing 
3 390 395 433 511 21921 0 0 1 standing 
3 395 397 440 514 21922 0 0 1 standing 
3 400 399 448 518 21923 0 0 0 standing 
3 404 399 452 517 21924 0 0 1 standing 
3 408 399 457 516 21925 0 0 1 standing 
3 413 399 462 515 21926 0 0 1 standing 
3 417 399 467 515 21927 0 0 1 standing 
3 421 399 472 514 21928 0 0 1 standing 
3 426 399 477 513 21929 0 0 1 standing 
3 430 399 482 512 21930 0 0 1 standing 
3 435 399 487 512 21931 0 0 0 standing 
3 438 399 490 511 21932 0 0 1 standing 
3 442 399 494 511 21933 0 0 1 standing 
3 445 400 498 511 21934 0 0 1 standing 
4 421 354 460 480 21915 0 0 0 standing 
4 421 360 458 485 21916 0 0 1 standing 
4 422 366 457 490 21917 0 0 1 standing 
4 423 372 456 495 21918 0 0 0 standing 
4 427 375 460 495 21919 0 0 1 standing 
4 431 378 464 495 21920 0 0 1 standing 
4 435 381 468 495 21921 0 0 1 standing 
4 440 384 472 495 21922 0 0 0 standing 
4 444 381 476 495 21923 0 0 1 standing 
4 448 378 481 495 21924 0 0 1 standing 
4 453 376 486 495 21925 0 0 0 standing 
4 459 374 493 494 21926 0 0 1 standing 
4 466 373 500 493 21927 0 0 1 standing 
4 473 372 508 492 21928 0 0 1 standing 
4 480 371 515 491 21929 0 0 1 standing 
4 487 369 522 490 21930 0 0 1 standing 
4 494 368 530 489 21931 0 0 1 standing 
4 501 367 537 488 21932 0 0 1 standing 
4 508 366 545 488 21933 0 0 0 standing 
4 512 365 549 487 21934 0 0 1 standing 
5 653 379 694 495 21915 0 0 0 standing 
5 650 379 691 495 21916 0 0 1 standing 
5 647 380 688 496 21917 0 0 1 standing 
5 644 381 685 497 21918 0 0 0 standing 
5 644 379 685 495 21919 0 0 1 standing 
5 644 377 685 493 21920 0 0 1 standing 
5 644 375 685 491 21921 0 0 1 standing 
5 644 374 685 490 21922 0 0 0 standing 
5 647 374 688 490 21923 0 0 1 standing 
5 650 374 691 490 21924 0 0 1 standing 
5 653 374 694 490 21925 0 0 0 standing 
5 657 373 698 489 21926 0 0 1 standing 
5 662 373 703 489 21927 0 0 1 standing 
5 667 373 708 489 21928 0 0 1 standing 
5 671 373 712 489 21929 0 0 1 standing 
5 676 373 717 489 21930 0 0 1 standing 
5 681 372 722 488 21931 0 0 1 standing 
5 685 372 726 488 21932 0 0 1 standing 
5 690 372 731 488 21933 0 0 1 standing 
5 695 372 736 488 21934 0 0 1 standing 
6 742 481 800 606 21915 0 0 0 standing 
6 743 477 799 605 21916 0 0 1 standing 
6 744 473 799 605 21917 0 0 1 standing 
6 745 469 798 605 21918 0 0 1 standing 
6 746 466 798 605 21919 0 0 0 standing 
6 749 464 800 603 21920 0 0 1 standing 
6 753 463 803 602 21921 0 0 1 standing 
6 756 462 806 601 21922 0 0 1 standing 
6 760 460 809 600 21923 0 0 1 standing 
6 763 459 812 599 21924 0 0 1 standing 
6 767 458 815 598 21925 0 0 0 standing 
6 771 456 817 597 21926 0 0 1 standing 
6 775 454 820 597 21927 0 0 1 standing 
6 780 453 823 597 21928 0 0 1 standing 
6 784 451 826 596 21929 0 0 1 standing 
6 788 450 829 596 21930 0 0 1 standing 
6 793 448 832 596 21931 0 0 1 standing 
6 797 447 835 595 21932 0 0 1 standing 
6 801 445 838 595 21933 0 0 1 standing 
6 806 444 841 595 21934 0 0 0 standing 
7 937 428 983 541 21915 0 0 0 standing 
7 940 423 986 537 21916 0 0 1 standing 
7 943 419 989 534 21917 0 0 1 standing 
7 946 415 992 531 21918 0 0 1 standing 
7 949 411 995 528 21919 0 0 1 standing 
7 953 407 998 525 21920 0 0 1 standing 
7 956 403 1001 522 21921 0 0 1 standing 
7 959 399 1004 519 21922 0 0 1 standing 
7 962 395 1007 516 21923 0 0 1 standing 
7 966 391 1011 513 21924 0 0 0 standing 
7 969 392 1014 512 21925 0 0 1 standing 
7 972 393 1017 512 21926 0 0 1 standing 
7 975 394 1021 511 21927 0 0 1 standing 
7 979 395 1024 511 21928 0 0 1 standing 
7 982 396 1027 511 21929 0 0 1 standing 
7 985 397 1031 510 21930 0 0 1 standing 
7 988 398 1034 510 21931 0 0 1 standing 
7 992 400 1038 510 21932 0 0 0 standing 
7 992 398 1038 507 21933 0 0 1 standing 
7 993 397 1039 504 21934 0 0 1 standing 
8 257 453 320 580 21915 0 0 0 standing 
8 255 451 317 578 21916 0 0 1 standing 
8 253 449 314 576 21917 0 0 1 standing 
8 251 447 311 574 21918 0 0 1 standing 
8 250 445 308 572 21919 0 0 0 standing 
8 251 442 307 569 21920 0 0 1 standing 
8 252 439 306 566 21921 0 0 1 standing 
8 253 436 305 563 21922 0 0 1 standing 
8 254 434 304 560 21923 0 0 0 standing 
8 256 434 306 560 21924 0 0 1 standing 
8 258 435 308 561 21925 0 0 1 standing 
8 261 436 311 562 21926 0 0 1 standing 
8 263 436 313 562 21927 0 0 1 standing 
8 265 437 315 563 21928 0 0 1 standing 
8 268 438 318 564 21929 0 0 0 standing 
8 267 437 325 563 21930 0 0 1 standing 
8 267 437 332 562 21931 0 0 1 standing 
8 266 436 339 561 21932 0 0 1 standing 
8 266 436 347 561 21933 0 0 0 standing 
8 265 436 342 561 21934 0 0 1 standing 
9 329 442 385 576 21915 0 0 0 standing 
9 330 441 385 577 21916 0 0 1 standing 
9 332 441 385 578 21917 0 0 1 standing 
9 333 441 385 579 21918 0 0 1 standing 
9 335 441 386 581 21919 0 0 0 standing 
9 340 437 390 578 21920 0 0 1 standing 
9 346 434 395 576 21921 0 0 1 standing 
9 352 431 399 574 21922 0 0 1 standing 
9 357 427 404 572 21923 0 0 1 standing 
9 363 424 408 570 21924 0 0 1 standing 
9 369 421 413 568 21925 0 0 0 standing 
9 374 420 418 565 21926 0 0 1 standing 
9 380 419 424 563 21927 0 0 1 standing 
9 386 418 430 561 21928 0 0 1 standing 
9 392 417 436 559 21929 0 0 0 standing 
9 397 416 440 557 21930 0 0 1 standing 
9 402 416 445 555 21931 0 0 1 standing 
9 407 416 450 554 21932 0 0 1 standing 
9 412 416 455 552 21933 0 0 1 standing 
9 417 416 460 550 21934 0 0 1 standing 
10 443 345 482 479 21915 0 0 0 standing 
10 445 349 484 482 21916 0 0 1 standing 
10 447 354 486 485 21917 0 0 1 standing 
10 449 359 488 489 21918 0 0 1 standing 
10 451 364 490 492 21919 0 0 1 standing 
10 453 369 492 496 21920 0 0 0 standing 
10 458 370 496 495 21921 0 0 1 standing 
10 463 371 501 495 21922 0 0 1 standing 
10 468 372 506 495 21923 0 0 1 standing 
10 473 373 511 495 21924 0 0 1 standing 
10 478 375 516 495 21925 0 0 0 standing 
10 484 375 522 494 21926 0 0 1 standing 
10 491 376 529 494 21927 0 0 1 standing 
10 497 377 535 494 21928 0 0 1 standing 
10 504 378 542 494 21929 0 0 0 standing 
10 509 380 547 495 21930 0 0 1 standing 
10 515 383 552 497 21931 0 0 1 standing 
10 520 385 557 498 21932 0 0 1 standing 
10 526 388 563 500 21933 0 0 0 standing 
10 530 388 567 500 21934 0 0 1 standing 
11 439 432 495 544 21915 0 0 0 standing 
11 443 431 499 543 21916 0 0 1 standing 
11 447 430 503 542 21917 0 0 1 standing 
11 451 429 507 541 21918 0 0 1 standing 
11 455 429 511 541 21919 0 0 1 standing 
11 459 428 515 540 21920 0 0 1 standing 
11 463 427 519 539 21921 0 0 1 standing 
11 467 427 523 539 21922 0 0 1 standing 
11 471 426 527 538 21923 0 0 1 standing 
11 475 425 531 537 21924 0 0 1 standing 
11 479 425 535 537 21925 0 0 0 standing 
11 485 424 540 538 21926 0 0 1 standing 
11 492 424 546 539 21927 0 0 1 standing 
11 498 424 551 540 21928 0 0 1 standing 
11 505 424 557 541 21929 0 0 1 standing 
11 512 424 562 542 21930 0 0 1 standing 
11 518 423 568 543 21931 0 0 1 standing 
11 525 423 573 544 21932 0 0 1 standing 
11 531 423 579 545 21933 0 0 1 standing 
11 538 423 584 546 21934 0 0 1 standing 
