0 885 405 920 492 14875 0 0 0 standing 
0 879 403 915 491 14876 0 0 1 standing 
0 874 401 910 491 14877 0 0 1 standing 
0 869 400 905 491 14878 0 0 0 standing 
0 862 397 898 488 14879 0 0 1 standing 
0 855 395 892 485 14880 0 0 1 standing 
0 849 393 886 482 14881 0 0 0 standing 
0 841 390 877 478 14882 0 0 1 standing 
0 833 387 868 474 14883 0 0 1 standing 
0 825 385 860 471 14884 0 0 0 standing 
0 816 384 850 470 14885 0 0 1 standing 
0 808 384 841 469 14886 0 0 1 standing 
0 800 384 832 469 14887 0 0 0 standing 
0 792 385 824 469 14888 0 0 1 standing 
0 784 386 816 469 14889 0 0 1 standing 
0 776 388 808 469 14890 0 0 0 standing 
0 770 388 802 469 14891 0 0 1 standing 
0 764 389 796 469 14892 0 0 1 standing 
0 758 389 790 469 14893 0 0 1 standing 
0 752 390 784 469 14894 0 0 1 standing 
1 744 383 788 455 14875 0 0 0 standing 
1 734 385 781 455 14876 0 0 1 waiting 
1 724 387 774 456 14877 0 0 1 waiting 
1 714 389 768 457 14878 0 0 0 waiting 
1 705 389 758 458 14879 0 0 1 waiting 
1 697 389 748 459 14880 0 0 1 waiting 
1 689 390 738 461 14881 0 0 0 waiting 
1 678 390 726 461 14882 0 0 1 waiting 
1 668 391 714 461 14883 0 0 1 waiting 
1 658 392 703 462 14884 0 0 0 waiting 
1 648 393 693 464 14885 0 0 1 waiting 
1 638 394 683 466 14886 0 0 1 waiting 
1 628 395 674 468 14887 0 0 1 waiting 
1 618 396 664 470 14888 0 0 1 waiting 
1 608 397 654 472 14889 0 0 1 waiting 
1 599 399 645 475 14890 0 0 0 waiting 
1 593 401 639 475 14891 0 0 1 waiting 
1 587 403 634 475 14892 0 0 1 waiting 
1 582 406 629 476 14893 0 0 1 waiting 
1 576 408 624 476 14894 0 0 1 waiting 
2 768 491 815 573 14875 0 0 0 waiting 
2 762 489 809 573 14876 0 0 1 digging 
2 756 487 803 573 14877 0 0 1 digging 
2 750 485 797 573 14878 0 0 0 digging 
2 746 481 791 570 14879 0 0 1 digging 
2 742 477 785 568 14880 0 0 1 digging 
2 738 474 779 566 14881 0 0 0 digging 
2 731 471 772 563 14882 0 0 1 digging 
2 724 468 766 560 14883 0 0 1 digging 
2 717 465 760 557 14884 0 0 1 digging 
2 710 462 754 554 14885 0 0 0 digging 
2 702 463 749 553 14886 0 0 1 digging 
2 695 465 744 552 14887 0 0 1 digging 
2 688 466 739 551 14888 0 0 1 digging 
2 681 468 734 550 14889 0 0 1 digging 
2 674 470 729 549 14890 0 0 0 digging 
2 668 471 724 548 14891 0 0 1 digging 
2 662 472 719 548 14892 0 0 1 digging 
2 656 473 714 548 14893 0 0 1 digging 
2 650 474 709 548 14894 0 0 1 digging 
3 581 472 656 569 14875 0 0 0 digging 
3 577 472 656 570 14876 0 0 1 standing 
3 574 472 656 571 14877 0 0 1 standing 
3 571 473 657 573 14878 0 0 0 standing 
3 570 472 648 573 14879 0 0 1 standing 
3 569 471 640 573 14880 0 0 1 standing 
3 569 470 632 573 14881 0 0 0 standing 
3 566 468 625 572 14882 0 0 1 standing 
3 563 466 618 572 14883 0 0 1 standing 
3 561 464 612 572 14884 0 0 0 standing 
3 554 462 605 569 14885 0 0 1 standing 
3 547 460 598 566 14886 0 0 1 standing 
3 540 459 592 563 14887 0 0 0 standing 
3 538 458 588 561 14888 0 0 1 standing 
3 537 457 584 559 14889 0 0 1 standing 
3 536 456 581 558 14890 0 0 0 standing 
3 530 456 577 557 14891 0 0 1 standing 
3 525 457 574 556 14892 0 0 1 standing 
3 519 457 570 555 14893 0 0 1 standing 
3 514 458 567 554 14894 0 0 1 standing 
4 460 342 508 435 14875 0 1 0 standing 
4 455 336 503 428 14876 0 1 1 spiking 
4 451 330 499 422 14877 0 1 1 spiking 
4 447 324 495 415 14878 0 1 1 spiking 
4 443 319 491 409 14879 0 1 0 spiking 
4 439 318 485 411 14880 0 1 1 spiking 
4 435 318 480 413 14881 0 1 1 spiking 
4 432 318 475 415 14882 0 1 1 spiking 
4 428 318 470 417 14883 0 1 1 spiking 
4 424 318 465 419 14884 0 1 1 spiking 
4 421 318 460 421 14885 0 1 0 spiking 
4 416 324 455 425 14886 0 1 1 spiking 
4 411 330 450 429 14887 0 1 1 spiking 
4 407 337 446 433 14888 0 1 1 spiking 
4 402 343 441 437 14889 0 1 1 spiking 
4 398 350 436 441 14890 0 1 1 spiking 
4 393 356 432 445 14891 0 1 1 spiking 
4 389 363 427 449 14892 0 1 1 spiking 
4 384 369 422 453 14893 0 1 1 spiking 
4 380 376 418 458 14894 0 1 0 spiking 
5 454 423 508 473 14875 0 0 0 spiking 
5 449 421 501 472 14876 0 0 1 falling 
5 445 420 494 471 14877 0 0 1 falling 
5 441 419 488 471 14878 0 0 0 falling 
5 433 417 484 472 14879 0 0 1 falling 
5 426 415 480 473 14880 0 0 1 falling 
5 419 414 476 474 14881 0 0 0 falling 
5 416 413 470 474 14882 0 0 1 falling 
5 413 412 465 474 14883 0 0 1 falling 
5 411 411 460 475 14884 0 0 1 falling 
5 408 410 455 475 14885 0 0 1 falling 
5 405 409 450 475 14886 0 0 1 falling 
5 403 408 445 476 14887 0 0 0 falling 
5 397 409 439 476 14888 0 0 1 falling 
5 391 410 433 477 14889 0 0 1 falling 
5 386 411 427 478 14890 0 0 0 falling 
5 380 412 423 479 14891 0 0 1 falling 
5 375 413 419 480 14892 0 0 1 falling 
5 370 415 416 481 14893 0 0 1 falling 
5 365 416 412 482 14894 0 0 1 falling 
6 461 471 511 581 14875 0 0 0 falling 
6 461 473 508 581 14876 0 0 1 moving 
6 461 475 505 582 14877 0 0 1 moving 
6 462 477 503 583 14878 0 0 0 moving 
6 458 479 500 584 14879 0 0 1 moving 
6 454 482 497 585 14880 0 0 1 moving 
6 450 485 494 587 14881 0 0 0 moving 
6 444 484 489 587 14882 0 0 1 moving 
6 438 483 484 587 14883 0 0 1 moving 
6 432 483 479 587 14884 0 0 0 moving 
6 428 481 472 585 14885 0 0 1 moving 
6 424 479 466 584 14886 0 0 1 moving 
6 420 478 460 583 14887 0 0 0 moving 
6 416 476 454 579 14888 0 0 1 moving 
6 412 475 448 575 14889 0 0 1 moving 
6 409 474 442 571 14890 0 0 0 moving 
6 405 472 440 569 14891 0 0 1 moving 
6 402 470 438 567 14892 0 0 1 moving 
6 399 468 436 566 14893 0 0 1 moving 
6 396 466 434 564 14894 0 0 1 moving 
7 576 375 601 456 14875 0 1 0 moving 
7 568 371 593 453 14876 0 1 1 blocking 
7 561 368 586 451 14877 0 1 1 blocking 
7 554 365 579 449 14878 0 1 1 blocking 
7 547 362 571 447 14879 0 1 1 blocking 
7 540 359 564 445 14880 0 1 1 blocking 
7 532 356 557 443 14881 0 1 1 blocking 
7 525 353 549 441 14882 0 1 1 blocking 
7 518 350 542 439 14883 0 1 1 blocking 
7 511 347 535 437 14884 0 1 1 blocking 
7 504 344 528 435 14885 0 1 0 blocking 
7 497 345 521 436 14886 0 1 1 blocking 
7 491 346 515 437 14887 0 1 1 blocking 
7 484 347 508 438 14888 0 1 1 blocking 
7 478 349 502 440 14889 0 1 1 blocking 
7 471 350 495 441 14890 0 1 1 blocking 
7 465 351 489 442 14891 0 1 1 blocking 
7 458 353 482 444 14892 0 1 1 blocking 
7 452 354 476 445 14893 0 1 1 blocking 
7 445 355 469 446 14894 0 1 1 blocking 
8 398 393 431 461 14875 0 0 0 blocking 
8 395 393 432 461 14876 0 0 1 standing 
8 392 394 433 461 14877 0 0 1 standing 
8 389 395 434 462 14878 0 0 0 standing 
8 384 394 427 461 14879 0 0 1 standing 
8 379 393 421 461 14880 0 0 1 standing 
8 375 393 415 461 14881 0 0 0 standing 
8 369 392 409 459 14882 0 0 1 standing 
8 363 391 403 458 14883 0 0 1 standing 
8 358 390 397 457 14884 0 0 0 standing 
8 352 388 390 457 14885 0 0 1 standing 
8 347 386 383 458 14886 0 0 1 standing 
8 342 384 376 459 14887 0 0 0 standing 
8 335 385 369 459 14888 0 0 1 standing 
8 328 386 362 459 14889 0 0 1 standing 
8 321 387 356 459 14890 0 0 0 standing 
8 317 388 351 460 14891 0 0 1 standing 
8 313 390 347 462 14892 0 0 1 standing 
8 309 392 342 463 14893 0 0 1 standing 
8 305 394 338 465 14894 0 0 1 standing 
9 578 386 616 466 14875 0 1 0 standing 
9 570 382 608 463 14876 0 1 1 blocking 
9 563 378 601 461 14877 0 1 1 blocking 
9 555 374 593 459 14878 0 1 1 blocking 
9 548 370 586 457 14879 0 1 1 blocking 
9 541 367 578 455 14880 0 1 1 blocking 
9 533 363 571 452 14881 0 1 1 blocking 
9 526 359 563 450 14882 0 1 1 blocking 
9 518 355 556 448 14883 0 1 1 blocking 
9 511 351 548 446 14884 0 1 1 blocking 
9 504 348 541 444 14885 0 1 0 blocking 
9 498 349 537 445 14886 0 1 1 blocking 
9 492 351 533 447 14887 0 1 1 blocking 
9 486 353 529 448 14888 0 1 1 blocking 
9 480 354 525 450 14889 0 1 1 blocking 
9 474 356 521 452 14890 0 1 1 blocking 
9 468 358 517 453 14891 0 1 1 blocking 
9 462 360 513 455 14892 0 1 1 blocking 
9 456 361 509 457 14893 0 1 1 blocking 
9 450 363 505 458 14894 0 1 1 blocking 
10 395 410 434 496 14875 0 0 0 blocking 
10 390 409 428 497 14876 0 0 1 standing 
10 385 409 422 498 14877 0 0 1 standing 
10 381 409 417 499 14878 0 0 0 standing 
10 376 409 413 500 14879 0 0 1 standing 
10 371 409 409 501 14880 0 0 1 standing 
10 367 410 406 502 14881 0 0 0 standing 
10 363 411 400 504 14882 0 0 1 standing 
10 359 412 394 506 14883 0 0 1 standing 
10 355 414 388 508 14884 0 0 0 standing 
10 342 413 379 507 14885 0 0 1 standing 
10 330 412 370 506 14886 0 0 1 standing 
10 318 412 361 505 14887 0 0 0 standing 
10 310 411 353 504 14888 0 0 1 standing 
10 303 410 346 504 14889 0 0 1 standing 
10 296 410 339 504 14890 0 0 0 standing 
10 290 411 333 505 14891 0 0 1 standing 
10 285 413 327 506 14892 0 0 1 standing 
10 279 415 321 508 14893 0 0 1 standing 
10 274 417 315 509 14894 0 0 1 standing 
11 377 460 415 558 14875 0 0 0 standing 
11 373 459 408 556 14876 0 0 1 standing 
11 369 458 402 554 14877 0 0 1 standing 
11 366 458 396 552 14878 0 0 0 standing 
11 361 457 391 550 14879 0 0 1 standing 
11 356 457 386 548 14880 0 0 1 standing 
11 352 457 382 546 14881 0 0 0 standing 
11 345 455 379 544 14882 0 0 1 standing 
11 338 453 376 542 14883 0 0 1 standing 
11 332 452 374 541 14884 0 0 0 standing 
11 325 451 369 540 14885 0 0 1 standing 
11 318 451 364 539 14886 0 0 1 standing 
11 311 451 360 538 14887 0 0 0 standing 
11 305 451 352 538 14888 0 0 1 standing 
11 299 452 344 539 14889 0 0 1 standing 
11 294 453 337 540 14890 0 0 0 standing 
11 288 453 332 540 14891 0 0 1 standing 
11 282 454 327 541 14892 0 0 1 standing 
11 277 454 322 541 14893 0 0 1 standing 
11 271 455 317 542 14894 0 0 1 standing 
