0 254 416 300 527 26385 0 0 0 waiting 
0 254 415 300 526 26386 0 0 1 waiting 
0 255 414 301 526 26387 0 0 1 waiting 
0 255 413 301 525 26388 0 0 1 waiting 
0 256 413 302 525 26389 0 0 0 waiting 
0 258 412 304 524 26390 0 0 1 waiting 
0 261 412 307 524 26391 0 0 1 waiting 
0 263 411 310 524 26392 0 0 1 waiting 
0 266 411 312 524 26393 0 0 1 waiting 
0 268 410 315 524 26394 0 0 1 waiting 
0 271 410 318 524 26395 0 0 0 waiting 
0 276 411 323 524 26396 0 0 1 waiting 
0 281 412 328 524 26397 0 0 1 waiting 
0 286 413 333 525 26398 0 0 1 waiting 
0 291 414 338 525 26399 0 0 1 waiting 
0 297 416 344 526 26400 0 0 0 waiting 
0 299 417 345 526 26401 0 0 1 waiting 
0 301 419 347 527 26402 0 0 1 waiting 
0 303 421 349 528 26403 0 0 1 waiting 
0 305 423 351 529 26404 0 0 0 waiting 
1 309 428 376 550 26385 1 0 1 waiting 
1 309 428 377 550 26386 1 0 1 moving 
1 309 428 379 550 26387 0 0 0 moving 
1 307 426 376 549 26388 0 0 1 moving 
1 305 424 373 548 26389 0 0 1 moving 
1 303 423 370 548 26390 0 0 1 moving 
1 301 421 367 547 26391 0 0 1 moving 
1 299 420 364 547 26392 0 0 1 moving 
1 297 418 361 546 26393 0 0 1 moving 
1 296 417 359 546 26394 0 0 0 moving 
1 294 418 353 547 26395 0 0 1 moving 
1 293 419 348 548 26396 0 0 1 moving 
1 291 420 342 550 26397 0 0 1 moving 
1 290 421 337 551 26398 0 0 1 moving 
1 289 423 332 553 26399 0 0 0 moving 
1 279 424 334 554 26400 0 0 1 moving 
1 270 425 336 555 26401 0 0 1 moving 
1 260 426 338 556 26402 0 0 1 moving 
1 251 428 341 557 26403 0 0 0 moving 
1 251 428 329 558 26404 0 0 1 moving 
2 467 386 509 490 26385 0 1 0 moving 
2 467 383 509 489 26386 0 1 1 digging 
2 468 381 510 488 26387 0 1 1 digging 
2 469 378 511 488 26388 0 1 1 digging 
2 470 376 512 487 26389 0 1 1 digging 
2 471 374 513 487 26390 0 1 0 digging 
2 472 372 514 486 26391 0 1 1 digging 
2 474 370 515 486 26392 0 1 1 digging 
2 475 368 516 485 26393 0 1 1 digging 
2 477 366 517 485 26394 0 1 1 digging 
2 479 364 519 485 26395 0 1 0 digging 
2 482 365 522 486 26396 0 1 1 digging 
2 485 367 525 487 26397 0 1 1 digging 
2 488 368 528 488 26398 0 1 1 digging 
2 491 370 531 489 26399 0 1 0 digging 
2 490 370 531 489 26400 0 1 1 digging 
2 489 370 532 489 26401 0 1 1 digging 
2 488 371 533 489 26402 0 1 1 digging 
2 487 371 534 489 26403 0 1 1 digging 
2 486 371 535 489 26404 0 1 1 digging 
3 529 388 576 507 26385 0 0 0 digging 
3 530 386 577 506 26386 0 0 1 standing 
3 531 384 578 505 26387 0 0 1 standing 
3 532 382 579 504 26388 0 0 1 standing 
3 533 380 580 504 26389 0 0 0 standing 
3 535 379 583 504 26390 0 0 1 standing 
3 538 378 586 504 26391 0 0 1 standing 
3 541 377 589 504 26392 0 0 1 standing 
3 544 376 592 504 26393 0 0 1 standing 
3 547 375 595 504 26394 0 0 0 standing 
3 552 374 599 503 26395 0 0 1 standing 
3 557 373 603 502 26396 0 0 1 standing 
3 562 373 607 502 26397 0 0 1 standing 
3 567 372 611 501 26398 0 0 1 standing 
3 572 372 615 501 26399 0 0 0 standing 
3 573 372 615 501 26400 0 0 1 standing 
3 574 372 615 501 26401 0 0 1 standing 
3 575 373 616 502 26402 0 0 1 standing 
3 576 373 616 502 26403 0 0 1 standing 
3 577 373 616 502 26404 0 0 1 standing 
4 599 363 635 470 26385 0 0 0 standing 
4 600 360 637 468 26386 0 0 1 standing 
4 602 357 639 467 26387 0 0 1 standing 
4 603 354 641 466 26388 0 0 1 standing 
4 605 351 643 465 26389 0 0 0 standing 
4 608 349 647 465 26390 0 0 1 standing 
4 611 348 651 465 26391 0 0 1 standing 
4 615 346 655 466 26392 0 0 1 standing 
4 618 345 659 466 26393 0 0 1 standing 
4 622 344 663 467 26394 0 0 0 standing 
4 626 343 667 466 26395 0 0 1 standing 
4 630 343 671 466 26396 0 0 1 standing 
4 634 343 675 466 26397 0 0 1 standing 
4 638 343 679 466 26398 0 0 1 standing 
4 642 343 683 466 26399 0 0 0 standing 
4 648 343 688 466 26400 0 0 1 standing 
4 654 343 694 466 26401 0 0 1 standing 
4 660 344 700 467 26402 0 0 0 standing 
4 661 343 701 466 26403 0 0 1 standing 
4 663 343 703 466 26404 0 0 1 standing 
5 649 433 700 544 26385 0 0 0 standing 
5 651 432 702 544 26386 0 0 1 standing 
5 654 431 704 544 26387 0 0 1 standing 
5 656 430 707 544 26388 0 0 1 standing 
5 659 429 709 545 26389 0 0 1 standing 
5 661 428 712 545 26390 0 0 1 standing 
5 664 427 714 545 26391 0 0 1 standing 
5 666 426 716 546 26392 0 0 1 standing 
5 669 425 719 546 26393 0 0 1 standing 
5 671 424 721 546 26394 0 0 1 standing 
5 674 423 724 547 26395 0 0 0 standing 
5 677 423 727 546 26396 0 0 1 standing 
5 681 423 731 546 26397 0 0 1 standing 
5 685 423 734 546 26398 0 0 1 standing 
5 689 423 738 546 26399 0 0 0 standing 
5 689 423 738 546 26400 0 0 1 standing 
5 689 424 738 546 26401 0 0 1 standing 
5 689 424 738 547 26402 0 0 1 standing 
5 689 425 738 547 26403 0 0 1 standing 
5 689 425 738 547 26404 0 0 1 standing 
6 821 373 871 491 26385 0 0 0 standing 
6 820 374 870 491 26386 0 0 1 waiting 
6 820 375 869 491 26387 0 0 1 waiting 
6 819 376 868 491 26388 0 0 1 waiting 
6 819 378 868 492 26389 0 0 0 waiting 
6 821 378 871 492 26390 0 0 1 waiting 
6 824 378 874 493 26391 0 0 1 waiting 
6 827 378 877 494 26392 0 0 1 waiting 
6 830 379 880 495 26393 0 0 0 waiting 
6 835 378 884 494 26394 0 0 1 waiting 
6 840 377 889 493 26395 0 0 1 waiting 
6 846 376 893 492 26396 0 0 1 waiting 
6 851 375 898 491 26397 0 0 1 waiting 
6 857 375 903 491 26398 0 0 0 waiting 
6 858 375 905 491 26399 0 0 1 waiting 
6 860 375 907 492 26400 0 0 1 waiting 
6 862 375 910 492 26401 0 0 1 waiting 
6 864 376 912 493 26402 0 0 1 waiting 
6 866 376 915 493 26403 0 0 1 waiting 
6 868 376 917 494 26404 0 0 1 waiting 
7 1041 418 1093 535 26385 0 0 0 waiting 
7 1041 417 1093 533 26386 0 0 1 waiting 
7 1041 416 1093 531 26387 0 0 1 waiting 
7 1041 415 1093 529 26388 0 0 1 waiting 
7 1042 414 1094 528 26389 0 0 0 waiting 
7 1044 414 1096 528 26390 0 0 1 waiting 
7 1047 415 1098 528 26391 0 0 1 waiting 
7 1049 416 1101 528 26392 0 0 1 waiting 
7 1052 417 1103 528 26393 0 0 1 waiting 
7 1054 418 1105 528 26394 0 0 1 waiting 
7 1057 419 1108 529 26395 0 0 0 waiting 
7 1060 421 1110 529 26396 0 0 1 waiting 
7 1063 423 1113 529 26397 0 0 1 waiting 
7 1066 425 1116 529 26398 0 0 1 waiting 
7 1069 428 1119 530 26399 0 0 0 waiting 
7 1068 428 1121 531 26400 0 0 1 waiting 
7 1068 428 1123 533 26401 0 0 1 waiting 
7 1067 428 1126 535 26402 0 0 1 waiting 
7 1067 428 1128 536 26403 0 0 1 waiting 
7 1066 428 1130 538 26404 0 0 1 waiting 
8 481 365 522 478 26385 0 0 0 waiting 
8 477 364 518 477 26386 0 0 1 moving 
8 474 363 515 476 26387 0 0 1 moving 
8 471 362 512 475 26388 0 0 1 moving 
8 468 362 509 475 26389 0 0 0 moving 
8 464 359 505 472 26390 0 0 1 moving 
8 461 356 502 469 26391 0 0 1 moving 
8 458 353 499 466 26392 0 0 1 moving 
8 455 350 496 463 26393 0 0 1 moving 
8 452 348 493 461 26394 0 0 0 moving 
8 450 346 491 459 26395 0 0 1 moving 
8 449 344 490 458 26396 0 0 1 moving 
8 448 342 488 456 26397 0 0 1 moving 
8 447 340 487 455 26398 0 0 1 moving 
8 446 338 486 454 26399 0 0 0 moving 
8 442 338 482 452 26400 0 0 1 moving 
8 438 339 478 450 26401 0 0 1 moving 
8 434 339 474 448 26402 0 0 1 moving 
8 430 340 470 446 26403 0 0 1 moving 
8 426 340 466 444 26404 0 0 1 moving 
9 607 352 639 470 26385 0 0 0 moving 
9 610 352 643 469 26386 0 0 1 standing 
9 614 353 648 469 26387 0 0 1 standing 
9 618 353 652 468 26388 0 0 1 standing 
9 622 354 657 468 26389 0 0 1 standing 
9 626 354 661 467 26390 0 0 1 standing 
9 630 355 666 467 26391 0 0 1 standing 
9 634 356 671 467 26392 0 0 0 standing 
9 641 356 678 466 26393 0 0 1 standing 
9 648 356 686 465 26394 0 0 1 standing 
9 655 357 694 465 26395 0 0 0 standing 
9 662 359 701 467 26396 0 0 1 standing 
9 669 361 708 469 26397 0 0 1 standing 
9 676 363 715 471 26398 0 0 1 standing 
9 684 366 723 474 26399 0 0 0 standing 
9 686 367 725 475 26400 0 0 1 standing 
9 688 368 727 476 26401 0 0 1 standing 
9 690 369 729 477 26402 0 0 1 standing 
9 692 370 731 478 26403 0 0 1 standing 
9 694 371 733 479 26404 0 0 1 standing 
10 864 437 914 559 26385 0 0 0 standing 
10 867 434 915 555 26386 0 0 1 moving 
10 870 431 917 552 26387 0 0 1 moving 
10 873 428 919 548 26388 0 0 1 moving 
10 876 426 921 545 26389 0 0 0 moving 
10 881 423 926 542 26390 0 0 1 moving 
10 886 420 932 539 26391 0 0 1 moving 
10 891 417 938 536 26392 0 0 1 moving 
10 897 415 944 533 26393 0 0 0 moving 
10 902 415 949 533 26394 0 0 1 moving 
10 908 416 955 534 26395 0 0 1 moving 
10 914 416 961 534 26396 0 0 1 moving 
10 920 417 967 535 26397 0 0 1 moving 
10 926 418 973 536 26398 0 0 0 moving 
10 927 419 974 537 26399 0 0 1 moving 
10 929 420 976 538 26400 0 0 1 moving 
10 930 421 977 539 26401 0 0 1 moving 
10 932 422 979 540 26402 0 0 1 moving 
10 933 423 980 541 26403 0 0 1 moving 
10 935 424 982 542 26404 0 0 0 moving 
11 473 433 526 548 26385 0 0 0 moving 
11 474 431 527 547 26386 0 0 1 standing 
11 475 430 528 547 26387 0 0 1 standing 
11 476 429 529 546 26388 0 0 1 standing 
11 478 428 530 546 26389 0 0 1 standing 
11 479 427 532 545 26390 0 0 1 standing 
11 480 425 533 545 26391 0 0 1 standing 
11 482 424 534 544 26392 0 0 1 standing 
11 483 423 535 544 26393 0 0 1 standing 
11 484 422 536 543 26394 0 0 1 standing 
11 486 421 538 543 26395 0 0 0 standing 
11 490 420 542 542 26396 0 0 1 standing 
11 494 420 546 542 26397 0 0 1 standing 
11 498 420 550 542 26398 0 0 1 standing 
11 502 420 554 542 26399 0 0 0 standing 
11 505 422 557 542 26400 0 0 1 standing 
11 509 424 560 542 26401 0 0 1 standing 
11 513 427 564 543 26402 0 0 0 standing 
11 517 424 568 542 26403 0 0 1 standing 
11 521 422 572 542 26404 0 0 1 standing 
