0 211 446 277 629 43215 0 1 0 spiking 
0 212 444 279 618 43216 0 1 1 spiking 
0 214 443 282 607 43217 0 1 1 spiking 
0 215 442 285 596 43218 0 1 1 spiking 
0 217 441 288 585 43219 0 1 0 spiking 
0 223 440 293 586 43220 0 1 1 spiking 
0 230 440 299 587 43221 0 1 1 spiking 
0 236 440 304 588 43222 0 1 1 spiking 
0 243 440 310 589 43223 0 1 1 spiking 
0 249 440 315 590 43224 0 1 1 spiking 
0 256 440 321 591 43225 0 1 0 spiking 
0 260 445 326 595 43226 0 1 1 spiking 
0 265 451 331 599 43227 0 1 1 spiking 
0 270 457 337 603 43228 0 1 1 spiking 
0 275 462 342 608 43229 0 1 1 spiking 
0 280 468 348 612 43230 0 1 1 spiking 
0 284 474 353 616 43231 0 1 1 spiking 
0 289 479 358 621 43232 0 1 1 spiking 
0 294 485 364 625 43233 0 1 1 spiking 
0 299 491 369 629 43234 0 1 1 spiking 
1 538 480 584 601 43215 0 1 0 spiking 
1 532 473 579 597 43216 0 1 1 blocking 
1 527 467 575 594 43217 0 1 1 blocking 
1 521 460 570 591 43218 0 1 1 blocking 
1 516 454 566 587 43219 0 1 1 blocking 
1 510 447 562 584 43220 0 1 1 blocking 
1 505 441 557 581 43221 0 1 1 blocking 
1 499 434 553 577 43222 0 1 1 blocking 
1 494 428 548 574 43223 0 1 1 blocking 
1 488 421 544 571 43224 0 1 1 blocking 
1 483 415 540 568 43225 0 1 0 blocking 
1 483 417 540 570 43226 0 1 1 blocking 
1 483 419 540 572 43227 0 1 1 blocking 
1 483 421 540 575 43228 0 1 1 blocking 
1 483 423 540 577 43229 0 1 1 blocking 
1 483 426 540 580 43230 0 1 1 blocking 
1 483 428 540 582 43231 0 1 1 blocking 
1 483 430 540 584 43232 0 1 1 blocking 
1 483 432 540 587 43233 0 1 1 blocking 
1 483 434 540 589 43234 0 1 1 blocking 
2 537 465 584 589 43215 0 1 0 blocking 
2 531 457 579 584 43216 0 1 1 blocking 
2 525 450 575 579 43217 0 1 1 blocking 
2 519 443 571 574 43218 0 1 1 blocking 
2 513 435 566 569 43219 0 1 1 blocking 
2 507 428 562 564 43220 0 1 1 blocking 
2 501 421 558 559 43221 0 1 1 blocking 
2 495 413 553 554 43222 0 1 1 blocking 
2 489 406 549 549 43223 0 1 1 blocking 
2 483 399 545 544 43224 0 1 1 blocking 
2 477 392 541 540 43225 0 1 0 blocking 
2 477 394 541 542 43226 0 1 1 blocking 
2 477 397 541 545 43227 0 1 1 blocking 
2 477 400 541 548 43228 0 1 1 blocking 
2 477 403 541 551 43229 0 1 1 blocking 
2 477 406 541 554 43230 0 1 1 blocking 
2 477 408 541 557 43231 0 1 1 blocking 
2 477 411 541 560 43232 0 1 1 blocking 
2 477 414 541 563 43233 0 1 1 blocking 
2 477 417 541 566 43234 0 1 1 blocking 
3 525 444 578 585 43215 0 1 0 blocking 
3 521 436 573 580 43216 0 1 1 blocking 
3 518 429 569 576 43217 0 1 1 blocking 
3 515 421 564 572 43218 0 1 1 blocking 
3 511 414 560 567 43219 0 1 1 blocking 
3 508 407 555 563 43220 0 1 1 blocking 
3 505 399 551 559 43221 0 1 1 blocking 
3 501 392 546 554 43222 0 1 1 blocking 
3 498 384 542 550 43223 0 1 1 blocking 
3 495 377 537 546 43224 0 1 1 blocking 
3 492 370 533 542 43225 0 1 0 blocking 
3 490 373 531 545 43226 0 1 1 blocking 
3 488 376 529 548 43227 0 1 1 blocking 
3 486 380 527 552 43228 0 1 1 blocking 
3 484 383 525 555 43229 0 1 1 blocking 
3 483 387 524 559 43230 0 1 1 blocking 
3 481 390 522 562 43231 0 1 1 blocking 
3 479 393 520 565 43232 0 1 1 blocking 
3 477 397 518 569 43233 0 1 1 blocking 
3 475 400 516 572 43234 0 1 1 blocking 
4 212 361 267 464 43215 0 0 0 blocking 
4 206 364 261 467 43216 0 0 1 standing 
4 201 367 255 470 43217 0 0 1 standing 
4 196 370 250 473 43218 0 0 0 standing 
4 191 371 245 474 43219 0 0 1 standing 
4 186 373 240 476 43220 0 0 1 standing 
4 181 375 235 478 43221 0 0 0 standing 
4 175 374 229 478 43222 0 0 1 standing 
4 169 374 223 478 43223 0 0 1 standing 
4 163 374 217 479 43224 0 0 0 standing 
4 158 374 212 479 43225 0 0 1 standing 
4 153 374 207 479 43226 0 0 1 standing 
4 149 374 203 479 43227 0 0 0 standing 
4 145 375 199 482 43228 0 0 1 standing 
4 141 377 195 485 43229 0 0 1 standing 
4 137 379 191 488 43230 0 0 0 standing 
4 131 381 188 491 43231 0 0 1 standing 
4 125 383 185 494 43232 0 0 1 standing 
4 119 385 182 497 43233 0 0 1 standing 
4 113 387 179 500 43234 0 0 1 standing 
5 329 369 376 471 43215 0 0 0 standing 
5 326 372 374 474 43216 0 0 1 moving 
5 324 375 372 477 43217 0 0 1 moving 
5 322 378 371 480 43218 0 0 0 moving 
5 319 379 366 481 43219 0 0 1 moving 
5 316 380 361 482 43220 0 0 1 moving 
5 313 381 357 483 43221 0 0 0 moving 
5 311 384 355 488 43222 0 0 1 moving 
5 309 388 353 493 43223 0 0 1 moving 
5 307 392 351 499 43224 0 0 0 moving 
5 304 393 349 498 43225 0 0 1 moving 
5 301 394 348 498 43226 0 0 1 moving 
5 298 395 347 498 43227 0 0 0 moving 
5 297 396 348 501 43228 0 0 1 moving 
5 297 397 349 504 43229 0 0 1 moving 
5 297 399 351 508 43230 0 0 0 moving 
5 294 401 349 510 43231 0 0 1 moving 
5 292 403 348 512 43232 0 0 1 moving 
5 289 405 346 514 43233 0 0 1 moving 
5 287 407 345 516 43234 0 0 1 moving 
6 346 441 422 551 43215 0 0 0 moving 
6 344 441 417 550 43216 0 0 1 standing 
6 342 441 413 550 43217 0 0 1 standing 
6 341 442 409 550 43218 0 0 0 standing 
6 343 442 408 550 43219 0 0 1 standing 
6 345 442 407 550 43220 0 0 1 standing 
6 347 443 406 551 43221 0 0 0 standing 
6 348 443 404 555 43222 0 0 1 standing 
6 350 443 402 559 43223 0 0 1 standing 
6 352 444 401 563 43224 0 0 0 standing 
6 351 445 400 566 43225 0 0 1 standing 
6 351 447 399 569 43226 0 0 1 standing 
6 351 449 399 573 43227 0 0 0 standing 
6 351 450 399 573 43228 0 0 1 standing 
6 351 452 400 573 43229 0 0 1 standing 
6 352 454 401 573 43230 0 0 0 standing 
6 352 454 400 573 43231 0 0 1 standing 
6 352 454 400 573 43232 0 0 1 standing 
6 353 454 399 573 43233 0 0 1 standing 
6 353 454 399 573 43234 0 0 1 standing 
7 266 454 317 561 43215 0 0 0 standing 
7 266 456 316 560 43216 0 0 1 standing 
7 266 458 315 559 43217 0 0 1 standing 
7 266 460 314 558 43218 0 0 0 standing 
7 265 467 315 565 43219 0 0 1 standing 
7 264 475 316 573 43220 0 0 1 standing 
7 263 483 317 581 43221 0 0 0 standing 
7 262 482 317 583 43222 0 0 1 standing 
7 261 481 318 585 43223 0 0 1 standing 
7 261 480 319 588 43224 0 0 0 standing 
7 261 484 319 592 43225 0 0 1 standing 
7 261 488 319 596 43226 0 0 1 standing 
7 261 492 319 600 43227 0 0 0 standing 
7 261 490 315 600 43228 0 0 1 standing 
7 261 488 311 600 43229 0 0 1 standing 
7 261 487 308 601 43230 0 0 0 standing 
7 260 487 308 600 43231 0 0 1 standing 
7 259 487 308 599 43232 0 0 1 standing 
7 258 488 308 599 43233 0 0 1 standing 
7 257 488 308 598 43234 0 0 1 standing 
8 423 416 506 529 43215 0 0 0 standing 
8 418 417 501 527 43216 0 0 1 standing 
8 414 419 496 526 43217 0 0 1 standing 
8 410 421 492 525 43218 0 0 0 standing 
8 405 420 488 525 43219 0 0 1 standing 
8 401 419 484 526 43220 0 0 1 standing 
8 397 418 481 527 43221 0 0 0 standing 
8 393 416 477 527 43222 0 0 1 standing 
8 390 415 474 527 43223 0 0 1 standing 
8 387 414 471 528 43224 0 0 0 standing 
8 384 414 468 528 43225 0 0 1 standing 
8 382 414 466 528 43226 0 0 1 standing 
8 380 414 464 528 43227 0 0 0 standing 
8 379 413 463 526 43228 0 0 1 standing 
8 378 413 462 524 43229 0 0 1 standing 
8 378 413 462 522 43230 0 0 0 standing 
8 376 414 460 523 43231 0 0 1 standing 
8 374 415 458 524 43232 0 0 1 standing 
8 373 417 457 526 43233 0 0 0 standing 
8 373 417 457 526 43234 0 0 1 standing 
9 714 354 777 455 43215 0 0 0 standing 
9 711 356 773 455 43216 0 0 1 waiting 
9 708 358 770 455 43217 0 0 1 waiting 
9 705 360 767 455 43218 0 0 0 waiting 
9 700 361 766 457 43219 0 0 1 waiting 
9 695 362 765 460 43220 0 0 1 waiting 
9 691 364 764 463 43221 0 0 0 waiting 
9 688 364 761 463 43222 0 0 1 waiting 
9 685 364 758 463 43223 0 0 1 waiting 
9 683 365 756 464 43224 0 0 0 waiting 
9 682 365 755 464 43225 0 0 1 waiting 
9 681 366 754 465 43226 0 0 1 waiting 
9 680 367 753 466 43227 0 0 1 waiting 
9 679 367 752 466 43228 0 0 1 waiting 
9 678 368 751 467 43229 0 0 1 waiting 
9 677 369 751 468 43230 0 0 0 waiting 
9 676 369 750 468 43231 0 0 1 waiting 
9 675 369 749 468 43232 0 0 1 waiting 
9 674 369 748 468 43233 0 0 0 waiting 
9 674 369 748 468 43234 0 0 1 waiting 
10 952 393 1012 496 43215 0 0 0 waiting 
10 946 392 1004 495 43216 0 0 1 waiting 
10 940 391 996 494 43217 0 0 1 waiting 
10 934 391 988 494 43218 0 0 0 waiting 
10 929 392 983 492 43219 0 0 1 waiting 
10 925 394 978 490 43220 0 0 1 waiting 
10 921 396 974 489 43221 0 0 0 waiting 
10 918 394 970 488 43222 0 0 1 waiting 
10 916 392 966 488 43223 0 0 1 waiting 
10 914 390 963 488 43224 0 0 0 waiting 
10 909 391 959 486 43225 0 0 1 waiting 
10 904 392 955 484 43226 0 0 1 waiting 
10 899 393 952 482 43227 0 0 0 waiting 
10 894 393 951 482 43228 0 0 1 waiting 
10 889 394 950 483 43229 0 0 1 waiting 
10 885 395 950 484 43230 0 0 0 waiting 
10 883 395 948 483 43231 0 0 1 waiting 
10 881 395 946 483 43232 0 0 1 waiting 
10 880 396 944 482 43233 0 0 1 waiting 
10 878 396 942 482 43234 0 0 1 waiting 
11 913 479 958 594 43215 0 0 0 waiting 
11 912 477 960 594 43216 0 0 1 standing 
11 912 475 963 594 43217 0 0 1 standing 
11 912 473 966 595 43218 0 0 0 standing 
11 909 473 963 592 43219 0 0 1 standing 
11 906 473 960 590 43220 0 0 1 standing 
11 903 474 957 588 43221 0 0 0 standing 
11 902 473 956 587 43222 0 0 1 standing 
11 901 472 955 586 43223 0 0 1 standing 
11 900 472 954 586 43224 0 0 0 standing 
11 900 471 956 588 43225 0 0 1 standing 
11 901 470 959 590 43226 0 0 1 standing 
11 902 469 962 593 43227 0 0 0 standing 
11 901 472 962 593 43228 0 0 1 standing 
11 900 475 962 593 43229 0 0 1 standing 
11 899 479 962 593 43230 0 0 0 standing 
11 898 479 961 593 43231 0 0 1 standing 
11 898 479 961 593 43232 0 0 1 standing 
11 898 479 961 593 43233 0 0 0 standing 
11 898 479 961 593 43234 0 0 1 standing 
