0 777 348 847 461 59190 0 1 0 setting 
0 782 345 850 458 59191 0 1 1 setting 
0 788 342 854 456 59192 0 1 1 setting 
0 793 339 858 454 59193 0 1 1 setting 
0 799 336 861 452 59194 0 1 1 setting 
0 805 334 865 450 59195 0 1 1 setting 
0 810 331 869 448 59196 0 1 1 setting 
0 816 328 872 446 59197 0 1 1 setting 
0 821 325 876 444 59198 0 1 1 setting 
0 827 322 880 442 59199 0 1 1 setting 
0 833 320 884 440 59200 0 1 0 setting 
0 838 323 890 440 59201 0 1 1 setting 
0 843 326 897 440 59202 0 1 1 setting 
0 848 329 904 440 59203 0 1 1 setting 
0 853 332 910 440 59204 0 1 1 setting 
0 858 335 917 440 59205 0 1 1 setting 
0 863 338 924 440 59206 0 1 1 setting 
0 868 341 930 440 59207 0 1 1 setting 
0 873 344 937 440 59208 0 1 1 setting 
0 878 347 944 440 59209 0 1 1 setting 
1 848 398 956 513 59190 0 1 0 setting 
1 848 397 950 515 59191 0 1 1 standing 
1 848 397 945 517 59192 0 1 1 standing 
1 848 397 940 519 59193 0 1 1 standing 
1 848 397 935 522 59194 0 1 1 standing 
1 848 397 930 524 59195 0 1 1 standing 
1 848 397 925 526 59196 0 1 1 standing 
1 848 397 920 529 59197 0 1 1 standing 
1 848 397 915 531 59198 0 1 1 standing 
1 848 397 910 533 59199 0 1 1 standing 
1 848 397 905 536 59200 0 1 0 standing 
1 849 392 908 532 59201 0 1 1 standing 
1 850 387 912 528 59202 0 1 1 standing 
1 851 383 915 524 59203 0 1 1 standing 
1 852 378 919 520 59204 0 1 1 standing 
1 853 373 922 517 59205 0 1 1 standing 
1 854 369 926 513 59206 0 1 1 standing 
1 855 364 929 509 59207 0 1 1 standing 
1 856 359 933 505 59208 0 1 1 standing 
1 858 355 937 502 59209 0 1 0 standing 
2 910 313 998 403 59190 0 0 0 standing 
2 910 312 994 402 59191 0 0 1 moving 
2 910 311 990 402 59192 0 0 1 moving 
2 910 311 986 402 59193 0 0 0 moving 
2 910 311 979 402 59194 0 0 1 moving 
2 911 311 972 402 59195 0 0 1 moving 
2 912 312 966 402 59196 0 0 0 moving 
2 904 311 967 402 59197 0 0 1 moving 
2 897 311 968 402 59198 0 0 1 moving 
2 890 311 969 402 59199 0 0 0 moving 
2 889 311 968 402 59200 0 0 1 moving 
2 888 311 967 402 59201 0 0 1 moving 
2 888 311 966 402 59202 0 0 0 moving 
2 887 311 960 402 59203 0 0 1 moving 
2 886 311 954 402 59204 0 0 1 moving 
2 885 312 949 402 59205 0 0 0 moving 
2 885 311 948 401 59206 0 0 1 moving 
2 885 310 947 401 59207 0 0 1 moving 
2 885 310 946 400 59208 0 0 1 moving 
2 885 309 945 400 59209 0 0 1 moving 
3 1124 363 1179 466 59190 0 0 0 moving 
3 1131 363 1186 467 59191 0 0 1 standing 
3 1138 364 1193 469 59192 0 0 1 standing 
3 1145 365 1200 471 59193 0 0 0 standing 
3 1149 364 1204 470 59194 0 0 1 standing 
3 1153 364 1208 470 59195 0 0 1 standing 
3 1158 364 1213 470 59196 0 0 0 standing 
3 1165 364 1218 470 59197 0 0 1 standing 
3 1172 364 1224 470 59198 0 0 1 standing 
3 1179 365 1230 471 59199 0 0 0 standing 
3 1185 367 1239 475 59200 0 0 1 standing 
3 1192 370 1248 479 59201 0 0 1 standing 
3 1199 373 1258 484 59202 0 0 0 standing 
3 1205 376 1263 487 59203 0 0 1 standing 
3 1211 379 1269 490 59204 0 0 1 standing 
3 1217 383 1275 493 59205 0 0 0 standing 
3 1224 383 1275 492 59206 0 0 1 standing 
3 1231 383 1275 491 59207 0 0 1 standing 
3 1238 383 1275 491 59208 0 0 1 standing 
3 1245 383 1275 490 59209 0 0 1 standing 
4 1067 404 1151 508 59190 0 0 0 standing 
4 1067 403 1151 507 59191 0 0 1 moving 
4 1068 403 1151 507 59192 0 0 1 moving 
4 1069 403 1152 507 59193 0 0 0 moving 
4 1066 405 1146 508 59194 0 0 1 moving 
4 1063 407 1140 510 59195 0 0 1 moving 
4 1060 409 1134 512 59196 0 0 0 moving 
4 1050 399 1134 511 59197 0 0 1 moving 
4 1041 389 1134 511 59198 0 0 1 moving 
4 1032 379 1134 511 59199 0 0 0 moving 
4 1028 384 1129 510 59200 0 0 1 moving 
4 1025 390 1124 510 59201 0 0 1 moving 
4 1022 396 1120 510 59202 0 0 0 moving 
4 1023 397 1108 509 59203 0 0 1 moving 
4 1025 398 1097 508 59204 0 0 1 moving 
4 1027 400 1086 508 59205 0 0 0 moving 
4 1022 398 1084 508 59206 0 0 1 moving 
4 1018 396 1082 508 59207 0 0 1 moving 
4 1014 394 1080 508 59208 0 0 1 moving 
4 1010 392 1078 508 59209 0 0 1 moving 
5 1051 534 1155 664 59190 0 0 0 moving 
5 1050 534 1149 663 59191 0 0 1 moving 
5 1049 534 1143 663 59192 0 0 1 moving 
5 1048 535 1138 663 59193 0 0 0 moving 
5 1040 534 1142 662 59194 0 0 1 moving 
5 1032 534 1146 661 59195 0 0 1 moving 
5 1024 534 1150 660 59196 0 0 0 moving 
5 1023 531 1142 658 59197 0 0 1 moving 
5 1022 528 1135 657 59198 0 0 1 moving 
5 1021 526 1128 656 59199 0 0 0 moving 
5 1021 526 1114 655 59200 0 0 1 moving 
5 1021 526 1101 655 59201 0 0 1 moving 
5 1021 527 1088 655 59202 0 0 0 moving 
5 1006 523 1089 653 59203 0 0 1 moving 
5 991 519 1090 652 59204 0 0 1 moving 
5 977 515 1092 651 59205 0 0 0 moving 
5 979 511 1082 645 59206 0 0 1 moving 
5 981 508 1072 640 59207 0 0 1 moving 
5 983 504 1062 635 59208 0 0 1 moving 
5 985 501 1052 630 59209 0 0 1 moving 
6 351 392 401 504 59190 0 0 0 moving 
6 354 391 404 505 59191 0 0 1 standing 
6 357 390 408 506 59192 0 0 1 standing 
6 361 390 412 508 59193 0 0 0 standing 
6 364 390 415 508 59194 0 0 1 standing 
6 368 390 419 509 59195 0 0 1 standing 
6 372 391 423 510 59196 0 0 0 standing 
6 375 390 426 509 59197 0 0 1 standing 
6 379 389 430 508 59198 0 0 1 standing 
6 383 389 434 508 59199 0 0 0 standing 
6 386 389 437 508 59200 0 0 1 standing 
6 389 389 440 508 59201 0 0 1 standing 
6 393 390 444 509 59202 0 0 0 standing 
6 396 390 447 509 59203 0 0 1 standing 
6 400 391 451 509 59204 0 0 1 standing 
6 404 392 455 510 59205 0 0 0 standing 
6 409 391 460 508 59206 0 0 1 standing 
6 414 390 465 507 59207 0 0 1 standing 
6 419 389 470 505 59208 0 0 1 standing 
6 424 388 475 504 59209 0 0 1 standing 
7 402 455 476 564 59190 0 0 0 standing 
7 405 455 479 564 59191 0 0 1 waiting 
7 408 455 482 565 59192 0 0 1 waiting 
7 412 456 486 566 59193 0 0 0 waiting 
7 415 455 490 566 59194 0 0 1 waiting 
7 419 455 494 566 59195 0 0 1 waiting 
7 423 455 498 566 59196 0 0 0 waiting 
7 425 455 500 566 59197 0 0 1 waiting 
7 427 455 502 566 59198 0 0 1 waiting 
7 430 456 505 567 59199 0 0 0 waiting 
7 434 454 509 565 59200 0 0 1 waiting 
7 439 452 514 563 59201 0 0 1 waiting 
7 444 451 519 562 59202 0 0 0 waiting 
7 447 451 522 562 59203 0 0 1 waiting 
7 451 451 526 562 59204 0 0 1 waiting 
7 455 451 530 562 59205 0 0 0 waiting 
7 460 450 534 561 59206 0 0 1 waiting 
7 466 450 538 561 59207 0 0 1 waiting 
7 471 450 542 560 59208 0 0 1 waiting 
7 477 450 546 560 59209 0 0 1 waiting 
8 463 352 510 448 59190 0 0 0 waiting 
8 467 352 514 448 59191 0 0 1 standing 
8 471 352 518 448 59192 0 0 1 standing 
8 476 353 523 449 59193 0 0 0 standing 
8 480 354 527 450 59194 0 0 1 standing 
8 484 355 531 451 59195 0 0 1 standing 
8 488 356 535 452 59196 0 0 0 standing 
8 491 356 538 452 59197 0 0 1 standing 
8 495 356 542 452 59198 0 0 1 standing 
8 499 356 546 452 59199 0 0 0 standing 
8 504 356 551 452 59200 0 0 1 standing 
8 509 357 556 452 59201 0 0 1 standing 
8 514 358 561 453 59202 0 0 0 standing 
8 519 359 570 452 59203 0 0 1 standing 
8 524 360 579 452 59204 0 0 1 standing 
8 529 362 588 452 59205 0 0 0 standing 
8 535 362 594 450 59206 0 0 1 standing 
8 541 362 600 449 59207 0 0 1 standing 
8 547 362 606 448 59208 0 0 1 standing 
8 553 362 612 447 59209 0 0 1 standing 
9 674 422 717 548 59190 0 0 0 standing 
9 674 423 719 551 59191 0 0 1 standing 
9 674 424 721 554 59192 0 0 1 standing 
9 674 426 724 557 59193 0 0 0 standing 
9 679 426 729 557 59194 0 0 1 standing 
9 684 426 734 557 59195 0 0 1 standing 
9 689 427 739 558 59196 0 0 0 standing 
9 692 429 744 558 59197 0 0 1 standing 
9 696 432 749 558 59198 0 0 1 standing 
9 700 435 755 558 59199 0 0 0 standing 
9 704 436 758 559 59200 0 0 1 standing 
9 708 437 762 560 59201 0 0 1 standing 
9 712 439 766 562 59202 0 0 0 standing 
9 715 442 771 565 59203 0 0 1 standing 
9 719 445 776 568 59204 0 0 1 standing 
9 723 449 782 572 59205 0 0 0 standing 
9 731 449 788 573 59206 0 0 1 standing 
9 739 449 794 574 59207 0 0 1 standing 
9 747 449 800 575 59208 0 0 1 standing 
9 755 449 806 576 59209 0 0 1 standing 
10 685 364 734 473 59190 0 0 0 standing 
10 687 365 735 474 59191 0 0 1 standing 
10 689 366 737 476 59192 0 0 1 standing 
10 692 367 739 478 59193 0 0 0 standing 
10 697 366 744 477 59194 0 0 1 standing 
10 702 366 749 477 59195 0 0 1 standing 
10 708 366 755 477 59196 0 0 0 standing 
10 711 366 758 477 59197 0 0 1 standing 
10 714 367 761 478 59198 0 0 1 standing 
10 717 368 764 479 59199 0 0 0 standing 
10 721 370 768 481 59200 0 0 1 standing 
10 725 373 772 484 59201 0 0 1 standing 
10 730 376 777 487 59202 0 0 0 standing 
10 734 379 781 490 59203 0 0 1 standing 
10 739 382 786 493 59204 0 0 1 standing 
10 744 385 791 496 59205 0 0 0 standing 
10 750 381 796 494 59206 0 0 1 standing 
10 756 378 802 493 59207 0 0 1 standing 
10 762 374 808 492 59208 0 0 1 standing 
10 768 371 814 491 59209 0 0 1 standing 
11 652 318 691 424 59190 0 0 0 standing 
11 656 319 698 427 59191 0 0 1 standing 
11 660 320 705 431 59192 0 0 1 standing 
11 665 321 712 435 59193 0 0 0 standing 
11 669 321 716 435 59194 0 0 1 standing 
11 673 321 720 435 59195 0 0 1 standing 
11 678 321 725 435 59196 0 0 0 standing 
11 683 321 730 436 59197 0 0 1 standing 
11 688 322 735 437 59198 0 0 1 standing 
11 693 323 740 438 59199 0 0 0 standing 
11 696 324 743 436 59200 0 0 1 standing 
11 699 325 746 435 59201 0 0 1 standing 
11 703 327 749 434 59202 0 0 0 standing 
11 710 329 756 435 59203 0 0 1 standing 
11 717 331 764 436 59204 0 0 1 standing 
11 725 334 772 437 59205 0 0 0 standing 
11 729 334 776 437 59206 0 0 1 standing 
11 733 334 780 437 59207 0 0 1 standing 
11 737 334 784 438 59208 0 0 1 standing 
11 741 334 788 438 59209 0 0 1 standing 
