0 836 445 896 546 41950 0 1 0 digging 
0 823 443 887 544 41951 0 1 1 digging 
0 811 441 878 542 41952 0 1 1 digging 
0 799 440 869 540 41953 0 1 0 digging 
0 792 439 866 538 41954 0 1 1 digging 
0 786 438 863 536 41955 0 1 1 digging 
0 780 437 860 535 41956 0 1 0 digging 
0 780 435 863 533 41957 0 1 1 digging 
0 780 433 866 532 41958 0 1 1 digging 
0 780 431 869 531 41959 0 1 1 digging 
0 780 430 873 530 41960 0 1 0 digging 
0 788 427 878 526 41961 0 1 1 digging 
0 796 424 883 522 41962 0 1 1 digging 
0 804 422 888 519 41963 0 1 1 digging 
0 812 419 893 515 41964 0 1 1 digging 
0 820 417 899 512 41965 0 1 0 digging 
0 821 418 903 512 41966 0 1 1 digging 
0 823 419 907 512 41967 0 1 1 digging 
0 824 420 912 513 41968 0 1 1 digging 
0 826 421 916 513 41969 0 1 1 digging 
1 712 436 782 574 41950 0 0 0 digging 
1 707 432 773 569 41951 0 0 1 moving 
1 703 428 764 564 41952 0 0 1 moving 
1 699 424 755 559 41953 0 0 1 moving 
1 695 420 746 555 41954 0 0 0 moving 
1 691 418 745 552 41955 0 0 1 moving 
1 687 416 744 549 41956 0 0 1 moving 
1 684 414 744 546 41957 0 0 1 moving 
1 680 412 743 543 41958 0 0 1 moving 
1 676 410 742 540 41959 0 0 1 moving 
1 673 408 742 537 41960 0 0 0 moving 
1 674 409 745 538 41961 0 0 1 moving 
1 676 411 749 539 41962 0 0 1 moving 
1 678 413 752 540 41963 0 0 1 moving 
1 680 415 756 542 41964 0 0 0 moving 
1 681 414 754 540 41965 0 0 1 moving 
1 682 413 753 538 41966 0 0 1 moving 
1 683 412 751 536 41967 0 0 1 moving 
1 684 411 750 534 41968 0 0 1 moving 
1 685 410 748 532 41969 0 0 1 moving 
2 977 343 1021 466 41950 0 0 0 moving 
2 968 342 1013 464 41951 0 0 1 standing 
2 959 342 1005 463 41952 0 0 1 standing 
2 950 342 997 461 41953 0 0 1 standing 
2 941 342 990 460 41954 0 0 0 standing 
2 939 342 989 459 41955 0 0 1 standing 
2 937 343 989 458 41956 0 0 1 standing 
2 935 343 989 457 41957 0 0 1 standing 
2 933 344 989 456 41958 0 0 1 standing 
2 932 345 989 455 41959 0 0 0 standing 
2 934 346 991 456 41960 0 0 1 standing 
2 936 347 993 457 41961 0 0 1 standing 
2 938 349 995 458 41962 0 0 1 standing 
2 940 350 997 459 41963 0 0 1 standing 
2 943 352 999 460 41964 0 0 0 standing 
2 943 354 1002 460 41965 0 0 1 standing 
2 943 357 1006 460 41966 0 0 1 standing 
2 943 359 1010 461 41967 0 0 1 standing 
2 943 362 1014 461 41968 0 0 1 standing 
2 943 365 1018 462 41969 0 0 0 standing 
3 1000 311 1036 422 41950 0 0 0 standing 
3 990 309 1027 417 41951 0 0 1 standing 
3 980 308 1018 413 41952 0 0 1 standing 
3 970 306 1009 409 41953 0 0 1 standing 
3 961 305 1001 405 41954 0 0 0 standing 
3 957 304 997 401 41955 0 0 1 standing 
3 953 303 993 398 41956 0 0 1 standing 
3 949 302 989 394 41957 0 0 1 standing 
3 945 301 985 391 41958 0 0 1 standing 
3 942 300 982 388 41959 0 0 0 standing 
3 940 300 983 388 41960 0 0 1 standing 
3 939 300 984 389 41961 0 0 1 standing 
3 938 301 986 389 41962 0 0 1 standing 
3 937 301 987 390 41963 0 0 1 standing 
3 936 302 989 391 41964 0 0 0 standing 
3 935 301 987 389 41965 0 0 1 standing 
3 934 301 985 387 41966 0 0 1 standing 
3 933 301 983 386 41967 0 0 1 standing 
3 932 301 981 384 41968 0 0 1 standing 
3 931 301 979 383 41969 0 0 0 standing 
4 791 353 854 456 41950 0 0 0 standing 
4 783 351 844 454 41951 0 0 1 standing 
4 775 349 835 453 41952 0 0 1 standing 
4 767 347 825 451 41953 0 0 1 standing 
4 760 346 816 450 41954 0 0 0 standing 
4 758 345 813 448 41955 0 0 1 standing 
4 756 344 811 446 41956 0 0 1 standing 
4 755 343 809 445 41957 0 0 1 standing 
4 753 342 806 443 41958 0 0 1 standing 
4 751 341 804 441 41959 0 0 1 standing 
4 750 340 802 440 41960 0 0 0 standing 
4 755 339 804 441 41961 0 0 1 standing 
4 760 339 807 442 41962 0 0 1 standing 
4 765 339 809 443 41963 0 0 1 standing 
4 771 339 812 444 41964 0 0 0 standing 
4 773 338 814 442 41965 0 0 1 standing 
4 775 338 816 441 41966 0 0 1 standing 
4 778 338 819 440 41967 0 0 1 standing 
4 780 338 821 439 41968 0 0 1 standing 
4 783 338 824 438 41969 0 0 0 standing 
5 565 352 609 467 41950 0 0 0 standing 
5 557 353 601 467 41951 0 0 1 standing 
5 550 354 593 467 41952 0 0 1 standing 
5 542 355 585 467 41953 0 0 1 standing 
5 535 356 577 468 41954 0 0 0 standing 
5 532 355 574 467 41955 0 0 1 standing 
5 529 354 571 466 41956 0 0 1 standing 
5 526 354 568 465 41957 0 0 1 standing 
5 523 353 565 464 41958 0 0 1 standing 
5 521 353 563 464 41959 0 0 0 standing 
5 519 353 563 463 41960 0 0 1 standing 
5 518 354 563 463 41961 0 0 1 standing 
5 517 355 564 463 41962 0 0 1 standing 
5 516 356 564 463 41963 0 0 1 standing 
5 515 357 565 463 41964 0 0 0 standing 
5 520 358 571 462 41965 0 0 1 standing 
5 525 359 578 462 41966 0 0 1 standing 
5 530 360 585 462 41967 0 0 1 standing 
5 535 361 592 462 41968 0 0 1 standing 
5 540 362 599 462 41969 0 0 0 standing 
6 473 371 514 501 41950 0 0 0 standing 
6 466 371 507 501 41951 0 0 1 standing 
6 460 371 500 501 41952 0 0 1 standing 
6 453 371 493 501 41953 0 0 1 standing 
6 447 372 486 501 41954 0 0 0 standing 
6 446 371 486 500 41955 0 0 1 standing 
6 446 371 486 500 41956 0 0 1 standing 
6 446 371 486 500 41957 0 0 1 standing 
6 446 370 486 499 41958 0 0 1 standing 
6 446 370 486 499 41959 0 0 1 standing 
6 446 370 487 499 41960 0 0 0 standing 
6 449 367 492 498 41961 0 0 1 standing 
6 453 364 497 497 41962 0 0 1 standing 
6 456 362 503 497 41963 0 0 1 standing 
6 460 359 508 496 41964 0 0 1 standing 
6 463 357 513 495 41965 0 0 1 standing 
6 467 354 519 495 41966 0 0 1 standing 
6 470 352 524 494 41967 0 0 1 standing 
6 474 349 529 493 41968 0 0 1 standing 
6 478 347 535 493 41969 0 0 0 standing 
7 196 456 255 546 41950 0 0 0 standing 
7 187 455 244 546 41951 0 0 1 waiting 
7 179 455 233 546 41952 0 0 1 waiting 
7 171 455 222 546 41953 0 0 0 waiting 
7 167 453 218 546 41954 0 0 1 waiting 
7 164 451 215 546 41955 0 0 1 waiting 
7 161 450 212 547 41956 0 0 1 waiting 
7 158 448 209 547 41957 0 0 1 waiting 
7 155 446 206 547 41958 0 0 1 waiting 
7 152 445 203 548 41959 0 0 0 waiting 
7 153 444 205 546 41960 0 0 1 waiting 
7 154 443 207 545 41961 0 0 1 waiting 
7 155 442 210 543 41962 0 0 1 waiting 
7 156 441 212 542 41963 0 0 1 waiting 
7 158 441 215 541 41964 0 0 0 waiting 
7 161 443 220 541 41965 0 0 1 waiting 
7 165 446 226 542 41966 0 0 1 waiting 
7 168 448 232 542 41967 0 0 1 waiting 
7 172 451 238 543 41968 0 0 0 waiting 
7 172 451 238 543 41969 0 0 1 waiting 
8 250 340 292 438 41950 0 0 0 waiting 
8 240 340 282 438 41951 0 0 1 waiting 
8 231 340 272 438 41952 0 0 1 waiting 
8 222 340 263 438 41953 0 0 0 waiting 
8 219 340 260 438 41954 0 0 1 waiting 
8 217 340 258 438 41955 0 0 1 waiting 
8 215 340 256 438 41956 0 0 1 waiting 
8 212 340 254 438 41957 0 0 1 waiting 
8 210 340 252 438 41958 0 0 1 waiting 
8 208 340 250 438 41959 0 0 1 waiting 
8 206 340 248 438 41960 0 0 0 waiting 
8 209 341 253 438 41961 0 0 1 waiting 
8 212 342 259 439 41962 0 0 1 waiting 
8 215 343 264 439 41963 0 0 1 waiting 
8 218 345 270 440 41964 0 0 0 waiting 
8 222 344 277 439 41965 0 0 1 waiting 
8 226 343 284 438 41966 0 0 1 waiting 
8 230 342 291 437 41967 0 0 1 waiting 
8 234 341 298 436 41968 0 0 1 waiting 
8 239 340 305 435 41969 0 0 0 waiting 
9 439 372 477 490 41950 0 0 0 waiting 
9 429 373 469 491 41951 0 0 1 standing 
9 420 374 462 493 41952 0 0 1 standing 
9 410 375 455 495 41953 0 0 1 standing 
9 401 377 448 497 41954 0 0 0 standing 
9 398 379 449 501 41955 0 0 1 standing 
9 395 382 450 505 41956 0 0 1 standing 
9 392 384 451 509 41957 0 0 1 standing 
9 389 387 452 513 41958 0 0 1 standing 
9 386 390 454 517 41959 0 0 0 standing 
9 393 389 459 517 41960 0 0 1 standing 
9 401 388 465 517 41961 0 0 1 standing 
9 409 387 471 517 41962 0 0 1 standing 
9 417 386 477 517 41963 0 0 1 standing 
9 425 385 483 518 41964 0 0 0 standing 
9 433 386 491 519 41965 0 0 1 standing 
9 442 387 499 520 41966 0 0 1 standing 
9 450 388 508 522 41967 0 0 1 standing 
9 459 389 516 523 41968 0 0 1 standing 
9 468 390 525 525 41969 0 0 0 standing 
10 473 345 505 468 41950 0 0 0 standing 
10 466 344 498 467 41951 0 0 1 standing 
10 460 344 492 466 41952 0 0 1 standing 
10 454 343 485 465 41953 0 0 1 standing 
10 448 343 479 465 41954 0 0 0 standing 
10 445 343 476 464 41955 0 0 1 standing 
10 442 343 473 464 41956 0 0 1 standing 
10 439 344 470 463 41957 0 0 1 standing 
10 436 344 467 463 41958 0 0 1 standing 
10 433 344 464 462 41959 0 0 1 standing 
10 430 345 461 462 41960 0 0 0 standing 
10 434 344 465 461 41961 0 0 1 standing 
10 438 344 469 460 41962 0 0 1 standing 
10 443 344 473 459 41963 0 0 1 standing 
10 447 344 477 458 41964 0 0 1 standing 
10 452 344 481 457 41965 0 0 1 standing 
10 456 343 485 456 41966 0 0 1 standing 
10 460 343 489 455 41967 0 0 1 standing 
10 465 343 493 454 41968 0 0 1 standing 
10 469 343 497 453 41969 0 0 1 standing 
11 4 415 44 549 41950 0 0 0 standing 
11 3 413 40 545 41951 0 0 1 standing 
11 3 411 36 542 41952 0 0 1 standing 
11 3 409 32 539 41953 0 0 1 standing 
11 3 408 29 536 41954 0 0 0 standing 
11 3 405 29 534 41955 0 0 1 standing 
11 3 402 30 533 41956 0 0 1 standing 
11 3 400 31 532 41957 0 0 1 standing 
11 3 397 32 531 41958 0 0 1 standing 
11 3 394 33 530 41959 0 0 1 standing 
11 3 392 34 529 41960 0 0 0 standing 
11 9 392 45 525 41961 0 0 1 standing 
11 16 393 56 521 41962 0 0 1 standing 
11 22 394 67 517 41963 0 0 1 standing 
11 29 395 78 514 41964 0 0 0 standing 
11 36 394 94 510 41965 0 0 1 standing 
11 44 393 111 507 41966 0 0 1 standing 
11 51 392 128 503 41967 0 0 1 standing 
11 59 391 145 500 41968 0 0 0 standing 
11 59 391 145 500 41969 0 0 1 standing 
