0 315 356 376 455 26045 0 1 0 setting 
0 318 351 377 453 26046 0 1 1 setting 
0 321 346 378 451 26047 0 1 1 setting 
0 324 341 379 449 26048 0 1 1 setting 
0 327 337 380 447 26049 0 1 0 setting 
0 329 329 379 443 26050 0 1 1 setting 
0 331 322 379 439 26051 0 1 1 setting 
0 333 315 378 435 26052 0 1 1 setting 
0 335 308 378 431 26053 0 1 1 setting 
0 337 301 378 428 26054 0 1 0 setting 
0 334 300 377 427 26055 0 1 1 setting 
0 332 300 376 426 26056 0 1 1 setting 
0 329 299 376 426 26057 0 1 1 setting 
0 327 299 375 425 26058 0 1 1 setting 
0 324 298 374 424 26059 0 1 1 setting 
0 322 298 374 424 26060 0 1 1 setting 
0 319 297 373 423 26061 0 1 1 setting 
0 317 297 373 423 26062 0 1 0 setting 
0 309 300 367 425 26063 0 1 1 setting 
0 301 304 361 428 26064 0 1 1 setting 
1 311 415 358 526 26045 0 0 0 setting 
1 314 413 361 524 26046 0 0 1 standing 
1 317 412 365 523 26047 0 0 1 standing 
1 320 411 368 522 26048 0 0 1 standing 
1 324 410 372 521 26049 0 0 0 standing 
1 325 408 374 519 26050 0 0 1 standing 
1 327 407 376 517 26051 0 0 1 standing 
1 328 405 378 516 26052 0 0 1 standing 
1 330 404 380 514 26053 0 0 1 standing 
1 331 402 382 512 26054 0 0 1 standing 
1 333 401 384 511 26055 0 0 0 standing 
1 334 400 385 510 26056 0 0 1 standing 
1 335 400 386 510 26057 0 0 1 standing 
1 337 400 388 510 26058 0 0 1 standing 
1 338 400 389 510 26059 0 0 1 standing 
1 340 400 391 510 26060 0 0 1 standing 
1 341 400 392 510 26061 0 0 1 standing 
1 343 400 394 510 26062 0 0 0 standing 
1 342 400 393 510 26063 0 0 1 standing 
1 341 400 392 510 26064 0 0 1 standing 
2 407 452 455 586 26045 0 0 0 standing 
2 409 452 458 585 26046 0 0 1 standing 
2 411 452 462 585 26047 0 0 1 standing 
2 414 452 465 585 26048 0 0 1 standing 
2 416 452 469 585 26049 0 0 1 standing 
2 419 452 472 585 26050 0 0 1 standing 
2 421 452 476 585 26051 0 0 1 standing 
2 424 452 479 585 26052 0 0 1 standing 
2 426 452 483 585 26053 0 0 1 standing 
2 429 452 487 585 26054 0 0 0 standing 
2 430 452 487 586 26055 0 0 1 standing 
2 432 453 488 588 26056 0 0 1 standing 
2 434 453 489 589 26057 0 0 1 standing 
2 436 454 490 591 26058 0 0 1 standing 
2 437 455 491 592 26059 0 0 1 standing 
2 439 455 492 594 26060 0 0 1 standing 
2 441 456 493 595 26061 0 0 1 standing 
2 443 457 494 597 26062 0 0 0 standing 
2 441 456 492 597 26063 0 0 1 standing 
2 440 456 491 597 26064 0 0 1 standing 
3 569 315 610 411 26045 0 0 0 standing 
3 572 314 614 410 26046 0 0 1 standing 
3 576 313 618 409 26047 0 0 1 standing 
3 580 312 623 408 26048 0 0 1 standing 
3 583 312 627 408 26049 0 0 1 standing 
3 587 311 632 407 26050 0 0 1 standing 
3 591 310 636 406 26051 0 0 1 standing 
3 595 310 641 406 26052 0 0 0 standing 
3 594 309 641 404 26053 0 0 1 standing 
3 593 308 642 403 26054 0 0 1 standing 
3 592 307 643 402 26055 0 0 0 standing 
3 591 306 642 400 26056 0 0 1 standing 
3 591 305 641 399 26057 0 0 1 standing 
3 591 304 640 398 26058 0 0 1 standing 
3 591 303 639 397 26059 0 0 1 standing 
3 591 302 638 396 26060 0 0 1 standing 
3 590 301 637 395 26061 0 0 1 standing 
3 590 300 636 394 26062 0 0 1 standing 
3 590 299 635 393 26063 0 0 1 standing 
3 590 298 634 392 26064 0 0 1 standing 
4 678 422 719 549 26045 0 0 0 standing 
4 677 421 720 548 26046 0 0 1 standing 
4 676 421 721 548 26047 0 0 1 standing 
4 675 421 722 548 26048 0 0 1 standing 
4 674 421 723 548 26049 0 0 1 standing 
4 673 421 724 548 26050 0 0 1 standing 
4 672 421 725 548 26051 0 0 1 standing 
4 671 421 726 548 26052 0 0 1 standing 
4 670 421 727 548 26053 0 0 1 standing 
4 669 421 728 548 26054 0 0 1 standing 
4 669 421 729 548 26055 0 0 0 standing 
4 666 420 724 547 26056 0 0 1 standing 
4 664 419 720 546 26057 0 0 1 standing 
4 661 419 715 545 26058 0 0 1 standing 
4 659 418 711 545 26059 0 0 1 standing 
4 656 418 706 544 26060 0 0 1 standing 
4 654 417 702 543 26061 0 0 1 standing 
4 652 417 698 543 26062 0 0 0 standing 
4 645 416 693 542 26063 0 0 1 standing 
4 638 415 688 541 26064 0 0 1 standing 
5 683 374 738 526 26045 0 0 0 standing 
5 683 374 738 524 26046 0 0 1 standing 
5 683 375 739 523 26047 0 0 1 standing 
5 683 376 739 521 26048 0 0 1 standing 
5 683 377 740 520 26049 0 0 1 standing 
5 683 378 741 519 26050 0 0 0 standing 
5 685 380 739 518 26051 0 0 1 standing 
5 687 382 737 517 26052 0 0 1 standing 
5 689 385 736 516 26053 0 0 1 standing 
5 691 387 734 515 26054 0 0 1 standing 
5 693 390 733 515 26055 0 0 0 standing 
5 690 389 730 514 26056 0 0 1 standing 
5 687 389 727 514 26057 0 0 1 standing 
5 684 388 724 514 26058 0 0 1 standing 
5 682 388 722 514 26059 0 0 1 standing 
5 679 387 719 514 26060 0 0 1 standing 
5 676 387 716 514 26061 0 0 1 standing 
5 674 387 714 514 26062 0 0 0 standing 
5 671 386 710 513 26063 0 0 1 standing 
5 668 386 707 512 26064 0 0 1 standing 
6 858 426 917 554 26045 0 0 0 standing 
6 861 425 919 553 26046 0 0 1 standing 
6 864 425 922 553 26047 0 0 1 standing 
6 867 425 924 553 26048 0 0 1 standing 
6 870 425 927 553 26049 0 0 1 standing 
6 874 425 930 553 26050 0 0 0 standing 
6 873 424 927 551 26051 0 0 1 standing 
6 873 423 925 550 26052 0 0 1 standing 
6 873 422 922 549 26053 0 0 1 standing 
6 873 421 920 548 26054 0 0 1 standing 
6 873 420 918 547 26055 0 0 0 standing 
6 868 420 916 546 26056 0 0 1 standing 
6 863 421 915 546 26057 0 0 1 standing 
6 858 422 913 546 26058 0 0 1 standing 
6 854 422 912 545 26059 0 0 1 standing 
6 849 423 910 545 26060 0 0 1 standing 
6 844 424 909 545 26061 0 0 1 standing 
6 840 425 908 545 26062 0 0 0 standing 
6 835 426 902 545 26063 0 0 1 standing 
6 830 428 896 545 26064 0 0 1 standing 
7 802 373 870 491 26045 0 0 0 standing 
7 804 372 869 491 26046 0 0 1 standing 
7 806 371 868 491 26047 0 0 1 standing 
7 808 370 867 491 26048 0 0 1 standing 
7 810 370 866 491 26049 0 0 1 standing 
7 812 369 865 491 26050 0 0 1 standing 
7 814 368 864 491 26051 0 0 1 standing 
7 816 368 863 491 26052 0 0 1 standing 
7 818 367 862 491 26053 0 0 1 standing 
7 820 366 861 491 26054 0 0 1 standing 
7 823 366 860 492 26055 0 0 0 standing 
7 821 367 858 492 26056 0 0 1 standing 
7 819 369 856 493 26057 0 0 1 standing 
7 817 370 854 494 26058 0 0 1 standing 
7 815 372 853 494 26059 0 0 1 standing 
7 813 374 851 495 26060 0 0 1 standing 
7 811 375 849 496 26061 0 0 1 standing 
7 809 377 848 496 26062 0 0 1 standing 
7 807 378 846 497 26063 0 0 1 standing 
7 805 380 844 498 26064 0 0 1 standing 
8 787 354 828 460 26045 0 0 0 standing 
8 789 353 828 459 26046 0 0 1 standing 
8 792 353 829 459 26047 0 0 1 standing 
8 795 353 830 459 26048 0 0 1 standing 
8 798 352 831 459 26049 0 0 1 standing 
8 801 352 832 459 26050 0 0 1 standing 
8 803 352 832 459 26051 0 0 1 standing 
8 806 351 833 459 26052 0 0 1 standing 
8 809 351 834 459 26053 0 0 1 standing 
8 812 351 835 459 26054 0 0 1 standing 
8 815 351 836 459 26055 0 0 0 standing 
8 813 347 836 455 26056 0 0 1 standing 
8 811 343 836 451 26057 0 0 1 standing 
8 809 339 837 447 26058 0 0 1 standing 
8 808 336 837 443 26059 0 0 1 standing 
8 806 332 838 439 26060 0 0 1 standing 
8 804 328 838 435 26061 0 0 1 standing 
8 803 325 839 432 26062 0 0 0 standing 
8 802 325 836 432 26063 0 0 1 standing 
8 801 325 833 432 26064 0 0 1 standing 
9 1038 432 1080 549 26045 0 0 0 standing 
9 1047 432 1092 549 26046 0 0 1 moving 
9 1056 433 1104 550 26047 0 0 1 moving 
9 1065 433 1117 550 26048 0 0 1 moving 
9 1074 434 1129 551 26049 0 0 1 moving 
9 1083 435 1142 552 26050 0 0 0 moving 
9 1087 436 1148 552 26051 0 0 1 moving 
9 1091 437 1155 552 26052 0 0 1 moving 
9 1095 438 1161 552 26053 0 0 1 moving 
9 1099 439 1168 552 26054 0 0 1 moving 
9 1103 440 1174 552 26055 0 0 1 moving 
9 1107 441 1181 552 26056 0 0 1 moving 
9 1111 443 1188 553 26057 0 0 0 moving 
9 1117 440 1188 554 26058 0 0 1 moving 
9 1123 438 1188 555 26059 0 0 1 moving 
9 1130 436 1188 556 26060 0 0 1 moving 
9 1136 434 1188 557 26061 0 0 1 moving 
9 1143 432 1189 559 26062 0 0 0 moving 
9 1141 433 1194 558 26063 0 0 1 moving 
9 1139 434 1199 557 26064 0 0 1 moving 
10 1082 371 1130 480 26045 0 0 0 moving 
10 1088 371 1135 480 26046 0 0 1 standing 
10 1094 371 1140 480 26047 0 0 1 standing 
10 1100 371 1146 480 26048 0 0 1 standing 
10 1106 371 1151 480 26049 0 0 1 standing 
10 1112 371 1157 480 26050 0 0 0 standing 
10 1115 370 1159 479 26051 0 0 1 standing 
10 1118 369 1161 478 26052 0 0 1 standing 
10 1121 369 1163 478 26053 0 0 1 standing 
10 1124 368 1165 477 26054 0 0 1 standing 
10 1127 368 1168 477 26055 0 0 0 standing 
10 1128 368 1171 477 26056 0 0 1 standing 
10 1129 368 1174 477 26057 0 0 1 standing 
10 1130 368 1177 477 26058 0 0 1 standing 
10 1132 369 1181 478 26059 0 0 0 standing 
10 1131 368 1182 477 26060 0 0 1 standing 
10 1130 368 1183 476 26061 0 0 1 standing 
10 1129 368 1184 476 26062 0 0 1 standing 
10 1128 367 1185 475 26063 0 0 1 standing 
10 1127 367 1186 474 26064 0 0 1 standing 
11 1046 342 1080 453 26045 0 0 0 standing 
11 1050 341 1084 452 26046 0 0 1 standing 
11 1054 341 1089 452 26047 0 0 1 standing 
11 1058 340 1094 451 26048 0 0 1 standing 
11 1062 340 1099 451 26049 0 0 1 standing 
11 1067 340 1104 451 26050 0 0 0 standing 
11 1069 339 1106 450 26051 0 0 1 standing 
11 1071 339 1108 450 26052 0 0 1 standing 
11 1073 338 1110 449 26053 0 0 1 standing 
11 1075 338 1112 449 26054 0 0 1 standing 
11 1077 338 1115 449 26055 0 0 0 standing 
11 1077 338 1115 449 26056 0 0 1 standing 
11 1078 339 1116 450 26057 0 0 1 standing 
11 1078 339 1116 450 26058 0 0 1 standing 
11 1079 340 1117 451 26059 0 0 0 standing 
11 1076 339 1114 450 26060 0 0 1 standing 
11 1073 339 1111 450 26061 0 0 1 standing 
11 1071 339 1109 450 26062 0 0 1 standing 
11 1068 339 1106 449 26063 0 0 1 standing 
11 1065 339 1103 449 26064 0 0 1 standing 
