0 1591 714 1677 855 62635 0 1 0 falling 
0 1575 715 1665 855 62636 0 1 1 falling 
0 1559 716 1653 855 62637 0 1 1 falling 
0 1544 718 1641 855 62638 0 1 0 falling 
0 1521 720 1622 854 62639 0 1 1 falling 
0 1498 722 1603 853 62640 0 1 1 falling 
0 1475 724 1584 853 62641 0 1 0 falling 
0 1439 723 1552 851 62642 0 1 1 falling 
0 1404 723 1521 849 62643 0 1 1 falling 
0 1368 722 1489 847 62644 0 1 1 falling 
0 1333 722 1458 845 62645 0 1 0 falling 
0 1304 721 1432 844 62646 0 1 1 falling 
0 1276 720 1407 843 62647 0 1 1 falling 
0 1248 719 1381 842 62648 0 1 1 falling 
0 1220 718 1356 841 62649 0 1 0 falling 
0 1202 717 1341 840 62650 0 1 1 falling 
0 1185 717 1327 840 62651 0 1 1 falling 
0 1168 716 1312 839 62652 0 1 1 falling 
0 1151 716 1298 839 62653 0 1 1 falling 
0 1134 715 1283 838 62654 0 1 1 falling 
1 1328 666 1449 865 62635 1 0 1 falling 
1 1327 668 1447 869 62636 1 0 1 standing 
1 1326 670 1445 873 62637 0 0 0 standing 
1 1305 680 1413 872 62638 0 0 1 standing 
1 1284 690 1381 871 62639 0 0 1 standing 
1 1263 700 1349 870 62640 0 0 0 standing 
1 1232 704 1317 869 62641 0 0 1 standing 
1 1202 708 1286 869 62642 0 0 1 standing 
1 1172 712 1255 869 62643 0 0 0 standing 
1 1138 714 1221 867 62644 0 0 1 standing 
1 1104 716 1187 866 62645 0 0 1 standing 
1 1071 718 1154 865 62646 0 0 0 standing 
1 1039 718 1122 865 62647 0 0 1 standing 
1 1007 719 1090 865 62648 0 0 1 standing 
1 976 720 1058 866 62649 0 0 0 standing 
1 952 721 1035 867 62650 0 0 1 standing 
1 929 722 1012 868 62651 0 0 1 standing 
1 906 724 989 870 62652 0 0 0 standing 
1 892 723 974 870 62653 0 0 1 standing 
1 879 723 960 870 62654 0 0 1 standing 
2 1722 603 1824 806 62635 1 0 1 standing 
2 1720 603 1823 806 62636 1 0 1 standing 
2 1719 604 1823 807 62637 0 0 0 standing 
2 1700 606 1803 805 62638 0 0 1 standing 
2 1682 608 1784 803 62639 0 0 1 standing 
2 1664 610 1765 801 62640 0 0 0 standing 
2 1632 607 1732 800 62641 0 0 1 standing 
2 1601 604 1700 799 62642 0 0 1 standing 
2 1570 601 1668 798 62643 0 0 0 standing 
2 1533 601 1630 795 62644 0 0 1 standing 
2 1496 601 1593 792 62645 0 0 1 standing 
2 1459 601 1556 789 62646 0 0 0 standing 
2 1428 601 1525 789 62647 0 0 1 standing 
2 1398 601 1494 789 62648 0 0 1 standing 
2 1368 601 1463 789 62649 0 0 0 standing 
2 1345 598 1439 786 62650 0 0 1 standing 
2 1322 596 1415 784 62651 0 0 1 standing 
2 1299 594 1391 782 62652 0 0 0 standing 
2 1285 593 1376 782 62653 0 0 1 standing 
2 1271 592 1361 782 62654 0 0 1 standing 
3 1578 590 1678 745 62635 1 0 1 standing 
3 1577 590 1677 745 62636 1 0 1 standing 
3 1577 590 1677 745 62637 0 0 0 standing 
3 1558 588 1657 746 62638 0 0 1 standing 
3 1539 587 1637 747 62639 0 0 1 standing 
3 1520 586 1618 748 62640 0 0 0 standing 
3 1487 584 1589 745 62641 0 0 1 standing 
3 1454 582 1561 743 62642 0 0 1 standing 
3 1421 580 1533 741 62643 0 0 0 standing 
3 1387 580 1495 740 62644 0 0 1 standing 
3 1354 581 1458 740 62645 0 0 1 standing 
3 1321 582 1421 740 62646 0 0 0 standing 
3 1288 579 1390 741 62647 0 0 1 standing 
3 1256 576 1359 742 62648 0 0 1 standing 
3 1224 573 1328 743 62649 0 0 0 standing 
3 1209 572 1306 740 62650 0 0 1 standing 
3 1194 571 1284 737 62651 0 0 1 standing 
3 1180 571 1263 735 62652 0 0 0 standing 
3 1173 568 1250 737 62653 0 0 1 standing 
3 1166 565 1238 739 62654 0 0 1 standing 
4 1401 527 1511 706 62635 1 0 1 standing 
4 1400 527 1510 706 62636 1 0 1 standing 
4 1399 527 1509 706 62637 0 0 0 standing 
4 1381 526 1490 705 62638 0 0 1 standing 
4 1363 525 1472 704 62639 0 0 1 standing 
4 1345 525 1454 704 62640 0 0 0 standing 
4 1315 524 1423 703 62641 0 0 1 standing 
4 1285 523 1392 702 62642 0 0 1 standing 
4 1255 522 1362 701 62643 0 0 0 standing 
4 1221 521 1326 700 62644 0 0 1 standing 
4 1187 521 1290 700 62645 0 0 1 standing 
4 1154 521 1254 700 62646 0 0 0 standing 
4 1122 521 1222 700 62647 0 0 1 standing 
4 1090 521 1191 700 62648 0 0 1 standing 
4 1059 522 1160 701 62649 0 0 0 standing 
4 1037 522 1135 701 62650 0 0 1 standing 
4 1016 522 1110 701 62651 0 0 1 standing 
4 995 522 1086 701 62652 0 0 0 standing 
4 987 521 1074 700 62653 0 0 1 standing 
4 979 520 1063 699 62654 0 0 1 standing 
5 1449 425 1514 588 62635 1 0 1 standing 
5 1447 426 1512 588 62636 1 0 1 standing 
5 1446 427 1511 588 62637 0 0 0 standing 
5 1425 430 1490 588 62638 0 0 1 standing 
5 1405 433 1469 588 62639 0 0 1 standing 
5 1385 436 1449 589 62640 0 0 0 standing 
5 1354 436 1417 592 62641 0 0 1 standing 
5 1323 436 1385 596 62642 0 0 1 standing 
5 1292 437 1354 600 62643 0 0 0 standing 
5 1256 437 1318 604 62644 0 0 1 standing 
5 1221 437 1282 608 62645 0 0 1 standing 
5 1186 438 1247 613 62646 0 0 0 standing 
5 1155 438 1215 610 62647 0 0 1 standing 
5 1124 438 1184 607 62648 0 0 1 standing 
5 1094 438 1153 605 62649 0 0 0 standing 
5 1073 440 1131 606 62650 0 0 1 standing 
5 1053 442 1110 607 62651 0 0 1 standing 
5 1033 444 1089 608 62652 0 0 0 standing 
5 1019 443 1077 607 62653 0 0 1 standing 
5 1005 442 1065 607 62654 0 0 1 standing 
6 1253 592 1310 853 62635 1 0 1 standing 
6 1252 595 1309 854 62636 1 0 1 standing 
6 1252 598 1308 856 62637 0 0 0 standing 
6 1232 611 1290 858 62638 0 0 1 standing 
6 1213 624 1273 860 62639 0 0 1 standing 
6 1194 637 1256 862 62640 0 0 0 standing 
6 1163 633 1227 860 62641 0 0 1 standing 
6 1132 629 1198 859 62642 0 0 1 standing 
6 1102 625 1169 858 62643 0 0 0 standing 
6 1069 640 1131 865 62644 0 0 1 standing 
6 1037 655 1093 872 62645 0 0 1 standing 
6 1005 670 1055 879 62646 0 0 0 standing 
6 973 672 1031 887 62647 0 0 1 standing 
6 941 674 1007 895 62648 0 0 1 standing 
6 909 677 983 903 62649 0 0 0 standing 
6 870 667 960 908 62650 0 0 1 standing 
6 832 658 938 913 62651 0 0 1 standing 
6 794 649 916 919 62652 0 0 0 standing 
6 777 654 898 920 62653 0 0 1 standing 
6 760 659 880 922 62654 0 0 1 standing 
7 1058 493 1160 667 62635 1 0 1 standing 
7 1057 492 1159 667 62636 1 0 1 standing 
7 1057 492 1158 668 62637 0 0 0 standing 
7 1039 490 1139 666 62638 0 0 1 standing 
7 1021 488 1120 664 62639 0 0 1 standing 
7 1003 487 1101 663 62640 0 0 0 standing 
7 972 487 1069 662 62641 0 0 1 standing 
7 942 488 1038 662 62642 0 0 1 standing 
7 912 489 1007 662 62643 0 0 0 standing 
7 876 490 970 664 62644 0 0 1 standing 
7 840 492 933 667 62645 0 0 1 standing 
7 804 494 896 670 62646 0 0 0 standing 
7 774 496 862 671 62647 0 0 1 standing 
7 744 498 828 672 62648 0 0 1 standing 
7 714 501 794 673 62649 0 0 0 standing 
7 693 501 772 674 62650 0 0 1 standing 
7 672 501 750 676 62651 0 0 1 standing 
7 651 502 728 678 62652 0 0 0 standing 
7 634 501 713 679 62653 0 0 1 standing 
7 617 500 698 680 62654 0 0 1 standing 
8 863 631 928 835 62635 1 0 1 standing 
8 862 630 927 835 62636 1 0 1 standing 
8 861 630 926 836 62637 0 0 0 standing 
8 845 627 911 836 62638 0 0 1 standing 
8 829 624 896 837 62639 0 0 1 standing 
8 813 621 881 838 62640 0 0 0 standing 
8 782 622 846 837 62641 0 0 1 standing 
8 751 623 811 837 62642 0 0 1 standing 
8 720 625 776 837 62643 0 0 0 standing 
8 687 626 742 838 62644 0 0 1 standing 
8 654 627 708 839 62645 0 0 1 standing 
8 621 628 674 840 62646 0 0 0 standing 
8 590 629 643 841 62647 0 0 1 standing 
8 559 631 612 843 62648 0 0 1 standing 
8 529 633 582 845 62649 0 0 0 standing 
8 506 636 559 848 62650 0 0 1 standing 
8 483 639 536 851 62651 0 0 1 standing 
8 461 642 513 854 62652 0 0 0 standing 
8 447 642 499 854 62653 0 0 1 standing 
8 433 642 485 855 62654 0 0 1 standing 
9 1180 585 1296 811 62635 1 0 1 standing 
9 1179 590 1292 814 62636 1 0 1 standing 
9 1179 595 1289 817 62637 0 0 0 standing 
9 1164 612 1269 833 62638 0 0 1 standing 
9 1149 630 1249 849 62639 0 0 1 standing 
9 1134 648 1229 865 62640 0 0 0 standing 
9 1102 655 1192 864 62641 0 0 1 standing 
9 1070 662 1155 864 62642 0 0 1 standing 
9 1038 670 1118 864 62643 0 0 0 standing 
9 1004 672 1086 868 62644 0 0 1 standing 
9 970 675 1054 872 62645 0 0 1 standing 
9 936 678 1022 877 62646 0 0 0 standing 
9 907 681 986 880 62647 0 0 1 standing 
9 878 684 950 884 62648 0 0 1 standing 
9 850 688 915 888 62649 0 0 0 standing 
9 826 687 892 890 62650 0 0 1 standing 
9 802 686 869 892 62651 0 0 1 standing 
9 778 685 846 894 62652 0 0 0 standing 
9 765 680 833 893 62653 0 0 1 standing 
9 752 676 820 892 62654 0 0 1 standing 
10 877 505 998 628 62635 1 0 1 standing 
10 876 505 997 628 62636 1 0 1 standing 
10 875 505 997 628 62637 0 0 0 standing 
10 858 504 979 626 62638 0 0 1 standing 
10 841 503 961 625 62639 0 0 1 standing 
10 825 502 944 624 62640 0 0 0 standing 
10 791 506 906 627 62641 0 0 1 standing 
10 758 510 868 630 62642 0 0 1 standing 
10 725 514 831 634 62643 0 0 0 standing 
10 685 519 781 639 62644 0 0 1 standing 
10 646 525 731 644 62645 0 0 1 standing 
10 607 531 681 650 62646 0 0 0 standing 
10 574 534 647 658 62647 0 0 1 standing 
10 541 537 614 666 62648 0 0 1 standing 
10 508 541 581 675 62649 0 0 0 standing 
10 477 545 560 681 62650 0 0 1 standing 
10 447 549 539 687 62651 0 0 1 standing 
10 417 554 518 693 62652 0 0 0 standing 
10 400 556 502 694 62653 0 0 1 standing 
10 383 559 486 695 62654 0 0 1 standing 
11 570 520 646 685 62635 1 0 1 standing 
11 569 519 645 685 62636 1 0 1 standing 
11 568 519 645 685 62637 0 0 0 standing 
11 552 513 626 685 62638 0 0 1 standing 
11 537 507 608 685 62639 0 0 1 standing 
11 522 502 590 685 62640 0 0 0 standing 
11 493 503 559 684 62641 0 0 1 standing 
11 464 505 528 683 62642 0 0 1 standing 
11 435 507 497 683 62643 0 0 0 standing 
11 402 511 463 687 62644 0 0 1 standing 
11 369 515 430 691 62645 0 0 1 standing 
11 336 519 397 695 62646 0 0 0 standing 
11 302 525 363 699 62647 0 0 1 standing 
11 269 531 329 703 62648 0 0 1 standing 
11 236 538 295 708 62649 0 0 0 standing 
11 211 539 270 710 62650 0 0 1 standing 
11 186 541 245 712 62651 0 0 1 standing 
11 162 543 221 715 62652 0 0 0 standing 
11 146 544 205 717 62653 0 0 1 standing 
11 131 546 190 719 62654 0 0 1 standing 
