0 22 421 91 547 45680 0 1 0 standing 
0 24 419 92 545 45681 0 1 1 standing 
0 27 418 93 544 45682 0 1 1 standing 
0 30 417 94 543 45683 0 1 1 standing 
0 32 416 95 542 45684 0 1 1 standing 
0 35 415 96 541 45685 0 1 1 standing 
0 38 414 97 539 45686 0 1 1 standing 
0 40 413 98 538 45687 0 1 1 standing 
0 43 412 99 537 45688 0 1 1 standing 
0 46 411 100 536 45689 0 1 1 standing 
0 49 410 102 535 45690 0 1 0 standing 
0 52 410 103 534 45691 0 1 1 standing 
0 55 410 105 534 45692 0 1 1 standing 
0 58 410 107 533 45693 0 1 1 standing 
0 61 410 108 533 45694 0 1 1 standing 
0 65 410 110 532 45695 0 1 1 standing 
0 68 410 112 532 45696 0 1 1 standing 
0 71 410 113 531 45697 0 1 1 standing 
0 74 410 115 531 45698 0 1 1 standing 
0 77 410 117 530 45699 0 1 1 standing 
1 2 409 62 531 45680 0 1 0 standing 
1 5 408 64 530 45681 0 1 1 standing 
1 8 408 66 530 45682 0 1 1 standing 
1 11 407 69 529 45683 0 1 1 standing 
1 14 407 71 529 45684 0 1 1 standing 
1 17 407 74 528 45685 0 1 1 standing 
1 20 406 76 528 45686 0 1 1 standing 
1 23 406 78 527 45687 0 1 1 standing 
1 26 405 81 527 45688 0 1 1 standing 
1 29 405 83 526 45689 0 1 1 standing 
1 33 405 86 526 45690 0 1 0 standing 
1 36 405 88 526 45691 0 1 1 standing 
1 40 405 91 526 45692 0 1 1 standing 
1 44 405 93 526 45693 0 1 1 standing 
1 47 406 96 526 45694 0 1 1 standing 
1 51 406 99 527 45695 0 1 1 standing 
1 55 406 101 527 45696 0 1 1 standing 
1 58 407 104 527 45697 0 1 1 standing 
1 62 407 106 527 45698 0 1 1 standing 
1 66 407 109 527 45699 0 1 1 standing 
2 95 390 145 507 45680 0 1 0 standing 
2 95 390 144 507 45681 0 1 1 standing 
2 95 390 144 507 45682 0 1 1 standing 
2 95 390 144 507 45683 0 1 1 standing 
2 95 391 144 508 45684 0 1 1 standing 
2 95 391 144 508 45685 0 1 1 standing 
2 95 391 144 508 45686 0 1 1 standing 
2 96 392 143 508 45687 0 1 1 standing 
2 96 392 143 509 45688 0 1 1 standing 
2 96 392 143 509 45689 0 1 1 standing 
2 96 393 143 509 45690 0 1 1 standing 
2 96 393 143 509 45691 0 1 1 standing 
2 96 393 143 510 45692 0 1 1 standing 
2 96 393 143 510 45693 0 1 1 standing 
2 97 394 142 510 45694 0 1 1 standing 
2 97 394 142 510 45695 0 1 1 standing 
2 97 394 142 511 45696 0 1 1 standing 
2 97 395 142 511 45697 0 1 1 standing 
2 97 395 142 511 45698 0 1 1 standing 
2 97 395 142 511 45699 0 1 1 standing 
3 157 415 205 543 45680 0 1 0 standing 
3 154 415 201 542 45681 0 1 1 standing 
3 152 415 198 541 45682 0 1 1 standing 
3 150 415 195 540 45683 0 1 1 standing 
3 148 415 192 540 45684 0 1 1 standing 
3 146 415 189 539 45685 0 1 1 standing 
3 143 415 185 538 45686 0 1 1 standing 
3 141 415 182 538 45687 0 1 1 standing 
3 139 415 179 537 45688 0 1 1 standing 
3 137 415 176 536 45689 0 1 1 standing 
3 135 415 173 536 45690 0 1 0 standing 
3 132 414 170 535 45691 0 1 1 standing 
3 130 413 168 534 45692 0 1 1 standing 
3 128 412 166 533 45693 0 1 1 standing 
3 126 412 164 533 45694 0 1 1 standing 
3 124 411 162 532 45695 0 1 1 standing 
3 122 410 160 531 45696 0 1 1 standing 
3 120 410 158 531 45697 0 1 1 standing 
3 118 409 156 530 45698 0 1 1 standing 
3 116 408 154 529 45699 0 1 1 standing 
4 142 395 201 515 45680 0 1 0 standing 
4 141 395 198 515 45681 0 1 1 standing 
4 141 396 196 516 45682 0 1 1 standing 
4 140 396 193 516 45683 0 1 1 standing 
4 140 397 191 517 45684 0 1 1 standing 
4 140 398 189 517 45685 0 1 1 standing 
4 139 398 186 518 45686 0 1 1 standing 
4 139 399 184 518 45687 0 1 1 standing 
4 138 399 181 519 45688 0 1 1 standing 
4 138 400 179 519 45689 0 1 1 standing 
4 138 401 177 520 45690 0 1 0 standing 
4 136 400 175 519 45691 0 1 1 standing 
4 134 400 173 519 45692 0 1 1 standing 
4 132 399 171 518 45693 0 1 1 standing 
4 130 399 169 518 45694 0 1 1 standing 
4 129 399 168 518 45695 0 1 1 standing 
4 127 398 166 517 45696 0 1 1 standing 
4 125 398 164 517 45697 0 1 1 standing 
4 123 397 162 516 45698 0 1 1 standing 
4 121 397 160 516 45699 0 1 1 standing 
5 171 386 221 506 45680 0 1 0 standing 
5 167 386 217 506 45681 0 1 1 standing 
5 164 387 214 507 45682 0 1 1 standing 
5 160 388 210 508 45683 0 1 1 standing 
5 157 389 207 509 45684 0 1 1 standing 
5 153 390 203 510 45685 0 1 1 standing 
5 150 390 200 510 45686 0 1 1 standing 
5 146 391 196 511 45687 0 1 1 standing 
5 143 392 193 512 45688 0 1 1 standing 
5 139 393 189 513 45689 0 1 1 standing 
5 136 394 186 514 45690 0 1 0 standing 
5 134 395 183 513 45691 0 1 1 standing 
5 133 396 181 513 45692 0 1 1 standing 
5 132 397 178 512 45693 0 1 1 standing 
5 130 398 176 512 45694 0 1 1 standing 
5 129 400 174 512 45695 0 1 1 standing 
5 128 401 171 511 45696 0 1 1 standing 
5 126 402 169 511 45697 0 1 1 standing 
5 125 403 166 510 45698 0 1 1 standing 
5 124 404 164 510 45699 0 1 1 standing 
6 315 388 373 504 45680 0 0 0 standing 
6 314 388 372 504 45681 0 0 1 standing 
6 313 388 371 504 45682 0 0 1 standing 
6 313 388 371 504 45683 0 0 0 standing 
6 317 388 374 503 45684 0 0 1 standing 
6 321 388 377 502 45685 0 0 1 standing 
6 326 388 380 501 45686 0 0 0 standing 
6 330 388 381 500 45687 0 0 1 standing 
6 335 388 382 499 45688 0 0 1 standing 
6 340 388 383 499 45689 0 0 0 standing 
6 340 390 385 501 45690 0 0 1 standing 
6 341 393 387 503 45691 0 0 1 standing 
6 342 396 390 506 45692 0 0 0 standing 
6 343 397 394 507 45693 0 0 1 standing 
6 345 399 398 508 45694 0 0 1 standing 
6 347 401 402 510 45695 0 0 0 standing 
6 351 399 406 509 45696 0 0 1 standing 
6 355 398 411 508 45697 0 0 1 standing 
6 360 396 415 508 45698 0 0 1 standing 
6 364 395 420 507 45699 0 0 1 standing 
7 410 419 456 545 45680 0 0 0 standing 
7 408 418 454 544 45681 0 0 1 standing 
7 406 418 452 544 45682 0 0 1 standing 
7 405 418 451 544 45683 0 0 0 standing 
7 404 418 450 544 45684 0 0 1 standing 
7 404 418 450 544 45685 0 0 1 standing 
7 404 418 450 544 45686 0 0 0 standing 
7 404 418 449 542 45687 0 0 1 standing 
7 404 418 449 540 45688 0 0 1 standing 
7 404 418 449 539 45689 0 0 0 standing 
7 407 418 449 538 45690 0 0 1 standing 
7 411 418 450 538 45691 0 0 1 standing 
7 415 418 451 538 45692 0 0 0 standing 
7 416 417 453 535 45693 0 0 1 standing 
7 417 416 455 532 45694 0 0 1 standing 
7 419 416 457 530 45695 0 0 0 standing 
7 419 416 460 529 45696 0 0 1 standing 
7 419 416 463 529 45697 0 0 1 standing 
7 419 416 467 529 45698 0 0 0 standing 
7 419 416 467 529 45699 0 0 1 standing 
8 416 379 470 488 45680 0 0 0 standing 
8 412 379 470 487 45681 0 0 1 standing 
8 408 379 470 487 45682 0 0 1 standing 
8 405 379 470 487 45683 0 0 0 standing 
8 404 380 472 488 45684 0 0 1 standing 
8 404 382 474 489 45685 0 0 1 standing 
8 404 384 477 491 45686 0 0 0 standing 
8 404 384 479 491 45687 0 0 1 standing 
8 404 384 481 491 45688 0 0 1 standing 
8 405 384 483 491 45689 0 0 1 standing 
8 405 384 485 491 45690 0 0 1 standing 
8 405 384 487 491 45691 0 0 1 standing 
8 406 385 490 491 45692 0 0 0 standing 
8 407 386 493 491 45693 0 0 1 standing 
8 408 387 497 492 45694 0 0 1 standing 
8 410 388 501 493 45695 0 0 0 standing 
8 412 387 503 494 45696 0 0 1 standing 
8 414 387 505 495 45697 0 0 1 standing 
8 416 387 507 497 45698 0 0 1 standing 
8 418 387 509 498 45699 0 0 1 standing 
9 478 482 534 551 45680 0 0 0 standing 
9 477 482 532 550 45681 0 0 1 falling 
9 476 482 530 550 45682 0 0 1 falling 
9 476 482 528 550 45683 0 0 0 falling 
9 474 482 526 551 45684 0 0 1 falling 
9 473 482 524 552 45685 0 0 1 falling 
9 472 482 523 553 45686 0 0 0 falling 
9 471 482 522 553 45687 0 0 1 falling 
9 470 482 522 554 45688 0 0 1 falling 
9 469 482 522 555 45689 0 0 0 falling 
9 470 482 523 555 45690 0 0 1 falling 
9 471 483 524 556 45691 0 0 1 falling 
9 472 484 525 557 45692 0 0 0 falling 
9 470 483 523 556 45693 0 0 1 falling 
9 468 482 521 555 45694 0 0 1 falling 
9 467 482 520 555 45695 0 0 0 falling 
9 467 477 519 555 45696 0 0 1 falling 
9 467 473 519 555 45697 0 0 1 falling 
9 467 469 518 555 45698 0 0 1 falling 
9 467 465 518 555 45699 0 0 1 falling 
10 594 350 639 472 45680 0 0 0 falling 
10 591 351 636 473 45681 0 0 1 standing 
10 588 352 633 474 45682 0 0 1 standing 
10 585 353 630 475 45683 0 0 0 standing 
10 582 354 627 476 45684 0 0 1 standing 
10 579 355 624 477 45685 0 0 1 standing 
10 577 357 622 479 45686 0 0 0 standing 
10 575 357 620 479 45687 0 0 1 standing 
10 573 357 618 479 45688 0 0 1 standing 
10 572 358 617 480 45689 0 0 0 standing 
10 571 358 616 480 45690 0 0 1 standing 
10 570 358 615 480 45691 0 0 1 standing 
10 569 358 614 480 45692 0 0 0 standing 
10 567 359 612 481 45693 0 0 1 standing 
10 565 360 610 482 45694 0 0 1 standing 
10 564 361 609 483 45695 0 0 0 standing 
10 558 362 606 483 45696 0 0 1 standing 
10 553 363 604 484 45697 0 0 1 standing 
10 548 365 602 484 45698 0 0 1 standing 
10 543 366 600 485 45699 0 0 1 standing 
11 915 426 977 542 45680 0 0 0 standing 
11 920 424 989 541 45681 0 0 1 standing 
11 925 423 1001 540 45682 0 0 1 standing 
11 930 422 1014 540 45683 0 0 0 standing 
11 941 425 1019 543 45684 0 0 1 standing 
11 952 429 1025 546 45685 0 0 1 standing 
11 964 433 1031 550 45686 0 0 0 standing 
11 976 433 1037 550 45687 0 0 1 standing 
11 988 433 1043 550 45688 0 0 1 standing 
11 1000 434 1050 550 45689 0 0 0 standing 
11 1002 433 1063 548 45690 0 0 1 standing 
11 1005 432 1077 546 45691 0 0 1 standing 
11 1008 431 1091 545 45692 0 0 0 standing 
11 1019 432 1096 546 45693 0 0 1 standing 
11 1030 433 1102 548 45694 0 0 1 standing 
11 1042 435 1108 550 45695 0 0 0 standing 
11 1051 435 1116 549 45696 0 0 1 standing 
11 1060 435 1124 549 45697 0 0 1 standing 
11 1069 435 1133 548 45698 0 0 1 standing 
11 1078 435 1141 548 45699 0 0 1 standing 
