0 912 339 1001 457 52395 0 1 0 digging 
0 905 336 992 456 52396 0 1 1 digging 
0 899 334 984 455 52397 0 1 1 digging 
0 893 332 975 454 52398 0 1 1 digging 
0 887 330 967 453 52399 0 1 0 digging 
0 887 329 964 453 52400 0 1 1 digging 
0 887 329 962 453 52401 0 1 1 digging 
0 887 328 960 453 52402 0 1 1 digging 
0 887 328 958 453 52403 0 1 1 digging 
0 887 327 956 453 52404 0 1 1 digging 
0 887 327 954 454 52405 0 1 0 digging 
0 891 325 957 454 52406 0 1 1 digging 
0 895 324 960 455 52407 0 1 1 digging 
0 899 322 963 455 52408 0 1 1 digging 
0 903 321 966 456 52409 0 1 1 digging 
0 907 320 969 456 52410 0 1 1 digging 
0 911 318 972 457 52411 0 1 1 digging 
0 915 317 975 457 52412 0 1 1 digging 
0 920 316 979 458 52413 0 1 0 digging 
0 920 316 979 458 52414 0 1 1 digging 
1 1012 468 1083 599 52395 0 0 0 digging 
1 1011 466 1081 598 52396 0 0 1 digging 
1 1010 465 1079 598 52397 0 0 1 digging 
1 1010 463 1078 598 52398 0 0 1 digging 
1 1009 462 1076 598 52399 0 0 1 digging 
1 1008 461 1075 598 52400 0 0 1 digging 
1 1008 459 1073 598 52401 0 0 1 digging 
1 1007 458 1072 598 52402 0 0 1 digging 
1 1007 456 1070 598 52403 0 0 1 digging 
1 1006 455 1069 598 52404 0 0 1 digging 
1 1005 454 1067 598 52405 0 0 1 digging 
1 1005 452 1066 598 52406 0 0 1 digging 
1 1004 451 1064 598 52407 0 0 1 digging 
1 1004 450 1063 598 52408 0 0 0 digging 
1 1005 449 1069 598 52409 0 0 1 digging 
1 1006 449 1075 598 52410 0 0 1 digging 
1 1008 448 1081 598 52411 0 0 1 digging 
1 1009 448 1087 598 52412 0 0 1 digging 
1 1011 448 1093 599 52413 0 0 0 digging 
1 1011 448 1093 599 52414 0 0 1 digging 
2 1093 386 1173 513 52395 0 0 0 digging 
2 1090 382 1168 510 52396 0 0 1 standing 
2 1087 378 1164 508 52397 0 0 1 standing 
2 1084 375 1160 506 52398 0 0 1 standing 
2 1082 371 1156 504 52399 0 0 1 standing 
2 1079 368 1152 502 52400 0 0 1 standing 
2 1076 364 1147 500 52401 0 0 1 standing 
2 1074 360 1143 498 52402 0 0 1 standing 
2 1071 357 1139 496 52403 0 0 1 standing 
2 1068 353 1135 494 52404 0 0 1 standing 
2 1066 350 1131 492 52405 0 0 0 standing 
2 1068 349 1132 492 52406 0 0 1 standing 
2 1071 349 1133 492 52407 0 0 1 standing 
2 1074 349 1134 492 52408 0 0 1 standing 
2 1077 348 1136 493 52409 0 0 1 standing 
2 1080 348 1137 493 52410 0 0 1 standing 
2 1082 348 1138 493 52411 0 0 1 standing 
2 1085 347 1140 494 52412 0 0 1 standing 
2 1088 347 1141 494 52413 0 0 1 standing 
2 1091 347 1142 494 52414 0 0 1 standing 
3 765 341 846 448 52395 0 0 0 standing 
3 762 338 841 447 52396 0 0 1 standing 
3 760 335 837 447 52397 0 0 1 standing 
3 757 333 833 447 52398 0 0 1 standing 
3 755 330 829 447 52399 0 0 1 standing 
3 752 328 825 447 52400 0 0 1 standing 
3 750 325 820 446 52401 0 0 1 standing 
3 747 322 816 446 52402 0 0 1 standing 
3 745 320 812 446 52403 0 0 1 standing 
3 742 317 808 446 52404 0 0 1 standing 
3 740 315 804 446 52405 0 0 0 standing 
3 739 315 804 445 52406 0 0 1 standing 
3 738 315 804 445 52407 0 0 1 standing 
3 738 315 804 444 52408 0 0 1 standing 
3 737 315 804 444 52409 0 0 1 standing 
3 737 315 805 444 52410 0 0 0 standing 
3 740 314 812 443 52411 0 0 1 standing 
3 743 313 820 442 52412 0 0 1 standing 
3 746 312 827 441 52413 0 0 1 standing 
3 749 311 835 440 52414 0 0 0 standing 
4 520 338 581 548 52395 0 0 0 standing 
4 519 346 578 552 52396 0 0 1 standing 
4 518 355 575 557 52397 0 0 1 standing 
4 517 364 572 561 52398 0 0 1 standing 
4 516 373 570 566 52399 0 0 1 standing 
4 515 382 567 570 52400 0 0 1 standing 
4 514 391 564 575 52401 0 0 1 standing 
4 513 400 562 580 52402 0 0 0 standing 
4 512 404 563 580 52403 0 0 1 standing 
4 512 408 564 581 52404 0 0 1 standing 
4 512 412 565 582 52405 0 0 1 standing 
4 512 416 567 583 52406 0 0 0 standing 
4 513 418 569 584 52407 0 0 1 standing 
4 514 420 571 586 52408 0 0 1 standing 
4 515 422 573 587 52409 0 0 1 standing 
4 516 425 575 589 52410 0 0 0 standing 
4 517 427 584 591 52411 0 0 1 standing 
4 518 429 593 593 52412 0 0 1 standing 
4 519 432 602 595 52413 0 0 1 standing 
4 520 434 611 597 52414 0 0 1 standing 
5 525 325 600 510 52395 0 0 0 standing 
5 523 334 596 517 52396 0 0 1 standing 
5 521 344 592 524 52397 0 0 1 standing 
5 520 354 588 531 52398 0 0 1 standing 
5 518 364 584 539 52399 0 0 1 standing 
5 517 374 580 546 52400 0 0 1 standing 
5 515 384 576 553 52401 0 0 1 standing 
5 514 394 572 561 52402 0 0 0 standing 
5 514 398 569 562 52403 0 0 1 standing 
5 514 402 566 563 52404 0 0 1 standing 
5 514 406 564 565 52405 0 0 0 standing 
5 514 406 565 565 52406 0 0 1 standing 
5 514 406 567 565 52407 0 0 1 standing 
5 515 406 569 565 52408 0 0 1 standing 
5 515 406 571 565 52409 0 0 1 standing 
5 516 406 573 565 52410 0 0 1 standing 
5 516 406 575 565 52411 0 0 1 standing 
5 516 406 577 565 52412 0 0 1 standing 
5 517 406 579 565 52413 0 0 1 standing 
5 517 406 581 565 52414 0 0 1 standing 
6 410 425 509 528 52395 0 0 0 standing 
6 407 423 506 528 52396 0 0 1 waiting 
6 405 421 503 528 52397 0 0 1 waiting 
6 402 419 501 528 52398 0 0 1 waiting 
6 400 417 498 528 52399 0 0 1 waiting 
6 397 416 496 528 52400 0 0 1 waiting 
6 395 414 493 528 52401 0 0 1 waiting 
6 392 412 490 528 52402 0 0 1 waiting 
6 390 410 488 528 52403 0 0 1 waiting 
6 387 408 485 528 52404 0 0 1 waiting 
6 385 407 483 529 52405 0 0 0 waiting 
6 386 403 483 529 52406 0 0 1 waiting 
6 387 400 483 529 52407 0 0 1 waiting 
6 388 397 483 529 52408 0 0 1 waiting 
6 389 394 483 529 52409 0 0 1 waiting 
6 390 391 484 529 52410 0 0 0 waiting 
6 390 390 484 528 52411 0 0 1 waiting 
6 391 390 484 528 52412 0 0 1 waiting 
6 391 389 484 527 52413 0 0 1 waiting 
6 392 389 484 527 52414 0 0 1 waiting 
7 385 343 466 463 52395 0 0 0 waiting 
7 381 343 461 463 52396 0 0 1 standing 
7 377 343 457 463 52397 0 0 1 standing 
7 374 343 453 463 52398 0 0 0 standing 
7 373 341 452 461 52399 0 0 1 standing 
7 373 340 451 460 52400 0 0 1 standing 
7 373 339 450 458 52401 0 0 1 standing 
7 372 337 449 457 52402 0 0 1 standing 
7 372 336 448 455 52403 0 0 1 standing 
7 372 335 447 454 52404 0 0 1 standing 
7 372 334 447 453 52405 0 0 0 standing 
7 371 333 446 456 52406 0 0 1 standing 
7 371 333 445 459 52407 0 0 1 standing 
7 370 332 444 463 52408 0 0 1 standing 
7 370 332 443 466 52409 0 0 1 standing 
7 370 332 442 470 52410 0 0 0 standing 
7 371 331 443 465 52411 0 0 1 standing 
7 372 330 444 460 52412 0 0 1 standing 
7 374 329 445 455 52413 0 0 1 standing 
7 375 328 446 450 52414 0 0 1 standing 
8 192 386 283 534 52395 0 0 0 standing 
8 189 385 279 533 52396 0 0 1 standing 
8 186 384 275 532 52397 0 0 1 standing 
8 183 384 272 532 52398 0 0 0 standing 
8 180 384 268 531 52399 0 0 1 standing 
8 177 384 265 531 52400 0 0 1 standing 
8 174 384 261 531 52401 0 0 1 standing 
8 172 384 258 531 52402 0 0 0 standing 
8 173 383 258 530 52403 0 0 1 standing 
8 174 383 258 530 52404 0 0 1 standing 
8 175 383 259 530 52405 0 0 0 standing 
8 175 382 258 529 52406 0 0 1 standing 
8 176 381 257 529 52407 0 0 1 standing 
8 176 380 257 529 52408 0 0 1 standing 
8 177 379 256 529 52409 0 0 1 standing 
8 178 378 256 529 52410 0 0 0 standing 
8 174 377 251 529 52411 0 0 1 standing 
8 170 377 246 529 52412 0 0 1 standing 
8 166 377 241 530 52413 0 0 1 standing 
8 162 377 236 530 52414 0 0 1 standing 
9 270 365 378 488 52395 0 0 0 standing 
9 267 365 375 488 52396 0 0 1 standing 
9 265 365 373 488 52397 0 0 1 standing 
9 263 365 371 488 52398 0 0 1 standing 
9 260 365 368 488 52399 0 0 1 standing 
9 258 365 366 488 52400 0 0 1 standing 
9 256 365 364 488 52401 0 0 1 standing 
9 253 365 361 488 52402 0 0 1 standing 
9 251 365 359 488 52403 0 0 1 standing 
9 249 365 357 488 52404 0 0 1 standing 
9 247 365 355 488 52405 0 0 0 standing 
9 248 363 355 488 52406 0 0 1 standing 
9 250 361 355 488 52407 0 0 1 standing 
9 252 359 356 488 52408 0 0 1 standing 
9 253 357 356 488 52409 0 0 1 standing 
9 255 356 357 489 52410 0 0 1 standing 
9 257 354 357 489 52411 0 0 1 standing 
9 258 352 357 489 52412 0 0 1 standing 
9 260 350 358 489 52413 0 0 1 standing 
9 262 348 358 489 52414 0 0 1 standing 
10 325 448 395 546 52395 0 0 0 standing 
10 321 444 390 546 52396 0 0 1 waiting 
10 318 441 385 546 52397 0 0 1 waiting 
10 315 438 380 547 52398 0 0 1 waiting 
10 312 435 375 547 52399 0 0 1 waiting 
10 309 432 370 548 52400 0 0 1 waiting 
10 306 429 365 548 52401 0 0 1 waiting 
10 303 426 361 549 52402 0 0 0 waiting 
10 303 423 359 550 52403 0 0 1 waiting 
10 303 421 358 551 52404 0 0 1 waiting 
10 304 419 357 552 52405 0 0 0 waiting 
10 301 418 354 552 52406 0 0 1 waiting 
10 298 417 351 553 52407 0 0 1 waiting 
10 295 417 348 554 52408 0 0 1 waiting 
10 292 416 345 555 52409 0 0 1 waiting 
10 290 416 343 556 52410 0 0 0 waiting 
10 288 416 341 557 52411 0 0 1 waiting 
10 287 416 339 558 52412 0 0 1 waiting 
10 285 416 338 560 52413 0 0 1 waiting 
10 284 416 336 561 52414 0 0 1 waiting 
11 330 414 411 579 52395 0 0 0 waiting 
11 330 414 408 579 52396 0 0 1 standing 
11 330 415 405 580 52397 0 0 1 standing 
11 331 416 402 580 52398 0 0 1 standing 
11 331 417 399 581 52399 0 0 1 standing 
11 332 418 396 581 52400 0 0 1 standing 
11 332 419 393 582 52401 0 0 1 standing 
11 333 420 391 583 52402 0 0 0 standing 
11 333 418 391 583 52403 0 0 1 standing 
11 334 417 392 584 52404 0 0 1 standing 
11 335 416 393 585 52405 0 0 1 standing 
11 336 415 394 586 52406 0 0 0 standing 
11 336 417 397 591 52407 0 0 1 standing 
11 337 420 400 596 52408 0 0 1 standing 
11 338 423 403 601 52409 0 0 1 standing 
11 339 426 406 606 52410 0 0 0 standing 
11 340 427 410 607 52411 0 0 1 standing 
11 341 428 414 609 52412 0 0 1 standing 
11 343 429 418 610 52413 0 0 1 standing 
11 344 430 422 612 52414 0 0 1 standing 
