0 717 593 760 771 45650 0 1 0 standing 
0 718 588 761 765 45651 0 1 1 standing 
0 719 584 763 759 45652 0 1 1 standing 
0 720 580 765 753 45653 0 1 1 standing 
0 722 576 767 748 45654 0 1 0 standing 
0 724 580 769 750 45655 0 1 1 standing 
0 726 584 772 753 45656 0 1 1 standing 
0 728 588 774 755 45657 0 1 1 standing 
0 730 592 777 758 45658 0 1 1 standing 
0 732 596 779 760 45659 0 1 1 standing 
0 734 600 782 763 45660 0 1 0 standing 
0 736 600 785 763 45661 0 1 1 standing 
0 738 600 788 763 45662 0 1 1 standing 
0 740 600 792 763 45663 0 1 1 standing 
0 742 600 795 763 45664 0 1 1 standing 
0 745 600 799 763 45665 0 1 1 standing 
0 747 600 802 763 45666 0 1 1 standing 
0 749 600 805 763 45667 0 1 1 standing 
0 751 600 809 763 45668 0 1 1 standing 
0 753 600 812 763 45669 0 1 1 standing 
1 748 641 816 793 45650 0 1 0 standing 
1 748 640 815 792 45651 0 1 1 standing 
1 748 639 815 791 45652 0 1 1 standing 
1 748 638 814 791 45653 0 1 1 standing 
1 748 637 814 790 45654 0 1 1 standing 
1 749 636 814 790 45655 0 1 1 standing 
1 749 635 813 789 45656 0 1 1 standing 
1 749 634 813 788 45657 0 1 1 standing 
1 749 633 812 788 45658 0 1 1 standing 
1 749 632 812 787 45659 0 1 1 standing 
1 750 632 812 787 45660 0 1 0 standing 
1 751 631 813 785 45661 0 1 1 standing 
1 753 631 815 784 45662 0 1 1 standing 
1 754 630 816 782 45663 0 1 1 standing 
1 756 630 818 781 45664 0 1 1 standing 
1 758 630 819 780 45665 0 1 1 standing 
1 759 629 821 778 45666 0 1 1 standing 
1 761 629 822 777 45667 0 1 1 standing 
1 762 628 824 775 45668 0 1 1 standing 
1 764 628 825 774 45669 0 1 1 standing 
2 783 621 822 727 45650 0 1 0 standing 
2 782 621 821 727 45651 0 1 1 standing 
2 781 621 820 727 45652 0 1 1 standing 
2 780 621 820 727 45653 0 1 1 standing 
2 780 621 819 727 45654 0 1 1 standing 
2 779 621 819 727 45655 0 1 1 standing 
2 778 621 818 727 45656 0 1 1 standing 
2 778 621 817 727 45657 0 1 1 standing 
2 777 621 817 727 45658 0 1 1 standing 
2 776 621 816 727 45659 0 1 1 standing 
2 776 621 816 727 45660 0 1 0 standing 
2 776 621 816 728 45661 0 1 1 standing 
2 777 621 816 730 45662 0 1 1 standing 
2 778 622 817 732 45663 0 1 1 standing 
2 779 622 817 734 45664 0 1 1 standing 
2 780 623 818 736 45665 0 1 1 standing 
2 780 623 818 738 45666 0 1 1 standing 
2 781 623 818 740 45667 0 1 1 standing 
2 782 624 819 742 45668 0 1 1 standing 
2 783 624 819 744 45669 0 1 1 standing 
3 877 594 945 732 45650 0 1 0 standing 
3 872 594 940 733 45651 0 1 1 standing 
3 867 595 935 734 45652 0 1 1 standing 
3 862 596 930 735 45653 0 1 1 standing 
3 857 597 925 736 45654 0 1 1 standing 
3 852 598 920 737 45655 0 1 1 standing 
3 847 598 915 738 45656 0 1 1 standing 
3 842 599 910 739 45657 0 1 1 standing 
3 837 600 905 740 45658 0 1 1 standing 
3 832 601 900 741 45659 0 1 1 standing 
3 828 602 895 742 45660 0 1 0 standing 
3 827 601 894 741 45661 0 1 1 standing 
3 826 601 893 741 45662 0 1 1 standing 
3 825 601 892 741 45663 0 1 1 standing 
3 824 600 891 741 45664 0 1 1 standing 
3 823 600 890 741 45665 0 1 1 standing 
3 822 600 889 741 45666 0 1 1 standing 
3 821 599 888 741 45667 0 1 1 standing 
3 820 599 887 741 45668 0 1 1 standing 
3 819 599 886 741 45669 0 1 1 standing 
4 936 632 1034 757 45650 0 1 0 standing 
4 930 631 1026 756 45651 0 1 1 standing 
4 924 631 1019 756 45652 0 1 1 standing 
4 918 630 1011 755 45653 0 1 1 standing 
4 912 630 1004 755 45654 0 1 1 standing 
4 906 630 996 754 45655 0 1 1 standing 
4 900 629 989 754 45656 0 1 1 standing 
4 894 629 981 753 45657 0 1 1 standing 
4 888 628 974 753 45658 0 1 1 standing 
4 882 628 966 752 45659 0 1 1 standing 
4 876 628 959 752 45660 0 1 0 standing 
4 873 627 954 752 45661 0 1 1 standing 
4 871 627 950 753 45662 0 1 1 standing 
4 869 626 945 754 45663 0 1 1 standing 
4 866 626 941 755 45664 0 1 1 standing 
4 864 625 937 756 45665 0 1 1 standing 
4 862 625 932 756 45666 0 1 1 standing 
4 859 624 928 757 45667 0 1 1 standing 
4 857 624 923 758 45668 0 1 1 standing 
4 855 623 919 759 45669 0 1 1 standing 
5 944 673 1009 845 45650 0 1 0 standing 
5 935 670 1003 841 45651 0 1 1 moving 
5 927 668 997 837 45652 0 1 1 moving 
5 919 666 992 833 45653 0 1 1 moving 
5 911 664 986 829 45654 0 1 1 moving 
5 903 662 981 826 45655 0 1 1 moving 
5 894 659 975 822 45656 0 1 1 moving 
5 886 657 969 818 45657 0 1 1 moving 
5 878 655 964 814 45658 0 1 1 moving 
5 870 653 958 810 45659 0 1 1 moving 
5 862 651 953 807 45660 0 1 0 moving 
5 855 648 946 804 45661 0 1 1 moving 
5 849 646 940 802 45662 0 1 1 moving 
5 843 644 934 800 45663 0 1 1 moving 
5 837 642 928 798 45664 0 1 1 moving 
5 831 640 922 796 45665 0 1 1 moving 
5 824 638 915 794 45666 0 1 1 moving 
5 818 636 909 792 45667 0 1 1 moving 
5 812 634 903 790 45668 0 1 1 moving 
5 806 632 897 788 45669 0 1 1 moving 
6 1494 603 1555 777 45650 0 0 0 moving 
6 1486 601 1550 774 45651 0 0 1 standing 
6 1478 599 1545 771 45652 0 0 1 standing 
6 1470 598 1541 768 45653 0 0 0 standing 
6 1468 597 1540 766 45654 0 0 1 standing 
6 1466 596 1539 765 45655 0 0 1 standing 
6 1464 596 1539 764 45656 0 0 0 standing 
6 1464 590 1543 763 45657 0 0 1 standing 
6 1464 584 1547 763 45658 0 0 1 standing 
6 1464 579 1551 763 45659 0 0 0 standing 
6 1467 579 1558 762 45660 0 0 1 standing 
6 1471 579 1566 762 45661 0 0 1 standing 
6 1475 579 1574 762 45662 0 0 0 standing 
6 1475 579 1579 762 45663 0 0 1 standing 
6 1475 579 1584 762 45664 0 0 1 standing 
6 1475 579 1590 762 45665 0 0 0 standing 
6 1475 579 1581 759 45666 0 0 1 standing 
6 1475 580 1572 757 45667 0 0 1 standing 
6 1475 581 1563 755 45668 0 0 1 standing 
6 1475 582 1554 753 45669 0 0 1 standing 
7 1410 560 1469 706 45650 0 0 0 standing 
7 1403 561 1462 706 45651 0 0 1 standing 
7 1397 562 1455 706 45652 0 0 1 standing 
7 1391 563 1449 707 45653 0 0 0 standing 
7 1388 564 1446 707 45654 0 0 1 standing 
7 1385 565 1443 708 45655 0 0 1 standing 
7 1382 566 1441 709 45656 0 0 0 standing 
7 1379 566 1438 709 45657 0 0 1 standing 
7 1376 566 1435 709 45658 0 0 1 standing 
7 1373 567 1432 710 45659 0 0 0 standing 
7 1368 568 1430 711 45660 0 0 1 standing 
7 1364 569 1428 712 45661 0 0 1 standing 
7 1360 571 1427 714 45662 0 0 0 standing 
7 1359 570 1426 713 45663 0 0 1 standing 
7 1358 570 1425 713 45664 0 0 1 standing 
7 1358 570 1425 713 45665 0 0 0 standing 
7 1358 572 1424 714 45666 0 0 1 standing 
7 1358 574 1423 716 45667 0 0 1 standing 
7 1359 576 1422 718 45668 0 0 0 standing 
7 1359 576 1422 718 45669 0 0 1 standing 
8 1349 675 1420 867 45650 0 0 0 standing 
8 1347 674 1416 866 45651 0 0 1 standing 
8 1345 674 1412 865 45652 0 0 1 standing 
8 1343 674 1409 864 45653 0 0 0 standing 
8 1343 674 1408 864 45654 0 0 1 standing 
8 1343 675 1407 864 45655 0 0 1 standing 
8 1344 676 1406 864 45656 0 0 0 standing 
8 1344 676 1405 864 45657 0 0 1 standing 
8 1344 676 1404 864 45658 0 0 1 standing 
8 1344 677 1403 864 45659 0 0 0 standing 
8 1344 675 1403 864 45660 0 0 1 standing 
8 1344 673 1403 865 45661 0 0 1 standing 
8 1345 671 1403 866 45662 0 0 0 standing 
8 1344 670 1407 865 45663 0 0 1 standing 
8 1344 669 1411 864 45664 0 0 1 standing 
8 1344 669 1416 864 45665 0 0 0 standing 
8 1344 669 1416 864 45666 0 0 1 standing 
8 1345 669 1417 864 45667 0 0 1 standing 
8 1345 670 1417 865 45668 0 0 1 standing 
8 1346 670 1418 865 45669 0 0 1 standing 
9 1194 591 1265 762 45650 0 0 0 standing 
9 1191 591 1261 761 45651 0 0 1 standing 
9 1188 591 1257 760 45652 0 0 1 standing 
9 1186 591 1253 759 45653 0 0 0 standing 
9 1185 591 1252 759 45654 0 0 1 standing 
9 1184 591 1251 759 45655 0 0 1 standing 
9 1184 591 1251 759 45656 0 0 0 standing 
9 1183 590 1250 758 45657 0 0 1 standing 
9 1183 590 1250 758 45658 0 0 1 standing 
9 1182 590 1249 758 45659 0 0 1 standing 
9 1182 590 1249 758 45660 0 0 1 standing 
9 1181 589 1248 757 45661 0 0 1 standing 
9 1181 589 1248 757 45662 0 0 1 standing 
9 1180 589 1247 757 45663 0 0 1 standing 
9 1180 589 1247 757 45664 0 0 1 standing 
9 1180 589 1247 757 45665 0 0 0 standing 
9 1180 590 1247 757 45666 0 0 1 standing 
9 1180 592 1247 757 45667 0 0 1 standing 
9 1181 593 1248 757 45668 0 0 1 standing 
9 1181 595 1248 757 45669 0 0 1 standing 
10 1097 593 1159 757 45650 0 0 0 standing 
10 1095 593 1157 757 45651 0 0 1 standing 
10 1093 593 1155 757 45652 0 0 1 standing 
10 1092 593 1154 757 45653 0 0 0 standing 
10 1089 593 1151 757 45654 0 0 1 standing 
10 1087 593 1149 757 45655 0 0 1 standing 
10 1085 593 1147 757 45656 0 0 0 standing 
10 1085 592 1147 756 45657 0 0 1 standing 
10 1085 591 1147 756 45658 0 0 1 standing 
10 1085 591 1147 756 45659 0 0 1 standing 
10 1085 590 1147 756 45660 0 0 1 standing 
10 1085 590 1147 756 45661 0 0 1 standing 
10 1085 589 1147 756 45662 0 0 1 standing 
10 1085 589 1147 756 45663 0 0 1 standing 
10 1085 588 1147 756 45664 0 0 1 standing 
10 1085 588 1147 756 45665 0 0 0 standing 
10 1085 588 1147 756 45666 0 0 1 standing 
10 1085 588 1147 756 45667 0 0 1 standing 
10 1085 588 1147 756 45668 0 0 1 standing 
10 1085 588 1147 756 45669 0 0 1 standing 
11 1052 639 1116 807 45650 0 0 0 standing 
11 1050 638 1110 811 45651 0 0 1 standing 
11 1048 638 1104 815 45652 0 0 1 standing 
11 1046 638 1098 820 45653 0 0 0 standing 
11 1044 637 1096 819 45654 0 0 1 standing 
11 1043 636 1095 818 45655 0 0 1 standing 
11 1042 636 1094 818 45656 0 0 0 standing 
11 1043 635 1095 818 45657 0 0 1 standing 
11 1044 635 1096 818 45658 0 0 1 standing 
11 1046 635 1098 818 45659 0 0 0 standing 
11 1047 634 1100 817 45660 0 0 1 standing 
11 1048 633 1102 816 45661 0 0 1 standing 
11 1049 633 1104 816 45662 0 0 1 standing 
11 1050 632 1106 815 45663 0 0 1 standing 
11 1051 631 1108 814 45664 0 0 1 standing 
11 1052 631 1111 814 45665 0 0 0 standing 
11 1052 631 1115 813 45666 0 0 1 standing 
11 1053 632 1119 812 45667 0 0 1 standing 
11 1054 633 1123 812 45668 0 0 1 standing 
11 1055 634 1127 811 45669 0 0 1 standing 
