0 34 331 98 450 40070 0 1 0 standing 
0 34 329 96 448 40071 0 1 1 standing 
0 34 328 95 446 40072 0 1 1 standing 
0 34 326 94 444 40073 0 1 1 standing 
0 35 325 93 443 40074 0 1 1 standing 
0 35 324 92 441 40075 0 1 1 standing 
0 35 322 91 439 40076 0 1 1 standing 
0 36 321 90 438 40077 0 1 1 standing 
0 36 319 89 436 40078 0 1 1 standing 
0 36 318 88 434 40079 0 1 1 standing 
0 37 317 87 433 40080 0 1 0 standing 
0 40 317 89 433 40081 0 1 1 standing 
0 43 317 92 433 40082 0 1 1 standing 
0 47 317 94 433 40083 0 1 1 standing 
0 50 317 97 433 40084 0 1 1 standing 
0 54 317 99 433 40085 0 1 1 standing 
0 57 317 102 433 40086 0 1 1 standing 
0 60 317 104 433 40087 0 1 1 standing 
0 64 317 107 433 40088 0 1 1 standing 
0 67 317 109 433 40089 0 1 1 standing 
1 160 298 232 411 40070 0 1 0 standing 
1 154 301 224 414 40071 0 1 1 standing 
1 148 304 216 417 40072 0 1 1 standing 
1 142 307 208 420 40073 0 1 1 standing 
1 137 310 200 423 40074 0 1 1 standing 
1 131 314 192 426 40075 0 1 1 standing 
1 125 317 184 429 40076 0 1 1 standing 
1 120 320 176 432 40077 0 1 1 standing 
1 114 323 168 435 40078 0 1 1 standing 
1 108 326 160 438 40079 0 1 1 standing 
1 103 330 153 442 40080 0 1 0 standing 
1 103 330 152 442 40081 0 1 1 standing 
1 103 330 151 443 40082 0 1 1 standing 
1 103 330 150 443 40083 0 1 1 standing 
1 103 330 149 444 40084 0 1 1 standing 
1 103 330 149 445 40085 0 1 1 standing 
1 103 330 148 445 40086 0 1 1 standing 
1 103 330 147 446 40087 0 1 1 standing 
1 103 330 146 446 40088 0 1 1 standing 
1 103 330 145 447 40089 0 1 1 standing 
2 218 258 286 369 40070 0 1 0 standing 
2 212 258 279 369 40071 0 1 1 standing 
2 207 258 273 369 40072 0 1 1 standing 
2 202 258 267 369 40073 0 1 1 standing 
2 196 258 261 369 40074 0 1 1 standing 
2 191 258 255 369 40075 0 1 1 standing 
2 186 258 249 369 40076 0 1 1 standing 
2 180 258 243 369 40077 0 1 1 standing 
2 175 258 237 369 40078 0 1 1 standing 
2 170 258 231 369 40079 0 1 1 standing 
2 165 259 225 369 40080 0 1 0 standing 
2 164 260 224 370 40081 0 1 1 standing 
2 164 262 224 372 40082 0 1 1 standing 
2 164 264 224 374 40083 0 1 1 standing 
2 163 265 223 375 40084 0 1 1 standing 
2 163 267 223 377 40085 0 1 1 standing 
2 163 269 223 379 40086 0 1 1 standing 
2 162 270 222 380 40087 0 1 1 standing 
2 162 272 222 382 40088 0 1 1 standing 
2 162 274 222 384 40089 0 1 1 standing 
3 246 309 302 419 40070 0 1 0 standing 
3 240 308 296 418 40071 0 1 1 standing 
3 234 308 290 418 40072 0 1 1 standing 
3 228 308 284 418 40073 0 1 1 standing 
3 222 307 278 417 40074 0 1 1 standing 
3 216 307 273 417 40075 0 1 1 standing 
3 210 307 267 417 40076 0 1 1 standing 
3 204 306 261 416 40077 0 1 1 standing 
3 198 306 255 416 40078 0 1 1 standing 
3 192 306 249 416 40079 0 1 1 standing 
3 186 306 244 416 40080 0 1 0 standing 
3 184 305 240 415 40081 0 1 1 standing 
3 183 305 237 415 40082 0 1 1 standing 
3 181 305 233 415 40083 0 1 1 standing 
3 180 305 230 414 40084 0 1 1 standing 
3 179 305 226 414 40085 0 1 1 standing 
3 177 304 223 414 40086 0 1 1 standing 
3 176 304 219 413 40087 0 1 1 standing 
3 174 304 216 413 40088 0 1 1 standing 
3 173 304 212 413 40089 0 1 1 standing 
4 197 350 236 470 40070 0 1 0 standing 
4 191 349 230 468 40071 0 1 1 standing 
4 185 348 225 467 40072 0 1 1 standing 
4 179 347 220 465 40073 0 1 1 standing 
4 174 347 214 464 40074 0 1 1 standing 
4 168 346 209 462 40075 0 1 1 standing 
4 162 345 204 461 40076 0 1 1 standing 
4 157 345 198 459 40077 0 1 1 standing 
4 151 344 193 458 40078 0 1 1 standing 
4 145 343 188 456 40079 0 1 1 standing 
4 140 343 183 455 40080 0 1 0 standing 
4 139 343 181 455 40081 0 1 1 standing 
4 138 343 180 456 40082 0 1 1 standing 
4 137 343 179 457 40083 0 1 1 standing 
4 136 344 178 457 40084 0 1 1 standing 
4 135 344 177 458 40085 0 1 1 standing 
4 134 344 176 459 40086 0 1 1 standing 
4 133 345 175 459 40087 0 1 1 standing 
4 132 345 174 460 40088 0 1 1 standing 
4 131 345 173 461 40089 0 1 1 standing 
5 213 370 272 506 40070 0 1 0 standing 
5 207 369 267 504 40071 0 1 1 standing 
5 201 369 262 502 40072 0 1 1 standing 
5 195 369 257 500 40073 0 1 1 standing 
5 190 368 252 499 40074 0 1 1 standing 
5 184 368 247 497 40075 0 1 1 standing 
5 178 368 242 495 40076 0 1 1 standing 
5 173 367 237 494 40077 0 1 1 standing 
5 167 367 232 492 40078 0 1 1 standing 
5 161 367 227 490 40079 0 1 1 standing 
5 156 367 223 489 40080 0 1 0 standing 
5 155 367 220 489 40081 0 1 1 standing 
5 154 367 217 489 40082 0 1 1 standing 
5 153 367 214 489 40083 0 1 1 standing 
5 152 367 211 489 40084 0 1 1 standing 
5 151 368 208 489 40085 0 1 1 standing 
5 150 368 205 489 40086 0 1 1 standing 
5 149 368 202 489 40087 0 1 1 standing 
5 148 368 199 489 40088 0 1 1 standing 
5 147 368 196 489 40089 0 1 1 standing 
6 986 418 1083 535 40070 0 0 0 standing 
6 990 425 1083 537 40071 0 0 1 falling 
6 995 433 1084 539 40072 0 0 1 falling 
6 1000 441 1085 541 40073 0 0 0 falling 
6 996 446 1086 545 40074 0 0 1 falling 
6 993 451 1088 550 40075 0 0 1 falling 
6 990 456 1090 555 40076 0 0 0 falling 
6 991 460 1091 559 40077 0 0 1 falling 
6 992 464 1092 563 40078 0 0 1 falling 
6 994 469 1094 567 40079 0 0 0 falling 
6 1001 478 1101 564 40080 0 0 1 falling 
6 1008 487 1108 561 40081 0 0 1 falling 
6 1016 496 1115 558 40082 0 0 0 falling 
6 1021 495 1124 556 40083 0 0 1 falling 
6 1026 494 1133 555 40084 0 0 1 falling 
6 1032 493 1143 554 40085 0 0 0 falling 
6 1045 494 1151 561 40086 0 0 1 falling 
6 1058 495 1160 568 40087 0 0 1 falling 
6 1071 496 1168 575 40088 0 0 1 falling 
6 1084 497 1177 582 40089 0 0 1 falling 
7 723 377 801 494 40070 0 0 0 falling 
7 717 376 800 496 40071 0 0 1 standing 
7 711 375 799 498 40072 0 0 1 standing 
7 706 375 798 501 40073 0 0 0 standing 
7 709 376 793 500 40074 0 0 1 standing 
7 712 377 789 500 40075 0 0 1 standing 
7 716 378 785 500 40076 0 0 0 standing 
7 720 377 783 499 40077 0 0 1 standing 
7 725 377 782 498 40078 0 0 1 standing 
7 730 377 781 498 40079 0 0 0 standing 
7 731 375 782 498 40080 0 0 1 standing 
7 732 373 783 499 40081 0 0 1 standing 
7 734 371 784 500 40082 0 0 0 standing 
7 734 370 784 499 40083 0 0 1 standing 
7 734 370 784 499 40084 0 0 1 standing 
7 735 370 785 499 40085 0 0 1 standing 
7 735 370 785 499 40086 0 0 1 standing 
7 735 370 785 498 40087 0 0 1 standing 
7 736 370 786 498 40088 0 0 1 standing 
7 736 370 786 498 40089 0 0 1 standing 
8 541 388 615 525 40070 0 0 0 standing 
8 541 389 615 524 40071 0 0 1 standing 
8 541 390 615 523 40072 0 0 1 standing 
8 541 392 616 522 40073 0 0 0 standing 
8 546 393 618 523 40074 0 0 1 standing 
8 551 395 620 524 40075 0 0 1 standing 
8 557 397 622 526 40076 0 0 0 standing 
8 562 395 625 524 40077 0 0 1 standing 
8 568 394 628 523 40078 0 0 1 standing 
8 574 393 631 522 40079 0 0 0 standing 
8 578 392 638 521 40080 0 0 1 standing 
8 582 392 645 521 40081 0 0 1 standing 
8 587 392 652 521 40082 0 0 0 standing 
8 590 395 657 521 40083 0 0 1 standing 
8 593 398 662 521 40084 0 0 1 standing 
8 596 401 667 521 40085 0 0 0 standing 
8 601 402 671 524 40086 0 0 1 standing 
8 607 404 676 527 40087 0 0 1 standing 
8 612 406 681 530 40088 0 0 1 standing 
8 618 408 686 533 40089 0 0 1 standing 
9 426 308 476 429 40070 0 0 0 standing 
9 420 308 470 429 40071 0 0 1 standing 
9 414 309 464 429 40072 0 0 1 standing 
9 408 310 458 430 40073 0 0 0 standing 
9 406 309 453 429 40074 0 0 1 standing 
9 404 308 449 428 40075 0 0 1 standing 
9 402 308 445 428 40076 0 0 0 standing 
9 400 308 446 427 40077 0 0 1 standing 
9 398 308 447 427 40078 0 0 1 standing 
9 396 308 449 427 40079 0 0 0 standing 
9 395 310 448 428 40080 0 0 1 standing 
9 394 312 447 430 40081 0 0 1 standing 
9 394 314 447 432 40082 0 0 0 standing 
9 395 314 448 432 40083 0 0 1 standing 
9 396 314 449 432 40084 0 0 1 standing 
9 397 314 450 432 40085 0 0 0 standing 
9 398 314 450 432 40086 0 0 1 standing 
9 399 314 450 432 40087 0 0 1 standing 
9 401 314 451 432 40088 0 0 1 standing 
9 402 314 451 432 40089 0 0 1 standing 
10 607 273 667 370 40070 0 0 0 standing 
10 597 270 658 367 40071 0 0 1 standing 
10 587 268 650 365 40072 0 0 1 standing 
10 577 266 642 363 40073 0 0 0 standing 
10 574 266 639 363 40074 0 0 1 standing 
10 571 266 636 363 40075 0 0 1 standing 
10 569 267 634 363 40076 0 0 0 standing 
10 566 265 632 365 40077 0 0 1 standing 
10 564 264 631 368 40078 0 0 1 standing 
10 562 263 630 371 40079 0 0 0 standing 
10 561 263 629 371 40080 0 0 1 standing 
10 561 263 629 371 40081 0 0 1 standing 
10 561 263 629 371 40082 0 0 0 standing 
10 563 263 630 371 40083 0 0 1 standing 
10 565 263 631 371 40084 0 0 1 standing 
10 567 263 632 371 40085 0 0 1 standing 
10 569 264 633 372 40086 0 0 1 standing 
10 571 264 634 372 40087 0 0 1 standing 
10 573 264 635 372 40088 0 0 1 standing 
10 575 264 636 372 40089 0 0 1 standing 
11 575 290 646 350 40070 0 0 0 standing 
11 568 289 639 349 40071 0 0 1 falling 
11 561 289 632 349 40072 0 0 1 falling 
11 555 289 626 349 40073 0 0 0 falling 
11 549 286 620 346 40074 0 0 1 falling 
11 544 283 615 343 40075 0 0 1 falling 
11 539 281 610 340 40076 0 0 0 falling 
11 535 281 606 340 40077 0 0 1 falling 
11 531 282 602 341 40078 0 0 1 falling 
11 527 283 598 342 40079 0 0 0 falling 
11 525 282 592 343 40080 0 0 1 falling 
11 523 281 586 344 40081 0 0 1 falling 
11 522 280 580 345 40082 0 0 0 falling 
11 522 280 580 344 40083 0 0 1 falling 
11 522 280 581 344 40084 0 0 1 falling 
11 522 280 581 343 40085 0 0 1 falling 
11 522 280 582 343 40086 0 0 1 falling 
11 522 280 582 342 40087 0 0 1 falling 
11 522 280 583 342 40088 0 0 1 falling 
11 522 280 583 341 40089 0 0 1 falling 
