0 219 502 278 622 21490 0 0 0 moving 
0 221 502 281 623 21491 0 0 1 moving 
0 223 503 284 624 21492 0 0 1 moving 
0 225 504 287 625 21493 0 0 1 moving 
0 227 505 291 626 21494 0 0 1 moving 
0 230 506 294 627 21495 0 0 1 moving 
0 232 506 297 628 21496 0 0 1 moving 
0 234 507 301 629 21497 0 0 1 moving 
0 236 508 304 630 21498 0 0 1 moving 
0 238 509 307 631 21499 0 0 1 moving 
0 241 510 311 633 21500 0 0 0 moving 
0 244 508 314 632 21501 0 0 1 moving 
0 248 506 318 631 21502 0 0 1 moving 
0 252 504 322 630 21503 0 0 1 moving 
0 256 503 325 630 21504 0 0 1 moving 
0 260 501 329 629 21505 0 0 1 moving 
0 263 499 333 628 21506 0 0 1 moving 
0 267 498 336 628 21507 0 0 1 moving 
0 271 496 340 627 21508 0 0 1 moving 
0 275 494 344 626 21509 0 0 1 moving 
1 275 433 328 536 21490 0 0 0 moving 
1 275 431 329 533 21491 0 0 1 moving 
1 276 430 331 530 21492 0 0 1 moving 
1 277 428 332 527 21493 0 0 1 moving 
1 277 427 334 524 21494 0 0 1 moving 
1 278 425 335 521 21495 0 0 1 moving 
1 279 424 337 518 21496 0 0 1 moving 
1 279 422 338 515 21497 0 0 1 moving 
1 280 421 340 512 21498 0 0 1 moving 
1 281 419 341 509 21499 0 0 1 moving 
1 282 418 343 506 21500 0 0 0 moving 
1 285 416 346 504 21501 0 0 1 moving 
1 288 415 349 503 21502 0 0 1 moving 
1 291 414 352 502 21503 0 0 1 moving 
1 294 413 355 501 21504 0 0 1 moving 
1 297 412 358 500 21505 0 0 1 moving 
1 300 410 361 498 21506 0 0 1 moving 
1 303 409 364 497 21507 0 0 1 moving 
1 306 408 367 496 21508 0 0 1 moving 
1 309 407 370 495 21509 0 0 1 moving 
2 391 368 448 467 21490 0 0 0 moving 
2 394 368 451 466 21491 0 0 1 moving 
2 397 368 454 465 21492 0 0 1 moving 
2 401 368 457 464 21493 0 0 1 moving 
2 404 368 461 463 21494 0 0 1 moving 
2 408 369 464 462 21495 0 0 1 moving 
2 411 369 467 461 21496 0 0 1 moving 
2 414 369 471 460 21497 0 0 1 moving 
2 418 369 474 459 21498 0 0 1 moving 
2 421 369 477 458 21499 0 0 1 moving 
2 425 370 481 457 21500 0 0 0 moving 
2 427 369 483 456 21501 0 0 1 moving 
2 429 369 485 456 21502 0 0 1 moving 
2 432 368 488 455 21503 0 0 1 moving 
2 434 368 490 455 21504 0 0 1 moving 
2 437 368 493 455 21505 0 0 1 moving 
2 439 367 495 454 21506 0 0 1 moving 
2 441 367 497 454 21507 0 0 1 moving 
2 444 366 500 453 21508 0 0 1 moving 
2 446 366 502 453 21509 0 0 1 moving 
3 613 397 663 523 21490 0 1 0 moving 
3 610 394 661 520 21491 0 1 1 setting 
3 607 391 660 517 21492 0 1 1 setting 
3 604 388 658 514 21493 0 1 1 setting 
3 602 386 657 512 21494 0 1 0 setting 
3 598 388 655 514 21495 0 1 1 setting 
3 595 390 653 516 21496 0 1 1 setting 
3 592 393 651 518 21497 0 1 1 setting 
3 588 395 649 520 21498 0 1 1 setting 
3 585 397 647 522 21499 0 1 1 setting 
3 582 400 646 525 21500 0 1 0 setting 
3 577 403 641 526 21501 0 1 1 setting 
3 572 406 636 527 21502 0 1 1 setting 
3 567 409 631 528 21503 0 1 1 setting 
3 562 413 626 530 21504 0 1 1 setting 
3 557 416 621 531 21505 0 1 1 setting 
3 552 419 616 532 21506 0 1 1 setting 
3 547 423 611 534 21507 0 1 1 setting 
3 542 426 606 535 21508 0 1 1 setting 
3 537 429 601 536 21509 0 1 1 setting 
4 698 435 738 541 21490 0 0 0 setting 
4 695 435 735 541 21491 0 0 1 blocking 
4 692 435 732 541 21492 0 0 1 blocking 
4 690 435 730 541 21493 0 0 1 blocking 
4 687 435 727 541 21494 0 0 1 blocking 
4 685 435 725 541 21495 0 0 1 blocking 
4 682 435 722 541 21496 0 0 1 blocking 
4 679 435 719 541 21497 0 0 1 blocking 
4 677 435 717 541 21498 0 0 1 blocking 
4 674 435 714 541 21499 0 0 1 blocking 
4 672 435 712 541 21500 0 0 0 blocking 
4 667 428 706 537 21501 0 0 1 blocking 
4 662 422 701 533 21502 0 0 1 blocking 
4 657 416 696 530 21503 0 0 1 blocking 
4 652 410 691 526 21504 0 0 1 blocking 
4 647 404 686 523 21505 0 0 1 blocking 
4 642 397 681 519 21506 0 0 1 blocking 
4 637 391 676 515 21507 0 0 1 blocking 
4 632 385 671 512 21508 0 0 1 blocking 
4 627 379 666 508 21509 0 0 1 blocking 
5 698 382 741 499 21490 0 0 0 blocking 
5 695 383 738 499 21491 0 0 1 blocking 
5 692 385 735 499 21492 0 0 1 blocking 
5 689 386 732 499 21493 0 0 1 blocking 
5 687 388 729 499 21494 0 0 1 blocking 
5 684 390 727 499 21495 0 0 1 blocking 
5 681 391 724 499 21496 0 0 1 blocking 
5 679 393 721 499 21497 0 0 1 blocking 
5 676 394 718 499 21498 0 0 1 blocking 
5 673 396 715 499 21499 0 0 1 blocking 
5 671 398 713 499 21500 0 0 0 blocking 
5 665 392 707 497 21501 0 0 1 blocking 
5 660 387 702 495 21502 0 0 1 blocking 
5 655 382 696 493 21503 0 0 1 blocking 
5 649 377 691 491 21504 0 0 1 blocking 
5 644 372 685 489 21505 0 0 1 blocking 
5 639 367 680 488 21506 0 0 0 blocking 
5 634 365 675 487 21507 0 0 1 blocking 
5 629 363 670 487 21508 0 0 1 blocking 
5 624 361 665 487 21509 0 0 1 blocking 
6 912 491 957 583 21490 0 0 0 blocking 
6 910 491 955 583 21491 0 0 1 standing 
6 909 492 954 584 21492 0 0 1 standing 
6 907 492 952 584 21493 0 0 1 standing 
6 906 493 951 585 21494 0 0 1 standing 
6 904 493 949 585 21495 0 0 1 standing 
6 903 494 948 586 21496 0 0 1 standing 
6 901 494 946 586 21497 0 0 1 standing 
6 900 495 945 587 21498 0 0 1 standing 
6 898 495 943 587 21499 0 0 1 standing 
6 897 496 942 588 21500 0 0 0 standing 
6 891 495 936 587 21501 0 0 1 standing 
6 885 494 930 586 21502 0 0 1 standing 
6 879 493 924 585 21503 0 0 1 standing 
6 874 492 919 584 21504 0 0 1 standing 
6 868 491 913 583 21505 0 0 1 standing 
6 862 490 907 582 21506 0 0 1 standing 
6 857 489 902 581 21507 0 0 1 standing 
6 851 488 896 580 21508 0 0 1 standing 
6 845 487 890 579 21509 0 0 1 standing 
7 897 392 948 473 21490 0 0 0 standing 
7 893 392 944 473 21491 0 0 1 digging 
7 889 392 940 473 21492 0 0 1 digging 
7 886 392 937 473 21493 0 0 1 digging 
7 882 393 933 474 21494 0 0 1 digging 
7 879 393 930 474 21495 0 0 1 digging 
7 875 393 926 474 21496 0 0 1 digging 
7 871 394 922 475 21497 0 0 1 digging 
7 868 394 919 475 21498 0 0 1 digging 
7 864 394 915 475 21499 0 0 1 digging 
7 861 395 912 476 21500 0 0 0 digging 
7 857 395 908 476 21501 0 0 1 digging 
7 853 396 904 477 21502 0 0 1 digging 
7 849 397 900 478 21503 0 0 1 digging 
7 845 397 896 478 21504 0 0 1 digging 
7 842 398 893 479 21505 0 0 1 digging 
7 838 399 889 480 21506 0 0 1 digging 
7 834 399 885 480 21507 0 0 1 digging 
7 830 400 881 481 21508 0 0 1 digging 
7 826 401 877 482 21509 0 0 1 digging 
8 349 414 409 517 21490 0 0 0 digging 
8 348 414 411 516 21491 0 0 1 standing 
8 348 414 414 516 21492 0 0 1 standing 
8 347 414 417 516 21493 0 0 1 standing 
8 347 414 420 516 21494 0 0 0 standing 
8 352 414 423 516 21495 0 0 1 standing 
8 357 414 426 516 21496 0 0 1 standing 
8 362 414 429 516 21497 0 0 1 standing 
8 367 414 432 516 21498 0 0 1 standing 
8 372 414 435 516 21499 0 0 1 standing 
8 378 414 438 517 21500 0 0 0 standing 
8 379 414 439 517 21501 0 0 1 standing 
8 381 415 441 518 21502 0 0 1 standing 
8 383 415 443 518 21503 0 0 1 standing 
8 384 416 444 519 21504 0 0 1 standing 
8 386 417 446 520 21505 0 0 1 standing 
8 388 417 448 520 21506 0 0 1 standing 
8 389 418 449 521 21507 0 0 1 standing 
8 391 418 451 521 21508 0 0 1 standing 
8 393 419 453 522 21509 0 0 1 standing 
9 569 415 617 499 21490 0 1 0 standing 
9 568 411 618 495 21491 0 1 1 spiking 
9 568 408 619 491 21492 0 1 1 spiking 
9 567 404 620 488 21493 0 1 1 spiking 
9 567 401 621 484 21494 0 1 1 spiking 
9 567 397 622 481 21495 0 1 1 spiking 
9 566 394 623 477 21496 0 1 1 spiking 
9 566 390 624 473 21497 0 1 1 spiking 
9 565 387 625 470 21498 0 1 1 spiking 
9 565 383 626 466 21499 0 1 1 spiking 
9 565 380 628 463 21500 0 1 0 spiking 
9 564 379 626 465 21501 0 1 1 spiking 
9 563 379 625 467 21502 0 1 1 spiking 
9 563 378 623 470 21503 0 1 1 spiking 
9 562 378 622 472 21504 0 1 1 spiking 
9 562 377 621 475 21505 0 1 1 spiking 
9 561 377 619 477 21506 0 1 1 spiking 
9 560 376 618 479 21507 0 1 1 spiking 
9 560 376 616 482 21508 0 1 1 spiking 
9 559 375 615 484 21509 0 1 1 spiking 
10 696 388 738 517 21490 0 0 0 spiking 
10 693 389 735 516 21491 0 0 1 blocking 
10 691 391 733 516 21492 0 0 1 blocking 
10 688 392 730 516 21493 0 0 1 blocking 
10 686 394 728 516 21494 0 0 1 blocking 
10 684 395 725 516 21495 0 0 1 blocking 
10 681 397 723 515 21496 0 0 1 blocking 
10 679 398 720 515 21497 0 0 1 blocking 
10 676 400 718 515 21498 0 0 1 blocking 
10 674 401 715 515 21499 0 0 1 blocking 
10 672 403 713 515 21500 0 0 0 blocking 
10 666 398 707 511 21501 0 0 1 blocking 
10 660 394 702 508 21502 0 0 1 blocking 
10 654 390 697 505 21503 0 0 1 blocking 
10 649 385 691 502 21504 0 0 1 blocking 
10 643 381 686 499 21505 0 0 1 blocking 
10 637 377 681 495 21506 0 0 1 blocking 
10 632 372 675 492 21507 0 0 1 blocking 
10 626 368 670 489 21508 0 0 1 blocking 
10 620 364 665 486 21509 0 0 1 blocking 
11 953 439 1002 535 21490 0 0 0 blocking 
11 950 439 999 535 21491 0 0 1 waiting 
11 948 439 997 535 21492 0 0 1 waiting 
11 945 439 994 535 21493 0 0 1 waiting 
11 943 439 992 535 21494 0 0 1 waiting 
11 941 439 990 535 21495 0 0 1 waiting 
11 938 439 987 535 21496 0 0 1 waiting 
11 936 439 985 535 21497 0 0 1 waiting 
11 933 439 982 535 21498 0 0 1 waiting 
11 931 439 980 535 21499 0 0 1 waiting 
11 929 439 978 535 21500 0 0 0 waiting 
11 923 439 973 535 21501 0 0 1 waiting 
11 918 440 969 536 21502 0 0 1 waiting 
11 913 440 964 536 21503 0 0 1 waiting 
11 908 441 960 537 21504 0 0 1 waiting 
11 903 442 955 537 21505 0 0 1 waiting 
11 898 442 951 538 21506 0 0 1 waiting 
11 893 443 946 538 21507 0 0 1 waiting 
11 888 443 942 539 21508 0 0 1 waiting 
11 883 444 937 539 21509 0 0 1 waiting 
