0 68 403 114 547 36740 0 1 0 standing 
0 70 403 116 547 36741 0 1 1 standing 
0 72 403 118 547 36742 0 1 1 standing 
0 74 404 120 548 36743 0 1 1 standing 
0 76 404 122 548 36744 0 1 1 standing 
0 78 405 124 549 36745 0 1 1 standing 
0 80 405 126 549 36746 0 1 1 standing 
0 82 405 128 549 36747 0 1 1 standing 
0 84 406 130 550 36748 0 1 1 standing 
0 86 406 132 550 36749 0 1 1 standing 
0 89 407 135 551 36750 0 1 0 standing 
0 89 407 135 551 36751 0 1 1 standing 
0 89 407 135 551 36752 0 1 1 standing 
0 89 407 135 551 36753 0 1 1 standing 
0 89 407 135 551 36754 0 1 1 standing 
0 89 407 135 551 36755 0 1 1 standing 
0 89 407 135 551 36756 0 1 1 standing 
0 89 407 135 551 36757 0 1 1 standing 
0 89 407 135 551 36758 0 1 1 standing 
0 89 407 135 551 36759 0 1 1 standing 
1 90 422 150 553 36740 0 1 0 standing 
1 90 422 150 553 36741 0 1 1 standing 
1 91 422 151 553 36742 0 1 1 standing 
1 92 422 152 553 36743 0 1 1 standing 
1 93 422 153 553 36744 0 1 1 standing 
1 94 422 154 553 36745 0 1 1 standing 
1 94 422 154 553 36746 0 1 1 standing 
1 95 422 155 553 36747 0 1 1 standing 
1 96 422 156 553 36748 0 1 1 standing 
1 97 422 157 553 36749 0 1 1 standing 
1 98 422 158 553 36750 0 1 0 standing 
1 98 422 158 553 36751 0 1 1 standing 
1 98 422 158 553 36752 0 1 1 standing 
1 98 422 158 553 36753 0 1 1 standing 
1 98 422 158 553 36754 0 1 1 standing 
1 98 422 158 553 36755 0 1 1 standing 
1 98 422 158 553 36756 0 1 1 standing 
1 98 422 158 553 36757 0 1 1 standing 
1 98 422 158 553 36758 0 1 1 standing 
1 98 422 158 553 36759 0 1 1 standing 
2 120 413 180 564 36740 0 1 0 standing 
2 120 412 180 563 36741 0 1 1 standing 
2 120 411 180 562 36742 0 1 1 standing 
2 120 410 180 561 36743 0 1 1 standing 
2 121 409 181 560 36744 0 1 1 standing 
2 121 409 181 559 36745 0 1 1 standing 
2 121 408 181 558 36746 0 1 1 standing 
2 122 407 182 557 36747 0 1 1 standing 
2 122 406 182 556 36748 0 1 1 standing 
2 122 405 182 555 36749 0 1 1 standing 
2 123 405 183 555 36750 0 1 0 standing 
2 123 405 183 555 36751 0 1 1 standing 
2 123 405 183 555 36752 0 1 1 standing 
2 123 405 183 555 36753 0 1 1 standing 
2 123 405 183 555 36754 0 1 1 standing 
2 123 405 183 555 36755 0 1 1 standing 
2 123 405 183 555 36756 0 1 1 standing 
2 123 405 183 555 36757 0 1 1 standing 
2 123 405 183 555 36758 0 1 1 standing 
2 123 405 183 555 36759 0 1 1 standing 
3 177 415 219 554 36740 0 1 0 standing 
3 175 414 217 553 36741 0 1 1 standing 
3 174 414 216 553 36742 0 1 1 standing 
3 172 413 214 552 36743 0 1 1 standing 
3 171 413 213 552 36744 0 1 1 standing 
3 170 412 211 551 36745 0 1 1 standing 
3 168 412 210 551 36746 0 1 1 standing 
3 167 411 208 550 36747 0 1 1 standing 
3 165 411 207 550 36748 0 1 1 standing 
3 164 410 205 549 36749 0 1 1 standing 
3 163 410 204 549 36750 0 1 0 standing 
3 161 410 202 548 36751 0 1 1 standing 
3 159 410 200 548 36752 0 1 1 standing 
3 157 410 198 548 36753 0 1 1 standing 
3 156 410 197 548 36754 0 1 1 standing 
3 154 410 195 548 36755 0 1 1 standing 
3 152 410 193 548 36756 0 1 1 standing 
3 151 410 192 548 36757 0 1 1 standing 
3 149 410 190 548 36758 0 1 1 standing 
3 147 410 188 548 36759 0 1 1 standing 
4 149 393 201 529 36740 0 1 0 standing 
4 148 393 200 529 36741 0 1 1 standing 
4 148 394 200 530 36742 0 1 1 standing 
4 148 395 200 531 36743 0 1 1 standing 
4 148 396 200 532 36744 0 1 1 standing 
4 148 397 200 533 36745 0 1 1 standing 
4 148 397 200 534 36746 0 1 1 standing 
4 148 398 200 535 36747 0 1 1 standing 
4 148 399 200 536 36748 0 1 1 standing 
4 148 400 200 537 36749 0 1 1 standing 
4 148 401 200 538 36750 0 1 0 standing 
4 147 401 199 538 36751 0 1 1 standing 
4 146 401 198 538 36752 0 1 1 standing 
4 145 401 197 538 36753 0 1 1 standing 
4 144 401 196 538 36754 0 1 1 standing 
4 143 401 195 538 36755 0 1 1 standing 
4 142 401 194 538 36756 0 1 1 standing 
4 141 401 193 538 36757 0 1 1 standing 
4 140 401 192 538 36758 0 1 1 standing 
4 139 401 191 538 36759 0 1 1 standing 
5 112 379 176 531 36740 0 1 0 standing 
5 111 380 175 532 36741 0 1 1 standing 
5 111 381 175 533 36742 0 1 1 standing 
5 111 382 175 534 36743 0 1 1 standing 
5 111 383 175 535 36744 0 1 1 standing 
5 111 384 175 537 36745 0 1 1 standing 
5 110 385 175 538 36746 0 1 1 standing 
5 110 386 175 539 36747 0 1 1 standing 
5 110 387 175 540 36748 0 1 1 standing 
5 110 388 175 541 36749 0 1 1 standing 
5 110 389 175 543 36750 0 1 0 standing 
5 110 389 175 543 36751 0 1 1 standing 
5 110 389 175 543 36752 0 1 1 standing 
5 110 389 175 543 36753 0 1 1 standing 
5 110 389 175 543 36754 0 1 1 standing 
5 110 389 175 543 36755 0 1 1 standing 
5 110 389 175 543 36756 0 1 1 standing 
5 110 389 175 543 36757 0 1 1 standing 
5 110 389 175 543 36758 0 1 1 standing 
5 110 389 175 543 36759 0 1 1 standing 
6 360 367 410 497 36740 0 0 0 standing 
6 358 368 408 498 36741 0 0 1 standing 
6 357 369 407 499 36742 0 0 1 standing 
6 355 370 406 500 36743 0 0 1 standing 
6 354 371 404 501 36744 0 0 1 standing 
6 353 372 403 502 36745 0 0 1 standing 
6 351 373 402 503 36746 0 0 1 standing 
6 350 374 400 504 36747 0 0 1 standing 
6 348 375 399 505 36748 0 0 1 standing 
6 347 376 398 506 36749 0 0 1 standing 
6 346 377 397 508 36750 0 0 0 standing 
6 344 377 395 508 36751 0 0 1 standing 
6 342 377 393 509 36752 0 0 1 standing 
6 340 378 391 509 36753 0 0 1 standing 
6 338 378 389 510 36754 0 0 1 standing 
6 336 379 388 510 36755 0 0 1 standing 
6 334 379 386 511 36756 0 0 1 standing 
6 332 379 384 511 36757 0 0 1 standing 
6 330 380 382 512 36758 0 0 1 standing 
6 328 380 380 512 36759 0 0 1 standing 
7 417 386 492 516 36740 0 0 0 standing 
7 422 385 495 515 36741 0 0 1 standing 
7 427 384 499 514 36742 0 0 1 standing 
7 433 383 503 513 36743 0 0 1 standing 
7 438 383 506 513 36744 0 0 1 standing 
7 444 382 510 512 36745 0 0 1 standing 
7 449 381 514 511 36746 0 0 1 standing 
7 454 381 517 511 36747 0 0 1 standing 
7 460 380 521 510 36748 0 0 1 standing 
7 465 379 525 509 36749 0 0 1 standing 
7 471 379 529 509 36750 0 0 0 standing 
7 475 379 531 509 36751 0 0 1 standing 
7 480 380 534 510 36752 0 0 1 standing 
7 484 380 536 510 36753 0 0 1 standing 
7 489 381 539 511 36754 0 0 1 standing 
7 493 382 542 512 36755 0 0 1 standing 
7 498 382 544 512 36756 0 0 1 standing 
7 502 383 547 513 36757 0 0 1 standing 
7 507 383 549 513 36758 0 0 1 standing 
7 511 384 552 514 36759 0 0 1 standing 
8 478 446 551 589 36740 0 0 0 standing 
8 482 445 553 588 36741 0 0 1 standing 
8 487 444 555 587 36742 0 0 1 standing 
8 491 444 558 586 36743 0 0 1 standing 
8 496 443 560 586 36744 0 0 1 standing 
8 500 443 563 585 36745 0 0 1 standing 
8 505 442 565 584 36746 0 0 1 standing 
8 509 441 567 584 36747 0 0 1 standing 
8 514 441 570 583 36748 0 0 1 standing 
8 518 440 572 582 36749 0 0 1 standing 
8 523 440 575 582 36750 0 0 0 standing 
8 525 440 577 582 36751 0 0 1 standing 
8 527 440 579 582 36752 0 0 1 standing 
8 529 440 581 582 36753 0 0 1 standing 
8 531 440 583 582 36754 0 0 1 standing 
8 533 440 585 582 36755 0 0 1 standing 
8 535 440 587 582 36756 0 0 1 standing 
8 537 440 589 582 36757 0 0 1 standing 
8 539 440 591 582 36758 0 0 1 standing 
8 541 440 593 582 36759 0 0 1 standing 
9 598 431 640 561 36740 0 0 0 standing 
9 595 431 639 561 36741 0 0 1 standing 
9 593 431 639 561 36742 0 0 1 standing 
9 591 431 638 561 36743 0 0 1 standing 
9 589 431 638 561 36744 0 0 1 standing 
9 587 431 638 561 36745 0 0 1 standing 
9 585 431 637 561 36746 0 0 1 standing 
9 583 431 637 561 36747 0 0 1 standing 
9 581 431 636 561 36748 0 0 1 standing 
9 579 431 636 561 36749 0 0 1 standing 
9 577 431 636 562 36750 0 0 0 standing 
9 579 432 638 563 36751 0 0 1 standing 
9 581 434 640 565 36752 0 0 1 standing 
9 583 436 642 567 36753 0 0 1 standing 
9 586 438 645 569 36754 0 0 1 standing 
9 588 440 647 571 36755 0 0 1 standing 
9 590 442 649 572 36756 0 0 1 standing 
9 593 444 652 574 36757 0 0 1 standing 
9 595 446 654 576 36758 0 0 1 standing 
9 597 448 656 578 36759 0 0 1 standing 
10 594 373 641 517 36740 0 0 0 standing 
10 592 372 639 516 36741 0 0 1 standing 
10 591 371 638 515 36742 0 0 1 standing 
10 590 370 637 514 36743 0 0 1 standing 
10 589 369 636 514 36744 0 0 1 standing 
10 588 369 635 513 36745 0 0 1 standing 
10 586 368 633 512 36746 0 0 1 standing 
10 585 367 632 512 36747 0 0 1 standing 
10 584 366 631 511 36748 0 0 1 standing 
10 583 365 630 510 36749 0 0 1 standing 
10 582 365 629 510 36750 0 0 0 standing 
10 578 366 626 508 36751 0 0 1 standing 
10 575 367 624 507 36752 0 0 1 standing 
10 572 368 622 506 36753 0 0 1 standing 
10 569 369 620 505 36754 0 0 1 standing 
10 566 370 618 504 36755 0 0 1 standing 
10 562 371 615 503 36756 0 0 1 standing 
10 559 372 613 502 36757 0 0 1 standing 
10 556 373 611 501 36758 0 0 1 standing 
10 553 374 609 500 36759 0 0 1 standing 
11 675 410 726 543 36740 0 0 0 standing 
11 673 408 724 541 36741 0 0 1 standing 
11 672 407 723 540 36742 0 0 1 standing 
11 670 406 721 539 36743 0 0 1 standing 
11 669 405 720 538 36744 0 0 1 standing 
11 668 404 719 537 36745 0 0 1 standing 
11 666 402 717 535 36746 0 0 1 standing 
11 665 401 716 534 36747 0 0 1 standing 
11 663 400 714 533 36748 0 0 1 standing 
11 662 399 713 532 36749 0 0 1 standing 
11 661 398 712 531 36750 0 0 0 standing 
11 658 397 710 530 36751 0 0 1 standing 
11 656 397 709 530 36752 0 0 1 standing 
11 653 397 708 529 36753 0 0 1 standing 
11 651 396 707 529 36754 0 0 1 standing 
11 649 396 706 528 36755 0 0 1 standing 
11 646 396 704 528 36756 0 0 1 standing 
11 644 395 703 527 36757 0 0 1 standing 
11 641 395 702 527 36758 0 0 1 standing 
11 639 395 701 526 36759 0 0 1 standing 
