0 793 286 848 354 4820 0 1 0 digging 
0 792 286 846 354 4821 0 1 1 digging 
0 791 286 845 354 4822 0 1 1 digging 
0 790 287 844 354 4823 0 1 0 digging 
0 788 285 841 352 4824 0 1 1 digging 
0 786 283 839 351 4825 0 1 1 digging 
0 784 282 837 350 4826 0 1 0 digging 
0 784 279 837 351 4827 0 1 1 digging 
0 784 276 837 352 4828 0 1 1 digging 
0 785 274 837 353 4829 0 1 0 digging 
0 785 273 836 353 4830 0 1 1 digging 
0 785 272 836 354 4831 0 1 1 digging 
0 786 271 836 354 4832 0 1 1 digging 
0 786 270 836 355 4833 0 1 1 digging 
0 786 269 836 355 4834 0 1 1 digging 
0 787 268 836 356 4835 0 1 0 digging 
0 787 268 836 355 4836 0 1 1 digging 
0 787 269 837 355 4837 0 1 1 digging 
0 788 269 837 355 4838 0 1 1 digging 
0 788 270 838 355 4839 0 1 1 digging 
1 1003 429 1061 544 4820 0 0 0 digging 
1 1003 430 1061 544 4821 0 0 1 standing 
1 1003 431 1061 544 4822 0 0 1 standing 
1 1003 433 1061 545 4823 0 0 0 standing 
1 1004 438 1062 550 4824 0 0 1 standing 
1 1005 443 1064 555 4825 0 0 1 standing 
1 1007 448 1066 560 4826 0 0 0 standing 
1 1005 450 1066 561 4827 0 0 1 standing 
1 1004 453 1066 563 4828 0 0 1 standing 
1 1003 456 1066 565 4829 0 0 0 standing 
1 996 456 1064 565 4830 0 0 1 standing 
1 989 456 1062 565 4831 0 0 1 standing 
1 983 456 1061 565 4832 0 0 0 standing 
1 975 455 1059 563 4833 0 0 1 standing 
1 968 454 1057 562 4834 0 0 1 standing 
1 961 453 1055 561 4835 0 0 0 standing 
1 960 454 1047 563 4836 0 0 1 standing 
1 959 456 1039 565 4837 0 0 1 standing 
1 958 457 1031 568 4838 0 0 1 standing 
1 957 459 1023 570 4839 0 0 1 standing 
2 1014 376 1063 475 4820 0 0 0 standing 
2 1014 377 1063 475 4821 0 0 1 standing 
2 1014 379 1063 475 4822 0 0 1 standing 
2 1014 381 1063 475 4823 0 0 0 standing 
2 1010 381 1059 475 4824 0 0 1 standing 
2 1007 381 1056 475 4825 0 0 1 standing 
2 1004 381 1053 475 4826 0 0 0 standing 
2 1001 381 1051 474 4827 0 0 1 standing 
2 998 381 1049 474 4828 0 0 1 standing 
2 995 381 1047 474 4829 0 0 0 standing 
2 996 380 1045 475 4830 0 0 1 standing 
2 997 380 1043 477 4831 0 0 1 standing 
2 998 380 1042 479 4832 0 0 0 standing 
2 997 381 1042 481 4833 0 0 1 standing 
2 996 382 1043 483 4834 0 0 1 standing 
2 995 383 1043 485 4835 0 0 1 standing 
2 995 384 1044 488 4836 0 0 1 standing 
2 994 385 1044 490 4837 0 0 1 standing 
2 993 386 1045 492 4838 0 0 1 standing 
2 992 387 1045 494 4839 0 0 1 standing 
3 1029 330 1081 395 4820 0 0 0 standing 
3 1026 330 1080 395 4821 0 0 1 standing 
3 1023 330 1079 395 4822 0 0 1 standing 
3 1020 331 1078 395 4823 0 0 0 standing 
3 1015 331 1076 396 4824 0 0 1 standing 
3 1010 331 1075 397 4825 0 0 1 standing 
3 1005 331 1074 399 4826 0 0 0 standing 
3 1000 329 1069 399 4827 0 0 1 standing 
3 996 327 1065 400 4828 0 0 1 standing 
3 992 326 1061 401 4829 0 0 0 standing 
3 990 323 1055 402 4830 0 0 1 standing 
3 988 320 1050 403 4831 0 0 1 standing 
3 986 318 1045 405 4832 0 0 0 standing 
3 984 319 1042 405 4833 0 0 1 standing 
3 982 321 1039 405 4834 0 0 1 standing 
3 980 323 1037 406 4835 0 0 0 standing 
3 974 325 1035 409 4836 0 0 1 standing 
3 969 328 1033 412 4837 0 0 1 standing 
3 963 330 1031 416 4838 0 0 1 standing 
3 958 333 1029 419 4839 0 0 1 standing 
4 867 318 916 414 4820 0 0 0 standing 
4 864 318 913 415 4821 0 0 1 standing 
4 862 319 911 416 4822 0 0 1 standing 
4 860 320 909 418 4823 0 0 0 standing 
4 854 320 905 418 4824 0 0 1 standing 
4 848 320 901 418 4825 0 0 1 standing 
4 843 320 897 418 4826 0 0 0 standing 
4 839 320 897 417 4827 0 0 1 standing 
4 835 321 897 416 4828 0 0 1 standing 
4 832 322 897 416 4829 0 0 0 standing 
4 831 323 896 416 4830 0 0 1 standing 
4 830 324 895 417 4831 0 0 1 standing 
4 830 325 894 418 4832 0 0 1 standing 
4 829 326 893 419 4833 0 0 1 standing 
4 828 327 892 420 4834 0 0 1 standing 
4 828 328 891 421 4835 0 0 0 standing 
4 825 328 884 421 4836 0 0 1 standing 
4 822 328 877 421 4837 0 0 1 standing 
4 819 328 871 422 4838 0 0 1 standing 
4 816 328 864 422 4839 0 0 1 standing 
5 696 296 749 385 4820 0 0 0 standing 
5 698 293 750 382 4821 0 0 1 standing 
5 700 290 751 379 4822 0 0 1 standing 
5 702 288 752 376 4823 0 0 0 standing 
5 709 286 754 374 4824 0 0 1 standing 
5 717 284 756 372 4825 0 0 1 standing 
5 725 283 758 371 4826 0 0 0 standing 
5 726 283 759 371 4827 0 0 1 standing 
5 728 284 761 372 4828 0 0 1 standing 
5 730 285 763 373 4829 0 0 0 standing 
5 730 285 763 373 4830 0 0 1 standing 
5 730 285 763 373 4831 0 0 1 standing 
5 730 285 763 373 4832 0 0 1 standing 
5 730 285 763 373 4833 0 0 1 standing 
5 730 285 763 373 4834 0 0 1 standing 
5 730 285 763 373 4835 0 0 1 standing 
5 730 285 763 373 4836 0 0 1 standing 
5 730 285 763 373 4837 0 0 1 standing 
5 730 285 763 373 4838 0 0 1 standing 
5 730 285 763 373 4839 0 0 1 standing 
6 581 370 627 478 4820 0 0 0 standing 
6 580 370 626 478 4821 0 0 1 standing 
6 579 371 625 479 4822 0 0 1 standing 
6 578 371 625 479 4823 0 0 1 standing 
6 577 372 624 480 4824 0 0 1 standing 
6 576 372 623 480 4825 0 0 1 standing 
6 575 373 623 481 4826 0 0 1 standing 
6 574 373 622 481 4827 0 0 1 standing 
6 573 374 621 482 4828 0 0 1 standing 
6 573 375 621 483 4829 0 0 0 standing 
6 572 374 620 483 4830 0 0 1 standing 
6 572 374 619 483 4831 0 0 1 standing 
6 572 374 619 483 4832 0 0 1 standing 
6 572 374 618 483 4833 0 0 1 standing 
6 572 374 617 483 4834 0 0 1 standing 
6 572 374 617 483 4835 0 0 0 standing 
6 572 374 617 484 4836 0 0 1 standing 
6 572 374 617 485 4837 0 0 1 standing 
6 572 374 617 486 4838 0 0 1 standing 
6 572 374 617 487 4839 0 0 1 standing 
7 574 343 621 446 4820 0 0 0 standing 
7 573 343 620 446 4821 0 0 1 standing 
7 572 343 619 446 4822 0 0 1 standing 
7 572 344 619 447 4823 0 0 1 standing 
7 571 344 618 447 4824 0 0 1 standing 
7 571 345 618 448 4825 0 0 1 standing 
7 570 345 617 448 4826 0 0 1 standing 
7 570 346 617 449 4827 0 0 1 standing 
7 569 346 616 449 4828 0 0 1 standing 
7 569 347 616 450 4829 0 0 0 standing 
7 568 346 616 451 4830 0 0 1 standing 
7 568 346 616 452 4831 0 0 1 standing 
7 568 346 616 453 4832 0 0 1 standing 
7 568 346 616 454 4833 0 0 1 standing 
7 568 346 616 456 4834 0 0 1 standing 
7 568 346 616 457 4835 0 0 1 standing 
7 568 346 616 458 4836 0 0 1 standing 
7 568 346 616 459 4837 0 0 1 standing 
7 568 346 616 461 4838 0 0 0 standing 
7 568 346 616 460 4839 0 0 1 standing 
8 579 308 619 393 4820 0 0 0 standing 
8 579 308 616 392 4821 0 0 1 standing 
8 579 308 614 391 4822 0 0 1 standing 
8 579 308 612 391 4823 0 0 0 standing 
8 578 308 610 390 4824 0 0 1 standing 
8 578 308 608 390 4825 0 0 1 standing 
8 578 308 607 390 4826 0 0 0 standing 
8 576 308 605 391 4827 0 0 1 standing 
8 575 308 604 392 4828 0 0 1 standing 
8 574 309 603 393 4829 0 0 0 standing 
8 573 309 602 393 4830 0 0 1 standing 
8 573 309 602 393 4831 0 0 1 standing 
8 573 309 602 393 4832 0 0 1 standing 
8 573 309 602 393 4833 0 0 1 standing 
8 573 310 602 394 4834 0 0 1 standing 
8 573 310 602 394 4835 0 0 1 standing 
8 573 310 602 394 4836 0 0 1 standing 
8 573 310 602 394 4837 0 0 1 standing 
8 573 311 602 395 4838 0 0 0 standing 
8 573 310 602 394 4839 0 0 1 standing 
9 349 414 393 518 4820 0 0 0 standing 
9 346 415 392 517 4821 0 0 1 standing 
9 344 416 391 517 4822 0 0 1 standing 
9 342 417 391 517 4823 0 0 0 standing 
9 339 416 386 517 4824 0 0 1 standing 
9 337 416 382 517 4825 0 0 1 standing 
9 335 416 378 518 4826 0 0 0 standing 
9 334 416 377 518 4827 0 0 1 standing 
9 333 416 376 518 4828 0 0 1 standing 
9 333 416 376 519 4829 0 0 0 standing 
9 331 417 374 519 4830 0 0 1 standing 
9 329 418 373 519 4831 0 0 1 standing 
9 328 419 372 519 4832 0 0 0 standing 
9 326 419 373 519 4833 0 0 1 standing 
9 324 420 375 519 4834 0 0 1 standing 
9 322 421 377 520 4835 0 0 0 standing 
9 321 422 375 519 4836 0 0 1 standing 
9 320 423 373 519 4837 0 0 1 standing 
9 319 424 371 518 4838 0 0 1 standing 
9 318 425 369 518 4839 0 0 1 standing 
10 288 345 326 450 4820 0 0 0 standing 
10 284 345 322 450 4821 0 0 1 standing 
10 281 345 319 450 4822 0 0 1 standing 
10 278 345 316 450 4823 0 0 0 standing 
10 274 346 311 450 4824 0 0 1 standing 
10 271 347 306 450 4825 0 0 1 standing 
10 268 348 301 450 4826 0 0 0 standing 
10 261 348 299 450 4827 0 0 1 standing 
10 254 348 297 450 4828 0 0 1 standing 
10 248 348 296 451 4829 0 0 0 standing 
10 246 348 294 451 4830 0 0 1 standing 
10 244 348 292 451 4831 0 0 1 standing 
10 242 348 291 451 4832 0 0 0 standing 
10 239 348 288 451 4833 0 0 1 standing 
10 236 348 285 451 4834 0 0 1 standing 
10 233 348 282 451 4835 0 0 0 standing 
10 229 347 279 450 4836 0 0 1 standing 
10 226 347 276 450 4837 0 0 1 standing 
10 223 346 273 449 4838 0 0 1 standing 
10 220 346 270 449 4839 0 0 1 standing 
11 314 305 353 380 4820 0 0 0 standing 
11 310 305 349 380 4821 0 0 1 standing 
11 306 305 345 380 4822 0 0 1 standing 
11 303 306 342 381 4823 0 0 0 standing 
11 298 306 339 381 4824 0 0 1 standing 
11 294 307 336 382 4825 0 0 1 standing 
11 290 308 334 382 4826 0 0 1 standing 
11 285 308 331 383 4827 0 0 1 standing 
11 281 309 328 383 4828 0 0 1 standing 
11 277 310 326 384 4829 0 0 0 standing 
11 276 310 326 383 4830 0 0 1 standing 
11 275 310 326 383 4831 0 0 1 standing 
11 275 310 326 383 4832 0 0 1 standing 
11 274 310 326 383 4833 0 0 1 standing 
11 273 310 326 383 4834 0 0 1 standing 
11 273 310 326 383 4835 0 0 0 standing 
11 274 309 326 383 4836 0 0 1 standing 
11 276 309 327 383 4837 0 0 1 standing 
11 277 309 328 383 4838 0 0 1 standing 
11 279 309 329 383 4839 0 0 1 standing 
