0 379 332 424 446 41480 0 1 0 standing 
0 383 332 428 446 41481 0 1 1 standing 
0 387 332 432 446 41482 0 1 1 standing 
0 391 332 436 446 41483 0 1 1 standing 
0 395 332 440 446 41484 0 1 1 standing 
0 399 332 444 446 41485 0 1 1 standing 
0 403 332 448 446 41486 0 1 1 standing 
0 407 332 452 446 41487 0 1 1 standing 
0 411 332 456 446 41488 0 1 1 standing 
0 415 332 460 446 41489 0 1 1 standing 
0 419 333 464 447 41490 0 1 0 standing 
0 422 333 467 447 41491 0 1 1 standing 
0 425 333 470 447 41492 0 1 1 standing 
0 428 334 473 448 41493 0 1 1 standing 
0 431 334 476 448 41494 0 1 1 standing 
0 434 334 479 448 41495 0 1 1 standing 
0 438 335 483 449 41496 0 1 0 standing 
0 438 335 483 449 41497 0 1 1 standing 
0 438 335 483 449 41498 0 1 1 standing 
0 438 335 483 449 41499 0 1 1 standing 
1 450 355 491 469 41480 0 1 0 standing 
1 452 354 493 468 41481 0 1 1 standing 
1 455 354 496 468 41482 0 1 1 standing 
1 457 354 499 468 41483 0 1 1 standing 
1 460 354 502 468 41484 0 1 1 standing 
1 463 354 505 468 41485 0 1 1 standing 
1 465 354 507 468 41486 0 1 1 standing 
1 468 354 510 468 41487 0 1 1 standing 
1 470 354 513 468 41488 0 1 1 standing 
1 473 354 516 468 41489 0 1 1 standing 
1 476 354 519 468 41490 0 1 0 standing 
1 475 353 519 467 41491 0 1 1 standing 
1 475 353 519 467 41492 0 1 1 standing 
1 475 353 519 467 41493 0 1 1 standing 
1 474 352 519 466 41494 0 1 1 standing 
1 474 352 519 466 41495 0 1 1 standing 
1 474 352 519 466 41496 0 1 0 standing 
1 474 352 519 466 41497 0 1 1 standing 
1 474 352 519 466 41498 0 1 1 standing 
1 474 352 519 466 41499 0 1 1 standing 
2 470 390 530 516 41480 0 1 0 standing 
2 467 389 527 515 41481 0 1 1 standing 
2 465 389 525 515 41482 0 1 1 standing 
2 462 388 522 514 41483 0 1 1 standing 
2 460 388 520 514 41484 0 1 1 standing 
2 457 388 517 514 41485 0 1 1 standing 
2 455 387 515 513 41486 0 1 1 standing 
2 452 387 512 513 41487 0 1 1 standing 
2 450 386 510 512 41488 0 1 1 standing 
2 447 386 507 512 41489 0 1 1 standing 
2 445 386 505 512 41490 0 1 0 standing 
2 442 385 502 511 41491 0 1 1 standing 
2 439 385 499 511 41492 0 1 1 standing 
2 437 385 496 511 41493 0 1 1 standing 
2 434 385 493 510 41494 0 1 1 standing 
2 431 385 490 510 41495 0 1 1 standing 
2 429 385 488 510 41496 0 1 0 standing 
2 429 385 488 510 41497 0 1 1 standing 
2 429 385 488 510 41498 0 1 1 standing 
2 429 385 488 510 41499 0 1 1 standing 
3 491 329 543 436 41480 0 1 0 standing 
3 492 329 543 436 41481 0 1 1 standing 
3 493 329 543 436 41482 0 1 1 standing 
3 494 329 543 436 41483 0 1 1 standing 
3 495 330 543 437 41484 0 1 1 standing 
3 496 330 543 437 41485 0 1 1 standing 
3 497 330 543 437 41486 0 1 1 standing 
3 498 331 543 438 41487 0 1 1 standing 
3 499 331 543 438 41488 0 1 1 standing 
3 500 331 543 438 41489 0 1 1 standing 
3 501 332 544 439 41490 0 1 0 standing 
3 497 332 543 439 41491 0 1 1 standing 
3 494 332 542 439 41492 0 1 1 standing 
3 491 332 542 439 41493 0 1 1 standing 
3 487 332 541 439 41494 0 1 1 standing 
3 484 332 540 439 41495 0 1 1 standing 
3 481 332 540 439 41496 0 1 0 standing 
3 481 332 540 439 41497 0 1 1 standing 
3 481 332 540 439 41498 0 1 1 standing 
3 481 332 540 439 41499 0 1 1 standing 
4 534 318 571 429 41480 0 1 0 standing 
4 534 319 571 430 41481 0 1 1 standing 
4 535 320 572 431 41482 0 1 1 standing 
4 535 321 572 432 41483 0 1 1 standing 
4 536 322 573 433 41484 0 1 1 standing 
4 536 324 573 435 41485 0 1 1 standing 
4 537 325 574 436 41486 0 1 1 standing 
4 537 326 574 437 41487 0 1 1 standing 
4 538 327 575 438 41488 0 1 1 standing 
4 538 328 575 439 41489 0 1 1 standing 
4 539 330 576 441 41490 0 1 0 standing 
4 537 329 574 440 41491 0 1 1 standing 
4 535 329 572 440 41492 0 1 1 standing 
4 533 329 570 440 41493 0 1 1 standing 
4 531 328 568 439 41494 0 1 1 standing 
4 529 328 566 439 41495 0 1 1 standing 
4 527 328 564 439 41496 0 1 0 standing 
4 527 328 564 439 41497 0 1 1 standing 
4 527 328 564 439 41498 0 1 1 standing 
4 527 328 564 439 41499 0 1 1 standing 
5 562 315 604 432 41480 0 1 0 standing 
5 561 315 603 432 41481 0 1 1 standing 
5 561 316 603 433 41482 0 1 1 standing 
5 561 316 603 433 41483 0 1 1 standing 
5 561 317 603 434 41484 0 1 1 standing 
5 561 318 603 434 41485 0 1 1 standing 
5 560 318 602 435 41486 0 1 1 standing 
5 560 319 602 435 41487 0 1 1 standing 
5 560 319 602 436 41488 0 1 1 standing 
5 560 320 602 436 41489 0 1 1 standing 
5 560 321 602 437 41490 0 1 0 standing 
5 557 322 601 440 41491 0 1 1 standing 
5 554 324 601 443 41492 0 1 1 standing 
5 551 326 601 446 41493 0 1 1 standing 
5 548 328 600 449 41494 0 1 1 standing 
5 545 330 600 452 41495 0 1 1 standing 
5 542 332 600 456 41496 0 1 0 standing 
5 542 332 600 456 41497 0 1 1 standing 
5 542 332 600 456 41498 0 1 1 standing 
5 542 332 600 456 41499 0 1 1 standing 
6 952 344 1031 458 41480 0 0 0 standing 
6 950 345 1032 459 41481 0 0 1 standing 
6 949 346 1034 460 41482 0 0 1 standing 
6 948 348 1036 462 41483 0 0 0 standing 
6 949 350 1035 461 41484 0 0 1 standing 
6 951 352 1034 460 41485 0 0 1 standing 
6 953 354 1033 460 41486 0 0 0 standing 
6 950 355 1030 460 41487 0 0 1 standing 
6 947 356 1027 461 41488 0 0 1 standing 
6 944 358 1024 462 41489 0 0 0 standing 
6 939 356 1014 461 41490 0 0 1 standing 
6 934 354 1004 460 41491 0 0 1 standing 
6 930 352 994 460 41492 0 0 0 standing 
6 925 350 989 460 41493 0 0 1 standing 
6 920 349 984 461 41494 0 0 1 standing 
6 916 348 979 462 41495 0 0 0 standing 
6 916 348 979 462 41496 0 0 1 standing 
6 916 348 979 462 41497 0 0 1 standing 
6 916 348 979 462 41498 0 0 1 standing 
6 916 348 979 462 41499 0 0 1 standing 
7 902 434 1021 502 41480 0 0 0 standing 
7 904 434 1023 502 41481 0 0 1 falling 
7 907 435 1026 503 41482 0 0 1 falling 
7 910 436 1029 504 41483 0 0 0 falling 
7 911 436 1030 504 41484 0 0 1 falling 
7 912 436 1031 504 41485 0 0 1 falling 
7 914 436 1033 504 41486 0 0 0 falling 
7 914 436 1033 504 41487 0 0 1 falling 
7 914 436 1033 504 41488 0 0 1 falling 
7 915 436 1034 504 41489 0 0 0 falling 
7 915 435 1034 503 41490 0 0 1 falling 
7 915 435 1034 503 41491 0 0 1 falling 
7 915 435 1034 503 41492 0 0 1 falling 
7 915 434 1034 502 41493 0 0 1 falling 
7 915 434 1034 502 41494 0 0 1 falling 
7 916 434 1035 502 41495 0 0 0 falling 
7 916 434 1035 502 41496 0 0 1 falling 
7 916 434 1035 502 41497 0 0 1 falling 
7 916 434 1035 502 41498 0 0 1 falling 
7 916 434 1035 502 41499 0 0 1 falling 
8 904 321 947 427 41480 0 0 0 falling 
8 906 322 949 428 41481 0 0 1 standing 
8 908 324 951 430 41482 0 0 1 standing 
8 910 326 954 432 41483 0 0 0 standing 
8 910 326 954 432 41484 0 0 1 standing 
8 911 327 955 432 41485 0 0 1 standing 
8 912 328 956 432 41486 0 0 0 standing 
8 909 328 954 434 41487 0 0 1 standing 
8 906 328 953 436 41488 0 0 1 standing 
8 904 328 952 438 41489 0 0 0 standing 
8 901 328 949 438 41490 0 0 1 standing 
8 898 329 946 439 41491 0 0 1 standing 
8 895 330 943 440 41492 0 0 0 standing 
8 890 330 942 440 41493 0 0 1 standing 
8 886 331 941 440 41494 0 0 1 standing 
8 882 332 941 441 41495 0 0 0 standing 
8 882 332 941 441 41496 0 0 1 standing 
8 882 332 941 441 41497 0 0 1 standing 
8 882 332 941 441 41498 0 0 1 standing 
8 882 332 941 441 41499 0 0 1 standing 
9 724 359 771 482 41480 0 0 0 standing 
9 728 357 775 480 41481 0 0 1 standing 
9 732 355 779 479 41482 0 0 1 standing 
9 737 354 784 478 41483 0 0 0 standing 
9 741 353 787 475 41484 0 0 1 standing 
9 746 353 791 472 41485 0 0 1 standing 
9 751 353 795 469 41486 0 0 0 standing 
9 753 353 797 469 41487 0 0 1 standing 
9 755 353 799 469 41488 0 0 1 standing 
9 757 353 801 469 41489 0 0 0 standing 
9 757 353 806 469 41490 0 0 1 standing 
9 757 353 811 469 41491 0 0 1 standing 
9 758 354 817 469 41492 0 0 0 standing 
9 758 354 820 468 41493 0 0 1 standing 
9 758 354 823 468 41494 0 0 1 standing 
9 758 354 827 468 41495 0 0 0 standing 
9 758 354 827 468 41496 0 0 1 standing 
9 758 354 827 468 41497 0 0 1 standing 
9 758 354 827 468 41498 0 0 1 standing 
9 758 354 827 468 41499 0 0 1 standing 
10 683 344 727 469 41480 0 0 0 standing 
10 685 345 733 470 41481 0 0 1 standing 
10 688 346 739 471 41482 0 0 1 standing 
10 691 348 745 472 41483 0 0 0 standing 
10 692 348 746 474 41484 0 0 1 standing 
10 694 349 747 476 41485 0 0 1 standing 
10 696 350 749 479 41486 0 0 0 standing 
10 699 350 752 479 41487 0 0 1 standing 
10 702 350 755 479 41488 0 0 1 standing 
10 706 351 759 480 41489 0 0 0 standing 
10 709 352 761 480 41490 0 0 1 standing 
10 712 353 764 480 41491 0 0 1 standing 
10 715 354 767 480 41492 0 0 0 standing 
10 716 355 771 483 41493 0 0 1 standing 
10 717 357 775 486 41494 0 0 1 standing 
10 718 359 780 489 41495 0 0 0 standing 
10 718 359 780 489 41496 0 0 1 standing 
10 718 359 780 489 41497 0 0 1 standing 
10 718 359 780 489 41498 0 0 1 standing 
10 718 359 780 489 41499 0 0 1 standing 
11 690 305 737 412 41480 0 0 0 standing 
11 694 306 739 412 41481 0 0 1 standing 
11 698 307 741 412 41482 0 0 1 standing 
11 703 308 743 412 41483 0 0 0 standing 
11 706 308 744 412 41484 0 0 1 standing 
11 709 308 746 412 41485 0 0 1 standing 
11 713 309 748 413 41486 0 0 0 standing 
11 716 311 751 415 41487 0 0 1 standing 
11 720 313 754 417 41488 0 0 1 standing 
11 724 316 758 420 41489 0 0 0 standing 
11 724 317 759 421 41490 0 0 1 standing 
11 724 318 760 422 41491 0 0 1 standing 
11 725 319 762 424 41492 0 0 0 standing 
11 726 318 767 423 41493 0 0 1 standing 
11 727 318 772 422 41494 0 0 1 standing 
11 729 318 777 422 41495 0 0 0 standing 
11 729 318 777 422 41496 0 0 1 standing 
11 729 318 777 422 41497 0 0 1 standing 
11 729 318 777 422 41498 0 0 1 standing 
11 729 318 777 422 41499 0 0 1 standing 
