0 271 375 328 482 81735 0 1 0 digging 
0 277 376 336 481 81736 0 1 1 digging 
0 283 378 344 481 81737 0 1 1 digging 
0 289 379 352 481 81738 0 1 1 digging 
0 296 381 360 481 81739 0 1 0 digging 
0 298 380 362 481 81740 0 1 1 digging 
0 301 379 364 482 81741 0 1 1 digging 
0 304 378 366 482 81742 0 1 1 digging 
0 306 377 368 483 81743 0 1 1 digging 
0 309 376 370 483 81744 0 1 1 digging 
0 312 376 373 484 81745 0 1 0 digging 
0 309 379 370 487 81746 0 1 1 digging 
0 306 383 368 491 81747 0 1 1 digging 
0 303 386 365 495 81748 0 1 1 digging 
0 301 390 363 499 81749 0 1 0 digging 
0 293 396 356 503 81750 0 1 1 digging 
0 285 402 350 507 81751 0 1 1 digging 
0 277 408 344 511 81752 0 1 1 digging 
0 269 414 338 515 81753 0 1 1 digging 
0 261 420 332 519 81754 0 1 1 digging 
1 589 451 648 600 81735 0 0 0 digging 
1 593 452 660 601 81736 0 0 1 standing 
1 597 454 673 603 81737 0 0 1 standing 
1 601 456 686 605 81738 0 0 1 standing 
1 606 458 699 607 81739 0 0 0 standing 
1 614 458 702 606 81740 0 0 1 standing 
1 622 458 705 605 81741 0 0 1 standing 
1 630 458 709 605 81742 0 0 1 standing 
1 638 458 712 604 81743 0 0 1 standing 
1 646 458 715 603 81744 0 0 1 standing 
1 654 458 719 603 81745 0 0 0 standing 
1 656 459 719 605 81746 0 0 1 standing 
1 658 460 719 607 81747 0 0 1 standing 
1 660 461 719 609 81748 0 0 1 standing 
1 663 462 720 612 81749 0 0 0 standing 
1 656 463 717 614 81750 0 0 1 standing 
1 649 464 715 617 81751 0 0 1 standing 
1 643 465 713 620 81752 0 0 0 standing 
1 634 471 705 622 81753 0 0 1 standing 
1 625 477 697 624 81754 0 0 1 standing 
2 521 303 582 400 81735 0 0 0 standing 
2 530 300 590 397 81736 0 0 1 standing 
2 539 298 598 395 81737 0 0 1 standing 
2 549 295 606 392 81738 0 0 1 standing 
2 558 293 614 390 81739 0 0 1 standing 
2 567 290 622 387 81740 0 0 1 standing 
2 577 288 631 385 81741 0 0 0 standing 
2 584 285 637 382 81742 0 0 1 standing 
2 592 283 644 380 81743 0 0 1 standing 
2 599 281 650 377 81744 0 0 1 standing 
2 607 279 657 375 81745 0 0 0 standing 
2 608 278 661 373 81746 0 0 1 standing 
2 610 278 665 372 81747 0 0 1 standing 
2 611 277 669 371 81748 0 0 1 standing 
2 613 277 674 370 81749 0 0 0 standing 
2 615 276 674 369 81750 0 0 1 standing 
2 617 276 675 369 81751 0 0 1 standing 
2 619 276 676 369 81752 0 0 0 standing 
2 621 276 675 369 81753 0 0 1 standing 
2 623 276 674 369 81754 0 0 1 standing 
3 678 431 720 572 81735 0 0 0 standing 
3 690 431 733 571 81736 0 0 1 standing 
3 703 431 746 570 81737 0 0 1 standing 
3 715 431 759 569 81738 0 0 1 standing 
3 728 431 772 568 81739 0 0 1 standing 
3 740 431 786 567 81740 0 0 1 standing 
3 753 431 799 566 81741 0 0 1 standing 
3 765 431 812 565 81742 0 0 1 standing 
3 778 431 825 564 81743 0 0 1 standing 
3 790 431 838 563 81744 0 0 1 standing 
3 803 431 852 563 81745 0 0 0 standing 
3 808 432 859 564 81746 0 0 1 standing 
3 814 433 867 565 81747 0 0 1 standing 
3 820 434 874 566 81748 0 0 1 standing 
3 826 435 882 567 81749 0 0 0 standing 
3 827 436 885 568 81750 0 0 1 standing 
3 829 437 888 569 81751 0 0 1 standing 
3 831 438 892 571 81752 0 0 0 standing 
3 830 437 889 569 81753 0 0 1 standing 
3 830 436 886 567 81754 0 0 1 standing 
4 699 314 745 430 81735 0 0 0 standing 
4 708 313 754 429 81736 0 0 1 standing 
4 718 312 763 428 81737 0 0 1 standing 
4 727 312 772 427 81738 0 0 1 standing 
4 737 311 781 426 81739 0 0 1 standing 
4 747 311 790 425 81740 0 0 1 standing 
4 756 310 799 424 81741 0 0 1 standing 
4 766 309 808 423 81742 0 0 1 standing 
4 775 309 817 422 81743 0 0 1 standing 
4 785 308 826 421 81744 0 0 1 standing 
4 795 308 836 421 81745 0 0 0 standing 
4 801 309 842 422 81746 0 0 1 standing 
4 807 310 848 423 81747 0 0 1 standing 
4 813 311 854 424 81748 0 0 1 standing 
4 820 312 861 425 81749 0 0 0 standing 
4 820 311 861 424 81750 0 0 1 standing 
4 820 311 861 424 81751 0 0 1 standing 
4 821 311 862 424 81752 0 0 0 standing 
4 817 311 858 424 81753 0 0 1 standing 
4 814 311 855 424 81754 0 0 1 standing 
5 1091 336 1145 462 81735 0 0 0 standing 
5 1103 336 1156 462 81736 0 0 1 standing 
5 1115 337 1167 462 81737 0 0 1 standing 
5 1127 337 1178 462 81738 0 0 1 standing 
5 1140 338 1189 463 81739 0 0 0 standing 
5 1150 338 1200 463 81740 0 0 1 standing 
5 1161 339 1212 464 81741 0 0 1 standing 
5 1172 339 1224 465 81742 0 0 1 standing 
5 1183 340 1235 465 81743 0 0 1 standing 
5 1194 340 1247 466 81744 0 0 1 standing 
5 1205 341 1259 467 81745 0 0 0 standing 
5 1208 342 1263 468 81746 0 0 1 standing 
5 1212 344 1268 469 81747 0 0 1 standing 
5 1216 346 1273 470 81748 0 0 1 standing 
5 1220 348 1278 472 81749 0 0 0 standing 
5 1224 350 1278 474 81750 0 0 1 standing 
5 1228 352 1278 477 81751 0 0 1 standing 
5 1232 355 1279 480 81752 0 0 0 standing 
5 1228 355 1279 480 81753 0 0 1 standing 
5 1225 355 1279 480 81754 0 0 1 standing 
6 400 420 472 542 81735 0 0 0 standing 
6 406 417 480 541 81736 0 0 1 standing 
6 413 415 489 540 81737 0 0 1 standing 
6 419 413 498 539 81738 0 0 1 standing 
6 426 411 507 538 81739 0 0 0 standing 
6 435 409 513 538 81740 0 0 1 standing 
6 444 407 519 538 81741 0 0 1 standing 
6 453 405 526 538 81742 0 0 0 standing 
6 459 402 529 537 81743 0 0 1 standing 
6 465 400 533 536 81744 0 0 1 standing 
6 471 397 537 535 81745 0 0 1 standing 
6 477 395 541 534 81746 0 0 1 standing 
6 484 393 545 534 81747 0 0 0 standing 
6 485 394 545 534 81748 0 0 1 standing 
6 486 395 546 534 81749 0 0 1 standing 
6 487 396 546 534 81750 0 0 1 standing 
6 489 398 547 535 81751 0 0 0 standing 
6 489 398 547 535 81752 0 0 1 standing 
6 489 398 547 535 81753 0 0 1 standing 
6 489 398 547 535 81754 0 0 1 standing 
7 435 349 512 469 81735 0 0 0 standing 
7 445 347 518 467 81736 0 0 1 standing 
7 455 345 525 465 81737 0 0 1 standing 
7 465 343 531 463 81738 0 0 1 standing 
7 475 342 538 461 81739 0 0 0 standing 
7 482 341 546 460 81740 0 0 1 standing 
7 490 340 555 459 81741 0 0 1 standing 
7 497 339 563 458 81742 0 0 1 standing 
7 505 338 572 457 81743 0 0 0 standing 
7 512 337 580 456 81744 0 0 1 standing 
7 519 336 588 455 81745 0 0 1 standing 
7 526 335 596 454 81746 0 0 1 standing 
7 534 334 605 454 81747 0 0 0 standing 
7 535 331 603 451 81748 0 0 1 standing 
7 537 329 602 449 81749 0 0 1 standing 
7 538 327 600 447 81750 0 0 1 standing 
7 540 325 599 445 81751 0 0 0 standing 
7 534 324 592 444 81752 0 0 1 standing 
7 528 323 586 444 81753 0 0 1 standing 
7 522 322 580 443 81754 0 0 1 standing 
8 564 368 612 499 81735 0 0 0 standing 
8 574 366 621 497 81736 0 0 1 standing 
8 584 365 630 495 81737 0 0 1 standing 
8 594 363 639 493 81738 0 0 1 standing 
8 604 362 649 492 81739 0 0 0 standing 
8 615 360 660 490 81740 0 0 1 standing 
8 627 359 671 488 81741 0 0 1 standing 
8 639 357 682 486 81742 0 0 1 standing 
8 651 356 694 485 81743 0 0 0 standing 
8 659 354 702 483 81744 0 0 1 standing 
8 668 353 710 482 81745 0 0 1 standing 
8 676 351 718 480 81746 0 0 1 standing 
8 685 350 726 479 81747 0 0 0 standing 
8 690 349 731 478 81748 0 0 1 standing 
8 695 348 736 477 81749 0 0 1 standing 
8 700 347 741 476 81750 0 0 1 standing 
8 705 347 746 476 81751 0 0 0 standing 
8 703 348 744 477 81752 0 0 1 standing 
8 702 349 743 478 81753 0 0 1 standing 
8 700 350 741 479 81754 0 0 1 standing 
9 676 408 736 547 81735 0 0 0 standing 
9 687 406 746 542 81736 0 0 1 standing 
9 698 404 756 538 81737 0 0 1 standing 
9 709 402 766 534 81738 0 0 1 standing 
9 721 401 776 530 81739 0 0 0 standing 
9 734 398 785 531 81740 0 0 1 standing 
9 747 395 795 532 81741 0 0 1 standing 
9 760 392 804 533 81742 0 0 1 standing 
9 773 390 814 535 81743 0 0 0 standing 
9 782 387 823 533 81744 0 0 1 standing 
9 792 385 833 532 81745 0 0 1 standing 
9 801 383 843 530 81746 0 0 1 standing 
9 811 381 853 529 81747 0 0 0 standing 
9 815 379 857 527 81748 0 0 1 standing 
9 819 377 862 525 81749 0 0 1 standing 
9 823 375 867 523 81750 0 0 1 standing 
9 827 374 872 522 81751 0 0 0 standing 
9 826 372 870 520 81752 0 0 1 standing 
9 826 371 869 518 81753 0 0 1 standing 
9 825 369 867 516 81754 0 0 1 standing 
10 928 336 986 448 81735 0 0 0 standing 
10 939 335 997 447 81736 0 0 1 standing 
10 951 335 1008 446 81737 0 0 1 standing 
10 962 335 1020 445 81738 0 0 1 standing 
10 974 335 1031 444 81739 0 0 1 standing 
10 985 335 1042 443 81740 0 0 1 standing 
10 997 335 1054 442 81741 0 0 1 standing 
10 1008 335 1065 441 81742 0 0 1 standing 
10 1020 335 1077 440 81743 0 0 0 standing 
10 1029 335 1086 439 81744 0 0 1 standing 
10 1039 335 1096 438 81745 0 0 1 standing 
10 1049 335 1106 437 81746 0 0 1 standing 
10 1059 335 1116 436 81747 0 0 0 standing 
10 1062 335 1118 436 81748 0 0 1 standing 
10 1065 335 1121 436 81749 0 0 1 standing 
10 1068 335 1123 436 81750 0 0 1 standing 
10 1072 336 1126 437 81751 0 0 0 standing 
10 1070 337 1124 438 81752 0 0 1 standing 
10 1069 339 1122 440 81753 0 0 1 standing 
10 1067 341 1120 441 81754 0 0 1 standing 
11 954 410 1014 539 81735 0 0 0 standing 
11 964 410 1023 538 81736 0 0 1 standing 
11 974 410 1033 538 81737 0 0 1 standing 
11 985 410 1042 538 81738 0 0 1 standing 
11 995 410 1052 538 81739 0 0 1 standing 
11 1006 410 1061 538 81740 0 0 1 standing 
11 1016 410 1071 538 81741 0 0 1 standing 
11 1026 410 1080 538 81742 0 0 1 standing 
11 1037 410 1090 538 81743 0 0 1 standing 
11 1047 410 1099 538 81744 0 0 1 standing 
11 1058 410 1109 538 81745 0 0 1 standing 
11 1068 410 1118 538 81746 0 0 1 standing 
11 1079 411 1128 538 81747 0 0 0 standing 
11 1083 410 1131 537 81748 0 0 1 standing 
11 1088 410 1135 536 81749 0 0 1 standing 
11 1093 410 1139 535 81750 0 0 1 standing 
11 1098 410 1143 535 81751 0 0 0 standing 
11 1095 408 1143 533 81752 0 0 1 standing 
11 1092 407 1143 531 81753 0 0 1 standing 
11 1089 406 1143 529 81754 0 0 1 standing 
