0 947 387 1002 492 26150 0 1 0 digging 
0 945 385 1001 491 26151 0 1 1 digging 
0 944 383 1001 491 26152 0 1 1 digging 
0 942 381 1001 491 26153 0 1 1 digging 
0 941 379 1001 491 26154 0 1 1 digging 
0 940 377 1001 491 26155 0 1 1 digging 
0 938 375 1000 491 26156 0 1 1 digging 
0 937 373 1000 491 26157 0 1 1 digging 
0 935 371 1000 491 26158 0 1 1 digging 
0 934 369 1000 491 26159 0 1 1 digging 
0 933 368 1000 491 26160 0 1 0 digging 
0 936 368 1000 490 26161 0 1 1 digging 
0 939 369 1001 490 26162 0 1 1 digging 
0 943 369 1001 490 26163 0 1 1 digging 
0 946 370 1002 490 26164 0 1 1 digging 
0 950 371 1003 490 26165 0 1 1 digging 
0 953 371 1003 489 26166 0 1 1 digging 
0 956 372 1004 489 26167 0 1 1 digging 
0 960 372 1004 489 26168 0 1 1 digging 
0 963 373 1005 489 26169 0 1 1 digging 
1 788 425 852 496 26150 0 1 0 digging 
1 791 424 855 495 26151 0 1 1 falling 
1 794 424 859 494 26152 0 1 1 falling 
1 797 424 862 493 26153 0 1 1 falling 
1 800 424 866 492 26154 0 1 1 falling 
1 803 424 870 492 26155 0 1 1 falling 
1 806 424 873 491 26156 0 1 1 falling 
1 809 424 877 490 26157 0 1 1 falling 
1 812 424 880 489 26158 0 1 1 falling 
1 815 424 884 488 26159 0 1 1 falling 
1 818 424 888 488 26160 0 1 0 falling 
1 819 423 890 487 26161 0 1 1 falling 
1 821 423 893 487 26162 0 1 1 falling 
1 823 422 896 487 26163 0 1 1 falling 
1 825 422 899 487 26164 0 1 1 falling 
1 827 422 902 487 26165 0 1 1 falling 
1 829 421 904 487 26166 0 1 1 falling 
1 831 421 907 487 26167 0 1 1 falling 
1 833 420 910 487 26168 0 1 1 falling 
1 835 420 913 487 26169 0 1 1 falling 
2 1055 507 1165 674 26150 0 0 0 falling 
2 1055 509 1168 674 26151 0 0 1 standing 
2 1055 511 1171 674 26152 0 0 1 standing 
2 1055 513 1174 675 26153 0 0 0 standing 
2 1052 511 1174 675 26154 0 0 1 standing 
2 1049 509 1174 675 26155 0 0 1 standing 
2 1047 508 1174 675 26156 0 0 0 standing 
2 1047 504 1174 675 26157 0 0 1 standing 
2 1047 500 1174 675 26158 0 0 1 standing 
2 1047 496 1174 675 26159 0 0 0 standing 
2 1045 490 1170 670 26160 0 0 1 standing 
2 1043 485 1167 666 26161 0 0 1 standing 
2 1042 480 1164 662 26162 0 0 0 standing 
2 1040 476 1163 662 26163 0 0 1 standing 
2 1039 472 1162 662 26164 0 0 1 standing 
2 1038 469 1161 663 26165 0 0 0 standing 
2 1036 471 1156 663 26166 0 0 1 standing 
2 1034 473 1152 663 26167 0 0 1 standing 
2 1033 475 1148 663 26168 0 0 1 standing 
2 1031 477 1144 663 26169 0 0 1 standing 
3 918 419 969 563 26150 0 0 0 standing 
3 917 419 969 562 26151 0 0 1 standing 
3 916 419 969 562 26152 0 0 1 standing 
3 915 419 970 562 26153 0 0 0 standing 
3 913 416 969 559 26154 0 0 1 standing 
3 911 413 968 556 26155 0 0 1 standing 
3 909 411 968 554 26156 0 0 0 standing 
3 908 411 968 554 26157 0 0 1 standing 
3 907 411 968 554 26158 0 0 1 standing 
3 906 411 968 554 26159 0 0 0 standing 
3 907 410 969 553 26160 0 0 1 standing 
3 908 409 970 552 26161 0 0 1 standing 
3 909 409 972 552 26162 0 0 0 standing 
3 910 408 973 551 26163 0 0 1 standing 
3 912 408 975 551 26164 0 0 1 standing 
3 914 408 977 551 26165 0 0 0 standing 
3 914 409 980 551 26166 0 0 1 standing 
3 915 411 983 551 26167 0 0 1 standing 
3 916 412 986 551 26168 0 0 1 standing 
3 917 414 989 551 26169 0 0 1 standing 
4 860 317 907 420 26150 0 0 0 standing 
4 860 317 907 420 26151 0 0 1 standing 
4 860 317 907 420 26152 0 0 1 standing 
4 860 317 907 420 26153 0 0 0 standing 
4 860 315 906 419 26154 0 0 1 standing 
4 860 313 906 419 26155 0 0 1 standing 
4 860 312 906 419 26156 0 0 0 standing 
4 859 309 908 419 26157 0 0 1 standing 
4 858 307 910 419 26158 0 0 1 standing 
4 857 305 913 420 26159 0 0 0 standing 
4 855 305 913 420 26160 0 0 1 standing 
4 853 305 913 420 26161 0 0 1 standing 
4 851 305 914 420 26162 0 0 0 standing 
4 847 304 910 419 26163 0 0 1 standing 
4 843 303 906 418 26164 0 0 1 standing 
4 840 303 903 418 26165 0 0 0 standing 
4 838 302 900 417 26166 0 0 1 standing 
4 836 301 898 416 26167 0 0 1 standing 
4 834 301 895 415 26168 0 0 1 standing 
4 832 300 893 414 26169 0 0 1 standing 
5 760 385 795 543 26150 0 0 0 standing 
5 759 385 796 543 26151 0 0 1 moving 
5 758 385 798 543 26152 0 0 1 moving 
5 757 385 800 543 26153 0 0 0 moving 
5 756 385 800 543 26154 0 0 1 moving 
5 755 385 800 543 26155 0 0 1 moving 
5 755 385 801 543 26156 0 0 0 moving 
5 753 381 799 539 26157 0 0 1 moving 
5 751 377 797 535 26158 0 0 1 moving 
5 749 373 796 531 26159 0 0 0 moving 
5 747 373 795 531 26160 0 0 1 moving 
5 745 373 794 531 26161 0 0 1 moving 
5 744 374 794 532 26162 0 0 0 moving 
5 740 373 791 530 26163 0 0 1 moving 
5 737 372 788 529 26164 0 0 1 moving 
5 734 372 785 528 26165 0 0 0 moving 
5 731 372 785 528 26166 0 0 1 moving 
5 729 372 785 528 26167 0 0 1 moving 
5 727 373 786 528 26168 0 0 0 moving 
5 727 373 786 528 26169 0 0 1 moving 
6 185 380 249 532 26150 0 0 0 moving 
6 182 378 246 530 26151 0 0 1 standing 
6 180 376 244 528 26152 0 0 1 standing 
6 178 375 242 527 26153 0 0 0 standing 
6 176 374 239 526 26154 0 0 1 standing 
6 174 374 237 525 26155 0 0 1 standing 
6 172 374 235 525 26156 0 0 0 standing 
6 168 373 232 525 26157 0 0 1 standing 
6 164 372 230 525 26158 0 0 1 standing 
6 161 371 228 526 26159 0 0 0 standing 
6 159 370 226 526 26160 0 0 1 standing 
6 157 370 224 527 26161 0 0 1 standing 
6 155 370 222 528 26162 0 0 0 standing 
6 149 371 217 529 26163 0 0 1 standing 
6 143 372 212 530 26164 0 0 1 standing 
6 138 373 208 531 26165 0 0 0 standing 
6 133 374 206 532 26166 0 0 1 standing 
6 128 375 205 534 26167 0 0 1 standing 
6 124 377 204 535 26168 0 0 1 standing 
6 119 378 203 537 26169 0 0 1 standing 
7 274 337 320 464 26150 0 0 0 standing 
7 270 337 316 464 26151 0 0 1 standing 
7 266 337 312 464 26152 0 0 1 standing 
7 263 338 309 465 26153 0 0 0 standing 
7 260 337 306 464 26154 0 0 1 standing 
7 258 337 304 464 26155 0 0 1 standing 
7 256 337 302 464 26156 0 0 0 standing 
7 251 334 302 462 26157 0 0 1 standing 
7 246 332 302 461 26158 0 0 1 standing 
7 242 330 302 460 26159 0 0 0 standing 
7 239 329 301 458 26160 0 0 1 standing 
7 236 328 300 457 26161 0 0 1 standing 
7 233 328 300 456 26162 0 0 0 standing 
7 232 328 299 456 26163 0 0 1 standing 
7 231 328 298 456 26164 0 0 1 standing 
7 230 329 297 457 26165 0 0 0 standing 
7 228 328 293 456 26166 0 0 1 standing 
7 226 327 290 455 26167 0 0 1 standing 
7 224 327 286 454 26168 0 0 1 standing 
7 222 326 283 453 26169 0 0 1 standing 
8 303 433 370 584 26150 0 0 0 standing 
8 301 432 368 583 26151 0 0 1 standing 
8 299 432 366 583 26152 0 0 1 standing 
8 297 432 364 583 26153 0 0 0 standing 
8 292 431 358 582 26154 0 0 1 standing 
8 288 430 352 581 26155 0 0 1 standing 
8 284 430 346 580 26156 0 0 0 standing 
8 278 430 340 580 26157 0 0 1 standing 
8 273 431 335 581 26158 0 0 1 standing 
8 268 432 330 582 26159 0 0 0 standing 
8 257 432 329 581 26160 0 0 1 standing 
8 247 432 329 580 26161 0 0 1 standing 
8 237 432 329 580 26162 0 0 0 standing 
8 232 433 324 581 26163 0 0 1 standing 
8 227 435 319 583 26164 0 0 1 standing 
8 223 437 315 585 26165 0 0 0 standing 
8 220 437 312 585 26166 0 0 1 standing 
8 217 438 309 586 26167 0 0 1 standing 
8 214 439 306 586 26168 0 0 1 standing 
8 211 440 303 587 26169 0 0 1 standing 
9 528 430 586 589 26150 0 0 0 standing 
9 528 430 586 589 26151 0 0 1 standing 
9 528 430 586 589 26152 0 0 1 standing 
9 529 430 587 590 26153 0 0 1 standing 
9 529 430 587 590 26154 0 0 1 standing 
9 529 431 587 590 26155 0 0 1 standing 
9 530 431 588 591 26156 0 0 1 standing 
9 530 431 588 591 26157 0 0 1 standing 
9 530 431 588 591 26158 0 0 1 standing 
9 531 431 589 592 26159 0 0 1 standing 
9 531 432 589 592 26160 0 0 1 standing 
9 531 432 589 592 26161 0 0 1 standing 
9 532 432 590 593 26162 0 0 1 standing 
9 532 432 590 593 26163 0 0 1 standing 
9 532 432 590 593 26164 0 0 1 standing 
9 533 433 591 594 26165 0 0 1 standing 
9 533 433 591 594 26166 0 0 1 standing 
9 533 433 591 594 26167 0 0 1 standing 
9 534 433 592 595 26168 0 0 1 standing 
9 534 433 592 595 26169 0 0 1 standing 
10 562 368 599 508 26150 0 0 0 standing 
10 560 368 599 507 26151 0 0 1 standing 
10 558 368 599 506 26152 0 0 1 standing 
10 556 368 599 506 26153 0 0 0 standing 
10 554 368 599 505 26154 0 0 1 standing 
10 553 368 599 504 26155 0 0 1 standing 
10 552 368 599 504 26156 0 0 0 standing 
10 552 368 601 503 26157 0 0 1 standing 
10 552 368 604 503 26158 0 0 1 standing 
10 552 368 607 503 26159 0 0 0 standing 
10 552 370 606 503 26160 0 0 1 standing 
10 552 372 606 503 26161 0 0 1 standing 
10 552 374 606 504 26162 0 0 0 standing 
10 549 374 604 504 26163 0 0 1 standing 
10 547 374 602 505 26164 0 0 1 standing 
10 545 375 600 506 26165 0 0 0 standing 
10 545 375 600 506 26166 0 0 1 standing 
10 545 375 600 506 26167 0 0 1 standing 
10 545 375 600 506 26168 0 0 1 standing 
10 545 375 600 506 26169 0 0 1 standing 
11 567 336 610 447 26150 0 0 0 standing 
11 566 336 609 446 26151 0 0 1 standing 
11 566 336 609 445 26152 0 0 1 standing 
11 566 336 609 444 26153 0 0 0 standing 
11 566 334 607 448 26154 0 0 1 standing 
11 566 332 606 453 26155 0 0 1 standing 
11 566 331 605 458 26156 0 0 0 standing 
11 563 331 605 458 26157 0 0 1 standing 
11 560 331 605 458 26158 0 0 1 standing 
11 557 331 605 458 26159 0 0 0 standing 
11 555 331 605 458 26160 0 0 1 standing 
11 553 331 605 458 26161 0 0 1 standing 
11 551 331 606 458 26162 0 0 0 standing 
11 547 331 606 458 26163 0 0 1 standing 
11 543 331 606 459 26164 0 0 1 standing 
11 539 331 606 459 26165 0 0 1 standing 
11 535 331 606 460 26166 0 0 1 standing 
11 531 331 606 460 26167 0 0 1 standing 
11 527 331 606 461 26168 0 0 1 standing 
11 523 331 606 461 26169 0 0 1 standing 
