0 591 354 638 500 24935 1 0 1 setting 
0 591 354 639 500 24936 1 0 1 setting 
0 591 354 640 500 24937 0 1 0 setting 
0 591 350 642 496 24938 0 1 1 setting 
0 592 347 645 492 24939 0 1 1 setting 
0 593 344 648 488 24940 0 1 0 setting 
0 596 346 650 488 24941 0 1 1 setting 
0 600 349 653 489 24942 0 1 1 setting 
0 604 352 655 490 24943 0 1 1 setting 
0 608 355 658 490 24944 0 1 1 setting 
0 612 358 660 491 24945 0 1 1 setting 
0 616 361 663 492 24946 0 1 1 setting 
0 620 364 665 492 24947 0 1 1 setting 
0 624 367 668 493 24948 0 1 1 setting 
0 628 370 671 494 24949 0 1 0 setting 
0 632 367 676 491 24950 0 1 1 setting 
0 637 365 682 489 24951 0 1 1 setting 
0 642 363 687 486 24952 0 1 1 setting 
0 647 361 693 484 24953 0 1 1 setting 
0 651 358 698 481 24954 0 1 1 setting 
1 1012 494 1090 633 24935 1 0 1 setting 
1 1012 494 1090 633 24936 1 0 1 moving 
1 1012 494 1090 633 24937 0 1 0 moving 
1 1009 493 1085 638 24938 0 1 1 moving 
1 1006 492 1081 643 24939 0 1 1 moving 
1 1003 492 1077 649 24940 0 1 0 moving 
1 999 493 1070 649 24941 0 1 1 moving 
1 995 495 1064 650 24942 0 1 1 moving 
1 991 497 1058 651 24943 0 1 0 moving 
1 980 494 1045 646 24944 0 1 1 moving 
1 969 491 1032 642 24945 0 1 1 moving 
1 958 489 1020 638 24946 0 1 0 moving 
1 953 489 1016 642 24947 0 1 1 moving 
1 949 490 1012 646 24948 0 1 1 moving 
1 945 491 1008 651 24949 0 1 0 moving 
1 934 489 996 647 24950 0 1 1 moving 
1 923 488 985 643 24951 0 1 1 moving 
1 912 486 974 639 24952 0 1 1 moving 
1 901 485 963 636 24953 0 1 1 moving 
1 890 484 951 632 24954 0 1 1 moving 
2 665 425 718 544 24935 1 0 1 moving 
2 665 425 718 544 24936 1 0 1 standing 
2 665 425 718 544 24937 0 1 0 standing 
2 661 424 710 543 24938 0 1 1 standing 
2 658 423 702 543 24939 0 1 1 standing 
2 655 422 694 543 24940 0 1 0 standing 
2 649 421 692 543 24941 0 1 1 standing 
2 644 421 690 543 24942 0 1 1 standing 
2 639 421 688 544 24943 0 1 0 standing 
2 642 416 690 542 24944 0 1 1 standing 
2 645 411 692 541 24945 0 1 1 standing 
2 648 406 694 539 24946 0 1 1 standing 
2 652 402 696 538 24947 0 1 0 standing 
2 655 400 698 536 24948 0 1 1 standing 
2 658 399 701 535 24949 0 1 1 standing 
2 661 398 704 534 24950 0 1 1 standing 
2 664 397 707 532 24951 0 1 1 standing 
2 667 396 710 531 24952 0 1 1 standing 
2 670 395 713 530 24953 0 1 1 standing 
2 673 394 716 528 24954 0 1 1 standing 
3 1021 450 1085 580 24935 1 0 1 standing 
3 1021 450 1084 580 24936 1 0 1 moving 
3 1021 450 1083 580 24937 0 1 0 moving 
3 1018 448 1079 579 24938 0 1 1 moving 
3 1016 447 1075 578 24939 0 1 1 moving 
3 1014 446 1072 578 24940 0 1 1 moving 
3 1011 444 1068 577 24941 0 1 1 moving 
3 1009 443 1064 576 24942 0 1 1 moving 
3 1007 442 1061 576 24943 0 1 0 moving 
3 1007 444 1062 578 24944 0 1 1 moving 
3 1007 446 1063 581 24945 0 1 1 moving 
3 1008 448 1064 584 24946 0 1 0 moving 
3 1007 447 1062 584 24947 0 1 1 moving 
3 1006 446 1061 584 24948 0 1 1 moving 
3 1005 445 1060 584 24949 0 1 0 moving 
3 1001 444 1056 584 24950 0 1 1 moving 
3 998 444 1053 585 24951 0 1 1 moving 
3 995 443 1049 585 24952 0 1 1 moving 
3 992 443 1046 586 24953 0 1 1 moving 
3 988 443 1043 587 24954 0 1 1 moving 
4 1003 427 1083 547 24935 1 0 1 moving 
4 1003 427 1083 547 24936 1 0 1 moving 
4 1003 427 1083 547 24937 0 1 0 moving 
4 999 424 1076 547 24938 0 1 1 moving 
4 996 421 1069 547 24939 0 1 1 moving 
4 993 419 1063 548 24940 0 1 0 moving 
4 988 418 1059 546 24941 0 1 1 moving 
4 983 418 1056 544 24942 0 1 1 moving 
4 979 418 1053 542 24943 0 1 0 moving 
4 973 418 1049 539 24944 0 1 1 moving 
4 968 418 1045 536 24945 0 1 1 moving 
4 963 419 1041 534 24946 0 1 0 moving 
4 956 416 1032 530 24947 0 1 1 moving 
4 950 413 1023 527 24948 0 1 1 moving 
4 944 410 1014 524 24949 0 1 0 moving 
4 938 408 1004 524 24950 0 1 1 moving 
4 932 407 995 524 24951 0 1 1 moving 
4 927 406 985 524 24952 0 1 1 moving 
4 921 405 976 524 24953 0 1 1 moving 
4 915 404 966 524 24954 0 1 1 moving 
5 866 395 929 498 24935 1 0 1 moving 
5 866 395 929 498 24936 1 0 1 standing 
5 866 395 929 498 24937 0 0 0 standing 
5 868 394 928 498 24938 0 0 1 standing 
5 870 393 927 498 24939 0 0 1 standing 
5 873 393 926 499 24940 0 0 1 standing 
5 875 392 925 499 24941 0 0 1 standing 
5 877 391 924 499 24942 0 0 1 standing 
5 880 391 924 500 24943 0 0 0 standing 
5 881 390 926 499 24944 0 0 1 standing 
5 882 390 929 499 24945 0 0 1 standing 
5 884 390 932 499 24946 0 0 1 standing 
5 885 389 935 498 24947 0 0 1 standing 
5 886 389 938 498 24948 0 0 1 standing 
5 888 389 941 498 24949 0 0 0 standing 
5 892 388 944 497 24950 0 0 1 standing 
5 897 388 948 496 24951 0 0 1 standing 
5 902 387 952 496 24952 0 0 1 standing 
5 907 387 956 495 24953 0 0 1 standing 
5 912 386 959 494 24954 0 0 1 standing 
6 494 448 550 614 24935 1 0 1 standing 
6 494 448 550 614 24936 1 0 1 standing 
6 494 448 550 614 24937 0 0 0 standing 
6 497 447 553 613 24938 0 0 1 standing 
6 501 446 557 612 24939 0 0 1 standing 
6 505 446 561 612 24940 0 0 1 standing 
6 509 445 565 611 24941 0 0 1 standing 
6 513 445 569 611 24942 0 0 1 standing 
6 516 444 572 610 24943 0 0 1 standing 
6 520 443 576 609 24944 0 0 1 standing 
6 524 443 580 609 24945 0 0 1 standing 
6 528 442 584 608 24946 0 0 1 standing 
6 532 442 588 608 24947 0 0 0 standing 
6 536 442 592 608 24948 0 0 1 standing 
6 541 442 597 608 24949 0 0 1 standing 
6 546 442 602 608 24950 0 0 1 standing 
6 551 442 607 608 24951 0 0 1 standing 
6 556 442 612 608 24952 0 0 1 standing 
6 560 442 616 608 24953 0 0 1 standing 
6 565 442 621 608 24954 0 0 1 standing 
7 293 458 353 584 24935 1 0 1 standing 
7 293 458 353 584 24936 1 0 1 standing 
7 293 458 353 584 24937 0 0 0 standing 
7 294 455 352 583 24938 0 0 1 standing 
7 295 453 352 583 24939 0 0 1 standing 
7 296 451 352 583 24940 0 0 1 standing 
7 297 449 352 582 24941 0 0 1 standing 
7 298 447 352 582 24942 0 0 1 standing 
7 300 445 352 582 24943 0 0 0 standing 
7 301 446 352 582 24944 0 0 1 standing 
7 302 447 352 582 24945 0 0 1 standing 
7 303 448 352 582 24946 0 0 1 standing 
7 305 449 353 582 24947 0 0 0 standing 
7 304 448 352 581 24948 0 0 1 standing 
7 303 448 352 581 24949 0 0 1 standing 
7 302 448 352 581 24950 0 0 1 standing 
7 301 447 352 581 24951 0 0 1 standing 
7 300 447 352 581 24952 0 0 1 standing 
7 299 447 351 580 24953 0 0 1 standing 
7 298 446 351 580 24954 0 0 1 standing 
8 130 449 182 582 24935 1 0 1 standing 
8 130 449 182 582 24936 1 0 1 standing 
8 130 449 182 582 24937 0 0 0 standing 
8 133 447 185 581 24938 0 0 1 standing 
8 136 446 189 580 24939 0 0 1 standing 
8 139 445 192 579 24940 0 0 1 standing 
8 143 443 196 578 24941 0 0 1 standing 
8 146 442 199 577 24942 0 0 1 standing 
8 149 441 203 576 24943 0 0 1 standing 
8 153 439 206 575 24944 0 0 1 standing 
8 156 438 210 574 24945 0 0 1 standing 
8 159 437 213 573 24946 0 0 1 standing 
8 163 436 217 572 24947 0 0 0 standing 
8 163 435 219 570 24948 0 0 1 standing 
8 164 435 221 569 24949 0 0 1 standing 
8 164 435 223 568 24950 0 0 1 standing 
8 165 435 225 566 24951 0 0 1 standing 
8 165 435 227 565 24952 0 0 1 standing 
8 166 435 229 564 24953 0 0 1 standing 
8 166 435 231 562 24954 0 0 1 standing 
9 273 392 319 497 24935 1 0 1 standing 
9 273 392 319 497 24936 1 0 1 standing 
9 273 392 319 497 24937 0 0 0 standing 
9 274 391 320 496 24938 0 0 1 standing 
9 275 391 322 495 24939 0 0 1 standing 
9 276 391 323 494 24940 0 0 1 standing 
9 277 391 325 494 24941 0 0 1 standing 
9 278 391 327 493 24942 0 0 1 standing 
9 279 390 328 492 24943 0 0 1 standing 
9 280 390 330 492 24944 0 0 1 standing 
9 281 390 331 491 24945 0 0 1 standing 
9 282 390 333 490 24946 0 0 1 standing 
9 283 390 335 490 24947 0 0 0 standing 
9 284 387 336 489 24948 0 0 1 standing 
9 285 384 338 488 24949 0 0 1 standing 
9 286 381 340 487 24950 0 0 1 standing 
9 288 379 341 486 24951 0 0 1 standing 
9 289 376 343 485 24952 0 0 1 standing 
9 290 373 345 484 24953 0 0 1 standing 
9 292 371 346 483 24954 0 0 1 standing 
10 513 414 547 568 24935 1 0 1 standing 
10 513 414 547 568 24936 1 0 1 standing 
10 513 414 547 568 24937 0 0 0 standing 
10 516 413 550 566 24938 0 0 1 standing 
10 520 413 553 565 24939 0 0 1 standing 
10 523 413 557 564 24940 0 0 1 standing 
10 527 413 560 563 24941 0 0 1 standing 
10 531 413 564 562 24942 0 0 0 standing 
10 534 414 567 560 24943 0 0 1 standing 
10 537 416 570 558 24944 0 0 1 standing 
10 541 417 574 557 24945 0 0 1 standing 
10 544 419 577 555 24946 0 0 1 standing 
10 548 421 581 554 24947 0 0 0 standing 
10 552 421 586 553 24948 0 0 1 standing 
10 557 421 592 553 24949 0 0 1 standing 
10 561 421 597 552 24950 0 0 1 standing 
10 566 421 603 552 24951 0 0 1 standing 
10 570 421 609 552 24952 0 0 1 standing 
10 575 421 614 551 24953 0 0 1 standing 
10 579 421 620 551 24954 0 0 1 standing 
11 516 391 544 523 24935 1 0 1 standing 
11 516 391 544 523 24936 1 0 1 standing 
11 516 391 544 523 24937 0 0 0 standing 
11 520 390 549 522 24938 0 0 1 standing 
11 525 390 554 521 24939 0 0 1 standing 
11 529 390 559 520 24940 0 0 1 standing 
11 534 390 565 519 24941 0 0 1 standing 
11 538 390 570 518 24942 0 0 1 standing 
11 543 390 575 517 24943 0 0 1 standing 
11 547 390 581 516 24944 0 0 1 standing 
11 552 390 586 515 24945 0 0 1 standing 
11 556 390 591 514 24946 0 0 1 standing 
11 561 390 597 513 24947 0 0 0 standing 
11 566 391 601 513 24948 0 0 1 standing 
11 571 392 606 514 24949 0 0 1 standing 
11 576 393 611 515 24950 0 0 1 standing 
11 581 394 615 516 24951 0 0 1 standing 
11 587 395 620 517 24952 0 0 1 standing 
11 592 396 625 518 24953 0 0 1 standing 
11 597 397 629 519 24954 0 0 1 standing 
