0 387 449 474 570 67870 0 1 0 moving 
0 379 449 467 570 67871 0 1 1 moving 
0 371 449 460 571 67872 0 1 1 moving 
0 363 449 453 572 67873 0 1 1 moving 
0 356 449 446 573 67874 0 1 0 moving 
0 348 449 441 574 67875 0 1 1 moving 
0 341 450 437 576 67876 0 1 1 moving 
0 334 450 433 578 67877 0 1 1 moving 
0 327 451 428 580 67878 0 1 1 moving 
0 320 451 424 582 67879 0 1 1 moving 
0 313 452 420 584 67880 0 1 0 moving 
0 306 454 409 585 67881 0 1 1 moving 
0 299 456 399 587 67882 0 1 1 moving 
0 293 458 389 589 67883 0 1 1 moving 
0 286 460 378 591 67884 0 1 1 moving 
0 279 462 368 593 67885 0 1 1 moving 
0 273 465 358 595 67886 0 1 0 moving 
0 267 464 354 598 67887 0 1 1 moving 
0 261 463 351 601 67888 0 1 1 moving 
0 255 462 348 604 67889 0 1 1 moving 
1 679 427 770 547 67870 0 1 0 moving 
1 664 420 746 547 67871 0 1 1 moving 
1 649 414 723 547 67872 0 1 1 moving 
1 634 407 699 547 67873 0 1 1 moving 
1 619 401 676 548 67874 0 1 0 moving 
1 604 388 660 541 67875 0 1 1 moving 
1 589 376 644 535 67876 0 1 1 moving 
1 574 364 629 529 67877 0 1 0 moving 
1 559 364 614 523 67878 0 1 1 moving 
1 545 364 599 517 67879 0 1 1 moving 
1 531 365 585 511 67880 0 1 0 moving 
1 511 367 564 510 67881 0 1 1 moving 
1 491 369 544 510 67882 0 1 1 moving 
1 472 371 524 509 67883 0 1 1 moving 
1 452 373 504 509 67884 0 1 1 moving 
1 432 375 484 508 67885 0 1 1 moving 
1 413 378 464 508 67886 0 1 0 moving 
1 393 380 445 512 67887 0 1 1 moving 
1 374 383 426 516 67888 0 1 1 moving 
1 355 386 407 520 67889 0 1 1 moving 
2 589 321 635 407 67870 0 1 0 moving 
2 579 321 626 406 67871 0 1 1 moving 
2 569 322 618 406 67872 0 1 1 moving 
2 559 323 609 406 67873 0 1 1 moving 
2 549 323 601 406 67874 0 1 1 moving 
2 539 324 592 406 67875 0 1 1 moving 
2 529 325 584 406 67876 0 1 1 moving 
2 519 325 575 406 67877 0 1 1 moving 
2 509 326 567 406 67878 0 1 1 moving 
2 499 327 558 406 67879 0 1 1 moving 
2 489 328 550 406 67880 0 1 0 moving 
2 481 328 543 407 67881 0 1 1 moving 
2 474 329 537 408 67882 0 1 1 moving 
2 467 329 530 410 67883 0 1 1 moving 
2 460 330 524 411 67884 0 1 1 moving 
2 453 331 517 413 67885 0 1 1 moving 
2 445 331 511 414 67886 0 1 1 moving 
2 438 332 504 415 67887 0 1 1 moving 
2 431 332 498 417 67888 0 1 1 moving 
2 424 333 491 418 67889 0 1 1 moving 
3 678 364 719 491 67870 0 0 0 moving 
3 671 362 712 488 67871 0 0 1 standing 
3 664 360 706 486 67872 0 0 1 standing 
3 657 359 699 484 67873 0 0 1 standing 
3 651 357 693 482 67874 0 0 1 standing 
3 644 356 686 480 67875 0 0 1 standing 
3 637 354 680 477 67876 0 0 1 standing 
3 631 352 673 475 67877 0 0 1 standing 
3 624 351 667 473 67878 0 0 1 standing 
3 617 349 660 471 67879 0 0 1 standing 
3 611 348 654 469 67880 0 0 0 standing 
3 598 350 647 469 67881 0 0 1 standing 
3 585 352 640 469 67882 0 0 1 standing 
3 572 355 634 470 67883 0 0 1 standing 
3 560 357 627 470 67884 0 0 1 standing 
3 547 360 621 471 67885 0 0 1 standing 
3 534 362 614 471 67886 0 0 1 standing 
3 522 365 608 472 67887 0 0 0 standing 
3 516 365 597 472 67888 0 0 1 standing 
3 510 365 587 472 67889 0 0 1 standing 
4 451 357 523 456 67870 0 0 0 standing 
4 448 356 519 455 67871 0 0 1 standing 
4 446 355 515 455 67872 0 0 1 standing 
4 444 355 512 455 67873 0 0 1 standing 
4 441 354 508 455 67874 0 0 1 standing 
4 439 354 505 455 67875 0 0 1 standing 
4 437 353 501 455 67876 0 0 1 standing 
4 434 352 497 455 67877 0 0 1 standing 
4 432 352 494 455 67878 0 0 1 standing 
4 430 351 490 455 67879 0 0 1 standing 
4 428 351 487 455 67880 0 0 0 standing 
4 421 351 480 456 67881 0 0 1 standing 
4 414 351 473 457 67882 0 0 1 standing 
4 407 351 466 458 67883 0 0 1 standing 
4 400 351 459 459 67884 0 0 1 standing 
4 393 351 452 460 67885 0 0 1 standing 
4 386 351 445 461 67886 0 0 1 standing 
4 379 351 438 462 67887 0 0 1 standing 
4 372 351 431 463 67888 0 0 1 standing 
4 365 351 424 464 67889 0 0 1 standing 
5 355 430 446 488 67870 0 0 0 standing 
5 344 427 438 488 67871 0 0 1 falling 
5 334 425 431 488 67872 0 0 1 falling 
5 324 423 423 488 67873 0 0 1 falling 
5 314 421 416 489 67874 0 0 1 falling 
5 304 419 408 489 67875 0 0 1 falling 
5 294 417 401 489 67876 0 0 1 falling 
5 284 415 393 490 67877 0 0 1 falling 
5 274 413 386 490 67878 0 0 1 falling 
5 264 411 378 490 67879 0 0 1 falling 
5 254 409 371 491 67880 0 0 0 falling 
5 241 408 356 491 67881 0 0 1 falling 
5 228 408 341 491 67882 0 0 1 falling 
5 215 408 326 491 67883 0 0 1 falling 
5 202 408 312 491 67884 0 0 1 falling 
5 189 408 297 491 67885 0 0 1 falling 
5 176 407 282 491 67886 0 0 1 falling 
5 163 407 268 491 67887 0 0 1 falling 
5 150 407 253 491 67888 0 0 1 falling 
5 137 407 238 491 67889 0 0 1 falling 
6 1135 437 1183 574 67870 0 0 0 falling 
6 1129 438 1178 575 67871 0 0 1 standing 
6 1123 439 1173 576 67872 0 0 1 standing 
6 1117 441 1168 578 67873 0 0 1 standing 
6 1111 442 1164 579 67874 0 0 1 standing 
6 1105 444 1159 581 67875 0 0 1 standing 
6 1099 445 1154 582 67876 0 0 1 standing 
6 1093 447 1150 584 67877 0 0 0 standing 
6 1084 447 1139 584 67878 0 0 1 standing 
6 1076 448 1129 584 67879 0 0 1 standing 
6 1068 449 1119 585 67880 0 0 0 standing 
6 1057 448 1107 584 67881 0 0 1 standing 
6 1047 447 1096 584 67882 0 0 1 standing 
6 1036 446 1085 584 67883 0 0 1 standing 
6 1026 446 1074 584 67884 0 0 0 standing 
6 1014 446 1065 583 67885 0 0 1 standing 
6 1003 446 1057 583 67886 0 0 1 standing 
6 991 446 1049 583 67887 0 0 1 standing 
6 980 446 1040 582 67888 0 0 1 standing 
6 968 446 1032 582 67889 0 0 1 standing 
7 870 420 938 555 67870 0 0 0 standing 
7 862 420 929 554 67871 0 0 1 standing 
7 855 421 921 554 67872 0 0 1 standing 
7 847 421 912 554 67873 0 0 1 standing 
7 840 422 904 554 67874 0 0 1 standing 
7 833 422 896 554 67875 0 0 1 standing 
7 825 423 887 553 67876 0 0 1 standing 
7 818 423 879 553 67877 0 0 1 standing 
7 810 424 870 553 67878 0 0 1 standing 
7 803 424 862 553 67879 0 0 1 standing 
7 796 425 854 553 67880 0 0 0 standing 
7 784 426 841 553 67881 0 0 1 standing 
7 772 427 828 554 67882 0 0 1 standing 
7 761 428 815 555 67883 0 0 1 standing 
7 749 429 802 556 67884 0 0 1 standing 
7 738 430 790 557 67885 0 0 1 standing 
7 726 431 777 558 67886 0 0 1 standing 
7 714 432 764 559 67887 0 0 1 standing 
7 703 433 751 560 67888 0 0 1 standing 
7 691 434 738 561 67889 0 0 1 standing 
8 878 394 937 523 67870 0 0 0 standing 
8 870 394 929 522 67871 0 0 1 standing 
8 862 394 921 521 67872 0 0 1 standing 
8 854 394 913 521 67873 0 0 1 standing 
8 847 394 905 520 67874 0 0 1 standing 
8 839 394 898 520 67875 0 0 1 standing 
8 831 394 890 519 67876 0 0 1 standing 
8 824 394 882 518 67877 0 0 1 standing 
8 816 394 874 518 67878 0 0 1 standing 
8 808 394 866 517 67879 0 0 1 standing 
8 801 395 859 517 67880 0 0 0 standing 
8 789 395 846 517 67881 0 0 1 standing 
8 778 395 834 518 67882 0 0 1 standing 
8 766 395 821 519 67883 0 0 1 standing 
8 755 395 809 520 67884 0 0 1 standing 
8 744 395 796 521 67885 0 0 1 standing 
8 732 395 784 522 67886 0 0 1 standing 
8 721 395 771 523 67887 0 0 1 standing 
8 709 395 759 524 67888 0 0 1 standing 
8 698 395 746 525 67889 0 0 1 standing 
9 926 358 958 477 67870 0 0 0 standing 
9 917 358 950 477 67871 0 0 1 standing 
9 908 358 942 477 67872 0 0 1 standing 
9 899 358 934 477 67873 0 0 1 standing 
9 890 358 926 477 67874 0 0 1 standing 
9 882 359 918 477 67875 0 0 1 standing 
9 873 359 910 477 67876 0 0 1 standing 
9 864 359 902 477 67877 0 0 1 standing 
9 855 359 894 477 67878 0 0 1 standing 
9 846 359 886 477 67879 0 0 1 standing 
9 838 360 878 478 67880 0 0 0 standing 
9 825 360 865 478 67881 0 0 1 standing 
9 812 360 852 478 67882 0 0 1 standing 
9 800 360 839 478 67883 0 0 1 standing 
9 787 360 827 478 67884 0 0 1 standing 
9 775 361 814 478 67885 0 0 1 standing 
9 762 361 801 478 67886 0 0 1 standing 
9 749 361 789 478 67887 0 0 1 standing 
9 737 361 776 478 67888 0 0 1 standing 
9 724 361 763 478 67889 0 0 1 standing 
10 1079 288 1166 372 67870 1 0 0 standing 
10 1110 308 1188 402 67871 1 0 1 standing 
10 1142 329 1210 432 67872 1 0 1 standing 
10 1173 350 1233 462 67873 1 0 1 standing 
10 1205 371 1255 492 67874 1 0 1 standing 
10 1237 392 1278 522 67875 0 0 0 standing 
10 1226 391 1269 522 67876 0 0 1 standing 
10 1216 390 1261 523 67877 0 0 1 standing 
10 1205 390 1252 523 67878 0 0 1 standing 
10 1195 389 1244 524 67879 0 0 1 standing 
10 1185 389 1236 525 67880 0 0 0 standing 
10 1172 389 1222 523 67881 0 0 1 standing 
10 1160 389 1209 521 67882 0 0 1 standing 
10 1147 389 1195 519 67883 0 0 1 standing 
10 1135 390 1182 517 67884 0 0 0 standing 
10 1120 391 1170 516 67885 0 0 1 standing 
10 1106 393 1159 516 67886 0 0 1 standing 
10 1092 394 1148 516 67887 0 0 1 standing 
10 1077 396 1136 516 67888 0 0 1 standing 
10 1063 397 1125 516 67889 0 0 1 standing 
11 1027 254 1064 320 67870 1 0 0 standing 
11 1057 265 1099 336 67871 1 0 1 moving 
11 1088 277 1135 352 67872 1 0 1 moving 
11 1118 289 1170 368 67873 1 0 1 moving 
11 1149 301 1206 384 67874 1 0 1 moving 
11 1179 313 1241 400 67875 1 0 1 moving 
11 1210 325 1277 417 67876 0 0 0 moving 
11 1197 326 1260 422 67877 0 0 1 moving 
11 1185 327 1244 428 67878 0 0 1 moving 
11 1172 328 1227 433 67879 0 0 1 moving 
11 1160 329 1211 439 67880 0 0 0 moving 
11 1144 325 1195 437 67881 0 0 1 moving 
11 1129 322 1180 435 67882 0 0 1 moving 
11 1113 318 1165 433 67883 0 0 1 moving 
11 1098 315 1150 432 67884 0 0 0 moving 
11 1079 318 1134 433 67885 0 0 1 moving 
11 1060 321 1118 435 67886 0 0 1 moving 
11 1041 324 1103 437 67887 0 0 1 moving 
11 1022 327 1087 439 67888 0 0 1 moving 
11 1003 330 1071 441 67889 0 0 1 moving 
