0 521 377 604 524 6200 0 1 0 standing 
0 525 372 599 517 6201 0 1 1 standing 
0 529 368 595 510 6202 0 1 1 standing 
0 533 364 591 504 6203 0 1 0 standing 
0 535 363 592 501 6204 0 1 1 standing 
0 538 363 593 499 6205 0 1 1 standing 
0 541 363 594 496 6206 0 1 1 standing 
0 544 363 595 494 6207 0 1 0 standing 
0 544 357 597 493 6208 0 1 1 standing 
0 545 351 599 492 6209 0 1 1 standing 
0 546 345 602 491 6210 0 1 0 standing 
0 547 341 602 489 6211 0 1 1 standing 
0 549 337 602 487 6212 0 1 1 standing 
0 551 334 603 485 6213 0 1 0 standing 
0 551 330 604 480 6214 0 1 1 standing 
0 552 326 606 476 6215 0 1 1 standing 
0 553 322 607 471 6216 0 1 1 standing 
0 554 319 609 467 6217 0 1 0 standing 
0 557 322 610 469 6218 0 1 1 standing 
0 560 326 611 472 6219 0 1 1 standing 
1 332 477 421 611 6200 0 1 0 standing 
1 330 475 423 609 6201 0 1 1 moving 
1 328 473 426 607 6202 0 1 1 moving 
1 326 472 429 606 6203 0 1 0 moving 
1 331 469 437 604 6204 0 1 1 moving 
1 336 466 445 603 6205 0 1 1 moving 
1 341 463 453 601 6206 0 1 1 moving 
1 346 460 461 600 6207 0 1 0 moving 
1 359 460 461 602 6208 0 1 1 moving 
1 372 460 462 604 6209 0 1 1 moving 
1 386 461 463 607 6210 0 1 0 moving 
1 389 458 476 606 6211 0 1 1 moving 
1 393 456 489 605 6212 0 1 1 moving 
1 397 454 503 604 6213 0 1 0 moving 
1 413 451 509 599 6214 0 1 1 moving 
1 429 449 515 595 6215 0 1 1 moving 
1 445 446 521 590 6216 0 1 1 moving 
1 461 444 527 586 6217 0 1 0 moving 
1 471 442 538 585 6218 0 1 1 moving 
1 481 440 549 584 6219 0 1 1 moving 
2 489 313 581 470 6200 0 1 0 moving 
2 495 304 580 462 6201 0 1 1 setting 
2 501 295 579 455 6202 0 1 1 setting 
2 507 286 578 448 6203 0 1 0 setting 
2 507 282 581 444 6204 0 1 1 setting 
2 507 278 584 440 6205 0 1 1 setting 
2 507 274 587 436 6206 0 1 1 setting 
2 508 270 590 433 6207 0 1 0 setting 
2 508 275 593 430 6208 0 1 1 setting 
2 509 281 597 428 6209 0 1 1 setting 
2 510 287 601 426 6210 0 1 0 setting 
2 514 295 609 428 6211 0 1 1 setting 
2 518 303 617 431 6212 0 1 1 setting 
2 522 311 625 434 6213 0 1 0 setting 
2 527 310 623 434 6214 0 1 1 setting 
2 533 310 622 435 6215 0 1 1 setting 
2 539 310 621 436 6216 0 1 1 setting 
2 545 310 620 437 6217 0 1 0 setting 
2 551 310 619 439 6218 0 1 1 setting 
2 557 310 618 441 6219 0 1 1 setting 
3 317 248 390 344 6200 0 1 0 setting 
3 315 246 398 345 6201 0 1 1 moving 
3 313 244 406 346 6202 0 1 1 moving 
3 311 242 415 348 6203 0 1 0 moving 
3 319 239 418 345 6204 0 1 1 moving 
3 327 237 421 343 6205 0 1 1 moving 
3 335 235 424 341 6206 0 1 1 moving 
3 344 233 427 339 6207 0 1 0 moving 
3 354 232 438 338 6208 0 1 1 moving 
3 364 231 449 337 6209 0 1 1 moving 
3 375 230 461 336 6210 0 1 0 moving 
3 382 226 471 341 6211 0 1 1 moving 
3 389 222 481 346 6212 0 1 1 moving 
3 396 218 491 352 6213 0 1 0 moving 
3 409 223 497 350 6214 0 1 1 moving 
3 422 228 503 349 6215 0 1 1 moving 
3 435 233 509 347 6216 0 1 1 moving 
3 449 239 515 346 6217 0 1 0 moving 
3 459 238 530 345 6218 0 1 1 moving 
3 469 238 545 344 6219 0 1 1 moving 
4 316 290 382 388 6200 0 0 0 moving 
4 322 287 383 386 6201 0 0 1 standing 
4 328 284 384 385 6202 0 0 1 standing 
4 335 281 386 384 6203 0 0 0 standing 
4 338 279 391 385 6204 0 0 1 standing 
4 342 277 396 387 6205 0 0 1 standing 
4 346 275 401 389 6206 0 0 1 standing 
4 350 273 406 391 6207 0 0 0 standing 
4 353 277 411 392 6208 0 0 1 standing 
4 356 282 417 393 6209 0 0 1 standing 
4 360 287 423 395 6210 0 0 0 standing 
4 357 288 430 396 6211 0 0 1 standing 
4 354 290 438 398 6212 0 0 1 standing 
4 351 292 446 400 6213 0 0 0 standing 
4 357 289 445 397 6214 0 0 1 standing 
4 364 286 445 395 6215 0 0 1 standing 
4 370 283 444 392 6216 0 0 1 standing 
4 377 280 444 390 6217 0 0 0 standing 
4 389 277 447 388 6218 0 0 1 standing 
4 402 274 450 387 6219 0 0 1 standing 
5 180 328 248 450 6200 0 0 0 standing 
5 186 326 258 450 6201 0 0 1 standing 
5 193 325 268 450 6202 0 0 1 standing 
5 200 324 279 451 6203 0 0 0 standing 
5 207 322 284 450 6204 0 0 1 standing 
5 214 320 289 449 6205 0 0 1 standing 
5 221 318 294 448 6206 0 0 1 standing 
5 229 316 300 448 6207 0 0 0 standing 
5 241 318 307 446 6208 0 0 1 standing 
5 253 320 314 445 6209 0 0 1 standing 
5 266 323 321 444 6210 0 0 0 standing 
5 273 321 332 447 6211 0 0 1 standing 
5 280 320 343 450 6212 0 0 1 standing 
5 287 319 354 454 6213 0 0 0 standing 
5 295 317 361 452 6214 0 0 1 standing 
5 303 316 368 451 6215 0 0 1 standing 
5 311 315 375 450 6216 0 0 1 standing 
5 319 314 382 449 6217 0 0 0 standing 
5 327 314 389 444 6218 0 0 1 standing 
5 335 314 397 439 6219 0 0 1 standing 
6 666 368 720 496 6200 0 0 0 standing 
6 667 368 719 495 6201 0 0 1 standing 
6 668 368 718 495 6202 0 0 1 standing 
6 670 368 717 495 6203 0 0 0 standing 
6 668 367 714 494 6204 0 0 1 standing 
6 667 367 712 494 6205 0 0 1 standing 
6 665 366 710 493 6206 0 0 1 standing 
6 664 366 708 493 6207 0 0 0 standing 
6 663 366 710 493 6208 0 0 1 standing 
6 662 366 712 493 6209 0 0 1 standing 
6 661 366 715 494 6210 0 0 0 standing 
6 661 367 713 494 6211 0 0 1 standing 
6 661 368 712 495 6212 0 0 1 standing 
6 661 370 711 496 6213 0 0 0 standing 
6 661 370 714 496 6214 0 0 1 standing 
6 661 370 717 496 6215 0 0 1 standing 
6 661 370 720 496 6216 0 0 1 standing 
6 661 370 723 496 6217 0 0 0 standing 
6 661 373 730 496 6218 0 0 1 standing 
6 661 376 738 497 6219 0 0 1 standing 
7 663 325 719 422 6200 0 0 0 standing 
7 662 321 718 420 6201 0 0 1 standing 
7 661 318 717 419 6202 0 0 1 standing 
7 661 315 717 418 6203 0 0 0 standing 
7 661 314 717 420 6204 0 0 1 standing 
7 661 313 717 422 6205 0 0 1 standing 
7 661 312 717 425 6206 0 0 1 standing 
7 662 312 717 427 6207 0 0 1 standing 
7 662 311 717 430 6208 0 0 1 standing 
7 662 310 717 432 6209 0 0 1 standing 
7 663 310 718 435 6210 0 0 0 standing 
7 665 306 715 429 6211 0 0 1 standing 
7 667 302 713 423 6212 0 0 1 standing 
7 669 298 711 417 6213 0 0 0 standing 
7 666 295 713 413 6214 0 0 1 standing 
7 664 293 715 409 6215 0 0 1 standing 
7 662 290 717 405 6216 0 0 1 standing 
7 660 288 720 402 6217 0 0 0 standing 
7 658 286 718 399 6218 0 0 1 standing 
7 656 284 717 396 6219 0 0 1 standing 
8 653 276 702 381 6200 0 0 0 standing 
8 652 276 700 381 6201 0 0 1 standing 
8 651 276 699 382 6202 0 0 1 standing 
8 650 276 698 382 6203 0 0 1 standing 
8 649 276 697 383 6204 0 0 1 standing 
8 649 276 696 383 6205 0 0 1 standing 
8 648 276 695 384 6206 0 0 1 standing 
8 647 276 693 384 6207 0 0 1 standing 
8 646 276 692 385 6208 0 0 1 standing 
8 646 276 691 385 6209 0 0 1 standing 
8 645 276 690 386 6210 0 0 1 standing 
8 644 276 689 386 6211 0 0 1 standing 
8 643 276 688 387 6212 0 0 1 standing 
8 643 277 687 388 6213 0 0 0 standing 
8 644 273 688 384 6214 0 0 1 standing 
8 646 269 689 380 6215 0 0 1 standing 
8 647 265 690 376 6216 0 0 1 standing 
8 649 261 692 372 6217 0 0 0 standing 
8 649 258 692 370 6218 0 0 1 standing 
8 650 256 692 368 6219 0 0 1 standing 
9 900 340 952 475 6200 0 0 0 standing 
9 906 338 958 473 6201 0 0 1 standing 
9 913 336 964 471 6202 0 0 1 standing 
9 920 335 971 470 6203 0 0 0 standing 
9 925 333 978 466 6204 0 0 1 standing 
9 930 331 985 463 6205 0 0 1 standing 
9 935 329 992 459 6206 0 0 1 standing 
9 941 328 999 456 6207 0 0 1 standing 
9 946 326 1006 452 6208 0 0 1 standing 
9 951 324 1013 449 6209 0 0 1 standing 
9 957 323 1020 446 6210 0 0 0 standing 
9 959 323 1020 448 6211 0 0 1 standing 
9 961 323 1021 451 6212 0 0 1 standing 
9 964 323 1022 454 6213 0 0 0 standing 
9 966 320 1022 449 6214 0 0 1 standing 
9 968 317 1022 444 6215 0 0 1 standing 
9 970 314 1022 439 6216 0 0 1 standing 
9 973 312 1023 435 6217 0 0 0 standing 
9 976 313 1026 432 6218 0 0 1 standing 
9 979 314 1029 429 6219 0 0 1 standing 
10 963 394 1016 519 6200 0 0 0 standing 
10 962 394 1015 519 6201 0 0 1 waiting 
10 961 394 1014 519 6202 0 0 1 waiting 
10 960 394 1013 519 6203 0 0 1 waiting 
10 960 394 1012 519 6204 0 0 1 waiting 
10 959 394 1012 519 6205 0 0 1 waiting 
10 958 394 1011 519 6206 0 0 1 waiting 
10 958 394 1010 519 6207 0 0 1 waiting 
10 957 394 1009 519 6208 0 0 1 waiting 
10 956 394 1008 519 6209 0 0 1 waiting 
10 956 395 1008 519 6210 0 0 0 waiting 
10 948 395 1007 519 6211 0 0 1 waiting 
10 940 395 1007 519 6212 0 0 1 waiting 
10 933 396 1007 519 6213 0 0 0 waiting 
10 928 397 1005 519 6214 0 0 1 waiting 
10 924 398 1004 519 6215 0 0 1 waiting 
10 919 399 1002 519 6216 0 0 1 waiting 
10 915 401 1001 520 6217 0 0 0 waiting 
10 915 402 999 520 6218 0 0 1 waiting 
10 915 403 997 520 6219 0 0 1 waiting 
11 944 273 1003 363 6200 0 0 0 waiting 
11 947 272 1012 362 6201 0 0 1 standing 
11 950 272 1022 361 6202 0 0 1 standing 
11 953 272 1032 360 6203 0 0 0 standing 
11 955 272 1034 359 6204 0 0 1 standing 
11 958 272 1036 359 6205 0 0 1 standing 
11 960 272 1038 359 6206 0 0 1 standing 
11 963 272 1041 359 6207 0 0 0 standing 
11 965 272 1040 358 6208 0 0 1 standing 
11 968 272 1039 357 6209 0 0 1 standing 
11 971 272 1039 357 6210 0 0 0 standing 
11 972 272 1041 357 6211 0 0 1 standing 
11 973 272 1043 358 6212 0 0 1 standing 
11 974 272 1045 359 6213 0 0 0 standing 
11 973 271 1048 359 6214 0 0 1 standing 
11 972 271 1051 360 6215 0 0 1 standing 
11 971 271 1054 361 6216 0 0 1 standing 
11 971 271 1057 362 6217 0 0 0 standing 
11 975 271 1054 361 6218 0 0 1 standing 
11 979 271 1051 360 6219 0 0 1 standing 
