0 453 335 502 411 43170 0 1 0 moving 
0 448 334 497 410 43171 0 1 1 moving 
0 444 333 492 409 43172 0 1 1 moving 
0 440 332 487 408 43173 0 1 1 moving 
0 436 331 482 407 43174 0 1 1 moving 
0 432 330 477 407 43175 0 1 1 moving 
0 427 329 472 406 43176 0 1 1 moving 
0 423 328 467 405 43177 0 1 1 moving 
0 419 327 462 404 43178 0 1 1 moving 
0 415 326 457 403 43179 0 1 1 moving 
0 411 326 453 403 43180 0 1 0 moving 
0 408 326 450 402 43181 0 1 1 moving 
0 406 327 447 402 43182 0 1 1 moving 
0 404 327 445 402 43183 0 1 1 moving 
0 402 328 442 402 43184 0 1 1 moving 
0 400 328 440 402 43185 0 1 1 moving 
0 397 329 437 401 43186 0 1 1 moving 
0 395 329 434 401 43187 0 1 1 moving 
0 393 330 432 401 43188 0 1 1 moving 
0 391 330 429 401 43189 0 1 1 moving 
1 374 357 429 468 43170 0 1 0 moving 
1 371 356 425 467 43171 0 1 1 setting 
1 368 356 421 467 43172 0 1 1 setting 
1 365 355 417 466 43173 0 1 1 setting 
1 363 355 414 466 43174 0 1 0 setting 
1 361 353 411 466 43175 0 1 1 setting 
1 359 351 409 466 43176 0 1 1 setting 
1 357 349 407 466 43177 0 1 1 setting 
1 355 347 405 466 43178 0 1 1 setting 
1 353 345 403 466 43179 0 1 1 setting 
1 352 343 401 466 43180 0 1 0 setting 
1 349 342 397 464 43181 0 1 1 setting 
1 347 341 393 463 43182 0 1 1 setting 
1 345 340 390 461 43183 0 1 1 setting 
1 342 339 386 460 43184 0 1 1 setting 
1 340 338 382 458 43185 0 1 1 setting 
1 338 338 379 457 43186 0 1 0 setting 
1 335 340 375 458 43187 0 1 1 setting 
1 332 342 372 459 43188 0 1 1 setting 
1 329 344 369 460 43189 0 1 1 setting 
2 187 449 253 572 43170 0 1 0 setting 
2 183 448 249 571 43171 0 1 1 moving 
2 179 448 246 570 43172 0 1 1 moving 
2 175 447 242 569 43173 0 1 1 moving 
2 172 447 239 569 43174 0 1 0 moving 
2 169 448 237 571 43175 0 1 1 moving 
2 167 450 235 574 43176 0 1 1 moving 
2 165 452 233 576 43177 0 1 1 moving 
2 162 454 231 579 43178 0 1 1 moving 
2 160 456 229 581 43179 0 1 1 moving 
2 158 458 227 584 43180 0 1 0 moving 
2 155 458 226 586 43181 0 1 1 moving 
2 152 459 226 588 43182 0 1 1 moving 
2 149 460 226 591 43183 0 1 0 moving 
2 151 460 225 592 43184 0 1 1 moving 
2 153 461 225 593 43185 0 1 1 moving 
2 156 462 225 594 43186 0 1 0 moving 
2 159 462 227 596 43187 0 1 1 moving 
2 162 463 230 598 43188 0 1 1 moving 
2 165 464 233 600 43189 0 1 1 moving 
3 519 447 571 582 43170 0 0 0 moving 
3 517 444 567 579 43171 0 0 1 standing 
3 515 442 564 576 43172 0 0 1 standing 
3 513 440 561 573 43173 0 0 1 standing 
3 511 438 558 570 43174 0 0 1 standing 
3 509 436 555 567 43175 0 0 1 standing 
3 507 433 552 564 43176 0 0 1 standing 
3 505 431 549 561 43177 0 0 1 standing 
3 503 429 546 558 43178 0 0 1 standing 
3 501 427 543 555 43179 0 0 1 standing 
3 499 425 540 552 43180 0 0 0 standing 
3 496 424 537 548 43181 0 0 1 standing 
3 493 423 535 544 43182 0 0 1 standing 
3 490 422 533 541 43183 0 0 1 standing 
3 487 421 531 537 43184 0 0 1 standing 
3 484 420 529 533 43185 0 0 1 standing 
3 481 420 527 530 43186 0 0 0 standing 
3 477 420 526 530 43187 0 0 1 standing 
3 474 420 526 530 43188 0 0 1 standing 
3 470 420 525 530 43189 0 0 1 standing 
4 634 442 679 573 43170 0 0 0 standing 
4 629 440 674 572 43171 0 0 1 standing 
4 624 439 669 572 43172 0 0 1 standing 
4 619 437 665 572 43173 0 0 1 standing 
4 614 436 660 572 43174 0 0 1 standing 
4 610 435 656 572 43175 0 0 0 standing 
4 606 433 652 567 43176 0 0 1 standing 
4 602 431 648 563 43177 0 0 1 standing 
4 598 429 644 559 43178 0 0 1 standing 
4 594 427 640 555 43179 0 0 1 standing 
4 591 425 636 551 43180 0 0 0 standing 
4 586 423 630 550 43181 0 0 1 standing 
4 582 421 625 549 43182 0 0 1 standing 
4 578 420 620 548 43183 0 0 1 standing 
4 573 418 614 547 43184 0 0 1 standing 
4 569 416 609 546 43185 0 0 1 standing 
4 565 415 604 546 43186 0 0 0 standing 
4 558 416 600 545 43187 0 0 1 standing 
4 551 417 597 545 43188 0 0 1 standing 
4 544 418 594 545 43189 0 0 1 standing 
5 284 406 353 462 43170 0 0 0 standing 
5 281 405 349 462 43171 0 0 1 falling 
5 278 405 345 462 43172 0 0 1 falling 
5 275 405 342 463 43173 0 0 1 falling 
5 272 405 338 463 43174 0 0 1 falling 
5 270 405 335 463 43175 0 0 1 falling 
5 267 405 331 464 43176 0 0 1 falling 
5 264 405 328 464 43177 0 0 1 falling 
5 261 405 324 464 43178 0 0 1 falling 
5 259 405 321 465 43179 0 0 0 falling 
5 257 403 318 465 43180 0 0 1 falling 
5 255 401 315 465 43181 0 0 1 falling 
5 253 400 312 465 43182 0 0 0 falling 
5 251 397 310 465 43183 0 0 1 falling 
5 250 395 308 466 43184 0 0 1 falling 
5 249 392 306 466 43185 0 0 1 falling 
5 248 390 305 467 43186 0 0 0 falling 
5 247 390 304 471 43187 0 0 1 falling 
5 246 391 304 475 43188 0 0 1 falling 
5 245 392 304 479 43189 0 0 1 falling 
6 1046 417 1096 527 43170 0 0 0 falling 
6 1043 416 1095 526 43171 0 0 1 standing 
6 1040 416 1095 525 43172 0 0 1 standing 
6 1038 415 1094 524 43173 0 0 1 standing 
6 1035 415 1094 523 43174 0 0 1 standing 
6 1033 415 1094 523 43175 0 0 0 standing 
6 1035 414 1091 522 43176 0 0 1 standing 
6 1037 413 1088 521 43177 0 0 1 standing 
6 1040 412 1086 520 43178 0 0 1 standing 
6 1042 411 1083 519 43179 0 0 1 standing 
6 1045 410 1081 518 43180 0 0 0 standing 
6 1043 409 1081 517 43181 0 0 1 standing 
6 1041 409 1082 517 43182 0 0 1 standing 
6 1040 409 1082 517 43183 0 0 1 standing 
6 1038 409 1083 517 43184 0 0 1 standing 
6 1036 409 1083 517 43185 0 0 1 standing 
6 1035 409 1084 517 43186 0 0 0 standing 
6 1033 408 1081 516 43187 0 0 1 standing 
6 1031 408 1079 516 43188 0 0 1 standing 
6 1029 407 1077 515 43189 0 0 1 standing 
7 885 460 950 577 43170 0 0 0 standing 
7 888 459 948 578 43171 0 0 1 standing 
7 891 458 947 579 43172 0 0 1 standing 
7 894 458 946 580 43173 0 0 1 standing 
7 897 457 944 581 43174 0 0 1 standing 
7 900 456 943 582 43175 0 0 1 standing 
7 903 456 942 583 43176 0 0 0 standing 
7 901 455 945 582 43177 0 0 1 standing 
7 900 455 948 582 43178 0 0 1 standing 
7 898 455 951 582 43179 0 0 1 standing 
7 897 455 955 582 43180 0 0 0 standing 
7 896 455 954 582 43181 0 0 1 standing 
7 896 455 953 582 43182 0 0 1 standing 
7 896 456 953 582 43183 0 0 1 standing 
7 895 456 952 582 43184 0 0 1 standing 
7 895 456 951 582 43185 0 0 1 standing 
7 895 457 951 582 43186 0 0 0 standing 
7 899 456 951 582 43187 0 0 1 standing 
7 904 456 951 582 43188 0 0 1 standing 
7 908 455 951 582 43189 0 0 1 standing 
8 884 348 936 455 43170 0 0 0 standing 
8 881 347 933 454 43171 0 0 1 standing 
8 878 347 930 454 43172 0 0 1 standing 
8 876 346 927 454 43173 0 0 1 standing 
8 873 346 924 454 43174 0 0 1 standing 
8 871 346 922 454 43175 0 0 0 standing 
8 871 346 919 453 43176 0 0 1 standing 
8 871 346 916 453 43177 0 0 1 standing 
8 872 346 914 453 43178 0 0 1 standing 
8 872 346 911 453 43179 0 0 1 standing 
8 873 346 909 453 43180 0 0 0 standing 
8 871 345 907 452 43181 0 0 1 standing 
8 870 345 906 452 43182 0 0 1 standing 
8 868 345 904 452 43183 0 0 1 standing 
8 867 345 903 452 43184 0 0 1 standing 
8 865 345 901 452 43185 0 0 1 standing 
8 864 345 900 452 43186 0 0 0 standing 
8 861 345 896 452 43187 0 0 1 standing 
8 859 345 892 452 43188 0 0 1 standing 
8 856 345 888 452 43189 0 0 1 standing 
9 692 444 743 569 43170 0 0 0 standing 
9 689 443 740 569 43171 0 0 1 standing 
9 687 443 737 569 43172 0 0 1 standing 
9 684 443 734 569 43173 0 0 1 standing 
9 682 443 731 569 43174 0 0 1 standing 
9 680 443 729 569 43175 0 0 1 standing 
9 677 442 726 569 43176 0 0 1 standing 
9 675 442 723 569 43177 0 0 1 standing 
9 672 442 720 569 43178 0 0 1 standing 
9 670 442 717 569 43179 0 0 1 standing 
9 668 442 715 570 43180 0 0 0 standing 
9 664 442 711 569 43181 0 0 1 standing 
9 661 442 708 569 43182 0 0 1 standing 
9 657 442 705 569 43183 0 0 1 standing 
9 654 443 701 569 43184 0 0 1 standing 
9 650 443 698 569 43185 0 0 1 standing 
9 647 443 695 568 43186 0 0 1 standing 
9 643 444 691 568 43187 0 0 1 standing 
9 640 444 688 568 43188 0 0 1 standing 
9 636 444 685 568 43189 0 0 1 standing 
10 697 390 742 518 43170 0 0 0 standing 
10 694 390 739 517 43171 0 0 1 standing 
10 691 391 736 517 43172 0 0 1 standing 
10 688 391 733 517 43173 0 0 1 standing 
10 685 392 731 517 43174 0 0 1 standing 
10 683 392 728 517 43175 0 0 1 standing 
10 680 393 725 517 43176 0 0 1 standing 
10 677 393 723 517 43177 0 0 1 standing 
10 674 394 720 517 43178 0 0 1 standing 
10 671 394 717 517 43179 0 0 1 standing 
10 669 395 715 517 43180 0 0 0 standing 
10 666 397 713 518 43181 0 0 1 standing 
10 664 399 711 519 43182 0 0 1 standing 
10 662 401 709 520 43183 0 0 1 standing 
10 659 403 707 522 43184 0 0 1 standing 
10 657 406 705 523 43185 0 0 1 standing 
10 655 408 703 524 43186 0 0 1 standing 
10 652 410 701 526 43187 0 0 1 standing 
10 650 412 699 527 43188 0 0 1 standing 
10 648 414 697 528 43189 0 0 1 standing 
11 723 379 752 486 43170 0 0 0 standing 
11 719 379 749 485 43171 0 0 1 standing 
11 715 379 746 485 43172 0 0 1 standing 
11 712 379 743 485 43173 0 0 1 standing 
11 708 379 740 485 43174 0 0 1 standing 
11 705 379 738 485 43175 0 0 1 standing 
11 701 379 735 485 43176 0 0 1 standing 
11 697 379 732 485 43177 0 0 1 standing 
11 694 379 729 485 43178 0 0 1 standing 
11 690 379 726 485 43179 0 0 1 standing 
11 687 379 724 485 43180 0 0 0 standing 
11 684 380 721 485 43181 0 0 1 standing 
11 681 381 718 486 43182 0 0 1 standing 
11 678 383 715 486 43183 0 0 1 standing 
11 675 384 712 487 43184 0 0 1 standing 
11 672 386 709 488 43185 0 0 1 standing 
11 669 387 706 488 43186 0 0 1 standing 
11 666 388 703 489 43187 0 0 1 standing 
11 663 390 700 489 43188 0 0 1 standing 
11 660 391 697 490 43189 0 0 1 standing 
