0 449 410 490 537 30605 0 1 0 standing 
0 448 409 489 536 30606 0 1 1 standing 
0 447 408 488 535 30607 0 1 1 standing 
0 446 407 487 534 30608 0 1 1 standing 
0 445 406 486 533 30609 0 1 1 standing 
0 445 405 486 533 30610 0 1 1 standing 
0 444 404 485 532 30611 0 1 1 standing 
0 443 403 484 531 30612 0 1 1 standing 
0 442 402 483 530 30613 0 1 1 standing 
0 441 401 482 529 30614 0 1 1 standing 
0 441 401 482 529 30615 0 1 0 standing 
0 440 399 481 527 30616 0 1 1 standing 
0 439 398 480 526 30617 0 1 1 standing 
0 439 397 480 525 30618 0 1 1 standing 
0 438 396 479 524 30619 0 1 1 standing 
0 438 395 479 523 30620 0 1 1 standing 
0 437 394 478 521 30621 0 1 1 standing 
0 436 393 477 520 30622 0 1 1 standing 
0 436 392 477 519 30623 0 1 1 standing 
0 435 391 476 518 30624 0 1 1 standing 
1 466 360 529 483 30605 0 1 0 standing 
1 464 361 527 484 30606 0 1 1 standing 
1 462 362 525 485 30607 0 1 1 standing 
1 460 363 524 486 30608 0 1 1 standing 
1 458 364 522 488 30609 0 1 1 standing 
1 457 365 521 489 30610 0 1 1 standing 
1 455 366 519 490 30611 0 1 1 standing 
1 453 367 517 492 30612 0 1 1 standing 
1 451 368 516 493 30613 0 1 1 standing 
1 449 369 514 494 30614 0 1 1 standing 
1 448 370 513 496 30615 0 1 0 standing 
1 445 370 509 496 30616 0 1 1 standing 
1 443 371 506 497 30617 0 1 1 standing 
1 441 372 502 497 30618 0 1 1 standing 
1 439 372 499 498 30619 0 1 1 standing 
1 437 373 496 499 30620 0 1 1 standing 
1 434 374 492 499 30621 0 1 1 standing 
1 432 374 489 500 30622 0 1 1 standing 
1 430 375 485 500 30623 0 1 1 standing 
1 428 376 482 501 30624 0 1 1 standing 
2 508 315 547 399 30605 0 1 0 standing 
2 504 316 543 400 30606 0 1 1 standing 
2 500 317 539 401 30607 0 1 1 standing 
2 496 318 535 402 30608 0 1 1 standing 
2 493 319 532 403 30609 0 1 1 standing 
2 489 321 528 405 30610 0 1 1 standing 
2 485 322 524 406 30611 0 1 1 standing 
2 482 323 521 407 30612 0 1 1 standing 
2 478 324 517 408 30613 0 1 1 standing 
2 474 325 513 409 30614 0 1 1 standing 
2 471 327 510 411 30615 0 1 0 standing 
2 468 328 507 412 30616 0 1 1 standing 
2 465 329 504 413 30617 0 1 1 standing 
2 462 330 501 414 30618 0 1 1 standing 
2 459 331 498 415 30619 0 1 1 standing 
2 456 333 495 417 30620 0 1 1 standing 
2 453 334 492 418 30621 0 1 1 standing 
2 450 335 489 419 30622 0 1 1 standing 
2 447 336 486 420 30623 0 1 1 standing 
2 444 337 483 421 30624 0 1 1 standing 
3 524 393 574 505 30605 0 1 0 standing 
3 520 393 570 506 30606 0 1 1 standing 
3 516 394 566 507 30607 0 1 1 standing 
3 512 394 562 508 30608 0 1 1 standing 
3 509 395 558 509 30609 0 1 1 standing 
3 505 395 554 510 30610 0 1 1 standing 
3 501 396 550 511 30611 0 1 1 standing 
3 498 396 546 512 30612 0 1 1 standing 
3 494 397 542 513 30613 0 1 1 standing 
3 490 397 538 514 30614 0 1 1 standing 
3 487 398 534 516 30615 0 1 0 standing 
3 484 397 531 515 30616 0 1 1 standing 
3 482 396 529 514 30617 0 1 1 standing 
3 480 395 527 513 30618 0 1 1 standing 
3 478 394 525 512 30619 0 1 1 standing 
3 476 394 523 511 30620 0 1 1 standing 
3 474 393 521 510 30621 0 1 1 standing 
3 472 392 519 509 30622 0 1 1 standing 
3 470 391 517 508 30623 0 1 1 standing 
3 468 390 515 507 30624 0 1 1 standing 
4 559 363 618 476 30605 0 1 0 standing 
4 556 363 615 476 30606 0 1 1 standing 
4 553 364 612 477 30607 0 1 1 standing 
4 551 364 610 477 30608 0 1 1 standing 
4 548 365 607 478 30609 0 1 1 standing 
4 546 365 605 479 30610 0 1 1 standing 
4 543 366 602 479 30611 0 1 1 standing 
4 540 366 599 480 30612 0 1 1 standing 
4 538 367 597 480 30613 0 1 1 standing 
4 535 367 594 481 30614 0 1 1 standing 
4 533 368 592 482 30615 0 1 0 standing 
4 529 368 586 482 30616 0 1 1 standing 
4 526 368 581 483 30617 0 1 1 standing 
4 523 368 576 484 30618 0 1 1 standing 
4 520 369 571 485 30619 0 1 1 standing 
4 517 369 566 486 30620 0 1 1 standing 
4 513 369 561 486 30621 0 1 1 standing 
4 510 370 556 487 30622 0 1 1 standing 
4 507 370 551 488 30623 0 1 1 standing 
4 504 370 546 489 30624 0 1 1 standing 
5 557 411 612 519 30605 0 1 0 standing 
5 551 410 606 518 30606 0 1 1 standing 
5 545 409 600 517 30607 0 1 1 standing 
5 539 408 594 517 30608 0 1 1 standing 
5 534 408 588 516 30609 0 1 1 standing 
5 528 407 583 516 30610 0 1 1 standing 
5 522 406 577 515 30611 0 1 1 standing 
5 517 406 571 514 30612 0 1 1 standing 
5 511 405 565 514 30613 0 1 1 standing 
5 505 404 559 513 30614 0 1 1 standing 
5 500 404 554 513 30615 0 1 0 standing 
5 495 403 550 513 30616 0 1 1 standing 
5 490 402 546 513 30617 0 1 1 standing 
5 485 401 542 513 30618 0 1 1 standing 
5 481 401 538 513 30619 0 1 1 standing 
5 476 400 535 513 30620 0 1 1 standing 
5 471 399 531 513 30621 0 1 1 standing 
5 467 399 527 513 30622 0 1 1 standing 
5 462 398 523 513 30623 0 1 1 standing 
5 457 397 519 513 30624 0 1 1 standing 
6 1139 373 1186 502 30605 0 0 0 standing 
6 1137 373 1184 502 30606 0 0 1 standing 
6 1136 373 1183 502 30607 0 0 1 standing 
6 1135 374 1182 502 30608 0 0 0 standing 
6 1135 376 1182 503 30609 0 0 1 standing 
6 1135 378 1182 505 30610 0 0 1 standing 
6 1136 380 1182 507 30611 0 0 0 standing 
6 1133 378 1179 507 30612 0 0 1 standing 
6 1131 377 1176 508 30613 0 0 1 standing 
6 1129 376 1174 509 30614 0 0 0 standing 
6 1127 378 1173 509 30615 0 0 1 standing 
6 1125 380 1172 510 30616 0 0 1 standing 
6 1123 382 1171 511 30617 0 0 0 standing 
6 1121 383 1169 514 30618 0 0 1 standing 
6 1119 384 1167 518 30619 0 0 1 standing 
6 1118 386 1165 522 30620 0 0 0 standing 
6 1116 387 1164 523 30621 0 0 1 standing 
6 1114 388 1163 525 30622 0 0 1 standing 
6 1113 389 1162 527 30623 0 0 1 standing 
6 1111 390 1161 529 30624 0 0 1 standing 
7 1045 440 1105 570 30605 0 0 0 standing 
7 1040 440 1100 570 30606 0 0 1 standing 
7 1035 440 1095 570 30607 0 0 1 standing 
7 1030 441 1090 570 30608 0 0 0 standing 
7 1025 440 1085 569 30609 0 0 1 standing 
7 1021 440 1081 569 30610 0 0 1 standing 
7 1017 440 1077 569 30611 0 0 0 standing 
7 1014 439 1073 568 30612 0 0 1 standing 
7 1012 438 1069 567 30613 0 0 1 standing 
7 1010 438 1066 567 30614 0 0 0 standing 
7 1005 438 1064 566 30615 0 0 1 standing 
7 1000 438 1062 566 30616 0 0 1 standing 
7 996 438 1061 566 30617 0 0 0 standing 
7 991 438 1058 565 30618 0 0 1 standing 
7 986 438 1055 565 30619 0 0 1 standing 
7 982 438 1052 565 30620 0 0 0 standing 
7 979 438 1047 564 30621 0 0 1 standing 
7 977 438 1043 564 30622 0 0 1 standing 
7 975 438 1039 564 30623 0 0 1 standing 
7 973 438 1035 564 30624 0 0 1 standing 
8 985 359 1028 470 30605 0 0 0 standing 
8 984 360 1026 471 30606 0 0 1 standing 
8 983 361 1024 473 30607 0 0 1 standing 
8 983 363 1023 475 30608 0 0 0 standing 
8 980 364 1020 476 30609 0 0 1 standing 
8 977 365 1017 477 30610 0 0 1 standing 
8 974 366 1014 478 30611 0 0 0 standing 
8 968 365 1011 477 30612 0 0 1 standing 
8 962 365 1008 477 30613 0 0 1 standing 
8 956 365 1006 477 30614 0 0 0 standing 
8 952 365 1004 476 30615 0 0 1 standing 
8 948 365 1002 476 30616 0 0 1 standing 
8 944 365 1001 476 30617 0 0 0 standing 
8 941 366 998 480 30618 0 0 1 standing 
8 938 368 995 484 30619 0 0 1 standing 
8 936 370 992 489 30620 0 0 0 standing 
8 934 372 991 491 30621 0 0 1 standing 
8 932 374 990 493 30622 0 0 1 standing 
8 930 376 989 496 30623 0 0 1 standing 
8 928 378 988 498 30624 0 0 1 standing 
9 820 342 866 451 30605 0 0 0 standing 
9 818 342 865 451 30606 0 0 1 standing 
9 817 343 864 452 30607 0 0 1 standing 
9 816 344 863 453 30608 0 0 1 standing 
9 814 345 862 454 30609 0 0 1 standing 
9 813 346 861 455 30610 0 0 1 standing 
9 812 347 860 456 30611 0 0 0 standing 
9 811 346 857 455 30612 0 0 1 standing 
9 810 346 854 455 30613 0 0 1 standing 
9 810 346 851 455 30614 0 0 0 standing 
9 810 347 850 454 30615 0 0 1 standing 
9 810 348 849 454 30616 0 0 1 standing 
9 810 349 849 454 30617 0 0 0 standing 
9 806 349 848 455 30618 0 0 1 standing 
9 803 350 848 457 30619 0 0 1 standing 
9 800 351 848 459 30620 0 0 0 standing 
9 799 352 847 459 30621 0 0 1 standing 
9 798 353 846 460 30622 0 0 1 standing 
9 797 354 845 461 30623 0 0 0 standing 
9 797 354 845 461 30624 0 0 1 standing 
10 762 460 804 605 30605 0 0 0 standing 
10 761 460 802 605 30606 0 0 1 standing 
10 760 460 801 605 30607 0 0 1 standing 
10 760 460 800 605 30608 0 0 0 standing 
10 757 460 800 603 30609 0 0 1 standing 
10 754 460 800 602 30610 0 0 1 standing 
10 752 460 801 601 30611 0 0 0 standing 
10 752 459 801 600 30612 0 0 1 standing 
10 752 459 801 600 30613 0 0 1 standing 
10 752 459 801 600 30614 0 0 1 standing 
10 752 458 801 600 30615 0 0 1 standing 
10 752 458 801 600 30616 0 0 1 standing 
10 752 458 801 600 30617 0 0 0 standing 
10 753 456 802 597 30618 0 0 1 standing 
10 754 454 803 594 30619 0 0 1 standing 
10 756 452 804 592 30620 0 0 0 standing 
10 756 452 803 591 30621 0 0 1 standing 
10 756 452 803 590 30622 0 0 1 standing 
10 756 452 803 590 30623 0 0 1 standing 
10 756 452 803 589 30624 0 0 1 standing 
11 731 438 789 576 30605 0 0 0 standing 
11 736 436 794 574 30606 0 0 1 standing 
11 741 434 799 572 30607 0 0 1 standing 
11 747 432 805 571 30608 0 0 0 standing 
11 748 432 806 571 30609 0 0 1 standing 
11 749 433 807 572 30610 0 0 1 standing 
11 750 434 808 573 30611 0 0 0 standing 
11 750 433 809 572 30612 0 0 1 standing 
11 750 432 810 571 30613 0 0 1 standing 
11 751 432 811 571 30614 0 0 0 standing 
11 752 430 811 569 30615 0 0 1 standing 
11 754 429 811 567 30616 0 0 1 standing 
11 756 428 811 566 30617 0 0 1 standing 
11 758 427 811 564 30618 0 0 1 standing 
11 760 426 811 562 30619 0 0 1 standing 
11 762 425 811 561 30620 0 0 0 standing 
11 764 425 815 559 30621 0 0 1 standing 
11 766 425 819 557 30622 0 0 1 standing 
11 769 425 824 556 30623 0 0 1 standing 
11 771 425 828 554 30624 0 0 1 standing 
