0 0 395 37 570 58665 0 0 0 standing 
0 0 392 37 565 58666 0 0 1 standing 
0 0 390 37 560 58667 0 0 1 standing 
0 0 388 37 555 58668 0 0 1 standing 
0 0 386 37 550 58669 0 0 1 standing 
0 0 384 37 546 58670 0 0 1 standing 
0 0 382 37 541 58671 0 0 1 standing 
0 0 380 37 536 58672 0 0 1 standing 
0 0 378 37 531 58673 0 0 1 standing 
0 0 376 37 527 58674 0 0 0 standing 
0 1 374 42 525 58675 0 0 1 standing 
0 2 372 47 524 58676 0 0 1 standing 
0 4 370 52 522 58677 0 0 1 standing 
0 5 368 57 521 58678 0 0 1 standing 
0 7 366 62 519 58679 0 0 1 standing 
0 8 365 67 518 58680 0 0 1 standing 
0 10 363 72 516 58681 0 0 1 standing 
0 11 361 77 515 58682 0 0 1 standing 
0 13 359 82 513 58683 0 0 1 standing 
0 14 357 87 512 58684 0 0 1 standing 
1 588 409 680 579 58665 0 1 0 standing 
1 576 407 665 579 58666 0 1 1 digging 
1 565 406 650 579 58667 0 1 1 digging 
1 553 405 635 579 58668 0 1 1 digging 
1 542 404 620 579 58669 0 1 1 digging 
1 531 403 605 579 58670 0 1 1 digging 
1 519 402 590 579 58671 0 1 1 digging 
1 508 401 575 579 58672 0 1 1 digging 
1 496 400 560 579 58673 0 1 1 digging 
1 485 399 545 579 58674 0 1 1 digging 
1 474 398 531 579 58675 0 1 0 digging 
1 457 402 518 583 58676 0 1 1 digging 
1 440 406 505 587 58677 0 1 1 digging 
1 423 410 492 591 58678 0 1 1 digging 
1 406 414 480 595 58679 0 1 1 digging 
1 389 418 467 599 58680 0 1 1 digging 
1 372 422 454 603 58681 0 1 1 digging 
1 355 426 442 607 58682 0 1 1 digging 
1 338 430 429 611 58683 0 1 1 digging 
1 321 434 416 615 58684 0 1 1 digging 
2 580 271 632 404 58665 0 0 0 digging 
2 570 271 624 402 58666 0 0 1 moving 
2 561 271 616 400 58667 0 0 1 moving 
2 552 271 609 398 58668 0 0 1 moving 
2 542 271 601 397 58669 0 0 1 moving 
2 533 271 594 395 58670 0 0 1 moving 
2 524 271 586 393 58671 0 0 1 moving 
2 514 271 578 392 58672 0 0 1 moving 
2 505 271 571 390 58673 0 0 1 moving 
2 496 271 563 388 58674 0 0 1 moving 
2 487 272 556 387 58675 0 0 0 moving 
2 484 271 552 386 58676 0 0 1 moving 
2 481 270 548 386 58677 0 0 1 moving 
2 478 269 544 385 58678 0 0 1 moving 
2 475 268 540 385 58679 0 0 1 moving 
2 473 268 536 385 58680 0 0 1 moving 
2 470 267 532 384 58681 0 0 1 moving 
2 467 266 528 384 58682 0 0 1 moving 
2 464 265 524 383 58683 0 0 1 moving 
2 461 264 520 383 58684 0 0 1 moving 
3 984 331 1031 502 58665 0 0 0 moving 
3 977 331 1024 497 58666 0 0 1 standing 
3 971 331 1018 493 58667 0 0 1 standing 
3 965 331 1012 488 58668 0 0 1 standing 
3 959 331 1006 484 58669 0 0 1 standing 
3 953 331 1000 479 58670 0 0 1 standing 
3 947 331 993 475 58671 0 0 1 standing 
3 941 331 987 470 58672 0 0 1 standing 
3 935 331 981 466 58673 0 0 1 standing 
3 929 331 975 461 58674 0 0 1 standing 
3 923 332 969 457 58675 0 0 0 standing 
3 917 331 963 456 58676 0 0 1 standing 
3 911 331 957 456 58677 0 0 1 standing 
3 905 331 951 456 58678 0 0 1 standing 
3 899 331 945 456 58679 0 0 1 standing 
3 893 331 939 456 58680 0 0 1 standing 
3 887 331 933 456 58681 0 0 1 standing 
3 881 331 927 456 58682 0 0 1 standing 
3 875 331 921 456 58683 0 0 1 standing 
3 869 331 915 456 58684 0 0 1 standing 
4 967 388 1028 565 58665 0 0 0 standing 
4 962 388 1023 564 58666 0 0 1 standing 
4 958 389 1019 564 58667 0 0 1 standing 
4 954 390 1015 563 58668 0 0 1 standing 
4 950 390 1011 563 58669 0 0 1 standing 
4 946 391 1007 562 58670 0 0 1 standing 
4 941 392 1002 562 58671 0 0 1 standing 
4 937 392 998 561 58672 0 0 1 standing 
4 933 393 994 561 58673 0 0 1 standing 
4 929 394 990 560 58674 0 0 1 standing 
4 925 395 986 560 58675 0 0 0 standing 
4 924 395 987 559 58676 0 0 1 standing 
4 924 395 988 559 58677 0 0 1 standing 
4 923 395 989 559 58678 0 0 1 standing 
4 923 395 990 559 58679 0 0 1 standing 
4 923 395 991 559 58680 0 0 1 standing 
4 922 395 992 558 58681 0 0 1 standing 
4 922 395 993 558 58682 0 0 1 standing 
4 921 395 994 558 58683 0 0 1 standing 
4 921 395 995 558 58684 0 0 1 standing 
5 452 323 505 455 58665 0 0 0 standing 
5 447 322 501 455 58666 0 0 1 standing 
5 442 322 497 456 58667 0 0 1 standing 
5 438 322 493 457 58668 0 0 1 standing 
5 433 322 489 457 58669 0 0 1 standing 
5 429 322 485 458 58670 0 0 1 standing 
5 424 321 481 459 58671 0 0 1 standing 
5 419 321 477 459 58672 0 0 1 standing 
5 415 321 473 460 58673 0 0 1 standing 
5 410 321 469 461 58674 0 0 1 standing 
5 406 321 466 462 58675 0 0 0 standing 
5 401 320 461 461 58676 0 0 1 standing 
5 397 320 457 461 58677 0 0 1 standing 
5 393 320 453 461 58678 0 0 1 standing 
5 388 319 449 460 58679 0 0 1 standing 
5 384 319 445 460 58680 0 0 1 standing 
5 380 319 440 460 58681 0 0 1 standing 
5 375 318 436 459 58682 0 0 1 standing 
5 371 318 432 459 58683 0 0 1 standing 
5 367 318 428 459 58684 0 0 1 standing 
6 3 403 39 558 58665 1 0 1 standing 
6 2 403 35 559 58666 1 0 1 standing 
6 1 403 32 559 58667 1 0 1 standing 
6 0 403 29 560 58668 1 0 0 standing 
6 0 402 29 559 58669 1 0 1 standing 
6 0 402 29 559 58670 1 0 1 standing 
6 0 401 29 558 58671 1 0 1 standing 
6 0 401 29 558 58672 1 0 1 standing 
6 0 400 29 557 58673 1 0 1 standing 
6 0 400 29 557 58674 1 0 1 standing 
6 0 400 29 557 58675 1 0 1 standing 
6 0 399 29 556 58676 1 0 1 standing 
6 0 399 29 556 58677 1 0 1 standing 
6 0 398 29 555 58678 1 0 1 standing 
6 0 398 29 555 58679 1 0 1 standing 
6 0 398 29 555 58680 1 0 1 standing 
6 0 397 29 554 58681 1 0 1 standing 
6 0 397 29 554 58682 1 0 1 standing 
6 0 396 29 553 58683 1 0 1 standing 
6 0 396 29 553 58684 1 0 1 standing 
7 589 361 682 497 58665 0 0 0 standing 
7 589 358 681 496 58666 0 0 1 standing 
7 589 355 680 496 58667 0 0 1 standing 
7 589 353 679 496 58668 0 0 1 standing 
7 590 350 678 496 58669 0 0 1 standing 
7 590 348 677 496 58670 0 0 1 standing 
7 590 345 676 496 58671 0 0 1 standing 
7 591 342 675 496 58672 0 0 1 standing 
7 591 340 674 496 58673 0 0 1 standing 
7 591 337 673 496 58674 0 0 1 standing 
7 592 335 672 496 58675 0 0 0 standing 
7 589 335 669 496 58676 0 0 1 standing 
7 587 335 667 496 58677 0 0 1 standing 
7 584 335 665 496 58678 0 0 1 standing 
7 582 335 663 496 58679 0 0 1 standing 
7 580 336 661 496 58680 0 0 1 standing 
7 577 336 659 496 58681 0 0 1 standing 
7 575 336 657 496 58682 0 0 1 standing 
7 572 336 655 496 58683 0 0 1 standing 
7 570 336 653 496 58684 0 0 1 standing 
8 968 353 1034 525 58665 0 0 0 standing 
8 962 352 1028 522 58666 0 0 1 standing 
8 957 351 1023 520 58667 0 0 1 standing 
8 952 351 1017 518 58668 0 0 1 standing 
8 946 350 1012 515 58669 0 0 1 standing 
8 941 350 1007 513 58670 0 0 1 standing 
8 936 349 1001 511 58671 0 0 1 standing 
8 930 348 996 508 58672 0 0 1 standing 
8 925 348 990 506 58673 0 0 1 standing 
8 920 347 985 504 58674 0 0 1 standing 
8 915 347 980 502 58675 0 0 0 standing 
8 909 346 974 501 58676 0 0 1 standing 
8 903 346 968 501 58677 0 0 1 standing 
8 897 345 962 500 58678 0 0 1 standing 
8 892 345 957 500 58679 0 0 1 standing 
8 886 345 951 500 58680 0 0 1 standing 
8 880 344 945 499 58681 0 0 1 standing 
8 875 344 940 499 58682 0 0 1 standing 
8 869 343 934 498 58683 0 0 1 standing 
8 863 343 928 498 58684 0 0 1 standing 
