0 812 423 861 596 71365 0 1 0 setting 
0 812 417 860 589 71366 0 1 1 setting 
0 812 411 860 583 71367 0 1 1 setting 
0 812 405 860 577 71368 0 1 0 setting 
0 810 403 857 575 71369 0 1 1 setting 
0 808 401 855 573 71370 0 1 1 setting 
0 806 399 852 571 71371 0 1 1 setting 
0 804 397 850 569 71372 0 1 1 setting 
0 802 395 847 567 71373 0 1 1 setting 
0 800 393 845 565 71374 0 1 1 setting 
0 798 392 843 564 71375 0 1 0 setting 
0 792 402 839 570 71376 0 1 1 setting 
0 786 412 835 576 71377 0 1 1 setting 
0 781 422 832 583 71378 0 1 0 setting 
0 773 427 827 584 71379 0 1 1 setting 
0 766 432 822 586 71380 0 1 1 setting 
0 758 438 817 588 71381 0 1 1 setting 
0 751 443 813 590 71382 0 1 1 setting 
0 743 449 808 592 71383 0 1 1 setting 
0 736 454 803 594 71384 0 1 1 setting 
1 698 449 766 603 71365 0 0 0 setting 
1 702 458 772 602 71366 0 0 1 standing 
1 706 467 778 602 71367 0 0 1 standing 
1 711 477 784 602 71368 0 1 0 standing 
1 716 474 795 602 71369 0 1 1 standing 
1 722 471 806 603 71370 0 1 1 standing 
1 727 468 817 604 71371 0 1 1 standing 
1 733 466 828 605 71372 0 1 0 standing 
1 732 453 818 603 71373 0 1 1 standing 
1 731 440 808 602 71374 0 1 1 standing 
1 731 428 798 601 71375 0 1 0 standing 
1 726 425 797 590 71376 0 1 1 standing 
1 722 422 796 580 71377 0 1 1 standing 
1 718 420 796 570 71378 0 1 0 standing 
1 720 412 796 564 71379 0 1 1 standing 
1 722 405 797 558 71380 0 1 1 standing 
1 724 397 797 552 71381 0 1 1 standing 
1 726 390 798 547 71382 0 1 0 standing 
1 731 394 799 552 71383 0 1 1 standing 
1 737 398 801 557 71384 0 1 1 standing 
2 571 370 652 467 71365 0 0 0 standing 
2 574 369 655 466 71366 0 0 1 moving 
2 578 369 659 465 71367 0 0 1 moving 
2 582 368 662 464 71368 0 0 1 moving 
2 586 368 666 464 71369 0 0 1 moving 
2 590 367 669 463 71370 0 0 1 moving 
2 594 367 673 462 71371 0 0 1 moving 
2 598 367 677 462 71372 0 1 0 moving 
2 607 367 681 462 71373 0 1 1 moving 
2 617 367 686 462 71374 0 1 1 moving 
2 627 367 691 463 71375 0 1 0 moving 
2 628 367 696 465 71376 0 1 1 moving 
2 630 367 702 467 71377 0 1 1 moving 
2 631 367 707 469 71378 0 1 1 moving 
2 633 368 713 471 71379 0 1 0 moving 
2 638 367 714 470 71380 0 1 1 moving 
2 644 367 716 470 71381 0 1 1 moving 
2 650 367 718 469 71382 0 1 1 moving 
2 655 367 719 469 71383 0 1 1 moving 
2 661 367 721 468 71384 0 1 1 moving 
3 324 509 414 643 71365 0 1 0 moving 
3 327 508 420 642 71366 0 1 1 moving 
3 331 508 426 642 71367 0 1 1 moving 
3 335 508 432 641 71368 0 1 1 moving 
3 338 508 439 641 71369 0 1 1 moving 
3 342 508 445 640 71370 0 1 1 moving 
3 346 508 451 640 71371 0 1 1 moving 
3 350 508 458 640 71372 0 1 0 moving 
3 360 508 464 640 71373 0 1 1 moving 
3 370 508 471 640 71374 0 1 1 moving 
3 380 509 477 640 71375 0 1 1 moving 
3 390 509 484 640 71376 0 1 1 moving 
3 400 510 491 640 71377 0 1 0 moving 
3 399 510 505 640 71378 0 1 1 moving 
3 398 510 520 641 71379 0 1 1 moving 
3 398 510 535 642 71380 0 1 0 moving 
3 416 510 541 644 71381 0 1 1 moving 
3 434 511 547 646 71382 0 1 1 moving 
3 452 512 554 648 71383 0 1 1 moving 
3 470 513 560 650 71384 0 1 1 moving 
4 409 469 494 574 71365 0 1 0 moving 
4 415 466 500 572 71366 0 1 1 moving 
4 422 463 507 570 71367 0 1 1 moving 
4 429 460 514 568 71368 0 1 1 moving 
4 435 458 520 566 71369 0 1 1 moving 
4 442 455 527 564 71370 0 1 1 moving 
4 449 452 534 562 71371 0 1 1 moving 
4 456 450 541 560 71372 0 1 0 moving 
4 463 445 554 559 71373 0 1 1 moving 
4 471 441 567 558 71374 0 1 1 moving 
4 478 437 580 557 71375 0 1 1 moving 
4 486 433 594 556 71376 0 1 0 moving 
4 495 434 596 555 71377 0 1 1 moving 
4 504 435 598 554 71378 0 1 1 moving 
4 513 436 601 553 71379 0 1 1 moving 
4 522 437 603 552 71380 0 1 1 moving 
4 531 438 605 551 71381 0 1 1 moving 
4 540 440 608 551 71382 0 1 0 moving 
4 550 439 618 551 71383 0 1 1 moving 
4 560 438 629 551 71384 0 1 1 moving 
5 453 408 492 533 71365 0 0 0 moving 
5 449 408 489 533 71366 0 0 1 standing 
5 445 409 486 534 71367 0 0 1 standing 
5 441 410 483 535 71368 0 0 1 standing 
5 437 411 480 535 71369 0 0 1 standing 
5 433 412 477 536 71370 0 0 1 standing 
5 429 412 474 537 71371 0 0 1 standing 
5 425 413 471 537 71372 0 0 1 standing 
5 421 414 468 538 71373 0 0 1 standing 
5 417 415 465 539 71374 0 0 1 standing 
5 414 416 463 540 71375 0 0 0 standing 
5 411 416 459 540 71376 0 0 1 standing 
5 409 417 456 541 71377 0 0 1 standing 
5 406 418 453 542 71378 0 0 1 standing 
5 404 419 450 543 71379 0 0 1 standing 
5 402 420 447 543 71380 0 0 1 standing 
5 399 421 444 544 71381 0 0 1 standing 
5 397 422 441 545 71382 0 0 1 standing 
5 395 423 438 546 71383 0 0 0 standing 
5 394 423 437 546 71384 0 0 1 standing 
6 919 446 976 610 71365 0 0 0 standing 
6 917 451 973 611 71366 0 0 1 standing 
6 915 456 971 612 71367 0 0 1 standing 
6 913 461 969 613 71368 0 0 1 standing 
6 911 466 966 614 71369 0 0 1 standing 
6 909 471 964 615 71370 0 0 1 standing 
6 907 476 962 616 71371 0 0 1 standing 
6 905 481 959 617 71372 0 0 1 standing 
6 903 486 957 618 71373 0 0 1 standing 
6 901 491 955 619 71374 0 0 1 standing 
6 900 497 953 621 71375 0 0 0 standing 
6 894 496 947 620 71376 0 0 1 standing 
6 889 496 942 620 71377 0 0 1 standing 
6 884 496 937 620 71378 0 0 1 standing 
6 879 496 931 619 71379 0 0 1 standing 
6 874 496 926 619 71380 0 0 1 standing 
6 869 495 921 619 71381 0 0 1 standing 
6 864 495 915 618 71382 0 0 1 standing 
6 859 495 910 618 71383 0 0 1 standing 
6 854 495 905 618 71384 0 0 1 standing 
7 922 415 969 575 71365 0 0 0 standing 
7 920 418 967 575 71366 0 0 1 standing 
7 918 421 965 575 71367 0 0 1 standing 
7 916 424 963 575 71368 0 0 1 standing 
7 915 427 961 575 71369 0 0 1 standing 
7 913 431 960 575 71370 0 0 1 standing 
7 911 434 958 575 71371 0 0 1 standing 
7 910 437 956 575 71372 0 0 1 standing 
7 908 440 954 575 71373 0 0 1 standing 
7 906 443 952 575 71374 0 0 1 standing 
7 905 447 951 576 71375 0 0 0 standing 
7 899 448 945 576 71376 0 0 1 standing 
7 894 449 940 576 71377 0 0 1 standing 
7 889 450 935 576 71378 0 0 1 standing 
7 884 451 930 576 71379 0 0 1 standing 
7 879 452 925 576 71380 0 0 1 standing 
7 874 453 919 576 71381 0 0 1 standing 
7 869 454 914 576 71382 0 0 1 standing 
7 864 455 909 576 71383 0 0 1 standing 
7 859 456 904 576 71384 0 0 1 standing 
8 926 390 981 521 71365 0 0 0 standing 
8 923 390 979 521 71366 0 0 1 standing 
8 921 390 977 521 71367 0 0 1 standing 
8 918 390 975 521 71368 0 0 1 standing 
8 916 390 973 521 71369 0 0 1 standing 
8 913 391 971 521 71370 0 0 1 standing 
8 911 391 969 521 71371 0 0 1 standing 
8 908 391 967 521 71372 0 0 1 standing 
8 906 391 965 521 71373 0 0 1 standing 
8 903 391 963 521 71374 0 0 1 standing 
8 901 392 962 522 71375 0 0 0 standing 
8 897 391 957 520 71376 0 0 1 standing 
8 893 390 952 518 71377 0 0 1 standing 
8 889 390 947 516 71378 0 0 1 standing 
8 886 389 942 514 71379 0 0 1 standing 
8 882 389 937 512 71380 0 0 1 standing 
8 878 388 932 510 71381 0 0 1 standing 
8 875 387 927 508 71382 0 0 1 standing 
8 871 387 922 506 71383 0 0 1 standing 
8 867 386 917 504 71384 0 0 1 standing 
9 1137 417 1187 539 71365 0 0 0 standing 
9 1134 417 1184 539 71366 0 0 1 standing 
9 1131 418 1181 539 71367 0 0 1 standing 
9 1128 418 1178 539 71368 0 0 1 standing 
9 1126 419 1175 539 71369 0 0 1 standing 
9 1123 420 1173 540 71370 0 0 1 standing 
9 1120 420 1170 540 71371 0 0 1 standing 
9 1118 421 1167 540 71372 0 0 1 standing 
9 1115 421 1164 540 71373 0 0 1 standing 
9 1112 422 1161 540 71374 0 0 1 standing 
9 1110 423 1159 541 71375 0 0 0 standing 
9 1103 422 1156 539 71376 0 0 1 standing 
9 1096 422 1154 537 71377 0 0 1 standing 
9 1089 421 1152 535 71378 0 0 1 standing 
9 1082 421 1150 533 71379 0 0 1 standing 
9 1076 421 1148 531 71380 0 0 0 standing 
9 1075 421 1147 530 71381 0 0 1 standing 
9 1074 421 1146 530 71382 0 0 1 standing 
9 1073 421 1145 529 71383 0 0 1 standing 
9 1072 421 1144 529 71384 0 0 1 standing 
10 1264 451 1278 555 71365 0 0 0 standing 
10 1262 450 1278 553 71366 0 0 1 standing 
10 1261 449 1278 552 71367 0 0 1 standing 
10 1259 448 1279 551 71368 0 0 1 standing 
10 1258 447 1279 549 71369 0 0 1 standing 
10 1256 446 1279 548 71370 0 0 1 standing 
10 1255 445 1280 547 71371 0 0 0 standing 
10 1252 446 1279 548 71372 0 0 1 standing 
10 1249 447 1279 550 71373 0 0 1 standing 
10 1246 449 1279 551 71374 0 0 1 standing 
10 1244 450 1279 553 71375 0 0 1 standing 
10 1241 452 1279 554 71376 0 0 1 standing 
10 1238 453 1279 556 71377 0 0 1 standing 
10 1236 455 1279 557 71378 0 0 1 standing 
10 1233 456 1278 559 71379 0 0 1 standing 
10 1230 457 1278 560 71380 0 0 1 standing 
10 1227 459 1278 562 71381 0 0 1 standing 
10 1225 460 1278 563 71382 0 0 1 standing 
10 1222 462 1278 565 71383 0 0 1 standing 
10 1219 463 1278 566 71384 0 0 1 standing 
11 1160 576 1198 640 71365 0 0 0 standing 
11 1165 572 1203 638 71366 0 0 1 standing 
11 1170 569 1208 636 71367 0 0 1 standing 
11 1175 566 1213 635 71368 0 0 1 standing 
11 1180 563 1218 633 71369 0 0 1 standing 
11 1185 560 1223 631 71370 0 0 1 standing 
11 1190 556 1228 630 71371 0 0 1 standing 
11 1195 553 1233 628 71372 0 0 1 standing 
11 1200 550 1238 627 71373 0 0 1 standing 
11 1205 547 1243 625 71374 0 0 1 standing 
11 1210 544 1248 623 71375 0 0 1 standing 
11 1215 540 1253 622 71376 0 0 1 standing 
11 1220 537 1258 620 71377 0 0 1 standing 
11 1225 534 1263 618 71378 0 0 1 standing 
11 1230 531 1268 617 71379 0 0 1 standing 
11 1235 528 1273 615 71380 0 0 1 standing 
11 1241 525 1278 614 71381 0 0 0 standing 
11 1237 527 1278 621 71382 0 0 1 standing 
11 1233 530 1278 629 71383 0 0 1 standing 
11 1229 532 1278 637 71384 0 0 1 standing 
