0 800 537 857 653 32625 0 1 0 spiking 
0 802 529 859 646 32626 0 1 1 spiking 
0 805 522 862 639 32627 0 1 1 spiking 
0 807 515 864 632 32628 0 1 1 spiking 
0 810 508 867 625 32629 0 1 0 spiking 
0 808 502 865 619 32630 0 1 1 spiking 
0 806 496 863 613 32631 0 1 1 spiking 
0 804 490 861 608 32632 0 1 1 spiking 
0 802 484 859 602 32633 0 1 1 spiking 
0 800 478 857 596 32634 0 1 1 spiking 
0 798 472 855 591 32635 0 1 0 spiking 
0 801 471 856 590 32636 0 1 1 spiking 
0 804 470 857 589 32637 0 1 1 spiking 
0 807 469 859 588 32638 0 1 1 spiking 
0 810 468 860 587 32639 0 1 1 spiking 
0 813 467 862 586 32640 0 1 0 spiking 
0 814 471 862 590 32641 0 1 1 spiking 
0 816 476 862 595 32642 0 1 1 spiking 
0 818 481 862 600 32643 0 1 1 spiking 
0 820 486 862 605 32644 0 1 1 spiking 
1 629 513 680 609 32625 0 1 0 spiking 
1 634 506 684 606 32626 0 1 1 blocking 
1 640 500 689 603 32627 0 1 1 blocking 
1 646 494 693 601 32628 0 1 1 blocking 
1 652 488 698 598 32629 0 1 1 blocking 
1 658 482 703 596 32630 0 1 1 blocking 
1 663 476 707 593 32631 0 1 1 blocking 
1 669 470 712 590 32632 0 1 1 blocking 
1 675 464 716 588 32633 0 1 1 blocking 
1 681 458 721 585 32634 0 1 1 blocking 
1 687 452 726 583 32635 0 1 0 blocking 
1 690 452 729 583 32636 0 1 1 blocking 
1 694 453 733 584 32637 0 1 1 blocking 
1 698 454 737 585 32638 0 1 1 blocking 
1 702 455 741 586 32639 0 1 1 blocking 
1 706 456 745 587 32640 0 1 1 blocking 
1 710 457 749 588 32641 0 1 1 blocking 
1 714 458 753 589 32642 0 1 1 blocking 
1 718 459 757 590 32643 0 1 1 blocking 
1 722 460 761 591 32644 0 1 1 blocking 
2 641 492 683 594 32625 0 1 0 blocking 
2 645 486 687 591 32626 0 1 1 blocking 
2 649 480 691 589 32627 0 1 1 blocking 
2 653 474 695 586 32628 0 1 1 blocking 
2 657 468 699 584 32629 0 1 1 blocking 
2 661 463 703 582 32630 0 1 1 blocking 
2 665 457 707 579 32631 0 1 1 blocking 
2 669 451 711 577 32632 0 1 1 blocking 
2 673 445 715 574 32633 0 1 1 blocking 
2 677 439 719 572 32634 0 1 1 blocking 
2 682 434 723 570 32635 0 1 0 blocking 
2 684 434 727 570 32636 0 1 1 blocking 
2 687 435 731 571 32637 0 1 1 blocking 
2 689 435 735 571 32638 0 1 1 blocking 
2 692 436 740 572 32639 0 1 1 blocking 
2 694 437 744 573 32640 0 1 1 blocking 
2 697 437 748 573 32641 0 1 1 blocking 
2 699 438 753 574 32642 0 1 1 blocking 
2 702 438 757 574 32643 0 1 1 blocking 
2 704 439 761 575 32644 0 1 1 blocking 
3 646 477 687 591 32625 0 1 0 blocking 
3 649 472 690 588 32626 0 1 1 blocking 
3 653 467 694 585 32627 0 1 1 blocking 
3 657 462 698 582 32628 0 1 1 blocking 
3 661 457 701 579 32629 0 1 1 blocking 
3 665 452 705 577 32630 0 1 1 blocking 
3 668 447 709 574 32631 0 1 1 blocking 
3 672 442 712 571 32632 0 1 1 blocking 
3 676 437 716 568 32633 0 1 1 blocking 
3 680 432 720 565 32634 0 1 1 blocking 
3 684 428 724 563 32635 0 1 0 blocking 
3 688 428 728 564 32636 0 1 1 blocking 
3 692 429 732 565 32637 0 1 1 blocking 
3 696 430 736 566 32638 0 1 1 blocking 
3 700 431 740 567 32639 0 1 1 blocking 
3 704 432 744 568 32640 0 1 1 blocking 
3 708 433 748 569 32641 0 1 1 blocking 
3 712 434 752 570 32642 0 1 1 blocking 
3 716 435 756 571 32643 0 1 1 blocking 
3 720 436 760 572 32644 0 1 1 blocking 
4 834 478 868 559 32625 0 0 0 blocking 
4 832 479 866 560 32626 0 0 1 standing 
4 831 480 865 561 32627 0 0 1 standing 
4 830 481 864 562 32628 0 0 0 standing 
4 826 483 865 564 32629 0 0 1 standing 
4 822 485 867 567 32630 0 0 1 standing 
4 819 488 869 569 32631 0 0 1 standing 
4 815 490 871 572 32632 0 0 1 standing 
4 811 492 873 574 32633 0 0 1 standing 
4 808 495 875 577 32634 0 0 0 standing 
4 811 498 871 577 32635 0 0 1 standing 
4 815 501 867 577 32636 0 0 1 standing 
4 819 505 864 577 32637 0 0 0 standing 
4 819 506 866 576 32638 0 0 1 standing 
4 819 507 868 575 32639 0 0 1 standing 
4 819 508 870 574 32640 0 0 0 standing 
4 823 511 872 577 32641 0 0 1 standing 
4 828 514 875 580 32642 0 0 1 standing 
4 832 517 878 583 32643 0 0 1 standing 
4 837 520 881 586 32644 0 0 1 standing 
5 728 473 785 570 32625 0 0 0 standing 
5 729 472 783 568 32626 0 0 1 standing 
5 731 471 781 567 32627 0 0 1 standing 
5 733 470 780 566 32628 0 0 0 standing 
5 732 470 781 567 32629 0 0 1 standing 
5 731 470 783 568 32630 0 0 1 standing 
5 731 470 785 570 32631 0 0 0 standing 
5 730 472 789 571 32632 0 0 1 standing 
5 729 474 794 572 32633 0 0 1 standing 
5 729 477 799 574 32634 0 0 0 standing 
5 733 477 803 574 32635 0 0 1 standing 
5 737 477 807 574 32636 0 0 1 standing 
5 741 478 811 575 32637 0 0 0 standing 
5 745 477 815 574 32638 0 0 1 standing 
5 749 477 819 574 32639 0 0 1 standing 
5 754 477 824 574 32640 0 0 0 standing 
5 757 477 827 572 32641 0 0 1 standing 
5 760 477 830 571 32642 0 0 1 standing 
5 764 477 833 570 32643 0 0 1 standing 
5 767 477 836 569 32644 0 0 1 standing 
6 882 492 932 585 32625 0 0 0 standing 
6 879 490 929 585 32626 0 0 1 moving 
6 877 489 926 585 32627 0 0 1 moving 
6 875 488 924 585 32628 0 0 0 moving 
6 870 487 925 583 32629 0 0 1 moving 
6 865 487 927 581 32630 0 0 1 moving 
6 860 487 929 580 32631 0 0 0 moving 
6 862 486 925 579 32632 0 0 1 moving 
6 864 485 922 578 32633 0 0 1 moving 
6 867 485 919 578 32634 0 0 0 moving 
6 870 483 916 577 32635 0 0 1 moving 
6 873 481 913 576 32636 0 0 1 moving 
6 876 479 911 576 32637 0 0 0 moving 
6 878 479 913 575 32638 0 0 1 moving 
6 880 479 915 575 32639 0 0 1 moving 
6 883 479 917 575 32640 0 0 0 moving 
6 883 480 918 576 32641 0 0 1 moving 
6 883 481 919 577 32642 0 0 1 moving 
6 884 483 921 578 32643 0 0 0 moving 
6 884 483 921 578 32644 0 0 1 moving 
7 1011 472 1059 564 32625 0 0 0 moving 
7 1010 471 1053 562 32626 0 0 1 standing 
7 1009 471 1047 560 32627 0 0 1 standing 
7 1008 471 1042 558 32628 0 0 0 standing 
7 1006 471 1043 557 32629 0 0 1 standing 
7 1004 471 1045 556 32630 0 0 1 standing 
7 1003 471 1047 556 32631 0 0 0 standing 
7 1001 471 1050 555 32632 0 0 1 standing 
7 999 471 1053 554 32633 0 0 1 standing 
7 997 471 1056 553 32634 0 0 0 standing 
7 999 471 1054 554 32635 0 0 1 standing 
7 1001 471 1052 555 32636 0 0 1 standing 
7 1004 471 1051 556 32637 0 0 0 standing 
7 1007 469 1049 555 32638 0 0 1 standing 
7 1010 467 1047 554 32639 0 0 1 standing 
7 1014 466 1046 554 32640 0 0 0 standing 
7 1010 467 1046 555 32641 0 0 1 standing 
7 1006 468 1046 556 32642 0 0 1 standing 
7 1003 469 1046 558 32643 0 0 1 standing 
7 999 470 1046 559 32644 0 0 1 standing 
8 476 411 523 486 32625 0 0 0 standing 
8 484 412 528 486 32626 0 0 1 standing 
8 492 413 533 486 32627 0 0 1 standing 
8 500 414 539 487 32628 0 0 0 standing 
8 508 415 544 488 32629 0 0 1 standing 
8 517 416 550 489 32630 0 0 1 standing 
8 526 418 556 490 32631 0 0 0 standing 
8 532 417 562 492 32632 0 0 1 standing 
8 539 416 568 495 32633 0 0 1 standing 
8 546 416 575 498 32634 0 0 0 standing 
8 551 416 583 498 32635 0 0 1 standing 
8 556 417 592 498 32636 0 0 1 standing 
8 562 418 601 499 32637 0 0 0 standing 
8 567 418 607 499 32638 0 0 1 standing 
8 572 419 614 499 32639 0 0 1 standing 
8 577 420 621 500 32640 0 0 0 standing 
8 578 421 625 502 32641 0 0 1 standing 
8 580 422 629 505 32642 0 0 1 standing 
8 582 424 634 508 32643 0 0 1 standing 
8 584 425 638 511 32644 0 0 1 standing 
9 320 518 366 601 32625 0 0 0 standing 
9 322 519 368 602 32626 0 0 1 waiting 
9 325 521 370 603 32627 0 0 1 waiting 
9 328 523 373 604 32628 0 0 0 waiting 
9 331 522 377 602 32629 0 0 1 waiting 
9 334 521 381 601 32630 0 0 1 waiting 
9 338 521 385 600 32631 0 0 0 waiting 
9 342 520 389 599 32632 0 0 1 waiting 
9 346 519 393 598 32633 0 0 1 waiting 
9 350 518 397 597 32634 0 0 0 waiting 
9 354 517 401 596 32635 0 0 1 waiting 
9 359 516 406 595 32636 0 0 1 waiting 
9 364 516 411 595 32637 0 0 0 waiting 
9 368 515 415 594 32638 0 0 1 waiting 
9 373 515 420 594 32639 0 0 1 waiting 
9 378 515 425 594 32640 0 0 0 waiting 
9 381 514 429 593 32641 0 0 1 waiting 
9 384 513 434 593 32642 0 0 1 waiting 
9 387 513 438 593 32643 0 0 1 waiting 
9 390 512 443 593 32644 0 0 1 waiting 
10 788 390 827 464 32625 0 0 0 waiting 
10 790 391 829 465 32626 0 0 1 moving 
10 792 393 831 467 32627 0 0 1 moving 
10 795 395 834 469 32628 0 0 0 moving 
10 798 395 836 471 32629 0 0 1 moving 
10 801 395 839 473 32630 0 0 1 moving 
10 805 396 842 476 32631 0 0 0 moving 
10 810 396 846 477 32632 0 0 1 moving 
10 815 397 850 479 32633 0 0 1 moving 
10 821 398 854 481 32634 0 0 0 moving 
10 825 397 858 480 32635 0 0 1 moving 
10 829 396 862 479 32636 0 0 1 moving 
10 833 396 866 479 32637 0 0 0 moving 
10 836 397 869 480 32638 0 0 1 moving 
10 839 398 872 481 32639 0 0 1 moving 
10 843 399 876 482 32640 0 0 0 moving 
10 843 403 880 485 32641 0 0 1 moving 
10 843 407 884 489 32642 0 0 1 moving 
10 843 411 889 492 32643 0 0 1 moving 
10 843 415 893 496 32644 0 0 1 moving 
11 301 442 339 525 32625 0 0 0 moving 
11 299 442 341 522 32626 0 0 1 waiting 
11 298 442 343 519 32627 0 0 1 waiting 
11 297 443 346 517 32628 0 0 0 waiting 
11 298 442 347 515 32629 0 0 1 waiting 
11 300 441 348 514 32630 0 0 1 waiting 
11 302 440 349 513 32631 0 0 0 waiting 
11 300 438 348 510 32632 0 0 1 waiting 
11 298 437 347 507 32633 0 0 1 waiting 
11 297 436 347 505 32634 0 0 0 waiting 
11 300 436 350 503 32635 0 0 1 waiting 
11 304 436 353 501 32636 0 0 1 waiting 
11 308 436 357 500 32637 0 0 0 waiting 
11 313 435 362 500 32638 0 0 1 waiting 
11 319 435 367 501 32639 0 0 1 waiting 
11 325 435 373 502 32640 0 0 0 waiting 
11 328 435 377 501 32641 0 0 1 waiting 
11 331 435 381 501 32642 0 0 1 waiting 
11 334 436 385 500 32643 0 0 1 waiting 
11 337 436 389 500 32644 0 0 1 waiting 
