0 931 304 986 429 58590 0 1 0 spiking 
0 930 288 988 424 58591 0 1 1 spiking 
0 929 273 990 420 58592 0 1 1 spiking 
0 928 258 993 416 58593 0 1 0 spiking 
0 919 256 995 410 58594 0 1 1 spiking 
0 910 255 998 405 58595 0 1 1 spiking 
0 901 253 1000 400 58596 0 1 1 spiking 
0 893 252 1003 395 58597 0 1 0 spiking 
0 902 248 1006 391 58598 0 1 1 spiking 
0 911 244 1009 387 58599 0 1 1 spiking 
0 921 240 1012 383 58600 0 1 0 spiking 
0 922 247 1010 391 58601 0 1 1 spiking 
0 924 255 1008 400 58602 0 1 1 spiking 
0 925 262 1006 408 58603 0 1 1 spiking 
0 927 270 1004 417 58604 0 1 1 spiking 
0 929 278 1003 426 58605 0 1 1 spiking 
0 930 285 1001 434 58606 0 1 1 spiking 
0 932 293 999 443 58607 0 1 1 spiking 
0 933 300 997 451 58608 0 1 1 spiking 
0 935 308 995 460 58609 0 1 1 spiking 
1 556 318 615 461 58590 0 1 0 spiking 
1 560 315 619 461 58591 0 1 1 blocking 
1 565 313 623 461 58592 0 1 1 blocking 
1 569 311 627 461 58593 0 1 1 blocking 
1 574 309 632 461 58594 0 1 1 blocking 
1 578 307 636 461 58595 0 1 1 blocking 
1 583 305 640 461 58596 0 1 1 blocking 
1 588 303 645 461 58597 0 1 0 blocking 
1 592 292 650 461 58598 0 1 1 blocking 
1 597 281 655 461 58599 0 1 1 blocking 
1 602 271 660 462 58600 0 1 0 blocking 
1 609 270 667 461 58601 0 1 1 blocking 
1 616 269 674 460 58602 0 1 1 blocking 
1 623 268 681 459 58603 0 1 1 blocking 
1 630 268 688 459 58604 0 1 1 blocking 
1 637 267 695 458 58605 0 1 1 blocking 
1 644 266 702 457 58606 0 1 1 blocking 
1 651 266 709 457 58607 0 1 1 blocking 
1 658 265 716 456 58608 0 1 1 blocking 
1 665 264 723 455 58609 0 1 1 blocking 
2 550 348 606 481 58590 0 1 0 blocking 
2 555 341 611 479 58591 0 1 1 blocking 
2 561 334 617 477 58592 0 1 1 blocking 
2 566 327 622 476 58593 0 1 1 blocking 
2 572 320 628 474 58594 0 1 1 blocking 
2 577 313 633 473 58595 0 1 1 blocking 
2 583 306 639 471 58596 0 1 1 blocking 
2 588 299 644 469 58597 0 1 1 blocking 
2 594 292 650 468 58598 0 1 1 blocking 
2 599 285 655 466 58599 0 1 1 blocking 
2 605 278 661 465 58600 0 1 0 blocking 
2 608 276 667 463 58601 0 1 1 blocking 
2 612 275 673 461 58602 0 1 1 blocking 
2 615 273 679 460 58603 0 1 1 blocking 
2 619 272 685 458 58604 0 1 1 blocking 
2 622 270 691 457 58605 0 1 1 blocking 
2 626 269 697 455 58606 0 1 1 blocking 
2 629 267 703 453 58607 0 1 1 blocking 
2 633 266 709 452 58608 0 1 1 blocking 
2 636 264 715 450 58609 0 1 1 blocking 
3 1011 417 1086 566 58590 0 0 0 blocking 
3 1016 415 1087 566 58591 0 0 1 standing 
3 1021 414 1088 566 58592 0 0 1 standing 
3 1027 413 1090 566 58593 0 0 0 standing 
3 1034 415 1097 568 58594 0 0 1 standing 
3 1041 418 1104 571 58595 0 0 1 standing 
3 1048 421 1111 574 58596 0 0 0 standing 
3 1046 422 1117 574 58597 0 0 1 standing 
3 1044 424 1123 575 58598 0 0 1 standing 
3 1042 426 1130 576 58599 0 0 0 standing 
3 1046 427 1137 576 58600 0 0 1 standing 
3 1050 428 1144 577 58601 0 0 1 standing 
3 1054 429 1151 578 58602 0 0 0 standing 
3 1056 428 1147 577 58603 0 0 1 standing 
3 1058 428 1143 576 58604 0 0 1 standing 
3 1060 428 1140 576 58605 0 0 0 standing 
3 1064 428 1140 576 58606 0 0 1 standing 
3 1068 429 1140 577 58607 0 0 1 standing 
3 1072 430 1140 577 58608 0 0 1 standing 
3 1076 431 1140 578 58609 0 0 1 standing 
4 808 453 879 637 58590 0 0 0 standing 
4 808 449 883 635 58591 0 0 1 standing 
4 808 445 887 634 58592 0 0 1 standing 
4 809 441 892 633 58593 0 0 0 standing 
4 814 440 894 632 58594 0 0 1 standing 
4 820 439 896 631 58595 0 0 1 standing 
4 826 438 899 631 58596 0 0 0 standing 
4 826 435 899 628 58597 0 0 1 standing 
4 827 433 900 626 58598 0 0 1 standing 
4 828 431 901 624 58599 0 0 0 standing 
4 828 430 902 623 58600 0 0 1 standing 
4 829 430 903 623 58601 0 0 1 standing 
4 830 430 905 623 58602 0 0 0 standing 
4 829 431 911 623 58603 0 0 1 standing 
4 828 433 918 623 58604 0 0 1 standing 
4 827 435 925 623 58605 0 0 0 standing 
4 832 433 924 619 58606 0 0 1 standing 
4 837 431 924 615 58607 0 0 1 standing 
4 843 430 923 612 58608 0 0 1 standing 
4 848 428 923 608 58609 0 0 1 standing 
5 756 458 824 621 58590 0 0 0 standing 
5 761 453 828 620 58591 0 0 1 standing 
5 767 449 833 619 58592 0 0 1 standing 
5 773 445 838 618 58593 0 0 0 standing 
5 780 443 839 616 58594 0 0 1 standing 
5 787 441 840 614 58595 0 0 1 standing 
5 794 439 842 613 58596 0 0 0 standing 
5 801 438 846 612 58597 0 0 1 standing 
5 808 438 850 611 58598 0 0 1 standing 
5 815 438 855 611 58599 0 0 0 standing 
5 821 434 861 607 58600 0 0 1 standing 
5 827 430 867 603 58601 0 0 1 standing 
5 834 427 873 600 58602 0 0 0 standing 
5 837 421 882 591 58603 0 0 1 standing 
5 840 415 891 582 58604 0 0 1 standing 
5 844 409 901 573 58605 0 0 0 standing 
5 849 407 907 570 58606 0 0 1 standing 
5 855 406 913 568 58607 0 0 1 standing 
5 861 405 919 566 58608 0 0 1 standing 
5 867 404 925 564 58609 0 0 1 standing 
6 661 373 729 506 58590 0 0 0 standing 
6 660 372 731 505 58591 0 0 1 standing 
6 659 371 734 505 58592 0 0 1 standing 
6 659 371 737 505 58593 0 0 0 standing 
6 665 371 738 503 58594 0 0 1 standing 
6 671 371 739 502 58595 0 0 1 standing 
6 678 372 741 501 58596 0 0 0 standing 
6 682 373 747 500 58597 0 0 1 standing 
6 686 374 753 499 58598 0 0 1 standing 
6 690 375 759 498 58599 0 0 0 standing 
6 695 371 764 499 58600 0 0 1 standing 
6 700 368 769 501 58601 0 0 1 standing 
6 706 365 774 503 58602 0 0 0 standing 
6 712 365 780 503 58603 0 0 1 standing 
6 718 365 787 503 58604 0 0 1 standing 
6 725 365 794 503 58605 0 0 0 standing 
6 731 367 800 505 58606 0 0 1 standing 
6 737 370 806 507 58607 0 0 1 standing 
6 744 373 812 509 58608 0 0 1 standing 
6 750 376 818 511 58609 0 0 1 standing 
7 912 357 970 480 58590 0 0 0 standing 
7 901 356 970 481 58591 0 0 1 standing 
7 890 355 971 482 58592 0 0 1 standing 
7 879 355 972 483 58593 0 0 0 standing 
7 881 354 969 483 58594 0 0 1 standing 
7 883 354 966 484 58595 0 0 1 standing 
7 885 354 963 485 58596 0 0 1 standing 
7 887 354 960 486 58597 0 0 1 standing 
7 889 354 957 487 58598 0 0 1 standing 
7 891 354 954 488 58599 0 0 0 standing 
7 891 355 954 489 58600 0 0 1 standing 
7 892 357 955 491 58601 0 0 1 standing 
7 892 359 955 493 58602 0 0 1 standing 
7 893 361 956 495 58603 0 0 1 standing 
7 893 363 956 497 58604 0 0 1 standing 
7 894 365 957 499 58605 0 0 0 standing 
7 900 366 962 499 58606 0 0 1 standing 
7 907 368 967 500 58607 0 0 1 standing 
7 914 370 972 501 58608 0 0 1 standing 
7 921 372 977 502 58609 0 0 1 standing 
8 470 384 541 552 58590 0 0 0 standing 
8 473 383 542 547 58591 0 0 1 standing 
8 476 383 543 542 58592 0 0 1 standing 
8 480 383 544 537 58593 0 0 0 standing 
8 477 382 543 536 58594 0 0 1 standing 
8 474 381 542 536 58595 0 0 1 standing 
8 472 381 541 536 58596 0 0 0 standing 
8 473 379 547 534 58597 0 0 1 standing 
8 474 378 553 533 58598 0 0 1 standing 
8 476 377 560 532 58599 0 0 0 standing 
8 479 375 558 528 58600 0 0 1 standing 
8 482 373 556 525 58601 0 0 1 standing 
8 486 372 554 522 58602 0 0 0 standing 
8 481 372 555 520 58603 0 0 1 standing 
8 476 372 557 518 58604 0 0 1 standing 
8 471 373 559 516 58605 0 0 0 standing 
8 474 375 563 516 58606 0 0 1 standing 
8 477 378 567 517 58607 0 0 1 standing 
8 480 381 571 518 58608 0 0 1 standing 
8 483 384 575 519 58609 0 0 1 standing 
9 227 326 289 453 58590 0 0 0 standing 
9 230 325 292 451 58591 0 0 1 standing 
9 234 325 295 449 58592 0 0 1 standing 
9 238 325 298 448 58593 0 0 0 standing 
9 243 326 303 449 58594 0 0 1 standing 
9 248 327 308 450 58595 0 0 1 standing 
9 254 328 313 451 58596 0 0 0 standing 
9 257 327 320 450 58597 0 0 1 standing 
9 261 327 327 449 58598 0 0 1 standing 
9 265 327 334 449 58599 0 0 0 standing 
9 271 327 340 450 58600 0 0 1 standing 
9 278 328 347 451 58601 0 0 1 standing 
9 285 329 354 453 58602 0 0 0 standing 
9 294 329 359 453 58603 0 0 1 standing 
9 303 329 365 453 58604 0 0 1 standing 
9 312 329 371 453 58605 0 0 0 standing 
9 319 330 378 453 58606 0 0 1 standing 
9 327 331 386 453 58607 0 0 1 standing 
9 334 332 393 453 58608 0 0 1 standing 
9 342 333 401 453 58609 0 0 1 standing 
10 96 424 194 573 58590 0 0 0 standing 
10 94 426 197 572 58591 0 0 1 standing 
10 93 429 201 571 58592 0 0 1 standing 
10 92 432 205 570 58593 0 0 0 standing 
10 94 432 212 570 58594 0 0 1 standing 
10 96 432 219 570 58595 0 0 1 standing 
10 98 433 226 571 58596 0 0 0 standing 
10 102 432 230 570 58597 0 0 1 standing 
10 106 431 234 569 58598 0 0 1 standing 
10 111 431 239 569 58599 0 0 0 standing 
10 115 427 240 568 58600 0 0 1 standing 
10 120 423 242 568 58601 0 0 1 standing 
10 125 419 244 568 58602 0 0 0 standing 
10 127 418 237 567 58603 0 0 1 standing 
10 130 418 230 566 58604 0 0 1 standing 
10 133 418 223 566 58605 0 0 0 standing 
10 137 418 227 566 58606 0 0 1 standing 
10 141 418 231 566 58607 0 0 1 standing 
10 145 419 235 567 58608 0 0 1 standing 
10 149 419 239 567 58609 0 0 1 standing 
11 44 362 113 499 58590 0 0 0 standing 
11 37 362 115 499 58591 0 0 1 standing 
11 30 362 118 499 58592 0 0 1 standing 
11 23 362 121 499 58593 0 0 0 standing 
11 22 360 120 497 58594 0 0 1 standing 
11 21 359 119 496 58595 0 0 1 standing 
11 21 358 119 495 58596 0 0 0 standing 
11 24 360 112 496 58597 0 0 1 standing 
11 27 362 105 497 58598 0 0 1 standing 
11 30 364 99 498 58599 0 0 0 standing 
11 24 362 98 498 58600 0 0 1 standing 
11 19 360 98 498 58601 0 0 1 standing 
11 14 359 98 498 58602 0 0 0 standing 
11 17 359 101 498 58603 0 0 1 standing 
11 20 360 104 499 58604 0 0 1 standing 
11 23 361 107 500 58605 0 0 0 standing 
11 26 362 110 501 58606 0 0 1 standing 
11 29 363 113 502 58607 0 0 1 standing 
11 32 364 116 503 58608 0 0 1 standing 
11 35 365 119 504 58609 0 0 1 standing 
