0 288 308 342 410 40010 0 1 0 standing 
0 289 308 343 409 40011 0 1 1 standing 
0 291 308 345 409 40012 0 1 1 standing 
0 292 308 346 409 40013 0 1 1 standing 
0 294 308 348 409 40014 0 1 1 standing 
0 296 308 350 409 40015 0 1 1 standing 
0 297 308 351 409 40016 0 1 1 standing 
0 299 308 353 409 40017 0 1 1 standing 
0 300 308 354 409 40018 0 1 1 standing 
0 302 308 356 409 40019 0 1 1 standing 
0 304 309 358 409 40020 0 1 0 standing 
0 307 309 358 409 40021 0 1 1 standing 
0 310 310 359 410 40022 0 1 1 standing 
0 313 311 360 410 40023 0 1 1 standing 
0 316 311 361 411 40024 0 1 1 standing 
0 319 312 362 412 40025 0 1 1 standing 
0 322 313 363 412 40026 0 1 1 standing 
0 325 313 364 413 40027 0 1 1 standing 
0 328 314 365 413 40028 0 1 1 standing 
0 331 315 366 414 40029 0 1 1 standing 
1 322 361 362 472 40010 0 1 0 standing 
1 323 359 363 470 40011 0 1 1 standing 
1 325 357 365 468 40012 0 1 1 standing 
1 326 356 366 467 40013 0 1 1 standing 
1 328 354 368 465 40014 0 1 1 standing 
1 329 353 369 464 40015 0 1 1 standing 
1 331 351 371 462 40016 0 1 1 standing 
1 332 349 372 460 40017 0 1 1 standing 
1 334 348 374 459 40018 0 1 1 standing 
1 335 346 375 457 40019 0 1 1 standing 
1 337 345 377 456 40020 0 1 0 standing 
1 338 344 378 455 40021 0 1 1 standing 
1 339 344 380 455 40022 0 1 1 standing 
1 341 343 381 454 40023 0 1 1 standing 
1 342 343 383 454 40024 0 1 1 standing 
1 344 343 384 454 40025 0 1 1 standing 
1 345 342 386 453 40026 0 1 1 standing 
1 346 342 387 453 40027 0 1 1 standing 
1 348 341 389 452 40028 0 1 1 standing 
1 349 341 390 452 40029 0 1 1 standing 
2 374 302 412 400 40010 0 1 0 standing 
2 374 303 412 401 40011 0 1 1 standing 
2 375 304 413 402 40012 0 1 1 standing 
2 375 305 413 403 40013 0 1 1 standing 
2 376 306 414 404 40014 0 1 1 standing 
2 377 307 415 405 40015 0 1 1 standing 
2 377 308 415 406 40016 0 1 1 standing 
2 378 309 416 407 40017 0 1 1 standing 
2 378 310 416 408 40018 0 1 1 standing 
2 379 311 417 409 40019 0 1 1 standing 
2 380 313 418 411 40020 0 1 0 standing 
2 380 313 418 411 40021 0 1 1 standing 
2 380 314 418 412 40022 0 1 1 standing 
2 380 315 418 413 40023 0 1 1 standing 
2 381 316 419 414 40024 0 1 1 standing 
2 381 317 419 415 40025 0 1 1 standing 
2 381 317 419 415 40026 0 1 1 standing 
2 382 318 420 416 40027 0 1 1 standing 
2 382 319 420 417 40028 0 1 1 standing 
2 382 320 420 418 40029 0 1 1 standing 
3 505 357 588 480 40010 0 1 0 standing 
3 503 356 582 478 40011 0 1 1 standing 
3 501 355 577 476 40012 0 1 1 standing 
3 499 354 571 474 40013 0 1 1 standing 
3 498 353 566 473 40014 0 1 1 standing 
3 496 352 561 471 40015 0 1 1 standing 
3 494 351 555 469 40016 0 1 1 standing 
3 493 350 550 468 40017 0 1 1 standing 
3 491 349 544 466 40018 0 1 1 standing 
3 489 348 539 464 40019 0 1 1 standing 
3 488 348 534 463 40020 0 1 0 standing 
3 484 347 532 461 40021 0 1 1 standing 
3 481 346 530 460 40022 0 1 1 standing 
3 478 345 528 459 40023 0 1 1 standing 
3 475 344 527 458 40024 0 1 1 standing 
3 472 344 525 457 40025 0 1 1 standing 
3 468 343 523 456 40026 0 1 1 standing 
3 465 342 522 455 40027 0 1 1 standing 
3 462 341 520 454 40028 0 1 1 standing 
3 459 340 518 453 40029 0 1 1 standing 
4 498 306 544 398 40010 0 1 0 standing 
4 494 306 540 398 40011 0 1 1 standing 
4 491 307 537 399 40012 0 1 1 standing 
4 487 308 533 400 40013 0 1 1 standing 
4 484 309 530 401 40014 0 1 1 standing 
4 481 310 527 402 40015 0 1 1 standing 
4 477 310 523 402 40016 0 1 1 standing 
4 474 311 520 403 40017 0 1 1 standing 
4 470 312 516 404 40018 0 1 1 standing 
4 467 313 513 405 40019 0 1 1 standing 
4 464 314 510 406 40020 0 1 0 standing 
4 461 314 507 406 40021 0 1 1 standing 
4 458 315 504 407 40022 0 1 1 standing 
4 455 316 501 408 40023 0 1 1 standing 
4 452 317 498 409 40024 0 1 1 standing 
4 450 318 496 410 40025 0 1 1 standing 
4 447 318 493 410 40026 0 1 1 standing 
4 444 319 490 411 40027 0 1 1 standing 
4 441 320 487 412 40028 0 1 1 standing 
4 438 321 484 413 40029 0 1 1 standing 
5 527 324 570 432 40010 0 1 0 standing 
5 524 323 568 431 40011 0 1 1 standing 
5 522 323 566 431 40012 0 1 1 standing 
5 520 323 564 431 40013 0 1 1 standing 
5 518 323 562 431 40014 0 1 1 standing 
5 516 323 560 431 40015 0 1 1 standing 
5 514 323 558 431 40016 0 1 1 standing 
5 512 323 556 431 40017 0 1 1 standing 
5 510 323 554 431 40018 0 1 1 standing 
5 508 323 552 431 40019 0 1 1 standing 
5 506 323 551 431 40020 0 1 0 standing 
5 500 323 545 431 40021 0 1 1 standing 
5 495 324 540 432 40022 0 1 1 standing 
5 489 324 534 433 40023 0 1 1 standing 
5 484 325 529 434 40024 0 1 0 standing 
5 482 325 527 434 40025 0 1 1 standing 
5 481 326 526 435 40026 0 1 1 standing 
5 480 327 525 436 40027 0 1 1 standing 
5 478 327 523 436 40028 0 1 1 standing 
5 477 328 522 437 40029 0 1 1 standing 
6 709 304 753 408 40010 0 0 0 standing 
6 709 304 753 409 40011 0 0 1 standing 
6 710 304 753 411 40012 0 0 1 standing 
6 711 305 754 413 40013 0 0 0 standing 
6 714 306 757 414 40014 0 0 1 standing 
6 717 307 760 416 40015 0 0 1 standing 
6 721 309 764 418 40016 0 0 0 standing 
6 724 309 766 418 40017 0 0 1 standing 
6 727 309 768 418 40018 0 0 1 standing 
6 730 309 770 418 40019 0 0 0 standing 
6 730 310 774 419 40020 0 0 1 standing 
6 731 312 778 421 40021 0 0 1 standing 
6 732 314 782 423 40022 0 0 0 standing 
6 732 315 785 424 40023 0 0 1 standing 
6 732 316 788 425 40024 0 0 1 standing 
6 733 318 791 426 40025 0 0 0 standing 
6 736 318 793 426 40026 0 0 1 standing 
6 739 318 796 426 40027 0 0 1 standing 
6 743 318 798 426 40028 0 0 1 standing 
6 746 318 801 426 40029 0 0 1 standing 
7 779 340 847 459 40010 0 0 0 standing 
7 779 340 847 459 40011 0 0 1 standing 
7 779 340 848 459 40012 0 0 1 standing 
7 780 340 849 459 40013 0 0 0 standing 
7 779 339 848 458 40014 0 0 1 standing 
7 779 338 848 457 40015 0 0 1 standing 
7 779 337 848 456 40016 0 0 0 standing 
7 780 337 845 456 40017 0 0 1 standing 
7 781 337 842 456 40018 0 0 1 standing 
7 782 338 839 457 40019 0 0 0 standing 
7 781 337 837 456 40020 0 0 1 standing 
7 781 337 835 455 40021 0 0 1 standing 
7 781 337 834 455 40022 0 0 0 standing 
7 780 336 832 456 40023 0 0 1 standing 
7 780 335 830 457 40024 0 0 1 standing 
7 780 335 829 458 40025 0 0 0 standing 
7 780 334 829 458 40026 0 0 1 standing 
7 780 334 829 458 40027 0 0 1 standing 
7 781 334 830 458 40028 0 0 1 standing 
7 781 334 830 458 40029 0 0 1 standing 
8 890 445 944 574 40010 0 0 0 standing 
8 889 445 943 574 40011 0 0 1 standing 
8 888 445 942 574 40012 0 0 1 standing 
8 888 445 942 574 40013 0 0 1 standing 
8 887 445 941 574 40014 0 0 1 standing 
8 886 445 940 574 40015 0 0 1 standing 
8 886 446 940 575 40016 0 0 0 standing 
8 885 445 939 574 40017 0 0 1 standing 
8 885 445 938 574 40018 0 0 1 standing 
8 885 445 937 574 40019 0 0 1 standing 
8 884 445 936 574 40020 0 0 1 standing 
8 884 444 935 573 40021 0 0 1 standing 
8 884 444 934 573 40022 0 0 1 standing 
8 883 444 933 573 40023 0 0 1 standing 
8 883 444 932 573 40024 0 0 1 standing 
8 883 444 931 573 40025 0 0 0 standing 
8 883 444 931 573 40026 0 0 1 standing 
8 883 444 931 573 40027 0 0 1 standing 
8 883 444 931 573 40028 0 0 1 standing 
8 883 444 931 573 40029 0 0 1 standing 
9 984 360 1028 479 40010 0 0 0 standing 
9 985 359 1027 478 40011 0 0 1 standing 
9 986 359 1027 478 40012 0 0 1 standing 
9 987 359 1026 477 40013 0 0 1 standing 
9 988 358 1026 477 40014 0 0 1 standing 
9 989 358 1025 476 40015 0 0 1 standing 
9 990 358 1025 476 40016 0 0 0 standing 
9 990 359 1025 477 40017 0 0 1 standing 
9 990 360 1025 478 40018 0 0 1 standing 
9 990 362 1025 480 40019 0 0 0 standing 
9 990 363 1024 480 40020 0 0 1 standing 
9 990 364 1024 480 40021 0 0 1 standing 
9 990 366 1024 480 40022 0 0 0 standing 
9 989 365 1025 479 40023 0 0 1 standing 
9 988 365 1026 479 40024 0 0 1 standing 
9 987 365 1027 479 40025 0 0 0 standing 
9 987 364 1027 478 40026 0 0 1 standing 
9 987 364 1027 478 40027 0 0 1 standing 
9 987 363 1027 477 40028 0 0 1 standing 
9 987 363 1027 477 40029 0 0 1 standing 
10 958 325 1000 431 40010 0 0 0 standing 
10 958 325 1000 431 40011 0 0 1 standing 
10 958 325 1001 431 40012 0 0 1 standing 
10 959 325 1002 432 40013 0 0 1 standing 
10 959 325 1002 432 40014 0 0 1 standing 
10 959 325 1003 432 40015 0 0 1 standing 
10 960 325 1004 433 40016 0 0 0 standing 
10 962 326 1002 432 40017 0 0 1 standing 
10 964 327 1001 431 40018 0 0 1 standing 
10 966 328 1000 431 40019 0 0 0 standing 
10 966 328 1000 431 40020 0 0 1 standing 
10 966 328 1000 431 40021 0 0 1 standing 
10 966 328 1000 431 40022 0 0 1 standing 
10 966 328 1000 431 40023 0 0 1 standing 
10 966 328 1000 431 40024 0 0 1 standing 
10 966 328 1000 431 40025 0 0 1 standing 
10 966 328 1000 431 40026 0 0 1 standing 
10 966 328 1000 431 40027 0 0 1 standing 
10 966 328 1000 431 40028 0 0 1 standing 
10 966 328 1000 431 40029 0 0 1 standing 
11 894 303 948 397 40010 0 0 0 standing 
11 894 303 947 397 40011 0 0 1 standing 
11 894 303 947 397 40012 0 0 1 standing 
11 894 304 947 398 40013 0 0 0 standing 
11 894 305 947 398 40014 0 0 1 standing 
11 894 307 948 398 40015 0 0 1 standing 
11 895 309 949 398 40016 0 0 0 standing 
11 895 309 948 397 40017 0 0 1 standing 
11 896 310 948 397 40018 0 0 1 standing 
11 896 311 948 397 40019 0 0 1 standing 
11 897 311 947 396 40020 0 0 1 standing 
11 897 312 947 396 40021 0 0 1 standing 
11 898 313 947 396 40022 0 0 0 standing 
11 898 313 947 396 40023 0 0 1 standing 
11 898 314 947 397 40024 0 0 1 standing 
11 899 315 948 398 40025 0 0 1 standing 
11 899 315 948 398 40026 0 0 1 standing 
11 899 316 948 399 40027 0 0 1 standing 
11 900 317 949 400 40028 0 0 0 standing 
11 900 317 949 400 40029 0 0 1 standing 
