0 379 375 433 517 60415 0 0 0 standing 
0 382 374 437 517 60416 0 0 1 standing 
0 386 373 441 517 60417 0 0 1 standing 
0 390 373 445 517 60418 0 0 1 standing 
0 394 372 449 517 60419 0 0 1 standing 
0 398 372 453 517 60420 0 0 0 standing 
0 396 370 451 516 60421 0 0 1 standing 
0 395 369 450 515 60422 0 0 1 standing 
0 393 367 448 514 60423 0 0 1 standing 
0 392 366 447 513 60424 0 0 1 standing 
0 391 365 446 512 60425 0 0 0 standing 
0 389 363 443 512 60426 0 0 1 standing 
0 388 362 440 512 60427 0 0 1 standing 
0 387 361 437 512 60428 0 0 1 standing 
0 386 360 435 512 60429 0 0 0 standing 
0 381 361 430 512 60430 0 0 1 standing 
0 377 363 426 512 60431 0 0 1 standing 
0 373 365 421 512 60432 0 0 1 standing 
0 369 367 417 513 60433 0 0 0 standing 
0 366 367 414 513 60434 0 0 1 standing 
1 520 348 576 492 60415 0 0 0 standing 
1 521 348 577 492 60416 0 0 1 standing 
1 522 348 578 492 60417 0 0 1 standing 
1 523 348 579 492 60418 0 0 1 standing 
1 524 348 580 492 60419 0 0 0 standing 
1 522 346 578 490 60420 0 0 1 standing 
1 521 345 576 489 60421 0 0 1 standing 
1 519 344 574 487 60422 0 0 1 standing 
1 518 343 573 486 60423 0 0 0 standing 
1 512 343 567 486 60424 0 0 1 standing 
1 507 343 562 486 60425 0 0 1 standing 
1 502 343 557 486 60426 0 0 1 standing 
1 497 343 552 486 60427 0 0 0 standing 
1 491 343 546 486 60428 0 0 1 standing 
1 485 343 540 486 60429 0 0 1 standing 
1 479 344 534 487 60430 0 0 0 standing 
1 470 343 525 486 60431 0 0 1 standing 
1 461 342 516 485 60432 0 0 1 standing 
1 453 341 508 484 60433 0 0 0 standing 
1 444 342 499 485 60434 0 0 1 standing 
2 635 323 682 442 60415 0 0 0 standing 
2 640 321 687 440 60416 0 0 1 standing 
2 645 319 692 438 60417 0 0 1 standing 
2 650 317 697 436 60418 0 0 1 standing 
2 656 316 703 435 60419 0 0 0 standing 
2 655 314 702 433 60420 0 0 1 standing 
2 655 313 702 432 60421 0 0 1 standing 
2 654 311 701 430 60422 0 0 1 standing 
2 654 310 701 429 60423 0 0 0 standing 
2 650 310 697 429 60424 0 0 1 standing 
2 646 311 693 430 60425 0 0 1 standing 
2 642 311 689 430 60426 0 0 1 standing 
2 639 312 686 431 60427 0 0 0 standing 
2 633 311 680 430 60428 0 0 1 standing 
2 627 311 674 430 60429 0 0 1 standing 
2 622 311 669 430 60430 0 0 0 standing 
2 615 311 662 430 60431 0 0 1 standing 
2 608 311 655 430 60432 0 0 1 standing 
2 601 311 648 430 60433 0 0 0 standing 
2 596 311 643 430 60434 0 0 1 standing 
3 869 400 909 569 60415 0 0 0 standing 
3 872 397 912 568 60416 0 0 1 standing 
3 876 395 916 567 60417 0 0 1 standing 
3 880 392 919 566 60418 0 0 1 standing 
3 884 390 923 565 60419 0 0 0 standing 
3 883 390 923 564 60420 0 0 1 standing 
3 883 390 923 563 60421 0 0 1 standing 
3 883 390 923 562 60422 0 0 0 standing 
3 879 390 919 561 60423 0 0 1 standing 
3 876 390 916 560 60424 0 0 1 standing 
3 873 390 913 559 60425 0 0 0 standing 
3 868 386 908 555 60426 0 0 1 standing 
3 863 382 903 551 60427 0 0 1 standing 
3 858 378 898 547 60428 0 0 0 standing 
3 852 376 892 545 60429 0 0 1 standing 
3 846 374 886 543 60430 0 0 1 standing 
3 840 372 880 541 60431 0 0 1 standing 
3 835 370 875 539 60432 0 0 0 standing 
3 829 373 868 538 60433 0 0 1 standing 
3 823 376 862 538 60434 0 0 1 standing 
4 1020 339 1061 492 60415 0 0 0 standing 
4 1023 338 1063 490 60416 0 0 1 standing 
4 1026 338 1066 488 60417 0 0 1 standing 
4 1029 338 1069 486 60418 0 0 0 standing 
4 1030 339 1070 488 60419 0 0 1 standing 
4 1032 340 1072 490 60420 0 0 1 standing 
4 1034 342 1074 492 60421 0 0 0 standing 
4 1028 341 1068 492 60422 0 0 1 standing 
4 1022 341 1063 492 60423 0 0 1 standing 
4 1016 340 1057 492 60424 0 0 1 standing 
4 1011 340 1052 493 60425 0 0 0 standing 
4 1004 340 1045 493 60426 0 0 1 standing 
4 997 340 1038 493 60427 0 0 1 standing 
4 990 340 1031 493 60428 0 0 0 standing 
4 982 339 1023 492 60429 0 0 1 standing 
4 974 339 1015 492 60430 0 0 1 standing 
4 966 339 1007 492 60431 0 0 0 standing 
4 957 339 998 492 60432 0 0 1 standing 
4 948 339 989 492 60433 0 0 1 standing 
4 939 339 980 492 60434 0 0 1 standing 
5 326 509 386 671 60415 0 1 0 standing 
5 327 510 386 671 60416 0 1 1 digging 
5 328 511 386 671 60417 0 1 1 digging 
5 329 512 386 671 60418 0 1 1 digging 
5 330 514 386 672 60419 0 1 0 digging 
5 328 507 384 668 60420 0 1 1 digging 
5 327 501 382 664 60421 0 1 1 digging 
5 325 495 380 661 60422 0 1 1 digging 
5 324 488 378 657 60423 0 1 1 digging 
5 322 482 376 653 60424 0 1 1 digging 
5 321 476 375 650 60425 0 1 0 digging 
5 316 467 373 649 60426 0 1 1 digging 
5 311 459 372 648 60427 0 1 1 digging 
5 306 451 370 648 60428 0 1 1 digging 
5 301 443 369 647 60429 0 1 1 digging 
5 296 435 368 647 60430 0 1 0 digging 
5 285 443 364 649 60431 0 1 1 digging 
5 275 452 360 651 60432 0 1 1 digging 
5 264 461 356 653 60433 0 1 1 digging 
5 254 469 353 656 60434 0 1 1 digging 
6 691 499 749 697 60415 0 0 0 digging 
6 685 498 745 694 60416 0 0 1 standing 
6 680 497 742 692 60417 0 0 1 standing 
6 675 497 739 690 60418 0 0 0 standing 
6 667 500 732 692 60419 0 0 1 standing 
6 659 504 726 694 60420 0 0 1 standing 
6 651 508 720 696 60421 0 0 1 standing 
6 643 512 714 698 60422 0 0 0 standing 
6 630 516 703 700 60423 0 0 1 standing 
6 618 521 692 703 60424 0 0 1 standing 
6 606 526 682 706 60425 0 0 0 standing 
6 602 521 677 702 60426 0 0 1 standing 
6 599 517 672 698 60427 0 0 1 standing 
6 596 513 667 694 60428 0 0 1 standing 
6 593 509 662 690 60429 0 0 1 standing 
6 590 505 658 687 60430 0 0 0 standing 
6 586 505 652 687 60431 0 0 1 standing 
6 583 505 647 688 60432 0 0 1 standing 
6 579 505 642 689 60433 0 0 1 standing 
6 576 506 637 690 60434 0 0 0 standing 
7 993 373 1044 535 60415 0 0 0 standing 
7 999 370 1048 530 60416 0 0 1 standing 
7 1005 367 1052 526 60417 0 0 1 standing 
7 1011 364 1056 522 60418 0 0 1 standing 
7 1017 362 1061 518 60419 0 0 0 standing 
7 1016 358 1060 513 60420 0 0 1 standing 
7 1015 355 1060 509 60421 0 0 1 standing 
7 1014 352 1059 505 60422 0 0 1 standing 
7 1014 349 1059 501 60423 0 0 0 standing 
7 1008 348 1053 500 60424 0 0 1 standing 
7 1003 348 1048 500 60425 0 0 1 standing 
7 997 347 1042 499 60426 0 0 1 standing 
7 992 347 1037 499 60427 0 0 0 standing 
7 984 346 1029 498 60428 0 0 1 standing 
7 976 346 1021 497 60429 0 0 1 standing 
7 968 345 1013 496 60430 0 0 1 standing 
7 960 345 1005 496 60431 0 0 1 standing 
7 952 344 997 495 60432 0 0 1 standing 
7 944 344 989 494 60433 0 0 1 standing 
7 936 343 981 494 60434 0 0 1 standing 
8 997 392 1042 564 60415 0 0 0 standing 
8 1003 389 1047 560 60416 0 0 1 standing 
8 1009 387 1053 557 60417 0 0 1 standing 
8 1015 385 1059 554 60418 0 0 0 standing 
8 1015 383 1058 553 60419 0 0 1 standing 
8 1016 382 1058 552 60420 0 0 1 standing 
8 1016 381 1058 551 60421 0 0 1 standing 
8 1017 380 1058 551 60422 0 0 0 standing 
8 1012 378 1053 546 60423 0 0 1 standing 
8 1008 377 1048 541 60424 0 0 1 standing 
8 1004 376 1044 536 60425 0 0 0 standing 
8 997 375 1036 536 60426 0 0 1 standing 
8 990 375 1029 537 60427 0 0 1 standing 
8 983 375 1022 537 60428 0 0 1 standing 
8 976 375 1015 538 60429 0 0 0 standing 
8 967 373 1006 536 60430 0 0 1 standing 
8 959 372 998 535 60431 0 0 1 standing 
8 951 371 990 533 60432 0 0 1 standing 
8 943 370 982 532 60433 0 0 1 standing 
8 934 369 974 530 60434 0 0 1 standing 
