0 130 436 188 564 71525 0 0 0 standing 
0 131 435 189 563 71526 0 0 1 standing 
0 132 435 190 562 71527 0 0 1 standing 
0 133 435 191 562 71528 0 0 1 standing 
0 134 435 192 561 71529 0 0 1 standing 
0 135 434 194 560 71530 0 0 1 standing 
0 136 434 195 560 71531 0 0 1 standing 
0 137 434 196 559 71532 0 0 1 standing 
0 138 434 197 558 71533 0 0 1 standing 
0 140 434 199 558 71534 0 0 0 standing 
0 140 434 200 558 71535 0 0 1 standing 
0 140 434 201 558 71536 0 0 1 standing 
0 141 434 202 558 71537 0 0 1 standing 
0 141 434 203 558 71538 0 0 1 standing 
0 141 434 204 558 71539 0 0 1 standing 
0 142 434 206 558 71540 0 0 0 standing 
0 142 433 207 556 71541 0 0 1 standing 
0 143 433 209 555 71542 0 0 1 standing 
0 144 433 210 553 71543 0 0 1 standing 
0 145 433 212 552 71544 0 0 1 standing 
1 285 425 331 515 71525 0 0 0 standing 
1 287 423 333 514 71526 0 0 1 standing 
1 289 421 335 513 71527 0 0 1 standing 
1 291 420 338 512 71528 0 0 1 standing 
1 293 418 340 511 71529 0 0 1 standing 
1 295 416 342 510 71530 0 0 1 standing 
1 297 415 345 509 71531 0 0 0 standing 
1 298 414 346 507 71532 0 0 1 standing 
1 299 413 348 505 71533 0 0 1 standing 
1 301 412 350 503 71534 0 0 1 standing 
1 302 411 351 501 71535 0 0 1 standing 
1 303 410 353 499 71536 0 0 1 standing 
1 305 410 355 498 71537 0 0 0 standing 
1 306 410 355 498 71538 0 0 1 standing 
1 307 410 356 498 71539 0 0 1 standing 
1 309 411 357 499 71540 0 0 0 standing 
1 309 408 357 497 71541 0 0 1 standing 
1 309 406 357 496 71542 0 0 1 standing 
1 310 403 358 495 71543 0 0 1 standing 
1 310 401 358 494 71544 0 0 1 standing 
2 157 508 240 640 71525 0 0 0 standing 
2 160 508 243 638 71526 0 0 1 standing 
2 163 508 247 637 71527 0 0 1 standing 
2 167 508 251 636 71528 0 0 0 standing 
2 169 507 251 635 71529 0 0 1 standing 
2 172 506 252 635 71530 0 0 1 standing 
2 175 506 253 635 71531 0 0 1 standing 
2 177 505 254 634 71532 0 0 1 standing 
2 180 504 255 634 71533 0 0 1 standing 
2 183 504 256 634 71534 0 0 0 standing 
2 186 503 259 633 71535 0 0 1 standing 
2 190 503 263 632 71536 0 0 1 standing 
2 194 503 267 632 71537 0 0 0 standing 
2 196 503 269 632 71538 0 0 1 standing 
2 198 503 271 632 71539 0 0 1 standing 
2 201 503 274 632 71540 0 0 0 standing 
2 204 502 280 631 71541 0 0 1 standing 
2 208 501 286 630 71542 0 0 1 standing 
2 211 500 293 629 71543 0 0 1 standing 
2 215 499 299 628 71544 0 0 1 standing 
3 492 484 548 622 71525 0 0 0 standing 
3 495 483 550 620 71526 0 0 1 standing 
3 498 482 553 619 71527 0 0 1 standing 
3 502 481 555 618 71528 0 0 1 standing 
3 505 480 558 617 71529 0 0 1 standing 
3 509 479 560 616 71530 0 0 1 standing 
3 512 478 563 615 71531 0 0 1 standing 
3 515 477 565 614 71532 0 0 1 standing 
3 519 476 568 613 71533 0 0 1 standing 
3 522 475 570 612 71534 0 0 1 standing 
3 526 474 573 611 71535 0 0 0 standing 
3 526 474 577 611 71536 0 0 1 standing 
3 527 474 581 611 71537 0 0 1 standing 
3 528 474 585 612 71538 0 0 1 standing 
3 529 474 589 612 71539 0 0 1 standing 
3 530 474 594 613 71540 0 0 0 standing 
3 527 474 597 612 71541 0 0 1 standing 
3 524 474 600 612 71542 0 0 1 standing 
3 521 475 603 611 71543 0 0 1 standing 
3 518 475 606 611 71544 0 0 1 standing 
4 509 429 554 553 71525 0 0 0 standing 
4 512 429 557 553 71526 0 0 1 standing 
4 516 429 561 553 71527 0 0 1 standing 
4 520 430 565 554 71528 0 0 0 standing 
4 524 430 569 554 71529 0 0 1 standing 
4 528 430 573 555 71530 0 0 1 standing 
4 532 431 577 556 71531 0 0 0 standing 
4 534 430 579 555 71532 0 0 1 standing 
4 536 430 581 555 71533 0 0 1 standing 
4 538 430 583 555 71534 0 0 1 standing 
4 540 430 585 555 71535 0 0 1 standing 
4 542 430 587 555 71536 0 0 1 standing 
4 545 430 589 555 71537 0 0 0 standing 
4 547 427 591 552 71538 0 0 1 standing 
4 550 424 594 549 71539 0 0 1 standing 
4 553 421 597 546 71540 0 0 0 standing 
4 555 420 600 545 71541 0 0 1 standing 
4 557 419 604 544 71542 0 0 1 standing 
4 559 418 608 543 71543 0 0 1 standing 
4 561 417 612 542 71544 0 0 1 standing 
5 515 409 557 531 71525 0 0 0 standing 
5 519 407 561 529 71526 0 0 1 standing 
5 523 406 565 528 71527 0 0 1 standing 
5 527 405 569 527 71528 0 0 0 standing 
5 529 404 572 526 71529 0 0 1 standing 
5 532 403 575 525 71530 0 0 1 standing 
5 535 403 579 525 71531 0 0 0 standing 
5 537 402 581 524 71532 0 0 1 standing 
5 539 402 583 524 71533 0 0 1 standing 
5 542 402 585 524 71534 0 0 1 standing 
5 544 401 587 523 71535 0 0 1 standing 
5 546 401 589 523 71536 0 0 1 standing 
5 549 401 591 523 71537 0 0 0 standing 
5 554 401 596 523 71538 0 0 1 standing 
5 559 401 601 524 71539 0 0 1 standing 
5 564 401 606 525 71540 0 0 0 standing 
5 566 397 609 521 71541 0 0 1 standing 
5 569 393 612 517 71542 0 0 1 standing 
5 572 390 615 513 71543 0 0 1 standing 
5 575 386 618 509 71544 0 0 1 standing 
6 641 434 700 550 71525 0 1 0 standing 
6 644 427 702 546 71526 0 1 1 setting 
6 647 421 705 543 71527 0 1 1 setting 
6 650 415 708 540 71528 0 1 1 setting 
6 653 409 711 536 71529 0 1 1 setting 
6 657 403 714 533 71530 0 1 1 setting 
6 660 397 717 530 71531 0 1 1 setting 
6 663 391 720 526 71532 0 1 1 setting 
6 666 385 723 523 71533 0 1 1 setting 
6 669 379 726 520 71534 0 1 1 setting 
6 673 373 729 517 71535 0 1 0 setting 
6 679 379 734 519 71536 0 1 1 setting 
6 685 385 740 522 71537 0 1 1 setting 
6 691 391 746 525 71538 0 1 1 setting 
6 697 397 752 527 71539 0 1 1 setting 
6 703 404 758 530 71540 0 1 1 setting 
6 709 410 764 533 71541 0 1 1 setting 
6 715 416 770 535 71542 0 1 1 setting 
6 721 422 776 538 71543 0 1 1 setting 
6 727 428 782 541 71544 0 1 1 setting 
7 717 449 794 558 71525 0 1 0 setting 
7 714 448 788 559 71526 0 1 1 standing 
7 711 447 782 560 71527 0 1 1 standing 
7 708 447 776 561 71528 0 1 1 standing 
7 705 446 770 563 71529 0 1 1 standing 
7 702 446 764 564 71530 0 1 1 standing 
7 699 445 758 565 71531 0 1 1 standing 
7 696 444 752 567 71532 0 1 1 standing 
7 693 444 746 568 71533 0 1 1 standing 
7 690 443 740 569 71534 0 1 1 standing 
7 687 443 734 571 71535 0 1 0 standing 
7 685 437 733 567 71536 0 1 1 standing 
7 684 431 733 563 71537 0 1 1 standing 
7 682 425 732 559 71538 0 1 1 standing 
7 681 419 732 555 71539 0 1 1 standing 
7 680 413 731 552 71540 0 1 1 standing 
7 678 407 731 548 71541 0 1 1 standing 
7 677 401 730 544 71542 0 1 1 standing 
7 675 395 730 540 71543 0 1 1 standing 
7 674 389 729 536 71544 0 1 1 standing 
8 833 362 887 478 71525 0 1 0 standing 
8 830 361 886 477 71526 0 1 1 standing 
8 828 361 885 477 71527 0 1 1 standing 
8 826 361 884 477 71528 0 1 1 standing 
8 824 361 883 477 71529 0 1 1 standing 
8 822 361 883 476 71530 0 1 1 standing 
8 820 360 882 476 71531 0 1 1 standing 
8 818 360 881 476 71532 0 1 1 standing 
8 816 360 880 476 71533 0 1 1 standing 
8 814 360 879 475 71534 0 1 1 standing 
8 812 360 879 475 71535 0 1 1 standing 
8 809 359 878 475 71536 0 1 1 standing 
8 807 359 877 475 71537 0 1 1 standing 
8 805 359 876 474 71538 0 1 1 standing 
8 803 359 875 474 71539 0 1 1 standing 
8 801 359 875 474 71540 0 1 1 standing 
8 799 358 874 474 71541 0 1 1 standing 
8 797 358 873 473 71542 0 1 1 standing 
8 795 358 872 473 71543 0 1 1 standing 
8 793 358 871 473 71544 0 1 1 standing 
9 908 412 960 519 71525 0 0 0 standing 
9 905 411 959 519 71526 0 0 1 standing 
9 903 410 958 519 71527 0 0 1 standing 
9 901 409 957 519 71528 0 0 1 standing 
9 899 408 956 519 71529 0 0 1 standing 
9 897 407 955 519 71530 0 0 1 standing 
9 895 406 954 519 71531 0 0 0 standing 
9 895 406 957 519 71532 0 0 1 standing 
9 896 407 960 519 71533 0 0 1 standing 
9 897 408 964 520 71534 0 0 0 standing 
9 896 408 960 519 71535 0 0 1 standing 
9 896 408 957 518 71536 0 0 1 standing 
9 896 408 954 517 71537 0 0 0 standing 
9 895 408 952 516 71538 0 0 1 standing 
9 895 408 950 515 71539 0 0 1 standing 
9 895 408 949 515 71540 0 0 0 standing 
9 894 409 950 516 71541 0 0 1 standing 
9 894 411 951 518 71542 0 0 1 standing 
9 893 412 952 519 71543 0 0 1 standing 
9 893 414 953 521 71544 0 0 1 standing 
10 967 541 1059 686 71525 0 1 0 standing 
10 962 540 1055 684 71526 0 1 1 moving 
10 958 539 1052 683 71527 0 1 1 moving 
10 954 538 1049 682 71528 0 1 1 moving 
10 949 537 1045 681 71529 0 1 1 moving 
10 945 536 1042 680 71530 0 1 1 moving 
10 941 535 1039 679 71531 0 1 1 moving 
10 936 534 1035 678 71532 0 1 1 moving 
10 932 533 1032 677 71533 0 1 1 moving 
10 928 532 1029 676 71534 0 1 1 moving 
10 924 531 1026 675 71535 0 1 0 moving 
10 920 528 1020 673 71536 0 1 1 moving 
10 916 526 1014 672 71537 0 1 1 moving 
10 912 524 1008 671 71538 0 1 1 moving 
10 908 521 1002 670 71539 0 1 1 moving 
10 905 519 996 669 71540 0 1 1 moving 
10 901 517 990 668 71541 0 1 1 moving 
10 897 514 984 667 71542 0 1 1 moving 
10 893 512 978 666 71543 0 1 1 moving 
10 889 510 972 665 71544 0 1 1 moving 
11 1057 468 1153 599 71525 0 1 0 moving 
11 1055 466 1145 597 71526 0 1 1 standing 
11 1053 465 1137 596 71527 0 1 1 standing 
11 1051 463 1129 595 71528 0 1 1 standing 
11 1049 462 1122 594 71529 0 1 1 standing 
11 1047 460 1114 593 71530 0 1 1 standing 
11 1045 459 1106 591 71531 0 1 1 standing 
11 1043 457 1099 590 71532 0 1 1 standing 
11 1041 456 1091 589 71533 0 1 1 standing 
11 1039 454 1083 588 71534 0 1 1 standing 
11 1038 453 1076 587 71535 0 1 0 standing 
11 1033 452 1074 587 71536 0 1 1 standing 
11 1029 452 1073 587 71537 0 1 1 standing 
11 1024 451 1072 587 71538 0 1 1 standing 
11 1020 451 1071 587 71539 0 1 1 standing 
11 1016 451 1070 587 71540 0 1 1 standing 
11 1011 450 1068 587 71541 0 1 1 standing 
11 1007 450 1067 587 71542 0 1 1 standing 
11 1002 449 1066 587 71543 0 1 1 standing 
11 998 449 1065 587 71544 0 1 1 standing 
