0 779 473 846 660 23095 0 1 0 spiking 
0 774 468 848 652 23096 0 1 1 spiking 
0 770 463 851 644 23097 0 1 1 spiking 
0 766 458 853 636 23098 0 1 1 spiking 
0 762 454 856 629 23099 0 1 0 spiking 
0 764 453 856 625 23100 0 1 1 spiking 
0 766 452 857 621 23101 0 1 1 spiking 
0 768 451 857 617 23102 0 1 1 spiking 
0 770 450 858 613 23103 0 1 1 spiking 
0 772 449 858 609 23104 0 1 1 spiking 
0 775 448 859 605 23105 0 1 0 spiking 
0 782 455 864 610 23106 0 1 1 spiking 
0 789 462 870 616 23107 0 1 1 spiking 
0 796 469 875 622 23108 0 1 1 spiking 
0 803 476 881 628 23109 0 1 1 spiking 
0 811 484 886 634 23110 0 1 1 spiking 
0 818 491 892 639 23111 0 1 1 spiking 
0 825 498 897 645 23112 0 1 1 spiking 
0 832 505 903 651 23113 0 1 1 spiking 
0 839 512 908 657 23114 0 1 1 spiking 
1 599 498 663 655 23095 0 1 0 spiking 
1 607 478 672 649 23096 0 1 1 blocking 
1 615 459 681 644 23097 0 1 1 blocking 
1 623 440 690 639 23098 0 1 0 blocking 
1 631 433 698 633 23099 0 1 1 blocking 
1 639 426 706 628 23100 0 1 1 blocking 
1 647 420 714 623 23101 0 1 0 blocking 
1 655 419 722 617 23102 0 1 1 blocking 
1 663 419 730 611 23103 0 1 1 blocking 
1 671 418 738 605 23104 0 1 1 blocking 
1 680 418 747 600 23105 0 1 0 blocking 
1 690 421 757 602 23106 0 1 1 blocking 
1 700 425 767 604 23107 0 1 1 blocking 
1 710 428 778 607 23108 0 1 1 blocking 
1 720 432 788 609 23109 0 1 1 blocking 
1 730 435 798 611 23110 0 1 1 blocking 
1 740 439 809 614 23111 0 1 0 blocking 
1 750 443 815 623 23112 0 1 1 blocking 
1 761 447 821 632 23113 0 1 1 blocking 
1 771 451 827 641 23114 0 1 1 blocking 
2 611 478 677 617 23095 0 1 0 blocking 
2 618 469 683 615 23096 0 1 1 blocking 
2 625 461 689 613 23097 0 1 1 blocking 
2 632 452 695 612 23098 0 1 1 blocking 
2 639 444 701 610 23099 0 1 1 blocking 
2 646 435 707 608 23100 0 1 1 blocking 
2 654 427 713 607 23101 0 1 0 blocking 
2 661 423 720 605 23102 0 1 1 blocking 
2 669 420 727 603 23103 0 1 1 blocking 
2 676 417 734 601 23104 0 1 1 blocking 
2 684 414 741 600 23105 0 1 0 blocking 
2 691 417 753 600 23106 0 1 1 blocking 
2 698 421 765 600 23107 0 1 1 blocking 
2 705 425 777 600 23108 0 1 1 blocking 
2 713 429 789 601 23109 0 1 0 blocking 
2 720 430 797 609 23110 0 1 1 blocking 
2 727 431 805 617 23111 0 1 1 blocking 
2 735 432 813 626 23112 0 1 0 blocking 
2 742 442 820 633 23113 0 1 1 blocking 
2 749 452 827 641 23114 0 1 1 blocking 
3 203 466 272 575 23095 0 0 0 blocking 
3 207 462 277 574 23096 0 0 1 standing 
3 211 459 282 573 23097 0 0 1 standing 
3 216 456 288 572 23098 0 0 0 standing 
3 221 453 292 570 23099 0 0 1 standing 
3 226 450 297 568 23100 0 0 1 standing 
3 232 448 302 567 23101 0 0 0 standing 
3 232 446 305 565 23102 0 0 1 standing 
3 232 444 308 563 23103 0 0 1 standing 
3 233 442 311 561 23104 0 0 0 standing 
3 238 443 316 561 23105 0 0 1 standing 
3 243 444 321 561 23106 0 0 1 standing 
3 249 445 326 561 23107 0 0 0 standing 
3 258 449 334 561 23108 0 0 1 standing 
3 267 453 343 561 23109 0 0 1 standing 
3 276 457 352 562 23110 0 0 0 standing 
3 287 458 362 562 23111 0 0 1 standing 
3 298 460 373 562 23112 0 0 1 standing 
3 309 462 384 562 23113 0 0 0 standing 
3 313 458 389 560 23114 0 0 1 standing 
4 256 514 329 638 23095 0 0 0 standing 
4 260 514 328 642 23096 0 0 1 standing 
4 265 514 327 647 23097 0 0 1 standing 
4 270 515 327 652 23098 0 0 0 standing 
4 273 516 330 653 23099 0 0 1 standing 
4 277 517 334 654 23100 0 0 1 standing 
4 281 518 338 656 23101 0 0 0 standing 
4 289 518 346 656 23102 0 0 1 standing 
4 297 518 354 656 23103 0 0 1 standing 
4 306 519 363 656 23104 0 0 0 standing 
4 315 520 372 655 23105 0 0 1 standing 
4 324 521 381 655 23106 0 0 1 standing 
4 334 523 391 655 23107 0 0 0 standing 
4 343 523 400 655 23108 0 0 1 standing 
4 352 524 409 656 23109 0 0 1 standing 
4 361 525 419 657 23110 0 0 0 standing 
4 371 525 429 657 23111 0 0 1 standing 
4 381 526 440 658 23112 0 0 1 standing 
4 392 527 451 659 23113 0 0 0 standing 
4 394 522 453 657 23114 0 0 1 standing 
5 302 428 390 526 23095 0 0 0 standing 
5 308 429 396 526 23096 0 0 1 standing 
5 315 430 403 527 23097 0 0 1 standing 
5 322 431 410 528 23098 0 0 0 standing 
5 332 429 417 525 23099 0 0 1 standing 
5 343 427 424 523 23100 0 0 1 standing 
5 354 425 431 521 23101 0 0 0 standing 
5 366 424 437 521 23102 0 0 1 standing 
5 378 423 444 521 23103 0 0 1 standing 
5 390 423 451 522 23104 0 0 0 standing 
5 399 423 466 522 23105 0 0 1 standing 
5 408 424 482 522 23106 0 0 1 standing 
5 418 425 498 523 23107 0 0 0 standing 
5 427 427 510 522 23108 0 0 1 standing 
5 437 430 523 522 23109 0 0 1 standing 
5 447 433 536 522 23110 0 0 0 standing 
5 459 433 548 522 23111 0 0 1 standing 
5 472 433 561 522 23112 0 0 1 standing 
5 485 434 574 522 23113 0 0 0 standing 
5 488 432 577 520 23114 0 0 1 standing 
6 529 418 609 517 23095 0 0 0 standing 
6 522 417 612 517 23096 0 0 1 standing 
6 515 416 615 518 23097 0 0 1 standing 
6 509 416 619 519 23098 0 0 0 standing 
6 514 416 617 520 23099 0 0 1 standing 
6 519 416 616 521 23100 0 0 1 standing 
6 524 416 615 523 23101 0 0 0 standing 
6 530 415 612 524 23102 0 0 1 standing 
6 537 415 609 525 23103 0 0 1 standing 
6 544 415 606 527 23104 0 0 0 standing 
6 541 417 610 529 23105 0 0 1 standing 
6 538 420 614 532 23106 0 0 1 standing 
6 536 423 618 535 23107 0 0 0 standing 
6 541 424 622 535 23108 0 0 1 standing 
6 546 425 626 535 23109 0 0 1 standing 
6 552 426 631 535 23110 0 0 0 standing 
6 562 425 642 534 23111 0 0 1 standing 
6 573 424 653 533 23112 0 0 1 standing 
6 584 423 665 532 23113 0 0 0 standing 
6 589 420 669 532 23114 0 0 1 standing 
7 721 386 799 501 23095 0 0 0 standing 
7 727 389 796 497 23096 0 0 1 standing 
7 733 392 793 494 23097 0 0 1 standing 
7 740 395 791 491 23098 0 0 0 standing 
7 741 395 795 498 23099 0 0 1 standing 
7 742 395 799 505 23100 0 0 1 standing 
7 744 395 804 512 23101 0 0 0 standing 
7 749 395 809 515 23102 0 0 1 standing 
7 755 395 814 518 23103 0 0 1 standing 
7 761 395 820 521 23104 0 0 0 standing 
7 770 395 829 521 23105 0 0 1 standing 
7 780 396 839 522 23106 0 0 1 standing 
7 790 397 849 523 23107 0 0 0 standing 
7 801 396 860 524 23108 0 0 1 standing 
7 812 396 871 526 23109 0 0 1 standing 
7 824 396 883 528 23110 0 0 0 standing 
7 829 399 891 528 23111 0 0 1 standing 
7 834 402 899 528 23112 0 0 1 standing 
7 840 406 908 529 23113 0 0 0 standing 
7 844 409 918 531 23114 0 0 1 standing 
8 734 476 796 608 23095 0 0 0 standing 
8 737 475 795 606 23096 0 0 1 spiking 
8 740 475 795 604 23097 0 0 1 spiking 
8 743 475 795 603 23098 0 0 0 spiking 
8 749 475 800 603 23099 0 0 1 spiking 
8 755 475 805 603 23100 0 0 1 spiking 
8 761 475 811 603 23101 0 0 0 spiking 
8 762 474 819 602 23102 0 0 1 spiking 
8 763 473 827 601 23103 0 0 1 spiking 
8 765 472 836 601 23104 0 0 0 spiking 
8 776 470 842 598 23105 0 0 1 spiking 
8 787 468 848 596 23106 0 0 1 spiking 
8 799 467 855 594 23107 0 0 0 spiking 
8 807 471 867 594 23108 0 0 1 spiking 
8 815 475 879 594 23109 0 0 1 spiking 
8 824 480 891 595 23110 0 0 0 spiking 
8 832 480 902 596 23111 0 0 1 spiking 
8 841 480 913 597 23112 0 0 1 spiking 
8 850 480 925 599 23113 0 0 0 spiking 
8 854 478 930 598 23114 0 0 1 spiking 
9 874 494 926 614 23095 0 0 0 spiking 
9 867 493 928 615 23096 0 0 1 standing 
9 860 493 930 616 23097 0 0 1 standing 
9 854 493 932 617 23098 0 0 0 standing 
9 857 495 932 618 23099 0 0 1 standing 
9 861 498 932 620 23100 0 0 1 standing 
9 865 501 932 622 23101 0 0 0 standing 
9 872 500 931 623 23102 0 0 1 standing 
9 879 500 931 624 23103 0 0 1 standing 
9 886 500 931 626 23104 0 0 0 standing 
9 891 501 937 628 23105 0 0 1 standing 
9 896 502 944 631 23106 0 0 1 standing 
9 902 503 951 634 23107 0 0 0 standing 
9 909 506 958 636 23108 0 0 1 standing 
9 916 509 965 639 23109 0 0 1 standing 
9 924 512 973 642 23110 0 0 0 standing 
9 934 512 983 642 23111 0 0 1 standing 
9 945 513 994 643 23112 0 0 1 standing 
9 956 514 1005 644 23113 0 0 0 standing 
9 959 498 1013 640 23114 0 0 1 standing 
10 921 434 965 561 23095 0 0 0 standing 
10 926 432 972 559 23096 0 0 1 standing 
10 932 431 980 557 23097 0 0 1 standing 
10 938 430 988 556 23098 0 0 0 standing 
10 944 430 996 555 23099 0 0 1 standing 
10 951 430 1004 555 23100 0 0 1 standing 
10 958 430 1013 555 23101 0 0 0 standing 
10 968 430 1023 555 23102 0 0 1 standing 
10 978 430 1033 555 23103 0 0 1 standing 
10 988 430 1043 555 23104 0 0 0 standing 
10 996 430 1052 555 23105 0 0 1 standing 
10 1005 430 1061 555 23106 0 0 1 standing 
10 1014 430 1071 555 23107 0 0 0 standing 
10 1020 430 1078 557 23108 0 0 1 standing 
10 1027 430 1085 559 23109 0 0 1 standing 
10 1034 431 1092 561 23110 0 0 0 standing 
10 1043 435 1099 565 23111 0 0 1 standing 
10 1052 440 1106 569 23112 0 0 1 standing 
10 1062 445 1114 573 23113 0 0 0 standing 
10 1065 448 1118 573 23114 0 0 1 standing 
11 964 398 1016 501 23095 0 0 0 standing 
11 974 399 1026 502 23096 0 0 1 standing 
11 985 401 1036 504 23097 0 0 1 standing 
11 996 403 1046 506 23098 0 0 0 standing 
11 1005 405 1061 509 23099 0 0 1 standing 
11 1014 408 1076 513 23100 0 0 1 standing 
11 1024 411 1092 517 23101 0 0 0 standing 
11 1033 411 1101 521 23102 0 0 1 standing 
11 1043 411 1111 526 23103 0 0 1 standing 
11 1053 412 1121 531 23104 0 0 0 standing 
11 1068 411 1132 530 23105 0 0 1 standing 
11 1083 410 1144 529 23106 0 0 1 standing 
11 1099 410 1156 528 23107 0 0 0 standing 
11 1112 411 1169 529 23108 0 0 1 standing 
11 1126 412 1183 530 23109 0 0 1 standing 
11 1140 413 1197 531 23110 0 0 0 standing 
11 1150 416 1215 535 23111 0 0 1 standing 
11 1161 420 1233 540 23112 0 0 1 standing 
11 1172 424 1251 545 23113 0 0 0 standing 
11 1178 428 1260 549 23114 0 0 1 standing 
