0 433 271 533 373 70085 0 1 0 jumping 
0 432 267 525 378 70086 0 1 1 jumping 
0 432 263 518 383 70087 0 1 1 jumping 
0 431 260 510 389 70088 0 1 1 jumping 
0 431 256 503 394 70089 0 1 1 jumping 
0 431 253 496 400 70090 0 1 0 jumping 
0 419 260 491 404 70091 0 1 1 jumping 
0 408 268 487 408 70092 0 1 1 jumping 
0 397 276 482 413 70093 0 1 1 jumping 
0 386 284 478 417 70094 0 1 1 jumping 
0 375 292 474 422 70095 0 1 0 jumping 
0 365 302 460 430 70096 0 1 1 jumping 
0 356 312 447 438 70097 0 1 1 jumping 
0 347 323 434 446 70098 0 1 0 jumping 
0 354 328 437 448 70099 0 1 1 jumping 
0 361 333 440 451 70100 0 1 1 jumping 
0 368 338 443 454 70101 0 1 1 jumping 
0 376 343 446 457 70102 0 1 1 jumping 
0 383 348 449 460 70103 0 1 1 jumping 
0 390 353 452 463 70104 0 1 1 jumping 
1 602 326 645 516 70085 0 1 0 jumping 
1 590 322 634 510 70086 0 1 1 blocking 
1 579 318 624 504 70087 0 1 1 blocking 
1 568 314 614 498 70088 0 1 1 blocking 
1 557 310 604 493 70089 0 1 1 blocking 
1 546 306 594 487 70090 0 1 1 blocking 
1 535 302 583 481 70091 0 1 1 blocking 
1 524 298 573 476 70092 0 1 1 blocking 
1 513 294 563 470 70093 0 1 1 blocking 
1 502 290 553 464 70094 0 1 1 blocking 
1 491 286 543 459 70095 0 1 0 blocking 
1 481 293 535 461 70096 0 1 1 blocking 
1 472 300 527 463 70097 0 1 1 blocking 
1 463 307 519 465 70098 0 1 1 blocking 
1 454 314 511 468 70099 0 1 0 blocking 
1 457 319 515 468 70100 0 1 1 blocking 
1 460 324 519 468 70101 0 1 1 blocking 
1 463 329 523 469 70102 0 1 1 blocking 
1 466 334 527 469 70103 0 1 1 blocking 
1 469 339 531 469 70104 0 1 1 blocking 
2 604 259 668 437 70085 0 1 0 blocking 
2 592 260 656 436 70086 0 1 1 blocking 
2 581 262 644 435 70087 0 1 1 blocking 
2 570 264 632 434 70088 0 1 1 blocking 
2 558 266 620 433 70089 0 1 1 blocking 
2 547 268 608 432 70090 0 1 1 blocking 
2 536 269 596 431 70091 0 1 1 blocking 
2 524 271 584 430 70092 0 1 1 blocking 
2 513 273 572 429 70093 0 1 1 blocking 
2 502 275 560 428 70094 0 1 1 blocking 
2 491 277 548 427 70095 0 1 0 blocking 
2 484 283 541 430 70096 0 1 1 blocking 
2 478 289 535 434 70097 0 1 1 blocking 
2 471 295 529 438 70098 0 1 1 blocking 
2 465 301 523 441 70099 0 1 1 blocking 
2 458 307 517 445 70100 0 1 1 blocking 
2 452 313 511 449 70101 0 1 0 blocking 
2 456 316 515 449 70102 0 1 1 blocking 
2 461 319 519 450 70103 0 1 1 blocking 
2 465 322 523 450 70104 0 1 1 blocking 
3 638 424 715 564 70085 0 0 0 blocking 
3 629 422 710 560 70086 0 0 1 standing 
3 621 420 705 557 70087 0 0 1 standing 
3 613 418 700 554 70088 0 0 0 standing 
3 609 420 702 554 70089 0 0 1 standing 
3 605 422 705 555 70090 0 0 1 standing 
3 602 425 708 556 70091 0 0 0 standing 
3 594 427 700 557 70092 0 0 1 standing 
3 587 430 692 558 70093 0 0 1 standing 
3 580 433 685 559 70094 0 0 0 standing 
3 565 434 669 558 70095 0 0 1 standing 
3 551 435 654 558 70096 0 0 1 standing 
3 537 437 639 558 70097 0 0 0 standing 
3 531 436 633 559 70098 0 0 1 standing 
3 526 435 627 560 70099 0 0 1 standing 
3 521 435 622 561 70100 0 0 0 standing 
3 523 430 625 560 70101 0 0 1 standing 
3 526 426 629 560 70102 0 0 1 standing 
3 529 421 633 559 70103 0 0 1 standing 
3 532 417 637 559 70104 0 0 1 standing 
4 506 360 577 502 70085 0 0 0 standing 
4 496 359 565 502 70086 0 0 1 standing 
4 486 359 554 502 70087 0 0 1 standing 
4 477 359 543 502 70088 0 0 0 standing 
4 471 359 530 502 70089 0 0 1 standing 
4 465 359 518 502 70090 0 0 1 standing 
4 459 359 506 502 70091 0 0 0 standing 
4 446 362 495 505 70092 0 0 1 standing 
4 434 366 485 508 70093 0 0 1 standing 
4 422 370 475 512 70094 0 0 0 standing 
4 412 370 465 512 70095 0 0 1 standing 
4 403 371 456 513 70096 0 0 1 standing 
4 394 372 447 514 70097 0 0 1 standing 
4 384 372 437 514 70098 0 0 1 standing 
4 375 373 428 515 70099 0 0 1 standing 
4 366 374 419 516 70100 0 0 0 standing 
4 368 374 421 516 70101 0 0 1 standing 
4 370 375 423 516 70102 0 0 1 standing 
4 372 375 425 516 70103 0 0 1 standing 
4 374 376 427 516 70104 0 0 1 standing 
5 407 387 465 537 70085 0 0 0 standing 
5 397 381 453 527 70086 0 0 1 standing 
5 388 376 442 518 70087 0 0 1 standing 
5 379 371 431 509 70088 0 0 0 standing 
5 370 370 426 504 70089 0 0 1 standing 
5 361 369 421 499 70090 0 0 1 standing 
5 352 368 416 495 70091 0 0 0 standing 
5 342 367 407 491 70092 0 0 1 standing 
5 332 367 399 488 70093 0 0 1 standing 
5 322 367 391 485 70094 0 0 0 standing 
5 305 369 377 487 70095 0 0 1 standing 
5 288 371 364 489 70096 0 0 1 standing 
5 272 373 351 491 70097 0 0 0 standing 
5 265 373 345 490 70098 0 0 1 standing 
5 258 373 339 490 70099 0 0 1 standing 
5 251 373 334 490 70100 0 0 0 standing 
5 253 371 336 489 70101 0 0 1 standing 
5 256 369 339 489 70102 0 0 1 standing 
5 259 367 341 489 70103 0 0 1 standing 
5 262 365 344 489 70104 0 0 1 standing 
6 321 475 414 623 70085 0 0 0 standing 
6 316 473 404 623 70086 0 0 1 standing 
6 312 471 395 623 70087 0 0 1 standing 
6 308 469 386 624 70088 0 0 0 standing 
6 300 468 378 623 70089 0 0 1 standing 
6 293 467 370 622 70090 0 0 1 standing 
6 286 467 363 622 70091 0 0 0 standing 
6 277 468 363 623 70092 0 0 1 standing 
6 269 469 363 624 70093 0 0 1 standing 
6 261 470 363 625 70094 0 0 0 standing 
6 252 470 351 627 70095 0 0 1 standing 
6 243 471 339 629 70096 0 0 1 standing 
6 234 472 328 632 70097 0 0 0 standing 
6 228 473 322 631 70098 0 0 1 standing 
6 222 474 316 630 70099 0 0 1 standing 
6 217 475 311 630 70100 0 0 0 standing 
6 220 473 314 629 70101 0 0 1 standing 
6 224 472 318 629 70102 0 0 1 standing 
6 228 471 322 629 70103 0 0 1 standing 
6 232 470 326 629 70104 0 0 1 standing 
7 206 430 276 578 70085 0 0 0 standing 
7 196 428 264 579 70086 0 0 1 standing 
7 187 427 253 580 70087 0 0 1 standing 
7 178 426 242 581 70088 0 0 0 standing 
7 167 425 231 580 70089 0 0 1 standing 
7 157 424 221 579 70090 0 0 1 standing 
7 147 423 211 578 70091 0 0 0 standing 
7 135 423 199 574 70092 0 0 1 standing 
7 123 423 187 570 70093 0 0 1 standing 
7 112 424 176 566 70094 0 0 0 standing 
7 95 425 166 566 70095 0 0 1 standing 
7 79 426 156 567 70096 0 0 1 standing 
7 63 427 146 568 70097 0 0 0 standing 
7 55 431 142 568 70098 0 0 1 standing 
7 47 435 138 569 70099 0 0 1 standing 
7 40 440 134 570 70100 0 0 0 standing 
7 43 440 137 569 70101 0 0 1 standing 
7 46 440 140 568 70102 0 0 1 standing 
7 49 440 143 568 70103 0 0 1 standing 
7 52 440 146 567 70104 0 0 1 standing 
8 187 403 241 535 70085 0 0 0 standing 
8 177 402 229 534 70086 0 0 1 standing 
8 168 401 217 533 70087 0 0 1 standing 
8 159 401 205 532 70088 0 0 0 standing 
8 148 401 194 532 70089 0 0 1 standing 
8 138 401 184 532 70090 0 0 1 standing 
8 128 401 174 532 70091 0 0 0 standing 
8 114 400 160 535 70092 0 0 1 standing 
8 100 399 146 538 70093 0 0 1 standing 
8 87 399 132 542 70094 0 0 0 standing 
8 71 400 117 541 70095 0 0 1 standing 
8 56 402 102 540 70096 0 0 1 standing 
8 41 404 88 539 70097 0 0 0 standing 
8 34 406 81 541 70098 0 0 1 standing 
8 27 408 74 544 70099 0 0 1 standing 
8 20 411 67 547 70100 0 0 0 standing 
8 22 411 71 546 70101 0 0 1 standing 
8 25 411 76 545 70102 0 0 1 standing 
8 28 412 81 545 70103 0 0 1 standing 
8 31 412 86 544 70104 0 0 1 standing 
9 1094 424 1172 554 70085 0 0 0 standing 
9 1081 424 1161 552 70086 0 0 1 waiting 
9 1069 424 1150 551 70087 0 0 1 waiting 
9 1057 425 1139 550 70088 0 0 0 waiting 
9 1045 425 1127 550 70089 0 0 1 waiting 
9 1033 425 1115 550 70090 0 0 1 waiting 
9 1021 426 1103 551 70091 0 0 0 waiting 
9 1013 427 1089 555 70092 0 0 1 waiting 
9 1005 428 1076 560 70093 0 0 1 waiting 
9 997 430 1063 565 70094 0 0 0 waiting 
9 984 433 1048 564 70095 0 0 1 waiting 
9 972 436 1033 563 70096 0 0 1 waiting 
9 960 439 1018 562 70097 0 0 0 waiting 
9 954 439 1012 562 70098 0 0 1 waiting 
9 948 439 1006 562 70099 0 0 1 waiting 
9 943 439 1001 562 70100 0 0 0 waiting 
9 944 437 1003 561 70101 0 0 1 waiting 
9 946 435 1006 561 70102 0 0 1 waiting 
9 948 433 1009 561 70103 0 0 1 waiting 
9 950 431 1012 561 70104 0 0 1 waiting 
10 972 354 1049 473 70085 0 0 0 waiting 
10 963 355 1039 472 70086 0 0 1 digging 
10 954 356 1030 471 70087 0 0 1 digging 
10 945 358 1021 471 70088 0 0 0 digging 
10 935 357 1010 470 70089 0 0 1 digging 
10 926 356 999 469 70090 0 0 1 digging 
10 917 356 988 469 70091 0 0 0 digging 
10 906 356 977 470 70092 0 0 1 digging 
10 895 357 966 471 70093 0 0 1 digging 
10 885 358 956 472 70094 0 0 0 digging 
10 869 356 940 470 70095 0 0 1 digging 
10 854 354 925 468 70096 0 0 1 digging 
10 839 352 910 466 70097 0 0 0 digging 
10 834 351 904 465 70098 0 0 1 digging 
10 829 350 899 464 70099 0 0 1 digging 
10 824 349 894 464 70100 0 0 0 digging 
10 827 345 897 464 70101 0 0 1 digging 
10 830 341 900 464 70102 0 0 1 digging 
10 834 338 904 464 70103 0 0 1 digging 
10 837 334 907 464 70104 0 0 1 digging 
11 1022 469 1121 612 70085 0 0 0 digging 
11 1013 467 1110 612 70086 0 0 1 waiting 
11 1004 465 1100 612 70087 0 0 1 waiting 
11 995 463 1090 613 70088 0 0 0 waiting 
11 985 461 1076 609 70089 0 0 1 waiting 
11 976 459 1062 605 70090 0 0 1 waiting 
11 967 458 1049 601 70091 0 0 0 waiting 
11 953 459 1031 602 70092 0 0 1 waiting 
11 939 461 1014 603 70093 0 0 1 waiting 
11 926 463 997 604 70094 0 0 0 waiting 
11 910 464 983 605 70095 0 0 1 waiting 
11 895 465 970 606 70096 0 0 1 waiting 
11 880 466 957 607 70097 0 0 0 waiting 
11 874 465 951 606 70098 0 0 1 waiting 
11 869 464 946 606 70099 0 0 1 waiting 
11 864 464 941 606 70100 0 0 0 waiting 
11 866 458 943 604 70101 0 0 1 waiting 
11 868 452 945 603 70102 0 0 1 waiting 
11 870 446 947 601 70103 0 0 1 waiting 
11 872 440 949 600 70104 0 0 1 waiting 
