0 485 462 574 593 49245 1 0 1 setting 
0 485 462 574 593 49246 0 1 0 setting 
0 481 454 569 591 49247 0 1 1 setting 
0 478 446 564 590 49248 0 1 1 setting 
0 475 439 559 588 49249 0 1 1 setting 
0 472 431 555 587 49250 0 1 1 setting 
0 469 423 550 585 49251 0 1 1 setting 
0 466 416 545 584 49252 0 1 1 setting 
0 463 408 540 582 49253 0 1 1 setting 
0 460 401 536 581 49254 0 1 0 setting 
0 457 404 537 580 49255 0 1 1 setting 
0 454 407 539 579 49256 0 1 1 setting 
0 451 410 540 578 49257 0 1 1 setting 
0 448 413 542 578 49258 0 1 1 setting 
0 445 417 544 577 49259 0 1 1 setting 
0 442 420 545 576 49260 0 1 1 setting 
0 439 423 547 576 49261 0 1 1 setting 
0 436 426 548 575 49262 0 1 1 setting 
0 433 429 550 574 49263 0 1 1 setting 
0 430 433 552 574 49264 0 1 0 setting 
1 438 390 493 527 49245 0 0 0 setting 
1 435 388 490 525 49246 0 0 1 standing 
1 433 387 488 524 49247 0 0 1 standing 
1 430 385 486 522 49248 0 0 1 standing 
1 428 384 484 521 49249 0 0 1 standing 
1 425 382 482 520 49250 0 0 1 standing 
1 423 381 479 518 49251 0 0 1 standing 
1 420 379 477 517 49252 0 0 1 standing 
1 418 378 475 515 49253 0 0 1 standing 
1 415 376 473 514 49254 0 0 1 standing 
1 413 375 471 513 49255 0 0 0 standing 
1 412 374 470 513 49256 0 0 1 standing 
1 412 373 469 513 49257 0 0 1 standing 
1 412 372 468 513 49258 0 0 1 standing 
1 411 371 467 513 49259 0 0 1 standing 
1 411 370 466 513 49260 0 0 1 standing 
1 411 369 465 513 49261 0 0 1 standing 
1 410 368 464 513 49262 0 0 1 standing 
1 410 367 463 513 49263 0 0 1 standing 
1 410 366 462 513 49264 0 0 1 standing 
2 319 359 384 484 49245 0 0 0 standing 
2 318 358 382 483 49246 0 0 1 standing 
2 317 358 381 483 49247 0 0 1 standing 
2 316 358 379 482 49248 0 0 1 standing 
2 315 357 378 482 49249 0 0 1 standing 
2 315 357 376 482 49250 0 0 1 standing 
2 314 357 375 481 49251 0 0 1 standing 
2 313 356 373 481 49252 0 0 1 standing 
2 312 356 372 480 49253 0 0 1 standing 
2 311 356 370 480 49254 0 0 1 standing 
2 311 356 369 480 49255 0 0 0 standing 
2 309 354 366 478 49256 0 0 1 standing 
2 307 353 363 477 49257 0 0 1 standing 
2 305 351 361 476 49258 0 0 1 standing 
2 304 350 358 474 49259 0 0 1 standing 
2 302 349 356 473 49260 0 0 1 standing 
2 300 347 353 472 49261 0 0 1 standing 
2 299 346 350 470 49262 0 0 1 standing 
2 297 344 348 469 49263 0 0 1 standing 
2 295 343 345 468 49264 0 0 1 standing 
3 188 481 352 577 49245 0 0 0 standing 
3 198 478 352 578 49246 0 0 1 waiting 
3 209 475 352 579 49247 0 0 1 waiting 
3 220 472 352 580 49248 0 0 1 waiting 
3 231 470 352 582 49249 0 0 1 waiting 
3 242 467 353 583 49250 0 0 1 waiting 
3 252 464 353 584 49251 0 0 1 waiting 
3 263 462 353 586 49252 0 0 1 waiting 
3 274 459 353 587 49253 0 0 1 waiting 
3 285 456 353 588 49254 0 0 1 waiting 
3 296 454 354 590 49255 0 0 0 waiting 
3 297 451 355 587 49256 0 0 1 waiting 
3 299 448 357 585 49257 0 0 1 waiting 
3 300 445 358 583 49258 0 0 1 waiting 
3 302 443 360 581 49259 0 0 1 waiting 
3 304 440 361 579 49260 0 0 1 waiting 
3 305 437 363 576 49261 0 0 1 waiting 
3 307 435 364 574 49262 0 0 1 waiting 
3 308 432 366 572 49263 0 0 1 waiting 
3 310 429 367 570 49264 0 0 1 waiting 
4 125 481 196 617 49245 0 0 0 waiting 
4 121 480 191 618 49246 0 0 1 standing 
4 117 479 187 619 49247 0 0 1 standing 
4 114 478 183 620 49248 0 0 1 standing 
4 110 478 178 621 49249 0 0 1 standing 
4 107 477 174 622 49250 0 0 1 standing 
4 103 476 170 623 49251 0 0 1 standing 
4 99 476 165 624 49252 0 0 1 standing 
4 96 475 161 625 49253 0 0 1 standing 
4 92 474 157 626 49254 0 0 1 standing 
4 89 474 153 628 49255 0 0 0 standing 
4 86 475 151 631 49256 0 0 1 standing 
4 84 477 149 634 49257 0 0 1 standing 
4 82 478 147 637 49258 0 0 1 standing 
4 80 480 145 640 49259 0 0 1 standing 
4 78 482 143 643 49260 0 0 1 standing 
4 76 483 141 646 49261 0 0 1 standing 
4 74 485 139 649 49262 0 0 1 standing 
4 72 486 137 652 49263 0 0 1 standing 
4 70 488 135 655 49264 0 0 1 standing 
5 122 392 190 523 49245 0 0 0 standing 
5 123 390 190 520 49246 0 0 1 waiting 
5 124 389 191 517 49247 0 0 1 waiting 
5 125 388 191 514 49248 0 0 1 waiting 
5 126 387 192 511 49249 0 0 1 waiting 
5 127 386 192 508 49250 0 0 1 waiting 
5 128 385 193 505 49251 0 0 1 waiting 
5 129 384 193 502 49252 0 0 1 waiting 
5 130 383 194 499 49253 0 0 1 waiting 
5 131 382 194 496 49254 0 0 1 waiting 
5 133 381 195 494 49255 0 0 0 waiting 
5 131 379 194 498 49256 0 0 1 waiting 
5 130 378 194 503 49257 0 0 1 waiting 
5 128 376 193 507 49258 0 0 1 waiting 
5 127 375 193 512 49259 0 0 1 waiting 
5 125 373 192 516 49260 0 0 1 waiting 
5 124 372 192 521 49261 0 0 0 waiting 
5 122 374 192 519 49262 0 0 1 waiting 
5 121 376 192 518 49263 0 0 1 waiting 
5 119 378 192 517 49264 0 0 1 waiting 
6 1045 434 1106 576 49245 0 0 0 waiting 
6 1044 434 1105 576 49246 0 0 1 standing 
6 1044 435 1105 577 49247 0 0 1 standing 
6 1044 436 1105 578 49248 0 0 1 standing 
6 1044 437 1105 579 49249 0 0 1 standing 
6 1044 438 1105 580 49250 0 0 1 standing 
6 1043 439 1104 581 49251 0 0 1 standing 
6 1043 440 1104 582 49252 0 0 1 standing 
6 1043 441 1104 583 49253 0 0 1 standing 
6 1043 442 1104 584 49254 0 0 1 standing 
6 1043 443 1104 585 49255 0 0 0 standing 
6 1041 443 1101 587 49256 0 0 1 standing 
6 1039 443 1099 589 49257 0 0 1 standing 
6 1037 443 1097 591 49258 0 0 1 standing 
6 1036 443 1095 594 49259 0 0 0 standing 
6 1035 444 1094 595 49260 0 0 1 standing 
6 1035 446 1093 596 49261 0 0 1 standing 
6 1034 448 1092 597 49262 0 0 1 standing 
6 1034 450 1091 598 49263 0 0 1 standing 
6 1033 452 1090 599 49264 0 0 1 standing 
7 678 445 747 577 49245 0 0 0 standing 
7 678 443 747 576 49246 0 0 1 standing 
7 678 442 747 576 49247 0 0 1 standing 
7 678 440 747 576 49248 0 0 1 standing 
7 679 439 747 576 49249 0 0 1 standing 
7 679 438 748 576 49250 0 0 1 standing 
7 679 436 748 575 49251 0 0 1 standing 
7 680 435 748 575 49252 0 0 1 standing 
7 680 433 748 575 49253 0 0 1 standing 
7 680 432 748 575 49254 0 0 1 standing 
7 681 431 749 575 49255 0 0 0 standing 
7 681 430 748 575 49256 0 0 1 standing 
7 681 429 747 575 49257 0 0 1 standing 
7 681 428 746 575 49258 0 0 1 standing 
7 682 428 745 575 49259 0 0 1 standing 
7 682 427 744 575 49260 0 0 1 standing 
7 682 426 743 575 49261 0 0 1 standing 
7 683 426 742 575 49262 0 0 1 standing 
7 683 425 741 575 49263 0 0 1 standing 
7 683 424 740 575 49264 0 0 1 standing 
8 683 357 745 499 49245 0 0 0 standing 
8 683 357 744 499 49246 0 0 1 standing 
8 683 357 744 499 49247 0 0 1 standing 
8 684 357 743 499 49248 0 0 1 standing 
8 684 357 743 499 49249 0 0 1 standing 
8 685 358 743 499 49250 0 0 1 standing 
8 685 358 742 499 49251 0 0 1 standing 
8 685 358 742 499 49252 0 0 1 standing 
8 686 358 741 499 49253 0 0 1 standing 
8 686 358 741 499 49254 0 0 1 standing 
8 687 359 741 500 49255 0 0 0 standing 
8 684 359 738 499 49256 0 0 1 standing 
8 682 360 736 498 49257 0 0 1 standing 
8 680 361 734 498 49258 0 0 1 standing 
8 678 361 731 497 49259 0 0 1 standing 
8 676 362 729 497 49260 0 0 1 standing 
8 673 363 727 496 49261 0 0 1 standing 
8 671 363 724 495 49262 0 0 1 standing 
8 669 364 722 495 49263 0 0 1 standing 
8 667 365 720 494 49264 0 0 1 standing 
9 744 448 833 610 49245 0 0 0 standing 
9 738 447 827 608 49246 0 0 1 standing 
9 733 446 822 607 49247 0 0 1 standing 
9 728 445 817 606 49248 0 0 1 standing 
9 723 445 812 605 49249 0 0 1 standing 
9 718 444 807 604 49250 0 0 1 standing 
9 713 443 801 603 49251 0 0 1 standing 
9 708 443 796 602 49252 0 0 1 standing 
9 703 442 791 601 49253 0 0 1 standing 
9 698 441 786 600 49254 0 0 1 standing 
9 693 441 781 599 49255 0 0 0 standing 
9 692 440 776 598 49256 0 0 1 standing 
9 691 439 772 597 49257 0 0 1 standing 
9 690 439 767 596 49258 0 0 1 standing 
9 689 438 763 596 49259 0 0 1 standing 
9 688 438 758 595 49260 0 0 1 standing 
9 687 437 754 594 49261 0 0 1 standing 
9 686 436 749 594 49262 0 0 1 standing 
9 685 436 745 593 49263 0 0 1 standing 
9 684 435 740 592 49264 0 0 1 standing 
10 857 394 902 547 49245 0 0 0 standing 
10 859 394 906 545 49246 0 0 1 standing 
10 861 394 910 544 49247 0 0 1 standing 
10 863 394 915 543 49248 0 0 1 standing 
10 866 395 919 542 49249 0 0 1 standing 
10 868 395 924 541 49250 0 0 1 standing 
10 870 395 928 540 49251 0 0 1 standing 
10 873 396 932 539 49252 0 0 1 standing 
10 875 396 937 538 49253 0 0 1 standing 
10 877 396 941 537 49254 0 0 1 standing 
10 880 397 946 536 49255 0 0 0 standing 
10 887 395 951 533 49256 0 0 1 standing 
10 894 393 956 531 49257 0 0 1 standing 
10 901 391 961 529 49258 0 0 1 standing 
10 908 390 966 527 49259 0 0 0 standing 
10 911 389 973 526 49260 0 0 1 standing 
10 914 389 980 525 49261 0 0 1 standing 
10 917 388 987 525 49262 0 0 1 standing 
10 920 388 994 524 49263 0 0 1 standing 
10 923 388 1001 523 49264 0 0 1 standing 
11 823 367 909 499 49245 0 0 0 standing 
11 827 366 911 498 49246 0 0 1 standing 
11 831 366 913 497 49247 0 0 1 standing 
11 836 365 916 497 49248 0 0 1 standing 
11 840 365 918 496 49249 0 0 1 standing 
11 845 364 921 496 49250 0 0 1 standing 
11 849 364 923 495 49251 0 0 1 standing 
11 853 363 925 494 49252 0 0 1 standing 
11 858 363 928 494 49253 0 0 1 standing 
11 862 362 930 493 49254 0 0 1 standing 
11 867 362 933 493 49255 0 0 0 standing 
11 870 361 935 493 49256 0 0 1 standing 
11 873 361 937 493 49257 0 0 1 standing 
11 876 360 939 493 49258 0 0 1 standing 
11 879 360 941 494 49259 0 0 1 standing 
11 883 360 943 494 49260 0 0 1 standing 
11 886 359 945 494 49261 0 0 1 standing 
11 889 359 947 495 49262 0 0 1 standing 
11 892 358 949 495 49263 0 0 1 standing 
11 895 358 951 495 49264 0 0 1 standing 
