0 607 403 659 549 21885 0 1 0 setting 
0 599 394 651 546 21886 0 1 1 setting 
0 591 386 643 544 21887 0 1 1 setting 
0 583 378 636 542 21888 0 1 0 setting 
0 575 376 628 541 21889 0 1 1 setting 
0 567 375 620 540 21890 0 1 1 setting 
0 560 373 612 539 21891 0 1 1 setting 
0 552 372 605 538 21892 0 1 1 setting 
0 545 370 597 537 21893 0 1 1 setting 
0 537 369 589 536 21894 0 1 1 setting 
0 530 368 582 535 21895 0 1 0 setting 
0 518 378 571 539 21896 0 1 1 setting 
0 507 389 561 544 21897 0 1 1 setting 
0 495 399 551 549 21898 0 1 1 setting 
0 484 410 541 554 21899 0 1 1 setting 
0 473 421 531 559 21900 0 1 0 setting 
0 462 426 520 560 21901 0 1 1 setting 
0 452 431 509 561 21902 0 1 1 setting 
0 442 436 499 562 21903 0 1 1 setting 
0 432 441 488 563 21904 0 1 1 setting 
1 561 304 619 395 21885 0 1 0 setting 
1 559 304 618 396 21886 0 1 1 moving 
1 558 305 617 397 21887 0 1 1 moving 
1 557 306 616 398 21888 0 1 0 moving 
1 547 307 616 395 21889 0 1 1 moving 
1 537 308 616 392 21890 0 1 1 moving 
1 528 310 616 389 21891 0 1 0 moving 
1 528 309 612 390 21892 0 1 1 moving 
1 529 309 608 391 21893 0 1 1 moving 
1 529 308 605 393 21894 0 1 1 moving 
1 530 308 601 394 21895 0 1 1 moving 
1 531 308 598 396 21896 0 1 0 moving 
1 528 307 598 395 21897 0 1 1 moving 
1 525 306 598 394 21898 0 1 1 moving 
1 523 305 598 394 21899 0 1 0 moving 
1 530 306 600 394 21900 0 1 1 moving 
1 537 308 603 394 21901 0 1 1 moving 
1 544 310 606 394 21902 0 1 1 moving 
1 551 312 609 395 21903 0 1 0 moving 
1 549 311 608 395 21904 0 1 1 moving 
2 389 349 457 438 21885 0 0 0 moving 
2 388 350 457 439 21886 0 0 1 standing 
2 387 351 457 440 21887 0 0 1 standing 
2 386 353 458 442 21888 0 0 0 standing 
2 387 352 457 442 21889 0 0 1 standing 
2 388 351 456 443 21890 0 0 1 standing 
2 389 351 455 444 21891 0 0 1 standing 
2 390 350 454 445 21892 0 0 1 standing 
2 391 350 454 446 21893 0 0 0 standing 
2 394 350 455 446 21894 0 0 1 standing 
2 397 350 456 446 21895 0 0 1 standing 
2 400 350 458 446 21896 0 0 1 standing 
2 403 350 459 446 21897 0 0 1 standing 
2 406 350 461 446 21898 0 0 1 standing 
2 409 350 462 446 21899 0 0 1 standing 
2 412 350 464 447 21900 0 0 0 standing 
2 411 349 467 448 21901 0 0 1 standing 
2 410 348 470 449 21902 0 0 1 standing 
2 410 348 474 450 21903 0 0 1 standing 
2 409 347 477 451 21904 0 0 1 standing 
3 328 378 417 485 21885 0 0 0 standing 
3 325 376 414 483 21886 0 0 1 standing 
3 322 374 411 481 21887 0 0 1 standing 
3 320 373 409 480 21888 0 0 0 standing 
3 323 372 405 479 21889 0 0 1 standing 
3 326 372 401 479 21890 0 0 1 standing 
3 329 371 397 478 21891 0 0 1 standing 
3 332 371 393 478 21892 0 0 1 standing 
3 336 371 389 478 21893 0 0 0 standing 
3 332 370 392 479 21894 0 0 1 standing 
3 328 370 395 480 21895 0 0 1 standing 
3 324 369 398 481 21896 0 0 1 standing 
3 320 369 401 482 21897 0 0 1 standing 
3 316 369 405 483 21898 0 0 0 standing 
3 319 368 400 482 21899 0 0 1 standing 
3 323 367 396 482 21900 0 0 1 standing 
3 326 367 392 482 21901 0 0 1 standing 
3 330 366 388 482 21902 0 0 1 standing 
3 334 366 384 482 21903 0 0 0 standing 
3 332 365 384 482 21904 0 0 1 standing 
4 423 441 493 570 21885 0 1 0 standing 
4 416 442 490 571 21886 0 1 1 standing 
4 410 443 487 572 21887 0 1 1 standing 
4 404 445 485 573 21888 0 1 0 standing 
4 401 447 481 574 21889 0 1 1 standing 
4 398 450 477 576 21890 0 1 1 standing 
4 395 453 473 577 21891 0 1 1 standing 
4 392 456 469 579 21892 0 1 0 standing 
4 391 459 467 583 21893 0 1 1 standing 
4 391 462 466 588 21894 0 1 1 standing 
4 390 465 464 593 21895 0 1 1 standing 
4 390 469 463 597 21896 0 1 1 standing 
4 389 472 461 602 21897 0 1 1 standing 
4 389 475 460 607 21898 0 1 1 standing 
4 389 479 459 612 21899 0 1 0 standing 
4 388 480 456 612 21900 0 1 1 standing 
4 388 482 453 612 21901 0 1 1 standing 
4 388 483 450 612 21902 0 1 1 standing 
4 388 485 448 613 21903 0 1 0 standing 
4 387 484 448 613 21904 0 1 1 standing 
5 794 414 838 553 21885 0 1 0 standing 
5 786 413 830 550 21886 0 1 1 standing 
5 779 412 823 548 21887 0 1 1 standing 
5 772 411 816 546 21888 0 1 1 standing 
5 765 410 809 543 21889 0 1 1 standing 
5 758 409 802 541 21890 0 1 1 standing 
5 751 409 795 539 21891 0 0 0 standing 
5 743 409 787 539 21892 0 0 1 standing 
5 736 409 780 539 21893 0 0 1 standing 
5 729 410 772 539 21894 0 0 1 standing 
5 722 410 765 539 21895 0 0 1 standing 
5 715 410 757 539 21896 0 0 1 standing 
5 708 411 750 539 21897 0 0 0 standing 
5 701 408 743 536 21898 0 0 1 standing 
5 694 406 736 533 21899 0 0 1 standing 
5 687 404 729 530 21900 0 0 1 standing 
5 680 402 722 527 21901 0 0 1 standing 
5 673 400 715 524 21902 0 0 1 standing 
5 666 398 708 521 21903 0 0 1 standing 
5 659 396 701 519 21904 0 0 0 standing 
6 911 368 949 465 21885 0 0 0 standing 
6 902 366 942 464 21886 0 0 1 standing 
6 894 364 935 463 21887 0 0 1 standing 
6 886 363 929 462 21888 0 0 0 standing 
6 877 362 921 462 21889 0 0 1 standing 
6 868 361 914 463 21890 0 0 1 standing 
6 860 360 907 463 21891 0 0 1 standing 
6 851 360 899 464 21892 0 0 1 standing 
6 843 359 892 464 21893 0 0 1 standing 
6 834 358 885 465 21894 0 0 1 standing 
6 826 358 878 466 21895 0 0 0 standing 
6 818 356 869 463 21896 0 0 1 standing 
6 810 354 860 460 21897 0 0 1 standing 
6 803 353 851 457 21898 0 0 0 standing 
6 795 351 843 454 21899 0 0 1 standing 
6 788 349 835 452 21900 0 0 1 standing 
6 780 348 827 450 21901 0 0 1 standing 
6 773 346 820 447 21902 0 0 1 standing 
6 765 345 812 445 21903 0 0 1 standing 
6 758 343 804 443 21904 0 0 1 standing 
7 873 376 926 513 21885 0 0 0 standing 
7 868 373 919 513 21886 0 0 1 standing 
7 863 371 913 513 21887 0 0 1 standing 
7 858 369 907 513 21888 0 0 1 standing 
7 854 367 901 514 21889 0 0 0 standing 
7 847 372 895 514 21890 0 0 1 standing 
7 840 377 889 515 21891 0 0 1 standing 
7 833 382 883 516 21892 0 0 1 standing 
7 826 387 877 517 21893 0 0 1 standing 
7 819 392 871 518 21894 0 0 1 standing 
7 812 397 866 519 21895 0 0 0 standing 
7 806 396 857 517 21896 0 0 1 standing 
7 800 396 849 516 21897 0 0 1 standing 
7 794 396 841 515 21898 0 0 0 standing 
7 786 392 833 511 21899 0 0 1 standing 
7 778 389 826 508 21900 0 0 1 standing 
7 770 386 819 505 21901 0 0 1 standing 
7 762 383 811 502 21902 0 0 1 standing 
7 754 380 804 499 21903 0 0 1 standing 
7 746 377 797 496 21904 0 0 0 standing 
8 868 449 911 581 21885 0 0 0 standing 
8 862 449 905 581 21886 0 0 1 standing 
8 856 450 899 582 21887 0 0 1 standing 
8 850 450 893 583 21888 0 0 1 standing 
8 845 451 888 583 21889 0 0 1 standing 
8 839 451 882 584 21890 0 0 1 standing 
8 833 452 876 585 21891 0 0 1 standing 
8 828 452 871 585 21892 0 0 1 standing 
8 822 453 865 586 21893 0 0 1 standing 
8 816 453 859 587 21894 0 0 1 standing 
8 811 454 854 588 21895 0 0 0 standing 
8 805 458 849 584 21896 0 0 1 standing 
8 799 462 844 581 21897 0 0 1 standing 
8 793 466 840 578 21898 0 0 0 standing 
8 786 464 835 581 21899 0 0 1 standing 
8 779 462 830 584 21900 0 0 1 standing 
8 773 461 825 588 21901 0 0 0 standing 
8 767 460 821 583 21902 0 0 1 standing 
8 761 460 817 579 21903 0 0 1 standing 
8 755 460 814 575 21904 0 0 0 standing 
9 1079 346 1131 464 21885 0 0 0 standing 
9 1075 346 1126 464 21886 0 0 1 standing 
9 1072 346 1121 464 21887 0 0 1 standing 
9 1068 347 1117 465 21888 0 0 1 standing 
9 1065 347 1112 465 21889 0 0 1 standing 
9 1061 347 1107 465 21890 0 0 1 standing 
9 1058 348 1103 466 21891 0 0 0 standing 
9 1052 348 1098 466 21892 0 0 1 standing 
9 1046 349 1094 467 21893 0 0 1 standing 
9 1040 350 1090 468 21894 0 0 1 standing 
9 1034 351 1086 469 21895 0 0 0 standing 
9 1025 351 1079 467 21896 0 0 1 standing 
9 1016 351 1072 465 21897 0 0 1 standing 
9 1007 351 1065 463 21898 0 0 0 standing 
9 1000 351 1058 463 21899 0 0 1 standing 
9 994 352 1051 463 21900 0 0 1 standing 
9 988 352 1044 463 21901 0 0 1 standing 
9 981 353 1037 463 21902 0 0 1 standing 
9 975 353 1030 463 21903 0 0 1 standing 
9 969 354 1023 463 21904 0 0 1 standing 
10 1213 398 1261 518 21885 0 0 0 standing 
10 1213 398 1263 518 21886 0 0 1 standing 
10 1213 398 1265 518 21887 0 0 1 standing 
10 1213 398 1268 518 21888 0 0 0 standing 
10 1212 398 1266 518 21889 0 0 1 standing 
10 1211 398 1264 518 21890 0 0 1 standing 
10 1210 398 1262 518 21891 0 0 1 standing 
10 1209 399 1261 519 21892 0 0 1 standing 
10 1208 399 1259 519 21893 0 0 1 standing 
10 1207 399 1257 519 21894 0 0 1 standing 
10 1207 400 1256 520 21895 0 0 0 standing 
10 1203 401 1259 521 21896 0 0 1 standing 
10 1200 403 1262 522 21897 0 0 1 standing 
10 1197 405 1265 524 21898 0 0 0 standing 
10 1193 404 1261 523 21899 0 0 1 standing 
10 1189 403 1257 522 21900 0 0 1 standing 
10 1186 402 1253 521 21901 0 0 0 standing 
10 1182 405 1243 521 21902 0 0 1 standing 
10 1178 408 1234 522 21903 0 0 1 standing 
10 1174 412 1225 523 21904 0 0 0 standing 
11 1203 458 1248 584 21885 0 0 0 standing 
11 1195 458 1242 584 21886 0 0 1 standing 
11 1187 458 1236 584 21887 0 0 1 standing 
11 1179 458 1231 585 21888 0 0 0 standing 
11 1174 458 1225 585 21889 0 0 1 standing 
11 1169 459 1219 585 21890 0 0 1 standing 
11 1165 459 1214 585 21891 0 0 1 standing 
11 1160 460 1208 586 21892 0 0 1 standing 
11 1156 460 1203 586 21893 0 0 1 standing 
11 1151 461 1197 586 21894 0 0 1 standing 
11 1147 462 1192 587 21895 0 0 0 standing 
11 1137 461 1186 588 21896 0 0 1 standing 
11 1127 460 1181 589 21897 0 0 1 standing 
11 1118 460 1176 591 21898 0 0 0 standing 
11 1109 460 1169 590 21899 0 0 1 standing 
11 1100 461 1163 589 21900 0 0 1 standing 
11 1092 461 1157 588 21901 0 0 1 standing 
11 1083 462 1150 587 21902 0 0 1 standing 
11 1075 462 1144 586 21903 0 0 1 standing 
11 1066 463 1138 585 21904 0 0 1 standing 
