0 453 477 536 605 79915 0 0 0 moving 
0 445 479 530 607 79916 0 0 1 moving 
0 438 481 524 609 79917 0 0 1 moving 
0 430 483 518 612 79918 0 0 1 moving 
0 423 485 512 614 79919 0 0 1 moving 
0 415 488 506 617 79920 0 0 1 moving 
0 408 490 500 619 79921 0 0 1 moving 
0 400 492 494 621 79922 0 0 1 moving 
0 393 494 488 624 79923 0 0 1 moving 
0 385 496 482 626 79924 0 0 1 moving 
0 378 499 476 629 79925 0 0 0 moving 
0 376 497 475 629 79926 0 0 1 moving 
0 374 496 475 629 79927 0 0 1 moving 
0 373 495 475 629 79928 0 0 1 moving 
0 371 494 475 629 79929 0 0 1 moving 
0 370 493 475 629 79930 0 0 1 moving 
0 368 492 475 629 79931 0 0 1 moving 
0 367 491 475 630 79932 0 0 0 moving 
0 373 491 472 630 79933 0 0 1 moving 
0 379 491 469 631 79934 0 0 1 moving 
1 681 388 734 510 79915 0 1 0 moving 
1 677 382 730 508 79916 0 1 1 setting 
1 674 377 727 507 79917 0 1 1 setting 
1 671 372 723 505 79918 0 1 1 setting 
1 667 367 720 504 79919 0 1 1 setting 
1 664 362 717 503 79920 0 1 1 setting 
1 661 357 713 501 79921 0 1 1 setting 
1 657 352 710 500 79922 0 1 1 setting 
1 654 347 706 498 79923 0 1 1 setting 
1 651 342 703 497 79924 0 1 1 setting 
1 648 337 700 496 79925 0 1 0 setting 
1 642 340 693 496 79926 0 1 1 setting 
1 636 343 687 496 79927 0 1 1 setting 
1 630 347 681 496 79928 0 1 1 setting 
1 624 350 675 497 79929 0 1 1 setting 
1 618 354 669 497 79930 0 1 1 setting 
1 612 357 663 497 79931 0 1 1 setting 
1 607 361 657 498 79932 0 1 0 setting 
1 606 364 656 497 79933 0 1 1 setting 
1 605 367 656 497 79934 0 1 1 setting 
2 727 352 776 459 79915 0 1 0 setting 
2 722 351 770 458 79916 0 1 1 standing 
2 718 350 765 457 79917 0 1 1 standing 
2 713 349 759 456 79918 0 1 1 standing 
2 709 348 754 455 79919 0 1 1 standing 
2 705 348 749 454 79920 0 1 1 standing 
2 700 347 743 453 79921 0 1 1 standing 
2 696 346 738 452 79922 0 1 1 standing 
2 691 345 732 451 79923 0 1 1 standing 
2 687 344 727 450 79924 0 1 1 standing 
2 683 344 722 450 79925 0 1 0 standing 
2 677 344 717 449 79926 0 1 1 standing 
2 672 345 712 448 79927 0 1 1 standing 
2 666 346 707 447 79928 0 1 1 standing 
2 661 347 702 447 79929 0 1 0 standing 
2 656 348 701 447 79930 0 1 1 standing 
2 651 349 700 447 79931 0 1 1 standing 
2 646 350 700 448 79932 0 1 1 standing 
2 641 351 699 448 79933 0 1 1 standing 
2 636 352 698 448 79934 0 1 1 standing 
3 566 368 625 497 79915 0 0 0 standing 
3 560 367 619 496 79916 0 0 1 standing 
3 554 367 613 496 79917 0 0 1 standing 
3 548 367 607 496 79918 0 0 1 standing 
3 542 367 601 496 79919 0 0 1 standing 
3 537 367 596 496 79920 0 0 1 standing 
3 531 366 590 495 79921 0 0 1 standing 
3 525 366 584 495 79922 0 0 1 standing 
3 519 366 578 495 79923 0 0 1 standing 
3 513 366 572 495 79924 0 0 1 standing 
3 508 366 567 495 79925 0 0 0 standing 
3 499 365 562 494 79926 0 0 1 standing 
3 491 365 558 494 79927 0 0 1 standing 
3 482 365 553 494 79928 0 0 1 standing 
3 474 365 549 494 79929 0 0 0 standing 
3 469 365 544 494 79930 0 0 1 standing 
3 465 365 540 494 79931 0 0 1 standing 
3 461 365 536 494 79932 0 0 0 standing 
3 464 365 532 494 79933 0 0 1 standing 
3 468 365 528 495 79934 0 0 1 standing 
4 751 406 819 528 79915 0 0 0 standing 
4 744 404 811 527 79916 0 0 1 standing 
4 738 403 803 526 79917 0 0 1 standing 
4 732 402 795 525 79918 0 0 1 standing 
4 725 401 787 524 79919 0 0 1 standing 
4 719 400 780 523 79920 0 0 1 standing 
4 713 398 772 522 79921 0 0 1 standing 
4 706 397 764 521 79922 0 0 1 standing 
4 700 396 756 520 79923 0 0 1 standing 
4 694 395 748 519 79924 0 0 1 standing 
4 688 394 741 519 79925 0 0 0 standing 
4 679 394 735 518 79926 0 0 1 standing 
4 670 394 730 517 79927 0 0 1 standing 
4 661 394 724 516 79928 0 0 1 standing 
4 652 394 719 515 79929 0 0 1 standing 
4 643 395 714 515 79930 0 0 0 standing 
4 637 396 710 515 79931 0 0 1 standing 
4 632 397 706 515 79932 0 0 1 standing 
4 626 398 702 516 79933 0 0 1 standing 
4 621 399 698 516 79934 0 0 1 standing 
5 908 390 950 531 79915 0 0 0 standing 
5 899 389 941 530 79916 0 0 1 standing 
5 890 388 933 529 79917 0 0 1 standing 
5 882 387 925 528 79918 0 0 1 standing 
5 873 387 917 527 79919 0 0 1 standing 
5 865 386 909 526 79920 0 0 1 standing 
5 856 385 901 525 79921 0 0 1 standing 
5 847 385 893 524 79922 0 0 1 standing 
5 839 384 885 523 79923 0 0 1 standing 
5 830 383 877 522 79924 0 0 1 standing 
5 822 383 869 522 79925 0 0 0 standing 
5 813 383 860 522 79926 0 0 1 standing 
5 804 383 852 522 79927 0 0 1 standing 
5 795 383 844 522 79928 0 0 1 standing 
5 786 383 836 522 79929 0 0 1 standing 
5 778 383 828 522 79930 0 0 0 standing 
5 771 383 821 521 79931 0 0 1 standing 
5 765 383 814 521 79932 0 0 1 standing 
5 759 384 807 520 79933 0 0 1 standing 
5 753 384 800 520 79934 0 0 1 standing 
6 1024 462 1095 603 79915 0 0 0 standing 
6 1015 462 1085 602 79916 0 0 1 standing 
6 1007 463 1075 602 79917 0 0 1 standing 
6 999 463 1065 602 79918 0 0 1 standing 
6 991 464 1055 602 79919 0 0 1 standing 
6 983 465 1046 602 79920 0 0 1 standing 
6 975 465 1036 602 79921 0 0 1 standing 
6 967 466 1026 602 79922 0 0 1 standing 
6 959 466 1016 602 79923 0 0 1 standing 
6 951 467 1006 602 79924 0 0 1 standing 
6 943 468 997 602 79925 0 0 0 standing 
6 934 465 987 601 79926 0 0 1 standing 
6 926 463 978 600 79927 0 0 1 standing 
6 917 460 969 600 79928 0 0 1 standing 
6 909 458 960 599 79929 0 0 1 standing 
6 901 456 951 599 79930 0 0 0 standing 
6 893 454 942 594 79931 0 0 1 standing 
6 885 452 934 589 79932 0 0 1 standing 
6 877 450 926 584 79933 0 0 1 standing 
6 869 448 918 579 79934 0 0 1 standing 
7 993 394 1042 525 79915 0 0 0 standing 
7 986 393 1035 524 79916 0 0 1 standing 
7 980 393 1029 523 79917 0 0 1 standing 
7 973 393 1022 522 79918 0 0 1 standing 
7 967 392 1016 521 79919 0 0 1 standing 
7 961 392 1009 520 79920 0 0 1 standing 
7 954 392 1003 519 79921 0 0 1 standing 
7 948 391 996 518 79922 0 0 1 standing 
7 941 391 990 517 79923 0 0 1 standing 
7 935 391 983 516 79924 0 0 1 standing 
7 929 391 977 515 79925 0 0 0 standing 
7 921 390 970 512 79926 0 0 1 standing 
7 914 390 964 510 79927 0 0 1 standing 
7 907 390 957 508 79928 0 0 1 standing 
7 899 390 951 506 79929 0 0 1 standing 
7 892 390 945 504 79930 0 0 1 standing 
7 885 389 938 502 79931 0 0 1 standing 
7 877 389 932 500 79932 0 0 1 standing 
7 870 389 925 498 79933 0 0 1 standing 
7 863 389 919 496 79934 0 0 1 standing 
8 1028 359 1076 474 79915 0 0 0 standing 
8 1019 358 1067 475 79916 0 0 1 standing 
8 1011 358 1058 476 79917 0 0 1 standing 
8 1002 358 1049 477 79918 0 0 1 standing 
8 994 358 1040 479 79919 0 0 1 standing 
8 986 358 1031 480 79920 0 0 1 standing 
8 977 357 1022 481 79921 0 0 1 standing 
8 969 357 1013 483 79922 0 0 1 standing 
8 960 357 1004 484 79923 0 0 1 standing 
8 952 357 995 485 79924 0 0 1 standing 
8 944 357 986 487 79925 0 0 0 standing 
8 936 356 978 484 79926 0 0 1 standing 
8 929 356 970 482 79927 0 0 1 standing 
8 922 356 962 480 79928 0 0 1 standing 
8 915 356 954 477 79929 0 0 1 standing 
8 908 356 946 475 79930 0 0 1 standing 
8 901 356 938 473 79931 0 0 1 standing 
8 894 356 930 470 79932 0 0 1 standing 
8 887 356 922 468 79933 0 0 1 standing 
8 880 356 914 466 79934 0 0 1 standing 
9 1070 496 1133 590 79915 0 0 0 standing 
9 1061 492 1133 590 79916 0 0 1 moving 
9 1053 489 1134 590 79917 0 0 1 moving 
9 1044 485 1135 590 79918 0 0 1 moving 
9 1036 482 1136 591 79919 0 0 0 moving 
9 1038 479 1131 590 79920 0 0 1 moving 
9 1040 476 1127 590 79921 0 0 1 moving 
9 1042 474 1123 590 79922 0 0 1 moving 
9 1044 471 1119 590 79923 0 0 1 moving 
9 1046 468 1115 590 79924 0 0 1 moving 
9 1049 466 1111 590 79925 0 0 0 moving 
9 1050 465 1110 590 79926 0 0 1 moving 
9 1051 464 1110 591 79927 0 0 1 moving 
9 1053 464 1109 592 79928 0 0 1 moving 
9 1054 463 1109 593 79929 0 0 1 moving 
9 1056 463 1109 594 79930 0 0 0 moving 
9 1056 464 1110 597 79931 0 0 1 moving 
9 1056 466 1112 600 79932 0 0 1 moving 
9 1056 467 1113 603 79933 0 0 1 moving 
9 1056 469 1115 606 79934 0 0 1 moving 
10 1253 448 1278 576 79915 0 0 0 moving 
10 1251 446 1278 575 79916 0 0 1 standing 
10 1250 445 1278 575 79917 0 0 1 standing 
10 1248 444 1278 575 79918 0 0 1 standing 
10 1247 443 1278 575 79919 0 0 1 standing 
10 1245 442 1278 575 79920 0 0 1 standing 
10 1244 441 1278 575 79921 0 0 1 standing 
10 1242 440 1278 575 79922 0 0 1 standing 
10 1241 439 1278 575 79923 0 0 1 standing 
10 1239 438 1278 575 79924 0 0 1 standing 
10 1238 437 1278 575 79925 0 0 0 standing 
10 1235 437 1278 574 79926 0 0 1 standing 
10 1232 437 1278 574 79927 0 0 1 standing 
10 1230 437 1278 574 79928 0 0 1 standing 
10 1227 437 1278 574 79929 0 0 1 standing 
10 1225 437 1278 574 79930 0 0 1 standing 
10 1222 437 1278 574 79931 0 0 1 standing 
10 1219 437 1278 574 79932 0 0 1 standing 
10 1217 437 1278 574 79933 0 0 1 standing 
10 1214 437 1278 574 79934 0 0 1 standing 
11 1126 213 1184 286 79915 1 0 0 standing 
11 1135 230 1191 308 79916 1 0 1 standing 
11 1144 247 1199 331 79917 1 0 1 standing 
11 1153 264 1206 353 79918 1 0 1 standing 
11 1162 281 1214 376 79919 1 0 1 standing 
11 1171 299 1221 399 79920 1 0 1 standing 
11 1180 316 1229 421 79921 1 0 1 standing 
11 1189 333 1236 444 79922 1 0 1 standing 
11 1198 350 1244 466 79923 1 0 1 standing 
11 1207 367 1251 489 79924 1 0 1 standing 
11 1216 385 1259 512 79925 0 0 0 standing 
11 1209 385 1253 511 79926 0 0 1 standing 
11 1203 385 1247 510 79927 0 0 1 standing 
11 1196 385 1241 509 79928 0 0 1 standing 
11 1190 386 1235 508 79929 0 0 1 standing 
11 1183 386 1230 508 79930 0 0 1 standing 
11 1177 386 1224 507 79931 0 0 1 standing 
11 1170 387 1218 506 79932 0 0 1 standing 
11 1164 387 1212 505 79933 0 0 1 standing 
11 1157 387 1206 504 79934 0 0 1 standing 
