0 547 333 592 487 30990 0 1 0 spiking 
0 541 328 587 481 30991 0 1 1 spiking 
0 535 323 583 476 30992 0 1 1 spiking 
0 529 318 579 471 30993 0 1 1 spiking 
0 523 314 575 465 30994 0 1 1 spiking 
0 517 309 571 460 30995 0 1 1 spiking 
0 511 304 567 455 30996 0 1 1 spiking 
0 505 300 563 450 30997 0 1 0 spiking 
0 499 295 559 451 30998 0 1 1 spiking 
0 493 291 555 453 30999 0 1 1 spiking 
0 488 287 552 455 31000 0 1 0 spiking 
0 483 296 544 460 31001 0 1 1 spiking 
0 478 305 537 466 31002 0 1 1 spiking 
0 473 315 530 472 31003 0 1 1 spiking 
0 468 324 523 478 31004 0 1 1 spiking 
0 463 334 516 484 31005 0 1 0 spiking 
0 456 337 507 484 31006 0 1 1 spiking 
0 449 341 498 484 31007 0 1 1 spiking 
0 442 345 490 484 31008 0 1 1 spiking 
0 435 349 481 484 31009 0 1 1 spiking 
1 709 389 751 505 30990 0 1 0 spiking 
1 699 379 742 501 30991 0 1 1 blocking 
1 689 370 733 498 30992 0 1 1 blocking 
1 679 361 725 494 30993 0 1 1 blocking 
1 670 351 716 491 30994 0 1 1 blocking 
1 660 342 708 487 30995 0 1 1 blocking 
1 650 333 699 484 30996 0 1 1 blocking 
1 641 323 690 480 30997 0 1 1 blocking 
1 631 314 682 477 30998 0 1 1 blocking 
1 621 305 673 473 30999 0 1 1 blocking 
1 612 296 665 470 31000 0 1 0 blocking 
1 602 298 655 470 31001 0 1 1 blocking 
1 593 301 646 471 31002 0 1 1 blocking 
1 584 303 636 472 31003 0 1 1 blocking 
1 574 306 627 472 31004 0 1 1 blocking 
1 565 309 618 473 31005 0 1 1 blocking 
1 556 311 608 474 31006 0 1 1 blocking 
1 546 314 599 474 31007 0 1 1 blocking 
1 537 316 589 475 31008 0 1 1 blocking 
1 528 319 580 476 31009 0 1 1 blocking 
2 715 374 762 484 30990 0 1 0 blocking 
2 705 365 752 479 30991 0 1 1 blocking 
2 695 356 743 475 30992 0 1 1 blocking 
2 686 347 734 471 30993 0 1 1 blocking 
2 676 338 725 466 30994 0 1 1 blocking 
2 667 329 716 462 30995 0 1 1 blocking 
2 657 320 707 458 30996 0 1 1 blocking 
2 647 311 698 453 30997 0 1 1 blocking 
2 638 302 689 449 30998 0 1 1 blocking 
2 628 293 680 445 30999 0 1 1 blocking 
2 619 284 671 441 31000 0 1 0 blocking 
2 609 286 661 443 31001 0 1 1 blocking 
2 600 289 652 446 31002 0 1 1 blocking 
2 591 291 643 448 31003 0 1 1 blocking 
2 582 294 633 451 31004 0 1 1 blocking 
2 573 296 624 453 31005 0 1 1 blocking 
2 564 299 615 456 31006 0 1 1 blocking 
2 555 301 605 458 31007 0 1 1 blocking 
2 546 304 596 461 31008 0 1 1 blocking 
2 537 306 587 463 31009 0 1 1 blocking 
3 342 395 391 525 30990 0 0 0 blocking 
3 336 393 394 523 30991 0 0 1 standing 
3 331 391 397 521 30992 0 0 1 standing 
3 326 390 400 519 30993 0 0 0 standing 
3 320 390 394 519 30994 0 0 1 standing 
3 315 390 389 519 30995 0 0 1 standing 
3 310 391 384 520 30996 0 0 0 standing 
3 304 388 373 519 30997 0 0 1 standing 
3 299 385 363 519 30998 0 0 1 standing 
3 294 382 353 519 30999 0 0 0 standing 
3 287 381 343 518 31000 0 0 1 standing 
3 281 380 333 518 31001 0 0 1 standing 
3 275 380 323 518 31002 0 0 0 standing 
3 265 378 314 516 31003 0 0 1 standing 
3 256 376 305 514 31004 0 0 1 standing 
3 247 375 296 513 31005 0 0 0 standing 
3 236 374 285 513 31006 0 0 1 standing 
3 225 373 274 513 31007 0 0 1 standing 
3 214 372 263 513 31008 0 0 1 standing 
3 203 371 252 513 31009 0 0 1 standing 
4 361 365 399 470 30990 0 0 0 standing 
4 352 366 398 474 30991 0 0 1 standing 
4 344 368 398 479 30992 0 0 1 standing 
4 336 370 398 484 30993 0 0 0 standing 
4 328 370 400 483 30994 0 0 1 standing 
4 320 370 403 483 30995 0 0 1 standing 
4 313 370 406 483 30996 0 0 0 standing 
4 311 370 397 484 30997 0 0 1 standing 
4 309 370 389 485 30998 0 0 1 standing 
4 307 371 381 486 30999 0 0 0 standing 
4 310 368 373 485 31000 0 0 1 standing 
4 313 365 366 485 31001 0 0 1 standing 
4 316 363 359 485 31002 0 0 0 standing 
4 312 361 355 484 31003 0 0 1 standing 
4 309 359 351 483 31004 0 0 1 standing 
4 306 358 348 482 31005 0 0 0 standing 
4 299 360 344 482 31006 0 0 1 standing 
4 292 362 341 482 31007 0 0 1 standing 
4 285 365 337 482 31008 0 0 1 standing 
4 278 367 334 482 31009 0 0 1 standing 
5 519 429 562 564 30990 0 0 0 standing 
5 512 428 561 562 30991 0 0 1 standing 
5 506 427 560 561 30992 0 0 1 standing 
5 500 426 560 560 30993 0 0 0 standing 
5 495 426 554 557 30994 0 0 1 standing 
5 490 427 548 554 30995 0 0 1 standing 
5 486 428 543 552 30996 0 0 0 standing 
5 480 428 539 553 30997 0 0 1 standing 
5 475 428 536 554 30998 0 0 1 standing 
5 470 428 533 556 30999 0 0 0 standing 
5 462 425 532 555 31000 0 0 1 standing 
5 455 423 532 554 31001 0 0 1 standing 
5 448 421 532 554 31002 0 0 0 standing 
5 439 420 521 553 31003 0 0 1 standing 
5 431 419 511 553 31004 0 0 1 standing 
5 423 419 501 553 31005 0 0 0 standing 
5 414 417 491 552 31006 0 0 1 standing 
5 405 416 481 552 31007 0 0 1 standing 
5 396 414 471 551 31008 0 0 1 standing 
5 387 413 461 551 31009 0 0 1 standing 
6 647 394 687 526 30990 0 0 0 standing 
6 639 395 679 525 30991 0 0 1 standing 
6 631 397 671 524 30992 0 0 1 standing 
6 624 399 663 524 30993 0 0 0 standing 
6 616 398 655 523 30994 0 0 1 standing 
6 608 398 647 522 30995 0 0 1 standing 
6 600 398 639 522 30996 0 0 0 standing 
6 591 395 630 519 30997 0 0 1 standing 
6 582 393 621 517 30998 0 0 1 standing 
6 573 391 612 515 30999 0 0 0 standing 
6 564 389 601 513 31000 0 0 1 standing 
6 555 387 590 511 31001 0 0 1 standing 
6 546 386 580 509 31002 0 0 0 standing 
6 536 384 570 512 31003 0 0 1 standing 
6 526 383 560 515 31004 0 0 1 standing 
6 516 382 550 519 31005 0 0 0 standing 
6 506 380 540 518 31006 0 0 1 standing 
6 496 379 530 517 31007 0 0 1 standing 
6 487 377 521 516 31008 0 0 1 standing 
6 477 376 511 515 31009 0 0 1 standing 
7 821 439 893 579 30990 0 0 0 standing 
7 814 438 885 577 30991 0 0 1 standing 
7 808 437 878 575 30992 0 0 1 standing 
7 802 436 871 574 30993 0 0 0 standing 
7 795 436 861 574 30994 0 0 1 standing 
7 788 437 851 575 30995 0 0 1 standing 
7 782 438 841 576 30996 0 0 0 standing 
7 773 437 832 576 30997 0 0 1 standing 
7 764 436 823 577 30998 0 0 1 standing 
7 756 435 814 578 30999 0 0 0 standing 
7 748 431 805 576 31000 0 0 1 standing 
7 741 427 796 574 31001 0 0 1 standing 
7 734 424 788 573 31002 0 0 0 standing 
7 727 420 781 571 31003 0 0 1 standing 
7 720 417 774 569 31004 0 0 1 standing 
7 713 414 767 568 31005 0 0 0 standing 
7 705 414 758 565 31006 0 0 1 standing 
7 697 415 750 563 31007 0 0 1 standing 
7 689 415 742 561 31008 0 0 1 standing 
7 681 416 734 559 31009 0 0 1 standing 
8 1058 488 1138 614 30990 0 0 0 standing 
8 1048 491 1127 612 30991 0 0 1 waiting 
8 1038 494 1117 610 30992 0 0 1 waiting 
8 1028 497 1107 609 30993 0 0 0 waiting 
8 1019 496 1098 608 30994 0 0 1 waiting 
8 1010 495 1089 608 30995 0 0 1 waiting 
8 1001 495 1080 608 30996 0 0 0 waiting 
8 992 488 1070 606 30997 0 0 1 waiting 
8 983 481 1061 604 30998 0 0 1 waiting 
8 974 475 1052 603 30999 0 0 0 waiting 
8 964 470 1046 600 31000 0 0 1 waiting 
8 955 465 1040 597 31001 0 0 1 waiting 
8 946 461 1034 595 31002 0 0 0 waiting 
8 932 462 1025 592 31003 0 0 1 waiting 
8 919 463 1017 590 31004 0 0 1 waiting 
8 906 464 1009 588 31005 0 0 0 waiting 
8 895 460 998 583 31006 0 0 1 waiting 
8 885 457 988 578 31007 0 0 1 waiting 
8 874 454 977 574 31008 0 0 1 waiting 
8 864 451 967 569 31009 0 0 1 waiting 
9 1063 384 1128 480 30990 0 0 0 waiting 
9 1054 383 1119 478 30991 0 0 1 waiting 
9 1045 383 1110 477 30992 0 0 1 waiting 
9 1037 383 1101 476 30993 0 0 0 waiting 
9 1028 381 1092 474 30994 0 0 1 waiting 
9 1020 379 1084 472 30995 0 0 1 waiting 
9 1012 378 1076 471 30996 0 0 0 waiting 
9 1004 374 1066 471 30997 0 0 1 waiting 
9 996 371 1056 471 30998 0 0 1 waiting 
9 989 368 1047 471 30999 0 0 0 waiting 
9 977 366 1041 467 31000 0 0 1 waiting 
9 965 365 1036 463 31001 0 0 1 waiting 
9 953 364 1031 459 31002 0 0 0 waiting 
9 937 365 1024 459 31003 0 0 1 waiting 
9 922 366 1017 459 31004 0 0 1 waiting 
9 907 367 1011 460 31005 0 0 0 waiting 
9 898 366 995 462 31006 0 0 1 waiting 
9 890 366 980 465 31007 0 0 1 waiting 
9 882 365 965 468 31008 0 0 1 waiting 
9 874 365 950 471 31009 0 0 1 waiting 
10 1211 423 1277 543 30990 0 0 0 waiting 
10 1201 423 1266 542 30991 0 0 1 waiting 
10 1191 423 1255 542 30992 0 0 1 waiting 
10 1181 423 1245 542 30993 0 0 0 waiting 
10 1171 423 1235 540 30994 0 0 1 waiting 
10 1161 423 1225 538 30995 0 0 1 waiting 
10 1152 423 1216 537 30996 0 0 0 waiting 
10 1140 421 1204 535 30997 0 0 1 waiting 
10 1129 419 1193 533 30998 0 0 1 waiting 
10 1118 417 1182 531 30999 0 0 0 waiting 
10 1105 412 1168 530 31000 0 0 1 waiting 
10 1092 407 1155 530 31001 0 0 1 waiting 
10 1079 403 1142 530 31002 0 0 0 waiting 
10 1069 399 1133 526 31003 0 0 1 waiting 
10 1059 395 1125 522 31004 0 0 1 waiting 
10 1050 391 1117 518 31005 0 0 0 waiting 
10 1037 390 1103 517 31006 0 0 1 waiting 
10 1024 389 1090 516 31007 0 0 1 waiting 
10 1011 388 1076 516 31008 0 0 1 waiting 
10 998 387 1063 515 31009 0 0 1 waiting 
