0 1080 494 1168 662 10654 0 1 0 setting 
0 1087 486 1172 660 10655 0 1 1 setting 
0 1094 478 1177 659 10656 0 1 1 setting 
0 1101 470 1182 658 10657 0 1 1 setting 
0 1108 462 1186 656 10658 0 1 1 setting 
0 1115 454 1191 655 10659 0 1 1 setting 
0 1122 446 1196 654 10660 0 1 1 setting 
0 1129 438 1201 653 10661 0 1 0 setting 
0 1136 443 1206 651 10662 0 1 1 setting 
0 1143 448 1212 650 10663 0 1 1 setting 
0 1150 453 1218 649 10664 0 1 0 setting 
0 1155 463 1227 655 10665 0 1 1 setting 
0 1160 474 1236 662 10666 0 1 1 setting 
0 1165 484 1245 669 10667 0 1 1 setting 
0 1171 495 1254 676 10668 0 1 1 setting 
0 1176 505 1264 683 10669 0 1 1 setting 
0 1181 516 1273 689 10670 0 1 1 setting 
0 1187 526 1282 696 10671 0 1 1 setting 
0 1192 537 1291 703 10672 0 1 1 setting 
0 1197 547 1300 710 10673 0 1 1 setting 
1 1165 542 1284 706 10654 0 1 0 setting 
1 1158 543 1269 710 10655 0 1 1 standing 
1 1151 544 1255 714 10656 0 1 1 standing 
1 1144 545 1241 718 10657 0 1 1 standing 
1 1137 547 1227 722 10658 0 1 1 standing 
1 1130 548 1213 726 10659 0 1 1 standing 
1 1123 549 1199 730 10660 0 1 1 standing 
1 1116 551 1185 735 10661 0 1 0 standing 
1 1100 554 1180 742 10662 0 1 1 standing 
1 1084 558 1176 749 10663 0 1 1 standing 
1 1069 562 1172 757 10664 0 1 0 standing 
1 1068 544 1170 755 10665 0 1 1 standing 
1 1068 527 1169 754 10666 0 1 1 standing 
1 1067 510 1167 753 10667 0 1 1 standing 
1 1067 493 1166 752 10668 0 1 0 standing 
1 1058 495 1165 748 10669 0 1 1 standing 
1 1050 497 1165 744 10670 0 1 1 standing 
1 1042 499 1165 740 10671 0 1 1 standing 
1 1033 501 1164 736 10672 0 1 1 standing 
1 1025 503 1164 732 10673 0 1 1 standing 
2 1272 668 1388 872 10654 0 1 0 standing 
2 1271 673 1401 872 10655 0 1 1 moving 
2 1271 678 1415 873 10656 0 1 1 moving 
2 1271 684 1428 874 10657 0 1 1 moving 
2 1270 689 1442 875 10658 0 1 1 moving 
2 1270 694 1455 876 10659 0 1 1 moving 
2 1270 700 1469 877 10660 0 1 0 moving 
2 1263 701 1459 881 10661 0 1 1 moving 
2 1257 703 1450 885 10662 0 1 1 moving 
2 1251 704 1441 889 10663 0 1 1 moving 
2 1245 706 1432 893 10664 0 1 0 moving 
2 1241 706 1420 894 10665 0 1 1 moving 
2 1237 706 1409 896 10666 0 1 1 moving 
2 1233 706 1398 897 10667 0 1 1 moving 
2 1230 706 1387 899 10668 0 1 0 moving 
2 1214 704 1363 898 10669 0 1 1 moving 
2 1198 703 1340 898 10670 0 1 1 moving 
2 1182 702 1317 898 10671 0 1 1 moving 
2 1166 700 1293 897 10672 0 1 1 moving 
2 1150 699 1270 897 10673 0 1 1 moving 
3 1576 572 1656 756 10654 0 0 0 moving 
3 1579 573 1662 758 10655 0 0 1 standing 
3 1582 574 1668 760 10656 0 0 1 standing 
3 1586 575 1675 762 10657 0 0 0 standing 
3 1590 575 1680 763 10658 0 0 1 standing 
3 1594 576 1685 764 10659 0 0 1 standing 
3 1599 577 1691 765 10660 0 0 0 standing 
3 1601 575 1691 765 10661 0 0 1 standing 
3 1603 573 1692 766 10662 0 0 1 standing 
3 1605 571 1693 767 10663 0 0 0 standing 
3 1605 568 1693 763 10664 0 0 1 standing 
3 1605 565 1693 759 10665 0 0 1 standing 
3 1606 563 1693 755 10666 0 0 0 standing 
3 1608 563 1697 754 10667 0 0 1 standing 
3 1610 563 1701 753 10668 0 0 1 standing 
3 1612 563 1705 753 10669 0 0 0 standing 
3 1612 563 1706 751 10670 0 0 1 standing 
3 1612 563 1708 749 10671 0 0 1 standing 
3 1612 564 1710 747 10672 0 0 0 standing 
3 1612 564 1708 746 10673 0 0 1 standing 
4 1536 530 1640 712 10654 0 0 0 standing 
4 1526 532 1627 713 10655 0 0 1 moving 
4 1516 534 1615 714 10656 0 0 1 moving 
4 1506 537 1603 715 10657 0 0 0 moving 
4 1498 538 1603 716 10658 0 0 1 moving 
4 1491 539 1603 718 10659 0 0 1 moving 
4 1484 540 1604 720 10660 0 0 0 moving 
4 1481 541 1594 720 10661 0 0 1 moving 
4 1478 542 1584 721 10662 0 0 1 moving 
4 1475 543 1575 722 10663 0 0 0 moving 
4 1466 545 1570 722 10664 0 0 1 moving 
4 1457 547 1566 722 10665 0 0 1 moving 
4 1449 549 1562 723 10666 0 0 0 moving 
4 1429 548 1553 725 10667 0 0 1 moving 
4 1410 547 1544 727 10668 0 0 1 moving 
4 1391 546 1536 730 10669 0 0 0 moving 
4 1383 549 1521 733 10670 0 0 1 moving 
4 1376 552 1507 736 10671 0 0 1 moving 
4 1369 555 1493 739 10672 0 0 1 moving 
4 1362 558 1479 742 10673 0 0 1 moving 
5 1146 422 1271 565 10654 0 0 0 moving 
5 1152 424 1283 564 10655 0 0 1 moving 
5 1158 426 1295 564 10656 0 0 1 moving 
5 1164 429 1307 564 10657 0 0 0 moving 
5 1168 428 1307 562 10658 0 0 1 moving 
5 1172 427 1307 561 10659 0 0 1 moving 
5 1176 426 1307 560 10660 0 0 0 moving 
5 1174 424 1300 558 10661 0 0 1 moving 
5 1172 422 1294 557 10662 0 0 1 moving 
5 1170 420 1288 556 10663 0 0 0 moving 
5 1177 421 1287 556 10664 0 0 1 moving 
5 1184 422 1286 556 10665 0 0 1 moving 
5 1191 423 1285 557 10666 0 0 0 moving 
5 1182 422 1284 555 10667 0 0 1 moving 
5 1173 421 1283 553 10668 0 0 1 moving 
5 1164 420 1283 552 10669 0 0 0 moving 
5 1162 418 1275 551 10670 0 0 1 moving 
5 1160 416 1267 550 10671 0 0 1 moving 
5 1158 414 1259 549 10672 0 0 1 moving 
5 1156 412 1251 548 10673 0 0 1 moving 
6 870 603 935 794 10654 0 0 0 moving 
6 870 605 940 796 10655 0 0 1 standing 
6 871 607 946 798 10656 0 0 1 standing 
6 872 610 952 800 10657 0 0 0 standing 
6 874 610 952 799 10658 0 0 1 standing 
6 876 610 952 799 10659 0 0 1 standing 
6 879 610 952 799 10660 0 0 0 standing 
6 881 610 956 798 10661 0 0 1 standing 
6 883 610 961 798 10662 0 0 1 standing 
6 885 610 966 798 10663 0 0 0 standing 
6 884 611 965 799 10664 0 0 1 standing 
6 883 612 964 800 10665 0 0 1 standing 
6 882 614 963 802 10666 0 0 0 standing 
6 885 622 963 809 10667 0 0 1 standing 
6 888 630 963 817 10668 0 0 1 standing 
6 891 638 963 825 10669 0 0 0 standing 
6 885 640 964 831 10670 0 0 1 standing 
6 879 642 965 837 10671 0 0 1 standing 
6 873 645 966 843 10672 0 0 1 standing 
6 867 647 967 849 10673 0 0 1 standing 
7 868 518 948 702 10654 0 0 0 standing 
7 869 514 948 697 10655 0 0 1 blocking 
7 871 510 948 693 10656 0 0 1 blocking 
7 873 506 948 689 10657 0 0 0 blocking 
7 876 506 949 704 10658 0 0 1 blocking 
7 879 506 951 719 10659 0 0 1 blocking 
7 882 506 953 735 10660 0 0 0 blocking 
7 884 503 955 732 10661 0 0 1 blocking 
7 886 500 957 729 10662 0 0 1 blocking 
7 888 497 959 726 10663 0 0 0 blocking 
7 888 505 959 734 10664 0 0 1 blocking 
7 889 513 960 742 10665 0 0 1 blocking 
7 890 522 961 751 10666 0 0 0 blocking 
7 892 533 960 754 10667 0 0 1 blocking 
7 895 544 959 758 10668 0 0 1 blocking 
7 898 555 959 762 10669 0 0 0 blocking 
7 893 557 961 763 10670 0 0 1 blocking 
7 889 560 963 764 10671 0 0 1 blocking 
7 884 562 966 765 10672 0 0 1 blocking 
7 880 565 968 766 10673 0 0 1 blocking 
8 883 465 934 648 10654 0 0 0 blocking 
8 884 466 935 649 10655 0 0 1 standing 
8 885 467 936 650 10656 0 0 1 standing 
8 886 468 937 651 10657 0 0 0 standing 
8 886 467 937 650 10658 0 0 1 standing 
8 887 467 938 650 10659 0 0 1 standing 
8 888 467 939 650 10660 0 0 1 standing 
8 888 466 939 649 10661 0 0 1 standing 
8 889 466 940 649 10662 0 0 1 standing 
8 890 466 941 649 10663 0 0 1 standing 
8 890 465 941 648 10664 0 0 1 standing 
8 891 465 942 648 10665 0 0 1 standing 
8 892 465 943 648 10666 0 0 0 standing 
8 892 466 943 646 10667 0 0 1 standing 
8 893 467 943 645 10668 0 0 1 standing 
8 894 468 944 644 10669 0 0 0 standing 
8 890 469 946 641 10670 0 0 1 standing 
8 886 471 949 639 10671 0 0 1 standing 
8 882 473 952 637 10672 0 0 1 standing 
8 878 475 955 635 10673 0 0 1 standing 
9 517 438 606 620 10654 0 0 0 standing 
9 516 439 605 619 10655 0 0 1 standing 
9 516 441 604 619 10656 0 0 1 standing 
9 516 443 604 619 10657 0 0 0 standing 
9 516 443 599 618 10658 0 0 1 standing 
9 516 443 594 618 10659 0 0 1 standing 
9 516 443 589 618 10660 0 0 0 standing 
9 516 443 586 617 10661 0 0 1 standing 
9 516 443 583 617 10662 0 0 1 standing 
9 516 443 580 617 10663 0 0 0 standing 
9 513 443 580 616 10664 0 0 1 standing 
9 510 443 580 616 10665 0 0 1 standing 
9 507 443 580 616 10666 0 0 0 standing 
9 502 443 580 615 10667 0 0 1 standing 
9 497 443 580 615 10668 0 0 1 standing 
9 492 443 580 615 10669 0 0 0 standing 
9 494 444 580 616 10670 0 0 1 standing 
9 496 446 580 617 10671 0 0 1 standing 
9 498 447 581 619 10672 0 0 1 standing 
9 500 449 581 620 10673 0 0 1 standing 
10 369 635 465 843 10654 0 0 0 standing 
10 366 637 464 844 10655 0 0 1 waiting 
10 364 639 463 845 10656 0 0 1 waiting 
10 362 641 463 847 10657 0 0 0 waiting 
10 360 643 461 846 10658 0 0 1 waiting 
10 358 645 460 845 10659 0 0 1 waiting 
10 356 648 459 844 10660 0 0 0 waiting 
10 356 648 459 844 10661 0 0 1 waiting 
10 356 649 459 845 10662 0 0 1 waiting 
10 356 650 459 846 10663 0 0 1 waiting 
10 356 650 459 846 10664 0 0 1 waiting 
10 356 651 459 847 10665 0 0 1 waiting 
10 356 652 459 848 10666 0 0 1 waiting 
10 356 653 459 849 10667 0 0 1 waiting 
10 356 653 459 849 10668 0 0 1 waiting 
10 356 654 459 850 10669 0 0 1 waiting 
10 356 655 459 851 10670 0 0 1 waiting 
10 356 655 459 851 10671 0 0 1 waiting 
10 356 656 459 852 10672 0 0 1 waiting 
10 356 657 459 853 10673 0 0 1 waiting 
11 324 495 429 698 10654 0 0 0 waiting 
11 324 495 423 697 10655 0 0 1 standing 
11 324 495 417 697 10656 0 0 1 standing 
11 324 495 411 697 10657 0 0 0 standing 
11 324 495 403 698 10658 0 0 1 standing 
11 324 495 395 699 10659 0 0 1 standing 
11 324 495 387 700 10660 0 0 0 standing 
11 322 495 387 699 10661 0 0 1 standing 
11 320 495 387 699 10662 0 0 1 standing 
11 318 495 387 699 10663 0 0 1 standing 
11 316 495 387 699 10664 0 0 1 standing 
11 314 495 387 699 10665 0 0 1 standing 
11 312 495 387 699 10666 0 0 0 standing 
11 311 498 386 702 10667 0 0 1 standing 
11 311 502 386 706 10668 0 0 1 standing 
11 311 506 386 710 10669 0 0 0 standing 
11 310 510 386 710 10670 0 0 1 standing 
11 309 514 386 710 10671 0 0 1 standing 
11 309 518 386 711 10672 0 0 1 standing 
11 308 522 386 711 10673 0 0 1 standing 
