0 1010 416 1072 557 46615 0 0 0 standing 
0 1008 416 1070 557 46616 0 0 1 standing 
0 1006 416 1068 557 46617 0 0 1 standing 
0 1004 416 1066 557 46618 0 0 1 standing 
0 1002 416 1064 557 46619 0 0 1 standing 
0 1001 416 1063 557 46620 0 0 1 standing 
0 999 416 1061 557 46621 0 0 1 standing 
0 997 416 1059 557 46622 0 0 1 standing 
0 995 416 1057 557 46623 0 0 1 standing 
0 993 416 1055 557 46624 0 0 1 standing 
0 992 417 1054 558 46625 0 0 0 standing 
0 989 416 1054 557 46626 0 0 1 standing 
0 986 416 1054 557 46627 0 0 1 standing 
0 983 416 1054 556 46628 0 0 1 standing 
0 980 415 1054 556 46629 0 0 1 standing 
0 977 415 1054 555 46630 0 0 1 standing 
0 974 415 1054 555 46631 0 0 1 standing 
0 971 415 1054 555 46632 0 0 0 standing 
0 968 415 1044 555 46633 0 0 1 standing 
0 965 415 1034 555 46634 0 0 1 standing 
1 763 380 831 524 46615 0 0 0 standing 
1 761 380 829 524 46616 0 0 1 standing 
1 760 380 828 524 46617 0 0 1 standing 
1 759 380 827 524 46618 0 0 1 standing 
1 758 380 826 524 46619 0 0 1 standing 
1 757 381 825 525 46620 0 0 1 standing 
1 756 381 824 525 46621 0 0 1 standing 
1 755 381 823 525 46622 0 0 1 standing 
1 754 381 822 525 46623 0 0 1 standing 
1 753 381 821 525 46624 0 0 1 standing 
1 752 382 820 526 46625 0 0 0 standing 
1 752 382 820 525 46626 0 0 1 standing 
1 752 382 821 525 46627 0 0 1 standing 
1 752 382 822 525 46628 0 0 1 standing 
1 752 382 823 525 46629 0 0 1 standing 
1 752 382 824 525 46630 0 0 1 standing 
1 752 382 825 525 46631 0 0 1 standing 
1 752 382 826 525 46632 0 0 1 standing 
1 752 382 827 525 46633 0 0 1 standing 
1 752 382 828 525 46634 0 0 1 standing 
2 820 485 872 636 46615 0 0 0 standing 
2 821 483 873 634 46616 0 0 1 standing 
2 822 482 874 633 46617 0 0 1 standing 
2 823 481 875 632 46618 0 0 1 standing 
2 825 480 877 631 46619 0 0 1 standing 
2 826 479 878 630 46620 0 0 1 standing 
2 827 477 879 628 46621 0 0 1 standing 
2 829 476 881 627 46622 0 0 1 standing 
2 830 475 882 626 46623 0 0 1 standing 
2 831 474 883 625 46624 0 0 1 standing 
2 833 473 885 624 46625 0 0 0 standing 
2 834 473 886 624 46626 0 0 1 standing 
2 836 473 888 624 46627 0 0 1 standing 
2 838 473 890 624 46628 0 0 1 standing 
2 840 474 892 625 46629 0 0 1 standing 
2 842 474 894 625 46630 0 0 1 standing 
2 843 474 895 625 46631 0 0 1 standing 
2 845 475 897 626 46632 0 0 1 standing 
2 847 475 899 626 46633 0 0 1 standing 
2 849 475 901 626 46634 0 0 1 standing 
3 623 425 693 556 46615 0 0 0 standing 
3 623 422 690 554 46616 0 0 1 standing 
3 623 420 687 552 46617 0 0 1 standing 
3 623 417 684 550 46618 0 0 1 standing 
3 623 415 682 548 46619 0 0 1 standing 
3 623 413 679 547 46620 0 0 1 standing 
3 623 410 676 545 46621 0 0 1 standing 
3 623 408 674 543 46622 0 0 1 standing 
3 623 405 671 541 46623 0 0 1 standing 
3 623 403 668 539 46624 0 0 1 standing 
3 623 401 666 538 46625 0 0 0 standing 
3 623 401 666 538 46626 0 0 1 standing 
3 624 401 667 538 46627 0 0 1 standing 
3 624 401 667 538 46628 0 0 1 standing 
3 625 401 668 538 46629 0 0 1 standing 
3 625 402 668 539 46630 0 0 1 standing 
3 626 402 669 539 46631 0 0 1 standing 
3 626 402 669 539 46632 0 0 1 standing 
3 627 402 670 539 46633 0 0 1 standing 
3 627 402 670 539 46634 0 0 1 standing 
4 580 460 635 619 46615 0 0 0 standing 
4 581 457 636 616 46616 0 0 1 standing 
4 583 455 638 614 46617 0 0 1 standing 
4 584 453 639 612 46618 0 0 1 standing 
4 586 451 641 610 46619 0 0 1 standing 
4 588 449 643 608 46620 0 0 1 standing 
4 589 447 644 606 46621 0 0 1 standing 
4 591 445 646 604 46622 0 0 1 standing 
4 592 443 647 602 46623 0 0 1 standing 
4 594 441 649 600 46624 0 0 1 standing 
4 596 439 651 598 46625 0 0 0 standing 
4 597 439 651 597 46626 0 0 1 standing 
4 599 439 651 597 46627 0 0 1 standing 
4 600 439 651 597 46628 0 0 1 standing 
4 602 439 651 597 46629 0 0 1 standing 
4 604 439 651 597 46630 0 0 1 standing 
4 605 439 651 597 46631 0 0 1 standing 
4 607 439 651 597 46632 0 0 1 standing 
4 608 439 651 597 46633 0 0 1 standing 
4 610 439 651 597 46634 0 0 1 standing 
5 568 474 624 644 46615 0 0 0 standing 
5 568 473 624 643 46616 0 0 1 standing 
5 569 473 625 643 46617 0 0 1 standing 
5 569 472 625 642 46618 0 0 1 standing 
5 570 472 626 642 46619 0 0 1 standing 
5 571 471 627 641 46620 0 0 1 standing 
5 571 471 627 641 46621 0 0 1 standing 
5 572 470 628 640 46622 0 0 1 standing 
5 572 470 628 640 46623 0 0 1 standing 
5 573 469 629 639 46624 0 0 1 standing 
5 574 469 630 639 46625 0 0 0 standing 
5 576 467 632 637 46626 0 0 1 standing 
5 579 466 635 636 46627 0 0 1 standing 
5 581 464 637 634 46628 0 0 1 standing 
5 584 463 640 633 46629 0 0 1 standing 
5 586 462 642 632 46630 0 0 1 standing 
5 589 460 645 630 46631 0 0 1 standing 
5 591 459 647 629 46632 0 0 1 standing 
5 594 457 650 627 46633 0 0 1 standing 
5 596 456 652 626 46634 0 0 1 standing 
6 379 366 443 495 46615 0 0 0 standing 
6 379 365 443 494 46616 0 0 1 standing 
6 379 365 443 494 46617 0 0 1 standing 
6 379 365 443 494 46618 0 0 1 standing 
6 379 365 443 494 46619 0 0 1 standing 
6 379 365 443 494 46620 0 0 1 standing 
6 379 364 443 493 46621 0 0 1 standing 
6 379 364 443 493 46622 0 0 1 standing 
6 379 364 443 493 46623 0 0 1 standing 
6 379 364 443 493 46624 0 0 1 standing 
6 379 364 443 493 46625 0 0 1 standing 
6 380 363 444 492 46626 0 0 1 standing 
6 380 363 444 492 46627 0 0 1 standing 
6 380 363 444 492 46628 0 0 1 standing 
6 380 363 444 492 46629 0 0 1 standing 
6 380 363 444 492 46630 0 0 1 standing 
6 380 362 444 491 46631 0 0 1 standing 
6 380 362 444 491 46632 0 0 1 standing 
6 380 362 444 491 46633 0 0 1 standing 
6 380 362 444 491 46634 0 0 1 standing 
7 10 446 74 618 46615 0 0 0 standing 
7 11 446 75 618 46616 0 0 1 standing 
7 12 446 76 618 46617 0 0 1 standing 
7 13 446 77 618 46618 0 0 1 standing 
7 14 446 78 618 46619 0 0 1 standing 
7 15 446 79 618 46620 0 0 1 standing 
7 16 446 80 618 46621 0 0 1 standing 
7 17 446 81 618 46622 0 0 1 standing 
7 18 446 82 618 46623 0 0 1 standing 
7 19 446 83 618 46624 0 0 1 standing 
7 20 446 84 618 46625 0 0 1 standing 
7 21 446 85 618 46626 0 0 1 standing 
7 22 446 86 618 46627 0 0 1 standing 
7 23 446 87 618 46628 0 0 1 standing 
7 24 446 88 618 46629 0 0 1 standing 
7 25 446 89 618 46630 0 0 1 standing 
7 26 446 90 618 46631 0 0 1 standing 
7 27 446 91 618 46632 0 0 1 standing 
7 28 446 92 618 46633 0 0 1 standing 
7 29 446 93 618 46634 0 0 1 standing 
8 437 455 539 585 46615 0 1 0 standing 
8 439 460 541 585 46616 0 1 1 falling 
8 442 465 544 585 46617 0 1 1 falling 
8 444 470 546 585 46618 0 1 1 falling 
8 447 476 549 585 46619 0 1 1 falling 
8 450 481 551 586 46620 0 1 1 falling 
8 452 486 554 586 46621 0 1 1 falling 
8 455 492 556 586 46622 0 1 1 falling 
8 457 497 559 586 46623 0 1 1 falling 
8 460 502 561 586 46624 0 1 1 falling 
8 463 508 564 587 46625 0 1 0 falling 
8 466 509 565 590 46626 0 1 1 falling 
8 469 511 566 594 46627 0 1 1 falling 
8 473 512 567 598 46628 0 1 1 falling 
8 476 514 568 602 46629 0 1 1 falling 
8 479 516 569 605 46630 0 1 1 falling 
8 483 517 570 609 46631 0 1 1 falling 
8 486 519 571 613 46632 0 1 1 falling 
8 490 521 573 617 46633 0 1 0 falling 
8 489 517 571 616 46634 0 1 1 falling 
9 436 470 518 644 46615 0 0 0 falling 
9 431 471 513 645 46616 0 0 1 standing 
9 427 473 509 647 46617 0 0 1 standing 
9 422 474 504 648 46618 0 0 1 standing 
9 418 476 500 650 46619 0 0 1 standing 
9 414 478 496 652 46620 0 0 1 standing 
9 409 479 491 653 46621 0 0 1 standing 
9 405 481 487 655 46622 0 0 1 standing 
9 400 482 482 656 46623 0 0 1 standing 
9 396 484 478 658 46624 0 0 1 standing 
9 392 486 474 660 46625 0 0 0 standing 
9 390 485 471 661 46626 0 0 1 standing 
9 388 485 468 662 46627 0 0 1 standing 
9 386 485 465 664 46628 0 0 1 standing 
9 385 484 463 665 46629 0 0 1 standing 
9 383 484 460 667 46630 0 0 1 standing 
9 381 484 457 668 46631 0 0 1 standing 
9 380 483 455 669 46632 0 0 1 standing 
9 378 483 452 671 46633 0 0 1 standing 
9 376 483 449 672 46634 0 0 1 standing 
10 360 429 423 568 46615 0 0 0 standing 
10 360 428 423 567 46616 0 0 1 standing 
10 360 428 423 567 46617 0 0 1 standing 
10 360 428 423 567 46618 0 0 1 standing 
10 360 428 423 567 46619 0 0 1 standing 
10 361 427 424 566 46620 0 0 1 standing 
10 361 427 424 566 46621 0 0 1 standing 
10 361 427 424 566 46622 0 0 1 standing 
10 361 427 424 566 46623 0 0 1 standing 
10 361 426 424 565 46624 0 0 1 standing 
10 362 426 425 565 46625 0 0 1 standing 
10 362 426 425 565 46626 0 0 1 standing 
10 362 426 425 565 46627 0 0 1 standing 
10 362 425 425 564 46628 0 0 1 standing 
10 362 425 425 564 46629 0 0 1 standing 
10 363 425 426 564 46630 0 0 1 standing 
10 363 425 426 564 46631 0 0 1 standing 
10 363 424 426 563 46632 0 0 1 standing 
10 363 424 426 563 46633 0 0 1 standing 
10 363 424 426 563 46634 0 0 1 standing 
11 329 472 389 620 46615 0 0 0 standing 
11 328 472 388 620 46616 0 0 1 standing 
11 327 472 387 620 46617 0 0 1 standing 
11 326 472 386 620 46618 0 0 1 standing 
11 325 472 385 620 46619 0 0 1 standing 
11 324 472 384 620 46620 0 0 1 standing 
11 323 472 383 620 46621 0 0 1 standing 
11 322 472 382 620 46622 0 0 1 standing 
11 321 472 381 620 46623 0 0 1 standing 
11 320 472 380 620 46624 0 0 1 standing 
11 320 472 380 620 46625 0 0 0 standing 
11 310 472 380 620 46626 0 0 1 standing 
11 300 473 380 620 46627 0 0 1 standing 
11 291 474 380 621 46628 0 0 0 standing 
11 289 475 378 622 46629 0 0 1 standing 
11 287 476 376 623 46630 0 0 1 standing 
11 285 477 374 624 46631 0 0 1 standing 
11 283 478 372 625 46632 0 0 0 standing 
11 285 478 374 625 46633 0 0 1 standing 
11 287 479 376 626 46634 0 0 1 standing 
