0 626 336 681 471 57735 0 1 0 setting 
0 627 333 682 469 57736 0 1 1 setting 
0 629 330 683 467 57737 0 1 1 setting 
0 630 327 685 466 57738 0 1 1 setting 
0 632 325 686 464 57739 0 1 1 setting 
0 633 322 687 462 57740 0 1 1 setting 
0 635 319 689 461 57741 0 1 1 setting 
0 636 316 690 459 57742 0 1 1 setting 
0 638 314 692 458 57743 0 1 0 setting 
0 638 316 697 457 57744 0 1 1 setting 
0 639 318 702 456 57745 0 1 1 setting 
0 640 320 707 455 57746 0 1 1 setting 
0 641 322 713 454 57747 0 1 1 setting 
0 642 324 718 453 57748 0 1 1 setting 
0 643 326 723 452 57749 0 1 1 setting 
0 644 329 729 452 57750 0 1 0 setting 
0 648 332 729 455 57751 0 1 1 setting 
0 653 335 729 458 57752 0 1 1 setting 
0 658 338 729 461 57753 0 1 1 setting 
0 663 341 729 464 57754 0 1 1 setting 
1 853 504 970 658 57735 0 1 0 setting 
1 858 505 976 660 57736 0 1 1 moving 
1 864 507 982 662 57737 0 1 1 moving 
1 870 508 988 664 57738 0 1 1 moving 
1 876 510 994 667 57739 0 1 0 moving 
1 875 510 996 667 57740 0 1 1 moving 
1 875 511 998 667 57741 0 1 1 moving 
1 875 512 1000 667 57742 0 1 1 moving 
1 874 512 1002 667 57743 0 1 1 moving 
1 874 513 1004 667 57744 0 1 1 moving 
1 874 514 1007 667 57745 0 1 0 moving 
1 866 512 1008 668 57746 0 1 1 moving 
1 858 510 1010 670 57747 0 1 1 moving 
1 851 509 1012 672 57748 0 1 0 moving 
1 851 510 1002 673 57749 0 1 1 moving 
1 852 511 992 674 57750 0 1 1 moving 
1 852 513 982 676 57751 0 1 1 moving 
1 853 514 973 677 57752 0 1 1 moving 
1 853 516 963 679 57753 0 1 1 moving 
1 854 517 953 680 57754 0 1 1 moving 
2 23 383 69 525 57735 0 0 0 moving 
2 15 383 68 525 57736 0 0 1 moving 
2 7 383 67 525 57737 0 0 1 moving 
2 0 383 67 526 57738 0 0 0 moving 
2 0 385 62 525 57739 0 0 1 moving 
2 0 387 57 524 57740 0 0 1 moving 
2 0 389 52 524 57741 0 0 0 moving 
2 0 389 52 524 57742 0 0 1 moving 
2 0 389 52 524 57743 0 0 1 moving 
2 0 389 52 524 57744 0 0 1 moving 
2 0 389 52 524 57745 0 0 1 moving 
2 0 389 52 524 57746 0 0 1 moving 
2 0 389 52 524 57747 0 0 1 moving 
2 0 389 52 524 57748 0 0 1 moving 
2 0 389 52 524 57749 0 0 1 moving 
2 0 389 52 524 57750 0 0 1 moving 
2 0 389 52 524 57751 0 0 1 moving 
2 0 389 52 524 57752 0 0 1 moving 
2 0 389 52 524 57753 0 0 1 moving 
2 0 389 52 524 57754 0 0 1 moving 
3 138 453 192 598 57735 0 0 0 moving 
3 134 456 193 602 57736 0 0 1 standing 
3 131 459 195 607 57737 0 0 1 standing 
3 128 462 197 612 57738 0 0 0 standing 
3 124 463 196 614 57739 0 0 1 standing 
3 120 464 195 616 57740 0 0 1 standing 
3 116 465 194 618 57741 0 0 0 standing 
3 112 466 187 618 57742 0 0 1 standing 
3 109 468 180 618 57743 0 0 1 standing 
3 106 470 174 618 57744 0 0 0 standing 
3 98 471 173 617 57745 0 0 1 standing 
3 91 472 172 617 57746 0 0 1 standing 
3 84 473 171 617 57747 0 0 0 standing 
3 80 474 173 618 57748 0 0 1 standing 
3 77 476 175 619 57749 0 0 1 standing 
3 74 478 178 621 57750 0 0 0 standing 
3 75 479 173 622 57751 0 0 1 standing 
3 77 481 169 624 57752 0 0 1 standing 
3 78 482 164 625 57753 0 0 1 standing 
3 80 484 160 627 57754 0 0 1 standing 
4 274 359 333 478 57735 0 0 0 standing 
4 266 359 331 478 57736 0 0 1 standing 
4 258 359 330 478 57737 0 0 1 standing 
4 251 359 329 479 57738 0 0 0 standing 
4 249 357 324 478 57739 0 0 1 standing 
4 248 355 320 477 57740 0 0 1 standing 
4 247 353 316 477 57741 0 0 0 standing 
4 242 353 309 476 57742 0 0 1 standing 
4 238 353 303 476 57743 0 0 1 standing 
4 234 353 297 476 57744 0 0 0 standing 
4 229 353 292 477 57745 0 0 1 standing 
4 224 353 287 479 57746 0 0 1 standing 
4 220 353 282 481 57747 0 0 0 standing 
4 211 356 276 482 57748 0 0 1 standing 
4 202 359 271 483 57749 0 0 1 standing 
4 193 363 266 485 57750 0 0 0 standing 
4 190 363 268 485 57751 0 0 1 standing 
4 187 364 270 485 57752 0 0 1 standing 
4 184 365 272 485 57753 0 0 1 standing 
4 181 366 274 485 57754 0 0 1 standing 
5 448 444 514 595 57735 0 0 0 standing 
5 447 444 514 595 57736 0 0 1 standing 
5 447 444 514 596 57737 0 0 1 standing 
5 447 444 515 597 57738 0 0 0 standing 
5 448 445 516 598 57739 0 0 1 standing 
5 449 446 517 599 57740 0 0 1 standing 
5 450 447 518 600 57741 0 0 0 standing 
5 449 445 516 598 57742 0 0 1 standing 
5 449 443 514 596 57743 0 0 1 standing 
5 449 441 513 594 57744 0 0 0 standing 
5 450 442 511 595 57745 0 0 1 standing 
5 452 443 510 596 57746 0 0 1 standing 
5 454 445 509 598 57747 0 0 0 standing 
5 454 446 510 596 57748 0 0 1 standing 
5 454 447 511 594 57749 0 0 1 standing 
5 454 449 512 593 57750 0 0 0 standing 
5 456 450 515 594 57751 0 0 1 standing 
5 459 452 518 595 57752 0 0 1 standing 
5 462 454 521 596 57753 0 0 0 standing 
5 462 454 521 596 57754 0 0 1 standing 
6 447 411 501 559 57735 0 0 0 standing 
6 447 411 501 559 57736 0 0 1 standing 
6 447 411 501 559 57737 0 0 1 standing 
6 448 411 502 559 57738 0 0 0 standing 
6 449 410 503 558 57739 0 0 1 standing 
6 450 410 504 558 57740 0 0 1 standing 
6 451 410 505 558 57741 0 0 0 standing 
6 451 410 504 557 57742 0 0 1 standing 
6 451 410 504 556 57743 0 0 1 standing 
6 451 411 504 555 57744 0 0 0 standing 
6 452 413 505 557 57745 0 0 1 standing 
6 453 415 506 559 57746 0 0 1 standing 
6 455 417 508 561 57747 0 0 0 standing 
6 460 416 510 560 57748 0 0 1 standing 
6 465 415 512 559 57749 0 0 1 standing 
6 471 414 515 558 57750 0 0 0 standing 
6 475 415 519 559 57751 0 0 1 standing 
6 480 417 524 561 57752 0 0 1 standing 
6 485 419 529 563 57753 0 0 0 standing 
6 485 419 529 563 57754 0 0 1 standing 
7 482 378 538 515 57735 0 0 0 standing 
7 484 378 536 515 57736 0 0 1 standing 
7 487 378 535 515 57737 0 0 1 standing 
7 490 378 534 515 57738 0 0 0 standing 
7 491 378 536 515 57739 0 0 1 standing 
7 492 378 539 515 57740 0 0 1 standing 
7 493 378 542 515 57741 0 0 0 standing 
7 493 378 542 516 57742 0 0 1 standing 
7 494 379 543 517 57743 0 0 1 standing 
7 495 380 544 518 57744 0 0 0 standing 
7 495 380 544 518 57745 0 0 1 standing 
7 496 380 545 518 57746 0 0 1 standing 
7 497 380 546 518 57747 0 0 0 standing 
7 500 380 549 517 57748 0 0 1 standing 
7 504 380 553 516 57749 0 0 1 standing 
7 508 381 557 515 57750 0 0 0 standing 
7 507 382 558 514 57751 0 0 1 standing 
7 506 383 559 513 57752 0 0 1 standing 
7 506 385 560 512 57753 0 0 1 standing 
7 505 386 561 511 57754 0 0 1 standing 
8 586 379 644 524 57735 0 0 0 standing 
8 586 380 644 527 57736 0 0 1 standing 
8 586 381 645 531 57737 0 0 1 standing 
8 587 383 646 535 57738 0 0 0 standing 
8 589 384 648 538 57739 0 0 1 standing 
8 592 385 650 541 57740 0 0 1 standing 
8 595 386 653 544 57741 0 0 0 standing 
8 597 385 654 543 57742 0 0 1 standing 
8 600 385 655 543 57743 0 0 1 standing 
8 603 385 656 543 57744 0 0 0 standing 
8 605 384 655 543 57745 0 0 1 standing 
8 608 384 654 543 57746 0 0 1 standing 
8 611 384 653 543 57747 0 0 0 standing 
8 611 384 654 546 57748 0 0 1 standing 
8 612 384 655 549 57749 0 0 1 standing 
8 613 384 656 553 57750 0 0 0 standing 
8 615 387 659 554 57751 0 0 1 standing 
8 618 391 663 556 57752 0 0 1 standing 
8 620 395 666 558 57753 0 0 1 standing 
8 623 399 670 560 57754 0 0 1 standing 
9 822 348 874 490 57735 0 0 0 standing 
9 825 352 878 491 57736 0 0 1 moving 
9 828 356 882 492 57737 0 0 1 moving 
9 832 361 886 493 57738 0 0 0 moving 
9 834 361 888 493 57739 0 0 1 moving 
9 837 362 891 494 57740 0 0 1 moving 
9 840 363 894 495 57741 0 0 0 moving 
9 842 363 896 495 57742 0 0 1 moving 
9 844 363 898 495 57743 0 0 1 moving 
9 846 363 900 495 57744 0 0 0 moving 
9 847 366 901 495 57745 0 0 1 moving 
9 848 369 902 495 57746 0 0 1 moving 
9 850 373 903 495 57747 0 0 0 moving 
9 848 374 904 500 57748 0 0 1 moving 
9 847 375 906 505 57749 0 0 1 moving 
9 846 377 908 511 57750 0 0 0 moving 
9 849 377 913 512 57751 0 0 1 moving 
9 852 377 919 513 57752 0 0 1 moving 
9 856 378 925 515 57753 0 0 1 moving 
9 859 378 931 516 57754 0 0 1 moving 
10 879 419 933 551 57735 0 0 0 moving 
10 880 417 934 550 57736 0 0 1 standing 
10 881 416 935 549 57737 0 0 1 standing 
10 882 415 936 548 57738 0 0 0 standing 
10 882 418 936 553 57739 0 0 1 standing 
10 883 421 936 558 57740 0 0 1 standing 
10 884 425 937 563 57741 0 0 0 standing 
10 886 425 940 563 57742 0 0 1 standing 
10 889 425 943 563 57743 0 0 1 standing 
10 892 426 946 564 57744 0 0 0 standing 
10 892 426 946 564 57745 0 0 1 standing 
10 893 426 947 564 57746 0 0 1 standing 
10 894 427 948 565 57747 0 0 0 standing 
10 894 429 948 566 57748 0 0 1 standing 
10 895 431 949 568 57749 0 0 1 standing 
10 896 433 950 570 57750 0 0 0 standing 
10 899 436 954 572 57751 0 0 1 standing 
10 902 439 959 575 57752 0 0 1 standing 
10 905 443 964 577 57753 0 0 1 standing 
10 908 446 969 580 57754 0 0 1 standing 
11 956 368 1013 481 57735 0 0 0 standing 
11 958 364 1015 481 57736 0 0 1 standing 
11 960 360 1018 482 57737 0 0 1 standing 
11 962 356 1021 483 57738 0 0 0 standing 
11 965 353 1028 483 57739 0 0 1 standing 
11 969 351 1035 483 57740 0 0 1 standing 
11 973 349 1042 483 57741 0 0 0 standing 
11 985 351 1049 485 57742 0 0 1 standing 
11 997 353 1056 487 57743 0 0 1 standing 
11 1009 355 1063 489 57744 0 0 0 standing 
11 1015 356 1069 490 57745 0 0 1 standing 
11 1021 357 1075 491 57746 0 0 1 standing 
11 1028 359 1082 493 57747 0 0 0 standing 
11 1031 360 1088 496 57748 0 0 1 standing 
11 1034 361 1094 499 57749 0 0 1 standing 
11 1037 363 1101 502 57750 0 0 0 standing 
11 1043 363 1106 502 57751 0 0 1 standing 
11 1049 364 1111 503 57752 0 0 1 standing 
11 1055 365 1116 504 57753 0 0 1 standing 
11 1061 366 1121 505 57754 0 0 1 standing 
