0 453 449 526 581 4140 0 1 0 digging 
0 455 445 529 580 4141 0 1 1 digging 
0 458 442 532 580 4142 0 1 1 digging 
0 460 438 535 580 4143 0 1 1 digging 
0 463 435 538 580 4144 0 1 1 digging 
0 466 432 542 580 4145 0 1 1 digging 
0 468 428 545 579 4146 0 1 1 digging 
0 471 425 548 579 4147 0 1 1 digging 
0 473 421 551 579 4148 0 1 1 digging 
0 476 418 554 579 4149 0 1 1 digging 
0 479 415 558 579 4150 0 1 0 digging 
0 477 413 554 576 4151 0 1 1 digging 
0 476 411 550 574 4152 0 1 1 digging 
0 475 410 546 571 4153 0 1 1 digging 
0 474 408 542 569 4154 0 1 1 digging 
0 473 407 538 566 4155 0 1 1 digging 
0 472 405 534 564 4156 0 1 1 digging 
0 471 403 530 561 4157 0 1 1 digging 
0 470 402 526 559 4158 0 1 1 digging 
0 469 400 522 556 4159 0 1 1 digging 
1 302 347 370 475 4140 0 0 0 digging 
1 302 346 370 474 4141 0 0 1 standing 
1 302 346 370 474 4142 0 0 1 standing 
1 302 346 370 474 4143 0 0 1 standing 
1 303 345 371 473 4144 0 0 1 standing 
1 303 345 371 473 4145 0 0 1 standing 
1 303 345 371 473 4146 0 0 1 standing 
1 304 344 372 472 4147 0 0 1 standing 
1 304 344 372 472 4148 0 0 1 standing 
1 304 344 372 472 4149 0 0 1 standing 
1 305 344 373 472 4150 0 0 0 standing 
1 305 343 372 472 4151 0 0 1 standing 
1 305 342 372 472 4152 0 0 1 standing 
1 305 341 372 472 4153 0 0 1 standing 
1 305 340 372 472 4154 0 0 1 standing 
1 305 339 372 472 4155 0 0 1 standing 
1 305 338 372 472 4156 0 0 1 standing 
1 305 337 372 472 4157 0 0 1 standing 
1 305 336 372 472 4158 0 0 1 standing 
1 305 335 372 472 4159 0 0 1 standing 
2 605 284 680 406 4140 0 0 0 standing 
2 603 282 677 403 4141 0 0 1 moving 
2 602 281 674 400 4142 0 0 1 moving 
2 601 279 671 397 4143 0 0 1 moving 
2 600 278 668 395 4144 0 0 1 moving 
2 599 277 665 392 4145 0 0 1 moving 
2 598 275 662 389 4146 0 0 1 moving 
2 597 274 659 387 4147 0 0 1 moving 
2 596 272 656 384 4148 0 0 1 moving 
2 595 271 653 381 4149 0 0 1 moving 
2 594 270 650 379 4150 0 0 0 moving 
2 589 270 647 377 4151 0 0 1 moving 
2 585 270 644 376 4152 0 0 1 moving 
2 581 270 641 375 4153 0 0 1 moving 
2 576 270 638 374 4154 0 0 1 moving 
2 572 270 636 373 4155 0 0 1 moving 
2 568 270 633 371 4156 0 0 1 moving 
2 563 270 630 370 4157 0 0 1 moving 
2 559 270 627 369 4158 0 0 1 moving 
2 555 270 624 368 4159 0 0 1 moving 
3 809 424 867 579 4140 0 0 0 moving 
3 807 423 865 578 4141 0 0 1 standing 
3 806 422 864 577 4142 0 0 1 standing 
3 805 421 862 576 4143 0 0 1 standing 
3 803 420 861 575 4144 0 0 1 standing 
3 802 420 860 575 4145 0 0 1 standing 
3 801 419 858 574 4146 0 0 1 standing 
3 799 418 857 573 4147 0 0 1 standing 
3 798 417 855 572 4148 0 0 1 standing 
3 797 416 854 571 4149 0 0 1 standing 
3 796 416 853 571 4150 0 0 0 standing 
3 794 415 852 568 4151 0 0 1 standing 
3 793 414 851 566 4152 0 0 1 standing 
3 791 413 851 564 4153 0 0 1 standing 
3 790 413 850 561 4154 0 0 1 standing 
3 788 412 850 559 4155 0 0 1 standing 
3 787 411 849 557 4156 0 0 1 standing 
3 785 411 848 554 4157 0 0 1 standing 
3 784 410 848 552 4158 0 0 1 standing 
3 782 409 847 550 4159 0 0 1 standing 
4 819 313 876 455 4140 0 0 0 standing 
4 818 313 874 455 4141 0 0 1 standing 
4 818 313 873 455 4142 0 0 1 standing 
4 818 314 872 455 4143 0 0 1 standing 
4 817 314 871 456 4144 0 0 1 standing 
4 817 315 870 456 4145 0 0 1 standing 
4 817 315 869 456 4146 0 0 1 standing 
4 816 315 868 457 4147 0 0 1 standing 
4 816 316 867 457 4148 0 0 1 standing 
4 816 316 866 457 4149 0 0 1 standing 
4 816 317 865 458 4150 0 0 0 standing 
4 813 316 862 457 4151 0 0 1 standing 
4 811 316 860 457 4152 0 0 1 standing 
4 808 316 857 457 4153 0 0 1 standing 
4 806 315 855 456 4154 0 0 1 standing 
4 804 315 853 456 4155 0 0 1 standing 
4 801 315 850 456 4156 0 0 1 standing 
4 799 314 848 455 4157 0 0 1 standing 
4 796 314 845 455 4158 0 0 1 standing 
4 794 314 843 455 4159 0 0 1 standing 
5 1157 306 1241 439 4140 0 0 0 standing 
5 1156 306 1238 439 4141 0 0 1 standing 
5 1155 306 1235 439 4142 0 0 1 standing 
5 1154 307 1233 440 4143 0 0 1 standing 
5 1153 307 1230 440 4144 0 0 1 standing 
5 1152 308 1228 441 4145 0 0 1 standing 
5 1151 308 1225 441 4146 0 0 1 standing 
5 1150 308 1222 441 4147 0 0 1 standing 
5 1149 309 1220 442 4148 0 0 1 standing 
5 1148 309 1217 442 4149 0 0 1 standing 
5 1148 310 1215 443 4150 0 0 0 standing 
5 1147 310 1214 443 4151 0 0 1 standing 
5 1147 310 1214 443 4152 0 0 1 standing 
5 1146 310 1213 443 4153 0 0 1 standing 
5 1146 310 1213 443 4154 0 0 1 standing 
5 1146 311 1213 444 4155 0 0 1 standing 
5 1145 311 1212 444 4156 0 0 1 standing 
5 1145 311 1212 444 4157 0 0 1 standing 
5 1144 311 1211 444 4158 0 0 1 standing 
5 1144 311 1211 444 4159 0 0 1 standing 
6 485 351 545 463 4140 0 0 0 standing 
6 484 351 544 466 4141 0 0 1 standing 
6 484 352 543 469 4142 0 0 1 standing 
6 484 353 543 472 4143 0 0 0 standing 
6 483 349 542 470 4144 0 0 1 standing 
6 482 345 541 468 4145 0 0 1 standing 
6 482 341 540 466 4146 0 0 1 standing 
6 481 337 539 465 4147 0 0 1 standing 
6 481 333 538 463 4148 0 0 1 standing 
6 480 329 537 461 4149 0 0 1 standing 
6 480 326 537 460 4150 0 0 0 standing 
6 477 325 533 457 4151 0 0 1 standing 
6 474 325 530 454 4152 0 0 1 standing 
6 471 324 527 451 4153 0 0 1 standing 
6 468 324 524 448 4154 0 0 1 standing 
6 465 323 521 446 4155 0 0 1 standing 
6 462 323 518 443 4156 0 0 1 standing 
6 459 322 515 440 4157 0 0 1 standing 
6 456 322 512 437 4158 0 0 1 standing 
6 453 321 509 434 4159 0 0 1 standing 
7 698 455 744 608 4140 0 0 0 standing 
7 698 454 744 607 4141 0 0 1 standing 
7 698 453 744 606 4142 0 0 1 standing 
7 698 452 744 605 4143 0 0 1 standing 
7 698 451 744 604 4144 0 0 1 standing 
7 698 450 744 603 4145 0 0 1 standing 
7 698 449 744 602 4146 0 0 1 standing 
7 698 448 744 601 4147 0 0 1 standing 
7 698 447 744 600 4148 0 0 1 standing 
7 698 446 744 599 4149 0 0 1 standing 
7 698 445 744 598 4150 0 0 1 standing 
7 698 444 744 597 4151 0 0 1 standing 
7 698 444 744 597 4152 0 0 0 standing 
7 694 445 741 598 4153 0 0 1 standing 
7 691 447 739 600 4154 0 0 1 standing 
7 688 448 736 601 4155 0 0 1 standing 
7 685 450 734 603 4156 0 0 1 standing 
7 681 452 732 604 4157 0 0 1 standing 
7 678 453 729 606 4158 0 0 1 standing 
7 675 455 727 607 4159 0 0 1 standing 
8 675 360 736 485 4140 0 0 0 standing 
8 677 359 737 484 4141 0 0 1 standing 
8 679 358 739 483 4142 0 0 1 standing 
8 681 358 740 483 4143 0 0 1 standing 
8 684 357 742 482 4144 0 0 1 standing 
8 686 357 743 482 4145 0 0 1 standing 
8 688 356 745 481 4146 0 0 1 standing 
8 691 355 746 480 4147 0 0 1 standing 
8 693 355 748 480 4148 0 0 1 standing 
8 695 354 749 479 4149 0 0 1 standing 
8 698 354 751 479 4150 0 0 0 standing 
8 697 354 749 480 4151 0 0 1 standing 
8 696 354 748 481 4152 0 0 1 standing 
8 695 354 747 482 4153 0 0 1 standing 
8 694 355 746 483 4154 0 0 1 standing 
8 693 355 745 484 4155 0 0 1 standing 
8 692 355 744 485 4156 0 0 1 standing 
8 691 356 743 486 4157 0 0 1 standing 
8 690 356 742 487 4158 0 0 1 standing 
8 689 356 741 488 4159 0 0 1 standing 
9 825 347 885 479 4140 0 0 0 standing 
9 827 345 886 477 4141 0 0 1 standing 
9 830 343 887 475 4142 0 0 1 standing 
9 832 341 888 473 4143 0 0 1 standing 
9 835 339 890 471 4144 0 0 1 standing 
9 838 337 891 469 4145 0 0 1 standing 
9 840 335 892 467 4146 0 0 1 standing 
9 843 333 894 465 4147 0 0 1 standing 
9 845 331 895 463 4148 0 0 1 standing 
9 848 329 896 461 4149 0 0 1 standing 
9 851 328 898 459 4150 0 0 0 standing 
9 847 326 894 455 4151 0 0 1 standing 
9 844 324 891 452 4152 0 0 1 standing 
9 841 322 887 449 4153 0 0 1 standing 
9 837 321 884 445 4154 0 0 1 standing 
9 834 319 880 442 4155 0 0 1 standing 
9 831 317 877 439 4156 0 0 1 standing 
9 827 316 873 435 4157 0 0 1 standing 
9 824 314 870 432 4158 0 0 1 standing 
9 821 312 866 429 4159 0 0 1 standing 
10 968 356 1021 496 4140 0 0 0 standing 
10 971 355 1025 493 4141 0 0 1 standing 
10 974 354 1029 491 4142 0 0 1 standing 
10 978 354 1033 489 4143 0 0 1 standing 
10 981 353 1037 487 4144 0 0 1 standing 
10 984 353 1041 484 4145 0 0 1 standing 
10 988 352 1045 482 4146 0 0 1 standing 
10 991 351 1049 480 4147 0 0 1 standing 
10 994 351 1053 478 4148 0 0 1 standing 
10 998 350 1057 475 4149 0 0 1 standing 
10 1001 350 1061 473 4150 0 0 1 standing 
10 1004 349 1065 471 4151 0 0 1 standing 
10 1008 349 1069 469 4152 0 0 0 standing 
10 1011 347 1072 467 4153 0 0 1 standing 
10 1015 346 1076 466 4154 0 0 1 standing 
10 1018 344 1079 465 4155 0 0 1 standing 
10 1022 343 1083 464 4156 0 0 1 standing 
10 1026 342 1087 462 4157 0 0 1 standing 
10 1029 340 1090 461 4158 0 0 1 standing 
10 1033 339 1094 460 4159 0 0 1 standing 
11 1079 422 1140 563 4140 0 0 0 standing 
11 1082 422 1145 563 4141 0 0 1 standing 
11 1085 422 1151 563 4142 0 0 1 standing 
11 1089 423 1157 564 4143 0 0 1 standing 
11 1092 423 1163 564 4144 0 0 1 standing 
11 1096 424 1169 565 4145 0 0 1 standing 
11 1099 424 1175 565 4146 0 0 1 standing 
11 1102 424 1181 565 4147 0 0 1 standing 
11 1106 425 1187 566 4148 0 0 1 standing 
11 1109 425 1193 566 4149 0 0 1 standing 
11 1113 426 1199 567 4150 0 0 0 standing 
11 1114 427 1199 566 4151 0 0 1 standing 
11 1116 428 1200 566 4152 0 0 1 standing 
11 1117 429 1201 565 4153 0 0 1 standing 
11 1119 430 1201 565 4154 0 0 1 standing 
11 1121 432 1202 565 4155 0 0 1 standing 
11 1122 433 1203 564 4156 0 0 1 standing 
11 1124 434 1203 564 4157 0 0 1 standing 
11 1125 435 1204 563 4158 0 0 1 standing 
11 1127 436 1205 563 4159 0 0 1 standing 
