0 245 503 289 607 47470 0 0 0 waiting 
0 248 502 292 606 47471 0 0 1 waiting 
0 252 501 295 605 47472 0 0 1 waiting 
0 256 501 298 604 47473 0 0 1 waiting 
0 259 500 302 604 47474 0 0 1 waiting 
0 263 500 305 603 47475 0 0 1 waiting 
0 267 499 308 602 47476 0 0 1 waiting 
0 270 498 312 602 47477 0 0 1 waiting 
0 274 498 315 601 47478 0 0 1 waiting 
0 278 497 318 600 47479 0 0 1 waiting 
0 282 497 322 600 47480 0 0 0 waiting 
0 284 497 325 599 47481 0 0 1 waiting 
0 287 497 328 599 47482 0 0 1 waiting 
0 290 497 331 598 47483 0 0 1 waiting 
0 293 497 334 598 47484 0 0 1 waiting 
0 296 497 337 597 47485 0 0 1 waiting 
0 299 497 340 597 47486 0 0 1 waiting 
0 302 497 343 596 47487 0 0 1 waiting 
0 305 497 346 596 47488 0 0 1 waiting 
0 308 497 349 595 47489 0 0 1 waiting 
1 432 529 475 639 47470 0 0 0 waiting 
1 434 527 477 638 47471 0 0 1 standing 
1 436 525 480 637 47472 0 0 1 standing 
1 438 523 483 637 47473 0 0 1 standing 
1 440 521 485 636 47474 0 0 1 standing 
1 442 519 488 635 47475 0 0 1 standing 
1 444 518 491 635 47476 0 0 0 standing 
1 446 519 494 634 47477 0 0 1 standing 
1 448 520 497 634 47478 0 0 1 standing 
1 450 522 500 633 47479 0 0 1 standing 
1 452 523 503 633 47480 0 0 1 standing 
1 455 525 506 633 47481 0 0 0 standing 
1 456 525 509 633 47482 0 0 1 standing 
1 457 526 513 634 47483 0 0 1 standing 
1 458 526 516 634 47484 0 0 1 standing 
1 459 527 520 635 47485 0 0 0 standing 
1 460 527 518 636 47486 0 0 1 standing 
1 461 527 517 637 47487 0 0 1 standing 
1 462 528 516 639 47488 0 0 1 standing 
1 463 528 515 640 47489 0 0 1 standing 
2 425 413 468 498 47470 0 0 0 standing 
2 428 413 471 498 47471 0 0 1 digging 
2 431 414 474 498 47472 0 0 1 digging 
2 434 415 477 499 47473 0 0 1 digging 
2 437 416 480 499 47474 0 0 1 digging 
2 440 417 483 499 47475 0 0 1 digging 
2 444 418 486 500 47476 0 0 1 digging 
2 447 419 489 500 47477 0 0 1 digging 
2 450 420 492 500 47478 0 0 1 digging 
2 453 421 495 501 47479 0 0 1 digging 
2 456 422 498 501 47480 0 0 1 digging 
2 460 423 501 502 47481 0 0 0 digging 
2 463 423 504 502 47482 0 0 1 digging 
2 466 424 507 503 47483 0 0 1 digging 
2 470 425 511 504 47484 0 0 1 digging 
2 473 425 514 504 47485 0 0 1 digging 
2 476 426 517 505 47486 0 0 1 digging 
2 480 427 521 506 47487 0 0 1 digging 
2 483 427 524 506 47488 0 0 1 digging 
2 486 428 527 507 47489 0 0 1 digging 
3 483 535 520 636 47470 0 0 0 digging 
3 487 536 524 637 47471 0 0 1 standing 
3 492 538 529 639 47472 0 0 1 standing 
3 496 539 533 640 47473 0 0 1 standing 
3 501 541 538 642 47474 0 0 1 standing 
3 505 542 542 643 47475 0 0 1 standing 
3 510 544 547 645 47476 0 0 0 standing 
3 516 545 553 647 47477 0 0 1 standing 
3 522 546 559 649 47478 0 0 1 standing 
3 528 548 566 651 47479 0 0 1 standing 
3 534 549 572 653 47480 0 0 1 standing 
3 541 551 579 655 47481 0 0 0 standing 
3 548 552 588 659 47482 0 0 1 standing 
3 556 554 597 664 47483 0 0 1 standing 
3 564 556 606 668 47484 0 0 1 standing 
3 572 558 615 673 47485 0 0 0 standing 
3 579 557 623 675 47486 0 0 1 standing 
3 586 557 631 677 47487 0 0 1 standing 
3 593 556 640 680 47488 0 0 1 standing 
3 600 556 648 682 47489 0 0 1 standing 
4 571 484 641 576 47470 0 0 0 standing 
4 570 482 638 574 47471 0 0 1 moving 
4 569 481 635 573 47472 0 0 1 moving 
4 568 480 632 572 47473 0 0 1 moving 
4 567 478 629 571 47474 0 0 1 moving 
4 566 477 626 570 47475 0 0 1 moving 
4 566 476 623 569 47476 0 0 0 moving 
4 562 475 622 568 47477 0 0 1 moving 
4 559 474 621 568 47478 0 0 1 moving 
4 556 473 620 567 47479 0 0 1 moving 
4 553 472 619 567 47480 0 0 1 moving 
4 550 471 619 567 47481 0 0 0 moving 
4 550 469 614 565 47482 0 0 1 moving 
4 550 467 610 563 47483 0 0 1 moving 
4 550 465 605 562 47484 0 0 1 moving 
4 550 463 601 560 47485 0 0 1 moving 
4 550 462 597 559 47486 0 0 0 moving 
4 553 459 598 556 47487 0 0 1 moving 
4 556 456 600 553 47488 0 0 1 moving 
4 559 453 601 550 47489 0 0 1 moving 
5 864 456 916 537 47470 0 0 0 moving 
5 867 455 918 536 47471 0 0 1 waiting 
5 870 455 921 536 47472 0 0 1 waiting 
5 874 455 924 536 47473 0 0 1 waiting 
5 877 455 927 536 47474 0 0 1 waiting 
5 881 455 930 536 47475 0 0 1 waiting 
5 884 455 932 536 47476 0 0 1 waiting 
5 887 455 935 536 47477 0 0 1 waiting 
5 891 455 938 536 47478 0 0 1 waiting 
5 894 455 941 536 47479 0 0 1 waiting 
5 898 455 944 536 47480 0 0 0 waiting 
5 901 455 948 536 47481 0 0 1 waiting 
5 905 455 952 536 47482 0 0 1 waiting 
5 908 456 956 536 47483 0 0 1 waiting 
5 912 456 960 537 47484 0 0 1 waiting 
5 915 457 964 537 47485 0 0 1 waiting 
5 919 457 968 537 47486 0 0 1 waiting 
5 922 457 972 538 47487 0 0 1 waiting 
5 926 458 976 538 47488 0 0 1 waiting 
5 929 458 980 538 47489 0 0 1 waiting 
6 340 514 387 626 47470 0 0 0 waiting 
6 342 513 389 626 47471 0 0 1 standing 
6 344 512 391 626 47472 0 0 1 standing 
6 346 511 393 626 47473 0 0 1 standing 
6 348 511 395 626 47474 0 0 1 standing 
6 350 510 397 626 47475 0 0 1 standing 
6 352 509 399 626 47476 0 0 1 standing 
6 354 509 401 626 47477 0 0 1 standing 
6 356 508 403 626 47478 0 0 1 standing 
6 358 507 405 626 47479 0 0 1 standing 
6 361 507 407 627 47480 0 0 0 standing 
6 361 506 407 624 47481 0 0 1 standing 
6 361 505 407 622 47482 0 0 1 standing 
6 362 504 407 619 47483 0 0 1 standing 
6 362 503 407 617 47484 0 0 1 standing 
6 363 503 408 615 47485 0 0 0 standing 
6 364 503 409 613 47486 0 0 1 standing 
6 365 503 410 612 47487 0 0 1 standing 
6 366 503 411 611 47488 0 0 0 standing 
6 366 503 411 611 47489 0 0 1 standing 
7 279 440 318 535 47470 0 0 0 standing 
7 282 440 321 536 47471 0 0 1 standing 
7 286 441 324 537 47472 0 0 1 standing 
7 289 441 327 538 47473 0 0 1 standing 
7 293 442 331 539 47474 0 0 0 standing 
7 297 441 334 539 47475 0 0 1 standing 
7 301 441 338 539 47476 0 0 1 standing 
7 305 441 342 540 47477 0 0 1 standing 
7 309 440 346 540 47478 0 0 1 standing 
7 313 440 350 540 47479 0 0 1 standing 
7 317 440 354 541 47480 0 0 0 standing 
7 321 441 358 542 47481 0 0 1 standing 
7 326 443 363 544 47482 0 0 1 standing 
7 330 444 367 545 47483 0 0 1 standing 
7 335 446 372 547 47484 0 0 1 standing 
7 340 447 377 548 47485 0 0 1 standing 
7 344 449 381 550 47486 0 0 1 standing 
7 349 450 386 551 47487 0 0 1 standing 
7 353 452 390 553 47488 0 0 1 standing 
7 358 453 395 554 47489 0 0 1 standing 
8 399 459 452 568 47470 0 1 0 standing 
8 402 456 455 566 47471 0 1 1 digging 
8 405 454 458 564 47472 0 1 1 digging 
8 408 452 462 563 47473 0 1 1 digging 
8 411 450 465 561 47474 0 1 1 digging 
8 415 448 469 560 47475 0 1 1 digging 
8 418 445 472 558 47476 0 1 1 digging 
8 421 443 475 556 47477 0 1 1 digging 
8 424 441 479 555 47478 0 1 1 digging 
8 427 439 482 553 47479 0 1 1 digging 
8 431 437 486 552 47480 0 1 0 digging 
8 433 439 489 552 47481 0 1 1 digging 
8 436 441 493 552 47482 0 1 1 digging 
8 439 443 497 552 47483 0 1 1 digging 
8 442 445 501 552 47484 0 1 1 digging 
8 445 447 505 552 47485 0 1 1 digging 
8 448 449 509 552 47486 0 1 1 digging 
8 451 451 513 552 47487 0 1 1 digging 
8 454 453 517 552 47488 0 1 1 digging 
8 457 455 521 552 47489 0 1 1 digging 
9 484 511 520 635 47470 0 0 0 digging 
9 487 512 523 634 47471 0 0 1 standing 
9 491 514 527 634 47472 0 0 1 standing 
9 494 516 531 633 47473 0 0 1 standing 
9 498 518 535 633 47474 0 0 1 standing 
9 502 520 539 633 47475 0 0 1 standing 
9 505 522 543 632 47476 0 0 1 standing 
9 509 524 547 632 47477 0 0 1 standing 
9 512 526 551 631 47478 0 0 1 standing 
9 516 528 555 631 47479 0 0 1 standing 
9 520 530 559 631 47480 0 0 0 standing 
9 523 529 563 631 47481 0 0 1 standing 
9 527 529 567 631 47482 0 0 1 standing 
9 530 529 571 631 47483 0 0 1 standing 
9 534 528 575 632 47484 0 0 1 standing 
9 537 528 579 632 47485 0 0 1 standing 
9 541 528 583 632 47486 0 0 1 standing 
9 544 527 587 633 47487 0 0 1 standing 
9 548 527 591 633 47488 0 0 1 standing 
9 551 527 595 633 47489 0 0 1 standing 
10 666 530 712 639 47470 0 0 0 standing 
10 667 528 713 637 47471 0 0 1 standing 
10 669 526 715 635 47472 0 0 1 standing 
10 671 524 717 633 47473 0 0 1 standing 
10 672 523 718 632 47474 0 0 1 standing 
10 674 521 720 630 47475 0 0 1 standing 
10 676 519 722 628 47476 0 0 1 standing 
10 677 518 723 627 47477 0 0 1 standing 
10 679 516 725 625 47478 0 0 1 standing 
10 681 514 727 623 47479 0 0 1 standing 
10 683 513 729 622 47480 0 0 0 standing 
10 684 512 730 620 47481 0 0 1 standing 
10 686 512 732 619 47482 0 0 1 standing 
10 688 512 733 617 47483 0 0 1 standing 
10 689 512 735 616 47484 0 0 1 standing 
10 691 512 736 614 47485 0 0 1 standing 
10 693 511 738 613 47486 0 0 1 standing 
10 694 511 739 611 47487 0 0 1 standing 
10 696 511 741 610 47488 0 0 1 standing 
10 698 511 742 608 47489 0 0 1 standing 
11 700 429 762 524 47470 0 0 0 standing 
11 698 429 759 522 47471 0 0 1 standing 
11 697 429 756 521 47472 0 0 1 standing 
11 696 429 753 520 47473 0 0 1 standing 
11 695 429 750 519 47474 0 0 1 standing 
11 694 430 747 518 47475 0 0 1 standing 
11 692 430 744 516 47476 0 0 1 standing 
11 691 430 741 515 47477 0 0 1 standing 
11 690 430 738 514 47478 0 0 1 standing 
11 689 430 735 513 47479 0 0 1 standing 
11 688 431 733 512 47480 0 0 0 standing 
11 689 429 734 512 47481 0 0 1 standing 
11 691 428 736 512 47482 0 0 1 standing 
11 692 427 737 512 47483 0 0 1 standing 
11 694 426 739 512 47484 0 0 1 standing 
11 695 425 740 512 47485 0 0 1 standing 
11 697 424 742 512 47486 0 0 1 standing 
11 698 423 743 512 47487 0 0 1 standing 
11 700 422 745 512 47488 0 0 1 standing 
11 701 421 746 512 47489 0 0 1 standing 
