0 511 306 549 396 22150 0 1 0 setting 
0 510 301 547 395 22151 0 1 1 setting 
0 509 297 546 394 22152 0 1 1 setting 
0 509 293 544 393 22153 0 1 1 setting 
0 508 289 543 392 22154 0 1 1 setting 
0 508 285 541 391 22155 0 1 1 setting 
0 507 281 540 390 22156 0 1 1 setting 
0 506 277 538 389 22157 0 1 1 setting 
0 506 273 537 388 22158 0 1 1 setting 
0 505 269 535 387 22159 0 1 1 setting 
0 505 265 534 387 22160 0 1 0 setting 
0 503 267 534 386 22161 0 1 1 setting 
0 502 269 534 386 22162 0 1 1 setting 
0 500 271 534 386 22163 0 1 1 setting 
0 499 273 535 386 22164 0 1 1 setting 
0 497 276 535 386 22165 0 1 1 setting 
0 496 278 535 385 22166 0 1 1 setting 
0 494 280 536 385 22167 0 1 1 setting 
0 493 282 536 385 22168 0 1 1 setting 
0 491 284 536 385 22169 0 1 1 setting 
1 476 369 517 483 22150 0 1 0 setting 
1 474 368 515 481 22151 0 1 1 standing 
1 473 367 514 480 22152 0 1 1 standing 
1 472 366 512 479 22153 0 1 1 standing 
1 471 366 511 478 22154 0 1 1 standing 
1 470 365 509 477 22155 0 1 1 standing 
1 468 364 508 475 22156 0 1 1 standing 
1 467 364 506 474 22157 0 1 1 standing 
1 466 363 505 473 22158 0 1 1 standing 
1 465 362 503 472 22159 0 1 1 standing 
1 464 362 502 471 22160 0 1 0 standing 
1 462 361 500 471 22161 0 1 1 standing 
1 461 361 499 471 22162 0 1 1 standing 
1 459 361 498 471 22163 0 1 1 standing 
1 458 361 497 471 22164 0 1 1 standing 
1 457 360 496 471 22165 0 1 1 standing 
1 455 360 495 471 22166 0 1 1 standing 
1 454 360 494 471 22167 0 1 1 standing 
1 453 360 493 471 22168 0 1 0 standing 
1 452 360 492 470 22169 0 1 1 standing 
2 254 410 293 528 22150 0 1 0 standing 
2 254 410 294 528 22151 0 1 1 standing 
2 254 410 296 528 22152 0 1 1 standing 
2 254 411 297 528 22153 0 1 1 standing 
2 254 411 299 528 22154 0 1 1 standing 
2 254 411 300 528 22155 0 1 1 standing 
2 254 412 302 528 22156 0 1 1 standing 
2 254 412 303 528 22157 0 1 1 standing 
2 254 412 305 528 22158 0 1 1 standing 
2 254 413 307 528 22159 0 1 1 standing 
2 254 413 308 528 22160 0 1 1 standing 
2 254 413 310 528 22161 0 1 1 standing 
2 254 414 311 528 22162 0 1 1 standing 
2 254 414 313 528 22163 0 1 1 standing 
2 254 414 314 528 22164 0 1 1 standing 
2 254 415 316 528 22165 0 1 1 standing 
2 254 415 317 528 22166 0 1 1 standing 
2 254 415 319 528 22167 0 1 1 standing 
2 255 416 321 528 22168 0 1 0 standing 
2 254 416 321 527 22169 0 1 1 standing 
3 131 473 201 602 22150 0 1 0 standing 
3 131 473 201 602 22151 0 1 1 standing 
3 131 474 201 603 22152 0 1 1 standing 
3 131 474 201 603 22153 0 1 1 standing 
3 131 475 201 604 22154 0 1 1 standing 
3 132 475 202 604 22155 0 1 1 standing 
3 132 476 202 605 22156 0 1 1 standing 
3 132 476 202 605 22157 0 1 1 standing 
3 132 477 202 606 22158 0 1 1 standing 
3 132 477 202 606 22159 0 1 1 standing 
3 133 478 203 607 22160 0 1 0 standing 
3 134 479 206 607 22161 0 1 1 standing 
3 136 480 209 608 22162 0 1 1 standing 
3 137 481 212 609 22163 0 1 1 standing 
3 139 482 215 610 22164 0 1 1 standing 
3 141 484 219 611 22165 0 1 1 standing 
3 142 485 222 611 22166 0 1 1 standing 
3 144 486 225 612 22167 0 1 1 standing 
3 145 487 228 613 22168 0 1 1 standing 
3 147 488 231 614 22169 0 1 1 standing 
4 454 326 484 417 22150 0 0 0 standing 
4 451 325 482 417 22151 0 0 1 standing 
4 449 325 481 418 22152 0 0 1 standing 
4 446 325 480 419 22153 0 0 1 standing 
4 444 325 478 419 22154 0 0 1 standing 
4 442 325 477 420 22155 0 0 1 standing 
4 439 325 476 421 22156 0 0 1 standing 
4 437 325 474 421 22157 0 0 1 standing 
4 434 325 473 422 22158 0 0 1 standing 
4 432 325 472 423 22159 0 0 1 standing 
4 430 325 471 424 22160 0 0 0 standing 
4 426 325 468 423 22161 0 0 1 standing 
4 422 325 465 423 22162 0 0 1 standing 
4 418 325 462 423 22163 0 0 1 standing 
4 414 325 459 423 22164 0 0 1 standing 
4 410 325 457 423 22165 0 0 1 standing 
4 406 325 454 422 22166 0 0 1 standing 
4 402 325 451 422 22167 0 0 1 standing 
4 398 325 448 422 22168 0 0 1 standing 
4 394 325 445 422 22169 0 0 1 standing 
5 590 333 624 444 22150 0 0 0 standing 
5 588 333 623 444 22151 0 0 1 standing 
5 586 334 622 445 22152 0 0 1 standing 
5 585 335 621 446 22153 0 0 1 standing 
5 583 336 620 446 22154 0 0 1 standing 
5 582 337 619 447 22155 0 0 1 standing 
5 580 338 618 448 22156 0 0 1 standing 
5 578 339 617 448 22157 0 0 1 standing 
5 577 340 616 449 22158 0 0 1 standing 
5 575 341 615 450 22159 0 0 1 standing 
5 574 342 614 451 22160 0 0 0 standing 
5 572 343 612 453 22161 0 0 1 standing 
5 571 344 611 455 22162 0 0 1 standing 
5 570 345 610 457 22163 0 0 1 standing 
5 569 346 609 459 22164 0 0 1 standing 
5 568 347 608 462 22165 0 0 1 standing 
5 567 348 606 464 22166 0 0 1 standing 
5 566 349 605 466 22167 0 0 1 standing 
5 565 350 604 468 22168 0 0 1 standing 
5 564 351 603 470 22169 0 0 1 standing 
6 1044 426 1090 542 22150 0 0 0 standing 
6 1047 427 1093 543 22151 0 0 1 standing 
6 1050 428 1097 544 22152 0 0 1 standing 
6 1054 429 1100 546 22153 0 0 1 standing 
6 1057 431 1104 547 22154 0 0 1 standing 
6 1061 432 1107 549 22155 0 0 1 standing 
6 1064 433 1111 550 22156 0 0 1 standing 
6 1067 435 1114 551 22157 0 0 1 standing 
6 1071 436 1118 553 22158 0 0 1 standing 
6 1074 437 1121 554 22159 0 0 1 standing 
6 1078 439 1125 556 22160 0 0 0 standing 
6 1086 438 1130 556 22161 0 0 1 standing 
6 1094 438 1135 556 22162 0 0 1 standing 
6 1103 438 1141 556 22163 0 0 0 standing 
6 1106 440 1145 558 22164 0 0 1 standing 
6 1109 442 1149 560 22165 0 0 1 standing 
6 1112 444 1153 562 22166 0 0 1 standing 
6 1115 446 1158 564 22167 0 0 1 standing 
6 1118 448 1162 566 22168 0 0 1 standing 
6 1121 450 1166 568 22169 0 0 1 standing 
7 903 369 944 471 22150 0 0 0 standing 
7 908 368 948 471 22151 0 0 1 standing 
7 913 368 953 471 22152 0 0 1 standing 
7 918 368 958 471 22153 0 0 1 standing 
7 923 368 963 471 22154 0 0 1 standing 
7 929 368 968 472 22155 0 0 1 standing 
7 934 367 973 472 22156 0 0 1 standing 
7 939 367 978 472 22157 0 0 1 standing 
7 944 367 983 472 22158 0 0 1 standing 
7 949 367 988 472 22159 0 0 1 standing 
7 955 367 993 473 22160 0 0 0 standing 
7 961 367 1001 472 22161 0 0 1 standing 
7 967 367 1009 472 22162 0 0 1 standing 
7 973 367 1017 472 22163 0 0 1 standing 
7 979 368 1025 472 22164 0 0 1 standing 
7 985 368 1033 472 22165 0 0 1 standing 
7 991 368 1041 471 22166 0 0 1 standing 
7 997 369 1049 471 22167 0 0 1 standing 
7 1003 369 1057 471 22168 0 0 1 standing 
7 1009 369 1065 471 22169 0 0 1 standing 
8 835 389 879 498 22150 0 0 0 standing 
8 837 388 882 496 22151 0 0 1 standing 
8 840 388 886 495 22152 0 0 1 standing 
8 842 387 889 494 22153 0 0 1 standing 
8 845 387 893 492 22154 0 0 1 standing 
8 847 387 897 491 22155 0 0 1 standing 
8 850 386 900 490 22156 0 0 1 standing 
8 852 386 904 488 22157 0 0 1 standing 
8 855 385 907 487 22158 0 0 1 standing 
8 857 385 911 486 22159 0 0 1 standing 
8 860 385 915 485 22160 0 0 0 standing 
8 865 383 919 483 22161 0 0 1 standing 
8 871 381 923 481 22162 0 0 1 standing 
8 877 380 927 480 22163 0 0 0 standing 
8 882 379 930 479 22164 0 0 1 standing 
8 887 378 934 478 22165 0 0 1 standing 
8 893 378 937 478 22166 0 0 1 standing 
8 898 377 941 477 22167 0 0 1 standing 
8 904 377 944 477 22168 0 0 1 standing 
8 909 376 948 476 22169 0 0 1 standing 
9 687 412 724 529 22150 0 0 0 standing 
9 686 412 724 529 22151 0 0 1 standing 
9 686 413 725 529 22152 0 0 1 standing 
9 686 413 726 530 22153 0 0 1 standing 
9 686 414 727 530 22154 0 0 1 standing 
9 686 414 728 531 22155 0 0 1 standing 
9 685 415 728 531 22156 0 0 1 standing 
9 685 415 729 531 22157 0 0 1 standing 
9 685 416 730 532 22158 0 0 1 standing 
9 685 416 731 532 22159 0 0 1 standing 
9 685 417 732 533 22160 0 0 0 standing 
9 684 417 731 535 22161 0 0 1 standing 
9 684 418 731 537 22162 0 0 1 standing 
9 684 418 731 540 22163 0 0 1 standing 
9 684 419 730 542 22164 0 0 1 standing 
9 684 420 730 545 22165 0 0 1 standing 
9 683 420 730 547 22166 0 0 1 standing 
9 683 421 729 549 22167 0 0 1 standing 
9 683 421 729 552 22168 0 0 1 standing 
9 683 422 729 554 22169 0 0 1 standing 
10 692 365 721 470 22150 0 0 0 standing 
10 692 365 721 470 22151 0 0 1 standing 
10 692 366 721 471 22152 0 0 1 standing 
10 692 366 721 472 22153 0 0 1 standing 
10 692 367 721 472 22154 0 0 1 standing 
10 692 368 721 473 22155 0 0 1 standing 
10 692 368 721 474 22156 0 0 1 standing 
10 692 369 721 474 22157 0 0 1 standing 
10 692 369 721 475 22158 0 0 1 standing 
10 692 370 721 476 22159 0 0 1 standing 
10 692 371 721 477 22160 0 0 0 standing 
10 691 372 721 478 22161 0 0 1 standing 
10 691 374 722 479 22162 0 0 1 standing 
10 691 376 722 481 22163 0 0 1 standing 
10 691 377 723 482 22164 0 0 1 standing 
10 691 379 723 484 22165 0 0 1 standing 
10 690 381 724 485 22166 0 0 1 standing 
10 690 382 724 486 22167 0 0 1 standing 
10 690 384 725 488 22168 0 0 1 standing 
10 690 386 725 489 22169 0 0 1 standing 
11 708 352 731 431 22150 0 0 0 standing 
11 706 352 729 431 22151 0 0 1 standing 
11 705 353 728 432 22152 0 0 1 standing 
11 704 353 727 432 22153 0 0 1 standing 
11 703 354 726 433 22154 0 0 1 standing 
11 702 354 725 433 22155 0 0 1 standing 
11 700 355 723 434 22156 0 0 1 standing 
11 699 355 722 434 22157 0 0 1 standing 
11 698 356 721 435 22158 0 0 1 standing 
11 697 356 720 435 22159 0 0 1 standing 
11 696 357 719 436 22160 0 0 0 standing 
11 694 358 718 439 22161 0 0 1 standing 
11 693 360 718 443 22162 0 0 1 standing 
11 692 362 717 447 22163 0 0 1 standing 
11 690 364 717 451 22164 0 0 1 standing 
11 689 366 716 455 22165 0 0 1 standing 
11 688 367 716 458 22166 0 0 1 standing 
11 686 369 715 462 22167 0 0 1 standing 
11 685 371 715 466 22168 0 0 1 standing 
11 684 373 714 470 22169 0 0 1 standing 
