0 390 420 450 557 42890 0 1 0 setting 
0 384 417 444 555 42891 0 1 1 setting 
0 379 414 438 553 42892 0 1 1 setting 
0 374 411 432 551 42893 0 1 1 setting 
0 369 408 426 549 42894 0 1 1 setting 
0 364 405 420 547 42895 0 1 1 setting 
0 358 402 414 545 42896 0 1 1 setting 
0 353 399 408 543 42897 0 1 1 setting 
0 348 396 402 541 42898 0 1 1 setting 
0 343 393 396 539 42899 0 1 1 setting 
0 338 390 390 537 42900 0 1 0 setting 
0 329 391 384 535 42901 0 1 1 setting 
0 320 393 378 533 42902 0 1 1 setting 
0 312 395 372 531 42903 0 1 1 setting 
0 303 396 366 530 42904 0 1 1 setting 
0 295 398 360 528 42905 0 1 1 setting 
0 286 400 354 526 42906 0 1 1 setting 
0 277 401 348 525 42907 0 1 1 setting 
0 269 403 342 523 42908 0 1 1 setting 
0 260 405 336 521 42909 0 1 1 setting 
1 453 373 512 476 42890 0 1 0 setting 
1 457 373 516 477 42891 0 1 1 standing 
1 462 374 520 479 42892 0 1 1 standing 
1 466 375 525 481 42893 0 1 1 standing 
1 471 376 529 483 42894 0 1 1 standing 
1 475 377 534 485 42895 0 1 1 standing 
1 480 378 538 486 42896 0 1 1 standing 
1 484 379 542 488 42897 0 1 1 standing 
1 489 380 547 490 42898 0 1 1 standing 
1 493 381 551 492 42899 0 1 1 standing 
1 498 382 556 494 42900 0 1 0 standing 
1 498 377 556 491 42901 0 1 1 standing 
1 499 372 557 488 42902 0 1 1 standing 
1 500 367 557 486 42903 0 1 1 standing 
1 500 362 558 483 42904 0 1 1 standing 
1 501 357 559 481 42905 0 1 1 standing 
1 502 352 559 478 42906 0 1 1 standing 
1 502 347 560 475 42907 0 1 1 standing 
1 503 342 560 473 42908 0 1 1 standing 
1 504 337 561 470 42909 0 1 1 standing 
2 326 344 392 447 42890 0 1 0 standing 
2 329 343 394 447 42891 0 1 1 standing 
2 333 343 396 448 42892 0 1 1 standing 
2 336 342 398 449 42893 0 1 1 standing 
2 340 342 401 450 42894 0 1 1 standing 
2 344 342 403 451 42895 0 1 1 standing 
2 347 341 405 452 42896 0 1 1 standing 
2 351 341 408 453 42897 0 1 1 standing 
2 354 340 410 454 42898 0 1 1 standing 
2 358 340 412 455 42899 0 1 1 standing 
2 362 340 415 456 42900 0 1 0 standing 
2 363 340 419 455 42901 0 1 1 standing 
2 364 340 423 454 42902 0 1 1 standing 
2 365 340 427 453 42903 0 1 1 standing 
2 366 340 431 452 42904 0 1 1 standing 
2 367 340 435 452 42905 0 1 1 standing 
2 368 340 439 451 42906 0 1 1 standing 
2 369 340 443 450 42907 0 1 1 standing 
2 370 340 447 449 42908 0 1 1 standing 
2 371 340 451 448 42909 0 1 1 standing 
3 185 537 288 716 42890 0 1 0 standing 
3 189 536 292 715 42891 0 1 1 standing 
3 193 535 296 714 42892 0 1 1 standing 
3 197 534 300 713 42893 0 1 1 standing 
3 201 533 304 712 42894 0 1 1 standing 
3 205 532 308 711 42895 0 1 1 standing 
3 209 531 312 710 42896 0 1 1 standing 
3 213 530 316 709 42897 0 1 1 standing 
3 217 529 320 708 42898 0 1 1 standing 
3 221 528 324 707 42899 0 1 1 standing 
3 226 528 329 707 42900 0 1 0 standing 
3 230 527 331 705 42901 0 1 1 standing 
3 235 526 334 703 42902 0 1 1 standing 
3 240 525 336 701 42903 0 1 1 standing 
3 245 524 339 700 42904 0 1 1 standing 
3 250 523 342 698 42905 0 1 1 standing 
3 255 522 344 696 42906 0 1 1 standing 
3 260 521 347 695 42907 0 1 1 standing 
3 265 520 349 693 42908 0 1 1 standing 
3 270 519 352 691 42909 0 1 1 standing 
4 208 454 292 587 42890 0 0 0 standing 
4 212 453 294 586 42891 0 0 1 standing 
4 216 453 296 585 42892 0 0 1 standing 
4 221 452 298 585 42893 0 0 1 standing 
4 225 452 301 584 42894 0 0 1 standing 
4 230 451 303 584 42895 0 0 1 standing 
4 234 451 305 583 42896 0 0 1 standing 
4 238 450 308 582 42897 0 0 1 standing 
4 243 450 310 582 42898 0 0 1 standing 
4 247 449 312 581 42899 0 0 1 standing 
4 252 449 315 581 42900 0 0 0 standing 
4 256 449 318 580 42901 0 0 1 standing 
4 260 450 322 580 42902 0 0 1 standing 
4 264 450 326 580 42903 0 0 1 standing 
4 269 451 329 580 42904 0 0 1 standing 
4 273 452 333 580 42905 0 0 1 standing 
4 277 452 337 579 42906 0 0 1 standing 
4 282 453 340 579 42907 0 0 1 standing 
4 286 453 344 579 42908 0 0 1 standing 
4 290 454 348 579 42909 0 0 1 standing 
5 186 379 272 499 42890 0 0 0 standing 
5 190 377 272 498 42891 0 0 1 standing 
5 194 376 273 498 42892 0 0 1 standing 
5 198 375 274 497 42893 0 0 1 standing 
5 203 373 275 497 42894 0 0 1 standing 
5 207 372 276 497 42895 0 0 1 standing 
5 211 371 277 496 42896 0 0 1 standing 
5 216 369 278 496 42897 0 0 1 standing 
5 220 368 279 495 42898 0 0 1 standing 
5 224 367 280 495 42899 0 0 1 standing 
5 229 366 281 495 42900 0 0 0 standing 
5 230 366 283 493 42901 0 0 1 standing 
5 231 367 286 492 42902 0 0 1 standing 
5 233 368 289 491 42903 0 0 1 standing 
5 234 369 292 490 42904 0 0 1 standing 
5 236 370 295 489 42905 0 0 1 standing 
5 237 371 297 488 42906 0 0 1 standing 
5 238 372 300 487 42907 0 0 1 standing 
5 240 373 303 486 42908 0 0 1 standing 
5 241 374 306 485 42909 0 0 1 standing 
6 981 480 1046 610 42890 0 0 0 standing 
6 981 479 1046 609 42891 0 0 1 standing 
6 981 479 1047 609 42892 0 0 1 standing 
6 981 479 1048 609 42893 0 0 1 standing 
6 981 479 1048 608 42894 0 0 1 standing 
6 982 479 1049 608 42895 0 0 1 standing 
6 982 478 1050 608 42896 0 0 1 standing 
6 982 478 1050 607 42897 0 0 1 standing 
6 982 478 1051 607 42898 0 0 1 standing 
6 982 478 1052 607 42899 0 0 1 standing 
6 983 478 1053 607 42900 0 0 0 standing 
6 981 479 1052 606 42901 0 0 1 standing 
6 979 481 1051 606 42902 0 0 1 standing 
6 977 483 1050 606 42903 0 0 1 standing 
6 975 484 1049 605 42904 0 0 1 standing 
6 973 486 1048 605 42905 0 0 1 standing 
6 971 488 1047 605 42906 0 0 1 standing 
6 969 489 1046 604 42907 0 0 1 standing 
6 967 491 1045 604 42908 0 0 1 standing 
6 965 493 1044 604 42909 0 0 1 standing 
7 1075 413 1141 540 42890 0 0 0 standing 
7 1075 413 1140 539 42891 0 0 1 standing 
7 1075 413 1140 539 42892 0 0 1 standing 
7 1075 414 1139 539 42893 0 0 1 standing 
7 1075 414 1139 539 42894 0 0 1 standing 
7 1075 415 1138 539 42895 0 0 1 standing 
7 1075 415 1138 538 42896 0 0 1 standing 
7 1075 415 1137 538 42897 0 0 1 standing 
7 1075 416 1137 538 42898 0 0 1 standing 
7 1075 416 1136 538 42899 0 0 1 standing 
7 1076 417 1136 538 42900 0 0 0 standing 
7 1075 416 1135 537 42901 0 0 1 standing 
7 1075 416 1135 537 42902 0 0 1 standing 
7 1074 416 1134 537 42903 0 0 1 standing 
7 1074 416 1134 537 42904 0 0 1 standing 
7 1073 416 1133 537 42905 0 0 1 standing 
7 1073 416 1133 537 42906 0 0 1 standing 
7 1072 416 1132 537 42907 0 0 1 standing 
7 1072 416 1132 537 42908 0 0 1 standing 
7 1071 416 1131 537 42909 0 0 1 standing 
8 1026 373 1076 482 42890 0 0 0 standing 
8 1021 372 1071 481 42891 0 0 1 standing 
8 1017 372 1067 481 42892 0 0 1 standing 
8 1013 372 1063 481 42893 0 0 1 standing 
8 1009 372 1058 480 42894 0 0 1 standing 
8 1005 372 1054 480 42895 0 0 1 standing 
8 1000 372 1050 480 42896 0 0 1 standing 
8 996 372 1045 479 42897 0 0 1 standing 
8 992 372 1041 479 42898 0 0 1 standing 
8 988 372 1037 479 42899 0 0 1 standing 
8 984 372 1033 479 42900 0 0 0 standing 
8 982 371 1032 478 42901 0 0 1 standing 
8 980 371 1031 478 42902 0 0 1 standing 
8 978 371 1030 477 42903 0 0 1 standing 
8 976 370 1030 477 42904 0 0 1 standing 
8 974 370 1029 477 42905 0 0 1 standing 
8 972 370 1028 476 42906 0 0 1 standing 
8 970 369 1028 476 42907 0 0 1 standing 
8 968 369 1027 475 42908 0 0 1 standing 
8 966 369 1026 475 42909 0 0 1 standing 
9 701 439 747 579 42890 0 0 0 standing 
9 699 439 745 579 42891 0 0 1 standing 
9 697 439 743 579 42892 0 0 1 standing 
9 696 439 742 579 42893 0 0 1 standing 
9 694 439 740 579 42894 0 0 1 standing 
9 693 440 739 580 42895 0 0 1 standing 
9 691 440 737 580 42896 0 0 1 standing 
9 689 440 735 580 42897 0 0 1 standing 
9 688 440 734 580 42898 0 0 1 standing 
9 686 440 732 580 42899 0 0 1 standing 
9 685 441 731 581 42900 0 0 0 standing 
9 682 441 728 580 42901 0 0 1 standing 
9 680 441 726 579 42902 0 0 1 standing 
9 677 441 724 579 42903 0 0 1 standing 
9 675 441 722 578 42904 0 0 1 standing 
9 672 441 720 578 42905 0 0 1 standing 
9 670 441 718 577 42906 0 0 1 standing 
9 667 441 716 576 42907 0 0 1 standing 
9 665 441 714 576 42908 0 0 1 standing 
9 662 441 712 575 42909 0 0 1 standing 
10 702 418 750 540 42890 0 0 0 standing 
10 700 418 748 539 42891 0 0 1 standing 
10 698 418 746 539 42892 0 0 1 standing 
10 696 418 744 539 42893 0 0 1 standing 
10 695 419 742 538 42894 0 0 1 standing 
10 693 419 741 538 42895 0 0 1 standing 
10 691 419 739 538 42896 0 0 1 standing 
10 690 420 737 537 42897 0 0 1 standing 
10 688 420 735 537 42898 0 0 1 standing 
10 686 420 733 537 42899 0 0 1 standing 
10 685 421 732 537 42900 0 0 0 standing 
10 683 419 730 535 42901 0 0 1 standing 
10 681 417 728 533 42902 0 0 1 standing 
10 679 415 726 531 42903 0 0 1 standing 
10 678 413 725 529 42904 0 0 1 standing 
10 676 412 723 528 42905 0 0 1 standing 
10 674 410 721 526 42906 0 0 1 standing 
10 673 408 720 524 42907 0 0 1 standing 
10 671 406 718 522 42908 0 0 1 standing 
10 669 404 716 520 42909 0 0 1 standing 
11 703 371 750 473 42890 0 0 0 standing 
11 701 371 748 473 42891 0 0 1 standing 
11 700 371 747 473 42892 0 0 1 standing 
11 698 371 745 473 42893 0 0 1 standing 
11 697 371 744 473 42894 0 0 1 standing 
11 695 372 742 474 42895 0 0 1 standing 
11 694 372 741 474 42896 0 0 1 standing 
11 692 372 739 474 42897 0 0 1 standing 
11 691 372 738 474 42898 0 0 1 standing 
11 689 372 736 474 42899 0 0 1 standing 
11 688 373 735 475 42900 0 0 0 standing 
11 686 372 732 474 42901 0 0 1 standing 
11 684 372 730 474 42902 0 0 1 standing 
11 682 372 728 473 42903 0 0 1 standing 
11 680 371 725 473 42904 0 0 1 standing 
11 678 371 723 473 42905 0 0 1 standing 
11 676 371 721 472 42906 0 0 1 standing 
11 674 370 718 472 42907 0 0 1 standing 
11 672 370 716 471 42908 0 0 1 standing 
11 670 370 714 471 42909 0 0 1 standing 
