0 251 464 307 648 28105 0 1 0 spiking 
0 257 457 314 638 28106 0 1 1 spiking 
0 264 451 322 628 28107 0 1 1 spiking 
0 270 445 329 618 28108 0 1 1 spiking 
0 277 439 337 609 28109 0 1 1 spiking 
0 284 432 345 599 28110 0 1 1 spiking 
0 290 426 352 589 28111 0 1 1 spiking 
0 297 420 360 579 28112 0 1 1 spiking 
0 304 414 368 570 28113 0 1 0 spiking 
0 306 418 369 572 28114 0 1 1 spiking 
0 309 423 370 575 28115 0 1 1 spiking 
0 311 428 371 578 28116 0 1 1 spiking 
0 314 433 372 580 28117 0 1 1 spiking 
0 316 437 373 583 28118 0 1 1 spiking 
0 319 442 375 586 28119 0 1 1 spiking 
0 322 447 376 588 28120 0 1 1 spiking 
0 324 452 377 591 28121 0 1 1 spiking 
0 327 456 378 594 28122 0 1 1 spiking 
0 329 461 379 596 28123 0 1 1 spiking 
0 332 466 380 599 28124 0 1 1 spiking 
1 621 481 672 602 28105 0 1 0 spiking 
1 618 471 669 597 28106 0 1 1 blocking 
1 615 461 666 593 28107 0 1 1 blocking 
1 612 451 663 588 28108 0 1 1 blocking 
1 609 441 660 584 28109 0 1 1 blocking 
1 606 432 658 579 28110 0 1 1 blocking 
1 603 422 655 575 28111 0 1 1 blocking 
1 600 412 652 570 28112 0 1 1 blocking 
1 597 402 649 566 28113 0 1 1 blocking 
1 594 392 646 561 28114 0 1 1 blocking 
1 592 383 644 557 28115 0 1 0 blocking 
1 586 385 636 558 28116 0 1 1 blocking 
1 580 387 629 560 28117 0 1 1 blocking 
1 575 389 622 562 28118 0 1 1 blocking 
1 569 391 614 564 28119 0 1 1 blocking 
1 564 393 607 566 28120 0 1 1 blocking 
1 558 395 600 568 28121 0 1 1 blocking 
1 552 397 592 570 28122 0 1 1 blocking 
1 547 399 585 572 28123 0 1 1 blocking 
1 541 401 578 574 28124 0 1 1 blocking 
2 623 426 666 575 28105 0 1 0 blocking 
2 621 418 664 572 28106 0 1 1 blocking 
2 620 410 662 570 28107 0 1 1 blocking 
2 618 403 660 568 28108 0 1 1 blocking 
2 617 395 659 566 28109 0 1 1 blocking 
2 615 388 657 564 28110 0 1 1 blocking 
2 614 380 655 561 28111 0 1 1 blocking 
2 612 372 654 559 28112 0 1 1 blocking 
2 611 365 652 557 28113 0 1 1 blocking 
2 609 357 650 555 28114 0 1 1 blocking 
2 608 350 649 553 28115 0 1 0 blocking 
2 601 354 642 557 28116 0 1 1 blocking 
2 594 359 635 562 28117 0 1 1 blocking 
2 587 363 628 566 28118 0 1 1 blocking 
2 580 368 621 571 28119 0 1 1 blocking 
2 574 372 615 575 28120 0 1 1 blocking 
2 567 377 608 580 28121 0 1 1 blocking 
2 560 381 601 584 28122 0 1 1 blocking 
2 553 386 594 589 28123 0 1 1 blocking 
2 546 390 587 593 28124 0 1 1 blocking 
3 305 443 354 575 28105 0 0 0 blocking 
3 306 443 355 574 28106 0 0 1 standing 
3 307 443 356 574 28107 0 0 1 standing 
3 308 444 357 574 28108 0 0 0 standing 
3 305 440 355 569 28109 0 0 1 standing 
3 303 436 353 564 28110 0 0 1 standing 
3 301 433 352 560 28111 0 0 1 standing 
3 298 429 350 555 28112 0 0 1 standing 
3 296 425 348 550 28113 0 0 1 standing 
3 294 422 347 546 28114 0 0 0 standing 
3 289 419 342 550 28115 0 0 1 standing 
3 284 416 337 555 28116 0 0 1 standing 
3 279 413 332 560 28117 0 0 0 standing 
3 273 415 326 562 28118 0 0 1 standing 
3 267 417 320 565 28119 0 0 1 standing 
3 261 419 315 568 28120 0 0 0 standing 
3 252 421 306 569 28121 0 0 1 standing 
3 243 423 297 571 28122 0 0 1 standing 
3 234 425 288 573 28123 0 0 1 standing 
3 225 427 279 575 28124 0 0 1 standing 
4 399 425 464 528 28105 0 0 0 standing 
4 394 425 462 529 28106 0 0 1 standing 
4 390 425 461 531 28107 0 0 1 standing 
4 386 425 460 533 28108 0 0 0 standing 
4 383 421 455 530 28109 0 0 1 standing 
4 381 418 451 527 28110 0 0 1 standing 
4 379 415 447 524 28111 0 0 0 standing 
4 373 412 440 522 28112 0 0 1 standing 
4 368 409 434 520 28113 0 0 1 standing 
4 363 407 428 519 28114 0 0 0 standing 
4 353 405 417 517 28115 0 0 1 standing 
4 343 403 407 515 28116 0 0 1 standing 
4 334 401 397 513 28117 0 0 0 standing 
4 322 402 383 514 28118 0 0 1 standing 
4 310 403 369 516 28119 0 0 1 standing 
4 298 405 356 518 28120 0 0 0 standing 
4 288 406 345 519 28121 0 0 1 standing 
4 278 408 334 521 28122 0 0 1 standing 
4 268 410 323 523 28123 0 0 1 standing 
4 258 412 312 525 28124 0 0 1 standing 
5 502 379 547 492 28105 0 0 0 standing 
5 503 379 550 488 28106 0 0 1 standing 
5 504 379 553 484 28107 0 0 1 standing 
5 505 379 556 480 28108 0 0 1 standing 
5 506 379 559 476 28109 0 0 1 standing 
5 507 379 562 472 28110 0 0 1 standing 
5 508 379 566 468 28111 0 0 0 standing 
5 508 377 562 467 28112 0 0 1 standing 
5 508 375 559 467 28113 0 0 1 standing 
5 508 373 556 467 28114 0 0 0 standing 
5 504 372 552 466 28115 0 0 1 standing 
5 500 371 548 465 28116 0 0 1 standing 
5 497 370 544 464 28117 0 0 0 standing 
5 489 370 536 464 28118 0 0 1 standing 
5 482 370 528 465 28119 0 0 1 standing 
5 474 371 520 465 28120 0 0 1 standing 
5 467 371 512 466 28121 0 0 1 standing 
5 460 371 504 466 28122 0 0 1 standing 
5 452 372 496 467 28123 0 0 1 standing 
5 445 372 488 467 28124 0 0 1 standing 
6 518 412 582 549 28105 0 0 0 standing 
6 512 414 577 547 28106 0 0 1 standing 
6 506 416 572 546 28107 0 0 1 standing 
6 501 418 568 545 28108 0 0 0 standing 
6 498 418 563 542 28109 0 0 1 standing 
6 496 418 558 540 28110 0 0 1 standing 
6 494 419 553 538 28111 0 0 0 standing 
6 488 417 544 534 28112 0 0 1 standing 
6 483 415 535 530 28113 0 0 1 standing 
6 478 414 527 527 28114 0 0 0 standing 
6 467 412 519 524 28115 0 0 1 standing 
6 456 410 511 521 28116 0 0 1 standing 
6 446 409 503 518 28117 0 0 0 standing 
6 430 410 493 519 28118 0 0 1 standing 
6 414 412 483 521 28119 0 0 1 standing 
6 399 414 474 523 28120 0 0 0 standing 
6 390 415 464 522 28121 0 0 1 standing 
6 382 417 454 522 28122 0 0 1 standing 
6 373 418 445 521 28123 0 0 1 standing 
6 365 420 435 521 28124 0 0 1 standing 
7 570 459 611 594 28105 0 0 0 standing 
7 570 454 609 589 28106 0 0 1 standing 
7 571 449 607 584 28107 0 0 1 standing 
7 572 445 606 579 28108 0 0 0 standing 
7 569 441 602 578 28109 0 0 1 standing 
7 566 437 599 577 28110 0 0 1 standing 
7 563 433 596 576 28111 0 0 0 standing 
7 558 428 592 572 28112 0 0 1 standing 
7 553 424 589 568 28113 0 0 1 standing 
7 548 420 586 565 28114 0 0 0 standing 
7 542 416 581 563 28115 0 0 1 standing 
7 536 412 577 562 28116 0 0 1 standing 
7 530 408 573 561 28117 0 0 0 standing 
7 520 407 565 560 28118 0 0 1 standing 
7 510 407 557 559 28119 0 0 1 standing 
7 500 407 549 559 28120 0 0 0 standing 
7 487 407 537 557 28121 0 0 1 standing 
7 475 407 526 555 28122 0 0 1 standing 
7 463 408 515 553 28123 0 0 1 standing 
7 451 408 504 551 28124 0 0 1 standing 
8 647 372 706 489 28105 0 0 0 standing 
8 647 370 707 490 28106 0 0 1 standing 
8 647 368 709 491 28107 0 0 1 standing 
8 647 367 711 492 28108 0 0 0 standing 
8 651 363 713 489 28109 0 0 1 standing 
8 655 359 715 486 28110 0 0 1 standing 
8 660 355 717 483 28111 0 0 0 standing 
8 661 352 719 479 28112 0 0 1 standing 
8 663 350 721 475 28113 0 0 1 standing 
8 665 348 724 472 28114 0 0 0 standing 
8 667 346 728 474 28115 0 0 1 standing 
8 669 344 732 477 28116 0 0 1 standing 
8 672 342 736 480 28117 0 0 0 standing 
8 667 343 737 478 28118 0 0 1 standing 
8 663 344 739 476 28119 0 0 1 standing 
8 659 346 741 475 28120 0 0 0 standing 
8 653 343 734 474 28121 0 0 1 standing 
8 648 341 727 474 28122 0 0 1 standing 
8 643 339 720 473 28123 0 0 1 standing 
8 638 337 713 473 28124 0 0 1 standing 
9 838 416 932 514 28105 0 0 0 standing 
9 839 415 937 511 28106 0 0 1 standing 
9 840 414 942 509 28107 0 0 1 standing 
9 841 413 948 507 28108 0 0 0 standing 
9 843 410 945 505 28109 0 0 1 standing 
9 845 407 943 504 28110 0 0 1 standing 
9 848 405 941 503 28111 0 0 0 standing 
9 858 401 943 501 28112 0 0 1 standing 
9 868 397 945 499 28113 0 0 1 standing 
9 879 394 948 498 28114 0 0 0 standing 
9 877 393 954 494 28115 0 0 1 standing 
9 875 392 960 491 28116 0 0 1 standing 
9 874 391 967 488 28117 0 0 0 standing 
9 869 391 961 487 28118 0 0 1 standing 
9 864 392 955 486 28119 0 0 1 standing 
9 860 393 950 486 28120 0 0 0 standing 
9 851 393 942 486 28121 0 0 1 standing 
9 843 394 934 486 28122 0 0 1 standing 
9 834 394 926 487 28123 0 0 1 standing 
9 826 395 918 487 28124 0 0 1 standing 
10 922 506 997 619 28105 0 0 0 standing 
10 926 502 1000 622 28106 0 0 1 standing 
10 930 499 1004 626 28107 0 0 1 standing 
10 935 496 1008 630 28108 0 0 0 standing 
10 940 492 1016 627 28109 0 0 1 standing 
10 945 488 1024 625 28110 0 0 1 standing 
10 951 485 1033 623 28111 0 0 0 standing 
10 953 484 1036 623 28112 0 0 1 standing 
10 955 483 1039 623 28113 0 0 1 standing 
10 958 482 1042 624 28114 0 0 0 standing 
10 956 479 1038 621 28115 0 0 1 standing 
10 955 476 1034 619 28116 0 0 1 standing 
10 954 473 1031 617 28117 0 0 0 standing 
10 948 472 1022 616 28118 0 0 1 standing 
10 942 472 1013 615 28119 0 0 1 standing 
10 936 472 1005 615 28120 0 0 0 standing 
10 930 469 998 615 28121 0 0 1 standing 
10 925 467 991 615 28122 0 0 1 standing 
10 919 465 984 615 28123 0 0 1 standing 
10 914 463 977 615 28124 0 0 1 standing 
11 1012 447 1086 553 28105 0 0 0 standing 
11 1018 443 1091 552 28106 0 0 1 standing 
11 1024 440 1097 551 28107 0 0 1 standing 
11 1030 437 1103 551 28108 0 0 0 standing 
11 1028 436 1114 548 28109 0 0 1 standing 
11 1026 435 1125 545 28110 0 0 1 standing 
11 1024 435 1136 543 28111 0 0 0 standing 
11 1028 432 1136 541 28112 0 0 1 standing 
11 1033 430 1137 540 28113 0 0 1 standing 
11 1037 428 1137 539 28114 0 0 1 standing 
11 1042 425 1138 537 28115 0 0 1 standing 
11 1046 423 1138 536 28116 0 0 1 standing 
11 1051 421 1139 535 28117 0 0 0 standing 
11 1049 420 1136 534 28118 0 0 1 standing 
11 1047 420 1133 533 28119 0 0 1 standing 
11 1046 420 1130 533 28120 0 0 0 standing 
11 1037 418 1119 532 28121 0 0 1 standing 
11 1028 417 1108 531 28122 0 0 1 standing 
11 1019 416 1097 530 28123 0 0 1 standing 
11 1010 415 1086 529 28124 0 0 1 standing 
