0 748 249 787 341 38620 0 1 0 setting 
0 744 245 783 339 38621 0 1 1 setting 
0 741 241 780 337 38622 0 1 1 setting 
0 738 237 777 336 38623 0 1 1 setting 
0 735 233 774 334 38624 0 1 1 setting 
0 732 229 771 333 38625 0 1 1 setting 
0 728 225 767 331 38626 0 1 1 setting 
0 725 221 764 329 38627 0 1 1 setting 
0 722 217 761 328 38628 0 1 1 setting 
0 719 213 758 326 38629 0 1 1 setting 
0 716 209 755 325 38630 0 1 0 setting 
0 714 211 753 324 38631 0 1 1 setting 
0 712 213 752 324 38632 0 1 1 setting 
0 711 215 751 324 38633 0 1 1 setting 
0 709 217 750 324 38634 0 1 1 setting 
0 708 220 749 324 38635 0 1 1 setting 
0 706 222 747 324 38636 0 1 1 setting 
0 704 224 746 324 38637 0 1 1 setting 
0 703 226 745 324 38638 0 1 1 setting 
0 701 228 744 324 38639 0 1 1 setting 
1 974 302 1028 416 38620 0 0 0 setting 
1 974 302 1031 415 38621 0 0 1 moving 
1 974 302 1034 415 38622 0 0 1 moving 
1 974 303 1037 415 38623 0 0 0 moving 
1 974 306 1043 417 38624 0 0 1 moving 
1 975 309 1049 420 38625 0 0 1 moving 
1 976 312 1055 423 38626 0 0 0 moving 
1 974 311 1053 422 38627 0 0 1 moving 
1 972 311 1051 422 38628 0 0 1 moving 
1 970 311 1049 422 38629 0 0 0 moving 
1 968 310 1045 421 38630 0 0 1 moving 
1 966 310 1041 420 38631 0 0 1 moving 
1 964 310 1038 420 38632 0 0 0 moving 
1 959 310 1035 420 38633 0 0 1 moving 
1 954 310 1032 420 38634 0 0 1 moving 
1 950 310 1029 420 38635 0 0 0 moving 
1 946 310 1026 420 38636 0 0 1 moving 
1 942 311 1023 421 38637 0 0 1 moving 
1 938 312 1020 422 38638 0 0 1 moving 
1 934 313 1017 423 38639 0 0 1 moving 
2 894 347 937 459 38620 0 0 0 moving 
2 890 346 936 458 38621 0 0 1 waiting 
2 887 346 935 457 38622 0 0 1 waiting 
2 884 346 935 457 38623 0 0 0 waiting 
2 882 346 933 457 38624 0 0 1 waiting 
2 881 347 932 458 38625 0 0 1 waiting 
2 880 348 931 459 38626 0 0 0 waiting 
2 878 348 929 459 38627 0 0 1 waiting 
2 876 348 927 459 38628 0 0 1 waiting 
2 875 348 926 459 38629 0 0 0 waiting 
2 873 348 924 459 38630 0 0 1 waiting 
2 872 348 923 459 38631 0 0 1 waiting 
2 871 348 922 459 38632 0 0 0 waiting 
2 870 348 921 459 38633 0 0 1 waiting 
2 870 348 921 459 38634 0 0 1 waiting 
2 869 348 920 459 38635 0 0 1 waiting 
2 869 348 920 459 38636 0 0 1 waiting 
2 869 348 920 459 38637 0 0 1 waiting 
2 868 348 919 459 38638 0 0 1 waiting 
2 868 348 919 459 38639 0 0 1 waiting 
3 835 409 907 540 38620 0 0 0 waiting 
3 835 410 904 540 38621 0 0 1 moving 
3 836 411 902 541 38622 0 0 1 moving 
3 837 412 900 542 38623 0 0 0 moving 
3 837 412 900 542 38624 0 0 1 moving 
3 838 412 901 542 38625 0 0 1 moving 
3 839 412 902 542 38626 0 0 0 moving 
3 839 410 902 542 38627 0 0 1 moving 
3 839 408 902 542 38628 0 0 1 moving 
3 839 407 902 542 38629 0 0 0 moving 
3 839 408 903 543 38630 0 0 1 moving 
3 839 409 905 544 38631 0 0 1 moving 
3 840 411 907 546 38632 0 0 0 moving 
3 840 414 907 548 38633 0 0 1 moving 
3 841 417 907 550 38634 0 0 1 moving 
3 842 421 908 552 38635 0 0 0 moving 
3 839 419 905 550 38636 0 0 1 moving 
3 837 417 903 548 38637 0 0 1 moving 
3 835 416 901 547 38638 0 0 0 moving 
3 835 416 901 547 38639 0 0 1 moving 
4 699 327 759 454 38620 0 0 0 moving 
4 698 327 757 454 38621 0 0 1 standing 
4 697 327 756 454 38622 0 0 1 standing 
4 696 327 755 454 38623 0 0 0 standing 
4 694 327 753 454 38624 0 0 1 standing 
4 692 327 751 454 38625 0 0 1 standing 
4 690 328 749 455 38626 0 0 0 standing 
4 689 327 748 456 38627 0 0 1 standing 
4 689 327 748 457 38628 0 0 1 standing 
4 689 327 747 458 38629 0 0 1 standing 
4 688 327 747 459 38630 0 0 1 standing 
4 688 327 746 460 38631 0 0 1 standing 
4 688 327 746 462 38632 0 0 0 standing 
4 687 328 745 463 38633 0 0 1 standing 
4 686 329 744 464 38634 0 0 1 standing 
4 686 331 744 466 38635 0 0 0 standing 
4 686 332 744 467 38636 0 0 1 standing 
4 686 334 744 469 38637 0 0 1 standing 
4 686 336 744 471 38638 0 0 0 standing 
4 686 336 744 471 38639 0 0 1 standing 
5 700 305 744 427 38620 0 0 0 standing 
5 699 305 743 427 38621 0 0 1 standing 
5 698 305 742 427 38622 0 0 1 standing 
5 697 306 741 428 38623 0 0 0 standing 
5 694 304 738 426 38624 0 0 1 standing 
5 692 302 736 424 38625 0 0 1 standing 
5 690 300 734 422 38626 0 0 0 standing 
5 689 298 733 420 38627 0 0 1 standing 
5 688 297 732 419 38628 0 0 1 standing 
5 688 296 731 418 38629 0 0 0 standing 
5 686 295 729 418 38630 0 0 1 standing 
5 684 295 727 418 38631 0 0 1 standing 
5 682 295 725 418 38632 0 0 0 standing 
5 682 295 725 418 38633 0 0 1 standing 
5 682 295 725 418 38634 0 0 1 standing 
5 682 295 725 418 38635 0 0 1 standing 
5 682 295 725 418 38636 0 0 1 standing 
5 682 295 725 418 38637 0 0 1 standing 
5 682 295 725 418 38638 0 0 1 standing 
5 682 295 725 418 38639 0 0 1 standing 
6 237 343 288 454 38620 0 0 0 standing 
6 235 343 285 454 38621 0 0 1 standing 
6 234 343 282 454 38622 0 0 1 standing 
6 233 343 280 454 38623 0 0 0 standing 
6 232 343 277 454 38624 0 0 1 standing 
6 232 343 274 454 38625 0 0 1 standing 
6 232 343 271 454 38626 0 0 0 standing 
6 228 343 269 454 38627 0 0 1 standing 
6 225 344 267 455 38628 0 0 1 standing 
6 222 345 265 456 38629 0 0 0 standing 
6 217 342 262 453 38630 0 0 1 standing 
6 213 340 259 450 38631 0 0 1 standing 
6 209 338 256 448 38632 0 0 0 standing 
6 205 337 252 447 38633 0 0 1 standing 
6 202 336 249 446 38634 0 0 1 standing 
6 199 335 246 446 38635 0 0 0 standing 
6 196 334 243 444 38636 0 0 1 standing 
6 194 334 241 443 38637 0 0 1 standing 
6 192 334 238 442 38638 0 0 1 standing 
6 190 334 236 441 38639 0 0 1 standing 
7 337 273 376 387 38620 0 0 0 standing 
7 335 272 374 386 38621 0 0 1 standing 
7 334 272 373 386 38622 0 0 1 standing 
7 333 272 372 386 38623 0 0 0 standing 
7 331 271 370 386 38624 0 0 1 standing 
7 329 271 368 386 38625 0 0 1 standing 
7 328 271 367 386 38626 0 0 0 standing 
7 326 271 365 386 38627 0 0 1 standing 
7 325 271 364 386 38628 0 0 1 standing 
7 324 271 363 386 38629 0 0 0 standing 
7 322 271 361 386 38630 0 0 1 standing 
7 320 271 359 386 38631 0 0 1 standing 
7 319 271 358 386 38632 0 0 0 standing 
7 318 271 357 386 38633 0 0 1 standing 
7 318 272 357 387 38634 0 0 1 standing 
7 317 273 356 388 38635 0 0 1 standing 
7 317 274 356 389 38636 0 0 1 standing 
7 316 274 355 389 38637 0 0 1 standing 
7 316 275 355 390 38638 0 0 1 standing 
7 315 276 354 391 38639 0 0 1 standing 
8 353 362 389 480 38620 0 0 0 standing 
8 350 362 389 480 38621 0 0 1 standing 
8 348 363 389 481 38622 0 0 1 standing 
8 346 364 389 482 38623 0 0 0 standing 
8 343 366 387 484 38624 0 0 1 standing 
8 340 368 385 486 38625 0 0 1 standing 
8 337 370 384 488 38626 0 0 0 standing 
8 335 370 383 488 38627 0 0 1 standing 
8 333 370 383 488 38628 0 0 1 standing 
8 332 370 383 488 38629 0 0 0 standing 
8 330 370 381 488 38630 0 0 1 standing 
8 328 370 379 489 38631 0 0 1 standing 
8 327 371 378 490 38632 0 0 0 standing 
8 323 371 376 490 38633 0 0 1 standing 
8 319 371 374 490 38634 0 0 1 standing 
8 315 371 373 490 38635 0 0 0 standing 
8 310 373 370 490 38636 0 0 1 standing 
8 305 375 368 491 38637 0 0 1 standing 
8 300 378 366 492 38638 0 0 1 standing 
8 295 380 364 493 38639 0 0 1 standing 
9 554 359 616 486 38620 0 0 0 standing 
9 554 359 616 486 38621 0 0 1 standing 
9 555 359 617 486 38622 0 0 1 standing 
9 556 359 618 486 38623 0 0 0 standing 
9 556 359 615 486 38624 0 0 1 standing 
9 556 359 612 486 38625 0 0 1 standing 
9 556 359 610 486 38626 0 0 0 standing 
9 555 359 608 486 38627 0 0 1 standing 
9 554 359 606 486 38628 0 0 1 standing 
9 553 359 604 486 38629 0 0 0 standing 
9 553 358 604 488 38630 0 0 1 standing 
9 553 358 604 490 38631 0 0 1 standing 
9 554 358 604 492 38632 0 0 0 standing 
9 555 357 605 491 38633 0 0 1 standing 
9 556 357 606 491 38634 0 0 1 standing 
9 558 357 608 491 38635 0 0 0 standing 
9 559 358 609 491 38636 0 0 1 standing 
9 560 359 610 491 38637 0 0 1 standing 
9 561 361 611 491 38638 0 0 1 standing 
9 562 362 612 491 38639 0 0 1 standing 
10 595 294 654 381 38620 0 0 0 standing 
10 593 295 652 379 38621 0 0 1 moving 
10 592 297 651 377 38622 0 0 1 moving 
10 591 299 650 375 38623 0 0 0 moving 
10 591 300 650 375 38624 0 0 1 moving 
10 591 301 650 376 38625 0 0 1 moving 
10 591 302 650 377 38626 0 0 0 moving 
10 588 303 647 386 38627 0 0 1 moving 
10 586 304 644 395 38628 0 0 1 moving 
10 584 305 642 405 38629 0 0 0 moving 
10 584 305 642 405 38630 0 0 1 moving 
10 584 306 642 406 38631 0 0 1 moving 
10 584 307 642 407 38632 0 0 0 moving 
10 583 309 641 409 38633 0 0 1 moving 
10 583 311 641 411 38634 0 0 1 moving 
10 583 313 641 413 38635 0 0 0 moving 
10 582 315 640 417 38636 0 0 1 moving 
10 581 317 639 422 38637 0 0 1 moving 
10 580 320 638 427 38638 0 0 0 moving 
10 580 320 638 427 38639 0 0 1 moving 
11 612 256 643 367 38620 0 0 0 moving 
11 609 255 642 366 38621 0 0 1 standing 
11 606 254 641 365 38622 0 0 1 standing 
11 603 254 641 364 38623 0 0 0 standing 
11 601 255 639 365 38624 0 0 1 standing 
11 599 256 637 366 38625 0 0 1 standing 
11 598 258 636 368 38626 0 0 0 standing 
11 597 258 635 368 38627 0 0 1 standing 
11 596 258 634 368 38628 0 0 1 standing 
11 596 258 634 368 38629 0 0 0 standing 
11 594 258 632 368 38630 0 0 1 standing 
11 592 259 630 369 38631 0 0 1 standing 
11 591 260 629 370 38632 0 0 0 standing 
11 591 260 629 370 38633 0 0 1 standing 
11 591 260 629 370 38634 0 0 1 standing 
11 591 261 629 371 38635 0 0 0 standing 
11 589 260 627 370 38636 0 0 1 standing 
11 587 260 625 370 38637 0 0 1 standing 
11 585 260 624 370 38638 0 0 0 standing 
11 585 260 624 370 38639 0 0 1 standing 
