0 767 372 841 513 76640 0 1 0 setting 
0 766 366 839 512 76641 0 1 1 setting 
0 766 361 837 511 76642 0 1 1 setting 
0 765 355 835 510 76643 0 1 1 setting 
0 765 350 834 510 76644 0 1 0 setting 
0 765 345 831 508 76645 0 1 1 setting 
0 765 341 829 507 76646 0 1 1 setting 
0 766 337 827 506 76647 0 1 1 setting 
0 766 332 825 504 76648 0 1 1 setting 
0 766 328 823 503 76649 0 1 1 setting 
0 767 324 821 502 76650 0 1 0 setting 
0 766 330 822 503 76651 0 1 1 setting 
0 765 336 823 504 76652 0 1 1 setting 
0 765 342 824 505 76653 0 1 1 setting 
0 764 348 825 506 76654 0 1 1 setting 
0 763 354 826 507 76655 0 1 1 setting 
0 763 360 827 508 76656 0 1 1 setting 
0 762 366 828 509 76657 0 1 1 setting 
0 762 373 830 511 76658 0 1 0 setting 
0 762 373 830 511 76659 0 1 1 setting 
1 1060 343 1121 489 76640 0 1 0 setting 
1 1056 341 1116 486 76641 0 1 1 moving 
1 1052 340 1112 484 76642 0 1 1 moving 
1 1048 338 1108 481 76643 0 1 1 moving 
1 1044 337 1104 479 76644 0 1 1 moving 
1 1040 336 1100 476 76645 0 1 1 moving 
1 1036 334 1096 474 76646 0 1 1 moving 
1 1032 333 1092 471 76647 0 1 1 moving 
1 1028 331 1088 469 76648 0 1 1 moving 
1 1024 330 1084 466 76649 0 1 1 moving 
1 1020 329 1080 464 76650 0 1 0 moving 
1 1014 329 1075 465 76651 0 1 1 moving 
1 1009 329 1071 466 76652 0 1 1 moving 
1 1004 329 1067 468 76653 0 1 1 moving 
1 999 329 1063 469 76654 0 1 1 moving 
1 994 329 1059 471 76655 0 1 0 moving 
1 988 326 1054 469 76656 0 1 1 moving 
1 983 323 1050 467 76657 0 1 1 moving 
1 978 320 1046 466 76658 0 1 1 moving 
1 973 317 1042 464 76659 0 1 1 moving 
2 924 448 1003 614 76640 0 1 0 moving 
2 924 449 1003 612 76641 0 1 1 moving 
2 924 450 1004 611 76642 0 1 1 moving 
2 925 451 1004 610 76643 0 1 1 moving 
2 925 452 1005 609 76644 0 1 1 moving 
2 925 453 1005 608 76645 0 1 1 moving 
2 926 454 1006 607 76646 0 1 0 moving 
2 927 457 1007 608 76647 0 1 1 moving 
2 928 461 1009 609 76648 0 1 1 moving 
2 930 465 1011 610 76649 0 1 0 moving 
2 927 464 1007 611 76650 0 1 1 moving 
2 924 464 1004 612 76651 0 1 1 moving 
2 922 464 1001 613 76652 0 1 0 moving 
2 919 463 997 614 76653 0 1 1 moving 
2 916 463 994 615 76654 0 1 1 moving 
2 913 463 991 616 76655 0 1 1 moving 
2 910 462 988 617 76656 0 1 1 moving 
2 907 462 985 618 76657 0 1 1 moving 
2 904 462 982 619 76658 0 1 0 moving 
2 895 462 973 619 76659 0 1 1 moving 
3 991 449 1044 633 76640 0 0 0 moving 
3 996 447 1049 631 76641 0 0 1 standing 
3 1001 445 1055 629 76642 0 0 1 standing 
3 1007 443 1061 627 76643 0 0 0 standing 
3 1009 444 1064 628 76644 0 0 1 standing 
3 1012 446 1068 629 76645 0 0 1 standing 
3 1015 447 1071 631 76646 0 0 1 standing 
3 1018 449 1075 632 76647 0 0 1 standing 
3 1021 450 1078 633 76648 0 0 1 standing 
3 1024 452 1082 635 76649 0 0 1 standing 
3 1027 453 1085 636 76650 0 0 1 standing 
3 1030 455 1089 637 76651 0 0 1 standing 
3 1033 457 1093 639 76652 0 0 0 standing 
3 1034 454 1094 636 76653 0 0 1 standing 
3 1036 451 1095 633 76654 0 0 1 standing 
3 1038 448 1096 630 76655 0 0 1 standing 
3 1039 445 1097 627 76656 0 0 1 standing 
3 1041 442 1098 624 76657 0 0 1 standing 
3 1043 439 1099 621 76658 0 0 0 standing 
3 1043 439 1099 621 76659 0 0 1 standing 
4 931 383 978 504 76640 0 0 0 standing 
4 931 383 978 504 76641 0 0 1 standing 
4 931 383 978 505 76642 0 0 1 standing 
4 931 383 978 506 76643 0 0 1 standing 
4 931 383 978 506 76644 0 0 1 standing 
4 931 383 978 507 76645 0 0 1 standing 
4 932 384 978 508 76646 0 0 0 standing 
4 932 385 979 508 76647 0 0 1 standing 
4 932 386 981 509 76648 0 0 1 standing 
4 932 387 983 510 76649 0 0 0 standing 
4 933 385 983 513 76650 0 0 1 standing 
4 935 384 983 516 76651 0 0 1 standing 
4 937 383 983 519 76652 0 0 0 standing 
4 939 382 984 523 76653 0 0 1 standing 
4 941 381 985 527 76654 0 0 1 standing 
4 943 380 987 531 76655 0 0 0 standing 
4 945 383 988 535 76656 0 0 1 standing 
4 947 387 989 540 76657 0 0 1 standing 
4 949 391 990 545 76658 0 0 0 standing 
4 949 391 990 545 76659 0 0 1 standing 
5 655 346 713 489 76640 0 0 0 standing 
5 654 346 711 488 76641 0 0 1 standing 
5 653 347 709 487 76642 0 0 1 standing 
5 652 348 708 487 76643 0 0 0 standing 
5 651 348 707 489 76644 0 0 1 standing 
5 650 349 706 491 76645 0 0 1 standing 
5 649 350 705 494 76646 0 0 1 standing 
5 648 350 704 496 76647 0 0 1 standing 
5 647 351 703 499 76648 0 0 1 standing 
5 646 352 702 501 76649 0 0 1 standing 
5 646 353 701 504 76650 0 0 0 standing 
5 646 352 701 505 76651 0 0 1 standing 
5 646 352 701 506 76652 0 0 1 standing 
5 647 352 701 508 76653 0 0 1 standing 
5 647 352 701 509 76654 0 0 1 standing 
5 648 352 701 511 76655 0 0 0 standing 
5 648 355 702 512 76656 0 0 1 standing 
5 649 358 703 514 76657 0 0 1 standing 
5 650 361 704 516 76658 0 0 1 standing 
5 651 364 705 518 76659 0 0 1 standing 
6 49 380 102 534 76640 0 0 0 standing 
6 49 380 102 534 76641 0 0 1 standing 
6 49 380 103 534 76642 0 0 1 standing 
6 50 380 103 534 76643 0 0 1 standing 
6 50 380 104 534 76644 0 0 1 standing 
6 51 381 104 535 76645 0 0 1 standing 
6 51 381 105 535 76646 0 0 1 standing 
6 51 381 105 535 76647 0 0 1 standing 
6 52 381 106 535 76648 0 0 1 standing 
6 52 381 106 535 76649 0 0 1 standing 
6 53 382 107 536 76650 0 0 0 standing 
6 53 383 107 536 76651 0 0 1 standing 
6 53 384 107 537 76652 0 0 1 standing 
6 54 385 107 538 76653 0 0 1 standing 
6 54 386 108 538 76654 0 0 1 standing 
6 55 387 108 539 76655 0 0 1 standing 
6 55 388 108 540 76656 0 0 1 standing 
6 55 389 109 540 76657 0 0 1 standing 
6 56 390 109 541 76658 0 0 1 standing 
6 56 391 109 542 76659 0 0 1 standing 
7 278 450 353 591 76640 0 0 0 standing 
7 277 450 352 591 76641 0 0 1 standing 
7 277 450 352 591 76642 0 0 1 standing 
7 277 450 352 591 76643 0 0 1 standing 
7 276 450 351 591 76644 0 0 1 standing 
7 276 450 351 591 76645 0 0 1 standing 
7 276 450 351 591 76646 0 0 1 standing 
7 275 450 350 591 76647 0 0 1 standing 
7 275 450 350 591 76648 0 0 1 standing 
7 275 450 350 591 76649 0 0 1 standing 
7 275 451 350 592 76650 0 0 0 standing 
7 271 450 346 591 76651 0 0 1 standing 
7 267 450 342 591 76652 0 0 1 standing 
7 263 450 338 591 76653 0 0 1 standing 
7 260 449 334 590 76654 0 0 1 standing 
7 256 449 331 590 76655 0 0 1 standing 
7 252 449 327 590 76656 0 0 1 standing 
7 249 448 323 589 76657 0 0 1 standing 
7 245 448 319 589 76658 0 0 1 standing 
7 241 448 315 589 76659 0 0 1 standing 
8 279 369 339 484 76640 0 0 0 standing 
8 279 369 339 484 76641 0 0 1 standing 
8 279 369 339 484 76642 0 0 1 standing 
8 279 369 339 484 76643 0 0 1 standing 
8 279 369 339 484 76644 0 0 1 standing 
8 279 369 339 484 76645 0 0 1 standing 
8 279 369 339 484 76646 0 0 1 standing 
8 279 369 339 484 76647 0 0 1 standing 
8 279 369 339 484 76648 0 0 1 standing 
8 279 369 339 484 76649 0 0 1 standing 
8 279 369 339 484 76650 0 0 1 standing 
8 279 369 339 484 76651 0 0 1 standing 
8 279 369 339 484 76652 0 0 1 standing 
8 279 369 339 484 76653 0 0 1 standing 
8 279 369 339 484 76654 0 0 1 standing 
8 279 369 339 484 76655 0 0 1 standing 
8 279 369 339 484 76656 0 0 1 standing 
8 279 369 339 484 76657 0 0 1 standing 
8 279 369 339 484 76658 0 0 1 standing 
8 279 369 339 484 76659 0 0 1 standing 
9 557 435 602 594 76640 0 0 0 standing 
9 556 434 601 593 76641 0 0 1 standing 
9 556 434 601 593 76642 0 0 1 standing 
9 556 433 601 593 76643 0 0 1 standing 
9 556 433 601 593 76644 0 0 1 standing 
9 556 432 600 593 76645 0 0 1 standing 
9 556 432 600 593 76646 0 0 1 standing 
9 556 431 600 593 76647 0 0 1 standing 
9 556 431 600 593 76648 0 0 0 standing 
9 556 432 600 592 76649 0 0 1 standing 
9 556 433 600 592 76650 0 0 1 standing 
9 556 435 600 592 76651 0 0 1 standing 
9 556 436 600 592 76652 0 0 1 standing 
9 556 438 600 592 76653 0 0 1 standing 
9 556 439 600 592 76654 0 0 1 standing 
9 556 440 600 592 76655 0 0 1 standing 
9 556 442 600 592 76656 0 0 1 standing 
9 556 443 600 592 76657 0 0 1 standing 
9 556 445 600 592 76658 0 0 1 standing 
9 556 446 600 592 76659 0 0 1 standing 
10 563 388 605 530 76640 0 0 0 standing 
10 563 388 604 530 76641 0 0 1 standing 
10 563 389 604 530 76642 0 0 1 standing 
10 563 390 604 530 76643 0 0 1 standing 
10 563 390 604 530 76644 0 0 1 standing 
10 563 391 604 530 76645 0 0 1 standing 
10 563 392 604 530 76646 0 0 1 standing 
10 563 392 604 530 76647 0 0 1 standing 
10 563 393 604 530 76648 0 0 1 standing 
10 563 394 604 530 76649 0 0 1 standing 
10 563 395 604 530 76650 0 0 0 standing 
10 563 397 604 530 76651 0 0 1 standing 
10 563 399 605 530 76652 0 0 1 standing 
10 563 401 606 530 76653 0 0 1 standing 
10 563 403 606 530 76654 0 0 1 standing 
10 563 406 607 530 76655 0 0 1 standing 
10 563 408 608 530 76656 0 0 1 standing 
10 563 410 608 530 76657 0 0 1 standing 
10 563 412 609 530 76658 0 0 1 standing 
10 563 414 610 530 76659 0 0 1 standing 
11 576 352 615 504 76640 0 0 0 standing 
11 575 351 615 503 76641 0 0 1 standing 
11 575 351 615 503 76642 0 0 1 standing 
11 574 351 615 502 76643 0 0 1 standing 
11 574 351 615 502 76644 0 0 1 standing 
11 574 351 615 501 76645 0 0 1 standing 
11 573 351 615 501 76646 0 0 1 standing 
11 573 351 616 501 76647 0 0 1 standing 
11 573 351 616 500 76648 0 0 1 standing 
11 572 351 616 500 76649 0 0 1 standing 
11 572 351 616 499 76650 0 0 1 standing 
11 572 351 616 499 76651 0 0 1 standing 
11 571 351 616 498 76652 0 0 1 standing 
11 571 351 616 498 76653 0 0 1 standing 
11 571 351 617 498 76654 0 0 0 standing 
11 570 355 616 498 76655 0 0 1 standing 
11 570 360 615 499 76656 0 0 1 standing 
11 569 365 614 500 76657 0 0 1 standing 
11 569 369 613 500 76658 0 0 1 standing 
11 568 374 612 501 76659 0 0 1 standing 
