0 554 433 602 512 10635 0 0 1 waiting 
0 551 432 593 511 10636 0 0 1 waiting 
0 548 431 585 510 10637 0 0 0 waiting 
0 544 430 583 509 10638 0 0 1 waiting 
0 541 430 582 509 10639 0 0 1 waiting 
0 538 429 581 508 10640 0 0 1 waiting 
0 534 429 580 508 10641 0 0 1 waiting 
0 531 428 579 507 10642 0 0 1 waiting 
0 528 428 577 507 10643 0 0 1 waiting 
0 524 427 576 506 10644 0 0 1 waiting 
0 521 427 575 506 10645 0 0 1 waiting 
0 518 426 574 505 10646 0 0 1 waiting 
0 515 426 573 505 10647 0 0 0 waiting 
0 517 424 573 504 10648 0 0 1 waiting 
0 519 422 574 503 10649 0 0 1 waiting 
0 521 420 574 502 10650 0 0 1 waiting 
0 523 418 575 501 10651 0 0 1 waiting 
0 525 416 575 500 10652 0 0 1 waiting 
0 527 415 576 499 10653 0 0 0 waiting 
0 530 415 578 499 10654 0 0 1 waiting 
1 701 394 746 479 10635 0 0 1 waiting 
1 698 393 741 478 10636 0 0 1 standing 
1 695 393 736 477 10637 0 0 0 standing 
1 694 393 734 477 10638 0 0 1 standing 
1 694 393 732 478 10639 0 0 1 standing 
1 693 393 730 479 10640 0 0 1 standing 
1 693 393 729 480 10641 0 0 0 standing 
1 693 393 731 480 10642 0 0 1 standing 
1 693 393 734 480 10643 0 0 1 standing 
1 693 393 736 480 10644 0 0 1 standing 
1 693 393 739 480 10645 0 0 0 standing 
1 696 391 741 479 10646 0 0 1 standing 
1 699 390 744 478 10647 0 0 1 standing 
1 702 388 747 478 10648 0 0 1 standing 
1 705 387 750 477 10649 0 0 1 standing 
1 708 385 753 477 10650 0 0 1 standing 
1 711 384 756 476 10651 0 0 1 standing 
1 714 383 759 476 10652 0 0 0 standing 
1 719 383 764 476 10653 0 0 1 standing 
1 724 383 769 476 10654 0 0 1 standing 
2 521 367 559 445 10635 0 1 0 standing 
2 517 370 555 445 10636 0 1 1 digging 
2 513 373 552 445 10637 0 1 1 digging 
2 510 376 549 446 10638 0 1 0 digging 
2 506 376 548 446 10639 0 1 1 digging 
2 502 376 547 447 10640 0 1 1 digging 
2 498 377 546 448 10641 0 1 1 digging 
2 494 377 545 449 10642 0 1 1 digging 
2 491 378 544 450 10643 0 1 1 digging 
2 487 378 543 450 10644 0 1 1 digging 
2 483 378 542 451 10645 0 1 1 digging 
2 479 379 541 452 10646 0 1 1 digging 
2 475 379 540 453 10647 0 1 1 digging 
2 472 380 539 454 10648 0 1 0 digging 
2 472 382 538 455 10649 0 1 1 digging 
2 472 384 538 456 10650 0 1 1 digging 
2 472 387 537 457 10651 0 1 1 digging 
2 472 389 537 458 10652 0 1 1 digging 
2 472 392 536 459 10653 0 1 1 digging 
2 472 394 536 460 10654 0 1 1 digging 
3 113 398 157 492 10635 0 0 1 digging 
3 112 399 156 493 10636 0 0 1 standing 
3 111 400 155 494 10637 0 0 1 standing 
3 110 401 154 495 10638 0 0 0 standing 
3 110 401 154 495 10639 0 0 1 standing 
3 110 402 154 496 10640 0 0 1 standing 
3 110 402 154 496 10641 0 0 1 standing 
3 111 403 155 497 10642 0 0 0 standing 
3 113 402 157 496 10643 0 0 1 standing 
3 115 402 159 496 10644 0 0 1 standing 
3 117 402 161 496 10645 0 0 1 standing 
3 119 402 163 496 10646 0 0 1 standing 
3 121 402 165 496 10647 0 0 1 standing 
3 123 401 167 495 10648 0 0 1 standing 
3 125 401 169 495 10649 0 0 1 standing 
3 127 401 171 495 10650 0 0 1 standing 
3 129 401 173 495 10651 0 0 1 standing 
3 132 401 176 495 10652 0 0 0 standing 
3 134 400 178 494 10653 0 0 1 standing 
3 137 399 181 493 10654 0 0 1 standing 
4 259 439 328 531 10635 0 0 0 standing 
4 262 437 328 530 10636 0 0 1 standing 
4 265 436 328 529 10637 0 0 1 standing 
4 268 434 328 529 10638 0 0 1 standing 
4 271 433 328 528 10639 0 0 1 standing 
4 274 431 329 528 10640 0 0 1 standing 
4 277 430 329 527 10641 0 0 1 standing 
4 280 428 329 526 10642 0 0 1 standing 
4 283 427 329 526 10643 0 0 1 standing 
4 286 425 329 525 10644 0 0 1 standing 
4 289 424 330 525 10645 0 0 0 standing 
4 292 423 333 524 10646 0 0 1 standing 
4 296 422 337 523 10647 0 0 1 standing 
4 299 421 340 522 10648 0 0 1 standing 
4 303 420 344 521 10649 0 0 1 standing 
4 307 419 348 520 10650 0 0 1 standing 
4 310 418 351 519 10651 0 0 1 standing 
4 314 417 355 518 10652 0 0 1 standing 
4 317 416 358 517 10653 0 0 1 standing 
4 321 415 362 516 10654 0 0 1 standing 
5 280 363 322 438 10635 0 0 1 standing 
5 280 363 322 438 10636 0 0 1 standing 
5 280 363 323 438 10637 0 0 1 standing 
5 280 363 323 438 10638 0 0 1 standing 
5 281 364 324 438 10639 0 0 1 standing 
5 281 364 324 438 10640 0 0 1 standing 
5 281 364 325 439 10641 0 0 1 standing 
5 281 364 325 439 10642 0 0 1 standing 
5 281 364 326 439 10643 0 0 1 standing 
5 281 364 326 439 10644 0 0 1 standing 
5 282 365 327 439 10645 0 0 1 standing 
5 282 365 327 439 10646 0 0 1 standing 
5 282 365 328 439 10647 0 0 1 standing 
5 282 365 328 439 10648 0 0 1 standing 
5 282 365 329 440 10649 0 0 1 standing 
5 282 365 329 440 10650 0 0 1 standing 
5 282 365 330 440 10651 0 0 1 standing 
5 283 366 330 440 10652 0 0 1 standing 
5 283 366 331 440 10653 0 0 1 standing 
5 283 366 331 440 10654 0 0 1 standing 
6 342 392 393 470 10635 0 0 0 standing 
6 343 390 392 470 10636 0 0 1 standing 
6 344 389 391 470 10637 0 0 1 standing 
6 345 388 391 470 10638 0 0 1 standing 
6 346 387 390 470 10639 0 0 1 standing 
6 347 386 390 470 10640 0 0 1 standing 
6 348 384 389 470 10641 0 0 1 standing 
6 349 383 388 470 10642 0 0 1 standing 
6 350 382 388 470 10643 0 0 1 standing 
6 351 381 387 470 10644 0 0 1 standing 
6 353 380 387 471 10645 0 0 0 standing 
6 355 380 389 471 10646 0 0 1 standing 
6 357 380 391 471 10647 0 0 1 standing 
6 359 381 393 472 10648 0 0 1 standing 
6 362 381 396 472 10649 0 0 1 standing 
6 364 382 398 473 10650 0 0 1 standing 
6 366 382 400 473 10651 0 0 1 standing 
6 369 382 403 473 10652 0 0 1 standing 
6 371 383 405 474 10653 0 0 1 standing 
6 373 383 407 474 10654 0 0 1 standing 
7 394 319 449 432 10635 0 0 0 standing 
7 394 320 447 433 10636 0 0 1 blocking 
7 395 321 445 434 10637 0 0 1 blocking 
7 396 322 444 435 10638 0 0 1 blocking 
7 396 324 442 436 10639 0 0 1 blocking 
7 397 325 441 438 10640 0 0 1 blocking 
7 398 326 439 439 10641 0 0 1 blocking 
7 398 328 437 440 10642 0 0 1 blocking 
7 399 329 436 441 10643 0 0 1 blocking 
7 400 330 434 442 10644 0 0 1 blocking 
7 401 332 433 444 10645 0 0 0 blocking 
7 404 334 436 443 10646 0 0 1 blocking 
7 407 336 439 443 10647 0 0 1 blocking 
7 411 338 442 443 10648 0 0 1 blocking 
7 414 340 446 442 10649 0 0 1 blocking 
7 418 343 449 442 10650 0 0 1 blocking 
7 421 345 452 442 10651 0 0 1 blocking 
7 424 347 456 441 10652 0 0 1 blocking 
7 428 349 459 441 10653 0 0 1 blocking 
7 431 351 462 441 10654 0 0 1 blocking 
8 395 318 433 422 10635 0 0 0 blocking 
8 394 318 432 422 10636 0 0 1 blocking 
8 394 318 432 422 10637 0 0 1 blocking 
8 394 318 432 422 10638 0 0 1 blocking 
8 394 318 432 422 10639 0 0 1 blocking 
8 394 318 432 422 10640 0 0 1 blocking 
8 394 318 432 422 10641 0 0 1 blocking 
8 394 318 432 422 10642 0 0 1 blocking 
8 394 318 432 422 10643 0 0 1 blocking 
8 394 318 432 422 10644 0 0 1 blocking 
8 394 319 432 423 10645 0 0 0 blocking 
8 399 321 436 422 10646 0 0 1 blocking 
8 405 323 440 421 10647 0 0 1 blocking 
8 410 325 444 421 10648 0 0 1 blocking 
8 416 327 449 420 10649 0 0 1 blocking 
8 421 329 453 420 10650 0 0 1 blocking 
8 427 331 457 419 10651 0 0 1 blocking 
8 432 333 462 418 10652 0 0 1 blocking 
8 438 335 466 418 10653 0 0 1 blocking 
8 443 337 470 417 10654 0 0 1 blocking 
9 393 310 424 410 10635 0 0 0 blocking 
9 393 312 424 412 10636 0 0 1 blocking 
9 394 315 425 415 10637 0 0 1 blocking 
9 395 317 426 417 10638 0 0 1 blocking 
9 396 320 427 420 10639 0 0 1 blocking 
9 397 323 428 423 10640 0 0 1 blocking 
9 398 325 429 425 10641 0 0 1 blocking 
9 399 328 430 428 10642 0 0 1 blocking 
9 400 330 431 430 10643 0 0 1 blocking 
9 401 333 432 433 10644 0 0 1 blocking 
9 402 336 433 436 10645 0 0 0 blocking 
9 407 334 438 434 10646 0 0 1 blocking 
9 413 332 444 432 10647 0 0 1 blocking 
9 419 330 450 430 10648 0 0 1 blocking 
9 425 329 456 429 10649 0 0 1 blocking 
9 431 327 462 427 10650 0 0 1 blocking 
9 437 325 468 425 10651 0 0 1 blocking 
9 443 324 474 424 10652 0 0 1 blocking 
9 449 322 480 422 10653 0 0 1 blocking 
9 455 320 486 420 10654 0 0 1 blocking 
10 343 332 392 427 10635 0 0 0 blocking 
10 344 332 392 428 10636 0 0 1 standing 
10 346 333 393 429 10637 0 0 1 standing 
10 347 333 394 430 10638 0 0 1 standing 
10 349 334 395 432 10639 0 0 1 standing 
10 351 334 396 433 10640 0 0 1 standing 
10 352 335 396 434 10641 0 0 1 standing 
10 354 335 397 436 10642 0 0 1 standing 
10 355 336 398 437 10643 0 0 1 standing 
10 357 336 399 438 10644 0 0 1 standing 
10 359 337 400 440 10645 0 0 0 standing 
10 361 337 402 440 10646 0 0 1 standing 
10 363 337 404 440 10647 0 0 1 standing 
10 365 337 406 440 10648 0 0 1 standing 
10 367 338 408 441 10649 0 0 1 standing 
10 370 338 411 441 10650 0 0 1 standing 
10 372 338 413 441 10651 0 0 1 standing 
10 374 339 415 442 10652 0 0 1 standing 
10 376 339 417 442 10653 0 0 1 standing 
10 378 339 419 442 10654 0 0 1 standing 
11 6 437 66 543 10635 1 0 1 standing 
11 6 437 66 543 10636 1 0 1 standing 
11 6 437 66 543 10637 1 0 1 standing 
11 6 437 66 543 10638 1 0 1 standing 
11 6 437 66 543 10639 1 0 1 standing 
11 6 437 66 543 10640 1 0 1 standing 
11 6 437 66 543 10641 1 0 1 standing 
11 6 437 66 543 10642 1 0 1 standing 
11 6 437 66 543 10643 1 0 1 standing 
11 6 437 66 543 10644 1 0 1 standing 
11 6 437 66 543 10645 1 0 1 standing 
11 6 437 66 543 10646 1 0 1 standing 
11 6 437 66 543 10647 1 0 1 standing 
11 6 437 66 543 10648 1 0 1 standing 
11 6 437 66 543 10649 0 0 0 standing 
11 15 436 73 542 10650 0 0 1 standing 
11 24 436 81 541 10651 0 0 1 standing 
11 33 436 88 540 10652 0 0 1 standing 
11 42 436 96 539 10653 0 0 1 standing 
11 51 435 103 538 10654 0 0 1 standing 
