0 975 331 1038 445 18860 0 0 0 standing 
0 975 332 1036 443 18861 0 0 1 standing 
0 975 333 1035 441 18862 0 0 1 standing 
0 976 334 1034 439 18863 0 0 0 standing 
0 975 334 1031 440 18864 0 0 1 standing 
0 974 334 1029 441 18865 0 0 1 standing 
0 973 334 1027 443 18866 0 0 0 standing 
0 972 332 1026 441 18867 0 0 1 standing 
0 972 331 1025 439 18868 0 0 1 standing 
0 971 330 1024 438 18869 0 0 1 standing 
0 971 328 1023 436 18870 0 0 1 standing 
0 970 327 1022 434 18871 0 0 1 standing 
0 970 326 1022 433 18872 0 0 0 standing 
0 968 327 1020 436 18873 0 0 1 standing 
0 967 328 1019 439 18874 0 0 1 standing 
0 966 329 1018 443 18875 0 0 0 standing 
0 965 332 1016 443 18876 0 0 1 standing 
0 965 335 1015 443 18877 0 0 1 standing 
0 964 339 1013 443 18878 0 0 1 standing 
0 964 342 1012 443 18879 0 0 1 standing 
1 890 302 940 390 18860 0 0 0 standing 
1 890 302 939 389 18861 0 0 1 standing 
1 890 302 939 388 18862 0 0 1 standing 
1 890 303 939 387 18863 0 0 0 standing 
1 891 300 937 386 18864 0 0 1 standing 
1 893 298 936 385 18865 0 0 1 standing 
1 895 296 935 384 18866 0 0 0 standing 
1 894 296 936 387 18867 0 0 1 standing 
1 894 297 937 391 18868 0 0 1 standing 
1 894 298 938 395 18869 0 0 0 standing 
1 892 297 936 394 18870 0 0 1 standing 
1 890 296 935 393 18871 0 0 1 standing 
1 889 295 934 393 18872 0 0 0 standing 
1 889 296 934 394 18873 0 0 1 standing 
1 890 298 934 396 18874 0 0 1 standing 
1 891 300 935 398 18875 0 0 0 standing 
1 891 302 934 398 18876 0 0 1 standing 
1 891 305 933 398 18877 0 0 1 standing 
1 891 307 932 399 18878 0 0 1 standing 
1 891 310 931 399 18879 0 0 1 standing 
2 916 425 980 523 18860 0 0 0 standing 
2 916 424 980 523 18861 0 0 1 standing 
2 917 424 980 523 18862 0 0 1 standing 
2 918 424 980 523 18863 0 0 0 standing 
2 916 421 978 522 18864 0 0 1 standing 
2 915 419 977 521 18865 0 0 1 standing 
2 914 417 976 520 18866 0 0 0 standing 
2 916 413 977 516 18867 0 0 1 standing 
2 918 409 978 512 18868 0 0 1 standing 
2 921 405 979 508 18869 0 0 0 standing 
2 921 405 981 506 18870 0 0 1 standing 
2 922 405 983 505 18871 0 0 1 standing 
2 923 405 986 504 18872 0 0 0 standing 
2 925 405 990 503 18873 0 0 1 standing 
2 928 405 994 503 18874 0 0 1 standing 
2 931 405 998 503 18875 0 0 0 standing 
2 930 404 997 503 18876 0 0 1 standing 
2 929 403 996 503 18877 0 0 1 standing 
2 928 403 996 503 18878 0 0 1 standing 
2 927 402 995 503 18879 0 0 1 standing 
3 672 373 725 494 18860 0 0 0 standing 
3 673 377 732 492 18861 0 0 1 standing 
3 675 381 739 490 18862 0 0 1 standing 
3 677 385 746 489 18863 0 0 0 standing 
3 675 385 750 489 18864 0 0 1 standing 
3 673 385 754 489 18865 0 0 1 standing 
3 671 385 758 489 18866 0 0 0 standing 
3 674 385 757 489 18867 0 0 1 standing 
3 677 385 756 489 18868 0 0 1 standing 
3 681 385 755 489 18869 0 0 0 standing 
3 685 386 758 492 18870 0 0 1 standing 
3 690 387 761 495 18871 0 0 1 standing 
3 695 389 764 498 18872 0 0 0 standing 
3 697 389 768 496 18873 0 0 1 standing 
3 699 389 773 494 18874 0 0 1 standing 
3 701 389 778 493 18875 0 0 0 standing 
3 700 388 779 493 18876 0 0 1 standing 
3 699 387 781 493 18877 0 0 1 standing 
3 699 387 783 494 18878 0 0 1 standing 
3 698 386 785 494 18879 0 0 1 standing 
4 598 294 641 393 18860 0 1 0 standing 
4 595 290 638 392 18861 0 1 1 standing 
4 593 287 636 391 18862 0 1 1 standing 
4 590 283 633 390 18863 0 1 1 standing 
4 588 280 631 389 18864 0 1 1 standing 
4 586 277 628 388 18865 0 1 1 standing 
4 583 273 626 387 18866 0 1 1 standing 
4 581 270 623 386 18867 0 1 1 standing 
4 578 266 621 385 18868 0 1 1 standing 
4 576 263 618 384 18869 0 1 1 standing 
4 574 260 616 384 18870 0 1 0 standing 
4 573 261 615 385 18871 0 1 1 standing 
4 572 263 614 386 18872 0 1 1 standing 
4 572 265 613 388 18873 0 1 1 standing 
4 571 267 613 389 18874 0 1 1 standing 
4 571 269 612 391 18875 0 1 1 standing 
4 570 271 611 392 18876 0 1 1 standing 
4 569 273 611 393 18877 0 1 1 standing 
4 569 275 610 395 18878 0 1 1 standing 
4 568 277 609 396 18879 0 1 1 standing 
5 600 324 646 422 18860 0 1 0 standing 
5 597 318 643 420 18861 0 1 1 standing 
5 594 312 640 418 18862 0 1 1 standing 
5 591 306 637 416 18863 0 1 1 standing 
5 589 300 634 414 18864 0 1 1 standing 
5 586 295 632 412 18865 0 1 1 standing 
5 583 289 629 410 18866 0 1 1 standing 
5 581 283 626 408 18867 0 1 1 standing 
5 578 277 623 406 18868 0 1 1 standing 
5 575 271 620 404 18869 0 1 1 standing 
5 573 266 618 403 18870 0 1 0 standing 
5 572 268 616 404 18871 0 1 1 standing 
5 571 270 614 406 18872 0 1 1 standing 
5 570 272 612 408 18873 0 1 1 standing 
5 569 274 610 410 18874 0 1 1 standing 
5 568 276 609 412 18875 0 1 1 standing 
5 567 278 607 413 18876 0 1 1 standing 
5 566 280 605 415 18877 0 1 1 standing 
5 565 282 603 417 18878 0 1 1 standing 
5 564 284 601 419 18879 0 1 1 standing 
6 496 334 545 436 18860 0 0 0 standing 
6 494 334 542 438 18861 0 0 1 standing 
6 492 334 539 440 18862 0 0 1 standing 
6 490 334 536 442 18863 0 0 1 standing 
6 488 334 533 444 18864 0 0 1 standing 
6 486 334 530 446 18865 0 0 1 standing 
6 484 335 527 449 18866 0 0 0 standing 
6 481 335 525 449 18867 0 0 1 standing 
6 478 335 523 449 18868 0 0 1 standing 
6 476 336 521 450 18869 0 0 1 standing 
6 473 336 519 450 18870 0 0 1 standing 
6 470 336 517 450 18871 0 0 1 standing 
6 468 337 516 451 18872 0 0 0 standing 
6 466 339 514 451 18873 0 0 1 standing 
6 464 341 513 452 18874 0 0 1 standing 
6 463 343 512 453 18875 0 0 0 standing 
6 460 344 510 453 18876 0 0 1 standing 
6 458 346 509 453 18877 0 0 1 standing 
6 456 348 508 454 18878 0 0 1 standing 
6 454 350 507 454 18879 0 0 1 standing 
7 400 261 440 386 18860 0 1 0 standing 
7 398 257 444 381 18861 0 1 1 spiking 
7 397 254 449 376 18862 0 1 1 spiking 
7 396 251 453 371 18863 0 1 1 spiking 
7 394 248 458 366 18864 0 1 1 spiking 
7 393 245 462 361 18865 0 1 1 spiking 
7 392 242 467 356 18866 0 1 0 spiking 
7 394 241 460 358 18867 0 1 1 spiking 
7 396 240 453 360 18868 0 1 1 spiking 
7 398 239 446 362 18869 0 1 1 spiking 
7 400 239 440 364 18870 0 1 0 spiking 
7 399 243 438 368 18871 0 1 1 spiking 
7 398 248 437 372 18872 0 1 1 spiking 
7 397 252 436 376 18873 0 1 1 spiking 
7 396 257 435 381 18874 0 1 1 spiking 
7 395 261 434 385 18875 0 1 1 spiking 
7 394 266 433 389 18876 0 1 1 spiking 
7 393 270 432 394 18877 0 1 1 spiking 
7 392 275 431 398 18878 0 1 1 spiking 
7 391 279 430 402 18879 0 1 1 spiking 
8 356 311 395 419 18860 0 0 0 spiking 
8 354 312 395 420 18861 0 0 1 standing 
8 353 313 395 421 18862 0 0 1 standing 
8 352 314 395 422 18863 0 0 0 standing 
8 349 314 395 421 18864 0 0 1 standing 
8 347 315 395 421 18865 0 0 1 standing 
8 345 316 396 420 18866 0 0 1 standing 
8 342 317 396 420 18867 0 0 1 standing 
8 340 318 396 419 18868 0 0 1 standing 
8 338 319 397 419 18869 0 0 0 standing 
8 341 318 400 419 18870 0 0 1 standing 
8 344 317 403 420 18871 0 0 1 standing 
8 347 316 406 421 18872 0 0 0 standing 
8 349 316 404 419 18873 0 0 1 standing 
8 352 317 403 417 18874 0 0 1 standing 
8 355 318 402 416 18875 0 0 0 standing 
8 354 322 402 418 18876 0 0 1 standing 
8 354 326 402 420 18877 0 0 1 standing 
8 354 330 402 422 18878 0 0 1 standing 
8 354 334 402 424 18879 0 0 1 standing 
9 247 341 300 453 18860 0 0 0 standing 
9 242 340 295 453 18861 0 0 1 standing 
9 238 340 290 453 18862 0 0 1 standing 
9 234 340 285 453 18863 0 0 1 standing 
9 229 340 280 453 18864 0 0 1 standing 
9 225 340 275 453 18865 0 0 1 standing 
9 221 340 270 453 18866 0 0 0 standing 
9 217 340 267 453 18867 0 0 1 standing 
9 213 340 264 453 18868 0 0 1 standing 
9 210 340 262 453 18869 0 0 0 standing 
9 206 340 259 452 18870 0 0 1 standing 
9 202 340 257 452 18871 0 0 1 standing 
9 199 340 254 451 18872 0 0 1 standing 
9 195 340 252 451 18873 0 0 1 standing 
9 192 340 249 451 18874 0 0 1 standing 
9 188 340 247 450 18875 0 0 1 standing 
9 185 340 244 450 18876 0 0 1 standing 
9 181 340 242 450 18877 0 0 1 standing 
9 178 340 239 449 18878 0 0 1 standing 
9 174 340 237 449 18879 0 0 1 standing 
10 372 400 456 493 18860 0 0 0 standing 
10 368 399 452 492 18861 0 0 1 falling 
10 365 399 449 492 18862 0 0 1 falling 
10 362 399 446 492 18863 0 0 0 falling 
10 358 399 436 493 18864 0 0 1 falling 
10 355 400 426 494 18865 0 0 1 falling 
10 352 401 416 495 18866 0 0 0 falling 
10 345 401 414 493 18867 0 0 1 falling 
10 338 401 412 492 18868 0 0 1 falling 
10 332 401 411 491 18869 0 0 0 falling 
10 328 402 407 491 18870 0 0 1 falling 
10 325 404 404 491 18871 0 0 1 falling 
10 322 406 401 491 18872 0 0 0 falling 
10 319 404 398 490 18873 0 0 1 falling 
10 317 403 396 490 18874 0 0 1 falling 
10 314 401 393 490 18875 0 0 1 falling 
10 312 400 391 490 18876 0 0 1 falling 
10 310 398 388 489 18877 0 0 1 falling 
10 307 397 386 489 18878 0 0 1 falling 
10 305 395 383 489 18879 0 0 1 falling 
11 390 437 469 544 18860 0 0 0 falling 
11 388 437 467 544 18861 0 0 1 waiting 
11 387 437 466 545 18862 0 0 1 waiting 
11 385 438 464 545 18863 0 0 1 waiting 
11 384 438 463 546 18864 0 0 1 waiting 
11 382 438 461 546 18865 0 0 1 waiting 
11 381 439 460 547 18866 0 0 0 waiting 
11 377 439 457 547 18867 0 0 1 waiting 
11 373 439 454 547 18868 0 0 1 waiting 
11 369 439 451 548 18869 0 0 0 waiting 
11 368 439 449 548 18870 0 0 1 waiting 
11 367 439 448 548 18871 0 0 1 waiting 
11 366 439 447 548 18872 0 0 1 waiting 
11 365 439 446 548 18873 0 0 1 waiting 
11 364 439 445 548 18874 0 0 1 waiting 
11 364 440 444 548 18875 0 0 0 waiting 
11 361 440 442 548 18876 0 0 1 waiting 
11 358 440 440 548 18877 0 0 1 waiting 
11 356 440 438 548 18878 0 0 1 waiting 
11 353 440 436 548 18879 0 0 1 waiting 
