0 480 345 530 454 12985 0 0 0 standing 
0 476 345 527 455 12986 0 0 1 standing 
0 472 345 524 456 12987 0 0 1 standing 
0 468 345 521 457 12988 0 0 1 standing 
0 464 346 518 458 12989 0 0 1 standing 
0 460 346 515 459 12990 0 0 1 standing 
0 456 346 512 460 12991 0 0 1 standing 
0 452 347 510 462 12992 0 0 0 standing 
0 451 345 504 460 12993 0 0 1 standing 
0 451 343 498 458 12994 0 0 1 standing 
0 451 342 493 456 12995 0 0 0 standing 
0 451 342 493 456 12996 0 0 1 standing 
0 451 342 493 456 12997 0 0 1 standing 
0 451 342 493 456 12998 0 0 1 standing 
0 451 342 493 456 12999 0 0 1 standing 
0 451 342 493 456 13000 0 0 1 standing 
0 451 342 493 456 13001 0 0 1 standing 
0 451 342 493 456 13002 0 0 1 standing 
0 451 342 493 456 13003 0 0 1 standing 
0 451 342 493 456 13004 0 0 1 standing 
1 320 418 399 523 12985 0 1 0 standing 
1 325 413 400 523 12986 0 1 1 setting 
1 331 409 401 523 12987 0 1 1 setting 
1 336 404 402 523 12988 0 1 1 setting 
1 342 400 403 523 12989 0 1 1 setting 
1 348 396 404 523 12990 0 1 0 setting 
1 351 394 409 522 12991 0 1 1 setting 
1 355 393 414 521 12992 0 1 1 setting 
1 359 391 420 520 12993 0 1 1 setting 
1 363 390 425 519 12994 0 1 1 setting 
1 367 389 431 519 12995 0 1 0 setting 
1 371 392 440 520 12996 0 1 1 setting 
1 376 395 449 522 12997 0 1 1 setting 
1 381 398 459 524 12998 0 1 0 setting 
1 385 404 464 525 12999 0 1 1 setting 
1 390 410 469 526 13000 0 1 1 setting 
1 395 416 474 527 13001 0 1 1 setting 
1 400 422 479 529 13002 0 1 0 setting 
1 404 423 477 526 13003 0 1 1 setting 
1 408 425 475 523 13004 0 1 1 setting 
2 391 280 433 360 12985 0 0 0 setting 
2 391 281 434 364 12986 0 0 1 standing 
2 392 282 435 369 12987 0 0 1 standing 
2 393 283 436 374 12988 0 0 0 standing 
2 390 284 435 375 12989 0 0 1 standing 
2 387 285 434 376 12990 0 0 1 standing 
2 384 286 433 377 12991 0 0 1 standing 
2 382 287 433 379 12992 0 0 0 standing 
2 384 288 432 378 12993 0 0 1 standing 
2 386 289 432 378 12994 0 0 1 standing 
2 388 291 432 378 12995 0 0 0 standing 
2 390 292 434 379 12996 0 0 1 standing 
2 392 293 436 380 12997 0 0 1 standing 
2 394 294 438 381 12998 0 0 1 standing 
2 396 295 440 382 12999 0 0 1 standing 
2 398 296 442 383 13000 0 0 1 standing 
2 400 297 444 384 13001 0 0 1 standing 
2 402 298 446 385 13002 0 0 1 standing 
2 404 299 448 386 13003 0 0 1 standing 
2 406 300 450 387 13004 0 0 1 standing 
3 302 382 347 492 12985 0 0 0 standing 
3 299 382 345 492 12986 0 0 1 standing 
3 296 382 343 493 12987 0 0 1 standing 
3 294 383 341 494 12988 0 0 0 standing 
3 293 383 339 495 12989 0 0 1 standing 
3 292 384 337 497 12990 0 0 1 standing 
3 291 385 335 498 12991 0 0 1 standing 
3 291 386 334 500 12992 0 0 0 standing 
3 290 387 333 501 12993 0 0 1 standing 
3 289 388 333 502 12994 0 0 1 standing 
3 289 389 333 503 12995 0 0 0 standing 
3 291 390 335 504 12996 0 0 1 standing 
3 293 391 337 505 12997 0 0 1 standing 
3 296 392 339 507 12998 0 0 0 standing 
3 298 393 343 508 12999 0 0 1 standing 
3 300 395 347 510 13000 0 0 1 standing 
3 302 396 351 511 13001 0 0 1 standing 
3 305 398 356 513 13002 0 0 0 standing 
3 307 399 361 513 13003 0 0 1 standing 
3 310 400 366 513 13004 0 0 1 standing 
4 151 357 227 461 12985 0 0 0 standing 
4 148 357 224 462 12986 0 0 1 standing 
4 145 357 221 463 12987 0 0 1 standing 
4 143 358 218 464 12988 0 0 0 standing 
4 144 358 215 464 12989 0 0 1 standing 
4 145 358 213 464 12990 0 0 1 standing 
4 146 358 211 464 12991 0 0 1 standing 
4 147 358 209 465 12992 0 0 0 standing 
4 148 358 210 466 12993 0 0 1 standing 
4 150 358 211 468 12994 0 0 1 standing 
4 152 358 212 470 12995 0 0 0 standing 
4 151 357 209 473 12996 0 0 1 standing 
4 151 357 207 476 12997 0 0 1 standing 
4 151 357 205 480 12998 0 0 0 standing 
4 151 358 204 480 12999 0 0 1 standing 
4 152 359 204 480 13000 0 0 1 standing 
4 152 360 204 480 13001 0 0 1 standing 
4 153 362 204 481 13002 0 0 0 standing 
4 152 360 201 478 13003 0 0 1 standing 
4 151 358 198 475 13004 0 0 1 standing 
5 257 316 304 404 12985 0 0 0 standing 
5 256 316 303 404 12986 0 0 1 standing 
5 255 316 302 405 12987 0 0 1 standing 
5 254 316 301 406 12988 0 0 1 standing 
5 254 316 300 407 12989 0 0 1 standing 
5 253 317 299 408 12990 0 0 1 standing 
5 252 317 298 408 12991 0 0 1 standing 
5 252 317 297 409 12992 0 0 1 standing 
5 251 317 296 410 12993 0 0 1 standing 
5 250 317 295 411 12994 0 0 1 standing 
5 250 318 294 412 12995 0 0 0 standing 
5 249 317 292 412 12996 0 0 1 standing 
5 249 317 290 412 12997 0 0 1 standing 
5 249 317 289 412 12998 0 0 1 standing 
5 249 317 287 412 12999 0 0 1 standing 
5 249 317 286 412 13000 0 0 1 standing 
5 249 317 284 412 13001 0 0 1 standing 
5 249 317 283 412 13002 0 0 0 standing 
5 249 317 283 411 13003 0 0 1 standing 
5 249 317 283 411 13004 0 0 1 standing 
6 641 299 687 414 12985 1 0 1 standing 
6 641 300 687 415 12986 0 0 0 standing 
6 638 300 684 415 12987 0 0 1 standing 
6 636 300 681 415 12988 0 0 1 standing 
6 633 300 678 415 12989 0 0 1 standing 
6 631 300 675 415 12990 0 0 1 standing 
6 628 300 672 415 12991 0 0 1 standing 
6 626 300 670 415 12992 0 0 0 standing 
6 623 298 668 414 12993 0 0 1 standing 
6 620 296 667 414 12994 0 0 1 standing 
6 618 295 666 414 12995 0 0 0 standing 
6 616 299 666 417 12996 0 0 1 standing 
6 614 303 666 420 12997 0 0 1 standing 
6 613 308 667 423 12998 0 0 0 standing 
6 612 310 666 424 12999 0 0 1 standing 
6 612 312 666 426 13000 0 0 1 standing 
6 611 314 666 427 13001 0 0 1 standing 
6 611 317 666 429 13002 0 0 0 standing 
6 608 317 663 425 13003 0 0 1 standing 
6 605 317 660 422 13004 0 0 1 standing 
7 785 306 855 384 12985 0 0 0 standing 
7 782 306 855 387 12986 0 0 1 standing 
7 779 307 855 391 12987 0 0 1 standing 
7 777 308 855 395 12988 0 0 0 standing 
7 775 307 852 395 12989 0 0 1 standing 
7 774 307 849 396 12990 0 0 1 standing 
7 772 306 846 396 12991 0 0 1 standing 
7 771 306 843 397 12992 0 0 0 standing 
7 773 304 842 395 12993 0 0 1 standing 
7 775 302 841 393 12994 0 0 1 standing 
7 778 300 841 392 12995 0 0 0 standing 
7 777 300 837 393 12996 0 0 1 standing 
7 776 301 833 394 12997 0 0 1 standing 
7 775 302 829 396 12998 0 0 0 standing 
7 773 304 827 398 12999 0 0 1 standing 
7 771 306 826 401 13000 0 0 1 standing 
7 769 308 824 403 13001 0 0 1 standing 
7 768 311 823 406 13002 0 0 0 standing 
7 765 310 819 405 13003 0 0 1 standing 
7 762 309 816 404 13004 0 0 1 standing 
8 986 342 1042 454 12985 0 0 0 standing 
8 984 342 1041 453 12986 0 0 1 standing 
8 982 342 1040 453 12987 0 0 1 standing 
8 980 342 1040 453 12988 0 0 0 standing 
8 978 342 1037 453 12989 0 0 1 standing 
8 976 342 1035 453 12990 0 0 1 standing 
8 974 342 1033 453 12991 0 0 1 standing 
8 973 342 1031 453 12992 0 0 0 standing 
8 971 339 1029 451 12993 0 0 1 standing 
8 970 337 1027 450 12994 0 0 1 standing 
8 969 335 1025 449 12995 0 0 0 standing 
8 968 335 1022 449 12996 0 0 1 standing 
8 968 335 1020 449 12997 0 0 1 standing 
8 968 336 1018 450 12998 0 0 1 standing 
8 967 336 1015 450 12999 0 0 1 standing 
8 967 337 1013 451 13000 0 0 1 standing 
8 967 337 1011 451 13001 0 0 1 standing 
8 967 338 1009 452 13002 0 0 0 standing 
8 967 336 1007 452 13003 0 0 1 standing 
8 967 335 1005 452 13004 0 0 1 standing 
9 967 422 1029 530 12985 0 0 0 standing 
9 958 423 1025 530 12986 0 0 1 standing 
9 949 425 1021 531 12987 0 0 1 standing 
9 940 426 1017 531 12988 0 0 1 standing 
9 931 428 1013 532 12989 0 0 1 standing 
9 923 430 1010 533 12990 0 0 0 standing 
9 922 428 1003 531 12991 0 0 1 standing 
9 921 426 996 529 12992 0 0 1 standing 
9 920 424 989 527 12993 0 0 1 standing 
9 919 422 982 525 12994 0 0 1 standing 
9 918 420 975 524 12995 0 0 0 standing 
9 914 421 974 523 12996 0 0 1 standing 
9 910 422 974 523 12997 0 0 1 standing 
9 907 423 974 523 12998 0 0 0 standing 
9 903 424 971 523 12999 0 0 1 standing 
9 900 425 968 523 13000 0 0 1 standing 
9 897 426 965 523 13001 0 0 1 standing 
9 893 427 963 523 13002 0 0 1 standing 
9 890 428 960 523 13003 0 0 1 standing 
9 887 429 957 523 13004 0 0 1 standing 
10 559 394 602 509 12985 0 0 0 standing 
10 555 395 598 510 12986 0 0 1 standing 
10 551 397 594 512 12987 0 0 1 standing 
10 547 399 590 514 12988 0 0 0 standing 
10 546 399 588 517 12989 0 0 1 standing 
10 545 399 587 520 12990 0 0 1 standing 
10 544 399 586 523 12991 0 0 1 standing 
10 543 399 585 526 12992 0 0 0 standing 
10 544 399 587 524 12993 0 0 1 standing 
10 545 399 589 523 12994 0 0 1 standing 
10 547 399 591 522 12995 0 0 0 standing 
10 549 400 595 523 12996 0 0 1 standing 
10 552 401 599 525 12997 0 0 1 standing 
10 555 402 604 527 12998 0 0 1 standing 
10 558 403 608 529 12999 0 0 1 standing 
10 561 404 613 531 13000 0 0 1 standing 
10 564 405 617 532 13001 0 0 1 standing 
10 567 406 621 534 13002 0 0 1 standing 
10 570 407 626 536 13003 0 0 1 standing 
10 573 408 630 538 13004 0 0 1 standing 
11 566 384 604 493 12985 0 0 0 standing 
11 562 384 604 492 12986 0 0 1 standing 
11 559 384 604 492 12987 0 0 1 standing 
11 556 385 604 492 12988 0 0 0 standing 
11 557 383 603 491 12989 0 0 1 standing 
11 559 382 603 490 12990 0 0 1 standing 
11 561 381 603 489 12991 0 0 1 standing 
11 563 380 603 488 12992 0 0 0 standing 
11 565 379 603 487 12993 0 0 1 standing 
11 568 378 604 486 12994 0 0 1 standing 
11 571 377 605 485 12995 0 0 0 standing 
11 574 375 611 487 12996 0 0 1 standing 
11 577 374 617 489 12997 0 0 1 standing 
11 581 373 623 491 12998 0 0 0 standing 
11 586 373 630 489 12999 0 0 1 standing 
11 591 373 637 488 13000 0 0 1 standing 
11 596 373 645 487 13001 0 0 1 standing 
11 601 374 652 485 13002 0 0 1 standing 
11 606 374 660 484 13003 0 0 1 standing 
11 611 374 667 483 13004 0 0 1 standing 
