0 936 633 983 781 23785 0 1 0 digging 
0 940 640 988 788 23786 0 1 1 digging 
0 944 647 993 795 23787 0 1 1 digging 
0 949 655 999 803 23788 0 1 0 digging 
0 953 660 1004 805 23789 0 1 1 digging 
0 958 665 1009 808 23790 0 1 1 digging 
0 963 671 1015 811 23791 0 1 0 digging 
0 966 677 1019 818 23792 0 1 1 digging 
0 969 683 1023 825 23793 0 1 1 digging 
0 973 689 1028 832 23794 0 1 0 digging 
0 978 693 1033 833 23795 0 1 1 digging 
0 983 697 1038 834 23796 0 1 1 digging 
0 988 702 1044 835 23797 0 1 0 digging 
0 989 711 1051 839 23798 0 1 1 digging 
0 990 721 1058 843 23799 0 1 1 digging 
0 991 731 1065 847 23800 0 1 0 digging 
0 997 734 1070 848 23801 0 1 1 digging 
0 1003 737 1076 849 23802 0 1 1 digging 
0 1010 740 1081 851 23803 0 1 1 digging 
0 1016 743 1087 852 23804 0 1 1 digging 
1 1217 785 1315 975 23785 0 0 0 digging 
1 1225 783 1323 975 23786 0 0 1 standing 
1 1233 781 1331 975 23787 0 0 1 standing 
1 1242 779 1339 976 23788 0 0 0 standing 
1 1245 782 1344 979 23789 0 0 1 standing 
1 1248 785 1350 982 23790 0 0 1 standing 
1 1252 789 1356 986 23791 0 0 0 standing 
1 1253 795 1360 993 23792 0 0 1 standing 
1 1254 801 1364 1001 23793 0 0 1 standing 
1 1255 807 1368 1009 23794 0 0 0 standing 
1 1257 812 1377 1010 23795 0 0 1 standing 
1 1259 818 1386 1011 23796 0 0 1 standing 
1 1261 824 1395 1012 23797 0 0 0 standing 
1 1269 824 1395 1012 23798 0 0 1 standing 
1 1277 824 1395 1012 23799 0 0 1 standing 
1 1285 824 1395 1012 23800 0 0 0 standing 
1 1279 823 1391 1011 23801 0 0 1 standing 
1 1273 823 1388 1011 23802 0 0 1 standing 
1 1267 822 1384 1010 23803 0 0 1 standing 
1 1261 822 1381 1010 23804 0 0 1 standing 
2 1445 728 1546 881 23785 0 0 0 standing 
2 1444 731 1549 884 23786 0 0 1 standing 
2 1444 734 1553 888 23787 0 0 1 standing 
2 1444 737 1557 892 23788 0 0 0 standing 
2 1442 737 1551 892 23789 0 0 1 standing 
2 1440 737 1545 892 23790 0 0 1 standing 
2 1438 737 1539 892 23791 0 0 0 standing 
2 1438 734 1544 891 23792 0 0 1 standing 
2 1438 731 1549 890 23793 0 0 1 standing 
2 1438 728 1554 889 23794 0 0 0 standing 
2 1440 731 1551 889 23795 0 0 1 standing 
2 1442 734 1548 889 23796 0 0 1 standing 
2 1444 737 1545 889 23797 0 0 0 standing 
2 1439 735 1539 891 23798 0 0 1 standing 
2 1434 733 1533 893 23799 0 0 1 standing 
2 1429 731 1527 895 23800 0 0 0 standing 
2 1426 731 1520 895 23801 0 0 1 standing 
2 1423 731 1513 895 23802 0 0 1 standing 
2 1420 731 1506 895 23803 0 0 1 standing 
2 1417 731 1499 895 23804 0 0 1 standing 
3 1285 592 1380 755 23785 0 0 0 standing 
3 1294 593 1390 757 23786 0 0 1 standing 
3 1303 594 1400 760 23787 0 0 1 standing 
3 1312 596 1410 763 23788 0 0 0 standing 
3 1316 601 1418 766 23789 0 0 1 standing 
3 1320 606 1426 769 23790 0 0 1 standing 
3 1324 611 1434 772 23791 0 0 0 standing 
3 1327 610 1436 771 23792 0 0 1 standing 
3 1330 609 1438 770 23793 0 0 1 standing 
3 1333 608 1440 769 23794 0 0 0 standing 
3 1337 610 1442 773 23795 0 0 1 standing 
3 1341 612 1444 777 23796 0 0 1 standing 
3 1345 614 1446 781 23797 0 0 0 standing 
3 1351 618 1450 783 23798 0 0 1 standing 
3 1358 622 1454 785 23799 0 0 1 standing 
3 1365 627 1459 787 23800 0 0 0 standing 
3 1370 631 1461 790 23801 0 0 1 standing 
3 1376 636 1463 793 23802 0 0 1 standing 
3 1381 640 1465 796 23803 0 0 1 standing 
3 1387 645 1467 799 23804 0 0 1 standing 
4 1052 497 1139 614 23785 0 0 0 standing 
4 1064 500 1149 613 23786 0 0 1 moving 
4 1077 503 1159 613 23787 0 0 1 moving 
4 1090 507 1170 613 23788 0 0 0 moving 
4 1098 504 1179 612 23789 0 0 1 moving 
4 1106 502 1188 611 23790 0 0 1 moving 
4 1114 500 1197 610 23791 0 0 0 moving 
4 1117 502 1200 612 23792 0 0 1 moving 
4 1121 505 1204 615 23793 0 0 1 moving 
4 1125 508 1208 618 23794 0 0 0 moving 
4 1127 508 1210 621 23795 0 0 1 moving 
4 1129 508 1212 624 23796 0 0 1 moving 
4 1132 509 1215 628 23797 0 0 0 moving 
4 1139 510 1219 633 23798 0 0 1 moving 
4 1146 511 1223 638 23799 0 0 1 moving 
4 1153 512 1227 643 23800 0 0 0 moving 
4 1157 513 1228 643 23801 0 0 1 moving 
4 1162 515 1230 643 23802 0 0 1 moving 
4 1166 516 1231 643 23803 0 0 1 moving 
4 1171 518 1233 643 23804 0 0 1 moving 
5 895 557 946 701 23785 0 0 0 moving 
5 904 561 956 704 23786 0 0 1 standing 
5 913 565 967 708 23787 0 0 1 standing 
5 922 569 978 712 23788 0 0 0 standing 
5 929 571 987 714 23789 0 0 1 standing 
5 936 573 996 716 23790 0 0 1 standing 
5 943 575 1005 718 23791 0 0 0 standing 
5 949 576 1011 719 23792 0 0 1 standing 
5 956 577 1018 720 23793 0 0 1 standing 
5 963 578 1025 721 23794 0 0 0 standing 
5 966 581 1031 724 23795 0 0 1 standing 
5 969 584 1037 727 23796 0 0 1 standing 
5 973 587 1044 730 23797 0 0 0 standing 
5 986 586 1055 734 23798 0 0 1 standing 
5 999 585 1066 738 23799 0 0 1 standing 
5 1012 584 1077 742 23800 0 0 0 standing 
5 1018 589 1082 749 23801 0 0 1 standing 
5 1025 594 1087 756 23802 0 0 1 standing 
5 1031 599 1093 764 23803 0 0 1 standing 
5 1038 604 1098 771 23804 0 0 1 standing 
6 746 666 796 846 23785 0 0 0 standing 
6 756 664 803 844 23786 0 0 1 standing 
6 767 663 811 842 23787 0 0 1 standing 
6 778 662 819 841 23788 0 0 0 standing 
6 789 662 830 842 23789 0 0 1 standing 
6 801 662 842 843 23790 0 0 1 standing 
6 813 663 854 845 23791 0 0 0 standing 
6 821 667 861 852 23792 0 0 1 standing 
6 829 671 869 859 23793 0 0 1 standing 
6 837 676 877 866 23794 0 0 0 standing 
6 845 680 886 870 23795 0 0 1 standing 
6 853 684 896 874 23796 0 0 1 standing 
6 862 688 906 878 23797 0 0 0 standing 
6 872 693 916 883 23798 0 0 1 standing 
6 882 698 926 888 23799 0 0 1 standing 
6 892 703 936 893 23800 0 0 0 standing 
6 897 703 943 893 23801 0 0 1 standing 
6 903 704 951 893 23802 0 0 1 standing 
6 909 704 958 893 23803 0 0 1 standing 
6 915 705 966 893 23804 0 0 1 standing 
7 718 597 766 765 23785 0 0 0 standing 
7 728 598 776 767 23786 0 0 1 standing 
7 738 600 787 769 23787 0 0 1 standing 
7 748 602 798 772 23788 0 0 0 standing 
7 756 602 806 773 23789 0 0 1 standing 
7 764 602 814 774 23790 0 0 1 standing 
7 772 602 822 775 23791 0 0 0 standing 
7 781 603 831 781 23792 0 0 1 standing 
7 790 604 840 787 23793 0 0 1 standing 
7 799 606 849 793 23794 0 0 0 standing 
7 804 606 859 793 23795 0 0 1 standing 
7 809 606 869 793 23796 0 0 1 standing 
7 814 607 879 794 23797 0 0 0 standing 
7 825 611 890 795 23798 0 0 1 standing 
7 836 616 901 797 23799 0 0 1 standing 
7 847 621 912 799 23800 0 0 0 standing 
7 854 623 918 801 23801 0 0 1 standing 
7 862 626 924 804 23802 0 0 1 standing 
7 870 628 930 806 23803 0 0 1 standing 
7 878 631 936 809 23804 0 0 1 standing 
8 755 560 796 708 23785 0 0 0 standing 
8 764 559 806 707 23786 0 0 1 standing 
8 774 559 816 707 23787 0 0 1 standing 
8 784 559 826 707 23788 0 0 0 standing 
8 792 558 834 706 23789 0 0 1 standing 
8 800 557 842 706 23790 0 0 1 standing 
8 808 557 850 706 23791 0 0 0 standing 
8 817 557 859 710 23792 0 0 1 standing 
8 827 558 868 715 23793 0 0 1 standing 
8 837 559 877 720 23794 0 0 0 standing 
8 845 562 885 723 23795 0 0 1 standing 
8 853 565 893 726 23796 0 0 1 standing 
8 861 568 902 729 23797 0 0 0 standing 
8 870 573 911 734 23798 0 0 1 standing 
8 879 578 920 739 23799 0 0 1 standing 
8 888 583 929 744 23800 0 0 0 standing 
8 895 584 936 745 23801 0 0 1 standing 
8 902 585 943 746 23802 0 0 1 standing 
8 910 587 951 748 23803 0 0 1 standing 
8 917 588 958 749 23804 0 0 1 standing 
9 536 633 599 810 23785 0 0 0 standing 
9 544 638 606 815 23786 0 0 1 standing 
9 552 643 614 820 23787 0 0 1 standing 
9 560 648 622 826 23788 0 0 0 standing 
9 562 652 628 827 23789 0 0 1 standing 
9 565 656 634 828 23790 0 0 1 standing 
9 568 660 640 830 23791 0 0 0 standing 
9 572 662 648 837 23792 0 0 1 standing 
9 576 665 657 845 23793 0 0 1 standing 
9 580 668 666 853 23794 0 0 0 standing 
9 584 670 670 854 23795 0 0 1 standing 
9 588 672 674 855 23796 0 0 1 standing 
9 592 675 678 857 23797 0 0 0 standing 
9 596 675 676 857 23798 0 0 1 standing 
9 600 676 674 858 23799 0 0 1 standing 
9 604 677 673 859 23800 0 0 0 standing 
9 600 679 672 859 23801 0 0 1 standing 
9 596 682 671 859 23802 0 0 1 standing 
9 592 685 671 860 23803 0 0 1 standing 
9 588 688 670 860 23804 0 0 1 standing 
10 397 557 470 696 23785 0 0 0 standing 
10 406 557 470 696 23786 0 0 1 standing 
10 416 557 471 696 23787 0 0 1 standing 
10 426 557 472 697 23788 0 0 0 standing 
10 433 557 479 697 23789 0 0 1 standing 
10 440 557 486 697 23790 0 0 1 standing 
10 447 557 493 697 23791 0 0 0 standing 
10 452 558 501 698 23792 0 0 1 standing 
10 457 559 510 699 23793 0 0 1 standing 
10 463 560 519 700 23794 0 0 0 standing 
10 470 559 528 698 23795 0 0 1 standing 
10 477 558 537 696 23796 0 0 1 standing 
10 484 557 547 694 23797 0 0 0 standing 
10 495 557 556 693 23798 0 0 1 standing 
10 506 557 566 692 23799 0 0 1 standing 
10 517 558 576 692 23800 0 0 0 standing 
10 524 559 584 691 23801 0 0 1 standing 
10 531 561 593 691 23802 0 0 1 standing 
10 538 562 601 691 23803 0 0 1 standing 
10 545 564 610 691 23804 0 0 1 standing 
11 277 597 337 759 23785 0 0 0 standing 
11 282 598 341 762 23786 0 0 1 standing 
11 287 600 346 765 23787 0 0 1 standing 
11 292 602 351 769 23788 0 0 0 standing 
11 293 603 361 770 23789 0 0 1 standing 
11 294 604 371 771 23790 0 0 1 standing 
11 295 605 381 772 23791 0 0 0 standing 
11 303 605 386 771 23792 0 0 1 standing 
11 311 605 391 770 23793 0 0 1 standing 
11 319 605 396 769 23794 0 0 0 standing 
11 324 603 394 768 23795 0 0 1 standing 
11 329 601 392 767 23796 0 0 1 standing 
11 334 599 390 766 23797 0 0 0 standing 
11 337 600 393 770 23798 0 0 1 standing 
11 340 601 396 774 23799 0 0 1 standing 
11 343 602 399 778 23800 0 0 0 standing 
11 343 603 403 779 23801 0 0 1 standing 
11 343 605 407 781 23802 0 0 1 standing 
11 343 607 412 783 23803 0 0 1 standing 
11 343 609 416 785 23804 0 0 1 standing 
