0 417 407 457 495 10525 0 0 0 standing 
0 423 405 464 493 10526 0 0 1 standing 
0 430 403 472 491 10527 0 0 1 standing 
0 437 402 479 489 10528 0 0 1 standing 
0 444 400 487 488 10529 0 0 1 standing 
0 451 399 495 486 10530 0 0 1 standing 
0 457 397 502 484 10531 0 0 1 standing 
0 464 395 510 483 10532 0 0 1 standing 
0 471 394 517 481 10533 0 0 1 standing 
0 478 392 525 479 10534 0 0 1 standing 
0 485 391 533 478 10535 0 0 0 standing 
0 486 391 534 478 10536 0 0 1 standing 
0 487 391 535 478 10537 0 0 1 standing 
0 489 391 537 478 10538 0 0 1 standing 
0 490 391 538 478 10539 0 0 1 standing 
0 492 391 540 478 10540 0 0 1 standing 
0 493 391 541 478 10541 0 0 1 standing 
0 494 391 542 478 10542 0 0 1 standing 
0 496 391 544 478 10543 0 0 1 standing 
0 497 391 545 478 10544 0 0 1 standing 
1 355 326 393 418 10525 0 0 0 standing 
1 362 324 400 416 10526 0 0 1 standing 
1 370 322 408 414 10527 0 0 1 standing 
1 377 321 415 413 10528 0 0 1 standing 
1 385 319 423 411 10529 0 0 1 standing 
1 392 318 430 410 10530 0 0 1 standing 
1 400 316 438 408 10531 0 0 1 standing 
1 407 314 445 406 10532 0 0 1 standing 
1 415 313 453 405 10533 0 0 1 standing 
1 422 311 460 403 10534 0 0 1 standing 
1 430 310 468 402 10535 0 0 0 standing 
1 431 309 469 401 10536 0 0 1 standing 
1 432 308 470 400 10537 0 0 1 standing 
1 434 307 472 399 10538 0 0 1 standing 
1 435 306 473 398 10539 0 0 1 standing 
1 437 305 475 397 10540 0 0 1 standing 
1 438 304 476 396 10541 0 0 1 standing 
1 440 304 478 396 10542 0 0 0 standing 
1 438 302 476 394 10543 0 0 1 standing 
1 436 301 474 393 10544 0 0 1 standing 
2 264 430 302 504 10525 0 0 0 standing 
2 270 428 308 502 10526 0 0 1 standing 
2 276 426 314 500 10527 0 0 1 standing 
2 282 424 320 498 10528 0 0 1 standing 
2 289 422 327 496 10529 0 0 1 standing 
2 295 420 333 494 10530 0 0 1 standing 
2 301 418 339 492 10531 0 0 1 standing 
2 308 416 346 490 10532 0 0 1 standing 
2 314 414 352 488 10533 0 0 1 standing 
2 320 412 358 486 10534 0 0 1 standing 
2 327 410 365 484 10535 0 0 0 standing 
2 327 409 365 484 10536 0 0 1 standing 
2 328 408 366 485 10537 0 0 1 standing 
2 328 407 366 485 10538 0 0 1 standing 
2 329 406 367 486 10539 0 0 1 standing 
2 330 406 367 487 10540 0 0 1 standing 
2 330 405 368 487 10541 0 0 1 standing 
2 331 404 368 488 10542 0 0 1 standing 
2 331 403 369 488 10543 0 0 1 standing 
2 332 402 369 489 10544 0 0 1 standing 
3 337 473 396 574 10525 0 0 0 standing 
3 357 470 412 571 10526 0 0 1 standing 
3 377 468 428 569 10527 0 0 1 standing 
3 397 466 444 566 10528 0 0 1 standing 
3 417 464 460 564 10529 0 0 1 standing 
3 437 462 477 562 10530 0 0 0 standing 
3 450 460 495 560 10531 0 0 1 standing 
3 463 458 513 558 10532 0 0 1 standing 
3 476 456 532 556 10533 0 0 1 standing 
3 489 454 550 554 10534 0 0 1 standing 
3 502 453 569 553 10535 0 0 0 standing 
3 509 453 576 552 10536 0 0 1 standing 
3 516 453 583 552 10537 0 0 1 standing 
3 523 453 590 552 10538 0 0 1 standing 
3 530 453 597 551 10539 0 0 1 standing 
3 538 453 604 551 10540 0 0 1 standing 
3 545 453 611 551 10541 0 0 1 standing 
3 552 453 618 550 10542 0 0 1 standing 
3 559 453 625 550 10543 0 0 1 standing 
3 566 453 632 550 10544 0 0 1 standing 
4 582 429 621 528 10525 0 0 0 standing 
4 591 428 630 527 10526 0 0 1 standing 
4 601 427 640 526 10527 0 0 1 standing 
4 611 426 650 525 10528 0 0 1 standing 
4 621 426 660 525 10529 0 0 1 standing 
4 631 425 670 524 10530 0 0 1 standing 
4 640 424 679 523 10531 0 0 1 standing 
4 650 424 689 523 10532 0 0 1 standing 
4 660 423 699 522 10533 0 0 1 standing 
4 670 422 709 521 10534 0 0 1 standing 
4 680 422 719 521 10535 0 0 0 standing 
4 681 422 720 521 10536 0 0 1 standing 
4 682 423 721 522 10537 0 0 1 standing 
4 683 423 722 522 10538 0 0 1 standing 
4 684 424 723 523 10539 0 0 1 standing 
4 685 424 724 523 10540 0 0 1 standing 
4 686 425 725 524 10541 0 0 1 standing 
4 687 425 726 524 10542 0 0 1 standing 
4 688 426 727 525 10543 0 0 1 standing 
4 689 426 728 525 10544 0 0 1 standing 
5 622 385 664 480 10525 0 0 0 standing 
5 630 383 672 478 10526 0 0 1 standing 
5 639 381 681 476 10527 0 0 1 standing 
5 647 379 689 474 10528 0 0 1 standing 
5 656 377 698 472 10529 0 0 1 standing 
5 664 375 706 470 10530 0 0 1 standing 
5 673 373 715 468 10531 0 0 1 standing 
5 681 371 723 466 10532 0 0 1 standing 
5 690 369 732 464 10533 0 0 1 standing 
5 698 367 740 462 10534 0 0 1 standing 
5 707 366 749 461 10535 0 0 0 standing 
5 706 365 748 460 10536 0 0 1 standing 
5 706 364 748 459 10537 0 0 1 standing 
5 706 364 748 459 10538 0 0 1 standing 
5 705 363 747 458 10539 0 0 1 standing 
5 705 363 747 458 10540 0 0 1 standing 
5 705 362 747 457 10541 0 0 1 standing 
5 704 361 746 456 10542 0 0 1 standing 
5 704 361 746 456 10543 0 0 1 standing 
5 704 360 746 455 10544 0 0 1 standing 
6 803 450 851 526 10525 0 0 0 standing 
6 812 450 860 526 10526 0 0 1 waiting 
6 822 450 870 526 10527 0 0 1 waiting 
6 831 450 879 526 10528 0 0 1 waiting 
6 841 450 889 526 10529 0 0 1 waiting 
6 851 450 899 526 10530 0 0 1 waiting 
6 860 450 908 526 10531 0 0 1 waiting 
6 870 450 918 526 10532 0 0 1 waiting 
6 879 450 927 526 10533 0 0 1 waiting 
6 889 450 937 526 10534 0 0 1 waiting 
6 899 450 947 526 10535 0 0 0 waiting 
6 900 449 948 525 10536 0 0 1 waiting 
6 901 449 949 525 10537 0 0 1 waiting 
6 903 449 951 525 10538 0 0 1 waiting 
6 904 449 952 525 10539 0 0 1 waiting 
6 906 449 954 525 10540 0 0 1 waiting 
6 907 448 955 524 10541 0 0 1 waiting 
6 908 448 956 524 10542 0 0 1 waiting 
6 910 448 958 524 10543 0 0 1 waiting 
6 911 448 959 524 10544 0 0 1 waiting 
7 1004 428 1058 523 10525 0 0 0 waiting 
7 1012 427 1065 522 10526 0 0 1 standing 
7 1020 426 1072 521 10527 0 0 1 standing 
7 1029 425 1079 520 10528 0 0 1 standing 
7 1037 425 1086 519 10529 0 0 1 standing 
7 1046 424 1093 519 10530 0 0 1 standing 
7 1054 423 1100 518 10531 0 0 1 standing 
7 1062 423 1107 517 10532 0 0 1 standing 
7 1071 422 1114 516 10533 0 0 1 standing 
7 1079 421 1121 515 10534 0 0 1 standing 
7 1088 421 1129 515 10535 0 0 0 standing 
7 1084 420 1127 514 10536 0 0 1 standing 
7 1081 420 1126 514 10537 0 0 1 standing 
7 1078 420 1124 514 10538 0 0 1 standing 
7 1075 420 1123 514 10539 0 0 1 standing 
7 1072 420 1122 514 10540 0 0 1 standing 
7 1068 420 1120 513 10541 0 0 1 standing 
7 1065 420 1119 513 10542 0 0 1 standing 
7 1062 420 1117 513 10543 0 0 1 standing 
7 1059 420 1116 513 10544 0 0 1 standing 
8 314 367 350 454 10525 0 0 0 standing 
8 322 365 359 452 10526 0 0 1 standing 
8 330 363 368 450 10527 0 0 1 standing 
8 339 362 377 448 10528 0 0 1 standing 
8 347 360 386 446 10529 0 0 1 standing 
8 356 359 395 445 10530 0 0 0 standing 
8 360 358 399 444 10531 0 0 1 standing 
8 364 357 404 443 10532 0 0 1 standing 
8 368 356 408 442 10533 0 0 1 standing 
8 372 355 413 441 10534 0 0 1 standing 
8 376 354 417 440 10535 0 0 1 standing 
8 380 353 422 439 10536 0 0 1 standing 
8 384 352 427 438 10537 0 0 0 standing 
8 381 352 424 438 10538 0 0 1 standing 
8 379 353 422 439 10539 0 0 1 standing 
8 377 353 420 439 10540 0 0 1 standing 
8 374 354 417 440 10541 0 0 1 standing 
8 372 354 415 440 10542 0 0 1 standing 
8 370 355 413 441 10543 0 0 1 standing 
8 367 355 410 441 10544 0 0 1 standing 
9 587 383 622 473 10525 0 0 0 standing 
9 597 383 632 473 10526 0 0 1 blocking 
9 608 383 643 473 10527 0 0 1 blocking 
9 619 383 654 473 10528 0 0 1 blocking 
9 630 383 665 473 10529 0 0 1 blocking 
9 641 383 676 473 10530 0 0 0 blocking 
9 648 381 683 471 10531 0 0 1 blocking 
9 655 379 690 469 10532 0 0 1 blocking 
9 662 377 697 467 10533 0 0 1 blocking 
9 669 375 704 465 10534 0 0 1 blocking 
9 676 373 711 463 10535 0 0 0 blocking 
9 678 373 713 463 10536 0 0 1 blocking 
9 680 374 715 464 10537 0 0 1 blocking 
9 682 374 717 464 10538 0 0 1 blocking 
9 684 375 719 465 10539 0 0 1 blocking 
9 686 375 721 465 10540 0 0 1 blocking 
9 688 376 723 466 10541 0 0 1 blocking 
9 690 376 725 466 10542 0 0 1 blocking 
9 692 377 727 467 10543 0 0 1 blocking 
9 694 377 729 467 10544 0 0 1 blocking 
10 719 377 766 445 10525 0 0 0 blocking 
10 730 376 777 444 10526 0 0 1 waiting 
10 742 376 789 444 10527 0 0 1 waiting 
10 753 376 800 444 10528 0 0 1 waiting 
10 765 376 812 444 10529 0 0 1 waiting 
10 777 376 824 444 10530 0 0 0 waiting 
10 784 376 831 444 10531 0 0 1 waiting 
10 792 376 839 444 10532 0 0 1 waiting 
10 799 376 846 444 10533 0 0 1 waiting 
10 807 376 854 444 10534 0 0 1 waiting 
10 815 376 862 444 10535 0 0 0 waiting 
10 816 376 863 444 10536 0 0 1 waiting 
10 818 376 865 444 10537 0 0 1 waiting 
10 819 376 866 444 10538 0 0 1 waiting 
10 821 377 868 445 10539 0 0 1 waiting 
10 822 377 869 445 10540 0 0 1 waiting 
10 824 377 871 445 10541 0 0 1 waiting 
10 825 378 872 446 10542 0 0 1 waiting 
10 827 378 874 446 10543 0 0 1 waiting 
10 828 378 875 446 10544 0 0 1 waiting 
11 256 474 305 553 10525 0 1 0 waiting 
11 264 470 313 551 10526 0 1 1 digging 
11 273 467 321 549 10527 0 1 1 digging 
11 282 464 329 548 10528 0 1 1 digging 
11 290 461 337 546 10529 0 1 1 digging 
11 299 458 345 545 10530 0 1 1 digging 
11 308 455 354 543 10531 0 1 1 digging 
11 317 452 362 542 10532 0 1 1 digging 
11 325 449 370 540 10533 0 1 1 digging 
11 334 446 378 539 10534 0 1 1 digging 
11 343 443 386 537 10535 0 1 1 digging 
11 352 440 395 536 10536 0 1 0 digging 
11 352 437 395 535 10537 0 1 1 digging 
11 352 434 396 535 10538 0 1 1 digging 
11 352 431 397 535 10539 0 1 1 digging 
11 352 429 398 535 10540 0 1 0 digging 
11 350 428 396 535 10541 0 1 1 digging 
11 349 428 394 535 10542 0 1 1 digging 
11 348 428 393 536 10543 0 1 1 digging 
11 347 427 391 536 10544 0 1 1 digging 
