0 436 414 517 575 42995 0 1 0 setting 
0 434 411 514 575 42996 0 1 1 setting 
0 433 408 511 575 42997 0 1 1 setting 
0 432 405 509 575 42998 0 1 1 setting 
0 431 402 506 576 42999 0 1 1 setting 
0 430 399 503 576 43000 0 1 1 setting 
0 429 396 501 576 43001 0 1 1 setting 
0 428 393 498 576 43002 0 1 1 setting 
0 427 390 495 577 43003 0 1 1 setting 
0 426 387 493 577 43004 0 1 1 setting 
0 425 384 490 577 43005 0 1 1 setting 
0 424 382 488 578 43006 0 1 0 setting 
0 421 387 485 580 43007 0 1 1 setting 
0 419 393 483 583 43008 0 1 1 setting 
0 417 399 481 585 43009 0 1 1 setting 
0 414 405 479 588 43010 0 1 1 setting 
0 412 410 476 590 43011 0 1 1 setting 
0 410 416 474 593 43012 0 1 1 setting 
0 407 422 472 595 43013 0 1 1 setting 
0 405 428 470 598 43014 0 1 1 setting 
1 471 402 553 518 42995 0 0 0 setting 
1 468 404 555 520 42996 0 0 1 standing 
1 466 406 558 522 42997 0 0 1 standing 
1 464 409 561 524 42998 0 0 0 standing 
1 458 407 554 523 42999 0 0 1 standing 
1 452 406 548 523 43000 0 0 1 standing 
1 446 405 541 523 43001 0 0 1 standing 
1 440 403 535 522 43002 0 0 1 standing 
1 434 402 529 522 43003 0 0 1 standing 
1 428 401 522 522 43004 0 0 1 standing 
1 422 400 516 522 43005 0 0 1 standing 
1 417 398 509 521 43006 0 0 1 standing 
1 411 397 503 521 43007 0 0 1 standing 
1 405 396 497 521 43008 0 0 1 standing 
1 399 395 490 521 43009 0 0 1 standing 
1 393 393 484 520 43010 0 0 1 standing 
1 387 392 477 520 43011 0 0 1 standing 
1 381 391 471 520 43012 0 0 1 standing 
1 376 390 465 520 43013 0 0 0 standing 
1 379 393 466 523 43014 0 0 1 standing 
2 473 337 556 454 42995 0 0 0 standing 
2 470 336 551 453 42996 0 0 1 standing 
2 467 336 547 453 42997 0 0 1 standing 
2 464 335 543 452 42998 0 0 1 standing 
2 461 335 539 452 42999 0 0 1 standing 
2 458 335 535 451 43000 0 0 1 standing 
2 455 334 530 451 43001 0 0 1 standing 
2 452 334 526 450 43002 0 0 1 standing 
2 449 333 522 450 43003 0 0 1 standing 
2 446 333 518 449 43004 0 0 1 standing 
2 444 333 514 449 43005 0 0 0 standing 
2 435 332 509 448 43006 0 0 1 standing 
2 427 332 504 448 43007 0 0 1 standing 
2 418 332 499 448 43008 0 0 1 standing 
2 410 332 494 447 43009 0 0 1 standing 
2 401 332 489 447 43010 0 0 1 standing 
2 393 332 484 447 43011 0 0 1 standing 
2 384 332 479 446 43012 0 0 1 standing 
2 376 332 474 446 43013 0 0 1 standing 
2 367 332 469 446 43014 0 0 1 standing 
3 247 439 356 569 42995 0 0 0 standing 
3 255 438 361 569 42996 0 0 1 standing 
3 264 438 367 569 42997 0 0 1 standing 
3 272 438 372 569 42998 0 0 1 standing 
3 281 437 378 569 42999 0 0 1 standing 
3 290 437 384 569 43000 0 0 1 standing 
3 298 437 389 569 43001 0 0 1 standing 
3 307 436 395 569 43002 0 0 1 standing 
3 315 436 400 569 43003 0 0 1 standing 
3 324 436 406 569 43004 0 0 1 standing 
3 333 436 412 570 43005 0 0 0 standing 
3 341 436 419 569 43006 0 0 1 standing 
3 349 436 426 569 43007 0 0 1 standing 
3 357 436 433 569 43008 0 0 1 standing 
3 365 436 441 569 43009 0 0 1 standing 
3 373 436 448 569 43010 0 0 1 standing 
3 381 436 455 569 43011 0 0 1 standing 
3 389 436 463 569 43012 0 0 1 standing 
3 397 436 470 569 43013 0 0 1 standing 
3 405 436 477 569 43014 0 0 1 standing 
4 253 413 329 542 42995 0 0 0 standing 
4 253 413 330 542 42996 0 0 1 standing 
4 254 414 332 543 42997 0 0 1 standing 
4 255 414 333 544 42998 0 0 1 standing 
4 256 415 335 545 42999 0 0 1 standing 
4 257 415 337 546 43000 0 0 1 standing 
4 258 416 338 547 43001 0 0 1 standing 
4 259 416 340 548 43002 0 0 1 standing 
4 260 417 341 549 43003 0 0 1 standing 
4 261 417 343 550 43004 0 0 1 standing 
4 262 418 345 551 43005 0 0 0 standing 
4 260 415 341 550 43006 0 0 1 standing 
4 258 413 338 550 43007 0 0 1 standing 
4 257 411 334 550 43008 0 0 1 standing 
4 255 409 331 550 43009 0 0 1 standing 
4 253 407 328 550 43010 0 0 1 standing 
4 252 405 324 550 43011 0 0 1 standing 
4 250 403 321 550 43012 0 0 1 standing 
4 249 401 318 550 43013 0 0 0 standing 
4 248 401 317 550 43014 0 0 1 standing 
5 274 372 326 476 42995 0 0 0 standing 
5 270 371 322 479 42996 0 0 1 standing 
5 266 370 318 483 42997 0 0 1 standing 
5 262 369 314 486 42998 0 0 1 standing 
5 258 369 310 490 42999 0 0 1 standing 
5 255 368 306 494 43000 0 0 1 standing 
5 251 367 302 497 43001 0 0 1 standing 
5 247 367 298 501 43002 0 0 1 standing 
5 243 366 294 504 43003 0 0 1 standing 
5 239 365 290 508 43004 0 0 1 standing 
5 236 365 287 512 43005 0 0 0 standing 
5 228 365 283 512 43006 0 0 1 standing 
5 220 366 279 513 43007 0 0 1 standing 
5 212 367 275 513 43008 0 0 1 standing 
5 205 368 272 514 43009 0 0 1 standing 
5 197 369 268 514 43010 0 0 1 standing 
5 189 370 264 515 43011 0 0 1 standing 
5 182 371 261 515 43012 0 0 1 standing 
5 174 372 257 516 43013 0 0 1 standing 
5 166 373 253 516 43014 0 0 1 standing 
6 921 440 979 572 42995 0 0 0 standing 
6 921 440 981 571 42996 0 0 1 standing 
6 922 440 983 571 42997 0 0 1 standing 
6 923 440 985 571 42998 0 0 1 standing 
6 924 441 987 570 42999 0 0 1 standing 
6 925 441 989 570 43000 0 0 1 standing 
6 926 441 991 570 43001 0 0 1 standing 
6 927 442 993 569 43002 0 0 1 standing 
6 928 442 995 569 43003 0 0 1 standing 
6 929 442 997 569 43004 0 0 1 standing 
6 930 443 999 569 43005 0 0 0 standing 
6 929 442 997 570 43006 0 0 1 standing 
6 929 442 996 571 43007 0 0 1 standing 
6 929 442 994 572 43008 0 0 1 standing 
6 929 442 993 573 43009 0 0 1 standing 
6 929 442 992 574 43010 0 0 1 standing 
6 929 442 990 575 43011 0 0 1 standing 
6 929 442 989 576 43012 0 0 1 standing 
6 929 442 987 577 43013 0 0 1 standing 
6 929 442 986 578 43014 0 0 1 standing 
7 999 408 1102 518 42995 0 0 0 standing 
7 1000 404 1098 518 42996 0 0 1 digging 
7 1001 400 1095 518 42997 0 0 1 digging 
7 1002 397 1092 518 42998 0 0 0 digging 
7 1003 395 1090 518 42999 0 0 1 digging 
7 1005 394 1088 519 43000 0 0 1 digging 
7 1006 392 1086 519 43001 0 0 1 digging 
7 1008 391 1084 520 43002 0 0 1 digging 
7 1009 389 1082 520 43003 0 0 1 digging 
7 1011 388 1080 521 43004 0 0 1 digging 
7 1013 387 1078 522 43005 0 0 0 digging 
7 1014 385 1079 522 43006 0 0 1 digging 
7 1015 384 1080 523 43007 0 0 1 digging 
7 1016 382 1081 523 43008 0 0 1 digging 
7 1018 381 1082 524 43009 0 0 1 digging 
7 1019 380 1084 525 43010 0 0 1 digging 
7 1020 378 1085 525 43011 0 0 1 digging 
7 1022 377 1086 526 43012 0 0 1 digging 
7 1023 375 1087 526 43013 0 0 1 digging 
7 1024 374 1088 527 43014 0 0 1 digging 
8 867 388 920 491 42995 0 0 0 digging 
8 869 386 922 489 42996 0 0 1 waiting 
8 872 385 925 488 42997 0 0 1 waiting 
8 875 384 927 487 42998 0 0 1 waiting 
8 877 383 930 485 42999 0 0 1 waiting 
8 880 382 933 484 43000 0 0 1 waiting 
8 883 380 935 483 43001 0 0 1 waiting 
8 885 379 938 481 43002 0 0 1 waiting 
8 888 378 940 480 43003 0 0 1 waiting 
8 891 377 943 479 43004 0 0 1 waiting 
8 894 376 946 478 43005 0 0 0 waiting 
8 895 373 947 478 43006 0 0 1 waiting 
8 897 371 949 478 43007 0 0 1 waiting 
8 899 368 951 478 43008 0 0 1 waiting 
8 901 366 952 478 43009 0 0 1 waiting 
8 903 364 954 479 43010 0 0 1 waiting 
8 904 361 956 479 43011 0 0 1 waiting 
8 906 359 957 479 43012 0 0 1 waiting 
8 908 356 959 479 43013 0 0 1 waiting 
8 910 354 961 479 43014 0 0 1 waiting 
9 726 450 781 609 42995 0 0 0 waiting 
9 711 447 779 609 42996 0 0 1 standing 
9 696 445 777 609 42997 0 0 1 standing 
9 681 443 775 609 42998 0 0 1 standing 
9 666 441 773 610 42999 0 0 0 standing 
9 666 441 766 608 43000 0 0 1 standing 
9 667 441 759 606 43001 0 0 1 standing 
9 667 441 753 605 43002 0 0 1 standing 
9 668 441 746 603 43003 0 0 1 standing 
9 668 441 739 601 43004 0 0 1 standing 
9 669 442 733 600 43005 0 0 0 standing 
9 665 442 729 600 43006 0 0 1 standing 
9 661 443 725 600 43007 0 0 1 standing 
9 657 443 721 600 43008 0 0 1 standing 
9 653 444 717 600 43009 0 0 1 standing 
9 650 444 713 601 43010 0 0 1 standing 
9 646 445 709 601 43011 0 0 1 standing 
9 642 445 705 601 43012 0 0 1 standing 
9 638 446 701 601 43013 0 0 1 standing 
9 634 446 697 601 43014 0 0 1 standing 
10 603 372 650 498 42995 0 0 0 standing 
10 603 371 651 498 42996 0 0 1 moving 
10 604 370 652 499 42997 0 0 1 moving 
10 605 370 654 500 42998 0 0 0 moving 
10 606 371 657 502 42999 0 0 1 moving 
10 607 373 660 505 43000 0 0 1 moving 
10 609 375 663 508 43001 0 0 1 moving 
10 610 377 666 510 43002 0 0 1 moving 
10 612 379 669 513 43003 0 0 1 moving 
10 613 381 672 516 43004 0 0 1 moving 
10 615 383 676 519 43005 0 0 0 moving 
10 615 384 675 520 43006 0 0 1 moving 
10 616 386 675 522 43007 0 0 1 moving 
10 617 387 674 523 43008 0 0 1 moving 
10 618 389 674 525 43009 0 0 1 moving 
10 619 391 673 526 43010 0 0 1 moving 
10 619 392 673 528 43011 0 0 1 moving 
10 620 394 672 529 43012 0 0 1 moving 
10 621 395 672 531 43013 0 0 1 moving 
10 622 397 671 532 43014 0 0 1 moving 
11 632 326 684 440 42995 0 0 0 moving 
11 635 326 686 440 42996 0 0 1 moving 
11 638 326 689 441 42997 0 0 1 moving 
11 641 326 691 442 42998 0 0 1 moving 
11 644 327 694 442 42999 0 0 1 moving 
11 647 327 696 443 43000 0 0 1 moving 
11 650 327 699 444 43001 0 0 1 moving 
11 653 328 701 444 43002 0 0 1 moving 
11 656 328 704 445 43003 0 0 1 moving 
11 659 328 706 446 43004 0 0 1 moving 
11 663 329 709 447 43005 0 0 0 moving 
11 663 329 710 447 43006 0 0 1 moving 
11 663 329 711 448 43007 0 0 1 moving 
11 663 329 712 449 43008 0 0 1 moving 
11 663 330 714 449 43009 0 0 1 moving 
11 663 330 715 450 43010 0 0 1 moving 
11 663 330 716 451 43011 0 0 1 moving 
11 663 331 718 451 43012 0 0 1 moving 
11 663 331 719 452 43013 0 0 1 moving 
11 663 331 720 453 43014 0 0 1 moving 
