0 1113 334 1156 459 60790 0 0 0 blocking 
0 1130 333 1176 457 60791 0 0 1 blocking 
0 1147 332 1197 456 60792 0 0 1 blocking 
0 1164 331 1218 455 60793 0 0 1 blocking 
0 1181 330 1239 454 60794 0 0 1 blocking 
0 1199 329 1260 453 60795 1 0 0 blocking 
0 1193 329 1253 453 60796 1 0 1 blocking 
0 1187 329 1246 453 60797 1 0 1 blocking 
0 1181 330 1239 454 60798 1 0 1 blocking 
0 1176 330 1232 454 60799 1 0 1 blocking 
0 1170 330 1225 455 60800 1 0 1 blocking 
0 1164 331 1218 455 60801 1 0 1 blocking 
0 1158 331 1211 455 60802 1 0 1 blocking 
0 1153 331 1204 456 60803 1 0 1 blocking 
0 1147 332 1197 456 60804 1 0 1 blocking 
0 1141 332 1190 457 60805 1 0 1 blocking 
0 1135 332 1183 457 60806 1 0 1 blocking 
0 1130 333 1176 457 60807 1 0 1 blocking 
0 1124 333 1169 458 60808 1 0 1 blocking 
0 1118 333 1162 458 60809 1 0 1 blocking 
1 883 491 935 651 60790 0 0 0 blocking 
1 898 487 950 646 60791 0 0 1 standing 
1 913 483 965 642 60792 0 0 1 standing 
1 929 479 980 638 60793 0 0 1 standing 
1 944 475 996 634 60794 0 0 1 standing 
1 959 471 1011 630 60795 0 0 1 standing 
1 975 467 1026 626 60796 0 0 1 standing 
1 990 463 1041 622 60797 0 0 1 standing 
1 1006 460 1057 618 60798 0 0 0 standing 
1 1015 460 1066 618 60799 0 0 1 standing 
1 1024 461 1075 618 60800 0 0 1 standing 
1 1033 461 1084 618 60801 0 0 1 standing 
1 1043 462 1094 619 60802 0 0 0 standing 
1 1046 462 1097 618 60803 0 0 1 standing 
1 1049 462 1100 617 60804 0 0 1 standing 
1 1052 463 1103 616 60805 0 0 0 standing 
1 1048 460 1099 612 60806 0 0 1 standing 
1 1045 458 1096 609 60807 0 0 1 standing 
1 1042 456 1093 605 60808 0 0 1 standing 
1 1039 454 1090 602 60809 0 0 1 standing 
2 933 330 980 432 60790 0 0 0 standing 
2 947 328 994 431 60791 0 0 1 standing 
2 962 327 1009 430 60792 0 0 1 standing 
2 977 325 1023 429 60793 0 0 1 standing 
2 992 324 1038 428 60794 0 0 1 standing 
2 1007 323 1053 428 60795 0 0 0 standing 
2 1019 321 1065 427 60796 0 0 1 standing 
2 1032 320 1077 426 60797 0 0 1 standing 
2 1045 319 1090 425 60798 0 0 0 standing 
2 1053 318 1098 425 60799 0 0 1 standing 
2 1061 318 1106 425 60800 0 0 1 standing 
2 1069 317 1114 425 60801 0 0 1 standing 
2 1078 317 1122 425 60802 0 0 0 standing 
2 1080 319 1125 426 60803 0 0 1 standing 
2 1082 321 1128 428 60804 0 0 1 standing 
2 1084 323 1131 430 60805 0 0 0 standing 
2 1078 324 1126 431 60806 0 0 1 standing 
2 1072 325 1121 432 60807 0 0 1 standing 
2 1066 326 1116 433 60808 0 0 1 standing 
2 1060 327 1111 434 60809 0 0 1 standing 
3 388 374 452 485 60790 0 1 0 standing 
3 396 370 463 481 60791 0 1 1 digging 
3 405 366 474 478 60792 0 1 1 digging 
3 413 362 485 474 60793 0 1 1 digging 
3 422 359 496 471 60794 0 1 0 digging 
3 428 352 499 468 60795 0 1 1 digging 
3 435 346 502 465 60796 0 1 1 digging 
3 441 339 506 462 60797 0 1 1 digging 
3 448 333 509 459 60798 0 1 1 digging 
3 455 326 512 456 60799 0 1 1 digging 
3 461 320 516 453 60800 0 1 1 digging 
3 468 313 519 450 60801 0 1 1 digging 
3 475 307 523 447 60802 0 1 0 digging 
3 468 312 519 447 60803 0 1 1 digging 
3 461 318 515 447 60804 0 1 1 digging 
3 455 324 511 448 60805 0 1 1 digging 
3 448 330 507 448 60806 0 1 1 digging 
3 442 336 503 449 60807 0 1 0 digging 
3 429 339 493 452 60808 0 1 1 digging 
3 416 342 483 455 60809 0 1 1 digging 
4 800 475 846 627 60790 0 0 0 digging 
4 808 474 856 625 60791 0 0 1 moving 
4 817 473 866 624 60792 0 0 1 moving 
4 826 472 877 623 60793 0 0 1 moving 
4 835 471 887 622 60794 0 0 1 moving 
4 844 470 897 620 60795 0 0 1 moving 
4 853 469 908 619 60796 0 0 1 moving 
4 862 468 918 618 60797 0 0 1 moving 
4 871 468 929 617 60798 0 0 0 moving 
4 873 469 934 618 60799 0 0 1 moving 
4 875 471 940 620 60800 0 0 1 moving 
4 878 473 946 622 60801 0 0 0 moving 
4 874 472 945 621 60802 0 0 1 moving 
4 871 471 945 620 60803 0 0 1 moving 
4 868 471 945 619 60804 0 0 0 moving 
4 861 472 934 620 60805 0 0 1 moving 
4 855 473 923 621 60806 0 0 1 moving 
4 849 474 912 622 60807 0 0 1 moving 
4 843 475 901 623 60808 0 0 1 moving 
4 837 476 890 624 60809 0 0 1 moving 
5 724 327 772 447 60790 0 0 0 moving 
5 735 324 782 443 60791 0 0 1 standing 
5 747 321 793 439 60792 0 0 1 standing 
5 758 318 804 435 60793 0 0 1 standing 
5 770 315 815 432 60794 0 0 0 standing 
5 779 312 825 429 60795 0 0 1 standing 
5 788 309 836 426 60796 0 0 1 standing 
5 797 306 847 424 60797 0 0 1 standing 
5 806 303 858 421 60798 0 0 1 standing 
5 815 300 869 418 60799 0 0 1 standing 
5 824 297 880 416 60800 0 0 0 standing 
5 827 295 882 413 60801 0 0 1 standing 
5 831 294 884 411 60802 0 0 1 standing 
5 834 293 887 409 60803 0 0 1 standing 
5 838 291 889 407 60804 0 0 1 standing 
5 841 290 891 405 60805 0 0 1 standing 
5 845 289 894 403 60806 0 0 0 standing 
5 837 290 885 403 60807 0 0 1 standing 
5 829 291 876 403 60808 0 0 1 standing 
5 821 292 867 403 60809 0 0 1 standing 
6 388 443 439 595 60790 0 0 0 standing 
6 394 441 447 590 60791 0 0 1 standing 
6 401 439 455 585 60792 0 0 1 standing 
6 408 437 463 580 60793 0 0 1 standing 
6 415 435 472 576 60794 0 0 0 standing 
6 418 433 480 572 60795 0 0 1 standing 
6 421 432 488 569 60796 0 0 1 standing 
6 425 431 496 565 60797 0 0 1 standing 
6 428 429 504 562 60798 0 0 1 standing 
6 431 428 512 558 60799 0 0 1 standing 
6 435 427 520 555 60800 0 0 0 standing 
6 441 425 521 555 60801 0 0 1 standing 
6 447 423 523 555 60802 0 0 1 standing 
6 454 422 525 555 60803 0 0 0 standing 
6 452 421 521 556 60804 0 0 1 standing 
6 450 420 517 557 60805 0 0 1 standing 
6 448 419 513 558 60806 0 0 1 standing 
6 447 419 509 560 60807 0 0 0 standing 
6 439 421 502 560 60808 0 0 1 standing 
6 431 424 495 561 60809 0 0 1 standing 
7 464 346 527 455 60790 0 0 0 standing 
7 473 343 533 452 60791 0 0 1 standing 
7 483 341 539 450 60792 0 0 1 standing 
7 492 338 545 447 60793 0 0 1 standing 
7 502 336 552 445 60794 0 0 0 standing 
7 508 334 558 443 60795 0 0 1 standing 
7 514 332 564 441 60796 0 0 1 standing 
7 521 331 570 440 60797 0 0 1 standing 
7 527 329 576 438 60798 0 0 1 standing 
7 533 327 582 436 60799 0 0 1 standing 
7 540 326 589 435 60800 0 0 0 standing 
7 546 322 596 433 60801 0 0 1 standing 
7 552 319 603 431 60802 0 0 1 standing 
7 558 316 611 429 60803 0 0 0 standing 
7 555 315 610 425 60804 0 0 1 standing 
7 552 315 609 422 60805 0 0 1 standing 
7 549 315 608 419 60806 0 0 1 standing 
7 547 315 608 416 60807 0 0 0 standing 
7 541 317 599 417 60808 0 0 1 standing 
7 535 319 590 419 60809 0 0 1 standing 
8 839 487 875 615 60790 0 0 0 standing 
8 849 485 888 614 60791 0 0 1 moving 
8 860 483 901 613 60792 0 0 1 moving 
8 871 481 914 613 60793 0 0 1 moving 
8 882 479 927 612 60794 0 0 1 moving 
8 893 478 940 612 60795 0 0 1 moving 
8 904 476 953 611 60796 0 0 1 moving 
8 915 474 966 610 60797 0 0 1 moving 
8 926 472 979 610 60798 0 0 1 moving 
8 937 470 992 609 60799 0 0 1 moving 
8 948 469 1005 609 60800 0 0 0 moving 
8 950 468 1008 608 60801 0 0 1 moving 
8 953 467 1012 607 60802 0 0 1 moving 
8 956 467 1016 607 60803 0 0 0 moving 
8 952 467 1014 607 60804 0 0 1 moving 
8 949 467 1012 607 60805 0 0 1 moving 
8 946 467 1010 607 60806 0 0 1 moving 
8 943 468 1008 607 60807 0 0 0 moving 
8 934 468 996 607 60808 0 0 1 moving 
8 925 468 984 607 60809 0 0 1 moving 
9 887 371 926 517 60790 0 0 0 moving 
9 901 370 940 515 60791 0 0 1 standing 
9 916 369 955 513 60792 0 0 1 standing 
9 931 368 969 511 60793 0 0 1 standing 
9 945 367 984 509 60794 0 0 1 standing 
9 960 366 998 508 60795 0 0 1 standing 
9 975 365 1013 506 60796 0 0 1 standing 
9 989 364 1027 504 60797 0 0 1 standing 
9 1004 363 1042 502 60798 0 0 1 standing 
9 1019 362 1056 500 60799 0 0 1 standing 
9 1034 362 1071 499 60800 0 0 0 standing 
9 1042 364 1079 501 60801 0 0 1 standing 
9 1050 366 1087 503 60802 0 0 1 standing 
9 1058 368 1096 505 60803 0 0 0 standing 
9 1058 369 1097 506 60804 0 0 1 standing 
9 1059 371 1098 508 60805 0 0 1 standing 
9 1060 373 1099 510 60806 0 0 1 standing 
9 1061 375 1101 512 60807 0 0 0 standing 
9 1056 378 1096 515 60808 0 0 1 standing 
9 1051 381 1092 518 60809 0 0 1 standing 
10 1048 451 1135 589 60790 0 0 0 standing 
10 1073 451 1155 589 60791 0 0 1 standing 
10 1099 451 1176 589 60792 0 0 1 standing 
10 1124 451 1196 589 60793 0 0 1 standing 
10 1150 452 1217 590 60794 0 0 1 standing 
10 1175 452 1237 590 60795 0 0 1 standing 
10 1201 452 1258 590 60796 0 0 1 standing 
10 1227 453 1279 591 60797 1 0 0 standing 
10 1167 452 1231 590 60798 1 0 1 standing 
10 1107 451 1183 589 60799 1 0 1 standing 
10 1048 451 1135 589 60800 1 0 0 standing 
10 1048 451 1135 589 60801 1 0 1 standing 
10 1048 451 1135 589 60802 1 0 1 standing 
10 1048 451 1135 589 60803 1 0 1 standing 
10 1048 451 1135 589 60804 1 0 1 standing 
10 1048 451 1135 589 60805 1 0 1 standing 
10 1048 451 1135 589 60806 1 0 1 standing 
10 1048 451 1135 589 60807 1 0 1 standing 
10 1048 451 1135 589 60808 1 0 1 standing 
10 1048 451 1135 589 60809 1 0 1 standing 
