0 427 436 459 544 43355 0 1 0 standing 
0 430 435 462 543 43356 0 1 1 standing 
0 433 435 465 543 43357 0 1 1 standing 
0 436 434 468 542 43358 0 1 1 standing 
0 439 434 471 542 43359 0 1 1 standing 
0 442 433 474 541 43360 0 1 1 standing 
0 445 433 477 541 43361 0 1 1 standing 
0 448 432 480 540 43362 0 1 1 standing 
0 451 432 483 540 43363 0 1 1 standing 
0 454 431 486 539 43364 0 1 1 standing 
0 457 431 489 539 43365 0 1 0 standing 
0 459 430 491 538 43366 0 1 1 standing 
0 461 430 493 538 43367 0 1 1 standing 
0 463 430 495 538 43368 0 1 1 standing 
0 465 430 497 538 43369 0 1 1 standing 
0 467 430 499 538 43370 0 1 1 standing 
0 469 429 501 537 43371 0 1 1 standing 
0 471 429 503 537 43372 0 1 1 standing 
0 473 429 505 537 43373 0 1 1 standing 
0 475 429 507 537 43374 0 1 1 standing 
1 482 489 519 598 43355 0 1 0 standing 
1 483 487 520 596 43356 0 1 1 standing 
1 485 486 522 595 43357 0 1 1 standing 
1 487 484 523 593 43358 0 1 1 standing 
1 489 483 525 592 43359 0 1 1 standing 
1 491 482 527 591 43360 0 1 1 standing 
1 492 480 528 589 43361 0 1 1 standing 
1 494 479 530 588 43362 0 1 1 standing 
1 496 477 531 586 43363 0 1 1 standing 
1 498 476 533 585 43364 0 1 1 standing 
1 500 475 535 584 43365 0 1 0 standing 
1 501 473 537 581 43366 0 1 1 standing 
1 502 472 540 579 43367 0 1 1 standing 
1 503 470 543 577 43368 0 1 1 standing 
1 505 469 546 575 43369 0 1 1 standing 
1 506 468 549 573 43370 0 1 1 standing 
1 507 466 551 570 43371 0 1 1 standing 
1 509 465 554 568 43372 0 1 1 standing 
1 510 463 557 566 43373 0 1 1 standing 
1 511 462 560 564 43374 0 1 1 standing 
2 455 448 508 554 43355 0 1 0 standing 
2 457 447 509 553 43356 0 1 1 standing 
2 459 447 511 553 43357 0 1 1 standing 
2 461 447 513 553 43358 0 1 1 standing 
2 464 447 515 553 43359 0 1 1 standing 
2 466 447 517 553 43360 0 1 1 standing 
2 468 446 518 552 43361 0 1 1 standing 
2 471 446 520 552 43362 0 1 1 standing 
2 473 446 522 552 43363 0 1 1 standing 
2 475 446 524 552 43364 0 1 1 standing 
2 478 446 526 552 43365 0 1 0 standing 
2 478 446 526 552 43366 0 1 1 standing 
2 478 446 526 552 43367 0 1 1 standing 
2 478 446 526 552 43368 0 1 1 standing 
2 478 446 526 552 43369 0 1 1 standing 
2 478 446 526 552 43370 0 1 1 standing 
2 478 446 526 552 43371 0 1 1 standing 
2 478 446 526 552 43372 0 1 1 standing 
2 478 446 526 552 43373 0 1 1 standing 
2 478 446 526 552 43374 0 1 1 standing 
3 463 430 507 530 43355 0 1 0 standing 
3 464 430 508 530 43356 0 1 1 standing 
3 466 430 510 530 43357 0 1 1 standing 
3 468 430 512 530 43358 0 1 1 standing 
3 469 430 513 530 43359 0 1 1 standing 
3 471 430 515 530 43360 0 1 1 standing 
3 473 430 517 530 43361 0 1 1 standing 
3 474 430 518 530 43362 0 1 1 standing 
3 476 430 520 530 43363 0 1 1 standing 
3 478 430 522 530 43364 0 1 1 standing 
3 480 430 524 530 43365 0 1 0 standing 
3 481 429 525 529 43366 0 1 1 standing 
3 483 429 527 529 43367 0 1 1 standing 
3 485 429 529 529 43368 0 1 1 standing 
3 486 429 530 529 43369 0 1 1 standing 
3 488 429 532 529 43370 0 1 1 standing 
3 490 429 534 529 43371 0 1 1 standing 
3 491 429 535 529 43372 0 1 1 standing 
3 493 429 537 529 43373 0 1 1 standing 
3 495 429 539 529 43374 0 1 1 standing 
4 499 429 543 537 43355 0 1 0 standing 
4 502 428 545 536 43356 0 1 1 standing 
4 506 428 548 536 43357 0 1 1 standing 
4 510 428 550 536 43358 0 1 1 standing 
4 513 428 553 536 43359 0 1 1 standing 
4 517 428 556 536 43360 0 1 1 standing 
4 521 428 558 536 43361 0 1 1 standing 
4 524 428 561 536 43362 0 1 1 standing 
4 528 428 563 536 43363 0 1 1 standing 
4 532 428 566 536 43364 0 1 1 standing 
4 536 428 569 536 43365 0 1 0 standing 
4 537 428 570 536 43366 0 1 1 standing 
4 538 429 571 537 43367 0 1 1 standing 
4 539 429 572 537 43368 0 1 1 standing 
4 541 430 574 538 43369 0 1 1 standing 
4 542 431 575 539 43370 0 1 1 standing 
4 543 431 576 539 43371 0 1 1 standing 
4 545 432 578 540 43372 0 1 1 standing 
4 546 432 579 540 43373 0 1 1 standing 
4 547 433 580 541 43374 0 1 1 standing 
5 516 412 558 509 43355 0 1 0 standing 
5 517 411 559 508 43356 0 1 1 standing 
5 518 411 560 508 43357 0 1 1 standing 
5 519 411 561 508 43358 0 1 1 standing 
5 520 411 562 508 43359 0 1 1 standing 
5 521 411 563 508 43360 0 1 1 standing 
5 522 410 564 507 43361 0 1 1 standing 
5 523 410 565 507 43362 0 1 1 standing 
5 524 410 566 507 43363 0 1 1 standing 
5 525 410 567 507 43364 0 1 1 standing 
5 527 410 569 507 43365 0 1 0 standing 
5 527 411 569 508 43366 0 1 1 standing 
5 527 412 569 509 43367 0 1 1 standing 
5 527 413 569 510 43368 0 1 1 standing 
5 528 415 570 512 43369 0 1 1 standing 
5 528 416 570 513 43370 0 1 1 standing 
5 528 417 570 514 43371 0 1 1 standing 
5 529 419 571 516 43372 0 1 1 standing 
5 529 420 571 517 43373 0 1 1 standing 
5 529 421 571 518 43374 0 1 1 standing 
6 909 452 943 559 43355 0 0 0 standing 
6 912 453 946 559 43356 0 0 1 standing 
6 916 454 949 560 43357 0 0 1 standing 
6 920 455 953 561 43358 0 0 0 standing 
6 923 455 956 561 43359 0 0 1 standing 
6 926 455 959 561 43360 0 0 1 standing 
6 930 455 963 561 43361 0 0 0 standing 
6 932 454 966 560 43362 0 0 1 standing 
6 934 453 969 559 43363 0 0 1 standing 
6 936 453 973 558 43364 0 0 0 standing 
6 938 453 975 558 43365 0 0 1 standing 
6 941 453 978 558 43366 0 0 1 standing 
6 944 453 981 558 43367 0 0 0 standing 
6 945 452 983 558 43368 0 0 1 standing 
6 946 452 985 558 43369 0 0 1 standing 
6 948 452 988 558 43370 0 0 0 standing 
6 948 452 989 557 43371 0 0 1 standing 
6 949 452 991 557 43372 0 0 1 standing 
6 949 452 992 557 43373 0 0 1 standing 
6 950 452 994 557 43374 0 0 1 standing 
7 602 397 635 489 43355 0 0 0 standing 
7 604 397 638 488 43356 0 0 1 standing 
7 606 397 641 488 43357 0 0 1 standing 
7 609 397 644 488 43358 0 0 0 standing 
7 611 397 647 487 43359 0 0 1 standing 
7 614 397 650 487 43360 0 0 1 standing 
7 617 397 654 487 43361 0 0 0 standing 
7 619 397 656 487 43362 0 0 1 standing 
7 622 397 659 487 43363 0 0 1 standing 
7 625 397 662 487 43364 0 0 0 standing 
7 627 397 664 487 43365 0 0 1 standing 
7 629 397 666 487 43366 0 0 1 standing 
7 631 397 668 487 43367 0 0 0 standing 
7 633 397 670 487 43368 0 0 1 standing 
7 636 397 673 487 43369 0 0 1 standing 
7 639 398 676 488 43370 0 0 0 standing 
7 642 398 678 487 43371 0 0 1 standing 
7 646 398 680 487 43372 0 0 1 standing 
7 650 398 683 487 43373 0 0 1 standing 
7 654 398 685 487 43374 0 0 1 standing 
8 638 425 672 521 43355 0 0 0 standing 
8 643 425 676 521 43356 0 0 1 standing 
8 648 425 681 521 43357 0 0 1 standing 
8 653 426 686 521 43358 0 0 0 standing 
8 656 425 694 520 43359 0 0 1 standing 
8 659 424 702 520 43360 0 0 1 standing 
8 662 424 710 520 43361 0 0 0 standing 
8 664 424 714 520 43362 0 0 1 standing 
8 666 425 719 520 43363 0 0 1 standing 
8 669 426 724 521 43364 0 0 0 standing 
8 672 425 727 520 43365 0 0 1 standing 
8 675 424 730 519 43366 0 0 1 standing 
8 678 424 733 519 43367 0 0 0 standing 
8 682 423 735 518 43368 0 0 1 standing 
8 686 423 737 517 43369 0 0 1 standing 
8 690 423 739 517 43370 0 0 0 standing 
8 694 422 741 517 43371 0 0 1 standing 
8 699 422 743 517 43372 0 0 1 standing 
8 704 422 745 517 43373 0 0 1 standing 
8 709 422 747 517 43374 0 0 1 standing 
9 720 479 760 587 43355 0 0 0 standing 
9 722 479 762 586 43356 0 0 1 standing 
9 725 479 764 586 43357 0 0 1 standing 
9 728 479 767 586 43358 0 0 0 standing 
9 731 479 769 585 43359 0 0 1 standing 
9 734 479 771 584 43360 0 0 1 standing 
9 737 479 774 584 43361 0 0 0 standing 
9 740 478 776 584 43362 0 0 1 standing 
9 743 477 778 584 43363 0 0 1 standing 
9 746 476 780 584 43364 0 0 0 standing 
9 748 474 782 581 43365 0 0 1 standing 
9 750 472 784 578 43366 0 0 1 standing 
9 753 471 786 576 43367 0 0 0 standing 
9 754 470 789 575 43368 0 0 1 standing 
9 755 469 792 574 43369 0 0 1 standing 
9 757 469 795 573 43370 0 0 0 standing 
9 758 468 796 572 43371 0 0 1 standing 
9 759 468 797 572 43372 0 0 1 standing 
9 760 468 798 572 43373 0 0 0 standing 
9 760 468 798 572 43374 0 0 1 standing 
10 796 457 842 555 43355 0 0 0 standing 
10 799 456 846 554 43356 0 0 1 standing 
10 803 456 851 553 43357 0 0 1 standing 
10 807 456 856 552 43358 0 0 0 standing 
10 811 455 860 549 43359 0 0 1 standing 
10 815 454 864 546 43360 0 0 1 standing 
10 820 454 868 544 43361 0 0 0 standing 
10 824 453 870 545 43362 0 0 1 standing 
10 829 452 873 546 43363 0 0 1 standing 
10 834 452 876 547 43364 0 0 0 standing 
10 837 451 879 546 43365 0 0 1 standing 
10 840 451 883 545 43366 0 0 1 standing 
10 844 451 887 545 43367 0 0 0 standing 
10 846 450 889 544 43368 0 0 1 standing 
10 848 450 891 544 43369 0 0 1 standing 
10 851 450 894 544 43370 0 0 0 standing 
10 853 449 896 543 43371 0 0 1 standing 
10 856 449 898 542 43372 0 0 1 standing 
10 858 449 900 541 43373 0 0 1 standing 
10 861 449 902 540 43374 0 0 1 standing 
11 871 414 902 502 43355 0 0 0 standing 
11 874 416 905 503 43356 0 0 1 standing 
11 878 418 908 504 43357 0 0 1 standing 
11 882 421 911 506 43358 0 0 0 standing 
11 883 422 914 504 43359 0 0 1 standing 
11 884 423 917 503 43360 0 0 1 standing 
11 885 424 921 502 43361 0 0 0 standing 
11 887 425 923 503 43362 0 0 1 standing 
11 890 426 926 504 43363 0 0 1 standing 
11 893 428 929 506 43364 0 0 0 standing 
11 895 429 931 506 43365 0 0 1 standing 
11 897 431 933 506 43366 0 0 1 standing 
11 900 433 935 506 43367 0 0 0 standing 
11 902 435 936 505 43368 0 0 1 standing 
11 904 437 938 505 43369 0 0 1 standing 
11 906 439 940 505 43370 0 0 0 standing 
11 907 439 941 505 43371 0 0 1 standing 
11 909 440 943 505 43372 0 0 1 standing 
11 911 440 944 505 43373 0 0 1 standing 
11 913 441 946 505 43374 0 0 1 standing 
