0 813 384 871 478 10640 0 1 0 digging 
0 810 382 867 475 10641 0 1 1 digging 
0 807 380 864 473 10642 0 1 1 digging 
0 804 378 861 471 10643 0 1 0 digging 
0 801 376 858 468 10644 0 1 1 digging 
0 798 374 856 466 10645 0 1 1 digging 
0 796 372 854 464 10646 0 1 0 digging 
0 794 370 855 463 10647 0 1 1 digging 
0 793 369 857 462 10648 0 1 1 digging 
0 792 368 859 461 10649 0 1 1 digging 
0 791 367 860 460 10650 0 1 1 digging 
0 790 366 862 459 10651 0 1 1 digging 
0 789 365 864 458 10652 0 1 0 digging 
0 790 364 861 456 10653 0 1 1 digging 
0 791 364 859 454 10654 0 1 1 digging 
0 793 364 857 453 10655 0 1 0 digging 
0 793 364 859 453 10656 0 1 1 digging 
0 793 365 861 454 10657 0 1 1 digging 
0 793 365 864 454 10658 0 1 1 digging 
0 793 366 866 455 10659 0 1 1 digging 
1 786 376 847 496 10640 0 0 0 digging 
1 787 376 847 495 10641 0 0 1 standing 
1 789 377 848 495 10642 0 0 1 standing 
1 791 378 849 495 10643 0 0 0 standing 
1 790 377 848 494 10644 0 0 1 standing 
1 790 377 848 494 10645 0 0 1 standing 
1 790 376 848 493 10646 0 0 1 standing 
1 790 376 848 493 10647 0 0 1 standing 
1 790 375 848 492 10648 0 0 1 standing 
1 790 375 848 492 10649 0 0 1 standing 
1 790 375 848 492 10650 0 0 1 standing 
1 790 374 848 491 10651 0 0 1 standing 
1 790 374 848 491 10652 0 0 1 standing 
1 790 373 848 490 10653 0 0 1 standing 
1 790 373 848 490 10654 0 0 1 standing 
1 790 373 848 490 10655 0 0 0 standing 
1 785 374 848 490 10656 0 0 1 standing 
1 781 375 849 490 10657 0 0 1 standing 
1 776 377 850 490 10658 0 0 1 standing 
1 772 378 851 490 10659 0 0 1 standing 
2 842 457 897 566 10640 0 0 0 standing 
2 846 461 908 572 10641 0 0 1 standing 
2 850 465 920 578 10642 0 0 1 standing 
2 854 469 932 584 10643 0 0 0 standing 
2 861 470 933 585 10644 0 0 1 standing 
2 868 471 934 586 10645 0 0 1 standing 
2 876 473 935 587 10646 0 0 0 standing 
2 881 474 940 590 10647 0 0 1 standing 
2 887 475 946 594 10648 0 0 1 standing 
2 893 476 952 598 10649 0 0 0 standing 
2 899 479 960 601 10650 0 0 1 standing 
2 905 482 968 604 10651 0 0 1 standing 
2 912 486 977 608 10652 0 0 0 standing 
2 917 487 984 613 10653 0 0 1 standing 
2 923 488 991 618 10654 0 0 1 standing 
2 929 490 998 624 10655 0 0 0 standing 
2 932 490 1001 624 10656 0 0 1 standing 
2 936 491 1005 625 10657 0 0 1 standing 
2 939 492 1008 626 10658 0 0 1 standing 
2 943 493 1012 627 10659 0 0 1 standing 
3 837 358 871 430 10640 0 0 0 standing 
3 837 355 873 438 10641 0 0 1 standing 
3 837 352 875 446 10642 0 0 1 standing 
3 838 350 877 454 10643 0 0 0 standing 
3 840 348 880 452 10644 0 0 1 standing 
3 842 346 884 450 10645 0 0 1 standing 
3 844 344 888 448 10646 0 0 0 standing 
3 847 345 891 449 10647 0 0 1 standing 
3 850 346 894 450 10648 0 0 1 standing 
3 854 348 898 452 10649 0 0 0 standing 
3 857 349 905 453 10650 0 0 1 standing 
3 860 350 913 454 10651 0 0 1 standing 
3 864 352 921 455 10652 0 0 0 standing 
3 866 355 933 453 10653 0 0 1 standing 
3 868 358 945 451 10654 0 0 1 standing 
3 870 361 958 450 10655 0 0 0 standing 
3 876 361 963 450 10656 0 0 1 standing 
3 883 362 969 451 10657 0 0 1 standing 
3 890 363 975 451 10658 0 0 1 standing 
3 897 364 981 452 10659 0 0 1 standing 
4 783 295 831 386 10640 0 0 0 standing 
4 784 293 832 386 10641 0 0 1 standing 
4 785 291 833 387 10642 0 0 1 standing 
4 786 289 834 388 10643 0 0 0 standing 
4 789 288 837 387 10644 0 0 1 standing 
4 792 287 840 386 10645 0 0 1 standing 
4 796 287 844 386 10646 0 0 0 standing 
4 797 284 843 385 10647 0 0 1 standing 
4 798 282 843 384 10648 0 0 1 standing 
4 800 280 843 384 10649 0 0 0 standing 
4 802 278 845 377 10650 0 0 1 standing 
4 804 276 847 370 10651 0 0 1 standing 
4 806 274 849 363 10652 0 0 0 standing 
4 806 273 851 362 10653 0 0 1 standing 
4 807 272 853 361 10654 0 0 1 standing 
4 808 272 856 360 10655 0 0 0 standing 
4 809 272 858 360 10656 0 0 1 standing 
4 810 272 861 360 10657 0 0 1 standing 
4 812 272 863 360 10658 0 0 1 standing 
4 813 272 866 360 10659 0 0 1 standing 
5 596 334 627 438 10640 0 0 0 standing 
5 596 334 625 438 10641 0 0 1 standing 
5 596 334 624 438 10642 0 0 1 standing 
5 596 334 623 438 10643 0 0 1 standing 
5 596 334 622 438 10644 0 0 1 standing 
5 596 334 621 438 10645 0 0 1 standing 
5 596 334 620 438 10646 0 0 0 standing 
5 596 333 621 438 10647 0 0 1 standing 
5 596 333 622 439 10648 0 0 1 standing 
5 596 333 623 440 10649 0 0 0 standing 
5 596 333 624 440 10650 0 0 1 standing 
5 596 333 626 440 10651 0 0 1 standing 
5 596 333 628 440 10652 0 0 0 standing 
5 596 333 632 440 10653 0 0 1 standing 
5 596 333 636 440 10654 0 0 1 standing 
5 596 333 640 440 10655 0 0 0 standing 
5 596 333 642 440 10656 0 0 1 standing 
5 596 333 645 440 10657 0 0 1 standing 
5 596 333 648 440 10658 0 0 1 standing 
5 596 333 651 440 10659 0 0 1 standing 
6 558 414 589 534 10640 0 0 0 standing 
6 556 412 588 532 10641 0 0 1 standing 
6 554 410 587 530 10642 0 0 1 standing 
6 553 409 586 529 10643 0 0 0 standing 
6 551 407 584 526 10644 0 0 1 standing 
6 549 406 582 523 10645 0 0 1 standing 
6 547 405 581 520 10646 0 0 0 standing 
6 545 404 581 519 10647 0 0 1 standing 
6 543 404 581 518 10648 0 0 1 standing 
6 542 404 581 518 10649 0 0 0 standing 
6 543 404 582 518 10650 0 0 1 standing 
6 544 404 583 518 10651 0 0 1 standing 
6 545 405 584 519 10652 0 0 1 standing 
6 546 405 585 519 10653 0 0 1 standing 
6 547 405 586 519 10654 0 0 1 standing 
6 548 406 587 520 10655 0 0 1 standing 
6 549 406 588 520 10656 0 0 1 standing 
6 550 406 589 520 10657 0 0 1 standing 
6 551 407 590 521 10658 0 0 1 standing 
6 552 407 591 521 10659 0 0 1 standing 
7 544 371 579 484 10640 0 0 0 standing 
7 543 370 578 483 10641 0 0 1 standing 
7 542 369 577 482 10642 0 0 1 standing 
7 542 369 577 482 10643 0 0 1 standing 
7 541 368 576 481 10644 0 0 1 standing 
7 541 367 576 480 10645 0 0 1 standing 
7 540 367 575 480 10646 0 0 1 standing 
7 540 366 575 479 10647 0 0 1 standing 
7 539 365 574 478 10648 0 0 1 standing 
7 539 365 574 478 10649 0 0 0 standing 
7 539 364 574 477 10650 0 0 1 standing 
7 540 363 575 476 10651 0 0 1 standing 
7 541 363 576 476 10652 0 0 1 standing 
7 542 362 577 475 10653 0 0 1 standing 
7 543 361 578 474 10654 0 0 1 standing 
7 544 361 579 474 10655 0 0 1 standing 
7 545 360 580 473 10656 0 0 1 standing 
7 546 359 581 472 10657 0 0 1 standing 
7 547 359 582 472 10658 0 0 1 standing 
7 548 358 583 471 10659 0 0 1 standing 
8 556 319 586 414 10640 0 0 0 standing 
8 550 318 585 413 10641 0 0 1 blocking 
8 545 318 585 412 10642 0 0 1 blocking 
8 540 318 585 411 10643 0 0 0 blocking 
8 543 318 584 410 10644 0 0 1 blocking 
8 546 318 584 410 10645 0 0 1 blocking 
8 549 318 584 410 10646 0 0 0 blocking 
8 549 316 584 409 10647 0 0 1 blocking 
8 549 315 585 408 10648 0 0 1 blocking 
8 549 314 586 408 10649 0 0 1 blocking 
8 549 313 586 407 10650 0 0 1 blocking 
8 549 312 587 407 10651 0 0 1 blocking 
8 549 311 588 406 10652 0 0 1 blocking 
8 550 310 589 406 10653 0 0 1 blocking 
8 550 308 589 405 10654 0 0 1 blocking 
8 550 307 590 404 10655 0 0 1 blocking 
8 550 306 591 404 10656 0 0 1 blocking 
8 550 305 591 403 10657 0 0 1 blocking 
8 550 304 592 403 10658 0 0 1 blocking 
8 550 303 593 402 10659 0 0 1 blocking 
9 365 374 412 488 10640 0 0 0 blocking 
9 357 373 405 487 10641 0 0 1 standing 
9 350 372 398 486 10642 0 0 1 standing 
9 343 371 391 485 10643 0 0 0 standing 
9 336 371 386 485 10644 0 0 1 standing 
9 330 371 381 485 10645 0 0 1 standing 
9 324 372 377 485 10646 0 0 0 standing 
9 320 371 373 486 10647 0 0 1 standing 
9 316 370 370 487 10648 0 0 1 standing 
9 313 369 367 488 10649 0 0 0 standing 
9 313 369 363 488 10650 0 0 1 standing 
9 313 369 360 488 10651 0 0 1 standing 
9 313 369 357 488 10652 0 0 0 standing 
9 308 367 352 484 10653 0 0 1 standing 
9 304 365 347 481 10654 0 0 1 standing 
9 300 364 343 478 10655 0 0 0 standing 
9 297 364 340 477 10656 0 0 1 standing 
9 295 365 338 477 10657 0 0 1 standing 
9 293 366 336 477 10658 0 0 1 standing 
9 291 367 334 477 10659 0 0 1 standing 
10 378 331 426 424 10640 0 0 0 standing 
10 379 331 424 424 10641 0 0 1 standing 
10 381 331 423 424 10642 0 0 1 standing 
10 383 331 422 424 10643 0 0 0 standing 
10 382 331 421 424 10644 0 0 1 standing 
10 382 331 421 424 10645 0 0 1 standing 
10 382 332 421 424 10646 0 0 0 standing 
10 382 331 421 423 10647 0 0 1 standing 
10 382 330 421 422 10648 0 0 1 standing 
10 382 330 421 422 10649 0 0 1 standing 
10 382 329 421 421 10650 0 0 1 standing 
10 382 329 421 421 10651 0 0 1 standing 
10 382 328 421 420 10652 0 0 1 standing 
10 382 328 421 420 10653 0 0 1 standing 
10 382 327 421 419 10654 0 0 1 standing 
10 382 327 421 419 10655 0 0 0 standing 
10 382 326 424 418 10656 0 0 1 standing 
10 383 326 428 418 10657 0 0 1 standing 
10 384 326 432 418 10658 0 0 1 standing 
10 385 326 436 418 10659 0 0 1 standing 
11 226 499 269 619 10640 0 0 0 standing 
11 227 493 272 617 10641 0 0 1 standing 
11 229 488 275 616 10642 0 0 1 standing 
11 231 483 278 615 10643 0 0 0 standing 
11 233 483 280 608 10644 0 0 1 standing 
11 235 483 283 601 10645 0 0 1 standing 
11 237 483 286 595 10646 0 0 0 standing 
11 239 481 289 595 10647 0 0 1 standing 
11 241 479 292 595 10648 0 0 1 standing 
11 243 478 296 595 10649 0 0 0 standing 
11 244 473 296 591 10650 0 0 1 standing 
11 246 469 296 587 10651 0 0 1 standing 
11 248 465 296 583 10652 0 0 0 standing 
11 252 462 301 577 10653 0 0 1 standing 
11 257 460 306 572 10654 0 0 1 standing 
11 262 458 311 567 10655 0 0 0 standing 
11 265 455 314 563 10656 0 0 1 standing 
11 268 452 317 559 10657 0 0 1 standing 
11 271 450 320 555 10658 0 0 1 standing 
11 274 447 323 551 10659 0 0 1 standing 
