0 1280 480 1430 677 56105 0 1 0 spiking 
0 1276 459 1418 671 56106 0 1 1 spiking 
0 1273 438 1407 665 56107 0 1 1 spiking 
0 1269 417 1395 659 56108 0 1 1 spiking 
0 1266 397 1384 653 56109 0 1 0 spiking 
0 1251 395 1363 648 56110 0 1 1 spiking 
0 1236 393 1342 644 56111 0 1 1 spiking 
0 1221 391 1322 640 56112 0 1 1 spiking 
0 1206 389 1301 636 56113 0 1 1 spiking 
0 1191 387 1280 632 56114 0 1 1 spiking 
0 1176 385 1260 628 56115 0 1 1 spiking 
0 1161 383 1239 624 56116 0 1 1 spiking 
0 1146 382 1219 620 56117 0 1 0 spiking 
0 1132 396 1210 626 56118 0 1 1 spiking 
0 1119 410 1202 632 56119 0 1 1 spiking 
0 1106 424 1193 638 56120 0 1 1 spiking 
0 1093 438 1185 644 56121 0 1 1 spiking 
0 1079 452 1176 650 56122 0 1 1 spiking 
0 1066 466 1168 656 56123 0 1 1 spiking 
0 1053 480 1159 662 56124 0 1 1 spiking 
1 875 540 956 738 56105 0 1 0 spiking 
1 877 541 956 742 56106 0 1 1 blocking 
1 880 542 956 746 56107 0 1 1 blocking 
1 883 543 956 750 56108 0 1 1 blocking 
1 886 545 957 754 56109 0 1 0 blocking 
1 890 531 958 750 56110 0 1 1 blocking 
1 894 517 960 747 56111 0 1 1 blocking 
1 898 503 961 743 56112 0 1 1 blocking 
1 903 489 963 740 56113 0 1 0 blocking 
1 906 471 966 732 56114 0 1 1 blocking 
1 909 454 969 725 56115 0 1 1 blocking 
1 912 436 972 718 56116 0 1 1 blocking 
1 915 419 976 711 56117 0 1 0 blocking 
1 911 415 975 700 56118 0 1 1 blocking 
1 907 412 974 689 56119 0 1 1 blocking 
1 904 409 974 679 56120 0 1 1 blocking 
1 900 406 973 668 56121 0 1 1 blocking 
1 897 403 973 658 56122 0 1 0 blocking 
1 898 415 968 663 56123 0 1 1 blocking 
1 899 427 963 668 56124 0 1 1 blocking 
2 239 548 361 726 56105 0 0 0 blocking 
2 238 548 364 726 56106 0 0 1 waiting 
2 238 548 367 726 56107 0 0 1 waiting 
2 238 548 370 727 56108 0 0 0 waiting 
2 239 543 376 727 56109 0 0 1 waiting 
2 240 539 383 727 56110 0 0 1 waiting 
2 241 535 390 728 56111 0 0 0 waiting 
2 244 527 389 720 56112 0 0 1 waiting 
2 247 520 388 713 56113 0 0 1 waiting 
2 250 513 387 706 56114 0 0 0 waiting 
2 251 506 380 698 56115 0 0 1 waiting 
2 252 500 373 690 56116 0 0 1 waiting 
2 253 494 366 682 56117 0 0 0 waiting 
2 255 494 360 680 56118 0 0 1 waiting 
2 257 494 355 679 56119 0 0 1 waiting 
2 259 495 350 678 56120 0 0 0 waiting 
2 260 496 350 672 56121 0 0 1 waiting 
2 261 497 350 666 56122 0 0 1 waiting 
2 262 499 350 660 56123 0 0 1 waiting 
2 263 500 350 654 56124 0 0 1 waiting 
3 383 632 481 825 56105 0 0 0 waiting 
3 379 630 475 826 56106 0 0 1 waiting 
3 375 629 469 827 56107 0 0 1 waiting 
3 372 628 463 828 56108 0 0 0 waiting 
3 366 622 461 824 56109 0 0 1 waiting 
3 360 616 459 821 56110 0 0 1 waiting 
3 354 611 457 818 56111 0 0 0 waiting 
3 344 610 452 812 56112 0 0 1 waiting 
3 334 609 448 807 56113 0 0 1 waiting 
3 325 609 444 802 56114 0 0 0 waiting 
3 317 606 438 799 56115 0 0 1 waiting 
3 309 603 432 796 56116 0 0 1 waiting 
3 301 601 427 794 56117 0 0 0 waiting 
3 288 603 417 792 56118 0 0 1 waiting 
3 276 605 408 791 56119 0 0 1 waiting 
3 264 607 399 790 56120 0 0 0 waiting 
3 260 609 392 789 56121 0 0 1 waiting 
3 257 611 385 789 56122 0 0 1 waiting 
3 253 613 378 788 56123 0 0 1 waiting 
3 250 615 371 788 56124 0 0 1 waiting 
4 527 413 641 561 56105 0 0 0 waiting 
4 522 412 629 560 56106 0 0 1 waiting 
4 517 411 617 559 56107 0 0 1 waiting 
4 513 410 605 559 56108 0 0 0 waiting 
4 501 412 595 561 56109 0 0 1 waiting 
4 489 414 585 563 56110 0 0 1 waiting 
4 477 416 575 565 56111 0 0 0 waiting 
4 458 419 570 568 56112 0 0 1 waiting 
4 440 422 565 571 56113 0 0 1 waiting 
4 422 425 560 575 56114 0 0 0 waiting 
4 417 427 548 576 56115 0 0 1 waiting 
4 412 429 536 577 56116 0 0 1 waiting 
4 407 431 525 578 56117 0 0 0 waiting 
4 394 434 512 582 56118 0 0 1 waiting 
4 381 437 500 586 56119 0 0 1 waiting 
4 369 440 488 590 56120 0 0 0 waiting 
4 363 444 474 595 56121 0 0 1 waiting 
4 358 448 460 600 56122 0 0 1 waiting 
4 353 453 447 605 56123 0 0 0 waiting 
4 353 453 447 605 56124 0 0 1 waiting 
5 865 404 941 582 56105 0 0 0 waiting 
5 867 407 951 579 56106 0 0 1 standing 
5 869 410 961 576 56107 0 0 1 standing 
5 871 413 972 574 56108 0 0 0 standing 
5 874 414 968 575 56109 0 0 1 standing 
5 878 415 964 576 56110 0 0 1 standing 
5 882 416 961 577 56111 0 0 0 standing 
5 879 415 959 576 56112 0 0 1 standing 
5 876 414 958 575 56113 0 0 1 standing 
5 874 413 957 574 56114 0 0 0 standing 
5 872 413 950 575 56115 0 0 1 standing 
5 871 413 944 576 56116 0 0 1 standing 
5 870 413 938 577 56117 0 0 0 standing 
5 863 415 940 578 56118 0 0 1 standing 
5 856 418 942 579 56119 0 0 1 standing 
5 850 421 945 580 56120 0 0 0 standing 
5 847 421 946 580 56121 0 0 1 standing 
5 844 421 947 581 56122 0 0 1 standing 
5 842 421 948 582 56123 0 0 1 standing 
5 839 421 949 583 56124 0 0 1 standing 
6 880 623 970 822 56105 0 0 0 standing 
6 881 623 970 822 56106 0 0 1 standing 
6 882 623 970 822 56107 0 0 1 standing 
6 883 624 970 823 56108 0 0 0 standing 
6 883 626 972 825 56109 0 0 1 standing 
6 883 628 974 827 56110 0 0 1 standing 
6 883 631 976 830 56111 0 0 0 standing 
6 880 632 976 829 56112 0 0 1 standing 
6 877 633 977 828 56113 0 0 1 standing 
6 874 634 978 828 56114 0 0 0 standing 
6 863 634 976 827 56115 0 0 1 standing 
6 852 634 974 827 56116 0 0 1 standing 
6 841 634 972 827 56117 0 0 0 standing 
6 829 632 973 828 56118 0 0 1 standing 
6 817 630 975 829 56119 0 0 1 standing 
6 806 629 977 831 56120 0 0 0 standing 
6 800 627 957 827 56121 0 0 1 standing 
6 794 625 937 823 56122 0 0 1 standing 
6 788 624 918 819 56123 0 0 1 standing 
6 782 622 898 815 56124 0 0 1 standing 
7 1016 468 1163 669 56105 0 0 0 standing 
7 1022 463 1157 665 56106 0 0 1 jumping 
7 1029 458 1151 662 56107 0 0 1 jumping 
7 1036 454 1146 659 56108 0 0 0 jumping 
7 1035 455 1149 669 56109 0 0 1 jumping 
7 1034 456 1152 680 56110 0 0 1 jumping 
7 1033 458 1155 691 56111 0 0 0 jumping 
7 1027 466 1149 701 56112 0 0 1 jumping 
7 1021 474 1143 711 56113 0 0 1 jumping 
7 1015 483 1137 721 56114 0 0 0 jumping 
7 1010 494 1128 730 56115 0 0 1 jumping 
7 1005 506 1119 740 56116 0 0 1 jumping 
7 1001 518 1110 750 56117 0 0 0 jumping 
7 1001 531 1100 756 56118 0 0 1 jumping 
7 1001 544 1091 762 56119 0 0 1 jumping 
7 1002 557 1082 768 56120 0 0 0 jumping 
7 1002 556 1081 770 56121 0 0 1 jumping 
7 1002 556 1080 773 56122 0 0 1 jumping 
7 1003 555 1080 776 56123 0 0 1 jumping 
7 1003 555 1079 779 56124 0 0 1 jumping 
8 1042 455 1154 644 56105 0 0 0 jumping 
8 1043 451 1155 643 56106 0 0 1 standing 
8 1044 448 1156 642 56107 0 0 1 standing 
8 1045 445 1158 642 56108 0 0 0 standing 
8 1053 442 1166 639 56109 0 0 1 standing 
8 1061 439 1174 636 56110 0 0 1 standing 
8 1069 436 1182 633 56111 0 0 0 standing 
8 1081 432 1188 629 56112 0 0 1 standing 
8 1093 429 1194 626 56113 0 0 1 standing 
8 1105 426 1200 623 56114 0 0 0 standing 
8 1113 425 1202 623 56115 0 0 1 standing 
8 1121 424 1205 623 56116 0 0 1 standing 
8 1129 424 1208 623 56117 0 0 0 standing 
8 1139 426 1218 620 56118 0 0 1 standing 
8 1150 428 1228 617 56119 0 0 1 standing 
8 1161 431 1239 615 56120 0 0 0 standing 
8 1162 431 1250 612 56121 0 0 1 standing 
8 1163 431 1261 610 56122 0 0 1 standing 
8 1164 431 1272 607 56123 0 0 1 standing 
8 1165 431 1283 605 56124 0 0 1 standing 
9 1220 638 1370 836 56105 0 0 0 standing 
9 1194 635 1338 838 56106 0 0 1 standing 
9 1169 632 1306 841 56107 0 0 1 standing 
9 1144 629 1275 844 56108 0 0 0 standing 
9 1144 628 1269 847 56109 0 0 1 standing 
9 1145 627 1263 850 56110 0 0 1 standing 
9 1146 626 1258 853 56111 0 0 0 standing 
9 1137 619 1249 851 56112 0 0 1 standing 
9 1128 612 1241 849 56113 0 0 1 standing 
9 1120 605 1233 847 56114 0 0 0 standing 
9 1118 601 1228 843 56115 0 0 1 standing 
9 1117 597 1224 839 56116 0 0 1 standing 
9 1116 593 1220 835 56117 0 0 0 standing 
9 1112 595 1216 838 56118 0 0 1 standing 
9 1108 598 1212 841 56119 0 0 1 standing 
9 1105 601 1208 844 56120 0 0 0 standing 
9 1103 606 1205 848 56121 0 0 1 standing 
9 1102 612 1203 853 56122 0 0 1 standing 
9 1100 617 1201 858 56123 0 0 1 standing 
9 1099 623 1199 863 56124 0 0 1 standing 
10 1354 341 1522 492 56105 0 0 0 standing 
10 1351 341 1497 496 56106 0 0 1 moving 
10 1348 341 1473 500 56107 0 0 1 moving 
10 1345 341 1449 505 56108 0 0 0 moving 
10 1327 337 1429 505 56109 0 0 1 moving 
10 1309 333 1409 505 56110 0 0 1 moving 
10 1291 330 1389 505 56111 0 0 0 moving 
10 1281 327 1383 506 56112 0 0 1 moving 
10 1271 324 1377 507 56113 0 0 1 moving 
10 1261 321 1371 508 56114 0 0 0 moving 
10 1250 323 1361 513 56115 0 0 1 moving 
10 1239 326 1351 518 56116 0 0 1 moving 
10 1229 329 1342 523 56117 0 0 0 moving 
10 1228 331 1326 523 56118 0 0 1 moving 
10 1227 333 1310 523 56119 0 0 1 moving 
10 1226 336 1294 523 56120 0 0 0 moving 
10 1212 334 1286 524 56121 0 0 1 moving 
10 1199 333 1279 525 56122 0 0 1 moving 
10 1186 332 1272 526 56123 0 0 1 moving 
10 1173 331 1265 527 56124 0 0 1 moving 
11 1708 564 1855 765 56105 0 0 0 moving 
11 1708 562 1842 763 56106 0 0 1 standing 
11 1708 560 1830 761 56107 0 0 1 standing 
11 1708 558 1818 760 56108 0 0 0 standing 
11 1707 555 1802 759 56109 0 0 1 standing 
11 1706 552 1786 758 56110 0 0 1 standing 
11 1705 549 1770 758 56111 0 0 0 standing 
11 1698 543 1767 755 56112 0 0 1 standing 
11 1691 538 1764 753 56113 0 0 1 standing 
11 1684 533 1761 751 56114 0 0 0 standing 
11 1683 528 1755 746 56115 0 0 1 standing 
11 1682 523 1749 741 56116 0 0 1 standing 
11 1681 519 1743 737 56117 0 0 0 standing 
11 1674 514 1737 732 56118 0 0 1 standing 
11 1668 509 1732 727 56119 0 0 1 standing 
11 1662 505 1727 723 56120 0 0 0 standing 
11 1657 507 1722 724 56121 0 0 1 standing 
11 1653 509 1717 726 56122 0 0 1 standing 
11 1648 511 1712 727 56123 0 0 1 standing 
11 1644 513 1707 729 56124 0 0 1 standing 
