0 274 411 363 548 58465 0 1 0 spiking 
0 276 401 367 541 58466 0 1 1 spiking 
0 279 391 371 535 58467 0 1 1 spiking 
0 282 381 375 528 58468 0 1 1 spiking 
0 285 371 379 522 58469 0 1 1 spiking 
0 288 361 383 516 58470 0 1 0 spiking 
0 296 351 383 510 58471 0 1 1 spiking 
0 304 341 383 504 58472 0 1 1 spiking 
0 312 331 383 498 58473 0 1 0 spiking 
0 314 336 384 500 58474 0 1 1 spiking 
0 317 342 386 502 58475 0 1 1 spiking 
0 319 348 387 504 58476 0 1 1 spiking 
0 322 354 389 507 58477 0 1 1 spiking 
0 324 359 390 509 58478 0 1 1 spiking 
0 327 365 392 511 58479 0 1 1 spiking 
0 330 371 393 513 58480 0 1 1 spiking 
0 332 377 395 516 58481 0 1 1 spiking 
0 335 382 396 518 58482 0 1 1 spiking 
0 337 388 398 520 58483 0 1 1 spiking 
0 340 394 399 522 58484 0 1 1 spiking 
1 603 451 657 590 58465 0 1 0 spiking 
1 599 441 652 586 58466 0 1 1 blocking 
1 595 431 647 582 58467 0 1 1 blocking 
1 591 422 642 578 58468 0 1 1 blocking 
1 588 412 637 574 58469 0 1 1 blocking 
1 584 403 632 570 58470 0 1 1 blocking 
1 580 393 627 566 58471 0 1 1 blocking 
1 577 383 622 562 58472 0 1 1 blocking 
1 573 374 617 558 58473 0 1 1 blocking 
1 569 364 612 554 58474 0 1 1 blocking 
1 566 355 608 550 58475 0 1 0 blocking 
1 559 352 601 547 58476 0 1 1 blocking 
1 553 349 595 544 58477 0 1 1 blocking 
1 547 346 589 541 58478 0 1 1 blocking 
1 541 343 583 538 58479 0 1 1 blocking 
1 535 340 577 536 58480 0 1 1 blocking 
1 529 337 570 533 58481 0 1 1 blocking 
1 523 334 564 530 58482 0 1 1 blocking 
1 517 331 558 527 58483 0 1 1 blocking 
1 511 328 552 524 58484 0 1 1 blocking 
2 600 403 650 537 58465 0 1 0 blocking 
2 596 397 646 535 58466 0 1 1 blocking 
2 592 392 642 534 58467 0 1 1 blocking 
2 588 386 638 533 58468 0 1 1 blocking 
2 584 381 634 531 58469 0 1 1 blocking 
2 581 376 630 530 58470 0 1 1 blocking 
2 577 370 626 529 58471 0 1 1 blocking 
2 573 365 622 527 58472 0 1 1 blocking 
2 569 359 618 526 58473 0 1 1 blocking 
2 565 354 614 525 58474 0 1 1 blocking 
2 562 349 610 524 58475 0 1 0 blocking 
2 556 348 604 523 58476 0 1 1 blocking 
2 550 347 598 522 58477 0 1 1 blocking 
2 544 346 592 521 58478 0 1 1 blocking 
2 538 345 586 520 58479 0 1 1 blocking 
2 532 345 580 520 58480 0 1 1 blocking 
2 526 344 574 519 58481 0 1 1 blocking 
2 520 343 568 518 58482 0 1 1 blocking 
2 514 342 562 517 58483 0 1 1 blocking 
2 508 341 556 516 58484 0 1 1 blocking 
3 615 387 672 523 58465 0 1 0 blocking 
3 608 381 665 521 58466 0 1 1 blocking 
3 602 376 659 520 58467 0 1 1 blocking 
3 595 370 652 518 58468 0 1 1 blocking 
3 589 365 646 517 58469 0 1 1 blocking 
3 583 359 640 516 58470 0 1 1 blocking 
3 576 354 633 514 58471 0 1 1 blocking 
3 570 348 627 513 58472 0 1 1 blocking 
3 563 343 620 511 58473 0 1 1 blocking 
3 557 337 614 510 58474 0 1 1 blocking 
3 551 332 608 509 58475 0 1 0 blocking 
3 547 332 604 507 58476 0 1 1 blocking 
3 543 332 600 505 58477 0 1 1 blocking 
3 540 332 597 503 58478 0 1 1 blocking 
3 536 333 593 501 58479 0 1 1 blocking 
3 533 333 590 500 58480 0 1 1 blocking 
3 529 333 586 498 58481 0 1 1 blocking 
3 525 334 582 496 58482 0 1 1 blocking 
3 522 334 579 494 58483 0 1 1 blocking 
3 518 334 575 492 58484 0 1 1 blocking 
4 460 447 531 591 58465 0 0 0 blocking 
4 459 444 529 588 58466 0 0 1 standing 
4 458 442 527 586 58467 0 0 1 standing 
4 457 440 526 584 58468 0 0 0 standing 
4 450 438 521 585 58469 0 0 1 standing 
4 443 436 516 586 58470 0 0 1 standing 
4 437 435 511 587 58471 0 0 0 standing 
4 433 435 507 587 58472 0 0 1 standing 
4 430 435 504 587 58473 0 0 1 standing 
4 427 435 501 587 58474 0 0 0 standing 
4 420 434 494 586 58475 0 0 1 standing 
4 413 434 487 586 58476 0 0 1 standing 
4 407 434 481 586 58477 0 0 0 standing 
4 400 434 474 589 58478 0 0 1 standing 
4 394 435 467 592 58479 0 0 1 standing 
4 388 436 461 595 58480 0 0 0 standing 
4 381 434 454 594 58481 0 0 1 standing 
4 374 432 448 593 58482 0 0 1 standing 
4 368 431 441 592 58483 0 0 1 standing 
4 361 429 435 591 58484 0 0 1 standing 
5 417 467 489 621 58465 0 0 0 standing 
5 414 467 486 621 58466 0 0 1 standing 
5 412 467 484 621 58467 0 0 1 standing 
5 410 468 482 622 58468 0 0 0 standing 
5 406 468 480 624 58469 0 0 1 standing 
5 403 468 478 626 58470 0 0 1 standing 
5 400 468 477 629 58471 0 0 0 standing 
5 398 468 471 628 58472 0 0 1 standing 
5 397 468 465 627 58473 0 0 1 standing 
5 396 469 460 626 58474 0 0 0 standing 
5 393 467 456 626 58475 0 0 1 standing 
5 390 466 453 626 58476 0 0 1 standing 
5 387 465 450 627 58477 0 0 0 standing 
5 378 466 442 625 58478 0 0 1 standing 
5 370 467 434 624 58479 0 0 1 standing 
5 362 468 426 623 58480 0 0 0 standing 
5 353 468 420 623 58481 0 0 1 standing 
5 345 468 415 623 58482 0 0 1 standing 
5 337 469 410 623 58483 0 0 1 standing 
5 329 469 405 623 58484 0 0 1 standing 
6 287 382 338 502 58465 0 0 0 standing 
6 287 381 338 502 58466 0 0 1 standing 
6 287 380 338 502 58467 0 0 1 standing 
6 288 380 339 502 58468 0 0 0 standing 
6 291 372 341 499 58469 0 0 1 standing 
6 295 365 343 496 58470 0 0 1 standing 
6 299 358 346 494 58471 0 0 0 standing 
6 303 363 350 496 58472 0 0 1 standing 
6 307 368 354 498 58473 0 0 1 standing 
6 312 373 358 501 58474 0 0 0 standing 
6 313 372 359 500 58475 0 0 1 standing 
6 315 371 361 499 58476 0 0 1 standing 
6 317 370 363 498 58477 0 0 0 standing 
6 316 372 362 499 58478 0 0 1 standing 
6 316 375 361 501 58479 0 0 1 standing 
6 315 378 361 502 58480 0 0 1 standing 
6 315 381 360 504 58481 0 0 1 standing 
6 315 384 359 505 58482 0 0 1 standing 
6 314 387 359 507 58483 0 0 1 standing 
6 314 390 358 508 58484 0 0 1 standing 
7 431 341 480 461 58465 0 0 0 standing 
7 433 340 481 458 58466 0 0 1 moving 
7 435 340 483 456 58467 0 0 1 moving 
7 437 340 485 454 58468 0 0 0 moving 
7 437 341 485 455 58469 0 0 1 moving 
7 437 342 485 456 58470 0 0 1 moving 
7 437 343 485 457 58471 0 0 1 moving 
7 437 344 485 458 58472 0 0 1 moving 
7 437 345 485 459 58473 0 0 1 moving 
7 438 346 486 460 58474 0 0 0 moving 
7 434 344 483 457 58475 0 0 1 moving 
7 430 343 480 455 58476 0 0 1 moving 
7 427 342 477 453 58477 0 0 0 moving 
7 424 343 475 460 58478 0 0 1 moving 
7 421 344 473 467 58479 0 0 1 moving 
7 418 346 472 474 58480 0 0 0 moving 
7 416 347 471 475 58481 0 0 1 moving 
7 414 349 471 476 58482 0 0 1 moving 
7 412 350 471 478 58483 0 0 1 moving 
7 410 352 471 479 58484 0 0 1 moving 
8 360 480 450 654 58465 0 0 0 moving 
8 357 480 447 652 58466 0 0 1 standing 
8 354 480 445 651 58467 0 0 1 standing 
8 351 480 443 650 58468 0 0 0 standing 
8 347 481 437 648 58469 0 0 1 standing 
8 344 483 431 646 58470 0 0 1 standing 
8 341 485 426 645 58471 0 0 0 standing 
8 337 483 420 644 58472 0 0 1 standing 
8 334 481 415 644 58473 0 0 1 standing 
8 331 479 410 644 58474 0 0 0 standing 
8 323 476 400 643 58475 0 0 1 standing 
8 315 473 391 643 58476 0 0 1 standing 
8 308 471 382 643 58477 0 0 0 standing 
8 300 469 370 638 58478 0 0 1 standing 
8 292 468 359 633 58479 0 0 1 standing 
8 284 467 348 629 58480 0 0 0 standing 
8 275 469 341 629 58481 0 0 1 standing 
8 266 472 334 630 58482 0 0 1 standing 
8 257 475 328 631 58483 0 0 1 standing 
8 248 478 321 632 58484 0 0 1 standing 
9 910 381 987 494 58465 0 0 0 standing 
9 912 379 986 492 58466 0 0 1 standing 
9 915 378 986 490 58467 0 0 1 standing 
9 918 377 986 489 58468 0 0 0 standing 
9 919 378 991 490 58469 0 0 1 standing 
9 920 379 996 491 58470 0 0 1 standing 
9 921 381 1002 492 58471 0 0 0 standing 
9 920 381 1001 491 58472 0 0 1 standing 
9 920 381 1001 490 58473 0 0 1 standing 
9 920 381 1001 490 58474 0 0 0 standing 
9 917 379 996 489 58475 0 0 1 standing 
9 914 378 991 488 58476 0 0 1 standing 
9 911 377 987 488 58477 0 0 0 standing 
9 910 376 984 487 58478 0 0 1 standing 
9 910 375 981 486 58479 0 0 1 standing 
9 910 374 978 485 58480 0 0 0 standing 
9 906 373 972 484 58481 0 0 1 standing 
9 902 373 967 484 58482 0 0 1 standing 
9 898 372 961 484 58483 0 0 1 standing 
9 894 372 956 484 58484 0 0 1 standing 
10 946 470 1019 612 58465 0 0 0 standing 
10 943 469 1015 610 58466 0 0 1 waiting 
10 941 468 1011 609 58467 0 0 1 waiting 
10 939 468 1007 608 58468 0 0 0 waiting 
10 937 467 1003 607 58469 0 0 1 waiting 
10 935 466 1000 606 58470 0 0 1 waiting 
10 934 466 997 605 58471 0 0 0 waiting 
10 931 465 994 604 58472 0 0 1 waiting 
10 929 465 992 604 58473 0 0 1 waiting 
10 927 465 990 604 58474 0 0 0 waiting 
10 920 462 989 603 58475 0 0 1 waiting 
10 914 460 988 603 58476 0 0 1 waiting 
10 908 458 987 603 58477 0 0 0 waiting 
10 903 457 981 601 58478 0 0 1 waiting 
10 898 456 975 599 58479 0 0 1 waiting 
10 894 455 970 598 58480 0 0 0 waiting 
10 891 454 964 597 58481 0 0 1 waiting 
10 888 454 958 596 58482 0 0 1 waiting 
10 886 454 952 595 58483 0 0 1 waiting 
10 883 454 946 594 58484 0 0 1 waiting 
11 1061 428 1127 542 58465 0 0 0 waiting 
11 1058 427 1124 541 58466 0 0 1 waiting 
11 1056 426 1122 540 58467 0 0 1 waiting 
11 1054 425 1120 539 58468 0 0 0 waiting 
11 1052 422 1117 537 58469 0 0 1 waiting 
11 1051 419 1115 535 58470 0 0 1 waiting 
11 1050 416 1113 533 58471 0 0 0 waiting 
11 1048 414 1111 531 58472 0 0 1 waiting 
11 1046 412 1109 529 58473 0 0 1 waiting 
11 1044 410 1107 527 58474 0 0 0 waiting 
11 1040 407 1106 523 58475 0 0 1 waiting 
11 1037 404 1106 519 58476 0 0 1 waiting 
11 1034 402 1106 516 58477 0 0 0 waiting 
11 1031 403 1103 515 58478 0 0 1 waiting 
11 1028 404 1101 515 58479 0 0 1 waiting 
11 1025 405 1099 515 58480 0 0 0 waiting 
11 1019 404 1091 514 58481 0 0 1 waiting 
11 1014 404 1084 513 58482 0 0 1 waiting 
11 1008 403 1077 512 58483 0 0 1 waiting 
11 1003 403 1070 511 58484 0 0 1 waiting 
