0 329 402 383 490 23850 0 1 0 standing 
0 331 401 384 489 23851 0 1 1 standing 
0 333 401 385 489 23852 0 1 1 standing 
0 335 401 387 489 23853 0 1 1 standing 
0 337 401 388 488 23854 0 1 1 standing 
0 340 400 390 488 23855 0 1 1 standing 
0 342 400 391 488 23856 0 1 1 standing 
0 344 400 393 487 23857 0 1 1 standing 
0 346 400 394 487 23858 0 1 1 standing 
0 349 400 396 487 23859 0 1 0 standing 
0 351 400 398 486 23860 0 1 1 standing 
0 353 401 400 486 23861 0 1 1 standing 
0 355 401 402 486 23862 0 1 1 standing 
0 357 402 405 485 23863 0 1 1 standing 
0 359 402 407 485 23864 0 1 1 standing 
0 361 403 409 485 23865 0 1 1 standing 
0 363 403 411 485 23866 0 1 1 standing 
0 365 404 414 484 23867 0 1 1 standing 
0 367 404 416 484 23868 0 1 1 standing 
0 369 405 418 484 23869 0 1 1 standing 
1 470 457 518 557 23850 0 1 0 standing 
1 468 455 516 556 23851 0 1 1 setting 
1 466 453 514 555 23852 0 1 1 setting 
1 465 451 512 554 23853 0 1 1 setting 
1 463 449 510 553 23854 0 1 1 setting 
1 462 447 508 553 23855 0 1 1 setting 
1 460 445 506 552 23856 0 1 1 setting 
1 459 443 504 551 23857 0 1 1 setting 
1 457 441 502 550 23858 0 1 1 setting 
1 455 439 500 549 23859 0 1 1 setting 
1 454 437 498 549 23860 0 1 1 setting 
1 452 435 496 548 23861 0 1 1 setting 
1 451 433 494 547 23862 0 1 1 setting 
1 449 431 492 546 23863 0 1 1 setting 
1 448 430 491 546 23864 0 1 0 setting 
1 443 433 489 547 23865 0 1 1 setting 
1 439 437 487 548 23866 0 1 1 setting 
1 435 441 486 549 23867 0 1 1 setting 
1 430 445 484 550 23868 0 1 1 setting 
1 426 449 482 551 23869 0 1 1 setting 
2 407 583 480 702 23850 1 0 1 setting 
2 405 583 478 702 23851 1 0 1 moving 
2 404 583 477 702 23852 0 1 0 moving 
2 400 582 473 701 23853 0 1 1 moving 
2 397 581 469 701 23854 0 1 1 moving 
2 394 580 465 701 23855 0 1 0 moving 
2 390 582 462 702 23856 0 1 1 moving 
2 387 584 459 704 23857 0 1 1 moving 
2 384 586 456 705 23858 0 1 1 moving 
2 381 588 453 707 23859 0 1 1 moving 
2 378 590 451 709 23860 0 1 0 moving 
2 376 589 451 708 23861 0 1 1 moving 
2 374 588 451 707 23862 0 1 1 moving 
2 373 587 452 707 23863 0 1 0 moving 
2 376 585 454 706 23864 0 1 1 moving 
2 380 583 456 705 23865 0 1 1 moving 
2 384 581 459 704 23866 0 1 1 moving 
2 387 580 461 704 23867 0 1 1 moving 
2 391 578 464 703 23868 0 1 1 moving 
2 395 576 466 702 23869 0 1 1 moving 
3 317 530 390 655 23850 0 0 0 moving 
3 314 529 384 651 23851 0 0 1 moving 
3 312 528 378 647 23852 0 0 1 moving 
3 309 527 373 643 23853 0 0 1 moving 
3 307 526 367 639 23854 0 0 1 moving 
3 305 526 362 636 23855 0 0 0 moving 
3 305 522 359 635 23856 0 0 1 moving 
3 306 518 357 634 23857 0 0 1 moving 
3 306 514 354 633 23858 0 0 1 moving 
3 307 510 352 632 23859 0 0 1 moving 
3 308 507 350 632 23860 0 0 0 moving 
3 306 505 348 624 23861 0 0 1 moving 
3 305 503 346 617 23862 0 0 1 moving 
3 304 501 344 610 23863 0 0 0 moving 
3 302 499 342 608 23864 0 0 1 moving 
3 301 497 341 606 23865 0 0 1 moving 
3 300 495 340 604 23866 0 0 1 moving 
3 298 493 339 602 23867 0 0 1 moving 
3 297 491 338 600 23868 0 0 1 moving 
3 296 489 337 598 23869 0 0 1 moving 
4 401 440 453 541 23850 0 0 0 moving 
4 400 440 451 541 23851 0 0 1 standing 
4 399 440 449 542 23852 0 0 1 standing 
4 398 440 447 542 23853 0 0 1 standing 
4 398 440 445 543 23854 0 0 1 standing 
4 397 440 444 544 23855 0 0 1 standing 
4 396 440 442 544 23856 0 0 1 standing 
4 396 440 440 545 23857 0 0 1 standing 
4 395 440 438 545 23858 0 0 1 standing 
4 394 440 436 546 23859 0 0 1 standing 
4 394 440 435 547 23860 0 0 0 standing 
4 393 440 433 547 23861 0 0 1 standing 
4 393 441 432 547 23862 0 0 1 standing 
4 392 441 430 548 23863 0 0 1 standing 
4 392 442 429 548 23864 0 0 1 standing 
4 391 442 428 549 23865 0 0 1 standing 
4 391 443 426 549 23866 0 0 1 standing 
4 390 443 425 549 23867 0 0 1 standing 
4 390 444 423 550 23868 0 0 1 standing 
4 389 444 422 550 23869 0 0 1 standing 
5 557 495 609 611 23850 0 0 0 standing 
5 556 493 609 610 23851 0 0 1 standing 
5 556 492 610 610 23852 0 0 1 standing 
5 555 490 610 609 23853 0 0 1 standing 
5 555 489 611 609 23854 0 0 1 standing 
5 555 488 612 609 23855 0 0 0 standing 
5 555 487 608 608 23856 0 0 1 standing 
5 555 486 605 607 23857 0 0 1 standing 
5 555 485 602 607 23858 0 0 0 standing 
5 554 484 601 605 23859 0 0 1 standing 
5 554 483 601 604 23860 0 0 1 standing 
5 554 483 601 602 23861 0 0 1 standing 
5 554 482 601 601 23862 0 0 1 standing 
5 553 482 600 599 23863 0 0 1 standing 
5 553 481 600 598 23864 0 0 1 standing 
5 553 480 600 597 23865 0 0 1 standing 
5 553 480 600 595 23866 0 0 1 standing 
5 552 479 599 594 23867 0 0 1 standing 
5 552 479 599 592 23868 0 0 1 standing 
5 552 478 599 591 23869 0 0 1 standing 
6 670 503 714 624 23850 0 0 0 standing 
6 670 503 713 624 23851 0 0 1 standing 
6 670 503 713 624 23852 0 0 1 standing 
6 670 503 713 624 23853 0 0 1 standing 
6 670 503 713 624 23854 0 0 1 standing 
6 670 503 713 624 23855 0 0 1 standing 
6 670 503 712 624 23856 0 0 1 standing 
6 670 503 712 624 23857 0 0 1 standing 
6 670 503 712 624 23858 0 0 1 standing 
6 670 503 712 624 23859 0 0 1 standing 
6 670 504 712 625 23860 0 0 0 standing 
6 669 505 711 625 23861 0 0 1 standing 
6 669 506 711 626 23862 0 0 1 standing 
6 669 507 711 627 23863 0 0 1 standing 
6 669 508 710 628 23864 0 0 1 standing 
6 669 510 710 629 23865 0 0 1 standing 
6 669 511 710 629 23866 0 0 1 standing 
6 669 512 709 630 23867 0 0 1 standing 
6 669 513 709 631 23868 0 0 1 standing 
6 669 514 709 632 23869 0 0 1 standing 
7 658 465 697 558 23850 0 0 0 standing 
7 658 464 697 557 23851 0 0 1 standing 
7 658 463 697 556 23852 0 0 1 standing 
7 658 462 697 555 23853 0 0 1 standing 
7 658 461 697 554 23854 0 0 1 standing 
7 658 460 697 553 23855 0 0 1 standing 
7 658 459 697 552 23856 0 0 1 standing 
7 658 458 697 551 23857 0 0 1 standing 
7 658 457 697 550 23858 0 0 1 standing 
7 658 456 697 549 23859 0 0 1 standing 
7 658 455 697 548 23860 0 0 0 standing 
7 657 453 696 546 23861 0 0 1 standing 
7 657 452 696 544 23862 0 0 1 standing 
7 657 450 696 543 23863 0 0 1 standing 
7 657 449 696 541 23864 0 0 1 standing 
7 657 448 696 540 23865 0 0 1 standing 
7 656 446 695 538 23866 0 0 1 standing 
7 656 445 695 537 23867 0 0 1 standing 
7 656 444 695 535 23868 0 0 1 standing 
7 656 442 695 534 23869 0 0 1 standing 
8 677 418 723 517 23850 0 0 0 standing 
8 676 417 720 516 23851 0 0 1 standing 
8 676 417 718 516 23852 0 0 1 standing 
8 676 417 715 515 23853 0 0 1 standing 
8 675 416 713 515 23854 0 0 1 standing 
8 675 416 710 514 23855 0 0 1 standing 
8 675 416 708 514 23856 0 0 0 standing 
8 674 416 707 514 23857 0 0 1 standing 
8 674 416 707 514 23858 0 0 1 standing 
8 674 416 706 514 23859 0 0 1 standing 
8 674 416 706 514 23860 0 0 1 standing 
8 674 416 706 514 23861 0 0 0 standing 
8 672 415 705 513 23862 0 0 1 standing 
8 671 415 704 513 23863 0 0 1 standing 
8 670 415 703 513 23864 0 0 1 standing 
8 669 415 702 513 23865 0 0 1 standing 
8 668 415 701 513 23866 0 0 1 standing 
8 666 415 700 513 23867 0 0 1 standing 
8 665 415 699 513 23868 0 0 1 standing 
8 664 415 698 513 23869 0 0 1 standing 
9 901 432 950 529 23850 0 0 0 standing 
9 902 431 950 529 23851 0 0 1 standing 
9 903 431 950 529 23852 0 0 1 standing 
9 904 431 951 529 23853 0 0 1 standing 
9 905 431 951 529 23854 0 0 1 standing 
9 906 431 952 529 23855 0 0 0 standing 
9 906 430 951 528 23856 0 0 1 standing 
9 906 429 951 527 23857 0 0 1 standing 
9 906 428 950 527 23858 0 0 1 standing 
9 906 427 950 526 23859 0 0 1 standing 
9 907 427 950 526 23860 0 0 0 standing 
9 906 426 948 525 23861 0 0 1 standing 
9 906 425 946 524 23862 0 0 1 standing 
9 905 424 944 523 23863 0 0 1 standing 
9 905 424 942 522 23864 0 0 1 standing 
9 904 423 940 522 23865 0 0 1 standing 
9 904 422 938 521 23866 0 0 1 standing 
9 903 422 936 520 23867 0 0 1 standing 
9 903 421 934 519 23868 0 0 1 standing 
9 902 420 932 518 23869 0 0 1 standing 
10 924 504 974 608 23850 0 0 0 standing 
10 925 504 977 611 23851 0 0 1 standing 
10 927 505 981 614 23852 0 0 1 standing 
10 929 505 985 617 23853 0 0 1 standing 
10 931 506 989 620 23854 0 0 0 standing 
10 933 507 989 620 23855 0 0 1 standing 
10 935 509 990 620 23856 0 0 1 standing 
10 938 510 991 621 23857 0 0 1 standing 
10 940 512 991 621 23858 0 0 1 standing 
10 942 513 992 621 23859 0 0 1 standing 
10 945 515 993 622 23860 0 0 0 standing 
10 945 515 993 622 23861 0 0 1 standing 
10 945 515 993 622 23862 0 0 1 standing 
10 945 515 993 622 23863 0 0 1 standing 
10 945 515 993 622 23864 0 0 1 standing 
10 945 515 993 622 23865 0 0 1 standing 
10 945 515 993 622 23866 0 0 1 standing 
10 945 515 993 622 23867 0 0 1 standing 
10 945 515 993 622 23868 0 0 1 standing 
10 945 515 993 622 23869 0 0 1 standing 
11 944 473 992 566 23850 0 0 0 standing 
11 946 472 991 564 23851 0 0 1 waiting 
11 948 471 990 563 23852 0 0 1 waiting 
11 951 471 989 561 23853 0 0 1 waiting 
11 953 470 988 560 23854 0 0 1 waiting 
11 956 470 987 559 23855 0 0 0 waiting 
11 956 470 988 559 23856 0 0 1 waiting 
11 956 470 989 559 23857 0 0 1 waiting 
11 956 470 991 559 23858 0 0 1 waiting 
11 956 470 992 559 23859 0 0 1 waiting 
11 957 470 994 559 23860 0 0 0 waiting 
11 957 468 994 557 23861 0 0 1 waiting 
11 958 467 994 556 23862 0 0 1 waiting 
11 958 466 994 554 23863 0 0 1 waiting 
11 959 464 994 553 23864 0 0 1 waiting 
11 960 463 995 552 23865 0 0 1 waiting 
11 960 462 995 550 23866 0 0 1 waiting 
11 961 460 995 549 23867 0 0 1 waiting 
11 961 459 995 547 23868 0 0 1 waiting 
11 962 458 995 546 23869 0 0 1 waiting 
