0 334 390 395 484 59380 0 1 0 setting 
0 356 382 416 479 59381 0 1 1 setting 
0 378 374 438 474 59382 0 1 1 setting 
0 401 367 460 469 59383 0 1 0 setting 
0 418 359 477 464 59384 0 1 1 setting 
0 436 351 494 460 59385 0 1 1 setting 
0 454 343 511 455 59386 0 1 1 setting 
0 472 335 528 451 59387 0 1 0 setting 
0 489 320 543 449 59388 0 1 1 setting 
0 506 305 559 448 59389 0 1 1 setting 
0 523 290 575 447 59390 0 1 0 setting 
0 535 290 586 448 59391 0 1 1 setting 
0 547 291 597 449 59392 0 1 1 setting 
0 559 292 609 450 59393 0 1 0 setting 
0 558 292 607 450 59394 0 1 1 setting 
0 558 292 606 450 59395 0 1 1 setting 
0 558 292 605 451 59396 0 1 0 setting 
0 552 301 601 454 59397 0 1 1 setting 
0 546 311 597 458 59398 0 1 1 setting 
0 540 320 593 462 59399 0 1 1 setting 
1 495 438 581 568 59380 0 0 0 setting 
1 517 436 604 566 59381 0 0 1 waiting 
1 540 435 627 564 59382 0 0 1 waiting 
1 563 434 650 562 59383 0 0 1 waiting 
1 586 433 673 560 59384 0 0 1 waiting 
1 609 432 696 558 59385 0 0 1 waiting 
1 632 431 719 557 59386 0 0 0 waiting 
1 652 424 739 556 59387 0 0 1 waiting 
1 672 417 759 555 59388 0 0 1 waiting 
1 693 411 779 555 59389 0 0 0 waiting 
1 709 409 795 551 59390 0 0 1 waiting 
1 725 407 811 547 59391 0 0 1 waiting 
1 741 405 827 544 59392 0 0 0 waiting 
1 746 404 832 542 59393 0 0 1 waiting 
1 751 404 837 540 59394 0 0 1 waiting 
1 757 404 843 538 59395 0 0 1 waiting 
1 762 404 848 536 59396 0 0 1 waiting 
1 768 404 854 534 59397 0 0 0 waiting 
1 760 405 851 534 59398 0 0 1 waiting 
1 752 406 848 535 59399 0 0 1 waiting 
2 318 467 382 615 59380 0 0 0 waiting 
2 339 460 403 608 59381 0 0 1 standing 
2 360 454 424 602 59382 0 0 1 standing 
2 382 448 445 596 59383 0 0 1 standing 
2 403 442 466 590 59384 0 0 1 standing 
2 425 436 487 584 59385 0 0 0 standing 
2 442 432 504 581 59386 0 0 1 standing 
2 460 428 522 578 59387 0 0 1 standing 
2 477 424 540 576 59388 0 0 1 standing 
2 495 420 557 573 59389 0 0 1 standing 
2 512 416 575 570 59390 0 0 1 standing 
2 530 412 593 568 59391 0 0 0 standing 
2 541 407 605 559 59392 0 0 1 standing 
2 552 402 617 551 59393 0 0 1 standing 
2 563 397 629 542 59394 0 0 1 standing 
2 575 392 641 534 59395 0 0 0 standing 
2 573 391 643 530 59396 0 0 1 standing 
2 572 391 645 527 59397 0 0 1 standing 
2 570 390 647 523 59398 0 0 1 standing 
2 569 390 650 520 59399 0 0 0 standing 
3 155 466 211 607 59380 0 0 0 standing 
3 176 460 230 600 59381 0 0 1 waiting 
3 197 454 250 594 59382 0 0 1 waiting 
3 219 448 270 587 59383 0 0 1 waiting 
3 240 442 289 581 59384 0 0 1 waiting 
3 261 436 309 574 59385 0 0 1 waiting 
3 283 430 329 568 59386 0 0 0 waiting 
3 301 426 348 564 59387 0 0 1 waiting 
3 319 422 367 560 59388 0 0 1 waiting 
3 337 418 386 557 59389 0 0 1 waiting 
3 355 414 405 553 59390 0 0 1 waiting 
3 373 411 424 550 59391 0 0 0 waiting 
3 379 407 430 546 59392 0 0 1 waiting 
3 385 403 437 542 59393 0 0 1 waiting 
3 391 399 444 538 59394 0 0 1 waiting 
3 397 395 451 534 59395 0 0 1 waiting 
3 403 392 458 531 59396 0 0 0 waiting 
3 399 391 453 528 59397 0 0 1 waiting 
3 396 391 448 526 59398 0 0 1 waiting 
3 392 391 443 523 59399 0 0 1 waiting 
4 211 426 266 546 59380 0 0 0 waiting 
4 232 419 286 538 59381 0 0 1 waiting 
4 253 412 306 531 59382 0 0 1 waiting 
4 275 405 326 524 59383 0 0 1 waiting 
4 296 398 346 516 59384 0 0 1 waiting 
4 317 391 366 509 59385 0 0 1 waiting 
4 339 385 386 502 59386 0 0 0 waiting 
4 354 379 401 499 59387 0 0 1 waiting 
4 369 374 417 496 59388 0 0 1 waiting 
4 384 368 433 493 59389 0 0 1 waiting 
4 399 363 449 490 59390 0 0 1 waiting 
4 414 358 465 488 59391 0 0 0 waiting 
4 421 353 473 479 59392 0 0 1 waiting 
4 428 349 481 471 59393 0 0 1 waiting 
4 435 345 490 463 59394 0 0 1 waiting 
4 442 341 498 455 59395 0 0 1 waiting 
4 450 337 507 447 59396 0 0 0 waiting 
4 447 337 502 448 59397 0 0 1 waiting 
4 444 337 498 449 59398 0 0 1 waiting 
4 441 337 493 450 59399 0 0 1 waiting 
5 81 478 104 544 59380 1 0 0 waiting 
5 62 472 92 562 59381 1 0 1 waiting 
5 44 466 80 580 59382 1 0 1 waiting 
5 26 460 68 598 59383 1 0 1 waiting 
5 8 455 57 616 59384 0 0 0 waiting 
5 29 451 79 611 59385 0 0 1 waiting 
5 50 447 101 606 59386 0 0 1 waiting 
5 71 444 123 601 59387 0 0 1 waiting 
5 93 440 145 596 59388 0 0 1 waiting 
5 114 437 167 591 59389 0 0 1 waiting 
5 135 433 189 586 59390 0 0 1 waiting 
5 157 430 211 582 59391 0 0 0 waiting 
5 167 427 222 578 59392 0 0 1 waiting 
5 178 425 234 575 59393 0 0 1 waiting 
5 189 423 245 571 59394 0 0 1 waiting 
5 200 421 257 568 59395 0 0 0 waiting 
5 200 422 258 568 59396 0 0 1 waiting 
5 201 423 259 569 59397 0 0 1 waiting 
5 201 424 261 570 59398 0 0 1 waiting 
5 202 425 262 571 59399 0 0 1 waiting 
6 852 373 899 505 59380 0 0 0 waiting 
6 874 371 923 503 59381 0 0 1 standing 
6 897 370 948 501 59382 0 0 1 standing 
6 919 369 973 500 59383 0 0 1 standing 
6 942 368 998 498 59384 0 0 1 standing 
6 964 367 1023 496 59385 0 0 1 standing 
6 987 366 1048 495 59386 0 0 0 standing 
6 1001 362 1061 491 59387 0 0 1 standing 
6 1015 359 1074 488 59388 0 0 1 standing 
6 1029 355 1087 485 59389 0 0 1 standing 
6 1044 352 1100 482 59390 0 0 1 standing 
6 1058 349 1113 479 59391 0 0 1 standing 
6 1072 345 1126 475 59392 0 0 1 standing 
6 1087 342 1139 472 59393 0 0 1 standing 
6 1101 338 1152 469 59394 0 0 1 standing 
6 1115 335 1165 466 59395 0 0 1 standing 
6 1130 332 1179 463 59396 0 0 0 standing 
6 1126 332 1175 459 59397 0 0 1 standing 
6 1122 333 1171 455 59398 0 0 1 standing 
6 1118 334 1167 451 59399 0 0 1 standing 
7 1097 466 1159 589 59380 0 0 0 standing 
7 1111 467 1173 592 59381 0 0 1 standing 
7 1125 468 1188 596 59382 0 0 1 standing 
7 1140 469 1203 599 59383 0 0 1 standing 
7 1154 470 1218 603 59384 0 0 1 standing 
7 1169 471 1233 606 59385 0 0 1 standing 
7 1183 472 1248 610 59386 0 0 1 standing 
7 1198 473 1263 614 59387 1 0 0 standing 
7 1209 476 1266 613 59388 1 0 1 standing 
7 1221 480 1269 613 59389 1 0 1 standing 
7 1233 484 1272 613 59390 1 0 1 standing 
7 1245 488 1275 613 59391 1 0 1 standing 
7 1257 492 1279 613 59392 1 0 0 standing 
7 1257 491 1279 612 59393 1 0 1 standing 
7 1257 491 1279 612 59394 1 0 1 standing 
7 1258 490 1279 611 59395 1 0 1 standing 
7 1258 490 1279 611 59396 1 0 1 standing 
7 1258 489 1279 610 59397 1 0 1 standing 
7 1259 489 1279 610 59398 1 0 1 standing 
7 1259 488 1279 609 59399 1 0 1 standing 
8 1109 393 1171 504 59380 1 0 0 standing 
8 1109 392 1171 503 59381 1 0 1 standing 
8 1109 392 1171 503 59382 1 0 1 standing 
8 1110 392 1171 502 59383 1 0 1 standing 
8 1110 392 1172 502 59384 1 0 1 standing 
8 1111 392 1172 502 59385 1 0 1 standing 
8 1111 391 1172 501 59386 1 0 1 standing 
8 1111 391 1173 501 59387 1 0 1 standing 
8 1112 391 1173 500 59388 1 0 1 standing 
8 1112 391 1173 500 59389 1 0 1 standing 
8 1113 391 1174 500 59390 1 0 0 standing 
8 1113 391 1174 500 59391 1 0 1 standing 
8 1113 391 1174 500 59392 1 0 1 standing 
8 1113 391 1174 500 59393 1 0 1 standing 
8 1113 391 1174 500 59394 1 0 1 standing 
8 1113 391 1174 500 59395 1 0 1 standing 
8 1113 391 1174 500 59396 1 0 1 standing 
8 1113 391 1174 500 59397 1 0 1 standing 
8 1113 391 1174 500 59398 1 0 1 standing 
8 1113 391 1174 500 59399 1 0 1 standing 
9 645 410 699 551 59380 0 0 0 standing 
9 665 409 718 551 59381 0 0 1 standing 
9 686 409 737 552 59382 0 0 1 standing 
9 707 409 756 553 59383 0 0 1 standing 
9 727 408 775 554 59384 0 0 1 standing 
9 748 408 794 555 59385 0 0 1 standing 
9 769 408 814 556 59386 0 0 0 standing 
9 781 407 826 555 59387 0 0 1 standing 
9 794 406 839 554 59388 0 0 1 standing 
9 807 405 851 554 59389 0 0 1 standing 
9 820 404 864 553 59390 0 0 1 standing 
9 833 403 876 553 59391 0 0 1 standing 
9 845 402 889 552 59392 0 0 1 standing 
9 858 401 901 551 59393 0 0 1 standing 
9 871 400 914 551 59394 0 0 1 standing 
9 884 399 926 550 59395 0 0 1 standing 
9 897 399 939 550 59396 0 0 0 standing 
9 893 400 936 551 59397 0 0 1 standing 
9 890 402 933 553 59398 0 0 1 standing 
9 886 404 930 555 59399 0 0 1 standing 
10 629 400 677 529 59380 0 0 0 standing 
10 650 398 698 529 59381 0 0 1 standing 
10 671 396 719 529 59382 0 0 1 standing 
10 692 394 740 529 59383 0 0 1 standing 
10 713 392 761 529 59384 0 0 1 standing 
10 734 390 782 529 59385 0 0 1 standing 
10 755 388 803 529 59386 0 0 0 standing 
10 771 386 818 527 59387 0 0 1 standing 
10 787 384 833 526 59388 0 0 1 standing 
10 803 382 848 524 59389 0 0 1 standing 
10 819 380 863 523 59390 0 0 1 standing 
10 835 378 878 522 59391 0 0 1 standing 
10 851 376 893 520 59392 0 0 1 standing 
10 867 374 908 519 59393 0 0 1 standing 
10 883 373 923 518 59394 0 0 0 standing 
10 882 372 923 516 59395 0 0 1 standing 
10 881 372 923 515 59396 0 0 1 standing 
10 880 372 924 514 59397 0 0 1 standing 
10 879 371 924 513 59398 0 0 1 standing 
10 878 371 924 512 59399 0 0 1 standing 
11 615 377 661 491 59380 0 0 0 standing 
11 637 375 683 488 59381 0 0 1 standing 
11 659 373 705 485 59382 0 0 1 standing 
11 681 371 727 483 59383 0 0 1 standing 
11 703 369 749 480 59384 0 0 1 standing 
11 725 367 771 477 59385 0 0 1 standing 
11 747 365 794 475 59386 0 0 0 standing 
11 760 363 806 473 59387 0 0 1 standing 
11 773 361 819 471 59388 0 0 1 standing 
11 786 359 831 469 59389 0 0 1 standing 
11 799 357 844 468 59390 0 0 1 standing 
11 812 355 857 466 59391 0 0 1 standing 
11 825 353 869 464 59392 0 0 1 standing 
11 838 351 882 463 59393 0 0 1 standing 
11 851 349 894 461 59394 0 0 1 standing 
11 864 347 907 459 59395 0 0 1 standing 
11 878 346 920 458 59396 0 0 0 standing 
11 876 347 918 458 59397 0 0 1 standing 
11 874 348 917 458 59398 0 0 1 standing 
11 872 349 916 458 59399 0 0 1 standing 
