0 615 407 678 518 58970 0 1 0 setting 
0 612 400 674 515 58971 0 1 1 setting 
0 610 394 671 512 58972 0 1 1 setting 
0 608 388 668 510 58973 0 1 1 setting 
0 606 382 665 507 58974 0 1 1 setting 
0 604 376 662 504 58975 0 1 1 setting 
0 602 369 659 502 58976 0 1 1 setting 
0 600 363 656 499 58977 0 1 1 setting 
0 598 357 653 496 58978 0 1 1 setting 
0 596 351 650 494 58979 0 1 1 setting 
0 594 345 647 491 58980 0 1 1 setting 
0 592 339 644 489 58981 0 1 0 setting 
0 586 343 644 489 58982 0 1 1 setting 
0 581 348 644 489 58983 0 1 1 setting 
0 576 352 644 489 58984 0 1 1 setting 
0 571 357 644 489 58985 0 1 1 setting 
0 566 362 645 490 58986 0 1 0 setting 
0 561 367 642 493 58987 0 1 1 setting 
0 557 373 640 496 58988 0 1 1 setting 
0 553 379 637 499 58989 0 1 1 setting 
1 600 522 680 648 58970 0 1 0 setting 
1 589 521 673 648 58971 0 1 1 moving 
1 578 521 667 648 58972 0 1 1 moving 
1 567 521 661 648 58973 0 1 1 moving 
1 556 521 655 648 58974 0 1 0 moving 
1 555 520 652 647 58975 0 1 1 moving 
1 554 520 649 647 58976 0 1 1 moving 
1 553 520 646 647 58977 0 1 1 moving 
1 552 520 643 647 58978 0 1 1 moving 
1 551 520 640 647 58979 0 1 1 moving 
1 550 520 637 647 58980 0 1 1 moving 
1 549 520 635 647 58981 0 1 0 moving 
1 544 519 637 644 58982 0 1 1 moving 
1 540 518 640 642 58983 0 1 1 moving 
1 536 517 643 640 58984 0 1 1 moving 
1 532 516 646 637 58985 0 1 1 moving 
1 528 515 649 635 58986 0 1 1 moving 
1 524 515 652 633 58987 0 1 0 moving 
1 530 515 648 633 58988 0 1 1 moving 
1 536 515 645 633 58989 0 1 1 moving 
2 667 326 716 431 58970 0 1 0 moving 
2 659 325 708 427 58971 0 1 1 standing 
2 651 325 701 424 58972 0 1 1 standing 
2 643 324 694 421 58973 0 1 1 standing 
2 635 324 687 418 58974 0 1 1 standing 
2 627 323 680 415 58975 0 1 1 standing 
2 619 323 673 412 58976 0 1 1 standing 
2 611 322 666 409 58977 0 1 1 standing 
2 603 322 659 406 58978 0 1 1 standing 
2 595 321 652 403 58979 0 1 1 standing 
2 588 321 645 400 58980 0 1 0 standing 
2 585 320 640 399 58981 0 1 1 standing 
2 582 319 636 398 58982 0 1 1 standing 
2 580 319 632 397 58983 0 1 1 standing 
2 577 318 628 396 58984 0 1 1 standing 
2 575 318 624 396 58985 0 1 0 standing 
2 572 317 622 395 58986 0 1 1 standing 
2 569 317 620 394 58987 0 1 1 standing 
2 566 316 619 393 58988 0 1 1 standing 
2 563 316 617 392 58989 0 1 1 standing 
3 779 442 821 585 58970 0 0 0 standing 
3 771 439 814 581 58971 0 0 1 standing 
3 763 436 807 578 58972 0 0 1 standing 
3 755 433 800 575 58973 0 0 1 standing 
3 748 430 794 571 58974 0 0 1 standing 
3 740 427 787 568 58975 0 0 1 standing 
3 732 424 780 565 58976 0 0 1 standing 
3 725 421 774 561 58977 0 0 1 standing 
3 717 418 767 558 58978 0 0 1 standing 
3 709 415 760 555 58979 0 0 1 standing 
3 702 412 754 552 58980 0 0 0 standing 
3 696 413 748 553 58981 0 0 1 standing 
3 690 414 742 554 58982 0 0 1 standing 
3 684 415 736 555 58983 0 0 1 standing 
3 678 416 730 556 58984 0 0 1 standing 
3 672 417 724 557 58985 0 0 1 standing 
3 667 418 719 558 58986 0 0 0 standing 
3 660 417 712 557 58987 0 0 1 standing 
3 653 416 705 556 58988 0 0 1 standing 
3 646 415 698 555 58989 0 0 1 standing 
4 571 352 635 442 58970 0 0 0 standing 
4 567 352 631 443 58971 0 0 1 standing 
4 563 352 627 445 58972 0 0 1 standing 
4 560 352 623 447 58973 0 0 1 standing 
4 556 352 619 449 58974 0 0 1 standing 
4 553 352 615 451 58975 0 0 1 standing 
4 549 353 611 453 58976 0 0 1 standing 
4 546 353 607 455 58977 0 0 1 standing 
4 542 353 603 457 58978 0 0 1 standing 
4 539 353 599 459 58979 0 0 1 standing 
4 535 353 595 461 58980 0 0 1 standing 
4 532 354 591 463 58981 0 0 0 standing 
4 532 354 586 462 58982 0 0 1 standing 
4 532 355 582 462 58983 0 0 1 standing 
4 532 356 578 462 58984 0 0 0 standing 
4 526 357 574 462 58985 0 0 1 standing 
4 520 359 570 463 58986 0 0 1 standing 
4 514 360 566 464 58987 0 0 1 standing 
4 508 362 562 464 58988 0 0 1 standing 
4 502 363 558 465 58989 0 0 1 standing 
5 405 306 462 405 58970 0 0 0 standing 
5 392 306 449 404 58971 0 0 1 standing 
5 379 307 436 403 58972 0 0 1 standing 
5 366 308 423 402 58973 0 0 1 standing 
5 353 308 410 401 58974 0 0 1 standing 
5 340 309 397 400 58975 0 0 1 standing 
5 328 310 385 400 58976 0 0 0 standing 
5 320 310 377 399 58977 0 0 1 standing 
5 313 311 370 398 58978 0 0 1 standing 
5 306 312 363 397 58979 0 0 1 standing 
5 299 313 356 397 58980 0 0 0 standing 
5 294 311 351 396 58981 0 0 1 standing 
5 290 310 347 396 58982 0 0 1 standing 
5 286 308 342 395 58983 0 0 1 standing 
5 282 307 338 395 58984 0 0 0 standing 
5 277 308 333 397 58985 0 0 1 standing 
5 272 310 328 399 58986 0 0 1 standing 
5 267 311 323 402 58987 0 0 1 standing 
5 262 313 318 404 58988 0 0 1 standing 
5 257 314 313 406 58989 0 0 1 standing 
6 875 492 917 634 58970 0 0 0 standing 
6 868 490 911 632 58971 0 0 1 standing 
6 861 489 906 631 58972 0 0 1 standing 
6 854 488 901 629 58973 0 0 1 standing 
6 848 487 896 628 58974 0 0 1 standing 
6 841 486 891 626 58975 0 0 1 standing 
6 834 485 885 625 58976 0 0 1 standing 
6 828 484 880 623 58977 0 0 1 standing 
6 821 483 875 622 58978 0 0 1 standing 
6 814 482 870 620 58979 0 0 1 standing 
6 808 481 865 619 58980 0 0 0 standing 
6 801 480 858 617 58981 0 0 1 standing 
6 795 480 851 615 58982 0 0 1 standing 
6 789 480 844 614 58983 0 0 1 standing 
6 783 480 837 612 58984 0 0 1 standing 
6 777 480 830 611 58985 0 0 1 standing 
6 771 480 823 609 58986 0 0 1 standing 
6 765 480 816 608 58987 0 0 0 standing 
6 756 481 811 603 58988 0 0 1 standing 
6 747 483 806 599 58989 0 0 1 standing 
7 1033 452 1104 584 58970 0 0 0 standing 
7 1030 451 1101 583 58971 0 0 1 standing 
7 1027 451 1098 583 58972 0 0 1 standing 
7 1024 450 1095 583 58973 0 0 1 standing 
7 1021 450 1092 582 58974 0 0 1 standing 
7 1018 449 1089 582 58975 0 0 1 standing 
7 1015 449 1086 582 58976 0 0 1 standing 
7 1012 448 1083 581 58977 0 0 1 standing 
7 1009 448 1080 581 58978 0 0 1 standing 
7 1006 448 1078 581 58979 0 0 0 standing 
7 1004 448 1073 581 58980 0 0 1 standing 
7 1002 448 1069 582 58981 0 0 1 standing 
7 1000 448 1064 582 58982 0 0 1 standing 
7 998 449 1060 583 58983 0 0 1 standing 
7 996 449 1055 584 58984 0 0 1 standing 
7 994 449 1051 584 58985 0 0 1 standing 
7 992 449 1046 585 58986 0 0 1 standing 
7 991 450 1042 586 58987 0 0 0 standing 
7 987 451 1040 588 58988 0 0 1 standing 
7 983 452 1039 590 58989 0 0 1 standing 
8 1110 367 1152 472 58970 0 0 0 standing 
8 1104 365 1146 471 58971 0 0 1 standing 
8 1098 364 1140 470 58972 0 0 1 standing 
8 1092 363 1134 470 58973 0 0 1 standing 
8 1086 362 1128 469 58974 0 0 1 standing 
8 1081 361 1122 469 58975 0 0 1 standing 
8 1075 360 1116 468 58976 0 0 1 standing 
8 1069 359 1110 467 58977 0 0 1 standing 
8 1063 358 1104 467 58978 0 0 1 standing 
8 1057 357 1098 466 58979 0 0 1 standing 
8 1052 356 1092 466 58980 0 0 0 standing 
8 1045 356 1086 464 58981 0 0 1 standing 
8 1039 356 1081 462 58982 0 0 1 standing 
8 1033 357 1076 461 58983 0 0 1 standing 
8 1027 357 1071 459 58984 0 0 1 standing 
8 1021 358 1066 458 58985 0 0 1 standing 
8 1015 358 1061 456 58986 0 0 1 standing 
8 1009 358 1056 454 58987 0 0 1 standing 
8 1003 359 1051 453 58988 0 0 1 standing 
8 997 359 1046 451 58989 0 0 1 standing 
9 1203 418 1252 527 58970 0 0 0 standing 
9 1201 417 1249 526 58971 0 0 1 standing 
9 1200 416 1247 525 58972 0 0 1 standing 
9 1198 415 1244 524 58973 0 0 1 standing 
9 1197 414 1242 523 58974 0 0 1 standing 
9 1195 414 1240 522 58975 0 0 1 standing 
9 1194 413 1237 521 58976 0 0 1 standing 
9 1192 412 1235 520 58977 0 0 1 standing 
9 1191 411 1232 519 58978 0 0 1 standing 
9 1189 410 1230 518 58979 0 0 1 standing 
9 1188 410 1228 518 58980 0 0 0 standing 
9 1185 410 1230 518 58981 0 0 1 standing 
9 1182 411 1233 519 58982 0 0 1 standing 
9 1179 412 1236 520 58983 0 0 1 standing 
9 1176 413 1238 521 58984 0 0 1 standing 
9 1173 414 1241 522 58985 0 0 1 standing 
9 1170 415 1244 523 58986 0 0 1 standing 
9 1167 416 1247 524 58987 0 0 0 standing 
9 1164 417 1243 524 58988 0 0 1 standing 
9 1161 418 1239 525 58989 0 0 1 standing 
10 855 378 911 504 58970 0 0 0 standing 
10 848 377 903 503 58971 0 0 1 standing 
10 842 377 896 503 58972 0 0 1 standing 
10 835 376 889 503 58973 0 0 1 standing 
10 829 376 882 503 58974 0 0 1 standing 
10 822 375 875 503 58975 0 0 1 standing 
10 816 375 868 502 58976 0 0 1 standing 
10 809 374 861 502 58977 0 0 1 standing 
10 803 374 854 502 58978 0 0 1 standing 
10 796 373 847 502 58979 0 0 1 standing 
10 790 373 840 502 58980 0 0 0 standing 
10 784 372 834 501 58981 0 0 1 standing 
10 778 372 828 501 58982 0 0 1 standing 
10 772 372 822 501 58983 0 0 1 standing 
10 767 371 817 500 58984 0 0 1 standing 
10 761 371 811 500 58985 0 0 1 standing 
10 755 371 805 500 58986 0 0 1 standing 
10 750 371 800 500 58987 0 0 0 standing 
10 742 370 788 495 58988 0 0 1 standing 
10 734 370 776 490 58989 0 0 1 standing 
11 853 353 914 458 58970 0 0 0 standing 
11 846 352 906 457 58971 0 0 1 standing 
11 840 351 899 456 58972 0 0 1 standing 
11 833 351 891 456 58973 0 0 1 standing 
11 827 350 884 455 58974 0 0 1 standing 
11 820 350 876 455 58975 0 0 1 standing 
11 814 349 869 454 58976 0 0 1 standing 
11 807 348 861 453 58977 0 0 1 standing 
11 801 348 854 453 58978 0 0 1 standing 
11 794 347 846 452 58979 0 0 1 standing 
11 788 347 839 452 58980 0 0 0 standing 
11 781 348 832 452 58981 0 0 1 standing 
11 775 349 825 453 58982 0 0 1 standing 
11 769 350 819 454 58983 0 0 1 standing 
11 762 351 812 454 58984 0 0 1 standing 
11 756 352 806 455 58985 0 0 1 standing 
11 750 353 799 456 58986 0 0 1 standing 
11 744 355 793 457 58987 0 0 0 standing 
11 737 353 786 454 58988 0 0 1 standing 
11 731 351 779 452 58989 0 0 1 standing 
