0 778 452 875 561 25110 0 0 0 moving 
0 774 451 865 559 25111 0 0 1 moving 
0 771 450 855 558 25112 0 0 1 moving 
0 768 449 846 557 25113 0 0 0 moving 
0 763 447 841 557 25114 0 0 1 moving 
0 759 445 836 557 25115 0 0 1 moving 
0 755 443 832 557 25116 0 0 0 moving 
0 751 441 824 555 25117 0 0 1 moving 
0 747 439 816 553 25118 0 0 1 moving 
0 744 437 808 551 25119 0 0 1 moving 
0 740 435 800 549 25120 0 0 1 moving 
0 736 433 792 547 25121 0 0 1 moving 
0 733 432 784 545 25122 0 0 0 moving 
0 725 432 779 544 25123 0 0 1 moving 
0 717 432 774 544 25124 0 0 1 moving 
0 710 433 769 544 25125 0 0 0 moving 
0 707 433 765 544 25126 0 0 1 moving 
0 705 434 762 544 25127 0 0 1 moving 
0 702 434 759 544 25128 0 0 1 moving 
0 700 435 756 544 25129 0 0 0 moving 
1 717 398 773 487 25110 0 0 0 moving 
1 718 397 775 488 25111 0 0 1 waiting 
1 719 396 777 490 25112 0 0 1 waiting 
1 721 395 780 492 25113 0 0 0 waiting 
1 722 393 779 492 25114 0 0 1 waiting 
1 723 391 778 492 25115 0 0 1 waiting 
1 725 390 778 492 25116 0 0 1 waiting 
1 726 388 777 492 25117 0 0 1 waiting 
1 728 387 777 492 25118 0 0 0 waiting 
1 729 385 779 489 25119 0 0 1 waiting 
1 731 383 781 487 25120 0 0 1 waiting 
1 732 381 783 484 25121 0 0 1 waiting 
1 734 380 785 482 25122 0 0 1 waiting 
1 736 378 787 479 25123 0 0 1 waiting 
1 737 376 789 477 25124 0 0 1 waiting 
1 739 374 791 474 25125 0 0 1 waiting 
1 741 373 794 472 25126 0 0 0 waiting 
1 743 371 796 470 25127 0 0 1 waiting 
1 745 370 799 469 25128 0 0 1 waiting 
1 747 369 802 467 25129 0 0 1 waiting 
2 820 361 885 442 25110 0 0 1 waiting 
2 821 360 886 442 25111 0 0 1 standing 
2 822 359 888 442 25112 0 0 1 standing 
2 823 358 889 442 25113 0 0 1 standing 
2 824 357 891 442 25114 0 0 1 standing 
2 825 356 892 441 25115 0 0 1 standing 
2 826 355 893 441 25116 0 0 1 standing 
2 827 354 895 441 25117 0 0 1 standing 
2 828 353 896 441 25118 0 0 1 standing 
2 830 352 898 441 25119 0 0 0 standing 
2 837 351 901 442 25120 0 0 1 standing 
2 845 351 904 443 25121 0 0 1 standing 
2 852 350 907 444 25122 0 0 1 standing 
2 860 350 910 445 25123 0 0 0 standing 
2 863 351 913 447 25124 0 0 1 standing 
2 867 352 917 449 25125 0 0 1 standing 
2 870 354 920 451 25126 0 0 1 standing 
2 874 355 924 453 25127 0 0 1 standing 
2 877 357 927 455 25128 0 0 1 standing 
2 881 358 931 457 25129 0 0 1 standing 
3 788 364 830 454 25110 0 0 1 standing 
3 790 365 833 456 25111 0 0 1 standing 
3 793 367 836 457 25112 0 0 1 standing 
3 796 368 839 458 25113 0 0 1 standing 
3 798 369 842 460 25114 0 0 1 standing 
3 801 371 845 461 25115 0 0 1 standing 
3 804 372 847 462 25116 0 0 1 standing 
3 806 373 850 464 25117 0 0 1 standing 
3 809 374 853 465 25118 0 0 1 standing 
3 812 376 856 466 25119 0 0 1 standing 
3 814 377 859 468 25120 0 0 1 standing 
3 817 378 862 469 25121 0 0 1 standing 
3 820 380 865 471 25122 0 0 0 standing 
3 821 382 866 473 25123 0 0 1 standing 
3 823 384 868 476 25124 0 0 1 standing 
3 825 386 870 479 25125 0 0 1 standing 
3 827 388 872 482 25126 0 0 1 standing 
3 829 390 874 485 25127 0 0 1 standing 
3 831 392 876 488 25128 0 0 1 standing 
3 833 394 878 491 25129 0 0 1 standing 
4 713 366 798 433 25110 0 0 1 standing 
4 718 366 799 432 25111 0 0 1 falling 
4 722 366 800 432 25112 0 0 1 falling 
4 727 366 801 431 25113 0 0 1 falling 
4 731 366 802 430 25114 0 0 1 falling 
4 735 366 803 429 25115 0 0 1 falling 
4 740 366 804 429 25116 0 0 1 falling 
4 744 366 805 428 25117 0 0 1 falling 
4 749 366 806 427 25118 0 0 1 falling 
4 753 366 807 426 25119 0 0 1 falling 
4 758 366 809 426 25120 0 0 0 falling 
4 755 365 808 426 25121 0 0 1 falling 
4 752 365 808 427 25122 0 0 1 falling 
4 749 365 808 427 25123 0 0 1 falling 
4 746 365 807 428 25124 0 0 1 falling 
4 743 365 807 429 25125 0 0 1 falling 
4 740 365 807 429 25126 0 0 1 falling 
4 737 365 806 430 25127 0 0 1 falling 
4 734 365 806 430 25128 0 0 1 falling 
4 731 365 806 431 25129 0 0 1 falling 
5 688 313 737 393 25110 0 0 0 falling 
5 688 314 735 394 25111 0 0 1 moving 
5 688 315 733 395 25112 0 0 1 moving 
5 689 317 732 397 25113 0 0 1 moving 
5 689 318 730 398 25114 0 0 1 moving 
5 690 320 729 400 25115 0 0 0 moving 
5 688 320 729 400 25116 0 0 1 moving 
5 686 320 729 400 25117 0 0 1 moving 
5 684 321 729 400 25118 0 0 1 moving 
5 682 321 729 400 25119 0 0 1 moving 
5 680 322 729 401 25120 0 0 0 moving 
5 679 321 728 403 25121 0 0 1 moving 
5 678 321 727 406 25122 0 0 1 moving 
5 677 321 726 408 25123 0 0 1 moving 
5 676 321 726 411 25124 0 0 0 moving 
5 675 322 723 412 25125 0 0 1 moving 
5 675 323 721 414 25126 0 0 1 moving 
5 675 324 719 416 25127 0 0 1 moving 
5 674 325 716 418 25128 0 0 1 moving 
5 674 326 714 420 25129 0 0 1 moving 
6 348 440 421 555 25110 0 0 1 moving 
6 347 440 417 556 25111 0 0 1 standing 
6 345 440 413 557 25112 0 0 1 standing 
6 344 440 409 558 25113 0 0 1 standing 
6 342 440 405 559 25114 0 0 1 standing 
6 341 441 401 560 25115 0 0 0 standing 
6 336 442 395 561 25116 0 0 1 standing 
6 331 443 390 563 25117 0 0 1 standing 
6 327 444 384 564 25118 0 0 1 standing 
6 322 445 379 566 25119 0 0 1 standing 
6 318 446 374 568 25120 0 0 0 standing 
6 311 445 374 570 25121 0 0 1 standing 
6 304 445 374 572 25122 0 0 1 standing 
6 298 445 374 574 25123 0 0 0 standing 
6 294 445 365 573 25124 0 0 1 standing 
6 291 445 356 573 25125 0 0 1 standing 
6 288 445 347 572 25126 0 0 1 standing 
6 285 445 338 572 25127 0 0 0 standing 
6 278 446 334 574 25128 0 0 1 standing 
6 271 448 330 576 25129 0 0 1 standing 
7 579 426 630 544 25110 0 0 1 standing 
7 579 425 631 544 25111 0 0 1 standing 
7 579 425 632 543 25112 0 0 1 standing 
7 579 425 633 542 25113 0 0 1 standing 
7 580 425 635 542 25114 0 0 0 standing 
7 580 425 635 542 25115 0 0 1 standing 
7 581 425 635 542 25116 0 0 1 standing 
7 582 425 635 542 25117 0 0 1 standing 
7 582 425 635 542 25118 0 0 1 standing 
7 583 425 635 542 25119 0 0 1 standing 
7 584 426 636 543 25120 0 0 0 standing 
7 583 426 637 542 25121 0 0 1 standing 
7 583 426 638 542 25122 0 0 1 standing 
7 583 426 639 541 25123 0 0 1 standing 
7 583 426 640 541 25124 0 0 1 standing 
7 583 426 641 540 25125 0 0 1 standing 
7 583 426 642 540 25126 0 0 1 standing 
7 583 426 643 539 25127 0 0 1 standing 
7 583 426 644 539 25128 0 0 1 standing 
7 583 426 645 538 25129 0 0 1 standing 
8 363 368 412 461 25110 0 1 0 standing 
8 361 370 412 462 25111 0 1 1 digging 
8 360 373 412 464 25112 0 1 1 digging 
8 359 376 412 465 25113 0 1 1 digging 
8 358 379 412 467 25114 0 1 1 digging 
8 357 382 412 469 25115 0 1 0 digging 
8 357 383 413 469 25116 0 1 1 digging 
8 358 385 414 469 25117 0 1 1 digging 
8 359 386 415 470 25118 0 1 1 digging 
8 360 388 416 470 25119 0 1 1 digging 
8 361 389 417 471 25120 0 1 1 digging 
8 362 391 418 471 25121 0 1 1 digging 
8 363 393 420 472 25122 0 1 0 digging 
8 363 390 418 473 25123 0 1 1 digging 
8 363 388 416 474 25124 0 1 1 digging 
8 364 386 415 476 25125 0 1 0 digging 
8 364 390 414 477 25126 0 1 1 digging 
8 364 394 414 479 25127 0 1 1 digging 
8 365 398 414 481 25128 0 1 1 digging 
8 365 402 414 483 25129 0 1 1 digging 
9 307 392 364 496 25110 0 0 1 digging 
9 309 393 369 494 25111 0 0 0 moving 
9 309 393 372 493 25112 0 0 1 moving 
9 309 394 376 493 25113 0 0 1 moving 
9 309 394 380 492 25114 0 0 1 moving 
9 309 395 384 492 25115 0 0 0 moving 
9 309 393 383 492 25116 0 0 1 moving 
9 309 391 382 492 25117 0 0 1 moving 
9 310 389 381 492 25118 0 0 1 moving 
9 310 387 380 492 25119 0 0 1 moving 
9 311 386 380 492 25120 0 0 0 moving 
9 305 384 371 492 25121 0 0 1 moving 
9 300 383 363 493 25122 0 0 1 moving 
9 294 381 355 494 25123 0 0 1 moving 
9 289 380 347 495 25124 0 0 0 moving 
9 284 380 343 496 25125 0 0 1 moving 
9 279 381 340 497 25126 0 0 1 moving 
9 274 381 337 498 25127 0 0 1 moving 
9 269 382 333 499 25128 0 0 1 moving 
9 264 382 330 500 25129 0 0 1 moving 
10 551 392 625 501 25110 0 0 1 moving 
10 546 392 618 500 25111 0 0 1 standing 
10 542 391 611 499 25112 0 0 1 standing 
10 537 391 603 498 25113 0 0 1 standing 
10 532 390 596 497 25114 0 0 1 standing 
10 528 390 589 497 25115 0 0 0 standing 
10 523 389 582 496 25116 0 0 1 standing 
10 519 389 575 496 25117 0 0 1 standing 
10 514 388 569 495 25118 0 0 1 standing 
10 510 388 562 495 25119 0 0 1 standing 
10 506 388 556 495 25120 0 0 0 standing 
10 501 389 553 495 25121 0 0 1 standing 
10 497 390 550 495 25122 0 0 1 standing 
10 492 391 547 495 25123 0 0 1 standing 
10 488 392 544 495 25124 0 0 1 standing 
10 484 393 542 495 25125 0 0 0 standing 
10 482 394 539 495 25126 0 0 1 standing 
10 480 395 536 496 25127 0 0 1 standing 
10 478 397 533 496 25128 0 0 1 standing 
10 476 398 530 497 25129 0 0 1 standing 
11 568 345 635 452 25110 0 0 0 standing 
11 564 343 634 450 25111 0 0 1 moving 
11 561 342 633 449 25112 0 0 1 moving 
11 558 341 632 447 25113 0 0 1 moving 
11 555 340 632 446 25114 0 0 0 moving 
11 552 338 626 443 25115 0 0 1 moving 
11 549 337 621 440 25116 0 0 1 moving 
11 546 336 615 437 25117 0 0 1 moving 
11 543 335 610 434 25118 0 0 0 moving 
11 539 334 607 433 25119 0 0 1 moving 
11 535 333 604 432 25120 0 0 1 moving 
11 531 332 601 431 25121 0 0 1 moving 
11 528 332 599 431 25122 0 0 0 moving 
11 524 331 594 430 25123 0 0 1 moving 
11 521 331 589 430 25124 0 0 1 moving 
11 517 330 585 429 25125 0 0 1 moving 
11 514 330 580 429 25126 0 0 1 moving 
11 511 329 575 428 25127 0 0 1 moving 
11 507 329 571 428 25128 0 0 1 moving 
11 504 328 566 427 25129 0 0 1 moving 
