0 726 286 769 361 22565 0 1 0 falling 
0 714 284 759 359 22566 0 1 1 falling 
0 703 282 750 357 22567 0 1 1 falling 
0 692 281 741 355 22568 0 1 0 falling 
0 682 280 735 353 22569 0 1 1 falling 
0 673 279 729 352 22570 0 1 1 falling 
0 664 278 723 351 22571 0 1 0 falling 
0 659 280 715 355 22572 0 1 1 falling 
0 654 282 708 359 22573 0 1 1 falling 
0 649 285 701 363 22574 0 1 0 falling 
0 647 285 698 363 22575 0 1 1 falling 
0 645 285 695 363 22576 0 1 1 falling 
0 644 285 692 363 22577 0 1 0 falling 
0 643 288 689 361 22578 0 1 1 falling 
0 642 291 687 359 22579 0 1 1 falling 
0 641 295 685 358 22580 0 1 0 falling 
0 640 297 685 359 22581 0 1 1 falling 
0 639 300 686 360 22582 0 1 1 falling 
0 638 303 687 361 22583 0 1 1 falling 
0 637 306 688 362 22584 0 1 1 falling 
1 814 396 872 479 22565 0 0 0 falling 
1 808 396 863 478 22566 0 0 1 digging 
1 802 397 854 477 22567 0 0 1 digging 
1 797 398 846 477 22568 0 0 0 digging 
1 792 394 842 476 22569 0 0 1 digging 
1 788 391 839 475 22570 0 0 1 digging 
1 784 388 836 475 22571 0 0 0 digging 
1 783 383 832 474 22572 0 0 1 digging 
1 782 378 828 474 22573 0 0 1 digging 
1 781 374 825 474 22574 0 0 0 digging 
1 780 369 824 473 22575 0 0 1 digging 
1 780 364 823 473 22576 0 0 1 digging 
1 780 359 823 473 22577 0 0 0 digging 
1 779 357 822 472 22578 0 0 1 digging 
1 779 355 822 472 22579 0 0 1 digging 
1 779 353 822 472 22580 0 0 0 digging 
1 778 353 821 469 22581 0 0 1 digging 
1 778 353 821 467 22582 0 0 1 digging 
1 778 353 821 465 22583 0 0 0 digging 
1 778 353 821 465 22584 0 0 1 digging 
2 892 298 956 403 22565 0 0 0 digging 
2 884 296 948 401 22566 0 0 1 standing 
2 877 294 941 399 22567 0 0 1 standing 
2 870 292 934 397 22568 0 0 0 standing 
2 864 290 930 394 22569 0 0 1 standing 
2 859 288 926 392 22570 0 0 1 standing 
2 854 286 923 390 22571 0 0 0 standing 
2 851 283 920 388 22572 0 0 1 standing 
2 848 280 917 386 22573 0 0 1 standing 
2 845 278 914 385 22574 0 0 0 standing 
2 846 276 912 384 22575 0 0 1 standing 
2 847 274 911 383 22576 0 0 1 standing 
2 848 273 909 382 22577 0 0 1 standing 
2 849 271 908 381 22578 0 0 1 standing 
2 850 269 906 380 22579 0 0 1 standing 
2 851 268 905 380 22580 0 0 0 standing 
2 853 269 907 381 22581 0 0 1 standing 
2 856 271 910 383 22582 0 0 1 standing 
2 858 272 912 384 22583 0 0 1 standing 
2 861 274 915 386 22584 0 0 1 standing 
3 579 380 666 498 22565 0 0 0 standing 
3 573 380 664 498 22566 0 0 1 standing 
3 567 380 662 498 22567 0 0 1 standing 
3 562 381 661 499 22568 0 0 0 standing 
3 564 380 657 498 22569 0 0 1 standing 
3 567 379 653 497 22570 0 0 1 standing 
3 570 378 650 496 22571 0 0 0 standing 
3 580 377 652 495 22572 0 0 1 standing 
3 591 376 654 494 22573 0 0 1 standing 
3 602 376 656 494 22574 0 0 0 standing 
3 600 375 658 495 22575 0 0 1 standing 
3 598 374 660 496 22576 0 0 1 standing 
3 596 373 663 497 22577 0 0 0 standing 
3 599 376 674 498 22578 0 0 1 standing 
3 603 379 685 500 22579 0 0 1 standing 
3 607 383 696 502 22580 0 0 0 standing 
3 616 383 698 505 22581 0 0 1 standing 
3 626 383 701 508 22582 0 0 1 standing 
3 636 383 704 511 22583 0 0 1 standing 
3 646 383 707 514 22584 0 0 1 standing 
4 549 260 579 388 22565 0 0 0 standing 
4 544 267 574 387 22566 0 0 1 standing 
4 540 275 569 387 22567 0 0 1 standing 
4 536 283 565 387 22568 0 0 0 standing 
4 532 282 561 386 22569 0 0 1 standing 
4 528 281 557 385 22570 0 0 1 standing 
4 524 280 553 384 22571 0 0 0 standing 
4 520 280 549 384 22572 0 0 1 standing 
4 516 280 545 384 22573 0 0 1 standing 
4 513 280 542 384 22574 0 0 0 standing 
4 511 280 540 384 22575 0 0 1 standing 
4 510 280 539 384 22576 0 0 1 standing 
4 509 280 538 384 22577 0 0 0 standing 
4 506 279 540 384 22578 0 0 1 standing 
4 503 278 542 385 22579 0 0 1 standing 
4 501 278 544 386 22580 0 0 0 standing 
4 501 278 544 386 22581 0 0 1 standing 
4 501 278 544 386 22582 0 0 1 standing 
4 501 278 544 386 22583 0 0 1 standing 
4 501 278 544 386 22584 0 0 1 standing 
5 558 260 614 359 22565 0 0 0 standing 
5 554 259 609 358 22566 0 0 1 standing 
5 550 258 604 357 22567 0 0 1 standing 
5 546 258 600 356 22568 0 0 0 standing 
5 546 259 596 355 22569 0 0 1 standing 
5 546 261 592 355 22570 0 0 1 standing 
5 546 263 589 355 22571 0 0 0 standing 
5 542 264 585 358 22572 0 0 1 standing 
5 538 265 581 361 22573 0 0 1 standing 
5 534 266 578 364 22574 0 0 0 standing 
5 533 265 579 363 22575 0 0 1 standing 
5 533 265 581 363 22576 0 0 1 standing 
5 533 265 582 363 22577 0 0 1 standing 
5 533 265 584 363 22578 0 0 1 standing 
5 533 265 585 363 22579 0 0 1 standing 
5 533 265 587 363 22580 0 0 0 standing 
5 532 266 587 365 22581 0 0 1 standing 
5 532 268 587 367 22582 0 0 1 standing 
5 531 270 587 369 22583 0 0 1 standing 
5 531 272 587 371 22584 0 0 1 standing 
6 492 311 553 415 22565 0 0 0 standing 
6 489 310 544 414 22566 0 0 1 standing 
6 486 310 536 414 22567 0 0 1 standing 
6 483 310 528 414 22568 0 0 0 standing 
6 479 309 524 413 22569 0 0 1 standing 
6 475 308 520 412 22570 0 0 1 standing 
6 472 308 517 412 22571 0 0 0 standing 
6 463 308 512 412 22572 0 0 1 standing 
6 454 309 508 413 22573 0 0 1 standing 
6 446 310 504 414 22574 0 0 0 standing 
6 443 311 503 415 22575 0 0 1 standing 
6 440 312 502 416 22576 0 0 1 standing 
6 437 314 501 418 22577 0 0 0 standing 
6 436 315 500 419 22578 0 0 1 standing 
6 435 316 499 420 22579 0 0 1 standing 
6 434 317 498 421 22580 0 0 0 standing 
6 430 317 490 421 22581 0 0 1 standing 
6 427 318 483 421 22582 0 0 1 standing 
6 424 318 476 422 22583 0 0 1 standing 
6 421 319 469 422 22584 0 0 1 standing 
7 486 283 532 369 22565 0 0 0 standing 
7 483 286 526 373 22566 0 0 1 falling 
7 481 289 520 377 22567 0 0 1 falling 
7 479 293 514 381 22568 0 0 0 falling 
7 475 296 510 384 22569 0 0 1 falling 
7 472 299 507 387 22570 0 0 1 falling 
7 469 302 504 390 22571 0 0 0 falling 
7 460 300 498 388 22572 0 0 1 falling 
7 452 298 492 386 22573 0 0 1 falling 
7 444 297 487 384 22574 0 0 0 falling 
7 444 297 487 385 22575 0 0 1 falling 
7 444 298 487 386 22576 0 0 1 falling 
7 444 299 487 388 22577 0 0 0 falling 
7 444 299 487 388 22578 0 0 1 falling 
7 445 299 488 388 22579 0 0 1 falling 
7 446 299 489 388 22580 0 0 1 falling 
7 447 299 490 388 22581 0 0 1 falling 
7 448 299 491 388 22582 0 0 1 falling 
7 449 299 492 388 22583 0 0 1 falling 
7 450 299 493 388 22584 0 0 1 falling 
8 403 244 467 339 22565 0 0 0 falling 
8 403 244 463 338 22566 0 0 1 standing 
8 403 244 460 338 22567 0 0 1 standing 
8 403 244 457 338 22568 0 0 0 standing 
8 404 244 453 338 22569 0 0 1 standing 
8 405 245 449 338 22570 0 0 1 standing 
8 407 246 446 339 22571 0 0 0 standing 
8 408 246 446 339 22572 0 0 1 standing 
8 409 246 447 339 22573 0 0 1 standing 
8 411 247 448 340 22574 0 0 1 standing 
8 412 247 448 340 22575 0 0 1 standing 
8 414 248 449 341 22576 0 0 1 standing 
8 415 248 450 341 22577 0 0 1 standing 
8 417 249 450 342 22578 0 0 1 standing 
8 418 249 451 342 22579 0 0 1 standing 
8 420 250 452 343 22580 0 0 0 standing 
8 421 251 453 344 22581 0 0 1 standing 
8 423 252 455 345 22582 0 0 1 standing 
8 425 253 457 346 22583 0 0 1 standing 
8 427 254 459 347 22584 0 0 1 standing 
9 353 413 423 534 22565 0 0 0 standing 
9 356 409 419 533 22566 0 0 1 standing 
9 359 406 415 532 22567 0 0 1 standing 
9 362 403 411 531 22568 0 0 0 standing 
9 361 400 413 528 22569 0 0 1 standing 
9 361 397 415 525 22570 0 0 1 standing 
9 361 395 418 523 22571 0 0 0 standing 
9 357 396 422 523 22572 0 0 1 standing 
9 354 398 426 523 22573 0 0 1 standing 
9 351 400 430 523 22574 0 0 0 standing 
9 355 399 432 522 22575 0 0 1 standing 
9 359 398 434 521 22576 0 0 1 standing 
9 363 398 436 521 22577 0 0 0 standing 
9 371 396 436 517 22578 0 0 1 standing 
9 379 394 437 513 22579 0 0 1 standing 
9 388 393 438 510 22580 0 0 0 standing 
9 392 391 445 509 22581 0 0 1 standing 
9 397 390 452 508 22582 0 0 1 standing 
9 401 389 459 508 22583 0 0 1 standing 
9 406 388 466 507 22584 0 0 1 standing 
10 312 329 369 438 22565 0 0 0 standing 
10 312 329 373 438 22566 0 0 1 standing 
10 312 329 377 438 22567 0 0 1 standing 
10 312 329 382 438 22568 0 0 0 standing 
10 308 329 378 435 22569 0 0 1 standing 
10 304 329 374 432 22570 0 0 1 standing 
10 301 330 370 429 22571 0 0 0 standing 
10 299 330 368 429 22572 0 0 1 standing 
10 297 330 366 429 22573 0 0 1 standing 
10 296 330 365 429 22574 0 0 0 standing 
10 292 330 361 427 22575 0 0 1 standing 
10 289 330 358 425 22576 0 0 1 standing 
10 286 330 355 424 22577 0 0 0 standing 
10 287 330 355 426 22578 0 0 1 standing 
10 288 331 356 428 22579 0 0 1 standing 
10 289 332 357 430 22580 0 0 0 standing 
10 287 330 356 429 22581 0 0 1 standing 
10 285 329 356 429 22582 0 0 1 standing 
10 284 327 355 428 22583 0 0 1 standing 
10 282 326 355 428 22584 0 0 1 standing 
11 128 356 172 450 22565 0 0 0 standing 
11 124 353 171 449 22566 0 0 1 standing 
11 120 351 170 448 22567 0 0 1 standing 
11 116 349 169 448 22568 0 0 0 standing 
11 113 347 168 449 22569 0 0 1 standing 
11 110 345 167 450 22570 0 0 1 standing 
11 108 343 167 451 22571 0 0 0 standing 
11 109 339 167 448 22572 0 0 1 standing 
11 110 335 167 446 22573 0 0 1 standing 
11 111 331 168 444 22574 0 0 0 standing 
11 114 327 166 440 22575 0 0 1 standing 
11 118 323 164 436 22576 0 0 1 standing 
11 122 320 162 433 22577 0 0 0 standing 
11 121 319 163 432 22578 0 0 1 standing 
11 121 318 164 431 22579 0 0 1 standing 
11 121 318 165 431 22580 0 0 0 standing 
11 126 318 168 429 22581 0 0 1 standing 
11 131 318 172 428 22582 0 0 1 standing 
11 136 319 175 427 22583 0 0 1 standing 
11 141 319 179 426 22584 0 0 1 standing 
