0 519 391 585 551 43035 0 1 0 setting 
0 520 387 585 548 43036 0 1 1 setting 
0 522 383 586 545 43037 0 1 1 setting 
0 524 379 586 542 43038 0 1 1 setting 
0 526 376 587 540 43039 0 1 1 setting 
0 528 372 587 537 43040 0 1 1 setting 
0 530 368 588 534 43041 0 1 1 setting 
0 532 365 588 532 43042 0 1 1 setting 
0 534 361 589 529 43043 0 1 1 setting 
0 536 357 589 526 43044 0 1 1 setting 
0 538 354 590 524 43045 0 1 0 setting 
0 539 360 592 527 43046 0 1 1 setting 
0 540 366 594 530 43047 0 1 1 setting 
0 542 373 596 533 43048 0 1 1 setting 
0 543 379 599 537 43049 0 1 1 setting 
0 545 386 601 540 43050 0 1 1 setting 
0 546 392 603 543 43051 0 1 1 setting 
0 547 398 606 547 43052 0 1 1 setting 
0 549 405 608 550 43053 0 1 1 setting 
0 550 411 610 553 43054 0 1 1 setting 
1 298 449 402 628 43035 0 1 0 setting 
1 292 452 400 630 43036 0 1 1 moving 
1 286 456 399 632 43037 0 1 1 moving 
1 281 459 398 634 43038 0 1 1 moving 
1 275 463 397 636 43039 0 1 1 moving 
1 269 466 396 638 43040 0 1 1 moving 
1 264 470 395 640 43041 0 1 0 moving 
1 268 470 395 639 43042 0 1 1 moving 
1 272 470 395 638 43043 0 1 1 moving 
1 276 470 395 637 43044 0 1 1 moving 
1 281 471 395 636 43045 0 1 0 moving 
1 289 471 398 635 43046 0 1 1 moving 
1 297 471 401 635 43047 0 1 1 moving 
1 306 472 404 635 43048 0 1 0 moving 
1 310 471 412 634 43049 0 1 1 moving 
1 314 470 420 633 43050 0 1 1 moving 
1 319 469 429 632 43051 0 1 1 moving 
1 323 468 437 631 43052 0 1 1 moving 
1 328 467 446 630 43053 0 1 1 moving 
1 332 466 454 629 43054 0 1 1 moving 
2 392 387 481 502 43035 0 1 0 moving 
2 400 386 486 501 43036 0 1 1 standing 
2 409 385 491 501 43037 0 1 1 standing 
2 417 384 496 501 43038 0 1 1 standing 
2 426 383 502 501 43039 0 1 1 standing 
2 435 383 507 501 43040 0 1 1 standing 
2 443 382 512 501 43041 0 1 1 standing 
2 452 381 518 501 43042 0 1 1 standing 
2 460 380 523 501 43043 0 1 1 standing 
2 469 379 528 501 43044 0 1 1 standing 
2 478 379 534 501 43045 0 1 0 standing 
2 479 372 536 506 43046 0 1 1 standing 
2 480 365 538 511 43047 0 1 1 standing 
2 482 358 540 517 43048 0 1 0 standing 
2 483 352 542 508 43049 0 1 1 standing 
2 484 347 545 499 43050 0 1 1 standing 
2 485 342 547 490 43051 0 1 1 standing 
2 486 336 550 481 43052 0 1 1 standing 
2 487 331 552 472 43053 0 1 1 standing 
2 488 326 555 463 43054 0 1 1 standing 
3 124 392 222 524 43035 0 1 0 standing 
3 127 392 225 524 43036 0 1 1 moving 
3 130 393 228 524 43037 0 1 1 moving 
3 134 394 231 524 43038 0 1 1 moving 
3 137 395 235 524 43039 0 1 1 moving 
3 141 396 238 524 43040 0 1 1 moving 
3 144 397 241 524 43041 0 1 1 moving 
3 147 398 245 524 43042 0 1 1 moving 
3 151 399 248 524 43043 0 1 1 moving 
3 154 400 251 524 43044 0 1 1 moving 
3 158 401 255 525 43045 0 1 0 moving 
3 162 399 259 525 43046 0 1 1 moving 
3 167 397 263 525 43047 0 1 1 moving 
3 172 396 268 526 43048 0 1 0 moving 
3 173 398 276 527 43049 0 1 1 moving 
3 174 400 284 528 43050 0 1 1 moving 
3 176 403 293 529 43051 0 1 0 moving 
3 187 402 293 528 43052 0 1 1 moving 
3 198 402 293 527 43053 0 1 1 moving 
3 209 402 293 526 43054 0 1 1 moving 
4 265 420 332 570 43035 0 0 0 moving 
4 266 420 332 569 43036 0 0 1 standing 
4 268 420 332 569 43037 0 0 1 standing 
4 270 420 332 569 43038 0 0 1 standing 
4 272 420 332 569 43039 0 0 1 standing 
4 274 420 332 569 43040 0 0 1 standing 
4 275 420 332 569 43041 0 0 1 standing 
4 277 420 332 569 43042 0 0 1 standing 
4 279 420 332 569 43043 0 0 1 standing 
4 281 420 332 569 43044 0 0 1 standing 
4 283 420 332 569 43045 0 0 0 standing 
4 285 421 340 568 43046 0 0 1 standing 
4 288 422 348 567 43047 0 0 1 standing 
4 291 423 357 567 43048 0 0 0 standing 
4 292 423 360 567 43049 0 0 1 standing 
4 293 424 363 567 43050 0 0 1 standing 
4 294 425 366 567 43051 0 0 1 standing 
4 295 426 370 567 43052 0 0 1 standing 
4 296 427 373 567 43053 0 0 1 standing 
4 297 428 376 567 43054 0 0 1 standing 
5 336 332 416 429 43035 0 1 0 standing 
5 340 331 418 428 43036 0 1 1 moving 
5 344 331 421 428 43037 0 1 1 moving 
5 348 330 424 427 43038 0 1 1 moving 
5 352 330 426 427 43039 0 1 1 moving 
5 356 330 429 426 43040 0 1 1 moving 
5 360 329 432 426 43041 0 1 1 moving 
5 364 329 434 425 43042 0 1 1 moving 
5 368 328 437 425 43043 0 1 1 moving 
5 372 328 440 424 43044 0 1 1 moving 
5 377 328 443 424 43045 0 1 0 moving 
5 376 324 447 427 43046 0 1 1 moving 
5 376 320 452 430 43047 0 1 1 moving 
5 376 317 457 434 43048 0 1 0 moving 
5 384 317 463 434 43049 0 1 1 moving 
5 392 318 469 434 43050 0 1 1 moving 
5 400 319 475 434 43051 0 1 1 moving 
5 409 319 481 435 43052 0 1 1 moving 
5 417 320 487 435 43053 0 1 1 moving 
5 425 321 493 435 43054 0 1 1 moving 
6 659 445 712 608 43035 0 0 0 moving 
6 658 444 711 607 43036 0 0 1 standing 
6 658 444 711 606 43037 0 0 1 standing 
6 657 444 710 605 43038 0 0 1 standing 
6 657 443 710 604 43039 0 0 1 standing 
6 657 443 710 604 43040 0 0 1 standing 
6 656 443 709 603 43041 0 0 1 standing 
6 656 442 709 602 43042 0 0 1 standing 
6 656 442 708 601 43043 0 0 1 standing 
6 655 442 708 600 43044 0 0 1 standing 
6 655 442 708 600 43045 0 0 1 standing 
6 655 441 707 599 43046 0 0 1 standing 
6 654 441 707 598 43047 0 0 1 standing 
6 654 441 706 597 43048 0 0 1 standing 
6 654 440 706 596 43049 0 0 1 standing 
6 653 440 706 596 43050 0 0 1 standing 
6 653 440 705 595 43051 0 0 1 standing 
6 653 439 705 594 43052 0 0 1 standing 
6 652 439 704 593 43053 0 0 1 standing 
6 652 439 704 592 43054 0 0 1 standing 
7 651 386 710 523 43035 0 0 0 standing 
7 650 384 708 522 43036 0 0 1 standing 
7 650 382 707 522 43037 0 0 1 standing 
7 649 381 706 522 43038 0 0 1 standing 
7 649 379 705 522 43039 0 0 1 standing 
7 648 377 704 522 43040 0 0 1 standing 
7 648 376 703 522 43041 0 0 1 standing 
7 647 374 702 522 43042 0 0 1 standing 
7 647 372 701 522 43043 0 0 1 standing 
7 646 371 700 522 43044 0 0 1 standing 
7 646 369 699 522 43045 0 0 1 standing 
7 646 367 698 522 43046 0 0 1 standing 
7 645 366 697 522 43047 0 0 1 standing 
7 645 364 696 522 43048 0 0 1 standing 
7 644 362 695 522 43049 0 0 1 standing 
7 644 361 694 522 43050 0 0 1 standing 
7 643 359 693 522 43051 0 0 1 standing 
7 643 357 692 522 43052 0 0 1 standing 
7 642 356 691 522 43053 0 0 1 standing 
7 642 354 690 522 43054 0 0 1 standing 
8 658 349 710 481 43035 0 0 0 standing 
8 657 348 709 480 43036 0 0 1 standing 
8 657 348 709 480 43037 0 0 1 standing 
8 657 348 709 480 43038 0 0 1 standing 
8 657 348 708 480 43039 0 0 1 standing 
8 657 348 708 479 43040 0 0 1 standing 
8 657 347 708 479 43041 0 0 1 standing 
8 657 347 707 479 43042 0 0 1 standing 
8 657 347 707 479 43043 0 0 1 standing 
8 657 347 707 478 43044 0 0 1 standing 
8 657 347 707 478 43045 0 0 1 standing 
8 656 346 706 478 43046 0 0 1 standing 
8 656 346 706 478 43047 0 0 1 standing 
8 656 346 706 477 43048 0 0 1 standing 
8 656 346 705 477 43049 0 0 1 standing 
8 656 346 705 477 43050 0 0 1 standing 
8 656 345 705 477 43051 0 0 1 standing 
8 656 345 704 476 43052 0 0 1 standing 
8 656 345 704 476 43053 0 0 1 standing 
8 656 345 704 476 43054 0 0 1 standing 
9 954 474 1025 608 43035 0 0 0 standing 
9 955 473 1027 607 43036 0 0 1 waiting 
9 957 473 1030 607 43037 0 0 1 waiting 
9 958 473 1032 607 43038 0 0 1 waiting 
9 960 473 1035 607 43039 0 0 1 waiting 
9 961 473 1037 607 43040 0 0 1 waiting 
9 963 473 1040 606 43041 0 0 1 waiting 
9 964 473 1042 606 43042 0 0 1 waiting 
9 966 473 1045 606 43043 0 0 1 waiting 
9 967 473 1047 606 43044 0 0 1 waiting 
9 969 473 1050 606 43045 0 0 0 waiting 
9 970 474 1051 607 43046 0 0 1 waiting 
9 971 475 1052 608 43047 0 0 1 waiting 
9 972 477 1053 609 43048 0 0 1 waiting 
9 973 478 1054 610 43049 0 0 1 waiting 
9 974 480 1055 611 43050 0 0 1 waiting 
9 975 481 1056 612 43051 0 0 1 waiting 
9 976 482 1057 613 43052 0 0 1 waiting 
9 977 484 1058 614 43053 0 0 1 waiting 
9 978 485 1059 615 43054 0 0 1 waiting 
10 951 350 1002 469 43035 0 0 0 waiting 
10 950 350 1002 469 43036 0 0 1 standing 
10 949 351 1002 469 43037 0 0 1 standing 
10 948 351 1003 469 43038 0 0 1 standing 
10 948 352 1003 469 43039 0 0 1 standing 
10 947 352 1004 469 43040 0 0 1 standing 
10 946 353 1004 469 43041 0 0 1 standing 
10 946 353 1004 469 43042 0 0 1 standing 
10 945 354 1005 469 43043 0 0 1 standing 
10 944 354 1005 469 43044 0 0 1 standing 
10 944 355 1006 469 43045 0 0 1 standing 
10 943 356 1006 469 43046 0 0 1 standing 
10 942 356 1006 469 43047 0 0 1 standing 
10 941 357 1007 469 43048 0 0 1 standing 
10 941 357 1007 469 43049 0 0 1 standing 
10 940 358 1008 469 43050 0 0 1 standing 
10 939 358 1008 469 43051 0 0 1 standing 
10 939 359 1008 469 43052 0 0 1 standing 
10 938 359 1009 469 43053 0 0 1 standing 
10 937 360 1009 469 43054 0 0 1 standing 
11 1091 381 1144 531 43035 0 0 0 standing 
11 1091 381 1145 530 43036 0 0 1 standing 
11 1091 381 1146 530 43037 0 0 1 standing 
11 1091 381 1147 530 43038 0 0 1 standing 
11 1091 381 1148 530 43039 0 0 1 standing 
11 1091 381 1149 530 43040 0 0 1 standing 
11 1091 381 1150 530 43041 0 0 1 standing 
11 1091 381 1151 530 43042 0 0 1 standing 
11 1091 381 1152 530 43043 0 0 1 standing 
11 1091 381 1153 530 43044 0 0 1 standing 
11 1091 381 1154 530 43045 0 0 0 standing 
11 1090 382 1153 530 43046 0 0 1 standing 
11 1090 383 1152 530 43047 0 0 1 standing 
11 1090 384 1151 530 43048 0 0 1 standing 
11 1090 386 1150 530 43049 0 0 1 standing 
11 1090 387 1149 530 43050 0 0 1 standing 
11 1089 388 1148 530 43051 0 0 1 standing 
11 1089 390 1147 530 43052 0 0 1 standing 
11 1089 391 1146 530 43053 0 0 1 standing 
11 1089 392 1145 530 43054 0 0 1 standing 
