0 967 362 1052 462 26345 0 1 0 falling 
0 952 362 1039 461 26346 0 1 1 falling 
0 937 362 1027 461 26347 0 1 1 falling 
0 922 362 1014 461 26348 0 1 1 falling 
0 908 362 1002 461 26349 0 1 1 falling 
0 893 362 989 461 26350 0 1 1 falling 
0 878 362 977 461 26351 0 1 1 falling 
0 864 362 964 461 26352 0 1 1 falling 
0 849 362 952 461 26353 0 1 1 falling 
0 834 362 939 461 26354 0 1 1 falling 
0 820 362 927 461 26355 0 1 0 falling 
0 805 361 912 460 26356 0 1 1 falling 
0 791 360 898 459 26357 0 1 1 falling 
0 777 360 884 459 26358 0 1 1 falling 
0 763 359 870 458 26359 0 1 1 falling 
0 749 359 856 458 26360 0 1 0 falling 
0 745 359 852 458 26361 0 1 1 falling 
0 741 359 848 458 26362 0 1 1 falling 
0 737 359 844 458 26363 0 1 1 falling 
0 733 359 840 458 26364 0 1 1 falling 
1 1159 390 1234 532 26345 0 0 0 falling 
1 1144 389 1219 531 26346 0 0 1 standing 
1 1129 389 1204 531 26347 0 0 1 standing 
1 1115 389 1190 531 26348 0 0 0 standing 
1 1099 387 1174 529 26349 0 0 1 standing 
1 1083 385 1158 527 26350 0 0 1 standing 
1 1067 383 1142 526 26351 0 0 0 standing 
1 1049 375 1124 522 26352 0 0 1 standing 
1 1032 367 1107 519 26353 0 0 1 standing 
1 1015 360 1090 516 26354 0 0 0 standing 
1 1006 363 1072 517 26355 0 0 1 standing 
1 997 367 1055 518 26356 0 0 1 standing 
1 988 371 1038 519 26357 0 0 0 standing 
1 975 371 1025 519 26358 0 0 1 standing 
1 962 371 1012 519 26359 0 0 1 standing 
1 950 372 1000 520 26360 0 0 0 standing 
1 945 368 996 518 26361 0 0 1 standing 
1 941 365 992 517 26362 0 0 1 standing 
1 937 361 988 516 26363 0 0 1 standing 
1 933 358 984 515 26364 0 0 1 standing 
2 1023 471 1085 622 26345 0 0 0 standing 
2 1006 470 1068 621 26346 0 0 1 standing 
2 989 469 1052 620 26347 0 0 1 standing 
2 973 468 1036 619 26348 0 0 0 standing 
2 957 464 1020 615 26349 0 0 1 standing 
2 941 460 1004 611 26350 0 0 1 standing 
2 926 457 989 608 26351 0 0 0 standing 
2 909 455 972 609 26352 0 0 1 standing 
2 893 453 956 610 26353 0 0 1 standing 
2 877 451 940 611 26354 0 0 0 standing 
2 862 449 923 609 26355 0 0 1 standing 
2 848 448 906 607 26356 0 0 1 standing 
2 834 447 889 606 26357 0 0 0 standing 
2 821 444 876 606 26358 0 0 1 standing 
2 808 442 863 606 26359 0 0 1 standing 
2 795 440 850 607 26360 0 0 0 standing 
2 791 439 846 606 26361 0 0 1 standing 
2 787 439 842 606 26362 0 0 1 standing 
2 783 439 838 606 26363 0 0 1 standing 
2 779 439 834 606 26364 0 0 1 standing 
3 732 384 819 522 26345 0 0 0 standing 
3 718 386 805 524 26346 0 0 1 standing 
3 704 388 791 527 26347 0 0 1 standing 
3 691 391 778 530 26348 0 0 0 standing 
3 673 389 764 528 26349 0 0 1 standing 
3 655 387 750 526 26350 0 0 1 standing 
3 637 385 736 524 26351 0 0 0 standing 
3 620 385 719 524 26352 0 0 1 standing 
3 603 386 702 525 26353 0 0 1 standing 
3 587 387 686 526 26354 0 0 0 standing 
3 571 385 670 524 26355 0 0 1 standing 
3 555 383 654 522 26356 0 0 1 standing 
3 540 381 639 520 26357 0 0 0 standing 
3 530 379 623 518 26358 0 0 1 standing 
3 521 378 607 517 26359 0 0 1 standing 
3 512 377 591 516 26360 0 0 0 standing 
3 513 373 581 512 26361 0 0 1 standing 
3 514 369 571 508 26362 0 0 1 standing 
3 515 365 562 504 26363 0 0 0 standing 
3 515 365 562 504 26364 0 0 1 standing 
4 685 355 738 574 26345 0 0 0 standing 
4 675 371 728 581 26346 0 0 1 standing 
4 666 388 718 588 26347 0 0 1 standing 
4 657 405 708 596 26348 0 0 0 standing 
4 644 407 695 598 26349 0 0 1 standing 
4 631 409 682 600 26350 0 0 1 standing 
4 618 411 669 602 26351 0 0 0 standing 
4 604 411 655 598 26352 0 0 1 standing 
4 590 411 641 594 26353 0 0 1 standing 
4 576 412 627 590 26354 0 0 0 standing 
4 557 416 608 590 26355 0 0 1 standing 
4 539 420 590 590 26356 0 0 1 standing 
4 521 425 572 591 26357 0 0 0 standing 
4 508 423 559 589 26358 0 0 1 standing 
4 495 422 546 588 26359 0 0 1 standing 
4 483 421 534 587 26360 0 0 0 standing 
4 477 422 528 588 26361 0 0 1 standing 
4 472 423 523 589 26362 0 0 1 standing 
4 467 425 518 591 26363 0 0 0 standing 
4 467 425 518 591 26364 0 0 1 standing 
5 696 393 745 553 26345 0 0 0 standing 
5 684 393 732 553 26346 0 0 1 standing 
5 672 393 719 553 26347 0 0 1 standing 
5 660 394 707 553 26348 0 0 0 standing 
5 646 397 693 556 26349 0 0 1 standing 
5 633 400 680 559 26350 0 0 1 standing 
5 620 404 667 563 26351 0 0 0 standing 
5 604 402 653 560 26352 0 0 1 standing 
5 589 400 639 558 26353 0 0 1 standing 
5 574 398 626 556 26354 0 0 0 standing 
5 561 402 613 560 26355 0 0 1 standing 
5 548 407 600 565 26356 0 0 1 standing 
5 535 412 587 570 26357 0 0 0 standing 
5 523 413 574 573 26358 0 0 1 standing 
5 511 415 562 577 26359 0 0 1 standing 
5 500 417 550 581 26360 0 0 0 standing 
5 496 415 551 579 26361 0 0 1 standing 
5 493 414 553 577 26362 0 0 1 standing 
5 490 412 555 576 26363 0 0 1 standing 
5 487 411 557 574 26364 0 0 1 standing 
6 208 424 274 563 26345 0 0 0 standing 
6 194 422 259 564 26346 0 0 1 standing 
6 180 421 244 566 26347 0 0 1 standing 
6 166 420 229 568 26348 0 0 0 standing 
6 152 416 215 568 26349 0 0 1 standing 
6 138 412 201 569 26350 0 0 1 standing 
6 125 408 188 570 26351 0 0 0 standing 
6 108 404 171 570 26352 0 0 1 standing 
6 91 400 154 570 26353 0 0 1 standing 
6 75 397 138 571 26354 0 0 0 standing 
6 57 397 120 572 26355 0 0 1 standing 
6 40 398 103 573 26356 0 0 1 standing 
6 23 399 86 574 26357 0 0 0 standing 
6 15 400 77 575 26358 0 0 1 standing 
6 7 401 68 576 26359 0 0 1 standing 
6 0 402 60 577 26360 0 0 0 standing 
6 0 405 57 577 26361 0 0 1 standing 
6 0 408 55 577 26362 0 0 1 standing 
6 0 411 52 577 26363 0 0 1 standing 
6 0 414 50 577 26364 0 0 1 standing 
7 401 397 468 524 26345 0 0 0 standing 
7 386 396 453 523 26346 0 0 1 standing 
7 371 396 438 523 26347 0 0 1 standing 
7 356 396 423 523 26348 0 0 0 standing 
7 342 394 408 524 26349 0 0 1 standing 
7 328 392 394 525 26350 0 0 1 standing 
7 314 391 380 526 26351 0 0 0 standing 
7 297 390 367 525 26352 0 0 1 standing 
7 281 389 354 524 26353 0 0 1 standing 
7 265 389 341 524 26354 0 0 0 standing 
7 248 389 321 525 26355 0 0 1 standing 
7 231 389 301 526 26356 0 0 1 standing 
7 214 390 281 528 26357 0 0 0 standing 
7 200 388 269 529 26358 0 0 1 standing 
7 186 386 257 530 26359 0 0 1 standing 
7 172 385 246 532 26360 0 0 0 standing 
7 164 385 238 532 26361 0 0 1 standing 
7 157 385 231 532 26362 0 0 1 standing 
7 150 385 224 532 26363 0 0 0 standing 
7 150 385 224 532 26364 0 0 1 standing 
8 470 412 526 564 26345 0 0 0 standing 
8 454 412 510 564 26346 0 0 1 standing 
8 438 412 494 564 26347 0 0 1 standing 
8 423 413 479 565 26348 0 0 0 standing 
8 408 413 464 565 26349 0 0 1 standing 
8 393 413 449 565 26350 0 0 1 standing 
8 379 413 435 565 26351 0 0 0 standing 
8 360 412 416 566 26352 0 0 1 standing 
8 341 411 397 567 26353 0 0 1 standing 
8 323 410 378 568 26354 0 0 0 standing 
8 305 409 360 567 26355 0 0 1 standing 
8 287 408 342 566 26356 0 0 1 standing 
8 270 408 325 566 26357 0 0 0 standing 
8 253 409 312 567 26358 0 0 1 standing 
8 236 411 299 569 26359 0 0 1 standing 
8 220 413 286 571 26360 0 0 0 standing 
8 213 413 281 571 26361 0 0 1 standing 
8 206 413 277 571 26362 0 0 1 standing 
8 199 413 272 571 26363 0 0 1 standing 
8 192 413 268 571 26364 0 0 1 standing 
9 519 337 579 468 26345 0 0 0 standing 
9 510 335 569 466 26346 0 0 1 standing 
9 501 334 560 465 26347 0 0 1 standing 
9 492 333 551 464 26348 0 0 0 standing 
9 477 334 538 468 26349 0 0 1 standing 
9 462 335 526 472 26350 0 0 1 standing 
9 448 337 514 476 26351 0 0 0 standing 
9 432 336 498 477 26352 0 0 1 standing 
9 416 335 482 478 26353 0 0 1 standing 
9 400 335 466 479 26354 0 0 0 standing 
9 384 336 450 479 26355 0 0 1 standing 
9 369 337 435 480 26356 0 0 1 standing 
9 354 338 420 481 26357 0 0 0 standing 
9 342 338 408 481 26358 0 0 1 standing 
9 330 338 396 481 26359 0 0 1 standing 
9 318 339 384 482 26360 0 0 0 standing 
9 308 339 378 482 26361 0 0 1 standing 
9 298 340 373 482 26362 0 0 1 standing 
9 289 340 367 483 26363 0 0 1 standing 
9 279 341 362 483 26364 0 0 1 standing 
10 564 426 675 600 26345 0 0 0 standing 
10 564 432 663 599 26346 0 0 1 standing 
10 565 438 651 599 26347 0 0 1 standing 
10 566 444 640 599 26348 0 0 0 standing 
10 558 444 630 599 26349 0 0 1 standing 
10 550 444 620 599 26350 0 0 1 standing 
10 543 445 610 600 26351 0 0 0 standing 
10 527 442 594 598 26352 0 0 1 standing 
10 511 439 578 596 26353 0 0 1 standing 
10 496 436 562 594 26354 0 0 0 standing 
10 480 428 546 586 26355 0 0 1 standing 
10 464 420 530 578 26356 0 0 1 standing 
10 448 412 514 570 26357 0 0 0 standing 
10 435 412 501 570 26358 0 0 1 standing 
10 423 413 489 571 26359 0 0 1 standing 
10 411 414 477 572 26360 0 0 0 standing 
10 405 409 471 571 26361 0 0 1 standing 
10 400 405 466 570 26362 0 0 1 standing 
10 395 401 461 569 26363 0 0 0 standing 
10 395 401 461 569 26364 0 0 1 standing 
11 627 383 679 527 26345 0 0 0 standing 
11 614 382 666 526 26346 0 0 1 standing 
11 602 381 654 525 26347 0 0 1 standing 
11 590 380 642 524 26348 0 0 0 standing 
11 576 380 628 524 26349 0 0 1 standing 
11 563 380 615 524 26350 0 0 1 standing 
11 550 380 602 524 26351 0 0 0 standing 
11 534 378 586 530 26352 0 0 1 standing 
11 519 377 570 536 26353 0 0 1 standing 
11 504 376 554 542 26354 0 0 0 standing 
11 487 375 537 542 26355 0 0 1 standing 
11 470 375 520 542 26356 0 0 1 standing 
11 453 375 504 542 26357 0 0 0 standing 
11 434 375 489 542 26358 0 0 1 standing 
11 416 375 475 542 26359 0 0 1 standing 
11 398 375 461 542 26360 0 0 0 standing 
11 390 375 458 538 26361 0 0 1 standing 
11 383 375 456 535 26362 0 0 1 standing 
11 375 375 453 532 26363 0 0 1 standing 
11 368 375 451 529 26364 0 0 1 standing 
