0 582 445 650 606 22160 0 1 0 spiking 
0 578 437 645 598 22161 0 1 1 spiking 
0 574 429 641 591 22162 0 1 1 spiking 
0 570 421 636 583 22163 0 1 1 spiking 
0 567 414 632 576 22164 0 1 0 spiking 
0 563 413 628 575 22165 0 1 1 spiking 
0 559 412 624 574 22166 0 1 1 spiking 
0 555 412 621 573 22167 0 1 1 spiking 
0 551 411 617 572 22168 0 1 1 spiking 
0 547 410 613 571 22169 0 1 1 spiking 
0 544 410 610 571 22170 0 1 0 spiking 
0 541 417 607 577 22171 0 1 1 spiking 
0 538 425 604 583 22172 0 1 1 spiking 
0 535 432 601 589 22173 0 1 1 spiking 
0 532 440 598 595 22174 0 1 0 spiking 
0 533 448 598 601 22175 0 1 1 spiking 
0 534 457 599 608 22176 0 1 1 spiking 
0 535 465 600 615 22177 0 1 1 spiking 
0 536 474 601 621 22178 0 1 1 spiking 
0 537 482 602 628 22179 0 1 1 spiking 
1 818 507 883 642 22160 0 1 0 spiking 
1 806 497 870 639 22161 0 1 1 blocking 
1 794 487 857 636 22162 0 1 1 blocking 
1 782 477 844 633 22163 0 1 1 blocking 
1 771 467 831 630 22164 0 1 1 blocking 
1 759 458 819 627 22165 0 1 1 blocking 
1 747 448 806 624 22166 0 1 1 blocking 
1 736 438 793 621 22167 0 1 1 blocking 
1 724 428 780 618 22168 0 1 1 blocking 
1 712 418 767 615 22169 0 1 1 blocking 
1 701 409 755 612 22170 0 1 0 blocking 
1 693 413 747 616 22171 0 1 1 blocking 
1 686 417 740 620 22172 0 1 1 blocking 
1 679 421 733 624 22173 0 1 1 blocking 
1 672 425 726 628 22174 0 1 0 blocking 
1 668 430 722 633 22175 0 1 1 blocking 
1 664 435 718 638 22176 0 1 1 blocking 
1 660 440 714 643 22177 0 1 1 blocking 
1 656 445 710 648 22178 0 1 1 blocking 
1 652 450 706 653 22179 0 1 1 blocking 
2 819 486 887 613 22160 0 1 0 blocking 
2 807 479 873 610 22161 0 1 1 blocking 
2 796 472 860 607 22162 0 1 1 blocking 
2 785 465 846 605 22163 0 1 1 blocking 
2 773 458 833 602 22164 0 1 1 blocking 
2 762 451 819 600 22165 0 1 1 blocking 
2 751 444 806 597 22166 0 1 1 blocking 
2 739 437 792 594 22167 0 1 1 blocking 
2 728 430 779 592 22168 0 1 1 blocking 
2 717 423 765 589 22169 0 1 1 blocking 
2 706 416 752 587 22170 0 1 0 blocking 
2 697 417 745 589 22171 0 1 1 blocking 
2 689 419 738 591 22172 0 1 1 blocking 
2 680 421 731 593 22173 0 1 1 blocking 
2 672 423 725 595 22174 0 1 0 blocking 
2 668 424 722 596 22175 0 1 1 blocking 
2 664 426 720 598 22176 0 1 1 blocking 
2 660 428 718 600 22177 0 1 1 blocking 
2 656 430 716 602 22178 0 1 1 blocking 
2 652 432 714 604 22179 0 1 1 blocking 
3 194 694 266 855 22160 0 0 0 blocking 
3 160 696 248 857 22161 0 0 1 standing 
3 127 698 230 860 22162 0 0 1 standing 
3 94 701 213 863 22163 0 0 0 standing 
3 69 704 192 866 22164 0 0 1 standing 
3 45 707 171 869 22165 0 0 1 standing 
3 21 710 151 873 22166 0 0 0 standing 
3 14 710 121 873 22167 0 0 1 standing 
3 8 710 91 873 22168 0 0 1 standing 
3 2 711 62 874 22169 0 0 0 standing 
3 2 711 62 874 22170 0 0 1 standing 
3 2 711 62 874 22171 0 0 1 standing 
3 2 711 62 874 22172 0 0 1 standing 
3 2 711 62 874 22173 0 0 1 standing 
3 2 711 62 874 22174 0 0 1 standing 
3 2 711 62 874 22175 0 0 1 standing 
3 2 711 62 874 22176 0 0 1 standing 
3 2 711 62 874 22177 0 0 1 standing 
3 2 711 62 874 22178 0 0 1 standing 
3 2 711 62 874 22179 0 0 1 standing 
4 310 618 394 786 22160 0 0 0 standing 
4 305 616 392 783 22161 0 0 1 standing 
4 300 614 391 781 22162 0 0 1 standing 
4 296 612 390 779 22163 0 0 0 standing 
4 298 611 382 775 22164 0 0 1 standing 
4 301 610 374 771 22165 0 0 1 standing 
4 304 610 366 768 22166 0 0 0 standing 
4 299 606 365 764 22167 0 0 1 standing 
4 294 603 364 761 22168 0 0 1 standing 
4 290 600 364 758 22169 0 0 0 standing 
4 286 600 366 753 22170 0 0 1 standing 
4 282 600 368 748 22171 0 0 1 standing 
4 279 600 371 743 22172 0 0 0 standing 
4 276 601 360 744 22173 0 0 1 standing 
4 273 602 350 746 22174 0 0 1 standing 
4 271 604 340 748 22175 0 0 0 standing 
4 269 604 337 747 22176 0 0 1 standing 
4 268 604 335 746 22177 0 0 1 standing 
4 267 604 333 745 22178 0 0 1 standing 
4 266 604 331 744 22179 0 0 1 standing 
5 396 709 504 909 22160 0 0 0 standing 
5 395 705 502 904 22161 0 0 1 moving 
5 395 701 500 899 22162 0 0 1 moving 
5 395 697 499 895 22163 0 0 0 moving 
5 403 700 495 894 22164 0 0 1 moving 
5 411 703 491 894 22165 0 0 1 moving 
5 419 706 487 894 22166 0 0 0 moving 
5 410 700 493 894 22167 0 0 1 moving 
5 402 695 500 894 22168 0 0 1 moving 
5 394 690 507 895 22169 0 0 0 moving 
5 396 688 501 886 22170 0 0 1 moving 
5 399 687 495 878 22171 0 0 1 moving 
5 402 686 490 870 22172 0 0 0 moving 
5 407 680 487 869 22173 0 0 1 moving 
5 412 675 485 869 22174 0 0 1 moving 
5 418 670 483 869 22175 0 0 0 moving 
5 423 666 490 862 22176 0 0 1 moving 
5 428 663 498 856 22177 0 0 1 moving 
5 433 660 505 850 22178 0 0 1 moving 
5 438 657 513 844 22179 0 0 1 moving 
6 490 574 567 730 22160 0 0 0 moving 
6 484 574 567 730 22161 0 0 1 standing 
6 479 575 567 730 22162 0 0 1 standing 
6 474 576 568 730 22163 0 0 0 standing 
6 464 578 556 727 22164 0 0 1 standing 
6 454 580 545 724 22165 0 0 1 standing 
6 445 583 534 722 22166 0 0 0 standing 
6 439 582 524 721 22167 0 0 1 standing 
6 433 581 514 720 22168 0 0 1 standing 
6 428 580 505 719 22169 0 0 0 standing 
6 418 580 493 719 22170 0 0 1 standing 
6 408 580 482 719 22171 0 0 1 standing 
6 399 581 471 719 22172 0 0 0 standing 
6 391 577 460 719 22173 0 0 1 standing 
6 383 574 449 719 22174 0 0 1 standing 
6 375 571 439 720 22175 0 0 0 standing 
6 369 570 434 720 22176 0 0 1 standing 
6 364 570 430 721 22177 0 0 1 standing 
6 359 569 426 721 22178 0 0 1 standing 
6 354 569 422 722 22179 0 0 1 standing 
7 561 521 632 643 22160 0 0 0 standing 
7 554 524 632 646 22161 0 0 1 standing 
7 547 527 633 649 22162 0 0 1 standing 
7 541 531 634 653 22163 0 0 0 standing 
7 534 532 622 654 22164 0 0 1 standing 
7 527 533 610 656 22165 0 0 1 standing 
7 520 535 599 658 22166 0 0 0 standing 
7 518 532 588 659 22167 0 0 1 standing 
7 516 529 577 660 22168 0 0 1 standing 
7 514 526 567 661 22169 0 0 0 standing 
7 509 526 562 661 22170 0 0 1 standing 
7 505 526 558 661 22171 0 0 1 standing 
7 501 526 554 661 22172 0 0 0 standing 
7 497 527 552 662 22173 0 0 1 standing 
7 494 528 550 663 22174 0 0 1 standing 
7 491 530 549 664 22175 0 0 0 standing 
7 491 534 551 666 22176 0 0 1 standing 
7 491 538 554 668 22177 0 0 1 standing 
7 492 542 556 670 22178 0 0 1 standing 
7 492 546 559 672 22179 0 0 1 standing 
8 979 640 1067 806 22160 0 0 0 standing 
8 972 643 1073 805 22161 0 0 1 standing 
8 965 646 1080 804 22162 0 0 1 standing 
8 959 650 1087 804 22163 0 0 0 standing 
8 951 651 1081 805 22164 0 0 1 standing 
8 943 653 1075 806 22165 0 0 1 standing 
8 936 655 1070 808 22166 0 0 0 standing 
8 939 652 1058 810 22167 0 0 1 standing 
8 943 650 1046 813 22168 0 0 1 standing 
8 947 648 1034 816 22169 0 0 0 standing 
8 941 648 1031 817 22170 0 0 1 standing 
8 936 648 1028 818 22171 0 0 1 standing 
8 931 648 1025 820 22172 0 0 0 standing 
8 929 650 1023 822 22173 0 0 1 standing 
8 927 652 1021 825 22174 0 0 1 standing 
8 926 654 1020 828 22175 0 0 0 standing 
8 924 649 1013 824 22176 0 0 1 standing 
8 922 645 1006 821 22177 0 0 1 standing 
8 920 641 999 818 22178 0 0 1 standing 
8 918 637 992 815 22179 0 0 1 standing 
9 1161 495 1256 616 22160 0 0 0 standing 
9 1144 496 1244 616 22161 0 0 1 moving 
9 1127 497 1232 617 22162 0 0 1 moving 
9 1111 499 1220 618 22163 0 0 0 moving 
9 1095 497 1200 616 22164 0 0 1 moving 
9 1079 496 1181 615 22165 0 0 1 moving 
9 1064 495 1162 614 22166 0 0 0 moving 
9 1047 492 1137 614 22167 0 0 1 moving 
9 1030 490 1112 614 22168 0 0 1 moving 
9 1014 488 1088 615 22169 0 0 0 moving 
9 998 488 1067 620 22170 0 0 1 moving 
9 982 488 1047 625 22171 0 0 1 moving 
9 967 488 1027 631 22172 0 0 0 moving 
9 950 491 1014 630 22173 0 0 1 moving 
9 933 495 1001 629 22174 0 0 1 moving 
9 917 499 989 628 22175 0 0 0 moving 
9 909 501 979 630 22176 0 0 1 moving 
9 901 504 970 633 22177 0 0 1 moving 
9 894 506 960 635 22178 0 0 1 moving 
9 886 509 951 638 22179 0 0 1 moving 
10 1389 528 1469 683 22160 0 0 0 moving 
10 1379 527 1457 683 22161 0 0 1 standing 
10 1369 526 1445 683 22162 0 0 1 standing 
10 1360 525 1434 683 22163 0 0 0 standing 
10 1349 522 1419 682 22164 0 0 1 standing 
10 1338 520 1405 681 22165 0 0 1 standing 
10 1327 518 1391 680 22166 0 0 0 standing 
10 1316 515 1383 674 22167 0 0 1 standing 
10 1305 512 1376 668 22168 0 0 1 standing 
10 1295 510 1369 663 22169 0 0 0 standing 
10 1284 509 1364 664 22170 0 0 1 standing 
10 1274 508 1360 665 22171 0 0 1 standing 
10 1264 507 1356 667 22172 0 0 0 standing 
10 1256 508 1349 666 22173 0 0 1 standing 
10 1249 510 1342 665 22174 0 0 1 standing 
10 1242 512 1336 665 22175 0 0 0 standing 
10 1236 513 1325 663 22176 0 0 1 standing 
10 1231 514 1315 661 22177 0 0 1 standing 
10 1226 515 1304 659 22178 0 0 1 standing 
10 1221 516 1294 657 22179 0 0 1 standing 
11 1310 650 1395 801 22160 0 0 0 standing 
11 1302 650 1387 801 22161 0 0 1 standing 
11 1294 650 1379 802 22162 0 0 1 standing 
11 1287 650 1372 803 22163 0 0 0 standing 
11 1275 648 1362 801 22164 0 0 1 standing 
11 1263 646 1352 799 22165 0 0 1 standing 
11 1252 645 1342 798 22166 0 0 0 standing 
11 1243 639 1333 794 22167 0 0 1 standing 
11 1234 633 1324 790 22168 0 0 1 standing 
11 1226 627 1315 787 22169 0 0 0 standing 
11 1222 627 1318 782 22170 0 0 1 standing 
11 1218 627 1321 777 22171 0 0 1 standing 
11 1215 628 1324 772 22172 0 0 0 standing 
11 1205 630 1319 770 22173 0 0 1 standing 
11 1195 632 1314 769 22174 0 0 1 standing 
11 1185 634 1309 768 22175 0 0 0 standing 
11 1178 631 1295 765 22176 0 0 1 standing 
11 1171 629 1281 763 22177 0 0 1 standing 
11 1164 627 1267 760 22178 0 0 1 standing 
11 1157 625 1253 758 22179 0 0 1 standing 
