0 384 707 488 955 59490 0 1 0 moving 
0 389 706 498 953 59491 0 1 1 moving 
0 394 705 508 952 59492 0 1 1 moving 
0 399 704 519 951 59493 0 1 1 moving 
0 405 703 529 950 59494 0 1 1 moving 
0 410 702 540 949 59495 0 1 1 moving 
0 415 701 550 948 59496 0 1 1 moving 
0 421 700 560 947 59497 0 1 1 moving 
0 426 699 571 946 59498 0 1 1 moving 
0 431 698 581 945 59499 0 1 1 moving 
0 437 697 592 944 59500 0 1 0 moving 
0 456 698 600 944 59501 0 1 1 moving 
0 475 700 608 945 59502 0 1 1 moving 
0 494 702 616 945 59503 0 1 1 moving 
0 513 704 624 946 59504 0 1 0 moving 
0 516 703 643 944 59505 0 1 1 moving 
0 519 702 663 942 59506 0 1 1 moving 
0 522 701 682 941 59507 0 1 1 moving 
0 525 700 702 939 59508 0 1 1 moving 
0 528 699 721 937 59509 0 1 1 moving 
1 800 478 893 661 59490 0 1 0 moving 
1 796 462 887 656 59491 0 1 1 setting 
1 792 446 881 651 59492 0 1 1 setting 
1 788 430 875 646 59493 0 1 1 setting 
1 784 414 869 641 59494 0 1 1 setting 
1 780 399 863 636 59495 0 1 0 setting 
1 776 394 857 631 59496 0 1 1 setting 
1 772 389 851 626 59497 0 1 1 setting 
1 768 385 846 621 59498 0 1 1 setting 
1 764 380 840 616 59499 0 1 1 setting 
1 760 376 835 612 59500 0 1 0 setting 
1 755 376 830 616 59501 0 1 1 setting 
1 750 376 826 621 59502 0 1 1 setting 
1 745 376 822 625 59503 0 1 1 setting 
1 740 376 818 630 59504 0 1 0 setting 
1 735 389 814 634 59505 0 1 1 setting 
1 730 402 811 639 59506 0 1 1 setting 
1 725 415 807 644 59507 0 1 1 setting 
1 720 428 804 648 59508 0 1 1 setting 
1 715 441 800 653 59509 0 1 1 setting 
2 635 400 774 584 59490 0 1 0 setting 
2 641 403 777 584 59491 0 1 1 standing 
2 647 406 780 584 59492 0 1 1 standing 
2 653 409 784 585 59493 0 1 0 standing 
2 659 398 788 585 59494 0 1 1 standing 
2 665 388 792 586 59495 0 1 1 standing 
2 671 377 796 586 59496 0 1 1 standing 
2 677 367 800 587 59497 0 1 1 standing 
2 683 356 804 587 59498 0 1 1 standing 
2 689 346 808 588 59499 0 1 1 standing 
2 696 336 812 589 59500 0 1 0 standing 
2 700 325 820 570 59501 0 1 1 standing 
2 704 314 828 551 59502 0 1 1 standing 
2 708 303 837 532 59503 0 1 0 standing 
2 712 306 837 530 59504 0 1 1 standing 
2 716 310 837 528 59505 0 1 1 standing 
2 721 314 837 527 59506 0 1 1 standing 
2 725 318 838 525 59507 0 1 1 standing 
2 730 322 838 524 59508 0 1 1 standing 
2 734 326 838 522 59509 0 1 1 standing 
3 537 295 623 444 59490 0 1 0 standing 
3 540 295 630 444 59491 0 1 1 moving 
3 544 296 637 444 59492 0 1 1 moving 
3 548 296 644 445 59493 0 1 1 moving 
3 551 297 651 445 59494 0 1 1 moving 
3 555 297 658 446 59495 0 1 1 moving 
3 559 298 665 446 59496 0 1 1 moving 
3 562 298 672 446 59497 0 1 1 moving 
3 566 299 679 447 59498 0 1 1 moving 
3 570 299 686 447 59499 0 1 1 moving 
3 574 300 694 448 59500 0 1 0 moving 
3 583 299 701 447 59501 0 1 1 moving 
3 592 298 708 446 59502 0 1 1 moving 
3 602 297 715 445 59503 0 1 1 moving 
3 611 296 722 444 59504 0 1 1 moving 
3 621 295 729 444 59505 0 1 1 moving 
3 630 294 736 443 59506 0 1 1 moving 
3 639 293 743 442 59507 0 1 1 moving 
3 649 292 750 441 59508 0 1 1 moving 
3 658 291 757 440 59509 0 1 1 moving 
4 351 339 477 489 59490 0 0 0 moving 
4 359 337 479 488 59491 0 0 1 standing 
4 367 336 482 487 59492 0 0 1 standing 
4 375 335 484 487 59493 0 0 1 standing 
4 383 333 487 486 59494 0 0 1 standing 
4 391 332 490 486 59495 0 0 1 standing 
4 399 331 492 485 59496 0 0 1 standing 
4 407 329 495 484 59497 0 0 1 standing 
4 415 328 497 484 59498 0 0 1 standing 
4 423 327 500 483 59499 0 0 1 standing 
4 432 326 503 483 59500 0 0 0 standing 
4 436 325 507 483 59501 0 0 1 standing 
4 441 324 511 484 59502 0 0 1 standing 
4 445 323 515 485 59503 0 0 1 standing 
4 450 322 519 486 59504 0 0 1 standing 
4 455 321 523 487 59505 0 0 1 standing 
4 459 320 527 488 59506 0 0 1 standing 
4 464 319 531 489 59507 0 0 1 standing 
4 468 318 535 490 59508 0 0 1 standing 
4 473 317 539 491 59509 0 0 1 standing 
5 367 526 487 698 59490 0 0 0 standing 
5 369 523 491 697 59491 0 0 1 standing 
5 371 520 495 697 59492 0 0 1 standing 
5 373 517 500 696 59493 0 0 1 standing 
5 375 514 504 696 59494 0 0 1 standing 
5 378 512 509 696 59495 0 0 0 standing 
5 392 509 513 696 59496 0 0 1 standing 
5 406 507 517 696 59497 0 0 1 standing 
5 420 504 521 697 59498 0 0 1 standing 
5 434 502 525 697 59499 0 0 1 standing 
5 449 500 530 698 59500 0 0 0 standing 
5 453 504 535 699 59501 0 0 1 standing 
5 457 509 541 701 59502 0 0 1 standing 
5 461 514 546 702 59503 0 0 1 standing 
5 465 518 552 704 59504 0 0 1 standing 
5 469 523 557 705 59505 0 0 1 standing 
5 473 528 563 707 59506 0 0 1 standing 
5 477 532 568 708 59507 0 0 1 standing 
5 481 537 574 710 59508 0 0 1 standing 
5 485 542 579 711 59509 0 0 1 standing 
6 1609 554 1704 709 59490 0 0 0 standing 
6 1609 554 1704 712 59491 0 0 1 waiting 
6 1609 555 1704 715 59492 0 0 1 waiting 
6 1609 555 1704 718 59493 0 0 1 waiting 
6 1609 556 1704 721 59494 0 0 1 waiting 
6 1609 557 1704 724 59495 0 0 1 waiting 
6 1609 557 1704 727 59496 0 0 1 waiting 
6 1609 558 1704 730 59497 0 0 1 waiting 
6 1609 558 1704 733 59498 0 0 1 waiting 
6 1609 559 1704 736 59499 0 0 1 waiting 
6 1609 560 1704 740 59500 0 0 0 waiting 
6 1606 561 1701 740 59501 0 0 1 waiting 
6 1604 562 1699 741 59502 0 0 1 waiting 
6 1601 563 1697 742 59503 0 0 1 waiting 
6 1599 564 1694 743 59504 0 0 1 waiting 
6 1596 565 1692 744 59505 0 0 1 waiting 
6 1594 566 1690 744 59506 0 0 1 waiting 
6 1591 567 1687 745 59507 0 0 1 waiting 
6 1589 568 1685 746 59508 0 0 1 waiting 
6 1586 569 1683 747 59509 0 0 1 waiting 
7 1640 447 1712 598 59490 0 0 0 waiting 
7 1637 446 1710 597 59491 0 0 1 digging 
7 1634 446 1709 597 59492 0 0 1 digging 
7 1631 445 1708 596 59493 0 0 1 digging 
7 1629 445 1707 596 59494 0 0 1 digging 
7 1626 445 1706 596 59495 0 0 1 digging 
7 1623 444 1705 595 59496 0 0 1 digging 
7 1621 444 1704 595 59497 0 0 1 digging 
7 1618 443 1703 594 59498 0 0 1 digging 
7 1615 443 1702 594 59499 0 0 1 digging 
7 1613 443 1701 594 59500 0 0 0 digging 
7 1610 443 1698 598 59501 0 0 1 digging 
7 1607 444 1695 603 59502 0 0 1 digging 
7 1605 445 1692 607 59503 0 0 1 digging 
7 1602 445 1690 612 59504 0 0 1 digging 
7 1600 446 1687 616 59505 0 0 1 digging 
7 1597 447 1684 621 59506 0 0 1 digging 
7 1594 447 1682 625 59507 0 0 1 digging 
7 1592 448 1679 630 59508 0 0 1 digging 
7 1589 449 1676 634 59509 0 0 1 digging 
8 1367 404 1475 576 59490 0 0 0 digging 
8 1373 401 1476 574 59491 0 0 1 standing 
8 1379 398 1478 573 59492 0 0 1 standing 
8 1385 395 1479 572 59493 0 0 1 standing 
8 1391 392 1481 570 59494 0 0 1 standing 
8 1398 389 1482 569 59495 0 0 1 standing 
8 1404 386 1484 568 59496 0 0 1 standing 
8 1410 383 1485 566 59497 0 0 1 standing 
8 1416 380 1487 565 59498 0 0 1 standing 
8 1422 377 1488 564 59499 0 0 1 standing 
8 1429 375 1490 563 59500 0 0 0 standing 
8 1429 376 1491 562 59501 0 0 1 standing 
8 1429 377 1492 561 59502 0 0 1 standing 
8 1429 378 1494 560 59503 0 0 1 standing 
8 1429 379 1495 559 59504 0 0 1 standing 
8 1429 380 1497 558 59505 0 0 1 standing 
8 1429 381 1498 557 59506 0 0 1 standing 
8 1429 382 1499 556 59507 0 0 1 standing 
8 1429 383 1501 555 59508 0 0 1 standing 
8 1429 384 1502 554 59509 0 0 1 standing 
9 1043 515 1116 733 59490 0 0 0 standing 
9 1041 516 1114 733 59491 0 0 1 standing 
9 1040 517 1113 734 59492 0 0 1 standing 
9 1039 518 1112 734 59493 0 0 1 standing 
9 1038 519 1110 735 59494 0 0 1 standing 
9 1037 520 1109 735 59495 0 0 1 standing 
9 1036 521 1108 736 59496 0 0 1 standing 
9 1035 522 1106 736 59497 0 0 1 standing 
9 1034 523 1105 737 59498 0 0 1 standing 
9 1033 524 1104 737 59499 0 0 1 standing 
9 1032 526 1103 738 59500 0 0 0 standing 
9 1028 527 1100 738 59501 0 0 1 standing 
9 1024 529 1098 739 59502 0 0 1 standing 
9 1020 531 1096 740 59503 0 0 1 standing 
9 1016 533 1094 740 59504 0 0 1 standing 
9 1013 535 1092 741 59505 0 0 1 standing 
9 1009 537 1089 742 59506 0 0 1 standing 
9 1005 539 1087 742 59507 0 0 1 standing 
9 1001 541 1085 743 59508 0 0 1 standing 
9 997 543 1083 744 59509 0 0 1 standing 
10 1020 402 1102 649 59490 0 0 0 standing 
10 1018 401 1100 646 59491 0 0 1 blocking 
10 1017 400 1099 644 59492 0 0 1 blocking 
10 1016 399 1097 642 59493 0 0 1 blocking 
10 1015 399 1096 639 59494 0 0 1 blocking 
10 1014 398 1095 637 59495 0 0 1 blocking 
10 1012 397 1093 635 59496 0 0 1 blocking 
10 1011 397 1092 632 59497 0 0 1 blocking 
10 1010 396 1090 630 59498 0 0 1 blocking 
10 1009 395 1089 628 59499 0 0 1 blocking 
10 1008 395 1088 626 59500 0 0 0 blocking 
10 1006 396 1085 624 59501 0 0 1 blocking 
10 1005 398 1082 622 59502 0 0 1 blocking 
10 1004 399 1080 621 59503 0 0 1 blocking 
10 1003 401 1077 619 59504 0 0 1 blocking 
10 1002 403 1075 618 59505 0 0 1 blocking 
10 1000 404 1072 616 59506 0 0 1 blocking 
10 999 406 1069 614 59507 0 0 1 blocking 
10 998 407 1067 613 59508 0 0 1 blocking 
10 997 409 1064 611 59509 0 0 1 blocking 
11 1011 372 1119 521 59490 0 0 0 blocking 
11 1008 372 1116 521 59491 0 0 1 standing 
11 1006 372 1114 521 59492 0 0 1 standing 
11 1004 372 1112 521 59493 0 0 1 standing 
11 1002 372 1110 521 59494 0 0 1 standing 
11 1000 373 1108 522 59495 0 0 1 standing 
11 997 373 1105 522 59496 0 0 1 standing 
11 995 373 1103 522 59497 0 0 1 standing 
11 993 373 1101 522 59498 0 0 1 standing 
11 991 373 1099 522 59499 0 0 1 standing 
11 989 374 1097 523 59500 0 0 0 standing 
11 989 372 1093 521 59501 0 0 1 standing 
11 989 370 1090 519 59502 0 0 1 standing 
11 989 368 1087 517 59503 0 0 1 standing 
11 989 366 1083 515 59504 0 0 1 standing 
11 989 364 1080 513 59505 0 0 1 standing 
11 989 362 1077 511 59506 0 0 1 standing 
11 989 360 1073 509 59507 0 0 1 standing 
11 989 358 1070 507 59508 0 0 1 standing 
11 989 356 1067 505 59509 0 0 1 standing 
