0 699 374 749 482 22125 0 1 0 setting 
0 701 373 751 483 22126 0 1 1 setting 
0 704 373 754 485 22127 0 1 1 setting 
0 707 372 756 486 22128 0 1 1 setting 
0 710 372 759 488 22129 0 1 1 setting 
0 713 371 762 489 22130 0 1 1 setting 
0 715 371 764 491 22131 0 1 1 setting 
0 718 370 767 492 22132 0 1 1 setting 
0 721 370 769 494 22133 0 1 1 setting 
0 724 369 772 495 22134 0 1 1 setting 
0 727 369 775 497 22135 0 1 0 setting 
0 729 372 776 500 22136 0 1 1 setting 
0 731 376 777 504 22137 0 1 1 setting 
0 733 380 779 507 22138 0 1 1 setting 
0 735 383 780 511 22139 0 1 1 setting 
0 738 387 782 515 22140 0 1 1 setting 
0 740 391 783 518 22141 0 1 1 setting 
0 742 394 784 522 22142 0 1 1 setting 
0 744 398 786 525 22143 0 1 1 setting 
0 746 402 787 529 22144 0 1 1 setting 
1 779 361 844 464 22125 0 1 0 setting 
1 776 359 839 462 22126 0 1 1 moving 
1 773 358 835 461 22127 0 1 1 moving 
1 770 357 831 460 22128 0 1 1 moving 
1 767 356 827 459 22129 0 1 1 moving 
1 765 355 823 458 22130 0 1 1 moving 
1 762 354 819 457 22131 0 1 1 moving 
1 759 353 815 456 22132 0 1 1 moving 
1 756 352 811 455 22133 0 1 1 moving 
1 753 351 807 454 22134 0 1 1 moving 
1 751 350 803 453 22135 0 1 0 moving 
1 745 349 798 452 22136 0 1 1 moving 
1 740 348 794 451 22137 0 1 1 moving 
1 735 347 790 450 22138 0 1 1 moving 
1 729 346 786 449 22139 0 1 1 moving 
1 724 345 782 448 22140 0 1 1 moving 
1 719 344 777 447 22141 0 1 1 moving 
1 713 343 773 446 22142 0 1 1 moving 
1 708 342 769 445 22143 0 1 1 moving 
1 703 341 765 444 22144 0 1 1 moving 
2 921 423 973 531 22125 0 0 0 moving 
2 918 421 971 533 22126 0 0 1 moving 
2 916 420 970 535 22127 0 0 1 moving 
2 914 419 969 538 22128 0 0 0 moving 
2 912 420 970 539 22129 0 0 1 moving 
2 911 421 971 540 22130 0 0 1 moving 
2 910 423 973 542 22131 0 0 0 moving 
2 907 425 970 542 22132 0 0 1 moving 
2 904 428 967 542 22133 0 0 1 moving 
2 901 431 964 542 22134 0 0 0 moving 
2 896 432 957 543 22135 0 0 1 moving 
2 891 433 950 544 22136 0 0 1 moving 
2 887 435 943 546 22137 0 0 0 moving 
2 882 434 942 547 22138 0 0 1 moving 
2 878 433 941 548 22139 0 0 1 moving 
2 874 432 940 550 22140 0 0 0 moving 
2 869 432 934 550 22141 0 0 1 moving 
2 865 433 928 550 22142 0 0 1 moving 
2 861 434 923 551 22143 0 0 1 moving 
2 857 435 917 551 22144 0 0 1 moving 
3 880 319 927 419 22125 0 0 0 moving 
3 877 318 921 418 22126 0 0 1 standing 
3 874 318 916 417 22127 0 0 1 standing 
3 872 318 911 416 22128 0 0 0 standing 
3 869 318 910 417 22129 0 0 1 standing 
3 866 318 910 418 22130 0 0 1 standing 
3 863 318 910 420 22131 0 0 0 standing 
3 858 319 909 420 22132 0 0 1 standing 
3 853 320 908 420 22133 0 0 1 standing 
3 849 322 908 420 22134 0 0 0 standing 
3 848 321 905 419 22135 0 0 1 standing 
3 848 321 902 419 22136 0 0 1 standing 
3 848 321 899 419 22137 0 0 0 standing 
3 848 321 894 419 22138 0 0 1 standing 
3 848 321 889 419 22139 0 0 1 standing 
3 849 321 885 419 22140 0 0 0 standing 
3 844 321 883 419 22141 0 0 1 standing 
3 839 322 882 420 22142 0 0 1 standing 
3 834 323 880 421 22143 0 0 1 standing 
3 829 324 879 422 22144 0 0 1 standing 
4 970 355 1008 418 22125 0 0 0 standing 
4 971 353 1008 420 22126 0 0 1 moving 
4 972 351 1008 422 22127 0 0 1 moving 
4 974 350 1009 425 22128 0 0 0 moving 
4 974 350 1008 429 22129 0 0 1 moving 
4 974 350 1007 433 22130 0 0 1 moving 
4 974 350 1006 437 22131 0 0 0 moving 
4 975 350 1010 437 22132 0 0 1 moving 
4 976 350 1015 437 22133 0 0 1 moving 
4 977 351 1020 438 22134 0 0 0 moving 
4 973 353 1020 440 22135 0 0 1 moving 
4 969 356 1020 443 22136 0 0 1 moving 
4 966 359 1020 446 22137 0 0 0 moving 
4 964 360 1018 450 22138 0 0 1 moving 
4 962 361 1017 455 22139 0 0 1 moving 
4 961 362 1016 460 22140 0 0 0 moving 
4 960 364 1013 462 22141 0 0 1 moving 
4 959 367 1011 464 22142 0 0 1 moving 
4 959 369 1009 466 22143 0 0 1 moving 
4 958 372 1007 468 22144 0 0 1 moving 
5 948 281 991 368 22125 0 0 0 moving 
5 945 280 988 367 22126 0 0 1 standing 
5 943 280 986 367 22127 0 0 1 standing 
5 941 280 984 367 22128 0 0 0 standing 
5 939 280 983 366 22129 0 0 1 standing 
5 938 280 983 366 22130 0 0 1 standing 
5 936 280 983 366 22131 0 0 1 standing 
5 935 280 983 366 22132 0 0 1 standing 
5 933 280 983 366 22133 0 0 1 standing 
5 932 280 983 366 22134 0 0 0 standing 
5 929 281 982 365 22135 0 0 1 standing 
5 927 282 981 364 22136 0 0 1 standing 
5 925 284 980 363 22137 0 0 0 standing 
5 923 284 976 363 22138 0 0 1 standing 
5 921 285 973 364 22139 0 0 1 standing 
5 919 286 970 365 22140 0 0 0 standing 
5 913 285 966 365 22141 0 0 1 standing 
5 908 284 962 365 22142 0 0 1 standing 
5 903 283 959 366 22143 0 0 1 standing 
5 898 282 955 366 22144 0 0 1 standing 
6 292 394 343 496 22125 0 0 0 standing 
6 291 394 342 496 22126 0 0 1 standing 
6 290 394 341 496 22127 0 0 1 standing 
6 290 394 341 497 22128 0 0 1 standing 
6 289 394 340 497 22129 0 0 1 standing 
6 288 394 339 497 22130 0 0 1 standing 
6 288 395 339 498 22131 0 0 0 standing 
6 287 395 338 498 22132 0 0 1 standing 
6 286 395 337 498 22133 0 0 1 standing 
6 285 396 336 499 22134 0 0 0 standing 
6 282 395 333 498 22135 0 0 1 standing 
6 280 395 331 498 22136 0 0 1 standing 
6 278 395 329 498 22137 0 0 0 standing 
6 275 397 327 503 22138 0 0 1 standing 
6 272 399 325 508 22139 0 0 1 standing 
6 269 401 324 513 22140 0 0 0 standing 
6 264 402 323 514 22141 0 0 1 standing 
6 259 403 322 515 22142 0 0 1 standing 
6 254 404 322 516 22143 0 0 0 standing 
6 254 404 322 516 22144 0 0 1 standing 
7 252 348 290 454 22125 0 0 0 standing 
7 248 347 289 454 22126 0 0 1 standing 
7 244 347 289 454 22127 0 0 1 standing 
7 241 347 289 454 22128 0 0 0 standing 
7 238 346 287 453 22129 0 0 1 standing 
7 236 345 286 452 22130 0 0 1 standing 
7 234 345 285 452 22131 0 0 0 standing 
7 231 344 282 451 22132 0 0 1 standing 
7 228 344 279 451 22133 0 0 1 standing 
7 225 344 276 451 22134 0 0 0 standing 
7 223 343 272 450 22135 0 0 1 standing 
7 221 342 269 449 22136 0 0 1 standing 
7 219 341 266 448 22137 0 0 0 standing 
7 219 341 263 448 22138 0 0 1 standing 
7 219 341 261 448 22139 0 0 1 standing 
7 220 341 259 448 22140 0 0 0 standing 
7 218 341 257 448 22141 0 0 1 standing 
7 216 342 255 449 22142 0 0 1 standing 
7 214 343 253 449 22143 0 0 1 standing 
7 212 344 251 450 22144 0 0 1 standing 
8 358 311 397 398 22125 0 0 0 standing 
8 357 310 397 397 22126 0 0 1 standing 
8 356 310 397 397 22127 0 0 1 standing 
8 356 310 397 397 22128 0 0 1 standing 
8 355 309 397 396 22129 0 0 1 standing 
8 354 309 397 396 22130 0 0 1 standing 
8 354 309 397 396 22131 0 0 0 standing 
8 354 308 398 396 22132 0 0 1 standing 
8 354 307 399 396 22133 0 0 1 standing 
8 355 306 400 397 22134 0 0 1 standing 
8 355 305 401 397 22135 0 0 1 standing 
8 355 304 402 397 22136 0 0 1 standing 
8 356 303 403 398 22137 0 0 0 standing 
8 356 302 403 397 22138 0 0 1 standing 
8 356 301 403 396 22139 0 0 1 standing 
8 356 301 403 396 22140 0 0 0 standing 
8 353 302 403 396 22141 0 0 1 standing 
8 351 303 403 396 22142 0 0 1 standing 
8 348 304 403 397 22143 0 0 1 standing 
8 346 305 403 397 22144 0 0 1 standing 
9 552 384 599 487 22125 0 0 0 standing 
9 554 384 601 487 22126 0 0 1 waiting 
9 556 384 603 487 22127 0 0 1 waiting 
9 558 385 605 488 22128 0 0 0 waiting 
9 558 385 605 488 22129 0 0 1 waiting 
9 559 385 606 488 22130 0 0 1 waiting 
9 560 385 607 488 22131 0 0 1 waiting 
9 560 385 607 488 22132 0 0 1 waiting 
9 561 385 608 488 22133 0 0 1 waiting 
9 562 385 609 488 22134 0 0 1 waiting 
9 562 385 609 488 22135 0 0 1 waiting 
9 563 385 610 488 22136 0 0 1 waiting 
9 564 385 611 488 22137 0 0 0 waiting 
9 564 384 611 487 22138 0 0 1 waiting 
9 565 384 612 487 22139 0 0 1 waiting 
9 566 384 613 487 22140 0 0 0 waiting 
9 567 384 614 487 22141 0 0 1 waiting 
9 568 385 615 488 22142 0 0 1 waiting 
9 569 386 616 489 22143 0 0 0 waiting 
9 569 386 616 489 22144 0 0 1 waiting 
10 559 342 613 459 22125 0 0 0 waiting 
10 558 341 611 455 22126 0 0 1 standing 
10 558 341 610 451 22127 0 0 1 standing 
10 558 341 609 448 22128 0 0 0 standing 
10 557 341 608 448 22129 0 0 1 standing 
10 557 342 608 449 22130 0 0 1 standing 
10 557 343 608 450 22131 0 0 0 standing 
10 557 343 608 450 22132 0 0 1 standing 
10 557 343 608 450 22133 0 0 1 standing 
10 557 343 608 450 22134 0 0 1 standing 
10 557 343 608 450 22135 0 0 1 standing 
10 557 343 608 450 22136 0 0 1 standing 
10 558 343 609 450 22137 0 0 0 standing 
10 561 344 609 451 22138 0 0 1 standing 
10 564 345 610 452 22139 0 0 1 standing 
10 568 347 611 454 22140 0 0 0 standing 
10 569 348 612 455 22141 0 0 1 standing 
10 570 350 613 457 22142 0 0 1 standing 
10 572 352 615 459 22143 0 0 0 standing 
10 572 352 615 459 22144 0 0 1 standing 
11 555 330 594 421 22125 0 0 0 standing 
11 555 330 594 421 22126 0 0 1 standing 
11 556 330 595 421 22127 0 0 1 standing 
11 557 331 596 422 22128 0 0 0 standing 
11 559 331 598 422 22129 0 0 1 standing 
11 561 331 600 422 22130 0 0 1 standing 
11 563 331 602 422 22131 0 0 0 standing 
11 563 332 602 423 22132 0 0 1 standing 
11 563 334 602 425 22133 0 0 1 standing 
11 563 336 602 427 22134 0 0 1 standing 
11 563 338 602 429 22135 0 0 1 standing 
11 563 340 602 431 22136 0 0 1 standing 
11 564 342 603 433 22137 0 0 0 standing 
11 564 342 602 432 22138 0 0 1 standing 
11 564 342 602 432 22139 0 0 1 standing 
11 564 342 602 432 22140 0 0 0 standing 
11 567 342 605 432 22141 0 0 1 standing 
11 570 342 608 432 22142 0 0 1 standing 
11 574 342 612 432 22143 0 0 0 standing 
11 574 342 612 432 22144 0 0 1 standing 
