0 798 463 866 587 73280 0 1 0 standing 
0 794 460 862 584 73281 0 1 1 standing 
0 790 457 858 581 73282 0 1 1 standing 
0 786 455 855 578 73283 0 1 1 standing 
0 782 452 851 576 73284 0 1 1 standing 
0 778 450 848 573 73285 0 1 1 standing 
0 774 447 844 570 73286 0 1 1 standing 
0 771 445 841 568 73287 0 1 0 standing 
0 768 451 838 568 73288 0 1 1 standing 
0 765 457 835 569 73289 0 1 1 standing 
0 762 463 833 569 73290 0 1 1 standing 
0 759 469 830 570 73291 0 1 1 standing 
0 756 475 827 570 73292 0 1 1 standing 
0 754 482 825 571 73293 0 1 0 standing 
0 754 484 821 572 73294 0 1 1 standing 
0 754 487 818 574 73295 0 1 1 standing 
0 755 489 815 576 73296 0 1 1 standing 
0 755 492 812 578 73297 0 1 1 standing 
0 756 494 809 580 73298 0 1 1 standing 
0 756 497 806 582 73299 0 1 1 standing 
1 666 464 703 573 73280 0 1 0 standing 
1 668 457 707 570 73281 0 1 1 blocking 
1 670 451 711 568 73282 0 1 1 blocking 
1 672 444 715 566 73283 0 1 1 blocking 
1 675 438 719 564 73284 0 1 0 blocking 
1 679 433 725 562 73285 0 1 1 blocking 
1 684 429 732 561 73286 0 1 1 blocking 
1 688 425 738 559 73287 0 1 1 blocking 
1 693 421 745 558 73288 0 1 0 blocking 
1 689 424 744 558 73289 0 1 1 blocking 
1 686 427 744 559 73290 0 1 1 blocking 
1 683 431 744 560 73291 0 1 1 blocking 
1 680 434 744 561 73292 0 1 1 blocking 
1 677 438 744 562 73293 0 1 0 blocking 
1 681 441 744 563 73294 0 1 1 blocking 
1 685 444 744 564 73295 0 1 1 blocking 
1 689 447 744 565 73296 0 1 1 blocking 
1 693 451 745 566 73297 0 1 1 blocking 
1 697 454 745 567 73298 0 1 1 blocking 
1 701 457 745 568 73299 0 1 1 blocking 
2 679 490 727 592 73280 0 1 0 blocking 
2 680 486 728 590 73281 0 1 1 blocking 
2 682 482 730 589 73282 0 1 1 blocking 
2 684 478 732 587 73283 0 1 1 blocking 
2 686 474 733 586 73284 0 1 1 blocking 
2 688 470 735 585 73285 0 1 1 blocking 
2 689 466 737 583 73286 0 1 1 blocking 
2 691 462 739 582 73287 0 1 1 blocking 
2 693 458 740 581 73288 0 1 1 blocking 
2 695 454 742 579 73289 0 1 1 blocking 
2 697 450 744 578 73290 0 1 1 blocking 
2 699 447 746 577 73291 0 1 0 blocking 
2 701 449 748 579 73292 0 1 1 blocking 
2 703 451 750 581 73293 0 1 1 blocking 
2 705 453 752 583 73294 0 1 1 blocking 
2 707 455 754 585 73295 0 1 1 blocking 
2 709 458 756 588 73296 0 1 1 blocking 
2 711 460 758 590 73297 0 1 1 blocking 
2 713 462 760 592 73298 0 1 1 blocking 
2 715 464 762 594 73299 0 1 1 blocking 
3 298 484 342 574 73280 0 0 0 blocking 
3 298 484 342 574 73281 0 0 1 digging 
3 298 484 342 574 73282 0 0 1 digging 
3 299 484 343 574 73283 0 0 0 digging 
3 301 483 345 572 73284 0 0 1 digging 
3 303 482 347 571 73285 0 0 1 digging 
3 305 481 349 570 73286 0 0 0 digging 
3 305 482 350 573 73287 0 0 1 digging 
3 305 483 352 576 73288 0 0 1 digging 
3 306 485 354 579 73289 0 0 0 digging 
3 308 489 354 584 73290 0 0 1 digging 
3 310 493 355 589 73291 0 0 1 digging 
3 313 497 356 595 73292 0 0 0 digging 
3 314 499 356 594 73293 0 0 1 digging 
3 315 502 356 593 73294 0 0 1 digging 
3 317 505 356 593 73295 0 0 0 digging 
3 317 505 357 593 73296 0 0 1 digging 
3 317 506 358 594 73297 0 0 1 digging 
3 318 506 359 594 73298 0 0 1 digging 
3 318 507 360 595 73299 0 0 1 digging 
4 423 395 474 471 73280 0 0 0 digging 
4 423 393 473 471 73281 0 0 1 standing 
4 424 391 473 472 73282 0 0 1 standing 
4 425 389 473 473 73283 0 0 0 standing 
4 427 388 475 472 73284 0 0 1 standing 
4 430 387 478 471 73285 0 0 1 standing 
4 433 387 481 471 73286 0 0 0 standing 
4 433 387 483 471 73287 0 0 1 standing 
4 434 387 486 471 73288 0 0 1 standing 
4 435 388 489 471 73289 0 0 0 standing 
4 432 389 489 472 73290 0 0 1 standing 
4 429 390 490 473 73291 0 0 1 standing 
4 427 392 491 474 73292 0 0 0 standing 
4 428 394 492 473 73293 0 0 1 standing 
4 429 396 493 473 73294 0 0 1 standing 
4 431 399 494 473 73295 0 0 0 standing 
4 433 397 495 473 73296 0 0 1 standing 
4 435 395 497 473 73297 0 0 1 standing 
4 437 393 499 473 73298 0 0 1 standing 
4 439 391 501 473 73299 0 0 1 standing 
5 546 381 603 461 73280 0 0 0 standing 
5 544 381 602 461 73281 0 0 1 standing 
5 543 382 601 461 73282 0 0 1 standing 
5 542 383 601 462 73283 0 0 0 standing 
5 543 382 599 461 73284 0 0 1 standing 
5 544 382 597 460 73285 0 0 1 standing 
5 546 382 595 460 73286 0 0 0 standing 
5 543 383 595 462 73287 0 0 1 standing 
5 541 385 596 464 73288 0 0 1 standing 
5 539 387 597 467 73289 0 0 0 standing 
5 538 388 600 467 73290 0 0 1 standing 
5 538 390 603 467 73291 0 0 1 standing 
5 538 392 606 467 73292 0 0 0 standing 
5 539 393 606 467 73293 0 0 1 standing 
5 541 394 606 468 73294 0 0 1 standing 
5 543 395 607 469 73295 0 0 0 standing 
5 543 393 607 469 73296 0 0 1 standing 
5 544 391 607 469 73297 0 0 1 standing 
5 544 390 608 469 73298 0 0 1 standing 
5 545 388 608 469 73299 0 0 1 standing 
6 456 503 514 593 73280 0 0 0 standing 
6 459 500 519 589 73281 0 0 1 waiting 
6 462 497 524 586 73282 0 0 1 waiting 
6 466 494 530 583 73283 0 0 0 waiting 
6 475 492 537 580 73284 0 0 1 waiting 
6 484 490 544 578 73285 0 0 1 waiting 
6 493 488 551 576 73286 0 0 0 waiting 
6 501 486 557 572 73287 0 0 1 waiting 
6 509 484 564 568 73288 0 0 1 waiting 
6 517 483 571 565 73289 0 0 0 waiting 
6 522 483 575 564 73290 0 0 1 waiting 
6 528 483 579 563 73291 0 0 1 waiting 
6 534 484 583 563 73292 0 0 0 waiting 
6 539 481 588 562 73293 0 0 1 waiting 
6 544 479 593 561 73294 0 0 1 waiting 
6 549 477 599 560 73295 0 0 0 waiting 
6 551 474 599 559 73296 0 0 1 waiting 
6 553 471 599 559 73297 0 0 1 waiting 
6 556 469 599 558 73298 0 0 1 waiting 
6 558 466 599 558 73299 0 0 1 waiting 
7 768 426 823 510 73280 0 0 0 waiting 
7 768 428 822 510 73281 0 0 1 digging 
7 768 430 822 511 73282 0 0 1 digging 
7 768 432 822 512 73283 0 0 0 digging 
7 772 433 826 513 73284 0 0 1 digging 
7 776 435 830 515 73285 0 0 1 digging 
7 780 437 834 517 73286 0 0 0 digging 
7 781 438 836 517 73287 0 0 1 digging 
7 783 439 838 518 73288 0 0 1 digging 
7 785 440 840 519 73289 0 0 0 digging 
7 788 439 843 518 73290 0 0 1 digging 
7 791 439 846 518 73291 0 0 1 digging 
7 794 439 849 518 73292 0 0 0 digging 
7 794 440 850 517 73293 0 0 1 digging 
7 794 441 851 516 73294 0 0 1 digging 
7 794 442 852 516 73295 0 0 0 digging 
7 795 442 853 516 73296 0 0 1 digging 
7 796 442 854 516 73297 0 0 1 digging 
7 798 442 856 516 73298 0 0 0 digging 
7 798 442 856 516 73299 0 0 1 digging 
8 813 410 862 481 73280 0 0 0 digging 
8 815 409 865 480 73281 0 0 1 standing 
8 817 408 869 480 73282 0 0 1 standing 
8 820 408 873 480 73283 0 0 0 standing 
8 822 408 875 481 73284 0 0 1 standing 
8 824 409 878 482 73285 0 0 1 standing 
8 827 410 881 483 73286 0 0 0 standing 
8 832 408 884 481 73287 0 0 1 standing 
8 837 406 887 479 73288 0 0 1 standing 
8 842 405 891 478 73289 0 0 0 standing 
8 844 405 893 478 73290 0 0 1 standing 
8 846 405 895 478 73291 0 0 1 standing 
8 849 406 898 479 73292 0 0 0 standing 
8 851 405 900 478 73293 0 0 1 standing 
8 853 405 902 478 73294 0 0 1 standing 
8 856 405 904 478 73295 0 0 0 standing 
8 857 407 904 478 73296 0 0 1 standing 
8 859 409 904 478 73297 0 0 1 standing 
8 861 411 904 478 73298 0 0 0 standing 
8 861 411 904 478 73299 0 0 1 standing 
9 876 420 906 486 73280 0 0 0 standing 
9 875 419 906 489 73281 0 0 1 standing 
9 874 418 906 492 73282 0 0 1 standing 
9 873 417 907 495 73283 0 0 0 standing 
9 875 417 909 495 73284 0 0 1 standing 
9 877 417 911 495 73285 0 0 1 standing 
9 879 418 913 496 73286 0 0 0 standing 
9 880 416 914 496 73287 0 0 1 standing 
9 881 414 915 496 73288 0 0 1 standing 
9 883 413 917 497 73289 0 0 0 standing 
9 885 412 919 499 73290 0 0 1 standing 
9 887 411 921 501 73291 0 0 1 standing 
9 890 411 923 503 73292 0 0 0 standing 
9 891 413 924 505 73293 0 0 1 standing 
9 893 415 926 507 73294 0 0 1 standing 
9 895 418 928 510 73295 0 0 0 standing 
9 896 419 929 510 73296 0 0 1 standing 
9 897 421 930 511 73297 0 0 1 standing 
9 898 423 931 512 73298 0 0 0 standing 
9 898 423 931 512 73299 0 0 1 standing 
10 891 454 931 541 73280 0 0 0 standing 
10 893 455 932 543 73281 0 0 1 standing 
10 895 456 934 545 73282 0 0 1 standing 
10 897 458 936 547 73283 0 0 0 standing 
10 897 458 936 549 73284 0 0 1 standing 
10 898 458 937 551 73285 0 0 1 standing 
10 899 459 938 553 73286 0 0 0 standing 
10 901 459 940 553 73287 0 0 1 standing 
10 903 459 942 553 73288 0 0 1 standing 
10 906 459 944 554 73289 0 0 0 standing 
10 908 458 946 553 73290 0 0 1 standing 
10 910 458 948 552 73291 0 0 1 standing 
10 913 458 951 552 73292 0 0 0 standing 
10 915 458 953 552 73293 0 0 1 standing 
10 918 459 956 553 73294 0 0 1 standing 
10 921 460 959 554 73295 0 0 0 standing 
10 922 460 960 554 73296 0 0 1 standing 
10 924 460 962 554 73297 0 0 1 standing 
10 925 460 963 554 73298 0 0 1 standing 
10 927 460 965 554 73299 0 0 1 standing 
11 827 461 867 561 73280 0 0 0 standing 
11 825 465 865 565 73281 0 0 1 standing 
11 824 469 863 570 73282 0 0 1 standing 
11 823 473 862 575 73283 0 0 0 standing 
11 827 474 866 576 73284 0 0 1 standing 
11 831 475 870 577 73285 0 0 1 standing 
11 836 476 875 578 73286 0 0 0 standing 
11 837 473 876 577 73287 0 0 1 standing 
11 838 470 877 577 73288 0 0 1 standing 
11 840 468 878 577 73289 0 0 0 standing 
11 844 470 882 580 73290 0 0 1 standing 
11 849 472 887 584 73291 0 0 1 standing 
11 854 475 892 588 73292 0 0 0 standing 
11 854 478 894 590 73293 0 0 1 standing 
11 855 481 896 592 73294 0 0 1 standing 
11 856 485 898 595 73295 0 0 0 standing 
11 856 487 900 594 73296 0 0 1 standing 
11 857 490 903 593 73297 0 0 1 standing 
11 858 493 906 592 73298 0 0 0 standing 
11 858 493 906 592 73299 0 0 1 standing 
