0 86 391 143 529 55370 0 0 0 moving 
0 89 390 146 527 55371 0 0 1 moving 
0 93 390 150 526 55372 0 0 1 moving 
0 97 390 153 524 55373 0 0 1 moving 
0 100 389 157 523 55374 0 0 1 moving 
0 104 389 161 522 55375 0 0 1 moving 
0 108 389 164 520 55376 0 0 1 moving 
0 111 388 168 519 55377 0 0 1 moving 
0 115 388 171 517 55378 0 0 1 moving 
0 119 388 175 516 55379 0 0 1 moving 
0 123 388 179 515 55380 0 0 0 moving 
0 127 384 182 514 55381 0 0 1 moving 
0 131 381 186 513 55382 0 0 1 moving 
0 135 378 190 512 55383 0 0 1 moving 
0 139 375 194 512 55384 0 0 1 moving 
0 143 372 198 511 55385 0 0 1 moving 
0 147 369 202 510 55386 0 0 1 moving 
0 152 366 206 510 55387 0 0 0 moving 
0 156 368 210 509 55388 0 0 1 moving 
0 160 370 215 509 55389 0 0 1 moving 
1 202 457 262 611 55370 0 0 0 moving 
1 202 455 262 609 55371 0 0 1 standing 
1 202 454 262 608 55372 0 0 1 standing 
1 203 453 263 607 55373 0 0 1 standing 
1 203 452 263 606 55374 0 0 1 standing 
1 204 451 264 605 55375 0 0 1 standing 
1 204 450 264 604 55376 0 0 1 standing 
1 204 449 264 603 55377 0 0 1 standing 
1 205 448 265 602 55378 0 0 1 standing 
1 205 447 265 601 55379 0 0 1 standing 
1 206 446 266 600 55380 0 0 0 standing 
1 208 445 267 598 55381 0 0 1 standing 
1 211 444 268 597 55382 0 0 1 standing 
1 214 443 270 596 55383 0 0 1 standing 
1 216 442 271 595 55384 0 0 1 standing 
1 219 441 273 594 55385 0 0 1 standing 
1 222 440 274 593 55386 0 0 1 standing 
1 224 439 275 592 55387 0 0 1 standing 
1 227 438 277 591 55388 0 0 1 standing 
1 230 437 278 590 55389 0 0 1 standing 
2 352 330 394 439 55370 0 0 0 standing 
2 351 326 393 436 55371 0 0 1 moving 
2 350 322 392 433 55372 0 0 1 moving 
2 350 319 391 430 55373 0 0 0 moving 
2 350 319 391 427 55374 0 0 1 moving 
2 350 320 391 424 55375 0 0 1 moving 
2 350 321 391 421 55376 0 0 1 moving 
2 350 322 391 419 55377 0 0 0 moving 
2 348 323 389 417 55378 0 0 1 moving 
2 347 324 388 415 55379 0 0 1 moving 
2 346 326 387 413 55380 0 0 0 moving 
2 347 324 388 411 55381 0 0 1 moving 
2 348 322 389 410 55382 0 0 1 moving 
2 349 320 390 409 55383 0 0 1 moving 
2 350 318 391 408 55384 0 0 1 moving 
2 351 316 392 406 55385 0 0 1 moving 
2 352 314 393 405 55386 0 0 1 moving 
2 353 312 394 404 55387 0 0 1 moving 
2 354 310 395 403 55388 0 0 1 moving 
2 355 308 397 402 55389 0 0 0 moving 
3 415 415 469 512 55370 0 1 0 moving 
3 416 415 470 511 55371 0 1 1 digging 
3 418 415 471 511 55372 0 1 1 digging 
3 419 415 472 510 55373 0 1 1 digging 
3 421 416 473 510 55374 0 1 0 digging 
3 421 413 473 508 55375 0 1 1 digging 
3 421 411 473 507 55376 0 1 1 digging 
3 422 409 474 506 55377 0 1 1 digging 
3 422 407 474 504 55378 0 1 1 digging 
3 422 405 474 503 55379 0 1 1 digging 
3 423 403 475 502 55380 0 1 0 digging 
3 423 400 474 502 55381 0 1 1 digging 
3 424 397 474 502 55382 0 1 1 digging 
3 425 394 474 502 55383 0 1 0 digging 
3 423 392 472 499 55384 0 1 1 digging 
3 422 390 470 497 55385 0 1 1 digging 
3 421 388 468 494 55386 0 1 1 digging 
3 420 386 467 492 55387 0 1 0 digging 
3 417 385 464 491 55388 0 1 1 digging 
3 415 385 462 490 55389 0 1 1 digging 
4 548 373 595 521 55370 0 0 0 digging 
4 548 372 595 520 55371 0 0 1 standing 
4 548 371 595 519 55372 0 0 1 standing 
4 548 370 595 518 55373 0 0 1 standing 
4 548 369 595 517 55374 0 0 1 standing 
4 548 368 595 516 55375 0 0 1 standing 
4 548 367 595 515 55376 0 0 1 standing 
4 548 366 595 514 55377 0 0 1 standing 
4 548 365 595 513 55378 0 0 1 standing 
4 548 364 595 512 55379 0 0 1 standing 
4 548 364 595 512 55380 0 0 0 standing 
4 547 364 594 511 55381 0 0 1 standing 
4 546 364 593 510 55382 0 0 1 standing 
4 545 364 592 509 55383 0 0 1 standing 
4 545 364 592 509 55384 0 0 0 standing 
4 543 365 590 509 55385 0 0 1 standing 
4 542 366 589 509 55386 0 0 1 standing 
4 541 367 587 509 55387 0 0 1 standing 
4 540 368 586 510 55388 0 0 0 standing 
4 539 370 584 510 55389 0 0 1 standing 
5 654 356 693 480 55370 0 0 0 standing 
5 653 353 692 479 55371 0 0 1 standing 
5 653 351 691 478 55372 0 0 1 standing 
5 652 349 691 477 55373 0 0 1 standing 
5 652 346 690 476 55374 0 0 1 standing 
5 651 344 690 475 55375 0 0 1 standing 
5 651 342 689 474 55376 0 0 1 standing 
5 650 339 688 473 55377 0 0 1 standing 
5 650 337 688 472 55378 0 0 1 standing 
5 649 335 687 471 55379 0 0 1 standing 
5 649 333 687 471 55380 0 0 0 standing 
5 648 331 685 470 55381 0 0 1 standing 
5 647 329 684 469 55382 0 0 1 standing 
5 646 327 683 468 55383 0 0 1 standing 
5 645 325 682 468 55384 0 0 0 standing 
5 644 325 681 467 55385 0 0 1 standing 
5 643 325 680 467 55386 0 0 1 standing 
5 642 326 679 466 55387 0 0 1 standing 
5 641 326 678 466 55388 0 0 1 standing 
5 640 326 677 465 55389 0 0 1 standing 
6 996 320 1034 461 55370 0 0 0 standing 
6 995 319 1033 459 55371 0 0 1 standing 
6 994 318 1033 458 55372 0 0 1 standing 
6 994 317 1032 457 55373 0 0 1 standing 
6 993 316 1032 456 55374 0 0 1 standing 
6 993 316 1031 455 55375 0 0 1 standing 
6 992 315 1031 454 55376 0 0 1 standing 
6 991 314 1030 453 55377 0 0 1 standing 
6 991 313 1030 452 55378 0 0 1 standing 
6 990 312 1029 451 55379 0 0 1 standing 
6 990 312 1029 450 55380 0 0 0 standing 
6 989 310 1028 448 55381 0 0 1 standing 
6 988 309 1027 447 55382 0 0 1 standing 
6 987 307 1026 445 55383 0 0 1 standing 
6 986 306 1025 444 55384 0 0 1 standing 
6 985 305 1025 443 55385 0 0 0 standing 
6 983 305 1023 443 55386 0 0 1 standing 
6 981 305 1021 443 55387 0 0 1 standing 
6 979 306 1020 443 55388 0 0 1 standing 
6 977 306 1018 443 55389 0 0 1 standing 
7 933 449 988 584 55370 0 0 0 standing 
7 939 448 994 584 55371 0 0 1 standing 
7 946 447 1001 585 55372 0 0 1 standing 
7 953 446 1008 585 55373 0 0 1 standing 
7 960 446 1015 586 55374 0 0 0 standing 
7 963 444 1017 586 55375 0 0 1 standing 
7 966 443 1020 586 55376 0 0 1 standing 
7 969 442 1023 586 55377 0 0 1 standing 
7 972 441 1026 586 55378 0 0 1 standing 
7 975 440 1029 586 55379 0 0 1 standing 
7 978 439 1032 586 55380 0 0 0 standing 
7 980 439 1034 586 55381 0 0 1 standing 
7 982 440 1036 586 55382 0 0 1 standing 
7 985 440 1038 586 55383 0 0 1 standing 
7 987 441 1040 586 55384 0 0 1 standing 
7 990 442 1043 587 55385 0 0 0 standing 
7 991 442 1044 587 55386 0 0 1 standing 
7 993 443 1046 587 55387 0 0 1 standing 
7 994 443 1047 587 55388 0 0 1 standing 
7 996 444 1049 587 55389 0 0 0 standing 
8 340 477 399 638 55370 0 0 0 standing 
8 335 479 393 639 55371 0 0 1 moving 
8 330 482 388 641 55372 0 0 1 moving 
8 325 484 383 643 55373 0 0 1 moving 
8 320 487 378 645 55374 0 0 1 moving 
8 315 490 373 647 55375 0 0 0 moving 
8 312 491 370 648 55376 0 0 1 moving 
8 310 493 368 649 55377 0 0 1 moving 
8 308 495 366 650 55378 0 0 1 moving 
8 305 496 363 651 55379 0 0 1 moving 
8 303 498 361 652 55380 0 0 1 moving 
8 301 500 359 653 55381 0 0 1 moving 
8 299 502 357 654 55382 0 0 0 moving 
8 297 498 357 650 55383 0 0 1 moving 
8 296 495 358 647 55384 0 0 1 moving 
8 295 491 359 643 55385 0 0 1 moving 
8 294 488 360 640 55386 0 0 1 moving 
8 293 485 361 636 55387 0 0 1 moving 
8 292 481 362 633 55388 0 0 1 moving 
8 291 478 363 629 55389 0 0 1 moving 
9 657 381 699 517 55370 0 0 0 moving 
9 656 379 698 515 55371 0 0 1 standing 
9 655 377 697 514 55372 0 0 1 standing 
9 654 375 696 513 55373 0 0 1 standing 
9 654 374 695 512 55374 0 0 1 standing 
9 653 372 695 511 55375 0 0 1 standing 
9 652 370 694 509 55376 0 0 1 standing 
9 652 369 693 508 55377 0 0 1 standing 
9 651 367 692 507 55378 0 0 1 standing 
9 650 365 691 506 55379 0 0 1 standing 
9 650 364 691 505 55380 0 0 0 standing 
9 649 362 691 502 55381 0 0 1 standing 
9 648 360 692 500 55382 0 0 1 standing 
9 648 358 693 498 55383 0 0 0 standing 
9 647 357 692 497 55384 0 0 1 standing 
9 647 356 691 497 55385 0 0 1 standing 
9 646 356 690 496 55386 0 0 1 standing 
9 646 355 689 496 55387 0 0 1 standing 
9 646 355 688 496 55388 0 0 0 standing 
9 644 353 686 494 55389 0 0 1 standing 
10 999 369 1055 511 55370 0 0 0 standing 
10 1000 368 1056 509 55371 0 0 1 standing 
10 1001 368 1058 508 55372 0 0 1 standing 
10 1002 367 1059 507 55373 0 0 1 standing 
10 1004 367 1061 505 55374 0 0 1 standing 
10 1005 366 1062 504 55375 0 0 1 standing 
10 1006 366 1064 503 55376 0 0 1 standing 
10 1008 365 1065 501 55377 0 0 1 standing 
10 1009 365 1067 500 55378 0 0 1 standing 
10 1010 364 1068 499 55379 0 0 1 standing 
10 1012 364 1070 498 55380 0 0 0 standing 
10 1012 363 1070 497 55381 0 0 1 standing 
10 1012 362 1070 496 55382 0 0 1 standing 
10 1012 362 1070 496 55383 0 0 1 standing 
10 1013 361 1071 495 55384 0 0 1 standing 
10 1013 361 1071 495 55385 0 0 1 standing 
10 1013 360 1071 494 55386 0 0 1 standing 
10 1014 359 1072 493 55387 0 0 1 standing 
10 1014 359 1072 493 55388 0 0 1 standing 
10 1014 358 1072 492 55389 0 0 1 standing 
11 638 411 679 571 55370 0 0 0 standing 
11 638 410 679 570 55371 0 0 1 standing 
11 638 409 679 569 55372 0 0 1 standing 
11 639 408 680 568 55373 0 0 1 standing 
11 639 407 680 567 55374 0 0 1 standing 
11 640 407 681 567 55375 0 0 0 standing 
11 640 406 681 566 55376 0 0 1 standing 
11 640 405 681 565 55377 0 0 1 standing 
11 640 404 681 564 55378 0 0 1 standing 
11 640 403 681 563 55379 0 0 1 standing 
11 640 403 681 563 55380 0 0 0 standing 
11 639 402 681 561 55381 0 0 1 standing 
11 639 402 682 560 55382 0 0 1 standing 
11 639 402 682 559 55383 0 0 1 standing 
11 638 402 683 557 55384 0 0 1 standing 
11 638 402 683 556 55385 0 0 1 standing 
11 638 402 684 555 55386 0 0 1 standing 
11 638 402 685 554 55387 0 0 0 standing 
11 638 401 686 553 55388 0 0 1 standing 
11 638 401 687 552 55389 0 0 1 standing 
