0 501 383 563 544 30030 0 1 0 spiking 
0 497 381 560 540 30031 0 1 1 spiking 
0 494 379 558 536 30032 0 1 1 spiking 
0 491 377 555 533 30033 0 1 1 spiking 
0 488 375 553 529 30034 0 1 1 spiking 
0 484 373 550 525 30035 0 1 1 spiking 
0 481 371 548 522 30036 0 1 1 spiking 
0 478 369 545 518 30037 0 1 1 spiking 
0 475 367 543 515 30038 0 1 0 spiking 
0 468 369 535 515 30039 0 1 1 spiking 
0 462 371 528 515 30040 0 1 1 spiking 
0 456 374 521 516 30041 0 1 0 spiking 
0 439 381 503 521 30042 0 1 1 spiking 
0 423 388 486 526 30043 0 1 1 spiking 
0 407 395 469 531 30044 0 1 1 spiking 
0 391 402 452 537 30045 0 1 0 spiking 
0 370 409 430 542 30046 0 1 1 spiking 
0 349 416 408 547 30047 0 1 1 spiking 
0 329 423 387 552 30048 0 1 1 spiking 
0 308 430 365 557 30049 0 1 1 spiking 
1 717 433 767 558 30030 0 1 0 spiking 
1 707 427 757 555 30031 0 1 1 blocking 
1 697 422 747 553 30032 0 1 1 blocking 
1 688 417 737 551 30033 0 1 1 blocking 
1 678 411 728 548 30034 0 1 1 blocking 
1 669 406 718 546 30035 0 1 1 blocking 
1 659 401 708 544 30036 0 1 1 blocking 
1 649 395 699 541 30037 0 1 1 blocking 
1 640 390 689 539 30038 0 1 1 blocking 
1 630 385 679 537 30039 0 1 1 blocking 
1 621 380 670 535 30040 0 1 0 blocking 
1 603 378 652 533 30041 0 1 1 blocking 
1 585 377 634 532 30042 0 1 1 blocking 
1 567 375 616 530 30043 0 1 1 blocking 
1 549 374 598 529 30044 0 1 1 blocking 
1 531 373 580 528 30045 0 1 0 blocking 
1 503 380 552 535 30046 0 1 1 blocking 
1 476 388 525 543 30047 0 1 1 blocking 
1 449 395 498 550 30048 0 1 1 blocking 
1 422 403 471 558 30049 0 1 1 blocking 
2 714 378 768 502 30030 0 0 0 blocking 
2 705 380 759 504 30031 0 0 1 blocking 
2 697 382 751 506 30032 0 0 1 blocking 
2 689 385 743 509 30033 0 0 0 blocking 
2 682 386 734 509 30034 0 0 1 blocking 
2 676 387 725 509 30035 0 0 1 blocking 
2 670 388 716 510 30036 0 0 0 blocking 
2 659 387 705 509 30037 0 0 1 blocking 
2 648 386 694 508 30038 0 0 1 blocking 
2 637 385 683 507 30039 0 0 0 blocking 
2 625 384 671 506 30040 0 0 1 blocking 
2 613 383 659 505 30041 0 0 1 blocking 
2 602 383 648 505 30042 0 0 0 blocking 
2 580 383 628 504 30043 0 0 1 blocking 
2 559 383 609 504 30044 0 0 1 blocking 
2 538 383 590 504 30045 0 0 0 blocking 
2 512 382 564 502 30046 0 0 1 blocking 
2 487 381 538 501 30047 0 0 1 blocking 
2 461 381 512 499 30048 0 0 1 blocking 
2 436 380 486 498 30049 0 0 1 blocking 
3 973 392 1034 502 30030 0 0 0 blocking 
3 965 391 1026 501 30031 0 0 1 digging 
3 957 390 1018 500 30032 0 0 1 digging 
3 949 389 1010 499 30033 0 0 0 digging 
3 940 388 1002 499 30034 0 0 1 digging 
3 932 388 995 500 30035 0 0 1 digging 
3 924 388 988 501 30036 0 0 0 digging 
3 915 388 979 500 30037 0 0 1 digging 
3 907 388 970 499 30038 0 0 1 digging 
3 899 389 962 498 30039 0 0 0 digging 
3 887 388 952 497 30040 0 0 1 digging 
3 875 388 942 496 30041 0 0 1 digging 
3 863 388 932 496 30042 0 0 0 digging 
3 845 388 912 495 30043 0 0 1 digging 
3 827 388 892 494 30044 0 0 1 digging 
3 810 388 872 494 30045 0 0 0 digging 
3 783 385 845 493 30046 0 0 1 digging 
3 756 383 818 493 30047 0 0 1 digging 
3 730 380 791 492 30048 0 0 1 digging 
3 703 378 764 492 30049 0 0 1 digging 
4 1101 420 1169 538 30030 0 0 0 digging 
4 1090 419 1158 537 30031 0 0 1 waiting 
4 1079 419 1147 536 30032 0 0 1 waiting 
4 1069 419 1137 535 30033 0 0 0 waiting 
4 1057 422 1123 535 30034 0 0 1 waiting 
4 1045 425 1110 535 30035 0 0 1 waiting 
4 1034 428 1097 536 30036 0 0 0 waiting 
4 1024 428 1085 536 30037 0 0 1 waiting 
4 1014 428 1073 536 30038 0 0 1 waiting 
4 1004 428 1062 536 30039 0 0 0 waiting 
4 990 428 1046 531 30040 0 0 1 waiting 
4 977 429 1030 526 30041 0 0 1 waiting 
4 964 430 1014 521 30042 0 0 0 waiting 
4 940 431 994 528 30043 0 0 1 waiting 
4 917 432 974 535 30044 0 0 1 waiting 
4 894 433 955 543 30045 0 0 0 waiting 
4 867 438 930 542 30046 0 0 1 waiting 
4 841 443 905 541 30047 0 0 1 waiting 
4 814 448 880 541 30048 0 0 1 waiting 
4 788 453 855 540 30049 0 0 1 waiting 
5 1080 464 1159 608 30030 0 0 0 waiting 
5 1071 465 1149 608 30031 0 0 1 waiting 
5 1062 466 1140 609 30032 0 0 1 waiting 
5 1053 468 1131 610 30033 0 0 0 waiting 
5 1045 469 1120 608 30034 0 0 1 waiting 
5 1037 470 1109 606 30035 0 0 1 waiting 
5 1030 471 1098 605 30036 0 0 0 waiting 
5 1020 472 1087 608 30037 0 0 1 waiting 
5 1011 474 1076 611 30038 0 0 1 waiting 
5 1002 476 1066 614 30039 0 0 0 waiting 
5 991 477 1059 613 30040 0 0 1 waiting 
5 981 478 1052 612 30041 0 0 1 waiting 
5 971 480 1045 611 30042 0 0 0 waiting 
5 953 481 1025 609 30043 0 0 1 waiting 
5 936 482 1005 607 30044 0 0 1 waiting 
5 919 483 986 606 30045 0 0 0 waiting 
5 888 481 962 605 30046 0 0 1 waiting 
5 858 480 938 605 30047 0 0 1 waiting 
5 828 479 915 604 30048 0 0 1 waiting 
5 798 478 891 604 30049 0 0 1 waiting 
6 536 392 592 554 30030 0 0 0 waiting 
6 523 401 585 560 30031 0 0 1 standing 
6 510 411 578 567 30032 0 0 1 standing 
6 497 421 571 574 30033 0 0 0 standing 
6 485 432 560 581 30034 0 0 1 standing 
6 473 443 549 588 30035 0 0 1 standing 
6 461 454 539 596 30036 0 0 0 standing 
6 449 454 527 595 30037 0 0 1 standing 
6 437 454 515 594 30038 0 0 1 standing 
6 426 454 504 594 30039 0 0 0 standing 
6 408 449 482 595 30040 0 0 1 standing 
6 391 445 460 596 30041 0 0 1 standing 
6 374 441 439 598 30042 0 0 0 standing 
6 349 443 413 597 30043 0 0 1 standing 
6 324 446 387 596 30044 0 0 1 standing 
6 299 449 362 595 30045 0 0 0 standing 
6 265 452 330 597 30046 0 0 1 standing 
6 231 456 299 599 30047 0 0 1 standing 
6 197 460 267 602 30048 0 0 1 standing 
6 163 464 236 604 30049 0 0 1 standing 
7 439 495 536 639 30030 0 0 0 standing 
7 442 500 528 639 30031 0 0 1 standing 
7 446 505 520 639 30032 0 0 1 standing 
7 450 510 513 639 30033 0 0 0 standing 
7 453 506 522 636 30034 0 0 1 standing 
7 457 503 532 634 30035 0 0 1 standing 
7 461 500 542 632 30036 0 0 0 standing 
7 454 496 535 634 30037 0 0 1 standing 
7 448 492 528 636 30038 0 0 1 standing 
7 442 489 521 639 30039 0 0 0 standing 
7 437 484 509 636 30040 0 0 1 standing 
7 433 479 498 633 30041 0 0 1 standing 
7 429 474 487 631 30042 0 0 0 standing 
7 415 471 470 629 30043 0 0 1 standing 
7 401 468 454 627 30044 0 0 1 standing 
7 387 466 438 625 30045 0 0 0 standing 
7 363 468 419 626 30046 0 0 1 standing 
7 339 470 401 627 30047 0 0 1 standing 
7 315 472 383 628 30048 0 0 1 standing 
7 291 474 365 629 30049 0 0 1 standing 
8 360 436 434 544 30030 0 0 0 standing 
8 366 434 441 544 30031 0 0 1 standing 
8 373 433 449 544 30032 0 0 1 standing 
8 380 432 457 544 30033 0 0 0 standing 
8 379 428 456 541 30034 0 0 1 standing 
8 378 425 456 539 30035 0 0 1 standing 
8 377 422 456 537 30036 0 0 0 standing 
8 381 417 455 538 30037 0 0 1 standing 
8 386 413 455 540 30038 0 0 1 standing 
8 391 409 455 542 30039 0 0 0 standing 
8 384 406 448 532 30040 0 0 1 standing 
8 377 404 441 522 30041 0 0 1 standing 
8 371 402 434 513 30042 0 0 0 standing 
8 358 401 421 519 30043 0 0 1 standing 
8 345 401 408 525 30044 0 0 1 standing 
8 332 401 395 531 30045 0 0 0 standing 
8 309 407 373 528 30046 0 0 1 standing 
8 286 413 351 525 30047 0 0 1 standing 
8 264 419 329 522 30048 0 0 1 standing 
8 241 425 307 519 30049 0 0 1 standing 
9 430 364 478 448 30030 0 0 0 standing 
9 425 363 483 450 30031 0 0 1 moving 
9 420 363 488 452 30032 0 0 1 moving 
9 415 363 493 454 30033 0 0 0 moving 
9 419 363 493 455 30034 0 0 1 moving 
9 423 364 493 457 30035 0 0 1 moving 
9 427 365 493 459 30036 0 0 0 moving 
9 429 365 489 458 30037 0 0 1 moving 
9 431 365 486 458 30038 0 0 1 moving 
9 433 365 483 458 30039 0 0 0 moving 
9 430 363 480 456 30040 0 0 1 moving 
9 427 361 477 455 30041 0 0 1 moving 
9 424 360 474 454 30042 0 0 0 moving 
9 412 360 462 454 30043 0 0 1 moving 
9 400 360 450 454 30044 0 0 1 moving 
9 389 361 439 455 30045 0 0 0 moving 
9 365 360 417 458 30046 0 0 1 moving 
9 342 359 395 461 30047 0 0 1 moving 
9 318 359 374 464 30048 0 0 1 moving 
9 295 358 352 467 30049 0 0 1 moving 
10 311 383 353 501 30030 0 0 0 moving 
10 302 383 352 500 30031 0 0 1 standing 
10 293 383 352 500 30032 0 0 1 standing 
10 284 383 352 500 30033 0 0 0 standing 
10 281 383 342 499 30034 0 0 1 standing 
10 278 384 332 499 30035 0 0 1 standing 
10 275 385 322 499 30036 0 0 0 standing 
10 271 382 315 500 30037 0 0 1 standing 
10 268 380 308 501 30038 0 0 1 standing 
10 265 378 301 502 30039 0 0 0 standing 
10 255 376 292 501 30040 0 0 1 standing 
10 245 375 283 501 30041 0 0 1 standing 
10 235 374 275 501 30042 0 0 0 standing 
10 216 375 260 503 30043 0 0 1 standing 
10 197 377 245 505 30044 0 0 1 standing 
10 179 379 231 507 30045 0 0 0 standing 
10 151 382 203 509 30046 0 0 1 standing 
10 124 386 175 512 30047 0 0 1 standing 
10 97 389 148 514 30048 0 0 1 standing 
10 70 393 120 517 30049 0 0 1 standing 
11 725 477 771 599 30030 0 0 0 standing 
11 716 477 761 599 30031 0 0 1 standing 
11 707 477 752 600 30032 0 0 1 standing 
11 698 478 743 601 30033 0 0 0 standing 
11 686 478 736 601 30034 0 0 1 standing 
11 674 479 729 601 30035 0 0 1 standing 
11 662 480 722 602 30036 0 0 0 standing 
11 654 474 709 602 30037 0 0 1 standing 
11 646 469 697 602 30038 0 0 1 standing 
11 639 464 685 602 30039 0 0 0 standing 
11 624 459 670 603 30040 0 0 1 standing 
11 610 454 655 604 30041 0 0 1 standing 
11 596 450 641 606 30042 0 0 0 standing 
11 576 454 622 604 30043 0 0 1 standing 
11 556 458 603 603 30044 0 0 1 standing 
11 536 463 585 602 30045 0 0 0 standing 
11 508 466 556 601 30046 0 0 1 standing 
11 480 469 527 601 30047 0 0 1 standing 
11 452 472 498 601 30048 0 0 1 standing 
11 424 475 469 601 30049 0 0 1 standing 
