0 893 318 942 424 21610 0 1 0 setting 
0 877 314 933 422 21611 0 1 1 setting 
0 862 310 924 420 21612 0 1 1 setting 
0 847 306 915 419 21613 0 1 0 setting 
0 838 303 903 419 21614 0 1 1 setting 
0 830 301 892 420 21615 0 1 1 setting 
0 822 299 881 421 21616 0 1 0 setting 
0 818 294 875 420 21617 0 1 1 setting 
0 814 289 870 419 21618 0 1 1 setting 
0 811 285 864 418 21619 0 1 1 setting 
0 807 280 859 417 21620 0 1 1 setting 
0 803 275 853 416 21621 0 1 1 setting 
0 800 271 848 415 21622 0 1 0 setting 
0 800 274 849 415 21623 0 1 1 setting 
0 801 278 851 415 21624 0 1 1 setting 
0 802 281 852 415 21625 0 1 1 setting 
0 803 285 854 415 21626 0 1 1 setting 
0 803 289 856 415 21627 0 1 1 setting 
0 804 292 857 415 21628 0 1 1 setting 
0 805 296 859 415 21629 0 1 1 setting 
1 963 440 1044 593 21610 0 0 0 setting 
1 951 439 1035 591 21611 0 0 1 standing 
1 939 438 1026 589 21612 0 0 1 standing 
1 928 438 1017 588 21613 0 0 0 standing 
1 920 438 1008 587 21614 0 0 1 standing 
1 912 439 999 587 21615 0 0 1 standing 
1 904 440 990 587 21616 0 0 0 standing 
1 903 439 982 587 21617 0 0 1 standing 
1 902 439 975 587 21618 0 0 1 standing 
1 902 439 968 588 21619 0 0 0 standing 
1 900 437 962 588 21620 0 0 1 standing 
1 898 436 956 588 21621 0 0 1 standing 
1 896 435 950 589 21622 0 0 0 standing 
1 893 436 948 590 21623 0 0 1 standing 
1 890 438 947 591 21624 0 0 1 standing 
1 887 440 946 593 21625 0 0 0 standing 
1 887 440 946 593 21626 0 0 1 standing 
1 887 440 946 593 21627 0 0 1 standing 
1 887 440 946 593 21628 0 0 1 standing 
1 887 440 946 593 21629 0 0 1 standing 
2 740 388 841 512 21610 0 0 0 standing 
2 728 384 831 509 21611 0 0 1 standing 
2 716 381 822 506 21612 0 0 1 standing 
2 704 378 813 503 21613 0 0 0 standing 
2 703 375 803 502 21614 0 0 1 standing 
2 703 372 793 501 21615 0 0 1 standing 
2 703 370 784 501 21616 0 0 0 standing 
2 703 367 777 496 21617 0 0 1 standing 
2 704 365 771 491 21618 0 0 1 standing 
2 705 363 765 487 21619 0 0 0 standing 
2 700 362 762 485 21620 0 0 1 standing 
2 696 361 759 484 21621 0 0 1 standing 
2 692 360 756 483 21622 0 0 0 standing 
2 690 361 760 481 21623 0 0 1 standing 
2 689 362 765 479 21624 0 0 1 standing 
2 688 363 770 477 21625 0 0 0 standing 
2 689 363 772 476 21626 0 0 1 standing 
2 690 363 774 475 21627 0 0 1 standing 
2 692 363 776 475 21628 0 0 1 standing 
2 693 363 778 474 21629 0 0 1 standing 
3 672 309 738 406 21610 0 0 0 standing 
3 653 308 719 406 21611 0 0 1 standing 
3 634 308 701 407 21612 0 0 1 standing 
3 616 308 683 408 21613 0 0 0 standing 
3 606 309 672 408 21614 0 0 1 standing 
3 597 310 661 409 21615 0 0 1 standing 
3 588 311 650 410 21616 0 0 0 standing 
3 577 311 639 410 21617 0 0 1 standing 
3 567 311 629 410 21618 0 0 1 standing 
3 557 311 619 410 21619 0 0 0 standing 
3 545 311 609 412 21620 0 0 1 standing 
3 533 312 600 415 21621 0 0 1 standing 
3 522 313 591 418 21622 0 0 0 standing 
3 516 315 583 420 21623 0 0 1 standing 
3 510 318 575 422 21624 0 0 1 standing 
3 505 321 568 425 21625 0 0 0 standing 
3 506 321 567 424 21626 0 0 1 standing 
3 507 321 566 424 21627 0 0 1 standing 
3 509 321 566 423 21628 0 0 1 standing 
3 510 321 565 423 21629 0 0 1 standing 
4 944 403 999 537 21610 0 0 0 standing 
4 934 398 991 533 21611 0 0 1 standing 
4 924 393 983 530 21612 0 0 1 standing 
4 914 389 975 527 21613 0 0 0 standing 
4 908 385 965 522 21614 0 0 1 standing 
4 902 382 955 518 21615 0 0 1 standing 
4 897 379 946 514 21616 0 0 0 standing 
4 891 377 940 510 21617 0 0 1 standing 
4 885 375 934 506 21618 0 0 1 standing 
4 880 373 928 503 21619 0 0 0 standing 
4 875 372 923 502 21620 0 0 1 standing 
4 871 372 919 502 21621 0 0 1 standing 
4 867 372 915 502 21622 0 0 0 standing 
4 866 370 913 500 21623 0 0 1 standing 
4 866 368 911 499 21624 0 0 1 standing 
4 866 367 909 498 21625 0 0 0 standing 
4 867 366 915 494 21626 0 0 1 standing 
4 868 365 922 491 21627 0 0 1 standing 
4 869 364 928 488 21628 0 0 1 standing 
4 870 363 935 485 21629 0 0 1 standing 
5 938 360 986 459 21610 0 0 0 standing 
5 928 359 977 452 21611 0 0 1 standing 
5 918 358 968 446 21612 0 0 1 standing 
5 909 357 960 440 21613 0 0 0 standing 
5 902 355 953 440 21614 0 0 1 standing 
5 896 353 946 440 21615 0 0 1 standing 
5 890 352 939 440 21616 0 0 0 standing 
5 883 349 934 439 21617 0 0 1 standing 
5 876 346 930 438 21618 0 0 1 standing 
5 869 343 926 437 21619 0 0 0 standing 
5 870 340 925 434 21620 0 0 1 standing 
5 871 337 924 431 21621 0 0 1 standing 
5 873 335 923 428 21622 0 0 0 standing 
5 874 334 923 429 21623 0 0 1 standing 
5 875 334 924 430 21624 0 0 1 standing 
5 876 334 925 431 21625 0 0 0 standing 
5 880 333 931 431 21626 0 0 1 standing 
5 885 332 938 431 21627 0 0 1 standing 
5 889 332 944 432 21628 0 0 1 standing 
5 894 331 951 432 21629 0 0 1 standing 
6 553 391 613 523 21610 0 0 0 standing 
6 541 391 601 523 21611 0 0 1 standing 
6 529 391 589 523 21612 0 0 1 standing 
6 518 392 577 523 21613 0 0 0 standing 
6 509 392 567 523 21614 0 0 1 standing 
6 500 392 557 523 21615 0 0 1 standing 
6 491 393 548 523 21616 0 0 0 standing 
6 483 393 540 523 21617 0 0 1 standing 
6 475 393 532 523 21618 0 0 1 standing 
6 468 393 525 523 21619 0 0 0 standing 
6 461 393 518 523 21620 0 0 1 standing 
6 455 393 512 523 21621 0 0 1 standing 
6 449 393 506 523 21622 0 0 0 standing 
6 445 393 502 523 21623 0 0 1 standing 
6 441 393 498 523 21624 0 0 1 standing 
6 438 394 495 524 21625 0 0 0 standing 
6 438 394 494 523 21626 0 0 1 standing 
6 439 394 494 523 21627 0 0 1 standing 
6 439 394 494 522 21628 0 0 1 standing 
6 440 394 494 522 21629 0 0 1 standing 
7 563 330 596 462 21610 0 0 0 standing 
7 551 332 585 463 21611 0 0 1 standing 
7 539 334 574 465 21612 0 0 1 standing 
7 527 336 564 467 21613 0 0 0 standing 
7 516 337 552 468 21614 0 0 1 standing 
7 505 339 541 469 21615 0 0 1 standing 
7 495 341 530 470 21616 0 0 0 standing 
7 487 341 522 470 21617 0 0 1 standing 
7 479 341 514 470 21618 0 0 1 standing 
7 472 341 507 470 21619 0 0 0 standing 
7 464 340 499 469 21620 0 0 1 standing 
7 457 340 492 469 21621 0 0 1 standing 
7 450 340 485 469 21622 0 0 0 standing 
7 446 340 481 468 21623 0 0 1 standing 
7 442 341 477 467 21624 0 0 1 standing 
7 439 342 473 466 21625 0 0 0 standing 
7 439 342 472 464 21626 0 0 1 standing 
7 439 342 472 463 21627 0 0 1 standing 
7 439 342 472 462 21628 0 0 1 standing 
7 439 342 472 461 21629 0 0 1 standing 
8 520 327 560 454 21610 0 0 0 standing 
8 508 327 549 453 21611 0 0 1 standing 
8 496 327 539 453 21612 0 0 1 standing 
8 485 327 529 453 21613 0 0 0 standing 
8 477 326 520 450 21614 0 0 1 standing 
8 469 325 511 448 21615 0 0 1 standing 
8 461 324 503 446 21616 0 0 0 standing 
8 454 323 496 446 21617 0 0 1 standing 
8 448 323 489 446 21618 0 0 1 standing 
8 442 323 483 447 21619 0 0 0 standing 
8 437 322 476 447 21620 0 0 1 standing 
8 433 321 470 447 21621 0 0 1 standing 
8 429 320 464 447 21622 0 0 0 standing 
8 427 320 461 447 21623 0 0 1 standing 
8 425 321 458 447 21624 0 0 1 standing 
8 424 322 456 448 21625 0 0 0 standing 
8 424 322 456 446 21626 0 0 1 standing 
8 424 323 457 445 21627 0 0 1 standing 
8 424 324 457 444 21628 0 0 1 standing 
8 424 325 458 443 21629 0 0 1 standing 
9 321 374 361 510 21610 0 0 0 standing 
9 308 376 347 513 21611 0 0 1 moving 
9 295 378 334 516 21612 0 0 1 moving 
9 282 380 321 519 21613 0 0 0 moving 
9 266 383 309 521 21614 0 0 1 moving 
9 251 386 297 524 21615 0 0 1 moving 
9 236 389 286 527 21616 0 0 0 moving 
9 224 391 278 530 21617 0 0 1 moving 
9 213 394 270 533 21618 0 0 1 moving 
9 202 397 263 537 21619 0 0 0 moving 
9 194 398 254 537 21620 0 0 1 moving 
9 187 399 245 538 21621 0 0 1 moving 
9 180 400 237 539 21622 0 0 0 moving 
9 178 400 232 538 21623 0 0 1 moving 
9 176 400 227 538 21624 0 0 1 moving 
9 175 400 222 538 21625 0 0 0 moving 
9 173 402 224 539 21626 0 0 1 moving 
9 172 404 227 541 21627 0 0 1 moving 
9 170 406 229 542 21628 0 0 1 moving 
9 169 408 232 544 21629 0 0 1 moving 
10 129 322 203 442 21610 0 0 0 moving 
10 127 320 204 442 21611 0 0 1 moving 
10 126 318 205 442 21612 0 0 1 moving 
10 125 317 206 442 21613 0 0 0 moving 
10 122 317 206 441 21614 0 0 1 moving 
10 120 317 206 441 21615 0 0 1 moving 
10 118 317 206 441 21616 0 0 0 moving 
10 117 317 198 440 21617 0 0 1 moving 
10 116 317 190 440 21618 0 0 1 moving 
10 115 317 183 440 21619 0 0 0 moving 
10 112 313 177 437 21620 0 0 1 moving 
10 109 310 171 435 21621 0 0 1 moving 
10 107 307 165 433 21622 0 0 0 moving 
10 104 305 159 431 21623 0 0 1 moving 
10 102 304 154 429 21624 0 0 1 moving 
10 100 303 149 428 21625 0 0 0 moving 
10 102 304 151 427 21626 0 0 1 moving 
10 104 305 153 427 21627 0 0 1 moving 
10 107 306 156 427 21628 0 0 1 moving 
10 109 307 158 427 21629 0 0 1 moving 
11 36 377 87 503 21610 0 0 0 moving 
11 25 378 80 503 21611 0 0 1 moving 
11 14 379 73 504 21612 0 0 1 moving 
11 4 381 66 505 21613 0 0 0 moving 
11 2 381 61 502 21614 0 0 1 moving 
11 1 381 57 500 21615 0 0 1 moving 
11 0 382 53 498 21616 0 0 0 moving 
11 0 382 47 498 21617 0 0 1 moving 
11 0 382 42 498 21618 0 0 1 moving 
11 0 383 37 499 21619 0 0 0 moving 
11 0 383 31 499 21620 0 0 1 moving 
11 0 383 25 499 21621 0 0 1 moving 
11 0 384 20 500 21622 0 0 0 moving 
11 0 387 17 503 21623 0 0 1 moving 
11 0 391 14 506 21624 0 0 1 moving 
11 0 395 11 510 21625 0 0 0 moving 
11 0 395 11 509 21626 0 0 1 moving 
11 0 395 11 509 21627 0 0 1 moving 
11 0 395 11 509 21628 0 0 0 moving 
11 0 395 11 509 21629 0 0 1 moving 
