0 884 431 941 571 60545 0 0 0 standing 
0 892 428 950 568 60546 0 0 1 standing 
0 901 426 960 565 60547 0 0 1 standing 
0 910 424 970 562 60548 0 0 1 standing 
0 919 421 979 559 60549 0 0 1 standing 
0 928 419 989 556 60550 0 0 1 standing 
0 937 417 999 554 60551 0 0 0 standing 
0 936 417 998 554 60552 0 0 1 standing 
0 935 418 998 554 60553 0 0 1 standing 
0 934 419 998 554 60554 0 0 1 standing 
0 933 420 998 555 60555 0 0 0 standing 
0 930 417 993 551 60556 0 0 1 standing 
0 927 414 988 548 60557 0 0 1 standing 
0 924 411 983 545 60558 0 0 1 standing 
0 921 408 978 542 60559 0 0 1 standing 
0 918 405 973 539 60560 0 0 1 standing 
0 915 403 968 536 60561 0 0 0 standing 
0 907 401 957 534 60562 0 0 1 standing 
0 899 400 946 533 60563 0 0 1 standing 
0 891 398 935 531 60564 0 0 1 standing 
1 978 393 1047 504 60545 0 0 0 standing 
1 985 393 1055 504 60546 0 0 1 waiting 
1 992 394 1064 504 60547 0 0 1 waiting 
1 1000 394 1072 504 60548 0 0 1 waiting 
1 1007 395 1081 504 60549 0 0 1 waiting 
1 1014 395 1089 504 60550 0 0 1 waiting 
1 1022 396 1098 505 60551 0 0 0 waiting 
1 1019 397 1096 505 60552 0 0 1 waiting 
1 1016 399 1095 506 60553 0 0 1 waiting 
1 1013 400 1093 506 60554 0 0 1 waiting 
1 1010 402 1092 507 60555 0 0 1 waiting 
1 1007 403 1090 507 60556 0 0 1 waiting 
1 1004 405 1089 508 60557 0 0 0 waiting 
1 998 403 1081 508 60558 0 0 1 waiting 
1 992 402 1074 508 60559 0 0 1 waiting 
1 986 400 1067 508 60560 0 0 1 waiting 
1 980 399 1060 508 60561 0 0 0 waiting 
1 973 398 1051 508 60562 0 0 1 waiting 
1 966 397 1042 508 60563 0 0 1 waiting 
1 959 396 1033 508 60564 0 0 1 waiting 
2 1161 376 1224 481 60545 0 0 0 waiting 
2 1171 376 1233 482 60546 0 0 1 waiting 
2 1182 376 1242 483 60547 0 0 1 waiting 
2 1193 376 1251 485 60548 0 0 1 waiting 
2 1204 376 1260 486 60549 0 0 1 waiting 
2 1215 376 1269 487 60550 0 0 1 waiting 
2 1226 376 1278 489 60551 0 0 0 waiting 
2 1227 375 1277 490 60552 0 0 1 waiting 
2 1229 375 1277 492 60553 0 0 1 waiting 
2 1230 374 1277 493 60554 0 0 1 waiting 
2 1232 374 1277 495 60555 0 0 0 waiting 
2 1226 373 1272 494 60556 0 0 1 waiting 
2 1220 372 1267 493 60557 0 0 1 waiting 
2 1214 371 1262 492 60558 0 0 1 waiting 
2 1208 370 1257 491 60559 0 0 1 waiting 
2 1202 369 1252 490 60560 0 0 1 waiting 
2 1196 369 1248 490 60561 0 0 0 waiting 
2 1182 368 1235 489 60562 0 0 1 waiting 
2 1169 367 1223 488 60563 0 0 1 waiting 
2 1155 366 1211 487 60564 0 0 1 waiting 
3 834 284 874 422 60545 0 0 0 waiting 
3 841 282 881 418 60546 0 0 1 standing 
3 849 280 889 414 60547 0 0 1 standing 
3 857 278 897 410 60548 0 0 1 standing 
3 864 276 905 406 60549 0 0 1 standing 
3 872 274 913 402 60550 0 0 1 standing 
3 880 273 921 398 60551 0 0 0 standing 
3 877 278 918 401 60552 0 0 1 standing 
3 874 284 916 404 60553 0 0 1 standing 
3 871 289 913 408 60554 0 0 1 standing 
3 868 295 911 411 60555 0 0 1 standing 
3 865 300 908 414 60556 0 0 1 standing 
3 863 306 906 418 60557 0 0 0 standing 
3 855 307 899 419 60558 0 0 1 standing 
3 847 308 893 421 60559 0 0 1 standing 
3 839 309 886 422 60560 0 0 1 standing 
3 831 311 880 424 60561 0 0 0 standing 
3 816 312 866 424 60562 0 0 1 standing 
3 801 313 852 425 60563 0 0 1 standing 
3 786 314 838 425 60564 0 0 1 standing 
4 496 425 579 551 60545 0 1 0 standing 
4 506 426 589 550 60546 0 1 1 digging 
4 517 427 600 549 60547 0 1 1 digging 
4 528 428 610 549 60548 0 1 1 digging 
4 539 429 621 548 60549 0 1 1 digging 
4 550 431 632 548 60550 0 1 0 digging 
4 550 433 632 548 60551 0 1 1 digging 
4 550 435 632 548 60552 0 1 1 digging 
4 551 437 632 549 60553 0 1 1 digging 
4 551 439 632 549 60554 0 1 1 digging 
4 552 441 633 550 60555 0 1 0 digging 
4 547 441 628 551 60556 0 1 1 digging 
4 542 442 623 552 60557 0 1 1 digging 
4 537 442 618 553 60558 0 1 1 digging 
4 532 443 613 555 60559 0 1 0 digging 
4 520 442 604 554 60560 0 1 1 digging 
4 509 441 596 554 60561 0 1 1 digging 
4 498 440 587 554 60562 0 1 1 digging 
4 487 440 579 554 60563 0 1 0 digging 
4 476 439 565 553 60564 0 1 1 digging 
5 482 321 537 415 60545 0 0 0 digging 
5 489 321 544 415 60546 0 0 1 waiting 
5 496 322 551 416 60547 0 0 1 waiting 
5 503 323 558 417 60548 0 0 1 waiting 
5 510 324 565 417 60549 0 0 1 waiting 
5 517 325 572 418 60550 0 0 1 waiting 
5 524 326 579 419 60551 0 0 0 waiting 
5 525 326 580 419 60552 0 0 1 waiting 
5 526 326 581 419 60553 0 0 1 waiting 
5 527 326 582 419 60554 0 0 1 waiting 
5 529 327 584 420 60555 0 0 0 waiting 
5 520 327 577 421 60556 0 0 1 waiting 
5 512 327 570 422 60557 0 0 1 waiting 
5 504 328 563 423 60558 0 0 1 waiting 
5 495 328 556 424 60559 0 0 1 waiting 
5 487 328 549 425 60560 0 0 1 waiting 
5 479 329 542 426 60561 0 0 0 waiting 
5 468 329 532 427 60562 0 0 1 waiting 
5 457 330 523 428 60563 0 0 1 waiting 
5 446 331 514 429 60564 0 0 1 waiting 
6 381 387 446 506 60545 0 0 0 waiting 
6 386 386 450 505 60546 0 0 1 digging 
6 392 386 455 504 60547 0 0 1 digging 
6 397 385 459 504 60548 0 0 1 digging 
6 403 385 464 503 60549 0 0 1 digging 
6 409 385 469 503 60550 0 0 1 digging 
6 414 384 473 502 60551 0 0 1 digging 
6 420 384 478 501 60552 0 0 1 digging 
6 425 383 482 501 60553 0 0 1 digging 
6 431 383 487 500 60554 0 0 1 digging 
6 437 383 492 500 60555 0 0 0 digging 
6 431 382 483 499 60556 0 0 1 digging 
6 425 381 474 499 60557 0 0 1 digging 
6 420 381 465 499 60558 0 0 0 digging 
6 410 381 457 500 60559 0 0 1 digging 
6 401 381 450 501 60560 0 0 1 digging 
6 391 381 443 502 60561 0 0 1 digging 
6 382 382 436 504 60562 0 0 0 digging 
6 370 382 424 505 60563 0 0 1 digging 
6 358 383 412 507 60564 0 0 1 digging 
7 735 423 808 541 60545 0 0 0 digging 
7 738 422 813 538 60546 0 0 1 waiting 
7 741 421 819 536 60547 0 0 1 waiting 
7 744 420 825 534 60548 0 0 1 waiting 
7 747 419 830 531 60549 0 0 1 waiting 
7 750 418 836 529 60550 0 0 1 waiting 
7 754 418 842 527 60551 0 0 0 waiting 
7 754 419 839 528 60552 0 0 1 waiting 
7 754 420 836 529 60553 0 0 1 waiting 
7 754 421 833 530 60554 0 0 1 waiting 
7 755 422 830 531 60555 0 0 0 waiting 
7 751 420 825 531 60556 0 0 1 waiting 
7 747 419 821 532 60557 0 0 1 waiting 
7 743 418 816 533 60558 0 0 1 waiting 
7 739 417 812 534 60559 0 0 0 waiting 
7 730 416 803 534 60560 0 0 1 waiting 
7 721 415 794 534 60561 0 0 1 waiting 
7 712 414 785 535 60562 0 0 0 waiting 
7 701 412 774 534 60563 0 0 1 waiting 
7 690 411 763 534 60564 0 0 1 waiting 
8 832 259 880 392 60545 0 0 0 waiting 
8 839 259 888 390 60546 0 0 1 blocking 
8 846 260 896 389 60547 0 0 1 blocking 
8 853 261 904 388 60548 0 0 1 blocking 
8 860 261 912 386 60549 0 0 1 blocking 
8 867 262 920 385 60550 0 0 1 blocking 
8 874 263 929 384 60551 0 0 0 blocking 
8 871 265 926 386 60552 0 0 1 blocking 
8 868 267 923 389 60553 0 0 1 blocking 
8 866 269 920 392 60554 0 0 1 blocking 
8 863 271 917 395 60555 0 0 1 blocking 
8 860 273 914 398 60556 0 0 1 blocking 
8 858 275 911 401 60557 0 0 1 blocking 
8 855 277 908 404 60558 0 0 1 blocking 
8 853 280 905 407 60559 0 0 0 blocking 
8 848 283 897 408 60560 0 0 1 blocking 
8 843 286 890 409 60561 0 0 1 blocking 
8 838 289 883 411 60562 0 0 0 blocking 
8 825 291 870 411 60563 0 0 1 blocking 
8 812 294 857 412 60564 0 0 1 blocking 
9 896 362 961 480 60545 0 0 0 blocking 
9 902 361 967 479 60546 0 0 1 waiting 
9 909 361 973 478 60547 0 0 1 waiting 
9 915 361 979 478 60548 0 0 1 waiting 
9 922 361 985 477 60549 0 0 1 waiting 
9 928 361 991 476 60550 0 0 1 waiting 
9 935 361 998 476 60551 0 0 0 waiting 
9 934 361 998 476 60552 0 0 1 waiting 
9 934 361 998 476 60553 0 0 1 waiting 
9 934 361 998 476 60554 0 0 1 waiting 
9 934 361 998 476 60555 0 0 0 waiting 
9 929 360 992 476 60556 0 0 1 waiting 
9 924 359 986 477 60557 0 0 1 waiting 
9 919 358 980 477 60558 0 0 1 waiting 
9 915 358 975 478 60559 0 0 0 waiting 
9 908 356 967 477 60560 0 0 1 waiting 
9 901 355 959 477 60561 0 0 1 waiting 
9 894 354 951 477 60562 0 0 0 waiting 
9 884 353 940 477 60563 0 0 1 waiting 
9 874 353 929 477 60564 0 0 1 waiting 
10 1032 359 1085 467 60545 0 0 0 waiting 
10 1045 359 1098 466 60546 0 0 1 waiting 
10 1059 359 1112 466 60547 0 0 1 waiting 
10 1073 359 1126 466 60548 0 0 1 waiting 
10 1087 359 1140 465 60549 0 0 1 waiting 
10 1101 359 1154 465 60550 0 0 1 waiting 
10 1115 360 1168 465 60551 0 0 0 waiting 
10 1115 361 1168 465 60552 0 0 1 waiting 
10 1116 362 1169 466 60553 0 0 1 waiting 
10 1117 363 1169 466 60554 0 0 1 waiting 
10 1118 364 1170 467 60555 0 0 0 waiting 
10 1116 362 1168 466 60556 0 0 1 waiting 
10 1114 360 1166 465 60557 0 0 1 waiting 
10 1112 358 1164 464 60558 0 0 1 waiting 
10 1110 356 1163 463 60559 0 0 0 waiting 
10 1098 353 1151 461 60560 0 0 1 waiting 
10 1087 350 1139 460 60561 0 0 1 waiting 
10 1076 348 1128 459 60562 0 0 0 waiting 
10 1066 345 1118 457 60563 0 0 1 waiting 
10 1056 343 1108 456 60564 0 0 1 waiting 
11 992 256 1043 371 60545 1 0 1 waiting 
11 993 256 1044 371 60546 1 0 1 standing 
11 994 257 1045 372 60547 0 0 0 standing 
11 998 262 1050 376 60548 0 0 1 standing 
11 1002 268 1055 380 60549 0 0 1 standing 
11 1006 273 1060 384 60550 0 0 1 standing 
11 1010 279 1065 389 60551 0 0 0 standing 
11 1005 285 1061 394 60552 0 0 1 standing 
11 1000 292 1057 400 60553 0 0 1 standing 
11 995 299 1053 405 60554 0 0 1 standing 
11 990 306 1050 411 60555 0 0 0 standing 
11 982 307 1042 411 60556 0 0 1 standing 
11 974 309 1034 411 60557 0 0 1 standing 
11 967 311 1026 411 60558 0 0 0 standing 
11 959 309 1018 411 60559 0 0 1 standing 
11 952 307 1011 412 60560 0 0 1 standing 
11 945 305 1004 412 60561 0 0 1 standing 
11 938 303 997 413 60562 0 0 0 standing 
11 927 302 985 413 60563 0 0 1 standing 
11 917 302 974 414 60564 0 0 1 standing 
