0 111 417 163 534 52440 0 0 0 waiting 
0 118 418 170 534 52441 0 0 1 waiting 
0 126 420 178 534 52442 0 0 1 waiting 
0 134 422 186 534 52443 0 0 1 waiting 
0 142 424 194 534 52444 0 0 0 waiting 
0 155 427 207 535 52445 0 0 1 waiting 
0 169 431 220 537 52446 0 0 1 waiting 
0 182 434 233 538 52447 0 0 1 waiting 
0 196 438 247 540 52448 0 0 0 waiting 
0 207 438 258 539 52449 0 0 1 waiting 
0 219 438 269 539 52450 0 0 1 waiting 
0 230 438 280 539 52451 0 0 1 waiting 
0 242 439 292 539 52452 0 0 0 waiting 
0 252 435 302 537 52453 0 0 1 waiting 
0 262 432 312 536 52454 0 0 1 waiting 
0 273 429 323 535 52455 0 0 0 waiting 
0 282 427 332 535 52456 0 0 1 waiting 
0 292 425 342 535 52457 0 0 1 waiting 
0 302 423 352 536 52458 0 0 0 waiting 
0 306 421 356 534 52459 0 0 1 waiting 
1 289 480 342 619 52440 0 1 0 waiting 
1 299 482 352 619 52441 0 1 1 digging 
1 310 485 363 619 52442 0 1 1 digging 
1 321 487 373 619 52443 0 1 1 digging 
1 332 490 384 620 52444 0 1 0 digging 
1 348 489 400 619 52445 0 1 1 digging 
1 364 489 416 619 52446 0 1 1 digging 
1 380 489 432 618 52447 0 1 1 digging 
1 396 488 448 618 52448 0 1 1 digging 
1 412 488 464 617 52449 0 1 1 digging 
1 429 488 481 617 52450 0 1 0 digging 
1 440 487 492 616 52451 0 1 1 digging 
1 451 486 503 615 52452 0 1 1 digging 
1 462 485 514 614 52453 0 1 0 digging 
1 467 484 523 613 52454 0 1 1 digging 
1 472 483 532 613 52455 0 1 1 digging 
1 478 483 542 612 52456 0 1 1 digging 
1 483 482 551 612 52457 0 1 1 digging 
1 489 482 561 611 52458 0 1 1 digging 
1 494 481 570 611 52459 0 1 1 digging 
2 377 408 425 511 52440 0 0 0 digging 
2 389 409 437 511 52441 0 0 1 standing 
2 402 410 450 511 52442 0 0 1 standing 
2 414 411 462 512 52443 0 0 1 standing 
2 427 412 475 512 52444 0 0 1 standing 
2 439 413 487 513 52445 0 0 1 standing 
2 452 414 500 513 52446 0 0 1 standing 
2 465 416 513 514 52447 0 0 0 standing 
2 479 416 526 513 52448 0 0 1 standing 
2 493 416 540 512 52449 0 0 1 standing 
2 507 416 554 511 52450 0 0 0 standing 
2 519 415 566 510 52451 0 0 1 standing 
2 531 415 578 510 52452 0 0 1 standing 
2 543 414 590 509 52453 0 0 1 standing 
2 555 414 602 509 52454 0 0 0 standing 
2 562 413 609 508 52455 0 0 1 standing 
2 570 413 617 508 52456 0 0 1 standing 
2 578 413 625 508 52457 0 0 1 standing 
2 586 412 633 507 52458 0 0 1 standing 
2 594 412 641 507 52459 0 0 1 standing 
3 502 403 550 495 52440 0 0 0 standing 
3 511 401 559 494 52441 0 0 1 standing 
3 520 400 568 494 52442 0 0 1 standing 
3 529 398 577 494 52443 0 0 1 standing 
3 538 397 586 494 52444 0 0 1 standing 
3 547 396 595 494 52445 0 0 0 standing 
3 559 394 607 494 52446 0 0 1 standing 
3 572 393 620 494 52447 0 0 1 standing 
3 585 392 632 494 52448 0 0 1 standing 
3 598 391 645 494 52449 0 0 1 standing 
3 611 390 658 494 52450 0 0 0 standing 
3 622 388 669 492 52451 0 0 1 standing 
3 634 386 681 490 52452 0 0 1 standing 
3 646 384 693 488 52453 0 0 0 standing 
3 653 384 700 488 52454 0 0 1 standing 
3 661 385 708 489 52455 0 0 1 standing 
3 669 385 716 489 52456 0 0 1 standing 
3 677 386 724 490 52457 0 0 0 standing 
3 678 386 725 490 52458 0 0 1 standing 
3 680 387 727 491 52459 0 0 1 standing 
4 674 410 711 546 52440 0 0 0 standing 
4 684 415 721 551 52441 0 0 1 standing 
4 694 420 731 556 52442 0 0 1 standing 
4 704 426 741 562 52443 0 0 1 standing 
4 714 431 751 567 52444 0 0 1 standing 
4 725 437 762 573 52445 0 0 0 standing 
4 738 443 775 579 52446 0 0 1 standing 
4 752 449 789 585 52447 0 0 1 standing 
4 765 455 803 591 52448 0 0 1 standing 
4 779 461 816 597 52449 0 0 1 standing 
4 792 467 830 603 52450 0 0 1 standing 
4 806 473 844 609 52451 0 0 0 standing 
4 813 477 852 613 52452 0 0 1 standing 
4 820 481 860 617 52453 0 0 1 standing 
4 827 485 868 621 52454 0 0 1 standing 
4 834 489 877 625 52455 0 0 0 standing 
4 835 488 879 624 52456 0 0 1 standing 
4 837 488 882 624 52457 0 0 1 standing 
4 838 488 885 623 52458 0 0 1 standing 
4 840 488 888 623 52459 0 0 0 standing 
5 783 479 834 569 52440 0 0 0 standing 
5 793 480 843 570 52441 0 0 1 waiting 
5 803 481 853 572 52442 0 0 1 waiting 
5 813 482 863 573 52443 0 0 1 waiting 
5 823 483 873 575 52444 0 0 1 waiting 
5 833 484 883 577 52445 0 0 0 waiting 
5 847 483 897 577 52446 0 0 1 waiting 
5 861 483 911 577 52447 0 0 1 waiting 
5 875 482 925 577 52448 0 0 1 waiting 
5 889 482 939 577 52449 0 0 1 waiting 
5 904 482 954 577 52450 0 0 0 waiting 
5 915 479 965 577 52451 0 0 1 waiting 
5 926 476 976 577 52452 0 0 1 waiting 
5 937 473 987 578 52453 0 0 1 waiting 
5 948 470 998 578 52454 0 0 1 waiting 
5 959 467 1009 579 52455 0 0 0 waiting 
5 962 463 1012 578 52456 0 0 1 waiting 
5 966 459 1015 577 52457 0 0 1 waiting 
5 969 455 1019 577 52458 0 0 1 waiting 
5 973 451 1022 576 52459 0 0 1 waiting 
6 902 367 950 486 52440 0 0 0 waiting 
6 910 368 958 486 52441 0 0 1 standing 
6 919 369 967 487 52442 0 0 1 standing 
6 927 370 975 488 52443 0 0 1 standing 
6 936 372 984 489 52444 0 0 0 standing 
6 949 372 998 487 52445 0 0 1 standing 
6 963 373 1012 486 52446 0 0 1 standing 
6 976 373 1026 485 52447 0 0 1 standing 
6 990 374 1041 484 52448 0 0 0 standing 
6 1002 374 1053 484 52449 0 0 1 standing 
6 1015 374 1065 485 52450 0 0 1 standing 
6 1028 374 1077 486 52451 0 0 1 standing 
6 1041 374 1089 487 52452 0 0 1 standing 
6 1054 375 1101 488 52453 0 0 0 standing 
6 1063 376 1110 489 52454 0 0 1 standing 
6 1072 377 1119 490 52455 0 0 1 standing 
6 1081 378 1128 491 52456 0 0 1 standing 
6 1090 379 1137 492 52457 0 0 1 standing 
6 1099 381 1146 494 52458 0 0 0 standing 
6 1102 381 1149 494 52459 0 0 1 standing 
7 1001 408 1042 515 52440 0 0 0 standing 
7 1005 408 1046 515 52441 0 0 1 standing 
7 1009 408 1050 515 52442 0 0 1 standing 
7 1013 408 1054 515 52443 0 0 1 standing 
7 1017 409 1058 516 52444 0 0 0 standing 
7 1026 409 1067 516 52445 0 0 1 standing 
7 1035 409 1076 516 52446 0 0 1 standing 
7 1044 410 1085 517 52447 0 0 0 standing 
7 1053 408 1094 516 52448 0 0 1 standing 
7 1063 407 1104 515 52449 0 0 1 standing 
7 1072 406 1114 514 52450 0 0 1 standing 
7 1082 405 1124 514 52451 0 0 0 standing 
7 1089 402 1131 515 52452 0 0 1 standing 
7 1097 400 1139 516 52453 0 0 1 standing 
7 1104 398 1146 517 52454 0 0 1 standing 
7 1112 396 1154 518 52455 0 0 0 standing 
7 1115 396 1157 520 52456 0 0 1 standing 
7 1118 397 1160 523 52457 0 0 1 standing 
7 1121 398 1163 526 52458 0 0 1 standing 
7 1124 399 1166 529 52459 0 0 1 standing 
8 669 434 711 565 52440 0 0 0 standing 
8 680 436 721 570 52441 0 0 1 standing 
8 691 439 731 575 52442 0 0 1 standing 
8 702 441 741 580 52443 0 0 1 standing 
8 713 444 751 585 52444 0 0 1 standing 
8 725 447 761 591 52445 0 0 0 standing 
8 738 454 774 597 52446 0 0 1 standing 
8 751 461 787 604 52447 0 0 1 standing 
8 764 468 800 610 52448 0 0 1 standing 
8 778 476 813 617 52449 0 0 1 standing 
8 791 483 826 623 52450 0 0 1 standing 
8 804 490 839 630 52451 0 0 1 standing 
8 818 498 853 637 52452 0 0 0 standing 
8 825 495 861 634 52453 0 0 1 standing 
8 833 493 870 632 52454 0 0 1 standing 
8 840 491 879 630 52455 0 0 1 standing 
8 848 489 888 627 52456 0 0 1 standing 
8 855 487 897 625 52457 0 0 1 standing 
8 863 485 906 623 52458 0 0 0 standing 
8 865 485 908 623 52459 0 0 1 standing 
9 821 447 865 579 52440 0 0 0 standing 
9 826 451 870 583 52441 0 0 1 waiting 
9 831 456 875 588 52442 0 0 1 waiting 
9 836 461 880 593 52443 0 0 1 waiting 
9 841 466 885 598 52444 0 0 0 waiting 
9 851 475 895 607 52445 0 0 1 waiting 
9 862 485 906 617 52446 0 0 1 waiting 
9 873 495 917 627 52447 0 0 1 waiting 
9 884 505 928 637 52448 0 0 0 waiting 
9 896 506 939 638 52449 0 0 1 waiting 
9 908 508 951 639 52450 0 0 1 waiting 
9 920 510 963 640 52451 0 0 1 waiting 
9 932 512 975 641 52452 0 0 0 waiting 
9 943 509 986 641 52453 0 0 1 waiting 
9 955 507 998 641 52454 0 0 1 waiting 
9 966 504 1009 641 52455 0 0 1 waiting 
9 978 502 1021 641 52456 0 0 0 waiting 
9 987 499 1030 640 52457 0 0 1 waiting 
9 996 496 1039 640 52458 0 0 1 waiting 
9 1005 493 1048 639 52459 0 0 1 waiting 
10 1038 465 1088 587 52440 0 0 0 waiting 
10 1044 467 1094 588 52441 0 0 1 waiting 
10 1051 469 1101 590 52442 0 0 1 waiting 
10 1057 472 1107 591 52443 0 0 1 waiting 
10 1064 474 1114 593 52444 0 0 1 waiting 
10 1071 477 1121 595 52445 0 0 0 waiting 
10 1084 477 1134 595 52446 0 0 1 waiting 
10 1098 478 1148 595 52447 0 0 1 waiting 
10 1112 478 1162 595 52448 0 0 1 waiting 
10 1126 479 1175 596 52449 0 0 1 waiting 
10 1140 479 1189 596 52450 0 0 1 waiting 
10 1154 480 1203 596 52451 0 0 1 waiting 
10 1168 481 1217 597 52452 0 0 0 waiting 
10 1177 482 1227 598 52453 0 0 1 waiting 
10 1187 483 1237 600 52454 0 0 1 waiting 
10 1197 484 1247 602 52455 0 0 1 waiting 
10 1207 485 1257 604 52456 0 0 1 waiting 
10 1217 486 1267 606 52457 0 0 0 waiting 
10 1221 486 1271 606 52458 0 0 1 waiting 
10 1225 486 1275 607 52459 0 0 1 waiting 
11 828 496 872 610 52440 0 0 0 waiting 
11 835 495 879 611 52441 0 0 1 waiting 
11 843 494 887 612 52442 0 0 1 waiting 
11 850 494 894 613 52443 0 0 1 waiting 
11 858 493 902 614 52444 0 0 1 waiting 
11 866 493 910 615 52445 0 0 0 waiting 
11 880 492 924 615 52446 0 0 1 waiting 
11 895 491 938 616 52447 0 0 1 waiting 
11 909 490 953 617 52448 0 0 1 waiting 
11 924 489 967 618 52449 0 0 1 waiting 
11 939 489 982 619 52450 0 0 0 waiting 
11 950 487 993 619 52451 0 0 1 waiting 
11 961 485 1004 619 52452 0 0 1 waiting 
11 973 483 1015 619 52453 0 0 1 waiting 
11 984 481 1026 619 52454 0 0 1 waiting 
11 996 479 1038 620 52455 0 0 0 waiting 
11 1004 479 1046 620 52456 0 0 1 waiting 
11 1013 480 1055 620 52457 0 0 1 waiting 
11 1021 480 1063 620 52458 0 0 1 waiting 
11 1030 481 1072 621 52459 0 0 0 waiting 
