0 965 476 1010 589 106190 0 1 0 digging 
0 961 473 1010 588 106191 0 1 1 digging 
0 958 470 1011 588 106192 0 1 1 digging 
0 954 467 1011 588 106193 0 1 1 digging 
0 951 464 1012 587 106194 0 1 1 digging 
0 947 461 1012 587 106195 0 1 1 digging 
0 944 458 1013 587 106196 0 1 1 digging 
0 940 455 1013 586 106197 0 1 1 digging 
0 937 452 1014 586 106198 0 1 1 digging 
0 933 449 1014 586 106199 0 1 1 digging 
0 930 447 1015 586 106200 0 1 0 digging 
0 935 449 1019 587 106201 0 1 1 digging 
0 940 451 1023 588 106202 0 1 1 digging 
0 945 453 1027 589 106203 0 1 1 digging 
0 950 455 1032 590 106204 0 1 1 digging 
0 955 457 1036 591 106205 0 1 1 digging 
0 960 459 1040 592 106206 0 1 1 digging 
0 965 461 1045 593 106207 0 1 1 digging 
0 970 463 1049 594 106208 0 1 1 digging 
0 975 465 1053 595 106209 0 1 1 digging 
1 989 469 1058 567 106190 0 1 0 digging 
1 990 468 1057 566 106191 0 1 1 standing 
1 991 468 1056 565 106192 0 1 1 standing 
1 992 467 1055 564 106193 0 1 1 standing 
1 993 467 1054 564 106194 0 1 1 standing 
1 994 467 1053 563 106195 0 1 1 standing 
1 995 466 1052 562 106196 0 1 1 standing 
1 996 466 1051 562 106197 0 1 1 standing 
1 997 465 1050 561 106198 0 1 1 standing 
1 998 465 1049 560 106199 0 1 1 standing 
1 1000 465 1048 560 106200 0 1 0 standing 
1 1004 464 1056 560 106201 0 1 1 standing 
1 1008 463 1064 561 106202 0 1 1 standing 
1 1012 462 1072 562 106203 0 1 1 standing 
1 1017 462 1081 563 106204 0 1 0 standing 
1 1021 463 1089 566 106205 0 1 1 standing 
1 1026 464 1098 570 106206 0 1 1 standing 
1 1030 465 1107 574 106207 0 1 1 standing 
1 1035 466 1115 577 106208 0 1 1 standing 
1 1039 467 1124 581 106209 0 1 1 standing 
2 732 453 816 572 106190 0 0 0 standing 
2 731 451 812 571 106191 0 0 1 standing 
2 730 450 808 571 106192 0 0 1 standing 
2 730 449 804 571 106193 0 0 1 standing 
2 729 448 800 571 106194 0 0 1 standing 
2 729 446 797 571 106195 0 0 1 standing 
2 728 445 793 571 106196 0 0 1 standing 
2 728 444 789 571 106197 0 0 1 standing 
2 727 443 785 571 106198 0 0 1 standing 
2 727 442 782 571 106199 0 0 0 standing 
2 728 442 783 571 106200 0 0 1 standing 
2 729 442 784 571 106201 0 0 1 standing 
2 731 442 785 571 106202 0 0 1 standing 
2 732 442 786 572 106203 0 0 1 standing 
2 734 442 787 572 106204 0 0 1 standing 
2 735 443 789 572 106205 0 0 1 standing 
2 737 443 790 572 106206 0 0 1 standing 
2 738 443 791 573 106207 0 0 1 standing 
2 740 443 792 573 106208 0 0 1 standing 
2 741 443 793 573 106209 0 0 1 standing 
3 973 408 1015 502 106190 0 0 0 standing 
3 970 409 1012 503 106191 0 0 1 moving 
3 967 410 1009 504 106192 0 0 1 moving 
3 964 411 1006 505 106193 0 0 1 moving 
3 961 412 1003 506 106194 0 0 1 moving 
3 959 413 1001 507 106195 0 0 1 moving 
3 956 414 998 508 106196 0 0 1 moving 
3 953 415 995 509 106197 0 0 1 moving 
3 950 416 992 510 106198 0 0 1 moving 
3 947 417 989 511 106199 0 0 1 moving 
3 945 418 987 512 106200 0 0 0 moving 
3 944 418 987 514 106201 0 0 1 moving 
3 943 418 987 516 106202 0 0 1 moving 
3 942 419 988 519 106203 0 0 1 moving 
3 941 419 988 521 106204 0 0 1 moving 
3 941 420 989 524 106205 0 0 1 moving 
3 940 420 989 526 106206 0 0 1 moving 
3 939 420 989 528 106207 0 0 1 moving 
3 938 421 990 531 106208 0 0 1 moving 
3 937 421 990 533 106209 0 0 1 moving 
4 798 360 847 455 106190 0 0 0 moving 
4 794 359 843 454 106191 0 0 1 standing 
4 791 359 840 454 106192 0 0 1 standing 
4 788 358 837 453 106193 0 0 1 standing 
4 784 358 833 453 106194 0 0 1 standing 
4 781 357 830 452 106195 0 0 1 standing 
4 778 357 827 452 106196 0 0 1 standing 
4 774 356 823 451 106197 0 0 1 standing 
4 771 356 820 451 106198 0 0 1 standing 
4 768 355 817 450 106199 0 0 1 standing 
4 765 355 814 450 106200 0 0 0 standing 
4 765 354 814 450 106201 0 0 1 standing 
4 765 354 814 450 106202 0 0 1 standing 
4 766 354 814 450 106203 0 0 1 standing 
4 766 353 815 450 106204 0 0 1 standing 
4 767 353 815 451 106205 0 0 1 standing 
4 767 353 815 451 106206 0 0 1 standing 
4 767 352 816 451 106207 0 0 1 standing 
4 768 352 816 451 106208 0 0 1 standing 
4 768 352 816 451 106209 0 0 1 standing 
5 646 417 697 525 106190 0 0 0 standing 
5 638 416 691 523 106191 0 0 1 standing 
5 631 416 685 522 106192 0 0 1 standing 
5 624 416 680 520 106193 0 0 1 standing 
5 617 416 674 519 106194 0 0 1 standing 
5 609 415 669 517 106195 0 0 1 standing 
5 602 415 663 516 106196 0 0 1 standing 
5 595 415 658 514 106197 0 0 1 standing 
5 588 415 652 513 106198 0 0 1 standing 
5 581 415 647 512 106199 0 0 0 standing 
5 580 415 645 512 106200 0 0 1 standing 
5 580 416 644 512 106201 0 0 1 standing 
5 579 416 643 513 106202 0 0 1 standing 
5 579 417 642 513 106203 0 0 1 standing 
5 579 417 641 513 106204 0 0 1 standing 
5 578 418 640 514 106205 0 0 1 standing 
5 578 418 639 514 106206 0 0 1 standing 
5 578 419 638 514 106207 0 0 1 standing 
5 577 419 637 515 106208 0 0 1 standing 
5 577 420 636 515 106209 0 0 1 standing 
6 539 424 581 558 106190 0 0 0 standing 
6 533 425 575 559 106191 0 0 1 standing 
6 528 426 570 560 106192 0 0 1 standing 
6 522 427 564 561 106193 0 0 1 standing 
6 517 428 559 562 106194 0 0 1 standing 
6 512 429 554 563 106195 0 0 1 standing 
6 506 430 548 564 106196 0 0 1 standing 
6 501 431 543 565 106197 0 0 1 standing 
6 495 432 537 566 106198 0 0 1 standing 
6 490 433 532 567 106199 0 0 1 standing 
6 485 435 527 569 106200 0 0 0 standing 
6 483 435 525 569 106201 0 0 1 standing 
6 482 436 524 570 106202 0 0 1 standing 
6 481 436 523 570 106203 0 0 1 standing 
6 479 437 521 571 106204 0 0 1 standing 
6 478 438 520 572 106205 0 0 1 standing 
6 477 438 519 572 106206 0 0 1 standing 
6 475 439 517 573 106207 0 0 1 standing 
6 474 439 516 573 106208 0 0 1 standing 
6 473 440 515 574 106209 0 0 1 standing 
7 558 415 595 508 106190 0 0 0 standing 
7 551 415 588 511 106191 0 0 1 standing 
7 545 416 582 514 106192 0 0 1 standing 
7 539 416 575 517 106193 0 0 1 standing 
7 532 417 569 520 106194 0 0 1 standing 
7 526 418 563 524 106195 0 0 1 standing 
7 520 418 556 527 106196 0 0 1 standing 
7 513 419 550 530 106197 0 0 1 standing 
7 507 419 543 533 106198 0 0 1 standing 
7 501 420 537 536 106199 0 0 1 standing 
7 495 421 531 540 106200 0 0 0 standing 
7 493 421 529 540 106201 0 0 1 standing 
7 492 421 528 540 106202 0 0 1 standing 
7 491 421 527 540 106203 0 0 1 standing 
7 490 422 526 541 106204 0 0 1 standing 
7 489 422 525 541 106205 0 0 1 standing 
7 487 422 523 541 106206 0 0 1 standing 
7 486 423 522 542 106207 0 0 1 standing 
7 485 423 521 542 106208 0 0 1 standing 
7 484 423 520 542 106209 0 0 1 standing 
8 563 398 595 488 106190 0 0 0 standing 
8 556 397 588 490 106191 0 0 1 standing 
8 550 397 582 493 106192 0 0 1 standing 
8 544 397 576 495 106193 0 0 1 standing 
8 538 397 570 498 106194 0 0 1 standing 
8 532 397 564 501 106195 0 0 1 standing 
8 526 397 557 503 106196 0 0 1 standing 
8 520 397 551 506 106197 0 0 1 standing 
8 514 397 545 508 106198 0 0 1 standing 
8 508 397 539 511 106199 0 0 1 standing 
8 502 397 533 514 106200 0 0 0 standing 
8 500 396 531 514 106201 0 0 1 standing 
8 499 396 530 515 106202 0 0 1 standing 
8 498 396 529 516 106203 0 0 1 standing 
8 497 395 527 516 106204 0 0 1 standing 
8 496 395 526 517 106205 0 0 1 standing 
8 494 395 525 518 106206 0 0 1 standing 
8 493 394 523 518 106207 0 0 1 standing 
8 492 394 522 519 106208 0 0 1 standing 
8 491 394 521 520 106209 0 0 1 standing 
9 318 385 365 481 106190 0 0 0 standing 
9 310 385 357 481 106191 0 0 1 standing 
9 303 385 350 481 106192 0 0 1 standing 
9 295 386 342 482 106193 0 0 1 standing 
9 288 386 335 482 106194 0 0 1 standing 
9 281 387 328 483 106195 0 0 1 standing 
9 273 387 320 483 106196 0 0 1 standing 
9 266 387 313 483 106197 0 0 1 standing 
9 258 388 305 484 106198 0 0 1 standing 
9 251 388 298 484 106199 0 0 1 standing 
9 244 389 291 485 106200 0 0 0 standing 
9 240 389 289 485 106201 0 0 1 standing 
9 237 390 287 486 106202 0 0 1 standing 
9 234 391 285 486 106203 0 0 1 standing 
9 231 391 283 487 106204 0 0 1 standing 
9 228 392 281 487 106205 0 0 1 standing 
9 224 393 279 488 106206 0 0 1 standing 
9 221 393 277 488 106207 0 0 1 standing 
9 218 394 275 489 106208 0 0 1 standing 
9 215 395 273 489 106209 0 0 1 standing 
10 235 479 299 587 106190 0 0 0 standing 
10 227 480 291 588 106191 0 0 1 waiting 
10 219 481 283 589 106192 0 0 1 waiting 
10 211 482 275 590 106193 0 0 1 waiting 
10 204 484 268 592 106194 0 0 1 waiting 
10 196 485 260 593 106195 0 0 1 waiting 
10 188 486 252 594 106196 0 0 1 waiting 
10 181 488 245 596 106197 0 0 1 waiting 
10 173 489 237 597 106198 0 0 1 waiting 
10 165 490 229 598 106199 0 0 1 waiting 
10 158 492 222 600 106200 0 0 0 waiting 
10 154 491 219 600 106201 0 0 1 waiting 
10 151 491 217 601 106202 0 0 1 waiting 
10 148 491 215 602 106203 0 0 1 waiting 
10 145 491 213 603 106204 0 0 1 waiting 
10 142 491 211 604 106205 0 0 1 waiting 
10 139 491 209 605 106206 0 0 1 waiting 
10 136 491 207 606 106207 0 0 1 waiting 
10 133 491 205 607 106208 0 0 1 waiting 
10 130 491 203 608 106209 0 0 1 waiting 
11 0 453 56 587 106190 1 0 0 waiting 
11 0 453 56 587 106191 1 0 1 waiting 
11 0 453 56 587 106192 1 0 1 waiting 
11 0 453 56 587 106193 1 0 1 waiting 
11 0 453 56 587 106194 1 0 1 waiting 
11 0 453 56 587 106195 1 0 1 waiting 
11 0 453 56 587 106196 1 0 1 waiting 
11 0 453 56 587 106197 1 0 1 waiting 
11 0 453 56 587 106198 1 0 1 waiting 
11 0 453 56 587 106199 1 0 1 waiting 
11 0 453 56 587 106200 1 0 0 waiting 
11 0 453 56 587 106201 1 0 1 waiting 
11 0 453 56 587 106202 1 0 1 waiting 
11 0 453 56 587 106203 1 0 1 waiting 
11 0 453 56 587 106204 1 0 1 waiting 
11 0 453 56 587 106205 1 0 1 waiting 
11 0 453 56 587 106206 1 0 1 waiting 
11 0 453 56 587 106207 1 0 1 waiting 
11 0 453 56 587 106208 1 0 1 waiting 
11 0 453 56 587 106209 1 0 1 waiting 
