0 761 359 842 496 50420 0 1 0 standing 
0 761 359 842 496 50421 0 1 1 standing 
0 761 359 842 496 50422 0 1 1 standing 
0 761 359 842 496 50423 0 1 1 standing 
0 761 359 842 496 50424 0 1 1 standing 
0 761 359 842 496 50425 0 1 1 standing 
0 761 359 842 496 50426 0 1 1 standing 
0 762 359 843 496 50427 0 1 1 standing 
0 762 359 843 496 50428 0 1 1 standing 
0 762 359 843 496 50429 0 1 1 standing 
0 762 359 843 496 50430 0 1 1 standing 
0 762 359 843 496 50431 0 1 1 standing 
0 762 359 843 496 50432 0 1 1 standing 
0 762 359 843 496 50433 0 1 1 standing 
0 763 359 844 496 50434 0 1 1 standing 
0 763 359 844 496 50435 0 1 1 standing 
0 763 359 844 496 50436 0 1 1 standing 
0 763 359 844 496 50437 0 1 1 standing 
0 763 359 844 496 50438 0 1 1 standing 
0 763 359 844 496 50439 0 1 1 standing 
1 844 490 900 633 50420 0 1 0 standing 
1 844 490 901 633 50421 0 1 1 standing 
1 845 490 902 633 50422 0 1 1 standing 
1 845 490 904 633 50423 0 1 1 standing 
1 846 491 905 634 50424 0 1 1 standing 
1 846 491 907 634 50425 0 1 1 standing 
1 847 491 908 634 50426 0 1 1 standing 
1 847 492 909 634 50427 0 1 1 standing 
1 848 492 911 635 50428 0 1 1 standing 
1 848 492 912 635 50429 0 1 1 standing 
1 849 493 914 635 50430 0 1 1 standing 
1 850 493 915 635 50431 0 1 1 standing 
1 850 493 916 636 50432 0 1 1 standing 
1 851 493 918 636 50433 0 1 1 standing 
1 851 494 919 636 50434 0 1 1 standing 
1 852 494 921 636 50435 0 1 1 standing 
1 852 494 922 637 50436 0 1 1 standing 
1 853 495 923 637 50437 0 1 1 standing 
1 853 495 925 637 50438 0 1 1 standing 
1 854 495 926 637 50439 0 1 1 standing 
2 1022 413 1100 539 50420 0 1 0 standing 
2 1016 411 1093 537 50421 0 1 1 standing 
2 1011 410 1086 535 50422 0 1 1 standing 
2 1005 408 1079 534 50423 0 1 1 standing 
2 1000 407 1072 532 50424 0 1 1 standing 
2 994 405 1065 531 50425 0 1 1 standing 
2 989 404 1058 529 50426 0 1 1 standing 
2 983 402 1051 527 50427 0 1 1 standing 
2 978 401 1044 526 50428 0 1 1 standing 
2 972 399 1037 524 50429 0 1 1 standing 
2 967 398 1031 523 50430 0 1 0 standing 
2 960 401 1024 526 50431 0 1 1 standing 
2 953 404 1017 529 50432 0 1 1 standing 
2 946 408 1010 533 50433 0 1 1 standing 
2 939 411 1003 536 50434 0 1 1 standing 
2 932 415 996 540 50435 0 1 1 standing 
2 925 418 989 543 50436 0 1 1 standing 
2 918 421 982 546 50437 0 1 1 standing 
2 911 425 975 550 50438 0 1 1 standing 
2 904 428 968 553 50439 0 1 1 standing 
3 642 503 683 638 50420 0 1 0 standing 
3 645 502 687 637 50421 0 1 1 standing 
3 649 502 691 637 50422 0 1 1 standing 
3 652 502 695 637 50423 0 1 1 standing 
3 656 502 699 637 50424 0 1 1 standing 
3 660 502 703 637 50425 0 1 1 standing 
3 663 502 707 636 50426 0 1 1 standing 
3 667 502 711 636 50427 0 1 1 standing 
3 670 502 715 636 50428 0 1 1 standing 
3 674 502 719 636 50429 0 1 1 standing 
3 678 502 724 636 50430 0 1 0 standing 
3 682 503 728 637 50431 0 1 1 standing 
3 686 504 733 638 50432 0 1 1 standing 
3 690 505 738 639 50433 0 1 1 standing 
3 694 506 742 640 50434 0 1 1 standing 
3 698 507 747 641 50435 0 1 1 standing 
3 702 508 752 642 50436 0 1 1 standing 
3 706 509 756 643 50437 0 1 1 standing 
3 710 510 761 644 50438 0 1 1 standing 
3 714 511 766 645 50439 0 1 1 standing 
4 633 447 722 628 50420 0 1 0 standing 
4 635 448 724 627 50421 0 1 1 standing 
4 638 450 727 627 50422 0 1 1 standing 
4 641 452 729 626 50423 0 1 1 standing 
4 643 454 732 626 50424 0 1 1 standing 
4 646 456 735 626 50425 0 1 1 standing 
4 649 457 737 625 50426 0 1 1 standing 
4 651 459 740 625 50427 0 1 1 standing 
4 654 461 742 624 50428 0 1 1 standing 
4 657 463 745 624 50429 0 1 1 standing 
4 660 465 748 624 50430 0 1 0 standing 
4 666 463 753 622 50431 0 1 1 standing 
4 672 462 758 621 50432 0 1 1 standing 
4 679 461 763 620 50433 0 1 1 standing 
4 685 460 768 619 50434 0 1 1 standing 
4 692 459 774 618 50435 0 1 1 standing 
4 698 458 779 616 50436 0 1 1 standing 
4 704 457 784 615 50437 0 1 1 standing 
4 711 456 789 614 50438 0 1 1 standing 
4 717 455 794 613 50439 0 1 1 standing 
5 622 464 683 612 50420 0 1 0 standing 
5 624 463 683 611 50421 0 1 1 standing 
5 626 463 684 611 50422 0 1 1 standing 
5 629 462 684 610 50423 0 1 1 standing 
5 631 462 685 610 50424 0 1 1 standing 
5 634 462 685 609 50425 0 1 1 standing 
5 636 461 686 609 50426 0 1 1 standing 
5 638 461 686 608 50427 0 1 1 standing 
5 641 460 687 608 50428 0 1 1 standing 
5 643 460 687 607 50429 0 1 1 standing 
5 646 460 688 607 50430 0 1 0 standing 
5 647 459 691 606 50431 0 1 1 standing 
5 649 458 694 605 50432 0 1 1 standing 
5 651 457 697 604 50433 0 1 1 standing 
5 653 456 701 603 50434 0 1 1 standing 
5 655 456 704 602 50435 0 1 1 standing 
5 656 455 707 601 50436 0 1 1 standing 
5 658 454 711 600 50437 0 1 1 standing 
5 660 453 714 599 50438 0 1 1 standing 
5 662 452 717 598 50439 0 1 1 standing 
6 458 460 507 595 50420 0 0 0 standing 
6 458 459 507 594 50421 0 0 1 standing 
6 459 459 508 594 50422 0 0 1 standing 
6 460 459 509 594 50423 0 0 0 standing 
6 458 458 507 593 50424 0 0 1 standing 
6 457 457 506 592 50425 0 0 1 standing 
6 456 457 505 592 50426 0 0 0 standing 
6 454 457 505 591 50427 0 0 1 standing 
6 452 457 505 591 50428 0 0 1 standing 
6 450 457 505 591 50429 0 0 0 standing 
6 448 457 505 590 50430 0 0 1 standing 
6 446 457 505 590 50431 0 0 1 standing 
6 444 457 505 590 50432 0 0 0 standing 
6 439 457 505 589 50433 0 0 1 standing 
6 434 457 505 589 50434 0 0 1 standing 
6 430 457 505 589 50435 0 0 0 standing 
6 427 458 504 588 50436 0 0 1 standing 
6 424 459 504 588 50437 0 0 1 standing 
6 422 460 504 588 50438 0 0 0 standing 
6 422 460 504 588 50439 0 0 1 standing 
7 495 411 564 551 50420 0 0 0 standing 
7 493 411 559 551 50421 0 0 1 standing 
7 491 411 554 551 50422 0 0 1 standing 
7 490 412 549 551 50423 0 0 0 standing 
7 488 412 544 551 50424 0 0 1 standing 
7 487 412 539 551 50425 0 0 1 standing 
7 486 413 535 551 50426 0 0 0 standing 
7 484 412 532 553 50427 0 0 1 standing 
7 483 412 529 555 50428 0 0 1 standing 
7 482 412 527 557 50429 0 0 0 standing 
7 479 413 525 557 50430 0 0 1 standing 
7 476 414 523 558 50431 0 0 1 standing 
7 473 415 522 559 50432 0 0 0 standing 
7 472 415 520 558 50433 0 0 1 standing 
7 471 415 519 558 50434 0 0 1 standing 
7 470 415 518 558 50435 0 0 1 standing 
7 469 415 517 558 50436 0 0 1 standing 
7 468 415 515 557 50437 0 0 1 standing 
7 467 415 514 557 50438 0 0 1 standing 
7 466 415 513 557 50439 0 0 1 standing 
8 398 469 444 593 50420 0 0 0 standing 
8 396 469 444 592 50421 0 0 1 standing 
8 394 469 444 592 50422 0 0 1 standing 
8 392 469 444 592 50423 0 0 0 standing 
8 389 468 440 591 50424 0 0 1 standing 
8 387 467 437 590 50425 0 0 1 standing 
8 385 466 434 590 50426 0 0 0 standing 
8 382 466 431 590 50427 0 0 1 standing 
8 379 466 428 590 50428 0 0 1 standing 
8 377 466 426 590 50429 0 0 0 standing 
8 375 465 424 590 50430 0 0 1 standing 
8 373 464 422 590 50431 0 0 1 standing 
8 372 464 420 591 50432 0 0 0 standing 
8 367 464 421 590 50433 0 0 1 standing 
8 362 464 422 590 50434 0 0 1 standing 
8 357 464 423 590 50435 0 0 0 standing 
8 356 463 422 589 50436 0 0 1 standing 
8 355 463 422 589 50437 0 0 1 standing 
8 354 463 421 588 50438 0 0 1 standing 
8 353 463 421 588 50439 0 0 1 standing 
9 360 488 416 632 50420 0 0 0 standing 
9 351 488 413 631 50421 0 0 1 standing 
9 342 488 410 631 50422 0 0 1 standing 
9 334 488 408 631 50423 0 0 0 standing 
9 328 489 408 631 50424 0 0 1 standing 
9 323 490 408 632 50425 0 0 1 standing 
9 318 491 408 633 50426 0 0 0 standing 
9 315 491 407 634 50427 0 0 1 standing 
9 313 492 407 635 50428 0 0 1 standing 
9 311 493 407 637 50429 0 0 0 standing 
9 311 493 405 636 50430 0 0 1 standing 
9 311 493 403 636 50431 0 0 1 standing 
9 311 493 402 636 50432 0 0 0 standing 
9 310 493 398 637 50433 0 0 1 standing 
9 309 493 394 638 50434 0 0 1 standing 
9 309 494 390 640 50435 0 0 0 standing 
9 308 493 384 639 50436 0 0 1 standing 
9 307 492 379 639 50437 0 0 1 standing 
9 306 491 373 638 50438 0 0 1 standing 
9 305 490 368 638 50439 0 0 1 standing 
10 207 430 263 555 50420 0 0 0 standing 
10 206 429 259 554 50421 0 0 1 standing 
10 206 428 255 554 50422 0 0 1 standing 
10 206 428 251 554 50423 0 0 0 standing 
10 205 428 250 553 50424 0 0 1 standing 
10 205 428 249 553 50425 0 0 1 standing 
10 205 428 248 553 50426 0 0 0 standing 
10 205 428 247 556 50427 0 0 1 standing 
10 205 429 247 559 50428 0 0 1 standing 
10 205 430 247 562 50429 0 0 0 standing 
10 206 430 249 562 50430 0 0 1 standing 
10 207 430 252 562 50431 0 0 1 standing 
10 208 431 255 563 50432 0 0 0 standing 
10 207 431 254 564 50433 0 0 1 standing 
10 207 431 253 565 50434 0 0 1 standing 
10 207 432 253 567 50435 0 0 0 standing 
10 209 432 255 567 50436 0 0 1 standing 
10 211 432 257 567 50437 0 0 1 standing 
10 213 432 259 567 50438 0 0 1 standing 
10 215 432 261 567 50439 0 0 1 standing 
11 390 392 434 519 50420 0 0 0 standing 
11 387 391 430 518 50421 0 0 1 standing 
11 384 391 426 517 50422 0 0 1 standing 
11 381 391 423 517 50423 0 0 0 standing 
11 377 392 421 518 50424 0 0 1 standing 
11 373 393 420 519 50425 0 0 1 standing 
11 369 395 419 520 50426 0 0 0 standing 
11 365 396 415 523 50427 0 0 1 standing 
11 361 398 412 527 50428 0 0 1 standing 
11 358 400 409 531 50429 0 0 0 standing 
11 351 400 406 531 50430 0 0 1 standing 
11 344 400 403 531 50431 0 0 1 standing 
11 338 401 401 531 50432 0 0 0 standing 
11 338 401 398 530 50433 0 0 1 standing 
11 338 401 396 530 50434 0 0 1 standing 
11 338 401 394 530 50435 0 0 1 standing 
11 339 401 392 530 50436 0 0 1 standing 
11 339 401 390 530 50437 0 0 1 standing 
11 339 401 388 530 50438 0 0 1 standing 
11 339 401 386 530 50439 0 0 1 standing 
