0 239 385 298 544 53726 0 1 0 setting 
0 239 385 299 544 53727 0 1 1 setting 
0 240 385 301 545 53728 0 1 1 setting 
0 240 386 303 546 53729 0 1 1 setting 
0 241 386 305 547 53730 0 1 1 setting 
0 241 386 307 548 53731 0 1 1 setting 
0 242 387 309 549 53732 0 1 0 setting 
0 242 384 311 548 53733 0 1 1 setting 
0 243 381 313 547 53734 0 1 1 setting 
0 244 378 315 546 53735 0 1 1 setting 
0 245 376 318 546 53736 0 1 0 setting 
0 246 373 320 545 53737 0 1 1 setting 
0 247 370 323 544 53738 0 1 1 setting 
0 248 367 325 543 53739 0 1 1 setting 
0 249 365 328 543 53740 0 1 0 setting 
0 249 365 330 543 53741 0 1 1 setting 
0 250 366 332 543 53742 0 1 1 setting 
0 251 366 335 543 53743 0 1 1 setting 
0 252 367 337 543 53744 0 1 1 setting 
0 253 367 339 543 53745 0 1 1 setting 
1 232 286 291 402 53726 0 1 0 setting 
1 232 285 293 399 53727 0 1 1 moving 
1 233 284 296 397 53728 0 1 1 moving 
1 233 283 298 395 53729 0 1 1 moving 
1 234 282 301 393 53730 0 1 0 moving 
1 236 281 303 392 53731 0 1 1 moving 
1 238 280 305 391 53732 0 1 1 moving 
1 240 280 308 390 53733 0 1 1 moving 
1 242 279 310 389 53734 0 1 1 moving 
1 244 278 312 388 53735 0 1 1 moving 
1 247 278 315 387 53736 0 1 0 moving 
1 249 277 319 386 53737 0 1 1 moving 
1 251 277 324 386 53738 0 1 1 moving 
1 254 277 328 386 53739 0 1 1 moving 
1 256 277 333 386 53740 0 1 1 moving 
1 259 277 337 386 53741 0 1 1 moving 
1 261 276 342 386 53742 0 1 1 moving 
1 263 276 346 386 53743 0 1 1 moving 
1 266 276 351 386 53744 0 1 1 moving 
1 268 276 355 386 53745 0 1 1 moving 
2 444 361 504 511 53726 0 0 1 moving 
2 445 361 503 511 53727 0 0 1 standing 
2 445 361 502 511 53728 0 0 1 standing 
2 446 361 501 511 53729 0 0 1 standing 
2 446 361 500 511 53730 0 0 1 standing 
2 446 361 499 511 53731 0 0 1 standing 
2 447 361 498 511 53732 0 0 1 standing 
2 447 361 497 511 53733 0 0 1 standing 
2 448 361 496 511 53734 0 0 1 standing 
2 448 361 495 511 53735 0 0 1 standing 
2 449 361 494 511 53736 0 0 0 standing 
2 449 361 494 511 53737 0 0 1 standing 
2 450 361 495 511 53738 0 0 1 standing 
2 450 361 496 511 53739 0 0 1 standing 
2 451 361 496 511 53740 0 0 1 standing 
2 452 362 497 512 53741 0 0 1 standing 
2 452 362 498 512 53742 0 0 1 standing 
2 453 362 498 512 53743 0 0 1 standing 
2 453 362 499 512 53744 0 0 1 standing 
2 454 362 500 512 53745 0 0 1 standing 
3 77 369 149 518 53726 0 0 0 standing 
3 76 369 152 518 53727 0 0 1 standing 
3 75 369 155 519 53728 0 0 1 standing 
3 74 369 158 519 53729 0 0 1 standing 
3 73 370 161 520 53730 0 0 0 standing 
3 75 368 163 518 53731 0 0 1 standing 
3 77 366 165 516 53732 0 0 1 standing 
3 80 364 168 514 53733 0 0 1 standing 
3 82 362 170 512 53734 0 0 1 standing 
3 85 360 173 511 53735 0 0 0 standing 
3 90 358 175 507 53736 0 0 1 standing 
3 96 356 178 504 53737 0 0 1 standing 
3 102 355 180 500 53738 0 0 1 standing 
3 107 353 183 497 53739 0 0 1 standing 
3 113 351 185 493 53740 0 0 1 standing 
3 119 350 188 490 53741 0 0 0 standing 
3 121 350 192 489 53742 0 0 1 standing 
3 124 350 196 489 53743 0 0 1 standing 
3 126 350 200 489 53744 0 0 1 standing 
3 129 350 205 488 53745 0 0 1 standing 
4 338 459 412 640 53726 0 1 0 standing 
4 327 462 407 646 53727 0 1 1 moving 
4 317 466 402 652 53728 0 1 1 moving 
4 307 470 398 658 53729 0 1 0 moving 
4 301 473 395 660 53730 0 1 1 moving 
4 295 476 392 662 53731 0 1 1 moving 
4 290 480 389 665 53732 0 1 0 moving 
4 288 479 384 664 53733 0 1 1 moving 
4 287 478 380 663 53734 0 1 1 moving 
4 286 477 375 662 53735 0 1 1 moving 
4 285 476 371 661 53736 0 1 0 moving 
4 279 475 368 661 53737 0 1 1 moving 
4 274 475 365 661 53738 0 1 1 moving 
4 269 475 362 661 53739 0 1 1 moving 
4 264 475 359 661 53740 0 1 1 moving 
4 259 475 357 662 53741 0 1 0 moving 
4 256 477 353 664 53742 0 1 1 moving 
4 254 479 349 666 53743 0 1 1 moving 
4 252 482 346 668 53744 0 1 1 moving 
4 250 484 342 670 53745 0 1 1 moving 
5 251 475 310 652 53726 0 0 0 moving 
5 238 477 306 652 53727 0 0 1 standing 
5 225 480 303 653 53728 0 0 1 standing 
5 212 482 300 654 53729 0 0 1 standing 
5 199 485 297 654 53730 0 0 1 standing 
5 186 487 294 655 53731 0 0 1 standing 
5 174 490 291 656 53732 0 0 0 standing 
5 172 489 283 654 53733 0 0 1 standing 
5 170 488 276 652 53734 0 0 1 standing 
5 168 487 269 650 53735 0 0 1 standing 
5 167 487 262 648 53736 0 0 1 standing 
5 165 486 255 646 53737 0 0 1 standing 
5 163 485 248 644 53738 0 0 1 standing 
5 162 485 241 642 53739 0 0 0 standing 
5 158 481 241 640 53740 0 0 1 standing 
5 155 478 241 639 53741 0 0 1 standing 
5 152 475 242 638 53742 0 0 0 standing 
5 150 472 240 633 53743 0 0 1 standing 
5 148 470 239 628 53744 0 0 1 standing 
5 146 468 237 623 53745 0 0 1 standing 
6 868 450 929 598 53726 0 0 0 standing 
6 869 450 930 598 53727 0 0 1 standing 
6 870 450 931 598 53728 0 0 1 standing 
6 871 450 932 598 53729 0 0 1 standing 
6 873 450 933 598 53730 0 0 1 standing 
6 874 450 934 598 53731 0 0 1 standing 
6 875 450 935 598 53732 0 0 1 standing 
6 877 450 936 598 53733 0 0 1 standing 
6 878 450 937 598 53734 0 0 1 standing 
6 879 450 938 598 53735 0 0 1 standing 
6 881 451 940 598 53736 0 0 0 standing 
6 881 451 941 598 53737 0 0 1 standing 
6 881 451 943 598 53738 0 0 1 standing 
6 881 451 944 598 53739 0 0 1 standing 
6 882 451 946 598 53740 0 0 1 standing 
6 882 451 947 599 53741 0 0 1 standing 
6 882 451 949 599 53742 0 0 1 standing 
6 883 451 950 599 53743 0 0 1 standing 
6 883 451 952 599 53744 0 0 1 standing 
6 883 451 953 599 53745 0 0 1 standing 
7 1052 375 1111 534 53726 0 0 0 standing 
7 1052 374 1113 533 53727 0 0 1 standing 
7 1053 373 1116 532 53728 0 0 1 standing 
7 1054 372 1118 531 53729 0 0 1 standing 
7 1055 372 1121 531 53730 0 0 0 standing 
7 1056 371 1120 530 53731 0 0 1 standing 
7 1057 371 1120 530 53732 0 0 1 standing 
7 1058 371 1120 530 53733 0 0 1 standing 
7 1059 370 1120 529 53734 0 0 1 standing 
7 1060 370 1120 529 53735 0 0 1 standing 
7 1061 370 1120 529 53736 0 0 0 standing 
7 1060 371 1120 528 53737 0 0 1 standing 
7 1060 372 1120 527 53738 0 0 1 standing 
7 1060 373 1121 526 53739 0 0 1 standing 
7 1060 374 1121 525 53740 0 0 1 standing 
7 1059 375 1122 524 53741 0 0 1 standing 
7 1059 376 1122 523 53742 0 0 1 standing 
7 1059 377 1123 522 53743 0 0 1 standing 
7 1059 378 1123 521 53744 0 0 1 standing 
7 1059 380 1124 521 53745 0 0 0 standing 
8 824 336 904 447 53726 0 0 0 standing 
8 823 335 903 446 53727 0 0 1 standing 
8 823 335 903 446 53728 0 0 1 standing 
8 823 335 903 446 53729 0 0 1 standing 
8 823 334 903 446 53730 0 0 1 standing 
8 823 334 903 446 53731 0 0 1 standing 
8 823 334 903 446 53732 0 0 1 standing 
8 823 333 903 446 53733 0 0 1 standing 
8 823 333 903 446 53734 0 0 1 standing 
8 823 333 903 446 53735 0 0 1 standing 
8 823 333 903 446 53736 0 0 1 standing 
8 823 332 902 445 53737 0 0 1 standing 
8 823 332 902 445 53738 0 0 1 standing 
8 823 332 902 445 53739 0 0 1 standing 
8 823 331 902 445 53740 0 0 1 standing 
8 823 331 902 445 53741 0 0 1 standing 
8 823 331 902 445 53742 0 0 1 standing 
8 823 330 902 445 53743 0 0 1 standing 
8 823 330 902 445 53744 0 0 1 standing 
8 823 330 902 445 53745 0 0 1 standing 
9 594 328 646 456 53726 0 0 1 standing 
9 594 326 646 455 53727 0 0 1 standing 
9 594 325 645 454 53728 0 0 1 standing 
9 594 323 645 453 53729 0 0 1 standing 
9 594 321 644 452 53730 0 0 1 standing 
9 594 320 644 451 53731 0 0 0 standing 
9 594 319 642 448 53732 0 0 1 standing 
9 594 318 640 446 53733 0 0 1 standing 
9 595 317 638 443 53734 0 0 1 standing 
9 595 316 636 441 53735 0 0 1 standing 
9 596 316 635 439 53736 0 0 0 standing 
9 595 315 635 439 53737 0 0 1 standing 
9 594 315 636 440 53738 0 0 1 standing 
9 593 315 637 440 53739 0 0 1 standing 
9 593 315 638 441 53740 0 0 1 standing 
9 592 315 639 441 53741 0 0 1 standing 
9 591 315 640 442 53742 0 0 1 standing 
9 591 315 641 442 53743 0 0 1 standing 
9 590 315 642 443 53744 0 0 1 standing 
9 589 315 643 443 53745 0 0 1 standing 
10 562 370 613 525 53726 0 0 0 standing 
10 563 368 613 521 53727 0 0 1 standing 
10 564 367 613 518 53728 0 0 1 standing 
10 565 365 613 514 53729 0 0 1 standing 
10 566 364 614 511 53730 0 0 0 standing 
10 566 365 614 511 53731 0 0 1 standing 
10 567 367 615 512 53732 0 0 1 standing 
10 567 369 616 512 53733 0 0 1 standing 
10 568 371 616 513 53734 0 0 1 standing 
10 568 373 617 513 53735 0 0 1 standing 
10 569 375 618 514 53736 0 0 0 standing 
10 568 377 619 514 53737 0 0 1 standing 
10 567 379 620 514 53738 0 0 1 standing 
10 566 381 622 515 53739 0 0 1 standing 
10 565 383 623 515 53740 0 0 1 standing 
10 564 385 625 516 53741 0 0 0 standing 
10 562 386 625 517 53742 0 0 1 standing 
10 561 388 625 518 53743 0 0 1 standing 
10 560 390 625 519 53744 0 0 0 standing 
10 559 388 625 517 53745 0 0 1 standing 
11 549 432 604 601 53726 0 0 0 standing 
11 549 432 604 601 53727 0 0 1 standing 
11 549 433 604 602 53728 0 0 1 standing 
11 549 434 604 603 53729 0 0 1 standing 
11 549 435 604 604 53730 0 0 1 standing 
11 550 436 605 605 53731 0 0 1 standing 
11 550 436 605 605 53732 0 0 1 standing 
11 550 437 605 606 53733 0 0 1 standing 
11 550 438 605 607 53734 0 0 1 standing 
11 550 439 605 608 53735 0 0 1 standing 
11 551 440 606 609 53736 0 0 0 standing 
11 550 441 606 608 53737 0 0 1 standing 
11 550 442 607 608 53738 0 0 1 standing 
11 550 443 608 607 53739 0 0 1 standing 
11 550 444 609 607 53740 0 0 1 standing 
11 550 445 610 607 53741 0 0 1 standing 
11 549 446 610 606 53742 0 0 1 standing 
11 549 447 611 606 53743 0 0 1 standing 
11 549 448 612 605 53744 0 0 1 standing 
11 549 449 613 605 53745 0 0 1 standing 
