0 735 408 812 540 60505 0 1 0 standing 
0 734 406 808 534 60506 0 1 1 standing 
0 733 405 805 528 60507 0 1 1 standing 
0 732 403 802 523 60508 0 1 1 standing 
0 731 402 799 517 60509 0 1 1 standing 
0 730 400 796 511 60510 0 1 1 standing 
0 729 399 793 506 60511 0 1 0 standing 
0 729 389 791 505 60512 0 1 1 standing 
0 730 379 790 504 60513 0 1 1 standing 
0 730 369 789 503 60514 0 1 1 standing 
0 731 359 788 502 60515 0 1 0 standing 
0 730 355 792 494 60516 0 1 1 standing 
0 729 351 796 486 60517 0 1 1 standing 
0 729 347 801 478 60518 0 1 1 standing 
0 728 343 805 470 60519 0 1 1 standing 
0 727 339 809 462 60520 0 1 1 standing 
0 727 336 814 455 60521 0 1 0 standing 
0 735 333 822 452 60522 0 1 1 standing 
0 743 330 830 449 60523 0 1 1 standing 
0 752 327 839 446 60524 0 1 1 standing 
1 640 378 692 477 60505 0 1 0 standing 
1 646 371 697 474 60506 0 1 1 setting 
1 652 365 703 472 60507 0 1 1 setting 
1 658 359 709 470 60508 0 1 1 setting 
1 664 352 715 468 60509 0 1 1 setting 
1 670 346 721 466 60510 0 1 1 setting 
1 676 340 727 463 60511 0 1 1 setting 
1 682 333 733 461 60512 0 1 1 setting 
1 688 327 739 459 60513 0 1 1 setting 
1 694 321 745 457 60514 0 1 1 setting 
1 700 315 751 455 60515 0 1 0 setting 
1 706 318 757 455 60516 0 1 1 setting 
1 712 322 763 455 60517 0 1 1 setting 
1 719 325 770 455 60518 0 1 1 setting 
1 725 329 776 455 60519 0 1 1 setting 
1 731 332 782 455 60520 0 1 1 setting 
1 738 336 789 455 60521 0 1 0 setting 
1 748 341 799 460 60522 0 1 1 setting 
1 758 347 809 466 60523 0 1 1 setting 
1 769 352 820 471 60524 0 1 1 setting 
2 908 306 981 405 60505 0 1 0 setting 
2 907 307 980 404 60506 0 1 1 moving 
2 906 308 979 404 60507 0 1 1 moving 
2 905 309 978 404 60508 0 1 1 moving 
2 904 310 977 404 60509 0 1 1 moving 
2 903 311 976 404 60510 0 1 1 moving 
2 902 312 975 404 60511 0 1 1 moving 
2 901 313 974 404 60512 0 1 1 moving 
2 900 314 973 404 60513 0 1 1 moving 
2 899 315 972 404 60514 0 1 1 moving 
2 899 316 971 404 60515 0 1 0 moving 
2 895 316 971 404 60516 0 1 1 moving 
2 892 316 971 404 60517 0 1 1 moving 
2 888 316 971 404 60518 0 1 1 moving 
2 885 316 971 404 60519 0 1 1 moving 
2 881 316 971 404 60520 0 1 1 moving 
2 878 317 971 404 60521 0 1 0 moving 
2 878 317 971 404 60522 0 1 1 moving 
2 878 317 971 404 60523 0 1 1 moving 
2 878 317 971 404 60524 0 1 1 moving 
3 814 360 880 454 60505 0 0 0 moving 
3 820 362 886 456 60506 0 0 1 waiting 
3 826 365 892 459 60507 0 0 1 waiting 
3 832 368 898 462 60508 0 0 0 waiting 
3 838 369 902 464 60509 0 0 1 waiting 
3 845 370 906 467 60510 0 0 1 waiting 
3 852 372 910 470 60511 0 0 0 waiting 
3 856 371 914 467 60512 0 0 1 waiting 
3 860 370 918 465 60513 0 0 1 waiting 
3 864 369 922 463 60514 0 0 0 waiting 
3 871 369 927 466 60515 0 0 1 waiting 
3 878 369 932 469 60516 0 0 1 waiting 
3 885 370 937 472 60517 0 0 0 waiting 
3 893 369 945 471 60518 0 0 1 waiting 
3 901 369 953 471 60519 0 0 1 waiting 
3 909 369 961 471 60520 0 0 0 waiting 
3 918 370 970 474 60521 0 0 1 waiting 
3 927 372 979 477 60522 0 0 1 waiting 
3 937 373 988 481 60523 0 0 1 waiting 
3 946 375 997 484 60524 0 0 1 waiting 
4 912 424 1007 522 60505 0 0 0 waiting 
4 909 423 1007 522 60506 0 0 1 moving 
4 907 423 1007 522 60507 0 0 1 moving 
4 905 423 1008 522 60508 0 0 0 moving 
4 907 423 1000 522 60509 0 0 1 moving 
4 909 423 993 522 60510 0 0 1 moving 
4 912 423 986 522 60511 0 0 0 moving 
4 906 422 982 521 60512 0 0 1 moving 
4 900 422 979 520 60513 0 0 1 moving 
4 894 422 976 520 60514 0 0 0 moving 
4 884 421 971 518 60515 0 0 1 moving 
4 874 420 966 517 60516 0 0 1 moving 
4 864 420 962 516 60517 0 0 0 moving 
4 863 419 955 514 60518 0 0 1 moving 
4 863 418 948 513 60519 0 0 1 moving 
4 863 417 942 512 60520 0 0 0 moving 
4 863 416 936 515 60521 0 0 1 moving 
4 863 415 931 518 60522 0 0 1 moving 
4 864 415 926 521 60523 0 0 1 moving 
4 864 414 921 524 60524 0 0 1 moving 
5 838 440 925 555 60505 0 0 0 moving 
5 842 442 929 559 60506 0 0 1 moving 
5 847 445 933 563 60507 0 0 1 moving 
5 852 448 938 567 60508 0 0 0 moving 
5 849 450 939 569 60509 0 0 1 moving 
5 846 452 940 572 60510 0 0 1 moving 
5 844 455 942 575 60511 0 0 0 moving 
5 841 458 936 583 60512 0 0 1 moving 
5 838 461 930 591 60513 0 0 1 moving 
5 835 465 925 599 60514 0 0 0 moving 
5 832 467 922 599 60515 0 0 1 moving 
5 830 470 920 599 60516 0 0 1 moving 
5 828 473 918 600 60517 0 0 0 moving 
5 813 474 920 600 60518 0 0 1 moving 
5 798 475 923 600 60519 0 0 1 moving 
5 784 477 926 600 60520 0 0 0 moving 
5 788 479 915 602 60521 0 0 1 moving 
5 792 482 905 604 60522 0 0 1 moving 
5 796 484 895 607 60523 0 0 1 moving 
5 800 487 885 609 60524 0 0 1 moving 
6 124 420 174 536 60505 0 0 0 moving 
6 130 419 180 535 60506 0 0 1 standing 
6 136 418 186 534 60507 0 0 1 standing 
6 143 418 193 533 60508 0 0 0 standing 
6 147 418 197 533 60509 0 0 1 standing 
6 151 419 201 534 60510 0 0 1 standing 
6 155 420 205 535 60511 0 0 0 standing 
6 158 420 209 534 60512 0 0 1 standing 
6 161 420 213 534 60513 0 0 1 standing 
6 165 420 217 534 60514 0 0 0 standing 
6 170 419 221 534 60515 0 0 1 standing 
6 175 419 226 534 60516 0 0 1 standing 
6 180 419 231 534 60517 0 0 0 standing 
6 187 418 238 533 60518 0 0 1 standing 
6 194 417 245 532 60519 0 0 1 standing 
6 202 417 253 532 60520 0 0 0 standing 
6 209 416 261 530 60521 0 0 1 standing 
6 216 415 269 528 60522 0 0 1 standing 
6 224 415 277 527 60523 0 0 1 standing 
6 231 414 285 525 60524 0 0 1 standing 
7 183 474 269 600 60505 0 0 0 standing 
7 187 476 276 601 60506 0 0 1 waiting 
7 191 478 283 602 60507 0 0 1 waiting 
7 195 481 290 603 60508 0 0 0 waiting 
7 200 480 295 602 60509 0 0 1 waiting 
7 205 480 300 602 60510 0 0 1 waiting 
7 210 480 305 602 60511 0 0 0 waiting 
7 214 479 309 602 60512 0 0 1 waiting 
7 218 479 313 602 60513 0 0 1 waiting 
7 223 479 318 602 60514 0 0 0 waiting 
7 227 478 322 601 60515 0 0 1 waiting 
7 231 478 326 601 60516 0 0 1 waiting 
7 236 478 331 601 60517 0 0 0 waiting 
7 243 476 338 599 60518 0 0 1 waiting 
7 250 474 345 597 60519 0 0 1 waiting 
7 257 472 352 595 60520 0 0 0 waiting 
7 266 470 358 593 60521 0 0 1 waiting 
7 275 468 365 592 60522 0 0 1 waiting 
7 285 466 372 591 60523 0 0 1 waiting 
7 294 464 379 590 60524 0 0 1 waiting 
8 229 350 303 453 60505 0 0 0 waiting 
8 235 351 309 452 60506 0 0 1 standing 
8 241 352 315 452 60507 0 0 1 standing 
8 248 353 322 452 60508 0 0 0 standing 
8 253 353 327 452 60509 0 0 1 standing 
8 258 353 332 452 60510 0 0 1 standing 
8 264 353 338 452 60511 0 0 0 standing 
8 267 352 341 451 60512 0 0 1 standing 
8 270 352 344 451 60513 0 0 1 standing 
8 273 352 348 451 60514 0 0 0 standing 
8 276 351 351 450 60515 0 0 1 standing 
8 280 350 355 449 60516 0 0 1 standing 
8 284 349 359 448 60517 0 0 0 standing 
8 289 348 364 447 60518 0 0 1 standing 
8 294 348 369 447 60519 0 0 1 standing 
8 299 348 374 447 60520 0 0 0 standing 
8 307 348 382 447 60521 0 0 1 standing 
8 315 349 390 448 60522 0 0 1 standing 
8 323 349 398 448 60523 0 0 1 standing 
8 331 350 406 449 60524 0 0 1 standing 
9 507 447 569 583 60505 0 0 0 standing 
9 511 447 574 583 60506 0 0 1 standing 
9 516 447 579 583 60507 0 0 1 standing 
9 521 447 584 583 60508 0 0 0 standing 
9 524 449 587 585 60509 0 0 1 standing 
9 527 452 590 588 60510 0 0 1 standing 
9 531 455 594 591 60511 0 0 0 standing 
9 535 456 598 593 60512 0 0 1 standing 
9 539 457 602 596 60513 0 0 1 standing 
9 544 459 606 599 60514 0 0 0 standing 
9 549 459 611 599 60515 0 0 1 standing 
9 554 460 616 600 60516 0 0 1 standing 
9 559 461 621 601 60517 0 0 0 standing 
9 566 462 628 602 60518 0 0 1 standing 
9 573 464 635 603 60519 0 0 1 standing 
9 580 466 642 605 60520 0 0 0 standing 
9 588 466 649 605 60521 0 0 1 standing 
9 596 466 656 605 60522 0 0 1 standing 
9 605 467 663 605 60523 0 0 1 standing 
9 613 467 670 605 60524 0 0 1 standing 
10 514 378 556 520 60505 0 0 0 standing 
10 520 376 561 518 60506 0 0 1 blocking 
10 526 374 566 516 60507 0 0 1 blocking 
10 533 373 572 515 60508 0 0 0 blocking 
10 537 372 576 514 60509 0 0 1 blocking 
10 541 372 580 514 60510 0 0 1 blocking 
10 546 372 585 514 60511 0 0 0 blocking 
10 549 374 588 516 60512 0 0 1 blocking 
10 552 376 591 518 60513 0 0 1 blocking 
10 556 378 595 520 60514 0 0 0 blocking 
10 560 379 599 522 60515 0 0 1 blocking 
10 565 381 604 524 60516 0 0 1 blocking 
10 570 383 609 526 60517 0 0 0 blocking 
10 576 389 614 528 60518 0 0 1 blocking 
10 582 395 620 530 60519 0 0 1 blocking 
10 588 402 626 533 60520 0 0 0 blocking 
10 598 399 636 530 60521 0 0 1 blocking 
10 608 397 646 528 60522 0 0 1 blocking 
10 618 394 656 525 60523 0 0 1 blocking 
10 628 392 666 523 60524 0 0 1 blocking 
11 511 365 551 476 60505 0 0 0 blocking 
11 516 365 556 476 60506 0 0 1 blocking 
11 521 365 561 476 60507 0 0 1 blocking 
11 526 365 566 476 60508 0 0 0 blocking 
11 529 364 569 475 60509 0 0 1 blocking 
11 533 364 573 475 60510 0 0 1 blocking 
11 537 364 577 475 60511 0 0 0 blocking 
11 541 364 581 475 60512 0 0 1 blocking 
11 545 364 585 475 60513 0 0 1 blocking 
11 550 365 590 476 60514 0 0 0 blocking 
11 555 366 595 477 60515 0 0 1 blocking 
11 561 367 601 478 60516 0 0 1 blocking 
11 567 368 607 479 60517 0 0 0 blocking 
11 574 367 614 478 60518 0 0 1 blocking 
11 582 366 622 477 60519 0 0 1 blocking 
11 590 365 630 476 60520 0 0 0 blocking 
11 597 362 637 473 60521 0 0 1 blocking 
11 604 359 644 470 60522 0 0 1 blocking 
11 612 356 651 467 60523 0 0 1 blocking 
11 619 353 658 464 60524 0 0 1 blocking 
