0 440 431 489 521 51915 0 0 0 moving 
0 433 429 482 521 51916 0 0 1 moving 
0 426 427 475 521 51917 0 0 1 moving 
0 420 426 469 522 51918 0 0 1 moving 
0 413 424 462 522 51919 0 0 1 moving 
0 407 423 456 523 51920 0 0 1 moving 
0 400 421 449 523 51921 0 0 1 moving 
0 394 420 443 524 51922 0 0 0 moving 
0 388 418 436 524 51923 0 0 1 moving 
0 382 416 430 524 51924 0 0 1 moving 
0 376 415 424 525 51925 0 0 0 moving 
0 371 414 419 524 51926 0 0 1 moving 
0 366 414 414 524 51927 0 0 1 moving 
0 361 414 409 524 51928 0 0 1 moving 
0 356 413 404 523 51929 0 0 1 moving 
0 351 413 399 523 51930 0 0 1 moving 
0 346 413 394 523 51931 0 0 1 moving 
0 341 412 389 522 51932 0 0 1 moving 
0 336 412 384 522 51933 0 0 1 moving 
0 331 412 379 522 51934 0 0 1 moving 
1 566 387 612 499 51915 0 0 0 moving 
1 560 386 605 499 51916 0 0 1 standing 
1 554 386 599 499 51917 0 0 1 standing 
1 548 386 593 499 51918 0 0 1 standing 
1 542 385 587 499 51919 0 0 1 standing 
1 536 385 581 499 51920 0 0 1 standing 
1 530 385 575 499 51921 0 0 1 standing 
1 524 384 569 499 51922 0 0 1 standing 
1 518 384 563 499 51923 0 0 1 standing 
1 512 384 557 500 51924 0 0 0 standing 
1 505 384 550 500 51925 0 0 1 standing 
1 498 384 543 500 51926 0 0 1 standing 
1 491 384 536 500 51927 0 0 1 standing 
1 484 384 529 500 51928 0 0 1 standing 
1 477 384 522 500 51929 0 0 0 standing 
1 472 385 517 501 51930 0 0 1 standing 
1 467 387 512 503 51931 0 0 1 standing 
1 463 389 508 505 51932 0 0 1 standing 
1 458 391 503 507 51933 0 0 1 standing 
1 454 393 499 509 51934 0 0 0 standing 
2 658 372 698 479 51915 0 0 0 standing 
2 649 370 689 478 51916 0 0 1 standing 
2 641 368 681 478 51917 0 0 1 standing 
2 632 366 672 478 51918 0 0 1 standing 
2 624 364 664 478 51919 0 0 1 standing 
2 616 363 656 478 51920 0 0 0 standing 
2 606 362 646 475 51921 0 0 1 standing 
2 596 361 636 473 51922 0 0 1 standing 
2 586 361 626 471 51923 0 0 1 standing 
2 576 360 616 469 51924 0 0 1 standing 
2 566 360 606 467 51925 0 0 1 standing 
2 556 359 596 465 51926 0 0 1 standing 
2 546 359 587 463 51927 0 0 0 standing 
2 534 360 577 463 51928 0 0 1 standing 
2 522 362 568 463 51929 0 0 1 standing 
2 510 363 559 463 51930 0 0 1 standing 
2 499 365 550 463 51931 0 0 0 standing 
2 494 366 544 463 51932 0 0 1 standing 
2 490 367 538 463 51933 0 0 1 standing 
2 486 368 532 463 51934 0 0 1 standing 
3 790 432 834 579 51915 0 0 0 standing 
3 782 431 826 578 51916 0 0 1 standing 
3 775 431 819 578 51917 0 0 1 standing 
3 768 431 812 578 51918 0 0 1 standing 
3 761 431 805 578 51919 0 0 1 standing 
3 754 431 798 578 51920 0 0 1 standing 
3 746 430 790 577 51921 0 0 1 standing 
3 739 430 783 577 51922 0 0 1 standing 
3 732 430 776 577 51923 0 0 1 standing 
3 725 430 769 577 51924 0 0 1 standing 
3 718 430 762 577 51925 0 0 0 standing 
3 709 430 753 576 51926 0 0 1 standing 
3 701 430 745 575 51927 0 0 1 standing 
3 693 430 736 575 51928 0 0 1 standing 
3 684 430 728 574 51929 0 0 1 standing 
3 676 431 720 574 51930 0 0 1 standing 
3 668 431 711 573 51931 0 0 1 standing 
3 659 431 703 572 51932 0 0 1 standing 
3 651 431 694 572 51933 0 0 1 standing 
3 643 431 686 571 51934 0 0 1 standing 
4 864 419 907 554 51915 0 0 0 standing 
4 860 417 903 552 51916 0 0 1 standing 
4 856 416 899 551 51917 0 0 1 standing 
4 852 414 895 549 51918 0 0 1 standing 
4 848 413 891 548 51919 0 0 1 standing 
4 844 412 887 547 51920 0 0 0 standing 
4 835 409 878 544 51921 0 0 1 standing 
4 826 407 869 542 51922 0 0 1 standing 
4 818 405 861 540 51923 0 0 1 standing 
4 809 403 852 538 51924 0 0 1 standing 
4 801 401 844 536 51925 0 0 0 standing 
4 791 400 834 535 51926 0 0 1 standing 
4 782 399 825 534 51927 0 0 1 standing 
4 773 398 816 533 51928 0 0 0 standing 
4 765 397 808 532 51929 0 0 1 standing 
4 757 396 800 531 51930 0 0 1 standing 
4 749 395 792 530 51931 0 0 1 standing 
4 741 394 784 529 51932 0 0 1 standing 
4 733 394 776 529 51933 0 0 0 standing 
4 726 390 767 525 51934 0 0 1 standing 
5 953 383 999 504 51915 0 0 0 standing 
5 951 381 996 503 51916 0 0 1 standing 
5 949 380 994 503 51917 0 0 1 standing 
5 947 378 991 503 51918 0 0 1 standing 
5 946 377 989 503 51919 0 0 1 standing 
5 944 375 986 503 51920 0 0 1 standing 
5 942 374 984 503 51921 0 0 1 standing 
5 941 373 982 503 51922 0 0 0 standing 
5 936 373 977 501 51923 0 0 1 standing 
5 931 373 972 500 51924 0 0 1 standing 
5 927 373 968 499 51925 0 0 0 standing 
5 922 372 964 498 51926 0 0 1 standing 
5 918 371 960 497 51927 0 0 1 standing 
5 914 370 956 496 51928 0 0 1 standing 
5 910 369 952 495 51929 0 0 1 standing 
5 906 368 948 494 51930 0 0 1 standing 
5 902 367 944 493 51931 0 0 1 standing 
5 898 367 941 492 51932 0 0 0 standing 
5 896 368 940 492 51933 0 0 1 standing 
5 895 369 939 493 51934 0 0 1 standing 
6 1058 453 1104 590 51915 0 0 0 standing 
6 1056 452 1102 589 51916 0 0 1 standing 
6 1055 452 1101 589 51917 0 0 1 standing 
6 1054 452 1099 589 51918 0 0 1 standing 
6 1053 452 1098 589 51919 0 0 0 standing 
6 1049 451 1093 588 51920 0 0 1 standing 
6 1045 450 1089 587 51921 0 0 1 standing 
6 1041 450 1084 586 51922 0 0 1 standing 
6 1037 449 1080 585 51923 0 0 1 standing 
6 1033 448 1075 584 51924 0 0 1 standing 
6 1029 448 1071 584 51925 0 0 0 standing 
6 1024 447 1066 583 51926 0 0 1 standing 
6 1020 447 1062 583 51927 0 0 1 standing 
6 1016 447 1058 583 51928 0 0 1 standing 
6 1011 447 1053 583 51929 0 0 1 standing 
6 1007 447 1049 583 51930 0 0 1 standing 
6 1003 447 1045 583 51931 0 0 1 standing 
6 999 447 1041 583 51932 0 0 0 standing 
6 997 447 1039 583 51933 0 0 1 standing 
6 995 447 1037 583 51934 0 0 1 standing 
7 1136 376 1180 497 51915 0 0 0 standing 
7 1134 377 1178 498 51916 0 0 1 standing 
7 1132 379 1176 500 51917 0 0 1 standing 
7 1130 381 1174 502 51918 0 0 1 standing 
7 1128 382 1172 503 51919 0 0 1 standing 
7 1126 384 1170 505 51920 0 0 1 standing 
7 1124 386 1168 507 51921 0 0 0 standing 
7 1122 386 1166 507 51922 0 0 1 standing 
7 1120 387 1164 508 51923 0 0 1 standing 
7 1118 388 1162 509 51924 0 0 1 standing 
7 1116 389 1160 510 51925 0 0 0 standing 
7 1113 388 1157 509 51926 0 0 1 standing 
7 1110 388 1154 509 51927 0 0 1 standing 
7 1107 388 1151 509 51928 0 0 1 standing 
7 1104 388 1148 509 51929 0 0 0 standing 
7 1102 389 1146 510 51930 0 0 1 standing 
7 1101 391 1145 512 51931 0 0 1 standing 
7 1100 393 1144 514 51932 0 0 1 standing 
7 1099 395 1143 516 51933 0 0 1 standing 
7 1098 397 1142 518 51934 0 0 1 standing 
8 565 485 611 592 51915 0 1 0 standing 
8 558 486 624 595 51916 0 1 1 digging 
8 551 487 637 598 51917 0 1 1 digging 
8 544 488 650 602 51918 0 1 0 digging 
8 550 484 652 601 51919 0 1 1 digging 
8 556 480 655 600 51920 0 1 1 digging 
8 562 477 658 599 51921 0 1 1 digging 
8 568 473 661 598 51922 0 1 1 digging 
8 574 469 664 597 51923 0 1 1 digging 
8 581 466 667 597 51924 0 1 0 digging 
8 573 465 659 595 51925 0 1 1 digging 
8 566 464 651 593 51926 0 1 1 digging 
8 559 463 644 592 51927 0 1 1 digging 
8 552 462 636 590 51928 0 1 1 digging 
8 545 461 629 589 51929 0 1 0 digging 
8 551 461 633 588 51930 0 1 1 digging 
8 557 462 637 587 51931 0 1 1 digging 
8 563 463 641 586 51932 0 1 0 digging 
8 569 464 636 586 51933 0 1 1 digging 
8 576 465 631 586 51934 0 1 1 digging 
9 778 472 824 610 51915 0 0 0 digging 
9 770 474 817 610 51916 0 0 1 standing 
9 762 476 810 610 51917 0 0 1 standing 
9 755 478 804 611 51918 0 0 1 standing 
9 747 480 797 611 51919 0 0 1 standing 
9 740 482 791 612 51920 0 0 0 standing 
9 732 480 782 611 51921 0 0 1 standing 
9 725 478 774 610 51922 0 0 1 standing 
9 717 476 766 609 51923 0 0 1 standing 
9 710 474 757 609 51924 0 0 1 standing 
9 702 472 749 608 51925 0 0 1 standing 
9 695 470 741 607 51926 0 0 1 standing 
9 688 469 733 607 51927 0 0 0 standing 
9 680 468 725 606 51928 0 0 1 standing 
9 673 467 717 605 51929 0 0 1 standing 
9 666 467 709 604 51930 0 0 1 standing 
9 659 466 701 603 51931 0 0 1 standing 
9 651 465 693 602 51932 0 0 1 standing 
9 644 465 685 601 51933 0 0 1 standing 
9 637 464 677 600 51934 0 0 1 standing 
10 873 478 921 618 51915 0 0 0 standing 
10 865 477 912 617 51916 0 0 1 standing 
10 858 477 904 617 51917 0 0 1 standing 
10 851 477 895 617 51918 0 0 1 standing 
10 843 476 887 616 51919 0 0 1 standing 
10 836 476 878 616 51920 0 0 1 standing 
10 829 476 870 616 51921 0 0 0 standing 
10 820 475 860 615 51922 0 0 1 standing 
10 811 475 850 615 51923 0 0 1 standing 
10 802 475 840 614 51924 0 0 1 standing 
10 794 475 830 614 51925 0 0 0 standing 
10 784 473 820 611 51926 0 0 1 standing 
10 775 471 811 608 51927 0 0 1 standing 
10 766 469 802 606 51928 0 0 0 standing 
10 757 467 793 603 51929 0 0 1 standing 
10 748 466 784 601 51930 0 0 1 standing 
10 739 464 775 599 51931 0 0 1 standing 
10 731 463 767 597 51932 0 0 0 standing 
10 725 459 760 592 51933 0 0 1 standing 
10 719 455 754 588 51934 0 0 1 standing 
11 987 404 1040 513 51915 0 0 0 standing 
11 975 402 1028 512 51916 0 0 1 standing 
11 963 400 1016 511 51917 0 0 1 standing 
11 952 398 1004 511 51918 0 0 1 standing 
11 940 396 992 510 51919 0 0 1 standing 
11 929 394 980 510 51920 0 0 0 standing 
11 914 392 964 508 51921 0 0 1 standing 
11 899 390 949 507 51922 0 0 1 standing 
11 885 388 934 506 51923 0 0 1 standing 
11 870 386 919 505 51924 0 0 1 standing 
11 855 384 904 504 51925 0 0 1 standing 
11 841 382 889 503 51926 0 0 0 standing 
11 825 381 873 501 51927 0 0 1 standing 
11 810 380 857 499 51928 0 0 1 standing 
11 795 380 841 498 51929 0 0 0 standing 
11 783 379 828 496 51930 0 0 1 standing 
11 771 379 815 495 51931 0 0 1 standing 
11 759 379 802 493 51932 0 0 1 standing 
11 748 379 790 492 51933 0 0 0 standing 
11 738 377 780 490 51934 0 0 1 standing 
