0 775 381 888 606 26200 0 1 0 standing 
0 770 374 879 597 26201 0 1 1 standing 
0 766 368 871 589 26202 0 1 1 standing 
0 761 362 863 581 26203 0 1 1 standing 
0 757 356 855 573 26204 0 1 0 standing 
0 753 352 854 567 26205 0 1 1 standing 
0 749 348 854 561 26206 0 1 1 standing 
0 746 345 854 556 26207 0 1 0 standing 
0 745 352 855 558 26208 0 1 1 standing 
0 745 359 856 560 26209 0 1 1 standing 
0 745 366 857 563 26210 0 1 1 standing 
0 745 374 858 565 26211 0 1 1 standing 
0 745 381 859 568 26212 0 1 1 standing 
0 745 388 860 570 26213 0 1 1 standing 
0 745 395 861 573 26214 0 1 1 standing 
0 745 403 862 575 26215 0 1 1 standing 
0 745 410 863 578 26216 0 1 1 standing 
0 745 417 864 580 26217 0 1 1 standing 
0 745 425 865 583 26218 0 1 0 standing 
0 748 425 858 583 26219 0 1 1 standing 
1 556 429 614 605 26200 0 1 0 standing 
1 557 421 617 599 26201 0 1 1 blocking 
1 559 413 620 594 26202 0 1 1 blocking 
1 561 405 623 589 26203 0 1 1 blocking 
1 563 397 626 584 26204 0 1 1 blocking 
1 565 389 630 579 26205 0 1 1 blocking 
1 567 381 633 574 26206 0 1 1 blocking 
1 569 373 636 569 26207 0 1 1 blocking 
1 571 365 639 564 26208 0 1 1 blocking 
1 573 357 642 559 26209 0 1 1 blocking 
1 575 349 646 554 26210 0 1 0 blocking 
1 580 352 651 557 26211 0 1 1 blocking 
1 586 356 657 561 26212 0 1 1 blocking 
1 591 360 662 565 26213 0 1 1 blocking 
1 597 364 668 568 26214 0 1 1 blocking 
1 603 368 674 572 26215 0 1 1 blocking 
1 608 372 679 576 26216 0 1 1 blocking 
1 614 376 685 579 26217 0 1 1 blocking 
1 619 380 690 583 26218 0 1 1 blocking 
1 625 384 696 587 26219 0 1 1 blocking 
2 551 405 611 583 26200 0 1 0 blocking 
2 554 396 614 576 26201 0 1 1 blocking 
2 557 387 617 570 26202 0 1 1 blocking 
2 560 378 620 564 26203 0 1 1 blocking 
2 564 369 623 558 26204 0 1 1 blocking 
2 567 361 627 552 26205 0 1 1 blocking 
2 570 352 630 545 26206 0 1 1 blocking 
2 574 343 633 539 26207 0 1 1 blocking 
2 577 334 636 533 26208 0 1 1 blocking 
2 580 325 639 527 26209 0 1 1 blocking 
2 584 317 643 521 26210 0 1 0 blocking 
2 589 322 648 526 26211 0 1 1 blocking 
2 595 327 654 531 26212 0 1 1 blocking 
2 600 332 659 536 26213 0 1 1 blocking 
2 606 337 665 541 26214 0 1 1 blocking 
2 612 342 671 546 26215 0 1 1 blocking 
2 617 347 676 551 26216 0 1 1 blocking 
2 623 352 682 556 26217 0 1 1 blocking 
2 628 357 687 561 26218 0 1 1 blocking 
2 634 362 693 566 26219 0 1 1 blocking 
3 702 393 746 541 26200 0 0 0 blocking 
3 703 392 747 540 26201 0 0 1 standing 
3 705 392 748 539 26202 0 0 1 standing 
3 707 392 749 539 26203 0 0 0 standing 
3 707 391 753 540 26204 0 0 1 standing 
3 707 390 757 542 26205 0 0 1 standing 
3 708 389 761 544 26206 0 0 0 standing 
3 711 388 764 543 26207 0 0 1 standing 
3 714 387 767 542 26208 0 0 1 standing 
3 718 386 771 541 26209 0 0 0 standing 
3 720 385 773 540 26210 0 0 1 standing 
3 722 384 775 540 26211 0 0 1 standing 
3 724 384 777 540 26212 0 0 0 standing 
3 733 385 786 541 26213 0 0 1 standing 
3 743 386 796 542 26214 0 0 1 standing 
3 753 388 806 544 26215 0 0 0 standing 
3 758 387 811 543 26216 0 0 1 standing 
3 763 386 816 542 26217 0 0 1 standing 
3 769 385 822 541 26218 0 0 1 standing 
3 774 384 827 540 26219 0 0 1 standing 
4 949 371 1011 503 26200 0 0 0 standing 
4 948 371 1015 503 26201 0 0 1 standing 
4 948 372 1019 503 26202 0 0 1 standing 
4 948 373 1024 504 26203 0 0 0 standing 
4 953 373 1022 509 26204 0 0 1 standing 
4 958 373 1021 514 26205 0 0 1 standing 
4 963 373 1020 520 26206 0 0 0 standing 
4 966 375 1023 522 26207 0 0 1 standing 
4 969 377 1026 525 26208 0 0 1 standing 
4 973 380 1030 528 26209 0 0 0 standing 
4 976 379 1033 529 26210 0 0 1 standing 
4 979 379 1036 530 26211 0 0 1 standing 
4 982 379 1040 532 26212 0 0 0 standing 
4 988 379 1046 533 26213 0 0 1 standing 
4 994 379 1053 534 26214 0 0 1 standing 
4 1001 380 1060 535 26215 0 0 0 standing 
4 1008 380 1067 536 26216 0 0 1 standing 
4 1015 380 1074 538 26217 0 0 1 standing 
4 1022 381 1081 540 26218 0 0 1 standing 
4 1029 381 1088 542 26219 0 0 1 standing 
5 755 324 806 450 26200 0 0 0 standing 
5 754 323 805 450 26201 0 0 1 setting 
5 753 323 804 450 26202 0 0 1 setting 
5 753 323 804 450 26203 0 0 0 setting 
5 754 323 805 450 26204 0 0 1 setting 
5 755 323 806 450 26205 0 0 1 setting 
5 756 323 807 450 26206 0 0 1 setting 
5 757 323 808 450 26207 0 0 1 setting 
5 758 323 809 450 26208 0 0 1 setting 
5 760 323 811 450 26209 0 0 0 setting 
5 762 323 813 450 26210 0 0 1 setting 
5 764 323 815 450 26211 0 0 1 setting 
5 766 323 817 450 26212 0 0 0 setting 
5 771 323 822 450 26213 0 0 1 setting 
5 777 323 828 450 26214 0 0 1 setting 
5 783 324 834 451 26215 0 0 0 setting 
5 789 324 840 453 26216 0 0 1 setting 
5 795 325 846 456 26217 0 0 1 setting 
5 801 325 853 459 26218 0 0 1 setting 
5 807 326 859 462 26219 0 0 1 setting 
6 798 421 883 593 26200 0 0 0 setting 
6 800 424 880 588 26201 0 0 1 standing 
6 803 428 877 584 26202 0 0 1 standing 
6 806 431 875 579 26203 0 0 1 standing 
6 808 435 872 575 26204 0 0 1 standing 
6 811 438 869 570 26205 0 0 1 standing 
6 814 442 867 566 26206 0 0 0 standing 
6 816 441 869 565 26207 0 0 1 standing 
6 818 440 871 565 26208 0 0 1 standing 
6 820 440 873 565 26209 0 0 0 standing 
6 825 438 877 566 26210 0 0 1 standing 
6 830 436 882 567 26211 0 0 1 standing 
6 835 435 887 568 26212 0 0 1 standing 
6 840 433 892 569 26213 0 0 1 standing 
6 845 431 897 570 26214 0 0 1 standing 
6 850 430 902 571 26215 0 0 0 standing 
6 856 431 908 572 26216 0 0 1 standing 
6 863 432 915 573 26217 0 0 1 standing 
6 869 433 921 574 26218 0 0 1 standing 
6 876 434 928 575 26219 0 0 1 standing 
7 852 382 896 508 26200 0 0 0 standing 
7 851 384 897 510 26201 0 0 1 standing 
7 850 386 899 512 26202 0 0 1 standing 
7 849 389 901 514 26203 0 0 0 standing 
7 848 390 904 515 26204 0 0 1 standing 
7 848 391 907 516 26205 0 0 1 standing 
7 848 392 911 517 26206 0 0 0 standing 
7 852 391 915 516 26207 0 0 1 standing 
7 857 391 920 516 26208 0 0 1 standing 
7 862 391 925 516 26209 0 0 0 standing 
7 863 391 928 516 26210 0 0 1 standing 
7 864 391 932 516 26211 0 0 1 standing 
7 865 392 936 516 26212 0 0 0 standing 
7 871 389 939 517 26213 0 0 1 standing 
7 877 387 943 518 26214 0 0 1 standing 
7 883 385 947 520 26215 0 0 0 standing 
7 888 384 952 520 26216 0 0 1 standing 
7 893 384 957 520 26217 0 0 1 standing 
7 898 383 963 521 26218 0 0 1 standing 
7 903 383 968 521 26219 0 0 1 standing 
8 428 366 507 496 26200 0 0 0 standing 
8 429 366 505 497 26201 0 0 1 standing 
8 430 366 503 498 26202 0 0 1 standing 
8 431 367 502 500 26203 0 0 0 standing 
8 433 368 504 501 26204 0 0 1 standing 
8 436 369 506 503 26205 0 0 1 standing 
8 439 371 509 505 26206 0 0 0 standing 
8 441 371 512 504 26207 0 0 1 standing 
8 444 371 515 504 26208 0 0 1 standing 
8 447 372 518 504 26209 0 0 0 standing 
8 449 371 520 503 26210 0 0 1 standing 
8 451 370 522 502 26211 0 0 1 standing 
8 454 370 525 502 26212 0 0 0 standing 
8 458 371 529 503 26213 0 0 1 standing 
8 462 372 533 504 26214 0 0 1 standing 
8 467 373 538 505 26215 0 0 0 standing 
8 473 373 543 505 26216 0 0 1 standing 
8 480 374 548 506 26217 0 0 1 standing 
8 486 375 554 506 26218 0 0 1 standing 
8 493 376 559 507 26219 0 0 1 standing 
9 201 352 265 460 26200 0 0 0 standing 
9 206 354 266 463 26201 0 0 1 standing 
9 212 356 268 466 26202 0 0 1 standing 
9 218 358 270 469 26203 0 0 0 standing 
9 220 358 272 469 26204 0 0 1 standing 
9 223 358 275 469 26205 0 0 1 standing 
9 226 358 278 469 26206 0 0 0 standing 
9 229 355 282 467 26207 0 0 1 standing 
9 233 352 286 466 26208 0 0 1 standing 
9 237 350 291 465 26209 0 0 0 standing 
9 244 349 300 465 26210 0 0 1 standing 
9 251 349 309 466 26211 0 0 1 standing 
9 259 349 318 467 26212 0 0 0 standing 
9 267 348 328 466 26213 0 0 1 standing 
9 275 347 338 466 26214 0 0 1 standing 
9 283 347 349 466 26215 0 0 0 standing 
9 291 347 357 468 26216 0 0 1 standing 
9 299 348 365 470 26217 0 0 1 standing 
9 307 348 373 472 26218 0 0 1 standing 
9 315 349 381 474 26219 0 0 1 standing 
10 126 477 204 619 26200 0 0 0 standing 
10 127 476 204 618 26201 0 0 1 standing 
10 128 476 204 618 26202 0 0 1 standing 
10 129 476 204 618 26203 0 0 1 standing 
10 130 475 204 617 26204 0 0 1 standing 
10 131 475 204 617 26205 0 0 1 standing 
10 133 475 205 617 26206 0 0 0 standing 
10 136 474 208 614 26207 0 0 1 standing 
10 139 473 211 611 26208 0 0 1 standing 
10 143 472 214 608 26209 0 0 0 standing 
10 147 472 218 604 26210 0 0 1 standing 
10 151 472 222 600 26211 0 0 1 standing 
10 156 472 226 597 26212 0 0 0 standing 
10 161 472 234 596 26213 0 0 1 standing 
10 166 472 243 596 26214 0 0 1 standing 
10 171 472 252 596 26215 0 0 0 standing 
10 183 469 262 594 26216 0 0 1 standing 
10 195 466 272 593 26217 0 0 1 standing 
10 207 463 282 591 26218 0 0 1 standing 
10 219 460 292 590 26219 0 0 1 standing 
11 9 423 85 562 26200 0 0 0 standing 
11 6 421 82 561 26201 0 0 1 standing 
11 4 420 80 560 26202 0 0 1 standing 
11 2 419 78 559 26203 0 0 0 standing 
11 2 417 77 558 26204 0 0 1 standing 
11 3 416 76 557 26205 0 0 1 standing 
11 4 415 75 556 26206 0 0 0 standing 
11 4 414 75 555 26207 0 0 1 standing 
11 4 413 75 554 26208 0 0 1 standing 
11 5 412 76 553 26209 0 0 0 standing 
11 3 411 80 553 26210 0 0 1 standing 
11 1 410 84 553 26211 0 0 1 standing 
11 0 409 88 554 26212 0 0 0 standing 
11 0 409 93 553 26213 0 0 1 standing 
11 0 409 99 553 26214 0 0 1 standing 
11 0 410 105 553 26215 0 0 0 standing 
11 8 408 111 552 26216 0 0 1 standing 
11 16 406 117 551 26217 0 0 1 standing 
11 24 404 123 551 26218 0 0 1 standing 
11 32 402 129 550 26219 0 0 1 standing 
