0 699 412 755 509 73040 0 1 0 moving 
0 695 410 751 505 73041 0 1 1 moving 
0 692 409 748 501 73042 0 1 1 moving 
0 689 408 744 497 73043 0 1 1 moving 
0 685 406 741 493 73044 0 1 1 moving 
0 682 405 738 490 73045 0 1 1 moving 
0 679 404 734 486 73046 0 1 1 moving 
0 675 402 731 482 73047 0 1 1 moving 
0 672 401 727 478 73048 0 1 1 moving 
0 669 400 724 474 73049 0 1 1 moving 
0 666 399 721 471 73050 0 1 0 moving 
0 663 399 717 471 73051 0 1 1 moving 
0 660 399 713 471 73052 0 1 1 moving 
0 657 400 709 471 73053 0 1 1 moving 
0 655 400 705 472 73054 0 1 1 moving 
0 652 401 701 472 73055 0 1 1 moving 
0 649 401 697 472 73056 0 1 1 moving 
0 647 401 693 473 73057 0 1 1 moving 
0 644 402 689 473 73058 0 1 1 moving 
0 641 402 685 473 73059 0 1 1 moving 
1 617 414 651 480 73040 0 1 0 moving 
1 617 409 651 478 73041 0 1 1 setting 
1 618 405 651 476 73042 0 1 1 setting 
1 618 401 651 475 73043 0 1 1 setting 
1 619 397 652 473 73044 0 1 1 setting 
1 619 393 652 472 73045 0 1 1 setting 
1 620 388 652 470 73046 0 1 1 setting 
1 620 384 653 468 73047 0 1 1 setting 
1 621 380 653 467 73048 0 1 1 setting 
1 621 376 653 465 73049 0 1 1 setting 
1 622 372 654 464 73050 0 1 0 setting 
1 625 369 658 461 73051 0 1 1 setting 
1 629 366 662 458 73052 0 1 1 setting 
1 632 364 666 455 73053 0 1 1 setting 
1 636 361 671 453 73054 0 1 1 setting 
1 639 359 675 450 73055 0 1 1 setting 
1 643 356 679 447 73056 0 1 1 setting 
1 646 353 684 445 73057 0 1 1 setting 
1 650 351 688 442 73058 0 1 1 setting 
1 653 348 692 439 73059 0 1 1 setting 
2 863 516 920 625 73040 0 1 0 setting 
2 860 516 919 624 73041 0 1 1 moving 
2 857 516 918 624 73042 0 1 1 moving 
2 854 516 918 624 73043 0 1 1 moving 
2 851 516 917 624 73044 0 1 1 moving 
2 849 516 917 624 73045 0 1 1 moving 
2 846 516 916 624 73046 0 1 1 moving 
2 843 516 915 624 73047 0 1 1 moving 
2 840 516 915 624 73048 0 1 1 moving 
2 837 516 914 624 73049 0 1 1 moving 
2 835 516 914 624 73050 0 1 0 moving 
2 831 516 909 624 73051 0 1 1 moving 
2 828 516 905 624 73052 0 1 1 moving 
2 824 516 901 624 73053 0 1 1 moving 
2 821 517 897 624 73054 0 1 1 moving 
2 818 517 892 624 73055 0 1 1 moving 
2 814 517 888 624 73056 0 1 1 moving 
2 811 517 884 624 73057 0 1 1 moving 
2 808 518 880 625 73058 0 1 0 moving 
2 808 518 880 625 73059 0 1 1 moving 
3 882 451 940 523 73040 0 0 0 moving 
3 881 448 940 522 73041 0 0 1 moving 
3 880 445 940 522 73042 0 0 1 moving 
3 880 443 940 522 73043 0 0 0 moving 
3 876 440 935 520 73044 0 0 1 moving 
3 872 437 930 518 73045 0 0 1 moving 
3 869 435 925 517 73046 0 0 0 moving 
3 865 432 922 516 73047 0 0 1 moving 
3 862 429 919 515 73048 0 0 1 moving 
3 859 427 916 514 73049 0 0 0 moving 
3 858 426 915 513 73050 0 0 1 moving 
3 857 426 914 513 73051 0 0 1 moving 
3 857 426 914 513 73052 0 0 0 moving 
3 857 427 908 513 73053 0 0 1 moving 
3 857 428 903 514 73054 0 0 1 moving 
3 857 430 898 515 73055 0 0 0 moving 
3 854 429 898 514 73056 0 0 1 moving 
3 851 429 898 513 73057 0 0 1 moving 
3 848 429 898 513 73058 0 0 1 moving 
3 845 429 898 512 73059 0 0 1 moving 
4 810 471 884 570 73040 0 0 0 moving 
4 809 472 878 570 73041 0 0 1 moving 
4 808 473 873 571 73042 0 0 1 moving 
4 807 474 868 572 73043 0 0 0 moving 
4 799 473 856 571 73044 0 0 1 moving 
4 791 472 844 570 73045 0 0 1 moving 
4 784 471 833 570 73046 0 0 0 moving 
4 779 468 829 569 73047 0 0 1 moving 
4 775 466 825 569 73048 0 0 1 moving 
4 771 464 822 569 73049 0 0 0 moving 
4 769 464 815 566 73050 0 0 1 moving 
4 767 464 808 564 73051 0 0 1 moving 
4 766 464 801 562 73052 0 0 0 moving 
4 758 464 798 561 73053 0 0 1 moving 
4 751 464 795 560 73054 0 0 1 moving 
4 744 465 793 559 73055 0 0 0 moving 
4 741 465 789 558 73056 0 0 1 moving 
4 739 465 786 557 73057 0 0 1 moving 
4 737 465 783 556 73058 0 0 1 moving 
4 735 465 780 555 73059 0 0 1 moving 
5 409 499 456 598 73040 0 0 0 moving 
5 408 497 454 595 73041 0 0 1 waiting 
5 408 495 453 593 73042 0 0 1 waiting 
5 408 494 452 591 73043 0 0 0 waiting 
5 408 494 451 590 73044 0 0 1 waiting 
5 408 494 451 589 73045 0 0 1 waiting 
5 408 495 451 589 73046 0 0 0 waiting 
5 408 495 451 589 73047 0 0 1 waiting 
5 409 495 452 589 73048 0 0 1 waiting 
5 410 495 453 589 73049 0 0 1 waiting 
5 410 495 453 589 73050 0 0 1 waiting 
5 411 495 454 589 73051 0 0 1 waiting 
5 412 495 455 589 73052 0 0 0 waiting 
5 413 495 458 588 73053 0 0 1 waiting 
5 415 495 461 588 73054 0 0 1 waiting 
5 417 495 464 588 73055 0 0 0 waiting 
5 418 495 467 588 73056 0 0 1 waiting 
5 419 495 470 588 73057 0 0 1 waiting 
5 420 495 473 588 73058 0 0 1 waiting 
5 421 495 476 588 73059 0 0 1 waiting 
6 575 483 605 584 73040 0 0 0 waiting 
6 574 483 606 583 73041 0 0 1 standing 
6 573 483 607 583 73042 0 0 1 standing 
6 573 484 608 583 73043 0 0 0 standing 
6 573 484 608 583 73044 0 0 1 standing 
6 574 484 609 583 73045 0 0 1 standing 
6 575 484 610 583 73046 0 0 0 standing 
6 576 485 611 584 73047 0 0 1 standing 
6 577 486 612 585 73048 0 0 1 standing 
6 579 487 614 586 73049 0 0 0 standing 
6 580 487 615 586 73050 0 0 1 standing 
6 581 487 616 586 73051 0 0 1 standing 
6 582 487 617 586 73052 0 0 0 standing 
6 583 487 618 586 73053 0 0 1 standing 
6 584 487 619 586 73054 0 0 1 standing 
6 585 488 620 587 73055 0 0 0 standing 
6 588 487 622 587 73056 0 0 1 standing 
6 591 487 625 587 73057 0 0 1 standing 
6 594 487 627 588 73058 0 0 1 standing 
6 597 487 630 588 73059 0 0 1 standing 
7 812 390 850 465 73040 0 0 0 standing 
7 810 390 849 465 73041 0 0 1 moving 
7 808 391 849 466 73042 0 0 1 moving 
7 807 392 849 467 73043 0 0 0 moving 
7 806 393 848 466 73044 0 0 1 moving 
7 805 394 847 466 73045 0 0 1 moving 
7 805 395 846 466 73046 0 0 0 moving 
7 802 395 845 465 73047 0 0 1 moving 
7 800 395 844 464 73048 0 0 1 moving 
7 798 396 844 464 73049 0 0 0 moving 
7 796 395 842 464 73050 0 0 1 moving 
7 794 395 841 464 73051 0 0 1 moving 
7 792 395 840 464 73052 0 0 0 moving 
7 792 396 833 463 73053 0 0 1 moving 
7 792 397 827 463 73054 0 0 1 moving 
7 792 398 821 463 73055 0 0 0 moving 
7 789 397 822 464 73056 0 0 1 moving 
7 787 397 823 465 73057 0 0 1 moving 
7 785 397 824 467 73058 0 0 1 moving 
7 783 397 825 468 73059 0 0 1 moving 
8 571 425 602 522 73040 0 0 0 moving 
8 571 426 602 522 73041 0 0 1 standing 
8 571 428 602 522 73042 0 0 1 standing 
8 572 430 602 523 73043 0 0 0 standing 
8 571 429 601 522 73044 0 0 1 standing 
8 571 428 601 521 73045 0 0 1 standing 
8 571 428 601 521 73046 0 0 0 standing 
8 570 429 602 521 73047 0 0 1 standing 
8 569 430 603 522 73048 0 0 1 standing 
8 569 431 605 523 73049 0 0 0 standing 
8 569 433 605 525 73050 0 0 1 standing 
8 569 435 605 527 73051 0 0 1 standing 
8 569 437 605 529 73052 0 0 0 standing 
8 569 438 604 530 73053 0 0 1 standing 
8 570 440 603 532 73054 0 0 1 standing 
8 571 442 603 534 73055 0 0 0 standing 
8 573 443 607 534 73056 0 0 1 standing 
8 575 444 611 535 73057 0 0 1 standing 
8 577 446 616 536 73058 0 0 1 standing 
8 579 447 620 537 73059 0 0 1 standing 
9 566 399 596 493 73040 0 0 0 standing 
9 566 397 596 491 73041 0 0 1 standing 
9 566 396 596 490 73042 0 0 1 standing 
9 567 395 597 489 73043 0 0 0 standing 
9 568 392 598 486 73044 0 0 1 standing 
9 569 390 599 484 73045 0 0 1 standing 
9 570 388 600 482 73046 0 0 0 standing 
9 571 387 601 481 73047 0 0 1 standing 
9 572 386 602 480 73048 0 0 1 standing 
9 573 385 603 479 73049 0 0 0 standing 
9 574 384 603 477 73050 0 0 1 standing 
9 575 384 604 475 73051 0 0 1 standing 
9 576 384 605 474 73052 0 0 0 standing 
9 577 384 606 472 73053 0 0 1 standing 
9 579 385 608 470 73054 0 0 1 standing 
9 581 386 610 468 73055 0 0 0 standing 
9 582 386 613 468 73056 0 0 1 standing 
9 584 387 616 468 73057 0 0 1 standing 
9 586 388 619 469 73058 0 0 1 standing 
9 588 389 622 469 73059 0 0 1 standing 
10 363 448 404 518 73040 0 0 0 standing 
10 360 448 401 518 73041 0 0 1 waiting 
10 357 448 398 518 73042 0 0 1 waiting 
10 354 449 395 519 73043 0 0 0 waiting 
10 352 449 392 520 73044 0 0 1 waiting 
10 350 449 390 521 73045 0 0 1 waiting 
10 348 449 388 522 73046 0 0 0 waiting 
10 343 450 385 525 73047 0 0 1 waiting 
10 339 452 382 529 73048 0 0 1 waiting 
10 335 454 379 533 73049 0 0 0 waiting 
10 333 454 377 533 73050 0 0 1 waiting 
10 331 455 375 534 73051 0 0 1 waiting 
10 330 455 374 534 73052 0 0 1 waiting 
10 328 456 372 535 73053 0 0 1 waiting 
10 326 456 370 535 73054 0 0 1 waiting 
10 325 457 369 536 73055 0 0 0 waiting 
10 322 458 367 538 73056 0 0 1 waiting 
10 319 460 365 541 73057 0 0 1 waiting 
10 317 462 363 543 73058 0 0 1 waiting 
10 314 464 361 546 73059 0 0 1 waiting 
11 384 386 417 472 73040 0 0 0 waiting 
11 385 386 418 472 73041 0 0 1 standing 
11 386 386 419 472 73042 0 0 1 standing 
11 388 386 421 472 73043 0 0 0 standing 
11 389 387 425 471 73044 0 0 1 standing 
11 391 388 429 470 73045 0 0 1 standing 
11 393 390 434 470 73046 0 0 0 standing 
11 393 392 434 470 73047 0 0 1 standing 
11 393 394 435 470 73048 0 0 1 standing 
11 394 397 436 471 73049 0 0 0 standing 
11 394 397 437 470 73050 0 0 1 standing 
11 394 398 438 470 73051 0 0 1 standing 
11 394 399 439 470 73052 0 0 0 standing 
11 393 398 439 471 73053 0 0 1 standing 
11 393 398 439 472 73054 0 0 1 standing 
11 393 398 440 473 73055 0 0 0 standing 
11 394 397 441 472 73056 0 0 1 standing 
11 395 396 442 472 73057 0 0 1 standing 
11 396 395 444 472 73058 0 0 1 standing 
11 397 394 445 472 73059 0 0 1 standing 
