0 431 314 490 464 8465 0 1 0 setting 
0 430 312 487 465 8466 0 1 1 setting 
0 429 310 485 466 8467 0 1 1 setting 
0 428 309 483 467 8468 0 1 0 setting 
0 425 307 481 465 8469 0 1 1 setting 
0 422 305 479 463 8470 0 1 1 setting 
0 419 303 477 461 8471 0 1 1 setting 
0 417 301 475 460 8472 0 1 0 setting 
0 416 299 472 458 8473 0 1 1 setting 
0 415 297 470 456 8474 0 1 1 setting 
0 415 295 468 455 8475 0 1 0 setting 
0 408 297 463 454 8476 0 1 1 setting 
0 401 299 458 453 8477 0 1 1 setting 
0 395 301 454 452 8478 0 1 0 setting 
0 386 307 450 455 8479 0 1 1 setting 
0 378 314 446 459 8480 0 1 1 setting 
0 369 320 442 462 8481 0 1 1 setting 
0 361 327 439 466 8482 0 1 0 setting 
0 357 328 435 464 8483 0 1 1 setting 
0 353 329 432 462 8484 0 1 1 setting 
1 508 300 579 424 8465 0 1 0 setting 
1 513 299 583 424 8466 0 1 1 standing 
1 518 299 587 424 8467 0 1 1 standing 
1 524 299 592 425 8468 0 1 0 standing 
1 528 299 598 426 8469 0 1 1 standing 
1 532 300 604 427 8470 0 1 1 standing 
1 536 301 610 428 8471 0 1 1 standing 
1 540 302 616 429 8472 0 1 0 standing 
1 543 301 614 429 8473 0 1 1 standing 
1 546 300 612 429 8474 0 1 1 standing 
1 550 299 611 430 8475 0 1 0 standing 
1 550 297 610 430 8476 0 1 1 standing 
1 550 295 609 430 8477 0 1 1 standing 
1 550 293 609 431 8478 0 1 0 standing 
1 550 292 609 433 8479 0 1 1 standing 
1 550 292 609 436 8480 0 1 1 standing 
1 550 291 609 439 8481 0 1 1 standing 
1 550 291 610 442 8482 0 1 0 standing 
1 552 294 610 441 8483 0 1 1 standing 
1 555 297 610 440 8484 0 1 1 standing 
2 265 395 367 534 8465 0 1 0 standing 
2 269 396 367 537 8466 0 1 1 moving 
2 273 398 367 540 8467 0 1 1 moving 
2 277 400 368 544 8468 0 1 0 moving 
2 281 401 374 547 8469 0 1 1 moving 
2 286 403 380 550 8470 0 1 1 moving 
2 290 404 386 553 8471 0 1 1 moving 
2 295 406 393 557 8472 0 1 0 moving 
2 301 408 400 562 8473 0 1 1 moving 
2 308 410 407 567 8474 0 1 1 moving 
2 315 412 414 572 8475 0 1 0 moving 
2 333 413 422 571 8476 0 1 1 moving 
2 351 414 431 571 8477 0 1 1 moving 
2 369 416 440 571 8478 0 1 0 moving 
2 372 417 452 571 8479 0 1 1 moving 
2 376 418 465 571 8480 0 1 1 moving 
2 380 419 477 571 8481 0 1 1 moving 
2 384 421 490 572 8482 0 1 0 moving 
2 395 422 495 573 8483 0 1 1 moving 
2 406 424 500 574 8484 0 1 1 moving 
3 228 376 277 510 8465 0 0 0 moving 
3 226 375 282 510 8466 0 0 1 standing 
3 224 375 287 510 8467 0 0 1 standing 
3 222 375 293 510 8468 0 0 0 standing 
3 223 374 293 509 8469 0 0 1 standing 
3 225 373 294 508 8470 0 0 1 standing 
3 226 372 294 507 8471 0 0 1 standing 
3 228 372 295 507 8472 0 0 0 standing 
3 235 370 296 506 8473 0 0 1 standing 
3 242 368 297 506 8474 0 0 1 standing 
3 250 366 298 506 8475 0 0 0 standing 
3 254 366 301 506 8476 0 0 1 standing 
3 258 366 305 507 8477 0 0 1 standing 
3 262 366 309 508 8478 0 0 0 standing 
3 262 368 314 508 8479 0 0 1 standing 
3 263 371 320 509 8480 0 0 1 standing 
3 264 374 325 510 8481 0 0 1 standing 
3 265 377 331 511 8482 0 0 0 standing 
3 267 372 331 507 8483 0 0 1 standing 
3 269 367 332 504 8484 0 0 1 standing 
4 256 303 316 423 8465 0 0 0 standing 
4 259 301 321 422 8466 0 0 1 moving 
4 263 299 326 421 8467 0 0 1 moving 
4 267 297 331 420 8468 0 0 0 moving 
4 266 296 336 418 8469 0 0 1 moving 
4 266 295 341 416 8470 0 0 1 moving 
4 265 294 346 414 8471 0 0 1 moving 
4 265 294 351 412 8472 0 0 0 moving 
4 280 293 354 412 8473 0 0 1 moving 
4 295 293 357 412 8474 0 0 1 moving 
4 310 293 360 412 8475 0 0 0 moving 
4 310 289 371 414 8476 0 0 1 moving 
4 310 285 382 417 8477 0 0 1 moving 
4 310 282 393 420 8478 0 0 0 moving 
4 321 281 395 416 8479 0 0 1 moving 
4 332 280 397 413 8480 0 0 1 moving 
4 343 279 399 409 8481 0 0 1 moving 
4 355 279 401 406 8482 0 0 0 moving 
4 362 278 412 402 8483 0 0 1 moving 
4 369 277 424 398 8484 0 0 1 moving 
5 281 222 330 324 8465 0 1 0 moving 
5 285 223 341 325 8466 0 1 1 moving 
5 289 224 353 326 8467 0 1 1 moving 
5 294 226 365 328 8468 0 1 0 moving 
5 294 224 371 327 8469 0 1 1 moving 
5 295 223 378 326 8470 0 1 1 moving 
5 296 221 385 325 8471 0 1 1 moving 
5 297 220 392 324 8472 0 1 0 moving 
5 312 219 395 324 8473 0 1 1 moving 
5 328 218 398 325 8474 0 1 1 moving 
5 344 217 401 326 8475 0 1 0 moving 
5 348 217 409 325 8476 0 1 1 moving 
5 353 217 417 325 8477 0 1 1 moving 
5 358 218 425 325 8478 0 1 0 moving 
5 359 211 436 325 8479 0 1 1 moving 
5 361 205 447 326 8480 0 1 1 moving 
5 362 199 458 327 8481 0 1 1 moving 
5 364 193 470 328 8482 0 1 0 moving 
5 374 203 472 329 8483 0 1 1 moving 
5 384 213 475 330 8484 0 1 1 moving 
6 954 418 1072 568 8465 0 0 0 moving 
6 965 416 1073 567 8466 0 0 1 standing 
6 977 414 1074 566 8467 0 0 1 standing 
6 989 412 1075 566 8468 0 0 0 standing 
6 992 412 1074 567 8469 0 0 1 standing 
6 996 412 1074 568 8470 0 0 1 standing 
6 999 412 1073 569 8471 0 0 1 standing 
6 1003 412 1073 570 8472 0 0 0 standing 
6 1003 414 1077 569 8473 0 0 1 standing 
6 1003 416 1081 568 8474 0 0 1 standing 
6 1004 419 1085 568 8475 0 0 0 standing 
6 1006 419 1089 570 8476 0 0 1 standing 
6 1008 419 1093 572 8477 0 0 1 standing 
6 1010 419 1097 574 8478 0 0 0 standing 
6 1011 416 1097 572 8479 0 0 1 standing 
6 1013 414 1098 571 8480 0 0 1 standing 
6 1015 412 1098 569 8481 0 0 1 standing 
6 1017 410 1099 568 8482 0 0 0 standing 
6 1015 409 1096 561 8483 0 0 1 standing 
6 1013 408 1094 554 8484 0 0 1 standing 
7 1105 329 1181 459 8465 0 0 0 standing 
7 1106 328 1186 460 8466 0 0 1 standing 
7 1108 327 1191 461 8467 0 0 1 standing 
7 1110 327 1197 462 8468 0 0 0 standing 
7 1115 325 1198 462 8469 0 0 1 standing 
7 1120 324 1199 463 8470 0 0 1 standing 
7 1125 323 1200 463 8471 0 0 1 standing 
7 1131 322 1201 464 8472 0 0 0 standing 
7 1141 322 1207 461 8473 0 0 1 standing 
7 1151 322 1213 459 8474 0 0 1 standing 
7 1162 323 1219 457 8475 0 0 0 standing 
7 1160 323 1226 458 8476 0 0 1 standing 
7 1158 324 1233 459 8477 0 0 1 standing 
7 1157 325 1240 460 8478 0 0 0 standing 
7 1159 323 1239 460 8479 0 0 1 standing 
7 1162 322 1239 461 8480 0 0 1 standing 
7 1164 320 1239 461 8481 0 0 1 standing 
7 1167 319 1239 462 8482 0 0 0 standing 
7 1166 318 1236 459 8483 0 0 1 standing 
7 1166 318 1234 456 8484 0 0 1 standing 
8 1005 276 1083 363 8465 0 0 0 standing 
8 1005 276 1087 362 8466 0 0 1 standing 
8 1005 276 1091 362 8467 0 0 1 standing 
8 1005 276 1095 362 8468 0 0 0 standing 
8 1005 276 1095 362 8469 0 0 1 standing 
8 1006 276 1095 362 8470 0 0 1 standing 
8 1006 276 1095 362 8471 0 0 1 standing 
8 1007 277 1095 363 8472 0 0 0 standing 
8 1007 277 1094 363 8473 0 0 1 standing 
8 1007 277 1094 363 8474 0 0 1 standing 
8 1008 277 1094 363 8475 0 0 0 standing 
8 1007 277 1091 363 8476 0 0 1 standing 
8 1006 277 1089 363 8477 0 0 1 standing 
8 1005 278 1087 364 8478 0 0 0 standing 
8 1002 275 1086 364 8479 0 0 1 standing 
8 999 273 1086 365 8480 0 0 1 standing 
8 996 271 1085 366 8481 0 0 1 standing 
8 994 269 1085 367 8482 0 0 0 standing 
8 999 269 1085 366 8483 0 0 1 standing 
8 1005 269 1086 365 8484 0 0 1 standing 
9 700 340 743 488 8465 0 0 0 standing 
9 698 340 742 488 8466 0 0 1 standing 
9 697 341 742 488 8467 0 0 1 standing 
9 696 342 742 488 8468 0 0 1 standing 
9 695 343 742 488 8469 0 0 1 standing 
9 694 344 742 488 8470 0 0 1 standing 
9 692 344 741 488 8471 0 0 1 standing 
9 691 345 741 488 8472 0 0 1 standing 
9 690 346 741 488 8473 0 0 1 standing 
9 689 347 741 488 8474 0 0 1 standing 
9 688 348 741 488 8475 0 0 0 standing 
9 684 355 738 493 8476 0 0 1 standing 
9 680 362 735 498 8477 0 0 1 standing 
9 677 369 732 504 8478 0 0 0 standing 
9 677 369 733 503 8479 0 0 1 standing 
9 678 370 734 502 8480 0 0 1 standing 
9 678 371 735 501 8481 0 0 1 standing 
9 679 372 737 500 8482 0 0 0 standing 
9 676 373 738 500 8483 0 0 1 standing 
9 673 374 740 500 8484 0 0 1 standing 
10 688 313 737 449 8465 0 0 0 standing 
10 687 313 735 447 8466 0 0 1 standing 
10 687 313 734 446 8467 0 0 1 standing 
10 686 313 733 444 8468 0 0 1 standing 
10 686 313 732 443 8469 0 0 1 standing 
10 686 313 731 442 8470 0 0 1 standing 
10 685 313 730 440 8471 0 0 1 standing 
10 685 313 729 439 8472 0 0 1 standing 
10 684 313 728 437 8473 0 0 1 standing 
10 684 313 727 436 8474 0 0 1 standing 
10 684 314 726 435 8475 0 0 0 standing 
10 681 315 725 436 8476 0 0 1 standing 
10 678 316 724 438 8477 0 0 1 standing 
10 676 318 723 440 8478 0 0 0 standing 
10 674 315 720 438 8479 0 0 1 standing 
10 672 312 717 436 8480 0 0 1 standing 
10 670 309 715 434 8481 0 0 1 standing 
10 669 306 712 432 8482 0 0 1 standing 
10 667 303 710 430 8483 0 0 1 standing 
10 665 300 707 428 8484 0 0 1 standing 
11 674 265 721 384 8465 0 0 0 standing 
11 673 262 721 381 8466 0 0 1 standing 
11 672 259 722 378 8467 0 0 1 standing 
11 672 257 723 375 8468 0 0 0 standing 
11 671 257 721 374 8469 0 0 1 standing 
11 671 257 720 374 8470 0 0 1 standing 
11 670 257 719 373 8471 0 0 1 standing 
11 670 258 718 373 8472 0 0 1 standing 
11 669 258 717 372 8473 0 0 1 standing 
11 669 258 716 372 8474 0 0 1 standing 
11 669 259 715 372 8475 0 0 0 standing 
11 666 256 713 369 8476 0 0 1 standing 
11 664 254 711 366 8477 0 0 1 standing 
11 662 252 709 364 8478 0 0 0 standing 
11 660 254 708 366 8479 0 0 1 standing 
11 658 257 707 369 8480 0 0 1 standing 
11 656 260 706 372 8481 0 0 1 standing 
11 655 263 706 375 8482 0 0 0 standing 
11 652 262 704 374 8483 0 0 1 standing 
11 650 261 703 373 8484 0 0 1 standing 
