0 790 429 857 557 30325 0 1 0 spiking 
0 795 421 859 550 30326 0 1 1 spiking 
0 801 413 862 544 30327 0 1 1 spiking 
0 807 405 865 538 30328 0 1 1 spiking 
0 813 397 868 532 30329 0 1 1 spiking 
0 819 389 871 526 30330 0 1 0 spiking 
0 821 381 878 518 30331 0 1 1 spiking 
0 823 373 885 510 30332 0 1 1 spiking 
0 826 365 893 503 30333 0 1 0 spiking 
0 822 363 890 501 30334 0 1 1 spiking 
0 818 361 888 500 30335 0 1 1 spiking 
0 815 360 886 499 30336 0 1 0 spiking 
0 819 360 886 497 30337 0 1 1 spiking 
0 823 361 887 496 30338 0 1 1 spiking 
0 827 361 888 494 30339 0 1 1 spiking 
0 831 362 889 493 30340 0 1 0 spiking 
0 832 367 894 500 30341 0 1 1 spiking 
0 834 372 899 508 30342 0 1 1 spiking 
0 835 377 904 515 30343 0 1 1 spiking 
0 837 382 909 523 30344 0 1 1 spiking 
1 634 427 680 547 30325 0 1 0 spiking 
1 641 417 687 541 30326 0 1 1 blocking 
1 649 407 695 536 30327 0 1 1 blocking 
1 657 397 703 531 30328 0 1 1 blocking 
1 665 387 710 526 30329 0 1 1 blocking 
1 673 377 718 521 30330 0 1 1 blocking 
1 680 367 726 515 30331 0 1 1 blocking 
1 688 357 733 510 30332 0 1 1 blocking 
1 696 347 741 505 30333 0 1 1 blocking 
1 704 337 749 500 30334 0 1 1 blocking 
1 712 328 757 495 30335 0 1 0 blocking 
1 718 326 763 492 30336 0 1 1 blocking 
1 725 324 770 489 30337 0 1 1 blocking 
1 731 322 777 486 30338 0 1 1 blocking 
1 738 320 784 483 30339 0 1 0 blocking 
1 742 323 788 486 30340 0 1 1 blocking 
1 746 327 792 489 30341 0 1 1 blocking 
1 750 331 797 492 30342 0 1 1 blocking 
1 754 335 801 495 30343 0 1 1 blocking 
1 758 339 805 498 30344 0 1 1 blocking 
2 634 351 675 480 30325 0 1 0 blocking 
2 642 347 683 479 30326 0 1 1 blocking 
2 650 344 691 478 30327 0 1 1 blocking 
2 658 341 699 477 30328 0 1 1 blocking 
2 666 338 707 477 30329 0 1 1 blocking 
2 674 335 715 476 30330 0 1 1 blocking 
2 682 332 723 475 30331 0 1 1 blocking 
2 690 329 731 475 30332 0 1 1 blocking 
2 698 326 739 474 30333 0 1 1 blocking 
2 706 323 747 473 30334 0 1 1 blocking 
2 715 320 756 473 30335 0 1 0 blocking 
2 720 317 761 470 30336 0 1 1 blocking 
2 726 314 767 468 30337 0 1 1 blocking 
2 731 311 772 465 30338 0 1 1 blocking 
2 737 309 778 463 30339 0 1 0 blocking 
2 741 314 782 468 30340 0 1 1 blocking 
2 745 319 786 474 30341 0 1 1 blocking 
2 749 325 790 479 30342 0 1 1 blocking 
2 753 330 794 485 30343 0 1 1 blocking 
2 757 335 798 490 30344 0 1 1 blocking 
3 187 367 249 477 30325 0 0 0 blocking 
3 195 365 259 475 30326 0 0 1 digging 
3 204 363 270 473 30327 0 0 1 digging 
3 213 361 281 471 30328 0 0 0 digging 
3 220 357 289 467 30329 0 0 1 digging 
3 227 353 298 464 30330 0 0 1 digging 
3 235 350 307 461 30331 0 0 0 digging 
3 244 345 315 455 30332 0 0 1 digging 
3 254 341 324 449 30333 0 0 1 digging 
3 264 337 333 444 30334 0 0 0 digging 
3 273 333 342 437 30335 0 0 1 digging 
3 283 329 352 431 30336 0 0 1 digging 
3 293 326 362 425 30337 0 0 0 digging 
3 299 325 371 421 30338 0 0 1 digging 
3 305 324 380 417 30339 0 0 1 digging 
3 312 323 390 413 30340 0 0 0 digging 
3 318 322 393 412 30341 0 0 1 digging 
3 324 321 396 411 30342 0 0 1 digging 
3 330 321 400 410 30343 0 0 0 digging 
3 335 319 405 409 30344 0 0 1 digging 
4 303 314 361 412 30325 0 0 0 digging 
4 310 312 372 409 30326 0 0 1 waiting 
4 318 311 384 407 30327 0 0 1 waiting 
4 326 310 396 405 30328 0 0 0 waiting 
4 336 308 409 403 30329 0 0 1 waiting 
4 347 306 422 402 30330 0 0 1 waiting 
4 358 305 435 401 30331 0 0 0 waiting 
4 367 305 441 401 30332 0 0 1 waiting 
4 376 305 448 401 30333 0 0 1 waiting 
4 385 305 455 401 30334 0 0 0 waiting 
4 392 304 462 400 30335 0 0 1 waiting 
4 399 303 469 400 30336 0 0 1 waiting 
4 406 302 476 400 30337 0 0 0 waiting 
4 413 299 481 397 30338 0 0 1 waiting 
4 420 297 487 394 30339 0 0 1 waiting 
4 428 295 493 392 30340 0 0 0 waiting 
4 432 294 498 391 30341 0 0 1 waiting 
4 436 293 504 391 30342 0 0 1 waiting 
4 441 293 510 391 30343 0 0 0 waiting 
4 446 290 515 388 30344 0 0 1 waiting 
5 360 423 439 535 30325 0 0 0 waiting 
5 365 421 443 532 30326 0 0 1 waiting 
5 370 419 447 530 30327 0 0 1 waiting 
5 376 417 451 528 30328 0 0 0 waiting 
5 381 416 454 527 30329 0 0 1 waiting 
5 386 415 457 526 30330 0 0 1 waiting 
5 392 415 461 525 30331 0 0 0 waiting 
5 397 414 466 527 30332 0 0 1 waiting 
5 403 413 471 529 30333 0 0 1 waiting 
5 409 413 477 532 30334 0 0 0 waiting 
5 410 413 478 535 30335 0 0 1 waiting 
5 411 414 479 538 30336 0 0 1 waiting 
5 412 415 481 541 30337 0 0 0 waiting 
5 418 415 484 539 30338 0 0 1 waiting 
5 425 415 487 537 30339 0 0 1 waiting 
5 432 415 491 535 30340 0 0 0 waiting 
5 436 412 496 534 30341 0 0 1 waiting 
5 440 409 501 533 30342 0 0 1 waiting 
5 445 406 507 532 30343 0 0 1 waiting 
5 449 403 512 531 30344 0 0 1 waiting 
6 613 311 674 413 30325 0 0 0 waiting 
6 619 309 676 410 30326 0 0 1 standing 
6 626 307 678 408 30327 0 0 1 standing 
6 633 305 681 406 30328 0 0 0 standing 
6 633 305 688 402 30329 0 0 1 standing 
6 634 305 695 398 30330 0 0 1 standing 
6 635 305 703 395 30331 0 0 0 standing 
6 636 302 704 392 30332 0 0 1 standing 
6 638 300 705 389 30333 0 0 1 standing 
6 640 298 707 386 30334 0 0 0 standing 
6 646 297 713 385 30335 0 0 1 standing 
6 652 296 720 384 30336 0 0 1 standing 
6 659 295 727 384 30337 0 0 0 standing 
6 654 293 722 384 30338 0 0 1 standing 
6 650 291 717 384 30339 0 0 1 standing 
6 646 290 713 385 30340 0 0 0 standing 
6 645 290 714 383 30341 0 0 1 standing 
6 644 290 715 382 30342 0 0 1 standing 
6 643 290 716 381 30343 0 0 0 standing 
6 646 288 719 380 30344 0 0 1 standing 
7 706 265 753 372 30325 0 0 0 standing 
7 714 260 758 368 30326 0 0 1 standing 
7 722 255 764 364 30327 0 0 1 standing 
7 730 251 770 361 30328 0 0 0 standing 
7 738 251 778 361 30329 0 0 1 standing 
7 747 251 787 361 30330 0 0 1 standing 
7 756 252 796 361 30331 0 0 0 standing 
7 762 252 802 361 30332 0 0 1 standing 
7 768 252 808 361 30333 0 0 1 standing 
7 775 253 815 362 30334 0 0 0 standing 
7 782 254 822 363 30335 0 0 1 standing 
7 789 255 829 364 30336 0 0 1 standing 
7 796 256 836 365 30337 0 0 0 standing 
7 801 254 841 363 30338 0 0 1 standing 
7 806 252 846 361 30339 0 0 1 standing 
7 812 251 852 360 30340 0 0 0 standing 
7 817 249 857 361 30341 0 0 1 standing 
7 822 248 862 362 30342 0 0 1 standing 
7 828 247 867 363 30343 0 0 0 standing 
7 833 247 872 363 30344 0 0 1 standing 
8 725 301 791 458 30325 0 0 0 standing 
8 730 303 791 459 30326 0 0 1 jumping 
8 736 305 791 461 30327 0 0 1 jumping 
8 742 307 792 463 30328 0 0 0 jumping 
8 742 313 795 466 30329 0 0 1 jumping 
8 742 320 798 469 30330 0 0 1 jumping 
8 742 327 802 472 30331 0 0 0 jumping 
8 746 335 805 481 30332 0 0 1 jumping 
8 750 343 809 491 30333 0 0 1 jumping 
8 754 352 813 501 30334 0 0 0 jumping 
8 757 355 816 500 30335 0 0 1 jumping 
8 761 358 819 500 30336 0 0 1 jumping 
8 765 362 823 500 30337 0 0 0 jumping 
8 772 361 826 496 30338 0 0 1 jumping 
8 779 360 830 492 30339 0 0 1 jumping 
8 787 360 834 488 30340 0 0 0 jumping 
8 792 359 839 490 30341 0 0 1 jumping 
8 798 358 845 493 30342 0 0 1 jumping 
8 804 357 851 496 30343 0 0 0 jumping 
8 808 357 852 498 30344 0 0 1 jumping 
9 770 332 817 442 30325 0 0 0 jumping 
9 776 333 824 439 30326 0 0 1 waiting 
9 783 334 831 436 30327 0 0 1 waiting 
9 790 335 838 434 30328 0 0 0 waiting 
9 801 332 847 431 30329 0 0 1 waiting 
9 813 329 856 428 30330 0 0 1 waiting 
9 825 327 865 425 30331 0 0 0 waiting 
9 836 323 876 421 30332 0 0 1 waiting 
9 847 320 888 417 30333 0 0 1 waiting 
9 859 317 900 413 30334 0 0 0 waiting 
9 867 314 907 413 30335 0 0 1 waiting 
9 875 312 915 414 30336 0 0 1 waiting 
9 884 310 923 415 30337 0 0 0 waiting 
9 889 307 928 412 30338 0 0 1 waiting 
9 895 304 934 410 30339 0 0 1 waiting 
9 901 301 940 408 30340 0 0 0 waiting 
9 906 300 953 407 30341 0 0 1 waiting 
9 912 300 966 406 30342 0 0 1 waiting 
9 918 300 979 405 30343 0 0 0 waiting 
9 923 301 984 404 30344 0 0 1 waiting 
10 833 323 873 456 30325 0 0 0 waiting 
10 835 325 874 454 30326 0 0 1 standing 
10 837 327 876 452 30327 0 0 1 standing 
10 839 330 878 451 30328 0 0 0 standing 
10 838 331 878 452 30329 0 0 1 standing 
10 838 332 879 453 30330 0 0 1 standing 
10 838 333 880 454 30331 0 0 0 standing 
10 833 332 880 453 30332 0 0 1 standing 
10 828 332 880 452 30333 0 0 1 standing 
10 823 332 881 451 30334 0 0 0 standing 
10 831 329 883 448 30335 0 0 1 standing 
10 840 326 885 445 30336 0 0 1 standing 
10 849 323 887 443 30337 0 0 0 standing 
10 850 322 889 441 30338 0 0 1 standing 
10 852 321 891 439 30339 0 0 1 standing 
10 854 320 893 438 30340 0 0 0 standing 
10 852 321 895 438 30341 0 0 1 standing 
10 851 322 897 439 30342 0 0 1 standing 
10 849 323 899 440 30343 0 0 1 standing 
10 848 324 901 441 30344 0 0 1 standing 
11 1090 352 1133 470 30325 0 0 0 standing 
11 1096 351 1138 469 30326 0 0 1 standing 
11 1102 350 1144 468 30327 0 0 1 standing 
11 1108 350 1150 468 30328 0 0 0 standing 
11 1113 353 1158 471 30329 0 0 1 standing 
11 1118 357 1166 474 30330 0 0 1 standing 
11 1123 361 1175 478 30331 0 0 0 standing 
11 1129 359 1182 476 30332 0 0 1 standing 
11 1136 357 1189 474 30333 0 0 1 standing 
11 1143 356 1196 473 30334 0 0 0 standing 
11 1146 356 1199 473 30335 0 0 1 standing 
11 1149 356 1202 473 30336 0 0 1 standing 
11 1153 357 1206 473 30337 0 0 0 standing 
11 1156 357 1209 473 30338 0 0 1 standing 
11 1160 357 1213 473 30339 0 0 1 standing 
11 1164 357 1217 473 30340 0 0 0 standing 
11 1164 358 1220 473 30341 0 0 1 standing 
11 1165 359 1223 474 30342 0 0 1 standing 
11 1166 360 1227 475 30343 0 0 0 standing 
11 1171 360 1230 473 30344 0 0 1 standing 
