0 344 477 411 569 26895 0 1 0 standing 
0 344 475 414 567 26896 0 1 1 standing 
0 344 473 418 565 26897 0 1 1 standing 
0 345 472 422 564 26898 0 1 0 standing 
0 351 471 428 563 26899 0 1 1 standing 
0 357 471 434 562 26900 0 1 1 standing 
0 363 471 441 561 26901 0 1 1 standing 
0 369 471 447 561 26902 0 1 1 standing 
0 375 471 453 560 26903 0 1 1 standing 
0 381 470 460 559 26904 0 1 1 standing 
0 387 470 466 558 26905 0 1 1 standing 
0 393 470 472 558 26906 0 1 1 standing 
0 399 470 479 557 26907 0 1 1 standing 
0 405 470 485 556 26908 0 1 1 standing 
0 411 470 492 556 26909 0 1 0 standing 
0 418 470 495 556 26910 0 1 1 standing 
0 425 470 499 557 26911 0 1 1 standing 
0 433 470 502 557 26912 0 1 1 standing 
0 440 470 506 558 26913 0 1 1 standing 
0 447 470 509 558 26914 0 1 1 standing 
1 265 541 328 650 26895 0 1 0 standing 
1 260 544 325 652 26896 0 1 1 moving 
1 255 547 323 654 26897 0 1 1 moving 
1 251 550 321 656 26898 0 1 0 moving 
1 250 550 324 655 26899 0 1 1 moving 
1 250 550 327 655 26900 0 1 1 moving 
1 250 551 331 655 26901 0 1 0 moving 
1 255 552 334 656 26902 0 1 1 moving 
1 260 554 338 657 26903 0 1 1 moving 
1 265 556 341 659 26904 0 1 1 moving 
1 271 558 345 660 26905 0 1 1 moving 
1 276 559 348 661 26906 0 1 1 moving 
1 281 561 352 663 26907 0 1 1 moving 
1 286 563 355 664 26908 0 1 1 moving 
1 292 565 359 666 26909 0 1 0 moving 
1 294 563 366 665 26910 0 1 1 moving 
1 297 562 374 665 26911 0 1 1 moving 
1 300 561 382 664 26912 0 1 1 moving 
1 303 560 390 664 26913 0 1 1 moving 
1 306 559 398 663 26914 0 1 1 moving 
2 460 411 505 474 26895 0 1 0 moving 
2 459 409 504 473 26896 0 1 1 standing 
2 458 408 504 473 26897 0 1 1 standing 
2 457 407 503 472 26898 0 1 1 standing 
2 456 406 503 472 26899 0 1 1 standing 
2 455 405 503 471 26900 0 1 1 standing 
2 454 404 502 471 26901 0 1 1 standing 
2 453 403 502 470 26902 0 1 1 standing 
2 453 402 502 470 26903 0 1 0 standing 
2 456 402 506 470 26904 0 1 1 standing 
2 459 402 511 471 26905 0 1 1 standing 
2 462 402 516 472 26906 0 1 1 standing 
2 465 402 520 472 26907 0 1 1 standing 
2 468 402 525 473 26908 0 1 1 standing 
2 471 402 530 474 26909 0 1 0 standing 
2 474 402 530 475 26910 0 1 1 standing 
2 478 403 530 477 26911 0 1 1 standing 
2 481 403 530 479 26912 0 1 1 standing 
2 485 404 530 481 26913 0 1 1 standing 
2 488 404 530 483 26914 0 1 1 standing 
3 569 463 624 575 26895 0 1 0 standing 
3 567 457 621 571 26896 0 1 1 setting 
3 565 452 618 568 26897 0 1 1 setting 
3 563 447 615 565 26898 0 1 1 setting 
3 561 442 612 562 26899 0 1 1 setting 
3 560 437 610 559 26900 0 1 0 setting 
3 558 436 608 559 26901 0 1 1 setting 
3 556 436 606 560 26902 0 1 1 setting 
3 554 435 604 561 26903 0 1 1 setting 
3 552 435 602 562 26904 0 1 1 setting 
3 551 435 600 563 26905 0 1 0 setting 
3 550 442 599 567 26906 0 1 1 setting 
3 549 449 598 571 26907 0 1 1 setting 
3 548 456 597 575 26908 0 1 1 setting 
3 548 464 596 579 26909 0 1 0 setting 
3 547 467 594 580 26910 0 1 1 setting 
3 546 471 593 581 26911 0 1 1 setting 
3 545 474 591 583 26912 0 1 1 setting 
3 544 478 590 584 26913 0 1 1 setting 
3 543 481 588 585 26914 0 1 1 setting 
4 443 454 486 510 26895 0 0 0 setting 
4 441 453 485 509 26896 0 0 1 falling 
4 440 453 484 509 26897 0 0 1 falling 
4 438 453 484 509 26898 0 0 1 falling 
4 437 452 483 509 26899 0 0 1 falling 
4 436 452 483 509 26900 0 0 1 falling 
4 434 452 482 509 26901 0 0 1 falling 
4 433 451 481 509 26902 0 0 1 falling 
4 431 451 481 509 26903 0 0 1 falling 
4 430 451 480 509 26904 0 0 1 falling 
4 429 451 480 509 26905 0 0 0 falling 
4 425 451 477 510 26906 0 0 1 falling 
4 421 451 474 511 26907 0 0 1 falling 
4 418 451 471 512 26908 0 0 1 falling 
4 414 451 468 513 26909 0 0 1 falling 
4 411 451 466 514 26910 0 0 1 falling 
4 407 451 463 515 26911 0 0 1 falling 
4 403 451 460 516 26912 0 0 1 falling 
4 400 451 457 517 26913 0 0 1 falling 
4 396 451 454 518 26914 0 0 1 falling 
5 625 450 673 550 26895 0 0 0 falling 
5 623 449 671 549 26896 0 0 1 standing 
5 621 448 669 548 26897 0 0 1 standing 
5 619 448 667 548 26898 0 0 0 standing 
5 617 447 665 547 26899 0 0 1 standing 
5 616 447 664 547 26900 0 0 1 standing 
5 615 447 663 547 26901 0 0 1 standing 
5 614 447 662 547 26902 0 0 1 standing 
5 613 447 661 547 26903 0 0 1 standing 
5 612 447 660 547 26904 0 0 1 standing 
5 611 447 659 547 26905 0 0 0 standing 
5 610 447 657 547 26906 0 0 1 standing 
5 610 447 656 547 26907 0 0 1 standing 
5 610 447 654 547 26908 0 0 1 standing 
5 609 448 653 547 26909 0 0 1 standing 
5 609 448 651 548 26910 0 0 1 standing 
5 609 448 650 548 26911 0 0 1 standing 
5 608 449 648 548 26912 0 0 1 standing 
5 608 449 647 548 26913 0 0 1 standing 
5 608 449 645 548 26914 0 0 1 standing 
6 897 516 953 612 26895 0 0 0 standing 
6 898 517 954 613 26896 0 0 1 waiting 
6 899 518 955 614 26897 0 0 1 waiting 
6 900 519 957 615 26898 0 0 1 waiting 
6 901 520 958 616 26899 0 0 1 waiting 
6 902 521 960 618 26900 0 0 1 waiting 
6 903 522 961 619 26901 0 0 1 waiting 
6 904 523 962 620 26902 0 0 1 waiting 
6 905 524 964 621 26903 0 0 1 waiting 
6 906 525 965 622 26904 0 0 1 waiting 
6 908 527 967 624 26905 0 0 0 waiting 
6 908 528 964 625 26906 0 0 1 waiting 
6 909 529 962 626 26907 0 0 1 waiting 
6 910 530 960 627 26908 0 0 0 waiting 
6 909 531 959 628 26909 0 0 1 waiting 
6 909 532 959 629 26910 0 0 1 waiting 
6 909 534 959 630 26911 0 0 1 waiting 
6 908 535 959 631 26912 0 0 1 waiting 
6 908 537 959 632 26913 0 0 1 waiting 
6 908 538 959 633 26914 0 0 1 waiting 
7 962 458 1014 567 26895 0 0 0 waiting 
7 966 457 1015 566 26896 0 0 1 standing 
7 970 457 1016 566 26897 0 0 1 standing 
7 974 457 1017 565 26898 0 0 1 standing 
7 979 457 1019 565 26899 0 0 0 standing 
7 978 456 1018 564 26900 0 0 1 standing 
7 978 456 1018 563 26901 0 0 1 standing 
7 977 456 1017 562 26902 0 0 1 standing 
7 977 456 1017 562 26903 0 0 0 standing 
7 975 455 1018 560 26904 0 0 1 standing 
7 974 455 1019 559 26905 0 0 1 standing 
7 973 455 1020 558 26906 0 0 0 standing 
7 974 455 1021 558 26907 0 0 1 standing 
7 976 455 1022 558 26908 0 0 1 standing 
7 978 455 1023 559 26909 0 0 1 standing 
7 980 455 1024 559 26910 0 0 1 standing 
7 981 455 1026 560 26911 0 0 1 standing 
7 983 455 1027 560 26912 0 0 1 standing 
7 985 455 1028 561 26913 0 0 1 standing 
7 987 455 1029 561 26914 0 0 1 standing 
8 830 438 865 535 26895 0 0 0 standing 
8 829 437 866 534 26896 0 0 1 standing 
8 829 437 867 534 26897 0 0 1 standing 
8 828 436 868 533 26898 0 0 1 standing 
8 828 436 869 533 26899 0 0 0 standing 
8 830 435 870 532 26900 0 0 1 standing 
8 832 435 871 532 26901 0 0 1 standing 
8 835 435 873 532 26902 0 0 1 standing 
8 837 434 874 531 26903 0 0 1 standing 
8 839 434 875 531 26904 0 0 1 standing 
8 842 434 877 531 26905 0 0 0 standing 
8 843 434 879 529 26906 0 0 1 standing 
8 844 434 881 528 26907 0 0 1 standing 
8 846 434 883 527 26908 0 0 0 standing 
8 846 435 884 527 26909 0 0 1 standing 
8 847 436 885 527 26910 0 0 1 standing 
8 848 438 886 527 26911 0 0 1 standing 
8 849 439 887 527 26912 0 0 1 standing 
8 850 441 889 528 26913 0 0 0 standing 
8 850 440 889 527 26914 0 0 1 standing 
9 710 523 755 627 26895 0 0 0 standing 
9 708 523 753 627 26896 0 0 1 standing 
9 706 523 751 627 26897 0 0 1 standing 
9 704 523 749 628 26898 0 0 1 standing 
9 703 523 747 628 26899 0 0 1 standing 
9 701 524 745 629 26900 0 0 1 standing 
9 699 524 743 629 26901 0 0 1 standing 
9 698 524 741 629 26902 0 0 1 standing 
9 696 524 739 630 26903 0 0 1 standing 
9 694 524 737 630 26904 0 0 1 standing 
9 693 525 736 631 26905 0 0 0 standing 
9 691 526 732 630 26906 0 0 1 standing 
9 689 528 728 629 26907 0 0 1 standing 
9 688 530 725 629 26908 0 0 0 standing 
9 685 532 722 629 26909 0 0 1 standing 
9 682 534 720 630 26910 0 0 1 standing 
9 680 536 718 630 26911 0 0 1 standing 
9 677 539 716 631 26912 0 0 1 standing 
9 675 541 714 631 26913 0 0 1 standing 
9 672 543 712 632 26914 0 0 1 standing 
10 690 476 723 578 26895 0 0 0 standing 
10 688 476 721 578 26896 0 0 1 standing 
10 687 477 720 579 26897 0 0 1 standing 
10 686 477 719 579 26898 0 0 1 standing 
10 684 478 717 580 26899 0 0 1 standing 
10 683 479 716 581 26900 0 0 1 standing 
10 682 479 715 581 26901 0 0 1 standing 
10 680 480 713 582 26902 0 0 1 standing 
10 679 480 712 582 26903 0 0 1 standing 
10 678 481 711 583 26904 0 0 1 standing 
10 677 482 710 584 26905 0 0 0 standing 
10 675 480 708 581 26906 0 0 1 standing 
10 674 478 707 579 26907 0 0 1 standing 
10 673 476 706 577 26908 0 0 1 standing 
10 672 475 705 575 26909 0 0 1 standing 
10 671 473 704 573 26910 0 0 1 standing 
10 670 471 702 571 26911 0 0 1 standing 
10 669 470 701 569 26912 0 0 1 standing 
10 668 468 700 567 26913 0 0 1 standing 
10 667 466 699 565 26914 0 0 1 standing 
11 701 418 737 522 26895 0 0 0 standing 
11 699 417 735 519 26896 0 0 1 standing 
11 698 416 734 517 26897 0 0 1 standing 
11 697 415 733 514 26898 0 0 1 standing 
11 696 414 732 512 26899 0 0 0 standing 
11 694 414 730 511 26900 0 0 1 standing 
11 693 415 728 511 26901 0 0 1 standing 
11 692 416 726 511 26902 0 0 1 standing 
11 690 416 724 511 26903 0 0 1 standing 
11 689 417 723 511 26904 0 0 1 standing 
11 688 418 721 511 26905 0 0 1 standing 
11 686 418 719 511 26906 0 0 1 standing 
11 685 419 717 511 26907 0 0 1 standing 
11 684 420 716 511 26908 0 0 0 standing 
11 682 421 715 511 26909 0 0 1 standing 
11 681 423 714 511 26910 0 0 1 standing 
11 680 424 714 511 26911 0 0 1 standing 
11 679 426 713 511 26912 0 0 1 standing 
11 678 427 713 511 26913 0 0 1 standing 
11 677 429 712 511 26914 0 0 1 standing 
