0 235 361 291 515 50345 0 1 0 standing 
0 237 360 293 514 50346 0 1 1 standing 
0 240 360 296 514 50347 0 1 1 standing 
0 243 359 299 513 50348 0 1 1 standing 
0 246 359 302 513 50349 0 1 1 standing 
0 249 358 305 512 50350 0 1 1 standing 
0 251 358 307 512 50351 0 1 1 standing 
0 254 357 310 511 50352 0 1 1 standing 
0 257 357 313 511 50353 0 1 1 standing 
0 260 356 316 510 50354 0 1 1 standing 
0 263 356 319 510 50355 0 1 0 standing 
0 264 356 320 510 50356 0 1 1 standing 
0 265 357 321 511 50357 0 1 1 standing 
0 266 357 322 511 50358 0 1 1 standing 
0 267 358 323 512 50359 0 1 1 standing 
0 268 358 324 512 50360 0 1 1 standing 
0 269 359 325 513 50361 0 1 1 standing 
0 270 359 326 513 50362 0 1 1 standing 
0 271 360 327 514 50363 0 1 1 standing 
0 272 360 328 514 50364 0 1 1 standing 
1 316 367 382 532 50345 0 1 0 standing 
1 314 365 380 531 50346 0 1 1 standing 
1 313 364 379 531 50347 0 1 1 standing 
1 311 362 378 530 50348 0 1 1 standing 
1 310 361 376 530 50349 0 1 1 standing 
1 309 360 375 530 50350 0 1 1 standing 
1 307 358 374 529 50351 0 1 1 standing 
1 306 357 372 529 50352 0 1 1 standing 
1 304 355 371 528 50353 0 1 1 standing 
1 303 354 370 528 50354 0 1 1 standing 
1 302 353 369 528 50355 0 1 0 standing 
1 302 353 369 528 50356 0 1 1 standing 
1 302 353 369 528 50357 0 1 1 standing 
1 302 353 369 528 50358 0 1 1 standing 
1 302 353 369 528 50359 0 1 1 standing 
1 302 353 369 528 50360 0 1 1 standing 
1 302 353 369 528 50361 0 1 1 standing 
1 302 353 369 528 50362 0 1 1 standing 
1 302 353 369 528 50363 0 1 1 standing 
1 302 353 369 528 50364 0 1 1 standing 
2 331 329 386 484 50345 0 1 0 standing 
2 329 330 384 485 50346 0 1 1 standing 
2 327 332 382 487 50347 0 1 1 standing 
2 325 334 380 489 50348 0 1 1 standing 
2 324 336 378 491 50349 0 1 1 standing 
2 322 338 376 493 50350 0 1 1 standing 
2 320 339 374 495 50351 0 1 1 standing 
2 319 341 372 497 50352 0 1 1 standing 
2 317 343 370 499 50353 0 1 1 standing 
2 315 345 368 501 50354 0 1 1 standing 
2 314 347 367 503 50355 0 1 0 standing 
2 313 345 366 502 50356 0 1 1 standing 
2 312 343 365 502 50357 0 1 1 standing 
2 311 341 364 502 50358 0 1 1 standing 
2 310 340 363 502 50359 0 1 1 standing 
2 309 338 362 502 50360 0 1 1 standing 
2 308 336 361 502 50361 0 1 1 standing 
2 307 335 360 502 50362 0 1 1 standing 
2 306 333 359 502 50363 0 1 1 standing 
2 305 331 358 502 50364 0 1 1 standing 
3 789 405 863 601 50345 0 0 0 standing 
3 790 404 864 600 50346 0 0 1 standing 
3 791 403 865 599 50347 0 0 1 standing 
3 792 402 866 598 50348 0 0 1 standing 
3 793 401 867 597 50349 0 0 1 standing 
3 794 400 868 596 50350 0 0 1 standing 
3 795 399 869 595 50351 0 0 1 standing 
3 796 398 870 594 50352 0 0 1 standing 
3 797 397 871 593 50353 0 0 1 standing 
3 798 396 872 592 50354 0 0 1 standing 
3 799 396 873 592 50355 0 0 0 standing 
3 801 396 875 592 50356 0 0 1 standing 
3 803 396 877 592 50357 0 0 1 standing 
3 805 396 879 592 50358 0 0 1 standing 
3 807 396 881 592 50359 0 0 1 standing 
3 809 396 883 592 50360 0 0 1 standing 
3 811 396 885 592 50361 0 0 1 standing 
3 813 396 887 592 50362 0 0 1 standing 
3 815 396 889 592 50363 0 0 1 standing 
3 817 396 891 592 50364 0 0 1 standing 
4 557 283 609 449 50345 0 0 0 standing 
4 561 282 613 448 50346 0 0 1 standing 
4 565 282 617 448 50347 0 0 1 standing 
4 569 282 621 448 50348 0 0 1 standing 
4 573 282 625 448 50349 0 0 1 standing 
4 578 282 630 448 50350 0 0 1 standing 
4 582 282 634 448 50351 0 0 1 standing 
4 586 282 638 448 50352 0 0 1 standing 
4 590 282 642 448 50353 0 0 1 standing 
4 594 282 646 448 50354 0 0 1 standing 
4 599 282 651 448 50355 0 0 0 standing 
4 601 283 654 449 50356 0 0 1 standing 
4 604 285 658 451 50357 0 0 1 standing 
4 607 287 661 453 50358 0 0 1 standing 
4 609 289 665 455 50359 0 0 1 standing 
4 612 291 669 457 50360 0 0 1 standing 
4 615 292 672 458 50361 0 0 1 standing 
4 617 294 676 460 50362 0 0 1 standing 
4 620 296 679 462 50363 0 0 1 standing 
4 623 298 683 464 50364 0 0 1 standing 
5 1009 349 1082 505 50345 0 0 0 standing 
5 1011 349 1084 506 50346 0 0 1 standing 
5 1014 349 1087 507 50347 0 0 1 standing 
5 1017 349 1089 508 50348 0 0 1 standing 
5 1019 349 1092 509 50349 0 0 1 standing 
5 1022 349 1094 511 50350 0 0 1 standing 
5 1025 349 1097 512 50351 0 0 1 standing 
5 1027 349 1099 513 50352 0 0 1 standing 
5 1030 349 1102 514 50353 0 0 1 standing 
5 1033 349 1104 515 50354 0 0 1 standing 
5 1036 349 1107 517 50355 0 0 0 standing 
5 1038 349 1109 517 50356 0 0 1 standing 
5 1041 349 1112 517 50357 0 0 1 standing 
5 1044 349 1115 517 50358 0 0 1 standing 
5 1047 349 1118 517 50359 0 0 1 standing 
5 1050 349 1121 517 50360 0 0 1 standing 
5 1052 349 1123 517 50361 0 0 1 standing 
5 1055 349 1126 517 50362 0 0 1 standing 
5 1058 349 1129 517 50363 0 0 1 standing 
5 1061 349 1132 517 50364 0 0 1 standing 
6 938 398 998 575 50345 0 0 0 standing 
6 939 397 999 574 50346 0 0 1 standing 
6 941 396 1001 573 50347 0 0 1 standing 
6 943 395 1003 572 50348 0 0 1 standing 
6 945 394 1005 571 50349 0 0 1 standing 
6 947 393 1007 570 50350 0 0 1 standing 
6 949 392 1009 569 50351 0 0 1 standing 
6 951 391 1011 568 50352 0 0 1 standing 
6 953 390 1013 567 50353 0 0 1 standing 
6 955 389 1015 566 50354 0 0 1 standing 
6 957 388 1017 565 50355 0 0 1 standing 
6 958 387 1018 564 50356 0 0 1 standing 
6 960 386 1020 563 50357 0 0 1 standing 
6 962 385 1022 562 50358 0 0 1 standing 
6 964 384 1024 561 50359 0 0 1 standing 
6 966 383 1026 560 50360 0 0 1 standing 
6 968 382 1028 559 50361 0 0 1 standing 
6 970 381 1030 558 50362 0 0 1 standing 
6 972 380 1032 557 50363 0 0 1 standing 
6 974 379 1034 556 50364 0 0 1 standing 
7 761 309 825 460 50345 0 0 0 standing 
7 761 309 826 460 50346 0 0 1 standing 
7 762 310 827 461 50347 0 0 1 standing 
7 763 310 828 461 50348 0 0 1 standing 
7 764 311 829 462 50349 0 0 1 standing 
7 765 312 830 463 50350 0 0 1 standing 
7 766 312 831 463 50351 0 0 1 standing 
7 767 313 832 464 50352 0 0 1 standing 
7 768 314 833 464 50353 0 0 1 standing 
7 769 314 834 465 50354 0 0 1 standing 
7 770 315 836 466 50355 0 0 1 standing 
7 771 316 837 466 50356 0 0 1 standing 
7 772 316 838 467 50357 0 0 1 standing 
7 773 317 839 467 50358 0 0 1 standing 
7 774 318 840 468 50359 0 0 1 standing 
7 775 318 841 469 50360 0 0 1 standing 
7 776 319 842 469 50361 0 0 1 standing 
7 777 320 843 470 50362 0 0 1 standing 
7 778 320 844 470 50363 0 0 1 standing 
7 779 321 845 471 50364 0 0 1 standing 
8 526 312 575 476 50345 0 0 0 standing 
8 527 312 578 476 50346 0 0 1 standing 
8 529 312 581 476 50347 0 0 1 standing 
8 531 312 585 476 50348 0 0 1 standing 
8 533 313 588 476 50349 0 0 1 standing 
8 535 313 592 477 50350 0 0 1 standing 
8 537 313 595 477 50351 0 0 1 standing 
8 539 314 599 477 50352 0 0 1 standing 
8 541 314 602 477 50353 0 0 1 standing 
8 543 314 606 477 50354 0 0 1 standing 
8 545 315 609 478 50355 0 0 1 standing 
8 546 315 612 478 50356 0 0 1 standing 
8 548 315 616 478 50357 0 0 1 standing 
8 550 315 619 478 50358 0 0 1 standing 
8 552 316 623 478 50359 0 0 1 standing 
8 554 316 626 479 50360 0 0 1 standing 
8 556 316 630 479 50361 0 0 1 standing 
8 558 317 633 479 50362 0 0 1 standing 
8 560 317 637 479 50363 0 0 1 standing 
8 562 317 640 479 50364 0 0 1 standing 
9 348 344 394 509 50345 0 1 0 standing 
9 346 344 392 509 50346 0 1 1 standing 
9 344 344 390 509 50347 0 1 1 standing 
9 342 344 388 509 50348 0 1 1 standing 
9 340 345 386 510 50349 0 1 1 standing 
9 338 345 384 510 50350 0 1 1 standing 
9 336 345 382 510 50351 0 1 1 standing 
9 334 346 380 511 50352 0 1 1 standing 
9 332 346 378 511 50353 0 1 1 standing 
9 330 346 376 511 50354 0 1 1 standing 
9 328 347 374 512 50355 0 1 0 standing 
9 328 347 373 511 50356 0 1 1 standing 
9 328 347 372 511 50357 0 1 1 standing 
9 328 347 371 511 50358 0 1 1 standing 
9 328 347 371 511 50359 0 1 1 standing 
9 328 347 370 511 50360 0 1 1 standing 
9 328 347 369 511 50361 0 1 1 standing 
9 328 347 369 511 50362 0 1 1 standing 
9 328 347 368 511 50363 0 1 1 standing 
9 328 347 367 511 50364 0 1 1 standing 
10 251 335 305 499 50345 0 1 0 standing 
10 252 335 306 499 50346 0 1 1 standing 
10 253 335 307 499 50347 0 1 1 standing 
10 254 335 308 499 50348 0 1 1 standing 
10 255 335 309 499 50349 0 1 1 standing 
10 256 335 310 499 50350 0 1 1 standing 
10 257 335 311 499 50351 0 1 1 standing 
10 258 335 312 499 50352 0 1 1 standing 
10 259 335 313 499 50353 0 1 1 standing 
10 260 335 314 499 50354 0 1 1 standing 
10 261 335 315 499 50355 0 1 0 standing 
10 261 335 315 499 50356 0 1 1 standing 
10 261 336 315 499 50357 0 1 1 standing 
10 261 336 315 499 50358 0 1 1 standing 
10 261 337 315 499 50359 0 1 1 standing 
10 261 337 315 499 50360 0 1 1 standing 
10 261 338 315 499 50361 0 1 1 standing 
10 261 338 315 499 50362 0 1 1 standing 
10 261 339 315 499 50363 0 1 1 standing 
10 261 339 315 499 50364 0 1 1 standing 
11 244 352 295 509 50345 0 1 0 standing 
11 245 350 296 508 50346 0 1 1 standing 
11 246 348 297 507 50347 0 1 1 standing 
11 247 347 298 506 50348 0 1 1 standing 
11 249 345 299 505 50349 0 1 1 standing 
11 250 344 301 505 50350 0 1 1 standing 
11 251 342 302 504 50351 0 1 1 standing 
11 253 340 303 503 50352 0 1 1 standing 
11 254 339 304 502 50353 0 1 1 standing 
11 255 337 305 501 50354 0 1 1 standing 
11 257 336 307 501 50355 0 1 0 standing 
11 257 336 307 501 50356 0 1 1 standing 
11 257 336 307 501 50357 0 1 1 standing 
11 257 336 307 501 50358 0 1 1 standing 
11 257 336 307 501 50359 0 1 1 standing 
11 257 336 307 501 50360 0 1 1 standing 
11 257 336 307 501 50361 0 1 1 standing 
11 257 336 307 501 50362 0 1 1 standing 
11 257 336 307 501 50363 0 1 1 standing 
11 257 336 307 501 50364 0 1 1 standing 
