0 513 392 599 516 26475 0 1 0 setting 
0 526 388 607 514 26476 0 1 1 setting 
0 539 385 615 512 26477 0 1 1 setting 
0 552 381 624 510 26478 0 1 1 setting 
0 565 378 632 508 26479 0 1 1 setting 
0 578 374 640 506 26480 0 1 1 setting 
0 591 371 649 504 26481 0 1 1 setting 
0 604 367 657 502 26482 0 1 1 setting 
0 618 364 666 500 26483 0 1 0 setting 
0 624 356 675 495 26484 0 1 1 setting 
0 631 349 685 490 26485 0 1 1 setting 
0 638 341 694 485 26486 0 1 1 setting 
0 645 334 704 480 26487 0 1 1 setting 
0 652 326 713 475 26488 0 1 1 setting 
0 659 319 723 470 26489 0 1 0 setting 
0 666 319 733 469 26490 0 1 1 setting 
0 674 320 744 469 26491 0 1 1 setting 
0 682 321 754 469 26492 0 1 1 setting 
0 690 322 765 469 26493 0 1 1 setting 
0 698 323 776 469 26494 0 1 0 setting 
1 774 366 865 478 26475 0 1 0 setting 
1 779 365 869 476 26476 0 1 1 moving 
1 784 365 874 475 26477 0 1 1 moving 
1 789 365 878 474 26478 0 1 1 moving 
1 795 365 883 473 26479 0 1 1 moving 
1 800 364 887 472 26480 0 1 1 moving 
1 805 364 892 471 26481 0 1 1 moving 
1 810 364 896 470 26482 0 1 1 moving 
1 816 364 901 469 26483 0 1 0 moving 
1 818 363 900 468 26484 0 1 1 moving 
1 820 363 900 468 26485 0 1 1 moving 
1 822 363 900 468 26486 0 1 1 moving 
1 825 363 900 467 26487 0 1 1 moving 
1 827 362 900 467 26488 0 1 1 moving 
1 829 362 900 467 26489 0 1 1 moving 
1 831 362 899 466 26490 0 1 1 moving 
1 834 362 899 466 26491 0 1 1 moving 
1 836 361 899 466 26492 0 1 1 moving 
1 838 361 899 465 26493 0 1 1 moving 
1 840 361 899 465 26494 0 1 1 moving 
2 928 565 1064 616 26475 0 0 0 moving 
2 942 553 1070 620 26476 0 0 1 falling 
2 956 542 1076 625 26477 0 0 1 falling 
2 971 531 1083 630 26478 0 0 0 falling 
2 976 529 1090 630 26479 0 0 1 falling 
2 981 527 1098 630 26480 0 0 1 falling 
2 987 526 1106 630 26481 0 0 0 falling 
2 993 526 1111 631 26482 0 0 1 falling 
2 999 526 1117 632 26483 0 0 1 falling 
2 1005 527 1123 634 26484 0 0 0 falling 
2 1011 527 1129 634 26485 0 0 1 falling 
2 1017 527 1135 634 26486 0 0 1 falling 
2 1024 527 1142 634 26487 0 0 0 falling 
2 1027 530 1148 632 26488 0 0 1 falling 
2 1030 533 1154 630 26489 0 0 1 falling 
2 1033 536 1161 629 26490 0 0 0 falling 
2 1038 542 1164 628 26491 0 0 1 falling 
2 1043 548 1167 627 26492 0 0 1 falling 
2 1048 555 1170 627 26493 0 0 1 falling 
2 1053 561 1173 626 26494 0 0 1 falling 
3 828 446 943 560 26475 0 0 0 falling 
3 838 449 953 559 26476 0 0 1 moving 
3 849 452 963 559 26477 0 0 1 moving 
3 860 455 973 559 26478 0 0 0 moving 
3 864 454 977 558 26479 0 0 1 moving 
3 869 453 982 557 26480 0 0 1 moving 
3 874 453 987 557 26481 0 0 0 moving 
3 878 450 983 555 26482 0 0 1 moving 
3 882 447 979 554 26483 0 0 1 moving 
3 886 444 975 553 26484 0 0 0 moving 
3 878 443 977 552 26485 0 0 1 moving 
3 870 442 979 551 26486 0 0 1 moving 
3 863 442 982 550 26487 0 0 0 moving 
3 867 438 978 550 26488 0 0 1 moving 
3 872 434 974 550 26489 0 0 1 moving 
3 877 431 971 550 26490 0 0 0 moving 
3 873 429 968 550 26491 0 0 1 moving 
3 869 428 965 551 26492 0 0 1 moving 
3 865 426 962 551 26493 0 0 1 moving 
3 861 425 959 552 26494 0 0 1 moving 
4 618 481 716 623 26475 0 0 0 moving 
4 625 481 720 622 26476 0 0 1 standing 
4 633 482 724 622 26477 0 0 1 standing 
4 641 483 729 622 26478 0 0 0 standing 
4 650 483 735 621 26479 0 0 1 standing 
4 659 483 742 621 26480 0 0 1 standing 
4 669 483 749 621 26481 0 0 0 standing 
4 675 485 755 623 26482 0 0 1 standing 
4 682 487 762 625 26483 0 0 1 standing 
4 689 489 769 628 26484 0 0 0 standing 
4 694 489 774 628 26485 0 0 1 standing 
4 699 489 779 628 26486 0 0 1 standing 
4 704 489 784 628 26487 0 0 0 standing 
4 709 488 790 629 26488 0 0 1 standing 
4 714 488 796 630 26489 0 0 1 standing 
4 720 488 802 631 26490 0 0 0 standing 
4 722 488 803 630 26491 0 0 1 standing 
4 724 488 805 629 26492 0 0 1 standing 
4 726 489 806 629 26493 0 0 1 standing 
4 728 489 808 628 26494 0 0 1 standing 
5 557 431 636 565 26475 0 0 0 standing 
5 559 431 638 566 26476 0 0 1 standing 
5 562 431 640 567 26477 0 0 1 standing 
5 565 431 643 568 26478 0 0 0 standing 
5 568 428 646 566 26479 0 0 1 standing 
5 571 425 649 565 26480 0 0 1 standing 
5 574 422 652 564 26481 0 0 0 standing 
5 575 417 648 561 26482 0 0 1 standing 
5 576 412 644 559 26483 0 0 1 standing 
5 577 408 641 557 26484 0 0 0 standing 
5 580 408 640 556 26485 0 0 1 standing 
5 583 408 639 556 26486 0 0 1 standing 
5 586 408 638 556 26487 0 0 0 standing 
5 588 409 642 557 26488 0 0 1 standing 
5 590 410 646 558 26489 0 0 1 standing 
5 593 411 651 559 26490 0 0 0 standing 
5 597 409 654 556 26491 0 0 1 standing 
5 601 407 657 553 26492 0 0 1 standing 
5 605 406 660 551 26493 0 0 1 standing 
5 609 404 663 548 26494 0 0 1 standing 
6 318 390 366 521 26475 0 0 0 standing 
6 322 390 368 520 26476 0 0 1 standing 
6 326 390 370 520 26477 0 0 1 standing 
6 331 390 373 520 26478 0 0 0 standing 
6 336 389 379 519 26479 0 0 1 standing 
6 341 389 385 519 26480 0 0 1 standing 
6 347 389 391 519 26481 0 0 0 standing 
6 350 389 394 519 26482 0 0 1 standing 
6 354 389 398 519 26483 0 0 1 standing 
6 358 389 402 519 26484 0 0 0 standing 
6 362 390 406 520 26485 0 0 1 standing 
6 367 391 411 521 26486 0 0 1 standing 
6 372 392 416 522 26487 0 0 0 standing 
6 378 391 422 521 26488 0 0 1 standing 
6 385 390 429 520 26489 0 0 1 standing 
6 392 390 436 520 26490 0 0 0 standing 
6 399 387 443 517 26491 0 0 1 standing 
6 406 384 450 514 26492 0 0 1 standing 
6 413 381 457 511 26493 0 0 1 standing 
6 420 378 464 508 26494 0 0 1 standing 
7 329 411 367 558 26475 0 0 0 standing 
7 330 411 368 558 26476 0 0 1 standing 
7 331 411 369 558 26477 0 0 1 standing 
7 333 411 371 558 26478 0 0 0 standing 
7 338 411 376 558 26479 0 0 1 standing 
7 343 411 381 558 26480 0 0 1 standing 
7 348 412 386 559 26481 0 0 0 standing 
7 351 412 389 559 26482 0 0 1 standing 
7 355 412 393 559 26483 0 0 1 standing 
7 359 412 397 559 26484 0 0 0 standing 
7 366 412 404 560 26485 0 0 1 standing 
7 373 413 411 561 26486 0 0 1 standing 
7 380 414 418 563 26487 0 0 0 standing 
7 385 413 423 562 26488 0 0 1 standing 
7 390 412 428 561 26489 0 0 1 standing 
7 395 412 433 561 26490 0 0 0 standing 
7 402 410 440 559 26491 0 0 1 standing 
7 409 409 447 558 26492 0 0 1 standing 
7 416 407 454 556 26493 0 0 1 standing 
7 423 406 461 555 26494 0 0 1 standing 
8 251 456 346 600 26475 0 0 0 standing 
8 256 456 350 598 26476 0 0 1 standing 
8 261 456 354 596 26477 0 0 1 standing 
8 266 456 359 595 26478 0 0 0 standing 
8 276 455 364 594 26479 0 0 1 standing 
8 286 455 370 594 26480 0 0 1 standing 
8 297 455 376 594 26481 0 0 0 standing 
8 306 453 380 592 26482 0 0 1 standing 
8 315 451 385 590 26483 0 0 1 standing 
8 325 450 390 589 26484 0 0 0 standing 
8 335 450 396 589 26485 0 0 1 standing 
8 345 451 402 589 26486 0 0 1 standing 
8 356 452 408 590 26487 0 0 0 standing 
8 362 454 418 589 26488 0 0 1 standing 
8 369 456 428 588 26489 0 0 1 standing 
8 376 458 439 587 26490 0 0 0 standing 
8 381 460 445 588 26491 0 0 1 standing 
8 386 462 451 589 26492 0 0 1 standing 
8 391 465 457 590 26493 0 0 1 standing 
8 396 467 463 591 26494 0 0 1 standing 
9 48 388 87 509 26475 0 0 0 standing 
9 44 386 86 508 26476 0 0 1 standing 
9 40 385 86 508 26477 0 0 1 standing 
9 37 384 86 508 26478 0 0 0 standing 
9 38 382 87 506 26479 0 0 1 standing 
9 39 381 88 505 26480 0 0 1 standing 
9 40 380 89 504 26481 0 0 0 standing 
9 42 380 91 504 26482 0 0 1 standing 
9 44 380 93 504 26483 0 0 1 standing 
9 47 380 96 504 26484 0 0 0 standing 
9 50 378 99 502 26485 0 0 1 standing 
9 53 376 102 500 26486 0 0 1 standing 
9 57 375 106 499 26487 0 0 0 standing 
9 62 374 107 498 26488 0 0 1 standing 
9 68 374 108 498 26489 0 0 1 standing 
9 74 374 109 498 26490 0 0 0 standing 
9 76 374 114 498 26491 0 0 1 standing 
9 78 374 120 498 26492 0 0 1 standing 
9 80 375 125 498 26493 0 0 1 standing 
9 82 375 131 498 26494 0 0 1 standing 
10 89 433 139 571 26475 0 0 0 standing 
10 87 432 137 570 26476 0 0 1 standing 
10 85 432 135 570 26477 0 0 1 standing 
10 84 432 134 570 26478 0 0 0 standing 
10 80 430 136 568 26479 0 0 1 standing 
10 77 428 138 566 26480 0 0 1 standing 
10 74 427 141 564 26481 0 0 0 standing 
10 71 427 132 564 26482 0 0 1 standing 
10 68 427 123 564 26483 0 0 1 standing 
10 66 427 115 564 26484 0 0 0 standing 
10 66 426 116 563 26485 0 0 1 standing 
10 66 425 118 563 26486 0 0 1 standing 
10 66 424 120 563 26487 0 0 0 standing 
10 63 423 119 562 26488 0 0 1 standing 
10 60 423 118 561 26489 0 0 1 standing 
10 58 423 117 561 26490 0 0 0 standing 
10 54 423 112 560 26491 0 0 1 standing 
10 51 424 108 559 26492 0 0 1 standing 
10 47 424 103 558 26493 0 0 1 standing 
10 44 425 99 557 26494 0 0 1 standing 
11 28 483 116 638 26475 0 0 0 standing 
11 31 479 111 636 26476 0 0 1 standing 
11 34 475 106 635 26477 0 0 1 standing 
11 38 471 101 634 26478 0 0 0 standing 
11 38 470 101 633 26479 0 0 1 standing 
11 38 469 101 632 26480 0 0 1 standing 
11 38 468 101 631 26481 0 0 0 standing 
11 33 467 101 630 26482 0 0 1 standing 
11 28 467 102 629 26483 0 0 1 standing 
11 24 467 103 629 26484 0 0 0 standing 
11 19 469 105 628 26485 0 0 1 standing 
11 15 471 107 627 26486 0 0 1 standing 
11 11 473 109 627 26487 0 0 0 standing 
11 12 471 116 625 26488 0 0 1 standing 
11 14 470 123 624 26489 0 0 1 standing 
11 16 469 130 623 26490 0 0 0 standing 
11 22 466 124 622 26491 0 0 1 standing 
11 28 464 118 621 26492 0 0 1 standing 
11 35 461 113 621 26493 0 0 1 standing 
11 41 459 107 620 26494 0 0 1 standing 
