0 1129 705 1241 900 10514 0 1 0 spiking 
0 1128 691 1231 894 10515 0 1 1 spiking 
0 1127 677 1222 888 10516 0 1 1 spiking 
0 1126 663 1213 883 10517 0 1 0 spiking 
0 1117 647 1214 868 10518 0 1 1 spiking 
0 1109 631 1215 854 10519 0 1 1 spiking 
0 1101 615 1217 839 10520 0 1 1 spiking 
0 1093 599 1218 825 10521 0 1 1 spiking 
0 1085 583 1220 811 10522 0 1 0 spiking 
0 1082 579 1210 806 10523 0 1 1 spiking 
0 1079 575 1200 802 10524 0 1 1 spiking 
0 1076 571 1191 797 10525 0 1 1 spiking 
0 1073 567 1181 793 10526 0 1 1 spiking 
0 1070 563 1171 788 10527 0 1 1 spiking 
0 1067 559 1162 784 10528 0 1 0 spiking 
0 1062 561 1158 786 10529 0 1 1 spiking 
0 1058 564 1155 789 10530 0 1 1 spiking 
0 1054 566 1151 792 10531 0 1 1 spiking 
0 1049 569 1148 794 10532 0 1 1 spiking 
0 1045 571 1144 797 10533 0 1 1 spiking 
1 870 651 956 846 10514 0 1 0 spiking 
1 875 652 956 849 10515 0 1 1 blocking 
1 880 654 957 852 10516 0 1 1 blocking 
1 885 655 957 856 10517 0 1 1 blocking 
1 890 657 958 859 10518 0 1 1 blocking 
1 895 659 959 863 10519 0 1 0 blocking 
1 895 640 962 855 10520 0 1 1 blocking 
1 896 621 965 847 10521 0 1 1 blocking 
1 897 602 969 839 10522 0 1 1 blocking 
1 898 583 972 831 10523 0 1 1 blocking 
1 899 565 976 823 10524 0 1 0 blocking 
1 896 564 979 822 10525 0 1 1 blocking 
1 894 564 982 821 10526 0 1 1 blocking 
1 892 563 985 821 10527 0 1 1 blocking 
1 889 563 989 820 10528 0 1 1 blocking 
1 887 562 992 820 10529 0 1 1 blocking 
1 885 562 995 819 10530 0 1 1 blocking 
1 882 561 999 818 10531 0 1 1 blocking 
1 880 561 1002 818 10532 0 1 1 blocking 
1 878 560 1005 817 10533 0 1 1 blocking 
2 853 594 945 753 10514 0 1 0 blocking 
2 858 594 947 765 10515 0 1 1 blocking 
2 863 595 949 778 10516 0 1 1 blocking 
2 868 595 951 791 10517 0 1 1 blocking 
2 873 596 953 804 10518 0 1 1 blocking 
2 879 597 956 817 10519 0 1 0 blocking 
2 885 577 958 809 10520 0 1 1 blocking 
2 891 558 961 801 10521 0 1 1 blocking 
2 897 538 963 794 10522 0 1 1 blocking 
2 903 519 966 786 10523 0 1 1 blocking 
2 910 500 969 779 10524 0 1 0 blocking 
2 903 501 973 774 10525 0 1 1 blocking 
2 896 502 977 770 10526 0 1 1 blocking 
2 890 503 981 766 10527 0 1 1 blocking 
2 883 504 985 762 10528 0 1 1 blocking 
2 877 505 989 758 10529 0 1 1 blocking 
2 870 506 993 753 10530 0 1 1 blocking 
2 863 507 997 749 10531 0 1 1 blocking 
2 857 508 1001 745 10532 0 1 1 blocking 
2 850 509 1005 741 10533 0 1 1 blocking 
3 313 543 391 704 10514 0 0 0 blocking 
3 313 544 393 707 10515 0 0 1 waiting 
3 313 546 396 711 10516 0 0 1 waiting 
3 313 548 399 715 10517 0 0 0 waiting 
3 307 546 399 715 10518 0 0 1 waiting 
3 301 544 399 715 10519 0 0 1 waiting 
3 295 542 400 715 10520 0 0 0 waiting 
3 295 542 399 715 10521 0 0 1 waiting 
3 295 543 398 715 10522 0 0 1 waiting 
3 296 544 397 716 10523 0 0 0 waiting 
3 297 541 399 714 10524 0 0 1 waiting 
3 299 538 401 713 10525 0 0 1 waiting 
3 301 536 403 712 10526 0 0 0 waiting 
3 298 533 405 708 10527 0 0 1 waiting 
3 296 531 407 705 10528 0 0 1 waiting 
3 294 529 410 702 10529 0 0 0 waiting 
3 290 528 414 700 10530 0 0 1 waiting 
3 286 527 418 698 10531 0 0 1 waiting 
3 283 527 423 697 10532 0 0 0 waiting 
3 286 525 425 697 10533 0 0 1 waiting 
4 327 658 431 836 10514 0 0 0 waiting 
4 329 656 435 834 10515 0 0 1 standing 
4 331 654 440 833 10516 0 0 1 standing 
4 334 653 445 832 10517 0 0 0 standing 
4 337 651 452 833 10518 0 0 1 standing 
4 340 650 460 834 10519 0 0 1 standing 
4 343 649 468 836 10520 0 0 0 standing 
4 353 648 470 835 10521 0 0 1 standing 
4 363 648 472 834 10522 0 0 1 standing 
4 373 648 475 833 10523 0 0 0 standing 
4 380 647 482 834 10524 0 0 1 standing 
4 387 646 489 835 10525 0 0 1 standing 
4 394 645 496 836 10526 0 0 0 standing 
4 398 645 501 840 10527 0 0 1 standing 
4 402 645 507 844 10528 0 0 1 standing 
4 406 645 513 848 10529 0 0 0 standing 
4 409 645 515 848 10530 0 0 1 standing 
4 412 645 517 848 10531 0 0 1 standing 
4 415 645 519 848 10532 0 0 0 standing 
4 419 644 523 848 10533 0 0 1 standing 
5 509 452 581 605 10514 0 0 0 standing 
5 511 451 584 603 10515 0 0 1 standing 
5 514 450 587 602 10516 0 0 1 standing 
5 517 449 591 601 10517 0 0 0 standing 
5 518 449 597 601 10518 0 0 1 standing 
5 519 450 603 601 10519 0 0 1 standing 
5 520 451 610 602 10520 0 0 0 standing 
5 524 453 612 608 10521 0 0 1 standing 
5 529 455 614 614 10522 0 0 1 standing 
5 534 457 617 621 10523 0 0 0 standing 
5 534 456 616 621 10524 0 0 1 standing 
5 534 455 616 621 10525 0 0 1 standing 
5 534 455 616 622 10526 0 0 0 standing 
5 528 456 621 624 10527 0 0 1 standing 
5 522 458 626 627 10528 0 0 1 standing 
5 517 460 631 630 10529 0 0 0 standing 
5 516 463 632 633 10530 0 0 1 standing 
5 515 466 633 636 10531 0 0 1 standing 
5 514 470 634 640 10532 0 0 0 standing 
5 515 473 635 639 10533 0 0 1 standing 
6 839 504 924 648 10514 0 0 0 standing 
6 835 502 923 646 10515 0 0 1 moving 
6 832 500 922 644 10516 0 0 1 moving 
6 829 499 921 642 10517 0 0 0 moving 
6 821 495 910 641 10518 0 0 1 moving 
6 814 491 899 640 10519 0 0 1 moving 
6 807 488 889 640 10520 0 0 0 moving 
6 802 486 877 639 10521 0 0 1 moving 
6 797 484 865 638 10522 0 0 1 moving 
6 792 482 854 637 10523 0 0 0 moving 
6 780 481 844 633 10524 0 0 1 moving 
6 768 480 834 629 10525 0 0 1 moving 
6 757 480 825 625 10526 0 0 0 moving 
6 739 479 819 625 10527 0 0 1 moving 
6 721 479 813 625 10528 0 0 1 moving 
6 703 479 807 625 10529 0 0 0 moving 
6 700 479 803 624 10530 0 0 1 moving 
6 698 480 799 624 10531 0 0 1 moving 
6 696 481 796 624 10532 0 0 0 moving 
6 696 482 797 622 10533 0 0 1 moving 
7 1633 567 1740 697 10514 0 0 0 moving 
7 1625 566 1733 696 10515 0 0 1 moving 
7 1617 565 1726 696 10516 0 0 1 moving 
7 1609 565 1719 696 10517 0 0 0 moving 
7 1597 565 1703 696 10518 0 0 1 moving 
7 1585 565 1687 696 10519 0 0 1 moving 
7 1573 565 1671 696 10520 0 0 0 moving 
7 1564 565 1669 696 10521 0 0 1 moving 
7 1555 565 1667 696 10522 0 0 1 moving 
7 1546 566 1665 697 10523 0 0 0 moving 
7 1539 568 1660 710 10524 0 0 1 moving 
7 1532 570 1655 723 10525 0 0 1 moving 
7 1525 572 1650 736 10526 0 0 0 moving 
7 1521 572 1627 737 10527 0 0 1 moving 
7 1517 572 1604 738 10528 0 0 1 moving 
7 1513 572 1581 739 10529 0 0 0 moving 
7 1495 574 1573 744 10530 0 0 1 moving 
7 1477 576 1565 749 10531 0 0 1 moving 
7 1459 578 1558 754 10532 0 0 0 moving 
7 1455 581 1547 760 10533 0 0 1 moving 
8 1113 531 1216 712 10514 0 0 0 moving 
8 1112 533 1220 712 10515 0 0 1 standing 
8 1111 536 1225 712 10516 0 0 1 standing 
8 1111 539 1230 712 10517 0 0 0 standing 
8 1112 540 1214 713 10518 0 0 1 standing 
8 1113 541 1198 714 10519 0 0 1 standing 
8 1114 542 1182 715 10520 0 0 0 standing 
8 1107 546 1178 721 10521 0 0 1 standing 
8 1100 550 1174 727 10522 0 0 1 standing 
8 1093 555 1170 734 10523 0 0 0 standing 
8 1082 556 1171 735 10524 0 0 1 standing 
8 1072 557 1173 736 10525 0 0 1 standing 
8 1062 559 1175 737 10526 0 0 0 standing 
8 1054 562 1172 738 10527 0 0 1 standing 
8 1046 565 1169 739 10528 0 0 1 standing 
8 1039 568 1167 740 10529 0 0 0 standing 
8 1038 568 1164 739 10530 0 0 1 standing 
8 1037 568 1161 738 10531 0 0 1 standing 
8 1036 568 1159 738 10532 0 0 0 standing 
8 1037 568 1163 738 10533 0 0 1 standing 
9 1180 412 1297 553 10514 0 0 0 standing 
9 1167 414 1278 553 10515 0 0 1 moving 
9 1154 416 1260 553 10516 0 0 1 moving 
9 1141 419 1242 553 10517 0 0 0 moving 
9 1136 419 1237 558 10518 0 0 1 moving 
9 1132 419 1233 563 10519 0 0 1 moving 
9 1128 419 1229 568 10520 0 0 0 moving 
9 1126 420 1221 570 10521 0 0 1 moving 
9 1124 421 1213 572 10522 0 0 1 moving 
9 1123 422 1206 574 10523 0 0 0 moving 
9 1118 426 1200 578 10524 0 0 1 moving 
9 1114 430 1195 582 10525 0 0 1 moving 
9 1110 435 1190 586 10526 0 0 0 moving 
9 1098 437 1184 590 10527 0 0 1 moving 
9 1086 439 1178 594 10528 0 0 1 moving 
9 1075 441 1173 599 10529 0 0 0 moving 
9 1072 440 1167 602 10530 0 0 1 moving 
9 1069 440 1161 606 10531 0 0 1 moving 
9 1066 440 1155 610 10532 0 0 0 moving 
9 1066 442 1154 610 10533 0 0 1 moving 
10 1441 483 1527 650 10514 0 0 0 moving 
10 1436 488 1518 659 10515 0 0 1 moving 
10 1431 493 1509 668 10516 0 0 1 moving 
10 1426 499 1501 678 10517 0 0 0 moving 
10 1417 501 1491 679 10518 0 0 1 moving 
10 1408 503 1481 680 10519 0 0 1 moving 
10 1399 505 1471 681 10520 0 0 0 moving 
10 1379 505 1470 683 10521 0 0 1 moving 
10 1360 506 1469 685 10522 0 0 1 moving 
10 1341 507 1468 688 10523 0 0 0 moving 
10 1339 509 1459 690 10524 0 0 1 moving 
10 1337 511 1450 692 10525 0 0 1 moving 
10 1336 514 1441 695 10526 0 0 0 moving 
10 1334 512 1429 696 10527 0 0 1 moving 
10 1333 510 1417 698 10528 0 0 1 moving 
10 1332 509 1406 700 10529 0 0 0 moving 
10 1320 511 1399 705 10530 0 0 1 moving 
10 1308 513 1392 710 10531 0 0 1 moving 
10 1297 515 1386 715 10532 0 0 0 moving 
10 1283 518 1381 717 10533 0 0 1 moving 
11 1408 603 1534 811 10514 0 0 0 moving 
11 1424 605 1548 809 10515 0 0 1 moving 
11 1440 607 1563 808 10516 0 0 1 moving 
11 1456 610 1578 807 10517 0 0 0 moving 
11 1472 614 1595 809 10518 0 0 1 moving 
11 1488 618 1612 811 10519 0 0 1 moving 
11 1504 623 1629 814 10520 0 0 0 moving 
11 1521 628 1656 817 10521 0 0 1 moving 
11 1538 633 1683 820 10522 0 0 1 moving 
11 1555 639 1710 823 10523 0 0 0 moving 
11 1570 644 1713 823 10524 0 0 1 moving 
11 1585 649 1716 823 10525 0 0 1 moving 
11 1600 654 1719 824 10526 0 0 0 moving 
11 1603 648 1721 826 10527 0 0 1 moving 
11 1606 642 1723 828 10528 0 0 1 moving 
11 1609 636 1725 830 10529 0 0 0 moving 
11 1608 629 1723 824 10530 0 0 1 moving 
11 1608 623 1722 819 10531 0 0 1 moving 
11 1608 617 1721 814 10532 0 0 0 moving 
11 1607 611 1716 808 10533 0 0 1 moving 
