0 475 493 527 578 16980 0 1 0 setting 
0 474 487 526 576 16981 0 1 1 setting 
0 474 482 525 575 16982 0 1 1 setting 
0 473 477 524 574 16983 0 1 1 setting 
0 473 472 523 573 16984 0 1 1 setting 
0 473 467 523 572 16985 0 1 0 setting 
0 473 462 521 570 16986 0 1 1 setting 
0 473 458 519 568 16987 0 1 1 setting 
0 473 453 517 566 16988 0 1 1 setting 
0 473 449 515 564 16989 0 1 1 setting 
0 473 445 513 562 16990 0 1 0 setting 
0 470 446 510 562 16991 0 1 1 setting 
0 468 448 507 562 16992 0 1 1 setting 
0 466 449 504 562 16993 0 1 1 setting 
0 463 451 502 563 16994 0 1 1 setting 
0 461 452 499 563 16995 0 1 1 setting 
0 459 454 496 563 16996 0 1 1 setting 
0 456 455 494 564 16997 0 1 1 setting 
0 454 457 491 564 16998 0 1 1 setting 
0 452 458 488 564 16999 0 1 1 setting 
1 650 495 690 601 16980 0 0 0 setting 
1 649 494 691 600 16981 0 0 1 standing 
1 649 493 692 599 16982 0 0 1 standing 
1 648 492 693 598 16983 0 0 1 standing 
1 648 491 694 597 16984 0 0 1 standing 
1 648 490 695 597 16985 0 0 0 standing 
1 650 489 695 596 16986 0 0 1 standing 
1 652 488 696 595 16987 0 0 1 standing 
1 655 488 697 594 16988 0 0 1 standing 
1 657 487 698 593 16989 0 0 1 standing 
1 660 487 699 593 16990 0 0 0 standing 
1 660 486 700 592 16991 0 0 1 standing 
1 660 485 702 592 16992 0 0 1 standing 
1 661 485 704 592 16993 0 0 0 standing 
1 659 484 703 591 16994 0 0 1 standing 
1 657 483 702 590 16995 0 0 1 standing 
1 655 483 701 589 16996 0 0 1 standing 
1 654 482 700 589 16997 0 0 1 standing 
1 652 482 699 588 16998 0 0 1 standing 
1 650 481 698 587 16999 0 0 1 standing 
2 549 470 628 566 16980 0 0 0 standing 
2 549 467 623 564 16981 0 0 1 standing 
2 549 465 618 562 16982 0 0 1 standing 
2 549 463 613 560 16983 0 0 1 standing 
2 549 461 609 558 16984 0 0 1 standing 
2 549 459 604 556 16985 0 0 1 standing 
2 549 457 599 554 16986 0 0 1 standing 
2 549 455 595 552 16987 0 0 0 standing 
2 544 453 591 550 16988 0 0 1 standing 
2 539 451 588 549 16989 0 0 1 standing 
2 534 450 585 548 16990 0 0 1 standing 
2 529 448 582 547 16991 0 0 1 standing 
2 524 447 579 546 16992 0 0 0 standing 
2 518 448 574 545 16993 0 0 1 standing 
2 512 449 570 544 16994 0 0 1 standing 
2 507 450 566 543 16995 0 0 1 standing 
2 501 451 562 542 16996 0 0 1 standing 
2 496 452 558 541 16997 0 0 0 standing 
2 495 453 553 541 16998 0 0 1 standing 
2 494 454 549 541 16999 0 0 1 standing 
3 411 483 458 582 16980 0 0 0 standing 
3 413 481 460 581 16981 0 0 1 waiting 
3 415 480 462 581 16982 0 0 1 waiting 
3 417 479 464 580 16983 0 0 1 waiting 
3 420 477 466 580 16984 0 0 1 waiting 
3 422 476 469 579 16985 0 0 1 waiting 
3 424 475 471 579 16986 0 0 1 waiting 
3 427 473 473 578 16987 0 0 1 waiting 
3 429 472 475 578 16988 0 0 1 waiting 
3 431 471 477 577 16989 0 0 1 waiting 
3 434 470 480 577 16990 0 0 0 waiting 
3 434 467 476 575 16991 0 0 1 waiting 
3 434 465 472 573 16992 0 0 1 waiting 
3 434 463 469 572 16993 0 0 0 waiting 
3 430 461 466 569 16994 0 0 1 waiting 
3 427 459 463 567 16995 0 0 1 waiting 
3 424 457 460 565 16996 0 0 1 waiting 
3 421 455 458 562 16997 0 0 1 waiting 
3 418 453 455 560 16998 0 0 1 waiting 
3 415 451 452 558 16999 0 0 1 waiting 
4 434 468 481 541 16980 0 0 0 waiting 
4 433 466 480 539 16981 0 0 1 standing 
4 433 465 480 538 16982 0 0 1 standing 
4 433 463 480 536 16983 0 0 1 standing 
4 433 462 480 535 16984 0 0 1 standing 
4 433 460 480 533 16985 0 0 1 standing 
4 433 459 480 532 16986 0 0 1 standing 
4 433 457 480 530 16987 0 0 1 standing 
4 433 456 480 529 16988 0 0 1 standing 
4 433 454 480 527 16989 0 0 1 standing 
4 433 453 480 526 16990 0 0 0 standing 
4 430 451 476 526 16991 0 0 1 standing 
4 428 449 473 526 16992 0 0 1 standing 
4 425 448 470 527 16993 0 0 1 standing 
4 423 446 466 527 16994 0 0 1 standing 
4 421 445 463 528 16995 0 0 1 standing 
4 418 443 460 528 16996 0 0 1 standing 
4 416 441 456 528 16997 0 0 1 standing 
4 413 440 453 529 16998 0 0 1 standing 
4 411 438 450 529 16999 0 0 1 standing 
5 493 390 544 474 16980 0 0 0 standing 
5 491 389 542 471 16981 0 0 1 moving 
5 489 388 540 469 16982 0 0 1 moving 
5 487 387 538 467 16983 0 0 1 moving 
5 485 386 536 465 16984 0 0 1 moving 
5 483 385 534 463 16985 0 0 0 moving 
5 479 385 529 462 16986 0 0 1 moving 
5 475 385 525 462 16987 0 0 1 moving 
5 471 385 520 462 16988 0 0 1 moving 
5 467 385 516 462 16989 0 0 1 moving 
5 464 385 512 462 16990 0 0 0 moving 
5 464 383 513 461 16991 0 0 1 moving 
5 465 382 514 460 16992 0 0 1 moving 
5 466 381 515 459 16993 0 0 0 moving 
5 463 379 512 456 16994 0 0 1 moving 
5 461 378 509 454 16995 0 0 1 moving 
5 458 377 507 452 16996 0 0 1 moving 
5 456 375 504 450 16997 0 0 1 moving 
5 453 374 502 448 16998 0 0 1 moving 
5 451 373 499 446 16999 0 0 1 moving 
6 741 468 778 571 16980 0 0 0 moving 
6 741 467 777 570 16981 0 0 1 standing 
6 742 467 777 569 16982 0 0 1 standing 
6 743 466 777 569 16983 0 0 1 standing 
6 743 466 777 568 16984 0 0 1 standing 
6 744 465 777 568 16985 0 0 1 standing 
6 745 465 777 567 16986 0 0 1 standing 
6 745 464 777 566 16987 0 0 1 standing 
6 746 464 777 566 16988 0 0 1 standing 
6 747 463 777 565 16989 0 0 1 standing 
6 748 463 777 565 16990 0 0 0 standing 
6 745 461 775 563 16991 0 0 1 standing 
6 743 460 774 561 16992 0 0 1 standing 
6 741 459 772 559 16993 0 0 1 standing 
6 738 458 771 557 16994 0 0 1 standing 
6 736 457 770 555 16995 0 0 1 standing 
6 734 456 768 553 16996 0 0 1 standing 
6 731 455 767 551 16997 0 0 1 standing 
6 729 454 765 549 16998 0 0 1 standing 
6 727 453 764 547 16999 0 0 1 standing 
7 748 433 804 530 16980 1 0 1 standing 
7 748 432 804 530 16981 1 0 1 standing 
7 748 432 805 530 16982 0 0 0 standing 
7 747 432 804 528 16983 0 0 1 standing 
7 746 432 803 527 16984 0 0 1 standing 
7 745 432 802 526 16985 0 0 1 standing 
7 744 432 801 525 16986 0 0 1 standing 
7 743 433 801 524 16987 0 0 0 standing 
7 742 433 797 523 16988 0 0 1 standing 
7 742 433 793 523 16989 0 0 1 standing 
7 741 433 789 522 16990 0 0 1 standing 
7 741 433 786 522 16991 0 0 0 standing 
7 739 432 784 520 16992 0 0 1 standing 
7 737 431 782 519 16993 0 0 1 standing 
7 735 430 781 518 16994 0 0 1 standing 
7 733 429 779 517 16995 0 0 1 standing 
7 731 428 778 515 16996 0 0 1 standing 
7 729 427 776 514 16997 0 0 1 standing 
7 727 426 775 513 16998 0 0 1 standing 
7 725 425 773 512 16999 0 0 1 standing 
8 848 472 908 567 16980 0 0 0 standing 
8 843 473 902 569 16981 0 0 1 standing 
8 838 475 897 572 16982 0 0 1 standing 
8 833 476 892 575 16983 0 0 1 standing 
8 828 478 887 578 16984 0 0 0 standing 
8 825 477 876 577 16985 0 0 1 standing 
8 823 476 866 576 16986 0 0 1 standing 
8 821 475 856 575 16987 0 0 0 standing 
8 809 475 852 577 16988 0 0 1 standing 
8 797 475 848 579 16989 0 0 1 standing 
8 786 475 845 581 16990 0 0 0 standing 
8 784 475 838 581 16991 0 0 1 standing 
8 783 475 831 581 16992 0 0 1 standing 
8 781 475 824 581 16993 0 0 1 standing 
8 780 475 817 582 16994 0 0 0 standing 
8 771 475 810 580 16995 0 0 1 standing 
8 762 475 803 579 16996 0 0 1 standing 
8 753 475 796 578 16997 0 0 1 standing 
8 744 475 789 576 16998 0 0 1 standing 
8 735 475 782 575 16999 0 0 1 standing 
9 907 445 948 542 16980 0 0 0 standing 
9 909 445 951 542 16981 0 0 1 standing 
9 911 445 955 542 16982 0 0 1 standing 
9 914 445 959 542 16983 0 0 1 standing 
9 916 445 963 542 16984 0 0 1 standing 
9 919 445 967 542 16985 0 0 1 standing 
9 921 445 971 542 16986 0 0 1 standing 
9 924 445 975 542 16987 0 0 0 standing 
9 926 445 978 542 16988 0 0 1 standing 
9 928 445 982 542 16989 0 0 1 standing 
9 930 445 986 542 16990 0 0 0 standing 
9 932 443 986 541 16991 0 0 1 standing 
9 935 442 986 541 16992 0 0 1 standing 
9 938 440 987 540 16993 0 0 1 standing 
9 941 439 987 540 16994 0 0 1 standing 
9 944 437 988 539 16995 0 0 1 standing 
9 946 436 988 539 16996 0 0 1 standing 
9 949 434 988 538 16997 0 0 1 standing 
9 952 433 989 538 16998 0 0 1 standing 
9 955 431 989 537 16999 0 0 1 standing 
10 871 460 907 541 16980 0 0 0 standing 
10 872 461 909 544 16981 0 0 1 standing 
10 874 462 911 547 16982 0 0 1 standing 
10 876 463 913 550 16983 0 0 1 standing 
10 878 464 915 553 16984 0 0 1 standing 
10 880 466 917 556 16985 0 0 1 standing 
10 882 467 919 559 16986 0 0 1 standing 
10 884 468 921 562 16987 0 0 1 standing 
10 886 469 923 565 16988 0 0 1 standing 
10 888 470 925 568 16989 0 0 1 standing 
10 890 472 928 571 16990 0 0 0 standing 
10 893 471 929 571 16991 0 0 1 standing 
10 897 471 931 571 16992 0 0 1 standing 
10 901 471 932 571 16993 0 0 1 standing 
10 905 471 934 571 16994 0 0 0 standing 
10 905 471 936 572 16995 0 0 1 standing 
10 906 471 938 573 16996 0 0 1 standing 
10 906 471 940 575 16997 0 0 1 standing 
10 907 471 942 576 16998 0 0 1 standing 
10 907 471 944 577 16999 0 0 1 standing 
11 903 394 943 486 16980 0 0 0 standing 
11 903 393 942 485 16981 0 0 1 standing 
11 904 393 942 484 16982 0 0 1 standing 
11 904 392 942 483 16983 0 0 1 standing 
11 905 392 941 483 16984 0 0 1 standing 
11 905 392 941 482 16985 0 0 1 standing 
11 906 391 941 481 16986 0 0 1 standing 
11 906 391 940 481 16987 0 0 1 standing 
11 907 390 940 480 16988 0 0 1 standing 
11 907 390 940 479 16989 0 0 1 standing 
11 908 390 940 479 16990 0 0 0 standing 
11 903 390 938 478 16991 0 0 1 standing 
11 899 390 937 477 16992 0 0 1 standing 
11 894 390 936 476 16993 0 0 1 standing 
11 890 390 935 475 16994 0 0 0 standing 
11 888 390 934 474 16995 0 0 1 standing 
11 887 390 933 473 16996 0 0 1 standing 
11 886 390 932 472 16997 0 0 1 standing 
11 885 390 931 471 16998 0 0 1 standing 
11 884 390 930 470 16999 0 0 1 standing 
