0 692 381 728 465 30725 0 1 0 standing 
0 692 381 728 465 30726 0 1 1 standing 
0 693 381 729 465 30727 0 1 1 standing 
0 693 381 729 466 30728 0 1 1 standing 
0 694 382 730 466 30729 0 1 1 standing 
0 695 382 731 467 30730 0 1 1 standing 
0 695 382 731 467 30731 0 1 1 standing 
0 696 383 732 467 30732 0 1 1 standing 
0 696 383 732 468 30733 0 1 1 standing 
0 697 383 733 468 30734 0 1 1 standing 
0 698 384 734 469 30735 0 1 0 standing 
0 698 384 734 469 30736 0 1 1 standing 
0 699 385 735 470 30737 0 1 1 standing 
0 700 386 736 471 30738 0 1 1 standing 
0 700 387 736 472 30739 0 1 1 standing 
0 701 388 737 473 30740 0 1 1 standing 
0 702 389 738 473 30741 0 1 1 standing 
0 702 390 738 474 30742 0 1 1 standing 
0 703 391 739 475 30743 0 1 1 standing 
0 704 392 740 476 30744 0 1 1 standing 
1 747 427 792 523 30725 0 1 0 standing 
1 748 426 791 522 30726 0 1 1 standing 
1 749 426 791 521 30727 0 1 1 standing 
1 750 425 791 521 30728 0 1 1 standing 
1 751 425 790 520 30729 0 1 1 standing 
1 753 424 790 520 30730 0 1 1 standing 
1 754 424 790 519 30731 0 1 1 standing 
1 755 423 789 518 30732 0 1 1 standing 
1 756 423 789 518 30733 0 1 1 standing 
1 757 422 789 517 30734 0 1 1 standing 
1 759 422 789 517 30735 0 1 0 standing 
1 759 421 789 516 30736 0 1 1 standing 
1 760 421 790 516 30737 0 1 1 standing 
1 761 421 790 516 30738 0 1 1 standing 
1 761 421 791 516 30739 0 1 1 standing 
1 762 421 792 516 30740 0 1 1 standing 
1 763 420 792 516 30741 0 1 1 standing 
1 763 420 793 516 30742 0 1 1 standing 
1 764 420 793 516 30743 0 1 1 standing 
1 765 420 794 516 30744 0 1 1 standing 
2 791 435 826 523 30725 0 1 0 standing 
2 790 435 825 523 30726 0 1 1 standing 
2 789 435 824 523 30727 0 1 1 standing 
2 789 435 824 523 30728 0 1 1 standing 
2 788 435 823 523 30729 0 1 1 standing 
2 788 436 823 524 30730 0 1 1 standing 
2 787 436 822 524 30731 0 1 1 standing 
2 786 436 821 524 30732 0 1 1 standing 
2 786 436 821 524 30733 0 1 1 standing 
2 785 436 820 524 30734 0 1 1 standing 
2 785 437 820 525 30735 0 1 0 standing 
2 784 436 819 524 30736 0 1 1 standing 
2 783 436 818 524 30737 0 1 1 standing 
2 782 436 817 524 30738 0 1 1 standing 
2 781 436 816 524 30739 0 1 1 standing 
2 780 436 815 524 30740 0 1 1 standing 
2 779 435 814 523 30741 0 1 1 standing 
2 778 435 813 523 30742 0 1 1 standing 
2 777 435 812 523 30743 0 1 1 standing 
2 776 435 811 523 30744 0 1 1 standing 
3 825 451 865 554 30725 0 1 0 standing 
3 824 449 864 552 30726 0 1 1 standing 
3 823 448 863 550 30727 0 1 1 standing 
3 822 447 862 548 30728 0 1 1 standing 
3 821 446 861 546 30729 0 1 1 standing 
3 821 445 861 545 30730 0 1 1 standing 
3 820 444 860 543 30731 0 1 1 standing 
3 819 443 859 541 30732 0 1 1 standing 
3 818 442 858 539 30733 0 1 1 standing 
3 817 441 857 537 30734 0 1 1 standing 
3 817 440 857 536 30735 0 1 0 standing 
3 816 440 856 536 30736 0 1 1 standing 
3 815 440 855 536 30737 0 1 1 standing 
3 814 440 854 536 30738 0 1 1 standing 
3 813 440 853 536 30739 0 1 1 standing 
3 812 440 852 536 30740 0 1 1 standing 
3 811 440 851 536 30741 0 1 1 standing 
3 810 440 850 536 30742 0 1 1 standing 
3 809 440 849 536 30743 0 1 1 standing 
3 808 440 848 536 30744 0 1 1 standing 
4 849 435 884 524 30725 0 1 0 standing 
4 847 434 882 523 30726 0 1 1 standing 
4 845 434 880 523 30727 0 1 1 standing 
4 843 433 878 522 30728 0 1 1 standing 
4 841 433 876 522 30729 0 1 1 standing 
4 840 432 875 522 30730 0 1 1 standing 
4 838 432 873 521 30731 0 1 1 standing 
4 836 431 871 521 30732 0 1 1 standing 
4 834 431 869 520 30733 0 1 1 standing 
4 832 430 867 520 30734 0 1 1 standing 
4 831 430 866 520 30735 0 1 0 standing 
4 829 429 864 519 30736 0 1 1 standing 
4 828 429 862 519 30737 0 1 1 standing 
4 827 429 860 519 30738 0 1 1 standing 
4 826 429 858 518 30739 0 1 1 standing 
4 825 429 857 518 30740 0 1 1 standing 
4 824 428 855 518 30741 0 1 1 standing 
4 823 428 853 517 30742 0 1 1 standing 
4 822 428 851 517 30743 0 1 1 standing 
4 821 428 849 517 30744 0 1 1 standing 
5 825 411 875 510 30725 0 1 0 standing 
5 824 411 873 511 30726 0 1 1 standing 
5 823 412 871 512 30727 0 1 1 standing 
5 822 413 870 513 30728 0 1 1 standing 
5 821 414 868 514 30729 0 1 1 standing 
5 821 415 867 515 30730 0 1 1 standing 
5 820 415 865 516 30731 0 1 1 standing 
5 819 416 863 517 30732 0 1 1 standing 
5 818 417 862 518 30733 0 1 1 standing 
5 817 418 860 519 30734 0 1 1 standing 
5 817 419 859 520 30735 0 1 0 standing 
5 816 419 857 520 30736 0 1 1 standing 
5 815 420 856 520 30737 0 1 1 standing 
5 815 420 854 521 30738 0 1 1 standing 
5 814 421 853 521 30739 0 1 1 standing 
5 814 421 852 522 30740 0 1 1 standing 
5 813 422 850 522 30741 0 1 1 standing 
5 812 422 849 522 30742 0 1 1 standing 
5 812 423 847 523 30743 0 1 1 standing 
5 811 423 846 523 30744 0 1 1 standing 
6 182 452 230 551 30725 0 0 0 standing 
6 180 452 227 551 30726 0 0 1 standing 
6 179 452 225 552 30727 0 0 1 standing 
6 178 453 223 552 30728 0 0 1 standing 
6 177 453 220 553 30729 0 0 1 standing 
6 176 454 218 553 30730 0 0 1 standing 
6 175 454 216 554 30731 0 0 1 standing 
6 174 454 213 554 30732 0 0 1 standing 
6 173 455 211 555 30733 0 0 1 standing 
6 172 455 209 555 30734 0 0 1 standing 
6 171 456 207 556 30735 0 0 0 standing 
6 170 456 206 556 30736 0 0 1 standing 
6 170 457 206 557 30737 0 0 1 standing 
6 170 457 206 557 30738 0 0 1 standing 
6 170 458 206 558 30739 0 0 1 standing 
6 170 459 206 558 30740 0 0 1 standing 
6 170 459 206 559 30741 0 0 1 standing 
6 170 460 206 559 30742 0 0 1 standing 
6 170 460 206 560 30743 0 0 1 standing 
6 170 461 206 560 30744 0 0 1 standing 
7 270 450 301 549 30725 0 0 0 standing 
7 269 449 300 548 30726 0 0 1 standing 
7 268 449 299 548 30727 0 0 1 standing 
7 267 448 298 548 30728 0 0 1 standing 
7 267 448 298 547 30729 0 0 1 standing 
7 266 448 297 547 30730 0 0 1 standing 
7 265 447 296 547 30731 0 0 1 standing 
7 265 447 296 546 30732 0 0 1 standing 
7 264 446 295 546 30733 0 0 1 standing 
7 263 446 294 546 30734 0 0 1 standing 
7 263 446 294 546 30735 0 0 0 standing 
7 261 444 293 545 30736 0 0 1 standing 
7 259 443 293 544 30737 0 0 1 standing 
7 257 442 292 543 30738 0 0 1 standing 
7 255 441 292 542 30739 0 0 1 standing 
7 253 440 291 541 30740 0 0 1 standing 
7 251 439 291 540 30741 0 0 1 standing 
7 249 438 290 539 30742 0 0 1 standing 
7 247 437 290 538 30743 0 0 1 standing 
7 245 436 289 537 30744 0 0 1 standing 
8 324 486 366 582 30725 0 0 0 standing 
8 322 485 362 581 30726 0 0 1 standing 
8 320 485 359 581 30727 0 0 1 standing 
8 318 485 356 581 30728 0 0 1 standing 
8 316 485 353 581 30729 0 0 1 standing 
8 314 485 350 581 30730 0 0 1 standing 
8 312 485 346 581 30731 0 0 1 standing 
8 310 485 343 581 30732 0 0 1 standing 
8 308 485 340 581 30733 0 0 1 standing 
8 306 485 337 581 30734 0 0 1 standing 
8 305 485 334 581 30735 0 0 0 standing 
8 302 485 332 581 30736 0 0 1 standing 
8 299 485 330 581 30737 0 0 1 standing 
8 297 485 328 581 30738 0 0 1 standing 
8 294 486 326 581 30739 0 0 1 standing 
8 292 486 324 582 30740 0 0 1 standing 
8 289 486 322 582 30741 0 0 1 standing 
8 286 487 320 582 30742 0 0 1 standing 
8 284 487 318 582 30743 0 0 1 standing 
8 281 487 316 582 30744 0 0 1 standing 
9 383 427 416 523 30725 0 0 0 standing 
9 381 427 415 523 30726 0 0 1 standing 
9 380 427 414 523 30727 0 0 1 standing 
9 379 427 413 523 30728 0 0 1 standing 
9 378 427 412 523 30729 0 0 1 standing 
9 377 427 411 523 30730 0 0 1 standing 
9 376 427 410 523 30731 0 0 1 standing 
9 375 427 409 523 30732 0 0 1 standing 
9 374 427 408 523 30733 0 0 1 standing 
9 373 427 407 523 30734 0 0 1 standing 
9 372 428 406 524 30735 0 0 0 standing 
9 371 428 405 524 30736 0 0 1 standing 
9 371 428 405 524 30737 0 0 1 standing 
9 370 428 404 524 30738 0 0 1 standing 
9 370 428 404 524 30739 0 0 1 standing 
9 369 428 403 524 30740 0 0 1 standing 
9 369 428 403 524 30741 0 0 1 standing 
9 368 428 402 524 30742 0 0 1 standing 
9 368 428 402 524 30743 0 0 1 standing 
9 367 428 401 524 30744 0 0 1 standing 
10 536 434 581 528 30725 0 0 0 standing 
10 535 434 580 528 30726 0 0 1 standing 
10 535 434 579 528 30727 0 0 1 standing 
10 535 434 578 528 30728 0 0 1 standing 
10 534 434 578 528 30729 0 0 1 standing 
10 534 434 577 528 30730 0 0 1 standing 
10 534 434 576 528 30731 0 0 1 standing 
10 533 434 576 528 30732 0 0 1 standing 
10 533 434 575 528 30733 0 0 1 standing 
10 533 434 574 528 30734 0 0 1 standing 
10 533 434 574 528 30735 0 0 0 standing 
10 531 433 571 527 30736 0 0 1 standing 
10 530 433 569 527 30737 0 0 1 standing 
10 528 433 567 527 30738 0 0 1 standing 
10 527 432 564 527 30739 0 0 1 standing 
10 525 432 562 527 30740 0 0 1 standing 
10 524 432 560 526 30741 0 0 1 standing 
10 522 431 557 526 30742 0 0 1 standing 
10 521 431 555 526 30743 0 0 1 standing 
10 519 431 553 526 30744 0 0 1 standing 
11 552 414 587 503 30725 0 0 0 standing 
11 551 414 586 503 30726 0 0 1 standing 
11 551 414 586 503 30727 0 0 1 standing 
11 551 414 586 503 30728 0 0 1 standing 
11 551 414 586 503 30729 0 0 1 standing 
11 551 414 586 503 30730 0 0 1 standing 
11 550 414 585 503 30731 0 0 1 standing 
11 550 414 585 503 30732 0 0 1 standing 
11 550 414 585 503 30733 0 0 1 standing 
11 550 414 585 503 30734 0 0 1 standing 
11 550 414 585 503 30735 0 0 1 standing 
11 549 414 584 503 30736 0 0 1 standing 
11 549 414 584 503 30737 0 0 1 standing 
11 549 414 584 503 30738 0 0 1 standing 
11 549 414 584 503 30739 0 0 1 standing 
11 549 414 584 503 30740 0 0 1 standing 
11 548 414 583 503 30741 0 0 1 standing 
11 548 414 583 503 30742 0 0 1 standing 
11 548 414 583 503 30743 0 0 1 standing 
11 548 414 583 503 30744 0 0 1 standing 
