0 789 366 839 490 79980 0 1 0 setting 
0 778 359 828 487 79981 0 1 1 setting 
0 768 352 817 484 79982 0 1 1 setting 
0 758 346 807 481 79983 0 1 1 setting 
0 747 339 796 478 79984 0 1 1 setting 
0 737 332 785 475 79985 0 1 1 setting 
0 727 326 775 473 79986 0 1 0 setting 
0 720 328 766 472 79987 0 1 1 setting 
0 713 331 758 471 79988 0 1 1 setting 
0 706 334 750 470 79989 0 1 1 setting 
0 699 337 741 469 79990 0 1 1 setting 
0 692 340 733 468 79991 0 1 1 setting 
0 686 343 725 467 79992 0 1 0 setting 
0 683 343 726 464 79993 0 1 1 setting 
0 681 343 727 461 79994 0 1 1 setting 
0 679 343 728 458 79995 0 1 0 setting 
0 680 343 729 455 79996 0 1 1 setting 
0 682 343 731 453 79997 0 1 1 setting 
0 684 343 732 450 79998 0 1 1 setting 
0 686 343 734 448 79999 0 1 1 setting 
1 119 396 173 533 79980 0 0 0 setting 
1 108 396 160 533 79981 0 0 1 standing 
1 97 396 148 533 79982 0 0 1 standing 
1 87 396 136 533 79983 0 0 0 standing 
1 75 394 124 533 79984 0 0 1 standing 
1 63 392 112 534 79985 0 0 1 standing 
1 52 391 101 535 79986 0 0 0 standing 
1 44 388 90 536 79987 0 0 1 standing 
1 36 386 79 537 79988 0 0 1 standing 
1 28 384 68 538 79989 0 0 0 standing 
1 22 383 65 537 79990 0 0 1 standing 
1 17 383 63 536 79991 0 0 1 standing 
1 12 383 61 536 79992 0 0 0 standing 
1 11 383 65 535 79993 0 0 1 standing 
1 11 383 70 535 79994 0 0 1 standing 
1 11 383 75 535 79995 0 0 0 standing 
1 13 383 77 534 79996 0 0 1 standing 
1 15 384 79 534 79997 0 0 1 standing 
1 18 384 82 533 79998 0 0 1 standing 
1 20 385 84 533 79999 0 0 1 standing 
2 263 376 306 486 79980 0 0 0 standing 
2 252 376 295 486 79981 0 0 1 standing 
2 241 376 284 486 79982 0 0 1 standing 
2 231 376 274 486 79983 0 0 0 standing 
2 216 375 259 490 79984 0 0 1 standing 
2 202 375 245 494 79985 0 0 1 standing 
2 188 375 231 498 79986 0 0 0 standing 
2 178 375 221 499 79987 0 0 1 standing 
2 168 375 211 501 79988 0 0 1 standing 
2 158 375 201 503 79989 0 0 0 standing 
2 150 374 195 502 79990 0 0 1 standing 
2 142 373 189 501 79991 0 0 1 standing 
2 134 373 183 501 79992 0 0 0 standing 
2 130 373 179 501 79993 0 0 1 standing 
2 126 373 175 502 79994 0 0 1 standing 
2 122 374 171 503 79995 0 0 0 standing 
2 120 374 169 502 79996 0 0 1 standing 
2 118 375 167 502 79997 0 0 1 standing 
2 117 376 166 502 79998 0 0 1 standing 
2 115 377 164 502 79999 0 0 1 standing 
3 239 451 329 593 79980 0 0 0 standing 
3 225 451 317 594 79981 0 0 1 standing 
3 212 452 305 595 79982 0 0 1 standing 
3 199 453 293 596 79983 0 0 0 standing 
3 188 453 282 596 79984 0 0 1 standing 
3 178 453 272 596 79985 0 0 1 standing 
3 168 453 262 596 79986 0 0 0 standing 
3 158 452 252 595 79987 0 0 1 standing 
3 148 451 242 594 79988 0 0 1 standing 
3 138 451 232 594 79989 0 0 0 standing 
3 131 451 215 594 79990 0 0 1 standing 
3 124 452 198 595 79991 0 0 1 standing 
3 117 453 182 596 79992 0 0 0 standing 
3 113 454 181 597 79993 0 0 1 standing 
3 110 455 181 598 79994 0 0 1 standing 
3 107 456 181 599 79995 0 0 0 standing 
3 103 456 182 599 79996 0 0 1 standing 
3 100 457 184 600 79997 0 0 1 standing 
3 96 457 186 601 79998 0 0 1 standing 
3 93 458 188 602 79999 0 0 1 standing 
4 288 423 341 546 79980 0 0 0 standing 
4 278 422 334 545 79981 0 0 1 standing 
4 268 421 327 544 79982 0 0 1 standing 
4 259 421 321 544 79983 0 0 0 standing 
4 252 418 310 545 79984 0 0 1 standing 
4 245 416 299 546 79985 0 0 1 standing 
4 238 414 288 548 79986 0 0 0 standing 
4 231 413 281 550 79987 0 0 1 standing 
4 224 412 274 552 79988 0 0 1 standing 
4 218 412 267 554 79989 0 0 0 standing 
4 218 415 265 558 79990 0 0 1 standing 
4 219 419 263 562 79991 0 0 1 standing 
4 220 423 262 566 79992 0 0 0 standing 
4 223 423 265 566 79993 0 0 1 standing 
4 226 424 268 567 79994 0 0 1 standing 
4 229 425 271 568 79995 0 0 0 standing 
4 232 426 275 569 79996 0 0 1 standing 
4 236 427 279 570 79997 0 0 1 standing 
4 240 428 283 571 79998 0 0 1 standing 
4 244 429 287 572 79999 0 0 1 standing 
5 352 404 423 529 79980 0 0 0 standing 
5 342 402 414 529 79981 0 0 1 standing 
5 332 400 405 529 79982 0 0 1 standing 
5 322 398 396 530 79983 0 0 0 standing 
5 314 396 386 531 79984 0 0 1 standing 
5 306 395 376 532 79985 0 0 1 standing 
5 298 394 366 533 79986 0 0 0 standing 
5 292 393 355 531 79987 0 0 1 standing 
5 286 392 345 530 79988 0 0 1 standing 
5 280 391 335 529 79989 0 0 0 standing 
5 275 392 329 532 79990 0 0 1 standing 
5 270 393 323 535 79991 0 0 1 standing 
5 265 394 318 538 79992 0 0 0 standing 
5 265 392 318 536 79993 0 0 1 standing 
5 265 391 318 535 79994 0 0 1 standing 
5 265 390 318 534 79995 0 0 0 standing 
5 266 391 319 535 79996 0 0 1 standing 
5 267 392 320 536 79997 0 0 1 standing 
5 268 393 321 537 79998 0 0 1 standing 
5 269 394 322 538 79999 0 0 1 standing 
6 357 371 412 490 79980 0 0 0 standing 
6 346 369 401 490 79981 0 0 1 standing 
6 336 368 390 491 79982 0 0 1 standing 
6 326 367 380 492 79983 0 0 0 standing 
6 316 365 368 491 79984 0 0 1 standing 
6 306 363 356 490 79985 0 0 1 standing 
6 296 361 345 490 79986 0 0 0 standing 
6 288 360 337 489 79987 0 0 1 standing 
6 281 360 330 489 79988 0 0 1 standing 
6 274 360 323 489 79989 0 0 0 standing 
6 268 361 317 490 79990 0 0 1 standing 
6 263 362 312 491 79991 0 0 1 standing 
6 258 363 307 492 79992 0 0 0 standing 
6 259 363 308 492 79993 0 0 1 standing 
6 260 363 309 492 79994 0 0 1 standing 
6 261 363 310 492 79995 0 0 0 standing 
6 264 363 311 492 79996 0 0 1 standing 
6 268 364 312 492 79997 0 0 1 standing 
6 272 364 313 493 79998 0 0 1 standing 
6 276 365 314 493 79999 0 0 1 standing 
7 452 381 534 498 79980 0 0 0 standing 
7 443 379 521 496 79981 0 0 1 standing 
7 435 378 508 495 79982 0 0 1 standing 
7 427 377 496 494 79983 0 0 0 standing 
7 420 377 489 494 79984 0 0 1 standing 
7 414 377 483 494 79985 0 0 1 standing 
7 408 377 477 494 79986 0 0 0 standing 
7 399 378 474 495 79987 0 0 1 standing 
7 390 379 472 496 79988 0 0 1 standing 
7 381 380 470 498 79989 0 0 0 standing 
7 377 380 466 498 79990 0 0 1 standing 
7 373 381 462 499 79991 0 0 1 standing 
7 370 382 459 500 79992 0 0 0 standing 
7 377 383 464 498 79993 0 0 1 standing 
7 385 385 470 496 79994 0 0 1 standing 
7 393 387 476 494 79995 0 0 0 standing 
7 404 385 484 493 79996 0 0 1 standing 
7 415 384 493 493 79997 0 0 1 standing 
7 427 382 502 493 79998 0 0 1 standing 
7 438 381 511 493 79999 0 0 1 standing 
8 459 334 522 489 79980 0 0 0 standing 
8 446 335 510 490 79981 0 0 1 standing 
8 434 336 498 491 79982 0 0 1 standing 
8 422 338 486 492 79983 0 0 0 standing 
8 413 343 477 492 79984 0 0 1 standing 
8 404 348 468 492 79985 0 0 1 standing 
8 396 354 459 493 79986 0 0 0 standing 
8 389 351 452 490 79987 0 0 1 standing 
8 382 349 445 488 79988 0 0 1 standing 
8 376 347 439 486 79989 0 0 0 standing 
8 370 346 433 485 79990 0 0 1 standing 
8 365 345 428 484 79991 0 0 1 standing 
8 360 345 423 484 79992 0 0 0 standing 
8 367 344 430 483 79993 0 0 1 standing 
8 375 343 438 482 79994 0 0 1 standing 
8 383 343 446 482 79995 0 0 0 standing 
8 392 342 457 479 79996 0 0 1 standing 
8 401 341 468 476 79997 0 0 1 standing 
8 410 340 479 473 79998 0 0 1 standing 
8 419 339 490 470 79999 0 0 1 standing 
9 453 338 502 471 79980 0 0 0 standing 
9 445 338 494 471 79981 0 0 1 standing 
9 437 338 486 471 79982 0 0 1 standing 
9 429 338 478 471 79983 0 0 0 standing 
9 422 336 471 469 79984 0 0 1 standing 
9 415 334 464 467 79985 0 0 1 standing 
9 408 333 457 466 79986 0 0 0 standing 
9 400 336 449 470 79987 0 0 1 standing 
9 393 340 442 474 79988 0 0 1 standing 
9 386 344 435 478 79989 0 0 0 standing 
9 383 347 432 481 79990 0 0 1 standing 
9 380 350 429 484 79991 0 0 1 standing 
9 377 353 426 487 79992 0 0 0 standing 
9 381 352 430 486 79993 0 0 1 standing 
9 386 352 435 486 79994 0 0 1 standing 
9 391 352 440 486 79995 0 0 0 standing 
9 392 352 441 486 79996 0 0 1 standing 
9 394 353 443 487 79997 0 0 1 standing 
9 395 354 444 488 79998 0 0 1 standing 
9 397 355 446 489 79999 0 0 1 standing 
10 752 464 837 598 79980 0 0 0 standing 
10 744 461 825 596 79981 0 0 1 standing 
10 736 458 813 595 79982 0 0 1 standing 
10 729 455 801 594 79983 0 0 0 standing 
10 723 453 791 592 79984 0 0 1 standing 
10 718 451 781 590 79985 0 0 1 standing 
10 713 449 771 588 79986 0 0 0 standing 
10 704 448 766 584 79987 0 0 1 standing 
10 695 447 761 580 79988 0 0 1 standing 
10 687 446 756 576 79989 0 0 0 standing 
10 681 446 750 577 79990 0 0 1 standing 
10 675 446 744 579 79991 0 0 1 standing 
10 670 446 738 581 79992 0 0 0 standing 
10 668 446 736 581 79993 0 0 1 standing 
10 666 446 734 581 79994 0 0 1 standing 
10 665 446 733 581 79995 0 0 0 standing 
10 662 444 729 577 79996 0 0 1 standing 
10 660 443 726 573 79997 0 0 1 standing 
10 658 441 722 570 79998 0 0 1 standing 
10 656 440 719 566 79999 0 0 1 standing 
11 1067 443 1139 556 79980 0 0 0 standing 
11 1057 439 1128 554 79981 0 0 1 waiting 
11 1047 436 1117 552 79982 0 0 1 waiting 
11 1038 433 1106 551 79983 0 0 0 waiting 
11 1030 429 1098 544 79984 0 0 1 waiting 
11 1023 426 1091 538 79985 0 0 1 waiting 
11 1016 423 1084 532 79986 0 0 0 waiting 
11 1008 421 1076 529 79987 0 0 1 waiting 
11 1000 420 1068 526 79988 0 0 1 waiting 
11 992 419 1061 523 79989 0 0 0 waiting 
11 985 417 1054 521 79990 0 0 1 waiting 
11 978 415 1047 519 79991 0 0 1 waiting 
11 972 413 1041 517 79992 0 0 0 waiting 
11 968 413 1041 513 79993 0 0 1 waiting 
11 965 413 1041 510 79994 0 0 1 waiting 
11 962 413 1041 507 79995 0 0 0 waiting 
11 962 410 1042 507 79996 0 0 1 waiting 
11 962 407 1043 507 79997 0 0 1 waiting 
11 962 404 1044 507 79998 0 0 1 waiting 
11 962 401 1045 507 79999 0 0 1 waiting 
