0 848 395 907 541 17405 0 1 0 spiking 
0 843 388 905 533 17406 0 1 1 spiking 
0 839 382 904 525 17407 0 1 1 spiking 
0 835 376 902 518 17408 0 1 1 spiking 
0 830 370 901 510 17409 0 1 1 spiking 
0 826 364 899 502 17410 0 1 1 spiking 
0 822 358 898 495 17411 0 1 0 spiking 
0 818 352 897 495 17412 0 1 1 spiking 
0 814 346 896 495 17413 0 1 1 spiking 
0 810 340 895 495 17414 0 1 1 spiking 
0 806 335 895 496 17415 0 1 0 spiking 
0 805 345 890 501 17416 0 1 1 spiking 
0 804 355 886 507 17417 0 1 1 spiking 
0 803 366 881 512 17418 0 1 1 spiking 
0 802 376 877 518 17419 0 1 1 spiking 
0 801 387 873 524 17420 0 1 0 spiking 
0 799 392 868 524 17421 0 1 1 spiking 
0 797 398 864 525 17422 0 1 1 spiking 
0 796 403 860 525 17423 0 1 1 spiking 
0 794 409 856 526 17424 0 1 1 spiking 
1 697 401 737 523 17405 0 1 0 spiking 
1 700 390 741 517 17406 0 1 1 blocking 
1 703 379 746 512 17407 0 1 1 blocking 
1 706 368 751 507 17408 0 1 1 blocking 
1 709 357 756 501 17409 0 1 1 blocking 
1 712 346 761 496 17410 0 1 1 blocking 
1 715 335 766 491 17411 0 1 1 blocking 
1 719 325 771 486 17412 0 1 0 blocking 
1 722 325 771 482 17413 0 1 1 blocking 
1 726 325 771 478 17414 0 1 1 blocking 
1 730 325 771 474 17415 0 1 0 blocking 
1 731 327 772 476 17416 0 1 1 blocking 
1 733 329 774 478 17417 0 1 1 blocking 
1 734 332 775 481 17418 0 1 1 blocking 
1 736 334 777 483 17419 0 1 1 blocking 
1 738 337 779 486 17420 0 1 0 blocking 
1 739 346 780 495 17421 0 1 1 blocking 
1 741 356 782 505 17422 0 1 1 blocking 
1 742 365 783 514 17423 0 1 1 blocking 
1 744 375 785 524 17424 0 1 1 blocking 
2 681 356 734 467 17405 0 1 0 blocking 
2 684 350 737 466 17406 0 1 1 blocking 
2 688 345 741 465 17407 0 1 1 blocking 
2 692 340 745 464 17408 0 1 1 blocking 
2 696 335 748 464 17409 0 1 1 blocking 
2 700 330 752 463 17410 0 1 1 blocking 
2 704 325 756 462 17411 0 1 1 blocking 
2 708 320 760 462 17412 0 1 0 blocking 
2 712 320 764 461 17413 0 1 1 blocking 
2 716 321 769 460 17414 0 1 1 blocking 
2 720 322 774 459 17415 0 1 0 blocking 
2 721 325 774 462 17416 0 1 1 blocking 
2 722 328 775 465 17417 0 1 1 blocking 
2 723 331 776 468 17418 0 1 1 blocking 
2 724 334 777 471 17419 0 1 1 blocking 
2 725 337 778 474 17420 0 1 1 blocking 
2 726 340 779 477 17421 0 1 1 blocking 
2 727 343 780 480 17422 0 1 1 blocking 
2 728 346 781 483 17423 0 1 0 blocking 
2 728 346 781 483 17424 0 1 1 blocking 
3 179 344 237 445 17405 0 0 0 blocking 
3 183 343 241 443 17406 0 0 1 waiting 
3 187 342 246 441 17407 0 0 1 waiting 
3 192 341 251 440 17408 0 0 0 waiting 
3 196 340 255 439 17409 0 0 1 waiting 
3 200 339 259 438 17410 0 0 1 waiting 
3 204 339 263 438 17411 0 0 0 waiting 
3 208 337 266 436 17412 0 0 1 waiting 
3 213 336 269 434 17413 0 0 1 waiting 
3 218 335 273 433 17414 0 0 0 waiting 
3 221 332 275 433 17415 0 0 1 waiting 
3 224 329 277 433 17416 0 0 1 waiting 
3 228 326 280 434 17417 0 0 0 waiting 
3 229 324 283 433 17418 0 0 1 waiting 
3 230 323 286 432 17419 0 0 1 waiting 
3 232 322 290 431 17420 0 0 0 waiting 
3 233 322 292 430 17421 0 0 1 waiting 
3 234 322 295 430 17422 0 0 1 waiting 
3 235 322 298 430 17423 0 0 1 waiting 
3 236 322 301 430 17424 0 0 1 waiting 
4 339 394 410 505 17405 0 0 0 waiting 
4 339 393 412 504 17406 0 0 1 waiting 
4 340 393 415 504 17407 0 0 1 waiting 
4 341 393 418 504 17408 0 0 0 waiting 
4 343 394 421 511 17409 0 0 1 waiting 
4 345 396 425 518 17410 0 0 1 waiting 
4 348 398 429 525 17411 0 0 0 waiting 
4 349 398 430 523 17412 0 0 1 waiting 
4 351 399 431 521 17413 0 0 1 waiting 
4 353 400 433 520 17414 0 0 0 waiting 
4 356 400 439 519 17415 0 0 1 waiting 
4 359 400 445 518 17416 0 0 1 waiting 
4 362 401 451 517 17417 0 0 0 waiting 
4 364 397 455 517 17418 0 0 1 waiting 
4 366 393 459 517 17419 0 0 1 waiting 
4 369 390 464 518 17420 0 0 0 waiting 
4 379 387 470 512 17421 0 0 1 waiting 
4 389 384 476 506 17422 0 0 1 waiting 
4 399 382 482 501 17423 0 0 1 waiting 
4 409 379 488 495 17424 0 0 1 waiting 
5 345 283 426 377 17405 0 0 0 waiting 
5 348 282 428 374 17406 0 0 1 moving 
5 351 281 430 372 17407 0 0 1 moving 
5 354 280 433 370 17408 0 0 0 moving 
5 358 276 430 369 17409 0 0 1 moving 
5 362 273 428 368 17410 0 0 1 moving 
5 366 270 426 367 17411 0 0 0 moving 
5 370 269 430 366 17412 0 0 1 moving 
5 374 268 434 365 17413 0 0 1 moving 
5 378 267 438 364 17414 0 0 0 moving 
5 380 265 439 364 17415 0 0 1 moving 
5 382 264 441 364 17416 0 0 1 moving 
5 384 263 443 364 17417 0 0 0 moving 
5 385 265 446 367 17418 0 0 1 moving 
5 386 267 450 371 17419 0 0 1 moving 
5 388 270 454 375 17420 0 0 0 moving 
5 388 271 453 375 17421 0 0 1 moving 
5 388 273 452 375 17422 0 0 1 moving 
5 388 274 451 375 17423 0 0 1 moving 
5 388 276 450 375 17424 0 0 1 moving 
6 646 302 713 386 17405 0 0 0 moving 
6 646 298 715 386 17406 0 0 1 moving 
6 647 294 717 386 17407 0 0 1 moving 
6 648 290 720 387 17408 0 0 0 moving 
6 647 289 719 386 17409 0 0 1 moving 
6 646 288 718 385 17410 0 0 1 moving 
6 646 288 718 385 17411 0 0 0 moving 
6 646 286 711 383 17412 0 0 1 moving 
6 646 284 704 382 17413 0 0 1 moving 
6 647 282 698 381 17414 0 0 0 moving 
6 642 282 696 381 17415 0 0 1 moving 
6 637 282 694 381 17416 0 0 1 moving 
6 632 283 692 381 17417 0 0 0 moving 
6 634 285 691 384 17418 0 0 1 moving 
6 637 288 690 387 17419 0 0 1 moving 
6 640 291 690 390 17420 0 0 0 moving 
6 638 294 688 393 17421 0 0 1 moving 
6 637 297 686 396 17422 0 0 1 moving 
6 636 300 684 399 17423 0 0 1 moving 
6 635 303 682 402 17424 0 0 1 moving 
7 749 283 825 412 17405 0 0 0 moving 
7 749 288 823 413 17406 0 0 1 standing 
7 749 294 821 414 17407 0 0 1 standing 
7 750 300 820 415 17408 0 0 0 standing 
7 753 302 820 414 17409 0 0 1 standing 
7 757 304 820 413 17410 0 0 1 standing 
7 761 306 820 412 17411 0 0 0 standing 
7 764 305 823 413 17412 0 0 1 standing 
7 768 305 827 415 17413 0 0 1 standing 
7 771 304 830 417 17414 0 0 1 standing 
7 775 304 834 418 17415 0 0 1 standing 
7 778 303 837 420 17416 0 0 1 standing 
7 782 303 841 422 17417 0 0 0 standing 
7 784 305 843 420 17418 0 0 1 standing 
7 787 307 845 418 17419 0 0 1 standing 
7 790 310 848 416 17420 0 0 0 standing 
7 788 314 849 418 17421 0 0 1 standing 
7 787 318 851 420 17422 0 0 1 standing 
7 786 323 853 422 17423 0 0 0 standing 
7 787 324 855 422 17424 0 0 1 standing 
8 852 327 913 432 17405 0 0 0 standing 
8 848 327 912 438 17406 0 0 1 moving 
8 845 327 911 444 17407 0 0 1 moving 
8 842 328 910 450 17408 0 0 0 moving 
8 848 328 909 442 17409 0 0 1 moving 
8 854 329 908 435 17410 0 0 1 moving 
8 861 330 908 428 17411 0 0 0 moving 
8 857 332 905 438 17412 0 0 1 moving 
8 854 334 902 448 17413 0 0 1 moving 
8 851 336 899 459 17414 0 0 0 moving 
8 850 334 898 456 17415 0 0 1 moving 
8 850 332 898 454 17416 0 0 1 moving 
8 850 331 898 452 17417 0 0 0 moving 
8 844 335 895 458 17418 0 0 1 moving 
8 838 340 893 464 17419 0 0 1 moving 
8 833 345 891 471 17420 0 0 0 moving 
8 830 349 888 475 17421 0 0 1 moving 
8 828 353 886 479 17422 0 0 1 moving 
8 826 358 884 484 17423 0 0 0 moving 
8 823 357 884 484 17424 0 0 1 moving 
9 875 273 937 377 17405 0 0 0 moving 
9 885 270 946 375 17406 0 0 1 standing 
9 895 267 955 373 17407 0 0 1 standing 
9 906 265 965 372 17408 0 0 0 standing 
9 916 263 975 370 17409 0 0 1 standing 
9 926 261 985 368 17410 0 0 1 standing 
9 937 260 996 367 17411 0 0 0 standing 
9 946 257 1005 365 17412 0 0 1 standing 
9 955 254 1014 363 17413 0 0 1 standing 
9 964 252 1023 361 17414 0 0 0 standing 
9 972 253 1032 362 17415 0 0 1 standing 
9 980 254 1041 363 17416 0 0 1 standing 
9 989 256 1050 365 17417 0 0 0 standing 
9 995 257 1060 366 17418 0 0 1 standing 
9 1002 259 1070 368 17419 0 0 1 standing 
9 1009 261 1080 370 17420 0 0 0 standing 
9 1013 262 1083 369 17421 0 0 1 standing 
9 1018 264 1087 369 17422 0 0 1 standing 
9 1023 266 1091 369 17423 0 0 0 standing 
9 1026 269 1091 370 17424 0 0 1 standing 
10 919 235 962 336 17405 0 0 0 standing 
10 912 236 959 337 17406 0 0 1 moving 
10 905 238 957 338 17407 0 0 1 moving 
10 898 240 955 340 17408 0 0 0 moving 
10 895 240 955 339 17409 0 0 1 moving 
10 893 240 955 339 17410 0 0 1 moving 
10 891 240 956 339 17411 0 0 0 moving 
10 894 239 959 340 17412 0 0 1 moving 
10 897 238 962 342 17413 0 0 1 moving 
10 900 238 965 344 17414 0 0 0 moving 
10 902 234 964 342 17415 0 0 1 moving 
10 904 230 964 341 17416 0 0 1 moving 
10 907 227 964 340 17417 0 0 0 moving 
10 908 225 964 340 17418 0 0 1 moving 
10 909 223 965 340 17419 0 0 1 moving 
10 910 221 966 340 17420 0 0 0 moving 
10 907 224 965 343 17421 0 0 1 moving 
10 904 228 965 347 17422 0 0 1 moving 
10 901 231 964 350 17423 0 0 1 moving 
10 898 235 964 354 17424 0 0 1 moving 
11 774 500 843 628 17405 0 0 0 moving 
11 791 495 853 622 17406 0 0 1 standing 
11 808 490 864 617 17407 0 0 1 standing 
11 825 485 875 612 17408 0 0 0 standing 
11 831 479 887 610 17409 0 0 1 standing 
11 837 473 899 609 17410 0 0 1 standing 
11 843 468 911 608 17411 0 0 0 standing 
11 851 462 920 602 17412 0 0 1 standing 
11 859 457 929 596 17413 0 0 1 standing 
11 867 452 939 591 17414 0 0 0 standing 
11 880 448 948 587 17415 0 0 1 standing 
11 894 444 958 583 17416 0 0 1 standing 
11 908 441 968 580 17417 0 0 0 standing 
11 917 439 977 577 17418 0 0 1 standing 
11 927 437 986 574 17419 0 0 1 standing 
11 937 435 995 572 17420 0 0 0 standing 
11 942 436 1004 573 17421 0 0 1 standing 
11 947 437 1014 574 17422 0 0 1 standing 
11 952 438 1023 576 17423 0 0 1 standing 
11 957 439 1033 577 17424 0 0 1 standing 
