0 1376 474 1464 652 68670 0 1 0 setting 
0 1374 461 1462 646 68671 0 1 1 setting 
0 1373 449 1461 641 68672 0 1 1 setting 
0 1371 436 1459 636 68673 0 1 1 setting 
0 1370 424 1458 631 68674 0 1 1 setting 
0 1369 412 1456 626 68675 0 1 1 setting 
0 1367 399 1455 621 68676 0 1 1 setting 
0 1366 387 1453 616 68677 0 1 1 setting 
0 1364 374 1452 611 68678 0 1 1 setting 
0 1363 362 1450 606 68679 0 1 1 setting 
0 1362 350 1449 601 68680 0 1 0 setting 
0 1358 347 1448 598 68681 0 1 1 setting 
0 1354 345 1447 595 68682 0 1 1 setting 
0 1350 342 1446 592 68683 0 1 1 setting 
0 1346 340 1445 589 68684 0 1 0 setting 
0 1342 352 1445 594 68685 0 1 1 setting 
0 1338 365 1445 599 68686 0 1 1 setting 
0 1334 377 1445 604 68687 0 1 1 setting 
0 1330 390 1445 609 68688 0 1 1 setting 
0 1326 402 1445 614 68689 0 1 1 setting 
1 1609 302 1697 492 68670 0 1 0 setting 
1 1606 302 1696 490 68671 0 1 1 moving 
1 1603 302 1695 489 68672 0 1 1 moving 
1 1600 303 1695 488 68673 0 1 1 moving 
1 1597 303 1694 486 68674 0 1 1 moving 
1 1594 304 1694 485 68675 0 1 1 moving 
1 1591 304 1693 484 68676 0 1 1 moving 
1 1588 304 1692 482 68677 0 1 1 moving 
1 1585 305 1692 481 68678 0 1 1 moving 
1 1582 305 1691 480 68679 0 1 1 moving 
1 1579 306 1691 479 68680 0 1 0 moving 
1 1569 306 1684 478 68681 0 1 1 moving 
1 1559 307 1677 478 68682 0 1 1 moving 
1 1549 308 1670 477 68683 0 1 1 moving 
1 1540 309 1663 477 68684 0 1 0 moving 
1 1530 310 1650 477 68685 0 1 1 moving 
1 1521 311 1637 477 68686 0 1 1 moving 
1 1511 312 1624 477 68687 0 1 1 moving 
1 1502 313 1611 477 68688 0 1 1 moving 
1 1492 314 1598 477 68689 0 1 1 moving 
2 1250 746 1373 1015 68670 0 0 0 moving 
2 1260 747 1385 1022 68671 0 0 1 moving 
2 1270 749 1397 1030 68672 0 0 1 moving 
2 1281 751 1410 1038 68673 0 0 0 moving 
2 1287 758 1416 1042 68674 0 0 1 moving 
2 1294 765 1422 1047 68675 0 0 1 moving 
2 1301 773 1428 1052 68676 0 0 0 moving 
2 1304 775 1430 1047 68677 0 0 1 moving 
2 1307 777 1433 1043 68678 0 0 1 moving 
2 1311 780 1436 1039 68679 0 0 0 moving 
2 1311 775 1439 1040 68680 0 0 1 moving 
2 1311 770 1442 1042 68681 0 0 1 moving 
2 1311 765 1446 1044 68682 0 0 0 moving 
2 1306 760 1441 1039 68683 0 0 1 moving 
2 1301 755 1436 1034 68684 0 0 1 moving 
2 1297 750 1432 1029 68685 0 0 0 moving 
2 1289 745 1419 1024 68686 0 0 1 moving 
2 1282 740 1407 1019 68687 0 0 1 moving 
2 1275 735 1394 1015 68688 0 0 1 moving 
2 1268 730 1382 1010 68689 0 0 1 moving 
3 1190 572 1347 813 68670 0 0 0 moving 
3 1194 569 1339 815 68671 0 0 1 moving 
3 1199 567 1332 817 68672 0 0 1 moving 
3 1204 565 1325 820 68673 0 0 0 moving 
3 1205 568 1318 822 68674 0 0 1 moving 
3 1207 571 1311 825 68675 0 0 1 moving 
3 1209 575 1304 828 68676 0 0 0 moving 
3 1205 574 1306 829 68677 0 0 1 moving 
3 1202 573 1308 830 68678 0 0 1 moving 
3 1199 572 1310 831 68679 0 0 0 moving 
3 1196 565 1309 829 68680 0 0 1 moving 
3 1193 558 1308 827 68681 0 0 1 moving 
3 1191 552 1308 825 68682 0 0 0 moving 
3 1187 548 1304 819 68683 0 0 1 moving 
3 1183 544 1300 813 68684 0 0 1 moving 
3 1180 540 1297 807 68685 0 0 0 moving 
3 1176 533 1291 800 68686 0 0 1 moving 
3 1172 526 1285 793 68687 0 0 1 moving 
3 1169 519 1280 786 68688 0 0 1 moving 
3 1165 512 1274 779 68689 0 0 1 moving 
4 1166 457 1271 690 68670 0 0 0 moving 
4 1164 461 1264 687 68671 0 0 1 standing 
4 1162 465 1257 684 68672 0 0 1 standing 
4 1160 469 1251 682 68673 0 0 0 standing 
4 1165 469 1256 677 68674 0 0 1 standing 
4 1170 469 1261 672 68675 0 0 1 standing 
4 1176 469 1267 668 68676 0 0 0 standing 
4 1171 465 1262 664 68677 0 0 1 standing 
4 1167 461 1258 660 68678 0 0 1 standing 
4 1163 457 1254 656 68679 0 0 0 standing 
4 1160 450 1251 657 68680 0 0 1 standing 
4 1158 443 1249 659 68681 0 0 1 standing 
4 1156 436 1247 661 68682 0 0 0 standing 
4 1149 436 1247 654 68683 0 0 1 standing 
4 1142 436 1247 647 68684 0 0 1 standing 
4 1136 436 1247 641 68685 0 0 0 standing 
4 1135 433 1246 638 68686 0 0 1 standing 
4 1135 430 1246 635 68687 0 0 1 standing 
4 1135 427 1246 632 68688 0 0 1 standing 
4 1135 424 1246 629 68689 0 0 1 standing 
5 1111 352 1188 525 68670 0 0 0 standing 
5 1116 352 1193 525 68671 0 0 1 standing 
5 1122 353 1199 526 68672 0 0 1 standing 
5 1128 354 1205 527 68673 0 0 0 standing 
5 1135 352 1212 525 68674 0 0 1 standing 
5 1143 351 1220 524 68675 0 0 1 standing 
5 1151 350 1228 523 68676 0 0 0 standing 
5 1156 350 1233 523 68677 0 0 1 standing 
5 1161 350 1238 523 68678 0 0 1 standing 
5 1167 351 1244 524 68679 0 0 0 standing 
5 1173 352 1250 533 68680 0 0 1 standing 
5 1180 353 1256 543 68681 0 0 1 standing 
5 1187 354 1262 553 68682 0 0 0 standing 
5 1191 355 1266 554 68683 0 0 1 standing 
5 1196 356 1271 555 68684 0 0 1 standing 
5 1201 357 1276 556 68685 0 0 0 standing 
5 1206 355 1281 554 68686 0 0 1 standing 
5 1211 353 1286 552 68687 0 0 1 standing 
5 1216 351 1291 550 68688 0 0 1 standing 
5 1221 349 1296 548 68689 0 0 1 standing 
6 298 588 425 823 68670 0 0 0 standing 
6 293 588 414 823 68671 0 0 1 moving 
6 289 589 403 824 68672 0 0 1 moving 
6 285 590 392 825 68673 0 0 0 moving 
6 269 592 387 825 68674 0 0 1 moving 
6 254 594 382 825 68675 0 0 1 moving 
6 239 596 378 825 68676 0 0 0 moving 
6 239 598 380 824 68677 0 0 1 moving 
6 239 600 383 823 68678 0 0 1 moving 
6 239 602 386 823 68679 0 0 0 moving 
6 241 600 375 820 68680 0 0 1 moving 
6 243 598 364 818 68681 0 0 1 moving 
6 245 597 354 816 68682 0 0 0 moving 
6 242 595 345 814 68683 0 0 1 moving 
6 240 594 337 812 68684 0 0 1 moving 
6 238 593 329 810 68685 0 0 0 moving 
6 224 593 327 815 68686 0 0 1 moving 
6 210 594 325 820 68687 0 0 1 moving 
6 197 594 323 825 68688 0 0 1 moving 
6 183 595 321 830 68689 0 0 1 moving 
7 484 401 565 592 68670 0 0 0 moving 
7 484 401 568 585 68671 0 0 1 standing 
7 484 401 571 578 68672 0 0 1 standing 
7 484 402 575 571 68673 0 0 0 standing 
7 490 397 578 570 68674 0 0 1 standing 
7 496 392 581 570 68675 0 0 1 standing 
7 502 387 585 570 68676 0 0 0 standing 
7 502 384 585 570 68677 0 0 1 standing 
7 502 382 585 570 68678 0 0 1 standing 
7 502 380 585 571 68679 0 0 0 standing 
7 500 372 579 563 68680 0 0 1 standing 
7 499 364 573 555 68681 0 0 1 standing 
7 498 356 567 547 68682 0 0 0 standing 
7 495 352 560 542 68683 0 0 1 standing 
7 493 348 553 538 68684 0 0 1 standing 
7 491 345 546 534 68685 0 0 0 standing 
7 480 346 544 533 68686 0 0 1 standing 
7 469 348 542 532 68687 0 0 1 standing 
7 458 350 540 532 68688 0 0 1 standing 
7 447 352 538 531 68689 0 0 1 standing 
8 778 558 875 761 68670 0 0 0 standing 
8 786 556 883 759 68671 0 0 1 waiting 
8 795 554 892 757 68672 0 0 1 waiting 
8 804 552 901 755 68673 0 0 0 waiting 
8 812 553 909 756 68674 0 0 1 waiting 
8 821 555 918 758 68675 0 0 1 waiting 
8 830 557 927 760 68676 0 0 0 waiting 
8 835 556 932 759 68677 0 0 1 waiting 
8 841 556 938 759 68678 0 0 1 waiting 
8 847 556 944 759 68679 0 0 0 waiting 
8 847 552 944 755 68680 0 0 1 waiting 
8 848 548 945 751 68681 0 0 1 waiting 
8 849 544 946 747 68682 0 0 0 waiting 
8 853 544 950 747 68683 0 0 1 waiting 
8 857 544 954 747 68684 0 0 1 waiting 
8 862 544 959 747 68685 0 0 0 waiting 
8 864 547 961 752 68686 0 0 1 waiting 
8 866 550 963 757 68687 0 0 1 waiting 
8 868 554 965 763 68688 0 0 1 waiting 
8 870 557 967 768 68689 0 0 1 waiting 
9 807 431 913 623 68670 0 0 0 waiting 
9 809 431 915 622 68671 0 0 1 standing 
9 811 431 918 622 68672 0 0 1 standing 
9 814 431 921 622 68673 0 0 0 standing 
9 817 430 924 621 68674 0 0 1 standing 
9 820 430 927 621 68675 0 0 1 standing 
9 823 430 930 621 68676 0 0 0 standing 
9 826 431 933 622 68677 0 0 1 standing 
9 830 433 937 624 68678 0 0 1 standing 
9 834 435 941 626 68679 0 0 0 standing 
9 838 435 945 626 68680 0 0 1 standing 
9 842 435 949 626 68681 0 0 1 standing 
9 846 436 953 627 68682 0 0 0 standing 
9 848 440 954 638 68683 0 0 1 standing 
9 850 444 956 650 68684 0 0 1 standing 
9 853 449 958 662 68685 0 0 0 standing 
9 855 446 954 658 68686 0 0 1 standing 
9 857 443 951 654 68687 0 0 1 standing 
9 859 440 947 651 68688 0 0 1 standing 
9 861 437 944 647 68689 0 0 1 standing 
10 783 389 902 578 68670 0 0 0 standing 
10 789 388 908 577 68671 0 0 1 standing 
10 795 388 914 577 68672 0 0 1 standing 
10 802 388 921 577 68673 0 0 0 standing 
10 806 387 925 576 68674 0 0 1 standing 
10 810 387 929 576 68675 0 0 1 standing 
10 815 387 934 576 68676 0 0 0 standing 
10 815 385 934 574 68677 0 0 1 standing 
10 815 383 934 572 68678 0 0 1 standing 
10 815 382 934 571 68679 0 0 0 standing 
10 821 383 940 572 68680 0 0 1 standing 
10 828 385 947 574 68681 0 0 1 standing 
10 835 387 954 576 68682 0 0 0 standing 
10 838 388 957 584 68683 0 0 1 standing 
10 841 389 960 592 68684 0 0 1 standing 
10 844 391 963 600 68685 0 0 0 standing 
10 846 386 959 595 68686 0 0 1 standing 
10 849 382 956 590 68687 0 0 1 standing 
10 852 377 953 585 68688 0 0 1 standing 
10 855 373 950 580 68689 0 0 1 standing 
