0 641 366 698 472 4665 0 1 0 falling 
0 640 365 696 468 4666 0 1 1 falling 
0 640 365 694 464 4667 0 1 1 falling 
0 640 365 692 460 4668 0 1 1 falling 
0 640 364 690 456 4669 0 1 1 falling 
0 640 364 688 452 4670 0 1 1 falling 
0 640 364 687 448 4671 0 1 0 falling 
0 638 361 687 445 4672 0 1 1 falling 
0 636 359 688 442 4673 0 1 1 falling 
0 634 356 688 439 4674 0 1 1 falling 
0 633 354 689 437 4675 0 1 0 falling 
0 633 354 690 436 4676 0 1 1 falling 
0 634 355 691 435 4677 0 1 1 falling 
0 635 356 693 434 4678 0 1 1 falling 
0 636 357 694 433 4679 0 1 1 falling 
0 637 358 696 432 4680 0 1 1 falling 
0 637 358 697 431 4681 0 1 1 falling 
0 638 359 698 430 4682 0 1 1 falling 
0 639 360 700 429 4683 0 1 1 falling 
0 640 361 701 428 4684 0 1 1 falling 
1 786 390 835 523 4665 0 0 0 falling 
1 791 391 840 524 4666 0 0 1 standing 
1 796 392 845 526 4667 0 0 1 standing 
1 801 394 850 528 4668 0 0 0 standing 
1 806 395 855 529 4669 0 0 1 standing 
1 811 397 860 531 4670 0 0 1 standing 
1 816 399 865 533 4671 0 0 0 standing 
1 821 397 872 530 4672 0 0 1 standing 
1 826 395 880 528 4673 0 0 1 standing 
1 831 393 888 526 4674 0 0 0 standing 
1 834 394 894 529 4675 0 0 1 standing 
1 838 396 900 533 4676 0 0 1 standing 
1 842 398 906 537 4677 0 0 0 standing 
1 842 403 914 542 4678 0 0 1 standing 
1 842 408 922 547 4679 0 0 1 standing 
1 842 414 931 553 4680 0 0 0 standing 
1 845 415 933 553 4681 0 0 1 standing 
1 848 417 935 553 4682 0 0 1 standing 
1 851 419 937 554 4683 0 0 1 standing 
1 854 421 939 554 4684 0 0 1 standing 
2 886 309 933 428 4665 0 0 0 standing 
2 890 309 936 428 4666 0 0 1 standing 
2 894 310 939 428 4667 0 0 1 standing 
2 899 311 943 429 4668 0 0 0 standing 
2 902 308 946 427 4669 0 0 1 standing 
2 906 305 949 425 4670 0 0 1 standing 
2 910 302 953 424 4671 0 0 0 standing 
2 913 302 956 424 4672 0 0 1 standing 
2 917 302 960 424 4673 0 0 1 standing 
2 921 302 964 424 4674 0 0 0 standing 
2 924 302 969 427 4675 0 0 1 standing 
2 928 303 975 430 4676 0 0 1 standing 
2 932 304 981 433 4677 0 0 0 standing 
2 934 307 988 434 4678 0 0 1 standing 
2 936 311 995 436 4679 0 0 1 standing 
2 939 315 1002 438 4680 0 0 0 standing 
2 938 316 1005 437 4681 0 0 1 standing 
2 938 318 1009 437 4682 0 0 1 standing 
2 937 319 1013 437 4683 0 0 1 standing 
2 937 321 1017 437 4684 0 0 1 standing 
3 720 338 828 381 4665 0 0 0 standing 
3 724 337 832 381 4666 0 0 1 falling 
3 728 336 836 382 4667 0 0 1 falling 
3 733 335 841 383 4668 0 0 0 falling 
3 737 333 846 383 4669 0 0 1 falling 
3 742 331 851 383 4670 0 0 1 falling 
3 747 329 856 383 4671 0 0 0 falling 
3 751 330 860 384 4672 0 0 1 falling 
3 755 331 864 385 4673 0 0 1 falling 
3 759 332 868 386 4674 0 0 0 falling 
3 763 331 870 385 4675 0 0 1 falling 
3 767 330 873 384 4676 0 0 1 falling 
3 772 329 876 383 4677 0 0 0 falling 
3 777 327 879 382 4678 0 0 1 falling 
3 782 325 882 382 4679 0 0 1 falling 
3 787 323 886 382 4680 0 0 0 falling 
3 792 321 891 381 4681 0 0 1 falling 
3 798 319 896 380 4682 0 0 1 falling 
3 803 317 902 379 4683 0 0 1 falling 
3 809 315 907 378 4684 0 0 1 falling 
4 614 281 659 371 4665 0 0 0 falling 
4 617 282 661 372 4666 0 0 1 standing 
4 620 284 664 373 4667 0 0 1 standing 
4 624 286 667 375 4668 0 0 0 standing 
4 627 287 670 376 4669 0 0 1 standing 
4 631 288 674 377 4670 0 0 1 standing 
4 635 289 678 378 4671 0 0 0 standing 
4 639 289 682 378 4672 0 0 1 standing 
4 643 290 686 379 4673 0 0 1 standing 
4 648 291 691 380 4674 0 0 0 standing 
4 651 289 694 386 4675 0 0 1 standing 
4 654 287 697 393 4676 0 0 1 standing 
4 657 286 701 400 4677 0 0 0 standing 
4 660 285 708 402 4678 0 0 1 standing 
4 663 284 716 404 4679 0 0 1 standing 
4 666 283 724 406 4680 0 0 0 standing 
4 671 282 729 405 4681 0 0 1 standing 
4 676 282 734 405 4682 0 0 1 standing 
4 681 281 740 405 4683 0 0 1 standing 
4 686 281 745 405 4684 0 0 1 standing 
5 500 313 604 351 4665 0 0 0 standing 
5 503 313 604 354 4666 0 0 1 falling 
5 507 313 604 357 4667 0 0 1 falling 
5 511 313 605 360 4668 0 0 0 falling 
5 511 313 609 360 4669 0 0 1 falling 
5 511 313 614 360 4670 0 0 1 falling 
5 511 313 619 360 4671 0 0 0 falling 
5 519 311 623 358 4672 0 0 1 falling 
5 528 309 627 357 4673 0 0 1 falling 
5 537 308 631 356 4674 0 0 0 falling 
5 542 307 636 355 4675 0 0 1 falling 
5 547 306 641 354 4676 0 0 1 falling 
5 552 305 646 353 4677 0 0 0 falling 
5 557 303 651 351 4678 0 0 1 falling 
5 563 301 656 349 4679 0 0 1 falling 
5 569 300 661 348 4680 0 0 0 falling 
5 574 299 666 347 4681 0 0 1 falling 
5 580 299 671 347 4682 0 0 1 falling 
5 586 298 676 346 4683 0 0 1 falling 
5 592 298 681 346 4684 0 0 1 falling 
6 472 299 521 419 4665 0 0 0 falling 
6 480 299 527 418 4666 0 0 1 standing 
6 488 299 533 418 4667 0 0 1 standing 
6 496 299 540 418 4668 0 0 0 standing 
6 499 298 540 417 4669 0 0 1 standing 
6 502 298 540 416 4670 0 0 1 standing 
6 505 298 540 416 4671 0 0 0 standing 
6 510 299 545 417 4672 0 0 1 standing 
6 515 300 550 418 4673 0 0 1 standing 
6 520 301 555 419 4674 0 0 0 standing 
6 525 301 560 419 4675 0 0 1 standing 
6 530 302 565 420 4676 0 0 1 standing 
6 536 303 570 421 4677 0 0 0 standing 
6 537 303 571 421 4678 0 0 1 standing 
6 539 304 573 422 4679 0 0 1 standing 
6 541 305 575 423 4680 0 0 0 standing 
6 545 304 579 423 4681 0 0 1 standing 
6 549 304 583 423 4682 0 0 1 standing 
6 553 304 587 423 4683 0 0 1 standing 
6 557 304 591 423 4684 0 0 1 standing 
7 491 353 538 462 4665 0 0 0 standing 
7 494 353 542 462 4666 0 0 1 standing 
7 498 353 546 462 4667 0 0 1 standing 
7 502 354 551 463 4668 0 0 0 standing 
7 505 352 552 465 4669 0 0 1 standing 
7 508 350 553 467 4670 0 0 1 standing 
7 511 348 554 470 4671 0 0 0 standing 
7 516 348 557 471 4672 0 0 1 standing 
7 521 348 560 473 4673 0 0 1 standing 
7 526 348 563 475 4674 0 0 0 standing 
7 531 347 569 474 4675 0 0 1 standing 
7 536 347 575 474 4676 0 0 1 standing 
7 542 347 581 474 4677 0 0 0 standing 
7 546 347 583 474 4678 0 0 1 standing 
7 551 347 585 474 4679 0 0 1 standing 
7 556 347 588 474 4680 0 0 0 standing 
7 561 347 593 474 4681 0 0 1 standing 
7 567 347 599 474 4682 0 0 1 standing 
7 572 347 604 474 4683 0 0 1 standing 
7 578 347 610 474 4684 0 0 1 standing 
8 434 388 484 506 4665 0 0 0 standing 
8 438 387 497 505 4666 0 0 1 standing 
8 442 386 511 504 4667 0 0 1 standing 
8 446 385 525 504 4668 0 0 0 standing 
8 446 386 523 507 4669 0 0 1 standing 
8 446 387 522 510 4670 0 0 1 standing 
8 447 389 521 513 4671 0 0 0 standing 
8 451 392 528 515 4672 0 0 1 standing 
8 455 395 536 518 4673 0 0 1 standing 
8 460 398 544 521 4674 0 0 0 standing 
8 467 399 554 522 4675 0 0 1 standing 
8 474 401 564 524 4676 0 0 1 standing 
8 481 403 575 526 4677 0 0 0 standing 
8 487 402 578 525 4678 0 0 1 standing 
8 493 401 581 524 4679 0 0 1 standing 
8 500 400 585 523 4680 0 0 0 standing 
8 508 401 588 526 4681 0 0 1 standing 
8 517 403 591 529 4682 0 0 1 standing 
8 526 404 594 533 4683 0 0 1 standing 
8 535 406 597 536 4684 0 0 1 standing 
9 309 303 367 410 4665 0 0 0 standing 
9 305 303 370 409 4666 0 0 1 standing 
9 301 303 373 408 4667 0 0 1 standing 
9 298 304 376 408 4668 0 0 0 standing 
9 302 302 372 407 4669 0 0 1 standing 
9 306 300 368 406 4670 0 0 1 standing 
9 310 298 365 406 4671 0 0 0 standing 
9 310 298 360 405 4672 0 0 1 standing 
9 311 298 355 405 4673 0 0 1 standing 
9 312 298 351 405 4674 0 0 0 standing 
9 309 298 351 405 4675 0 0 1 standing 
9 306 298 351 405 4676 0 0 1 standing 
9 303 298 351 405 4677 0 0 0 standing 
9 302 298 355 405 4678 0 0 1 standing 
9 301 298 359 405 4679 0 0 1 standing 
9 301 298 363 405 4680 0 0 0 standing 
9 305 297 364 403 4681 0 0 1 standing 
9 309 296 365 402 4682 0 0 1 standing 
9 313 296 366 400 4683 0 0 1 standing 
9 317 295 367 399 4684 0 0 1 standing 
10 193 368 247 495 4665 0 0 0 standing 
10 194 365 251 493 4666 0 0 1 standing 
10 195 363 256 491 4667 0 0 1 standing 
10 197 361 261 490 4668 0 0 0 standing 
10 202 361 261 494 4669 0 0 1 standing 
10 207 361 262 498 4670 0 0 1 standing 
10 213 361 263 503 4671 0 0 0 standing 
10 219 364 266 508 4672 0 0 1 standing 
10 225 367 270 513 4673 0 0 1 standing 
10 231 370 274 518 4674 0 0 0 standing 
10 232 371 277 518 4675 0 0 1 standing 
10 234 373 281 518 4676 0 0 1 standing 
10 236 375 285 519 4677 0 0 0 standing 
10 239 377 288 521 4678 0 0 1 standing 
10 242 379 291 523 4679 0 0 1 standing 
10 246 381 295 525 4680 0 0 0 standing 
10 250 381 299 525 4681 0 0 1 standing 
10 254 381 304 525 4682 0 0 1 standing 
10 258 381 308 525 4683 0 0 1 standing 
10 262 381 313 525 4684 0 0 1 standing 
11 101 359 154 484 4665 0 0 0 standing 
11 106 357 158 480 4666 0 0 1 standing 
11 111 356 163 477 4667 0 0 1 standing 
11 116 355 168 474 4668 0 0 0 standing 
11 117 353 172 472 4669 0 0 1 standing 
11 118 352 176 470 4670 0 0 1 standing 
11 120 351 180 469 4671 0 0 0 standing 
11 123 350 185 468 4672 0 0 1 standing 
11 126 349 191 467 4673 0 0 1 standing 
11 129 348 197 466 4674 0 0 0 standing 
11 132 348 202 465 4675 0 0 1 standing 
11 135 348 207 465 4676 0 0 1 standing 
11 139 348 212 465 4677 0 0 0 standing 
11 141 344 206 465 4678 0 0 1 standing 
11 143 341 200 465 4679 0 0 1 standing 
11 146 338 195 465 4680 0 0 0 standing 
11 148 338 197 465 4681 0 0 1 standing 
11 151 338 200 466 4682 0 0 1 standing 
11 154 339 203 467 4683 0 0 1 standing 
11 157 339 206 468 4684 0 0 1 standing 
