0 281 470 338 531 26670 0 1 0 falling 
0 278 472 343 531 26671 0 1 1 falling 
0 275 475 348 531 26672 0 1 1 falling 
0 273 478 353 531 26673 0 1 0 falling 
0 274 480 356 533 26674 0 1 1 falling 
0 275 482 359 535 26675 0 1 1 falling 
0 277 484 362 537 26676 0 1 1 falling 
0 278 486 365 539 26677 0 1 1 falling 
0 280 489 369 542 26678 0 1 0 falling 
0 281 483 369 543 26679 0 1 1 falling 
0 282 477 369 545 26680 0 1 1 falling 
0 283 471 370 547 26681 0 1 0 falling 
0 284 471 376 548 26682 0 1 1 falling 
0 285 471 382 549 26683 0 1 1 falling 
0 287 472 388 551 26684 0 1 0 falling 
0 295 482 388 556 26685 0 1 1 falling 
0 303 493 388 561 26686 0 1 1 falling 
0 311 503 388 566 26687 0 1 1 falling 
0 320 514 389 572 26688 0 1 0 falling 
0 321 521 394 574 26689 0 1 1 falling 
1 426 426 465 513 26670 0 0 0 falling 
1 422 426 461 512 26671 0 0 1 standing 
1 418 426 457 511 26672 0 0 1 standing 
1 414 426 453 510 26673 0 0 1 standing 
1 411 426 449 509 26674 0 0 1 standing 
1 407 426 446 509 26675 0 0 1 standing 
1 403 426 442 508 26676 0 0 1 standing 
1 400 426 438 507 26677 0 0 1 standing 
1 396 426 434 506 26678 0 0 1 standing 
1 392 426 430 505 26679 0 0 1 standing 
1 389 427 427 505 26680 0 0 0 standing 
1 386 426 424 504 26681 0 0 1 standing 
1 383 425 421 504 26682 0 0 1 standing 
1 380 424 418 504 26683 0 0 1 standing 
1 378 423 415 504 26684 0 0 1 standing 
1 375 422 413 504 26685 0 0 1 standing 
1 372 421 410 503 26686 0 0 1 standing 
1 370 420 407 503 26687 0 0 1 standing 
1 367 419 404 503 26688 0 0 1 standing 
1 364 418 401 503 26689 0 0 1 standing 
2 634 517 678 613 26670 0 0 0 standing 
2 626 517 669 614 26671 0 0 1 standing 
2 618 517 660 615 26672 0 0 1 standing 
2 610 517 651 616 26673 0 0 1 standing 
2 602 517 642 617 26674 0 0 1 standing 
2 594 517 633 618 26675 0 0 1 standing 
2 587 517 624 619 26676 0 0 1 standing 
2 579 517 615 620 26677 0 0 1 standing 
2 571 517 606 621 26678 0 0 1 standing 
2 563 517 597 622 26679 0 0 1 standing 
2 555 517 588 623 26680 0 0 1 standing 
2 548 517 579 625 26681 0 0 0 standing 
2 536 519 572 624 26682 0 0 1 standing 
2 525 521 565 624 26683 0 0 1 standing 
2 514 524 558 624 26684 0 0 0 standing 
2 506 524 549 625 26685 0 0 1 standing 
2 498 524 540 626 26686 0 0 1 standing 
2 490 524 531 627 26687 0 0 1 standing 
2 482 525 523 629 26688 0 0 1 standing 
2 474 525 514 630 26689 0 0 1 standing 
3 739 466 774 568 26670 0 0 0 standing 
3 736 465 770 567 26671 0 0 1 standing 
3 733 465 766 567 26672 0 0 1 standing 
3 730 464 763 566 26673 0 0 1 standing 
3 727 464 759 566 26674 0 0 1 standing 
3 724 464 755 565 26675 0 0 1 standing 
3 721 463 752 565 26676 0 0 1 standing 
3 718 463 748 564 26677 0 0 1 standing 
3 716 463 745 564 26678 0 0 0 standing 
3 713 462 742 563 26679 0 0 1 standing 
3 710 461 740 562 26680 0 0 1 standing 
3 708 460 738 561 26681 0 0 1 standing 
3 705 459 736 560 26682 0 0 1 standing 
3 703 458 733 559 26683 0 0 1 standing 
3 700 458 731 558 26684 0 0 1 standing 
3 697 457 729 557 26685 0 0 1 standing 
3 695 456 727 556 26686 0 0 1 standing 
3 692 455 724 555 26687 0 0 1 standing 
3 690 454 722 554 26688 0 0 1 standing 
3 687 453 720 553 26689 0 0 1 standing 
4 812 406 844 496 26670 0 0 0 standing 
4 810 405 842 495 26671 0 0 1 standing 
4 809 405 841 495 26672 0 0 1 standing 
4 808 405 840 495 26673 0 0 1 standing 
4 807 405 839 495 26674 0 0 1 standing 
4 806 405 838 495 26675 0 0 1 standing 
4 804 405 836 495 26676 0 0 1 standing 
4 803 405 835 495 26677 0 0 1 standing 
4 802 405 834 495 26678 0 0 1 standing 
4 801 405 833 495 26679 0 0 1 standing 
4 800 405 832 495 26680 0 0 0 standing 
4 800 404 832 494 26681 0 0 1 standing 
4 800 403 832 493 26682 0 0 1 standing 
4 800 403 832 492 26683 0 0 1 standing 
4 800 402 832 492 26684 0 0 1 standing 
4 801 402 832 491 26685 0 0 1 standing 
4 801 401 832 490 26686 0 0 1 standing 
4 801 400 832 490 26687 0 0 1 standing 
4 801 400 832 489 26688 0 0 1 standing 
4 801 399 832 488 26689 0 0 1 standing 
5 905 418 940 487 26670 0 0 0 standing 
5 897 417 932 489 26671 0 0 1 standing 
5 890 417 924 491 26672 0 0 1 standing 
5 882 417 917 493 26673 0 0 1 standing 
5 875 417 909 495 26674 0 0 1 standing 
5 868 417 902 497 26675 0 0 0 standing 
5 861 417 895 497 26676 0 0 1 standing 
5 854 417 888 497 26677 0 0 1 standing 
5 847 418 881 497 26678 0 0 1 standing 
5 840 418 874 497 26679 0 0 1 standing 
5 833 419 867 497 26680 0 0 0 standing 
5 825 419 859 498 26681 0 0 1 standing 
5 817 419 851 499 26682 0 0 1 standing 
5 810 419 844 501 26683 0 0 1 standing 
5 802 419 836 502 26684 0 0 1 standing 
5 794 419 828 503 26685 0 0 1 standing 
5 787 419 821 505 26686 0 0 1 standing 
5 779 419 813 506 26687 0 0 1 standing 
5 772 420 806 508 26688 0 0 0 standing 
5 763 420 797 508 26689 0 0 1 standing 
6 922 514 959 625 26670 0 0 0 standing 
6 920 511 956 622 26671 0 0 1 standing 
6 918 508 954 619 26672 0 0 1 standing 
6 917 505 952 616 26673 0 0 0 standing 
6 916 502 950 612 26674 0 0 1 standing 
6 916 499 949 609 26675 0 0 1 standing 
6 915 496 948 606 26676 0 0 1 standing 
6 915 493 947 603 26677 0 0 1 standing 
6 914 490 946 600 26678 0 0 1 standing 
6 914 487 945 597 26679 0 0 1 standing 
6 914 484 944 594 26680 0 0 0 standing 
6 914 484 944 594 26681 0 0 1 standing 
6 914 484 944 594 26682 0 0 1 standing 
6 915 484 945 594 26683 0 0 1 standing 
6 915 484 945 594 26684 0 0 1 standing 
6 916 485 946 595 26685 0 0 0 standing 
6 916 484 946 594 26686 0 0 1 standing 
6 917 483 947 593 26687 0 0 1 standing 
6 917 482 947 592 26688 0 0 1 standing 
6 918 481 948 591 26689 0 0 1 standing 
7 423 520 466 606 26670 0 0 0 standing 
7 416 519 459 607 26671 0 0 1 standing 
7 410 518 452 608 26672 0 0 1 standing 
7 403 517 445 610 26673 0 0 1 standing 
7 397 516 438 611 26674 0 0 1 standing 
7 391 516 431 613 26675 0 0 1 standing 
7 384 515 424 614 26676 0 0 1 standing 
7 378 514 417 615 26677 0 0 1 standing 
7 371 513 410 617 26678 0 0 1 standing 
7 365 512 403 618 26679 0 0 1 standing 
7 359 512 396 620 26680 0 0 0 standing 
7 351 514 389 623 26681 0 0 1 standing 
7 344 516 383 626 26682 0 0 1 standing 
7 337 518 376 629 26683 0 0 1 standing 
7 330 521 370 632 26684 0 0 0 standing 
7 323 523 364 632 26685 0 0 1 standing 
7 317 525 359 633 26686 0 0 1 standing 
7 311 527 354 633 26687 0 0 1 standing 
7 305 529 349 634 26688 0 0 1 standing 
7 299 531 344 635 26689 0 0 0 standing 
8 648 508 687 610 26670 0 0 0 standing 
8 643 509 682 610 26671 0 0 1 standing 
8 639 510 677 610 26672 0 0 1 standing 
8 634 511 673 610 26673 0 0 1 standing 
8 630 512 668 610 26674 0 0 1 standing 
8 625 513 664 611 26675 0 0 1 standing 
8 621 514 659 611 26676 0 0 1 standing 
8 616 515 654 611 26677 0 0 1 standing 
8 612 516 650 611 26678 0 0 1 standing 
8 607 517 645 611 26679 0 0 1 standing 
8 603 518 641 612 26680 0 0 0 standing 
8 597 516 635 612 26681 0 0 1 standing 
8 592 515 629 612 26682 0 0 1 standing 
8 586 514 623 612 26683 0 0 1 standing 
8 581 513 617 612 26684 0 0 1 standing 
8 575 512 611 612 26685 0 0 1 standing 
8 570 511 605 612 26686 0 0 1 standing 
8 565 510 600 612 26687 0 0 0 standing 
8 558 510 593 613 26688 0 0 1 standing 
8 552 510 586 614 26689 0 0 1 standing 
9 782 566 829 675 26670 0 0 0 standing 
9 776 564 821 674 26671 0 0 1 standing 
9 770 563 814 674 26672 0 0 1 standing 
9 764 562 807 674 26673 0 0 1 standing 
9 758 561 800 674 26674 0 0 1 standing 
9 752 560 793 674 26675 0 0 1 standing 
9 746 558 785 673 26676 0 0 1 standing 
9 740 557 778 673 26677 0 0 1 standing 
9 734 556 771 673 26678 0 0 1 standing 
9 728 555 764 673 26679 0 0 1 standing 
9 722 554 757 673 26680 0 0 0 standing 
9 716 555 751 674 26681 0 0 1 standing 
9 711 556 746 675 26682 0 0 1 standing 
9 706 558 741 677 26683 0 0 0 standing 
9 701 555 736 674 26684 0 0 1 standing 
9 696 553 731 672 26685 0 0 1 standing 
9 691 550 726 669 26686 0 0 1 standing 
9 687 548 722 667 26687 0 0 0 standing 
9 683 544 718 663 26688 0 0 1 standing 
9 680 540 715 659 26689 0 0 1 standing 
10 847 464 880 559 26670 0 0 0 standing 
10 844 464 877 559 26671 0 0 1 standing 
10 841 464 874 559 26672 0 0 1 standing 
10 838 464 871 559 26673 0 0 1 standing 
10 835 464 868 559 26674 0 0 1 standing 
10 832 464 865 559 26675 0 0 1 standing 
10 829 464 862 559 26676 0 0 1 standing 
10 826 464 859 559 26677 0 0 1 standing 
10 823 464 856 559 26678 0 0 1 standing 
10 820 464 853 559 26679 0 0 1 standing 
10 818 465 850 559 26680 0 0 0 standing 
10 817 465 849 559 26681 0 0 1 standing 
10 817 466 848 559 26682 0 0 1 standing 
10 817 467 848 560 26683 0 0 1 standing 
10 816 468 847 560 26684 0 0 1 standing 
10 816 468 847 560 26685 0 0 1 standing 
10 816 469 846 561 26686 0 0 1 standing 
10 815 470 846 561 26687 0 0 1 standing 
10 815 471 845 561 26688 0 0 1 standing 
10 815 472 845 562 26689 0 0 0 standing 
11 664 520 698 629 26670 0 0 0 standing 
11 660 519 694 628 26671 0 0 1 standing 
11 656 519 690 628 26672 0 0 1 standing 
11 652 519 686 628 26673 0 0 1 standing 
11 648 519 682 628 26674 0 0 1 standing 
11 644 519 678 628 26675 0 0 0 standing 
11 638 517 672 626 26676 0 0 1 standing 
11 633 515 667 624 26677 0 0 1 standing 
11 628 514 662 623 26678 0 0 0 standing 
11 625 514 659 624 26679 0 0 1 standing 
11 623 515 657 626 26680 0 0 1 standing 
11 620 515 655 627 26681 0 0 1 standing 
11 618 516 653 629 26682 0 0 0 standing 
11 615 517 651 627 26683 0 0 1 standing 
11 612 518 649 625 26684 0 0 1 standing 
11 610 520 647 623 26685 0 0 1 standing 
11 607 521 645 621 26686 0 0 1 standing 
11 605 523 643 619 26687 0 0 0 standing 
11 602 522 641 619 26688 0 0 1 standing 
11 599 521 639 619 26689 0 0 1 standing 
