0 800 321 853 450 58380 0 1 0 spiking 
0 802 314 858 443 58381 0 1 1 spiking 
0 804 308 863 437 58382 0 1 1 spiking 
0 806 301 868 430 58383 0 1 1 spiking 
0 808 295 873 424 58384 0 1 0 spiking 
0 811 295 874 424 58385 0 1 1 spiking 
0 814 295 875 424 58386 0 1 1 spiking 
0 817 295 876 424 58387 0 1 1 spiking 
0 820 295 877 424 58388 0 1 1 spiking 
0 823 295 878 424 58389 0 1 1 spiking 
0 826 295 879 425 58390 0 1 0 spiking 
0 829 298 882 429 58391 0 1 1 spiking 
0 833 302 886 433 58392 0 1 1 spiking 
0 837 306 890 437 58393 0 1 1 spiking 
0 840 310 893 441 58394 0 1 1 spiking 
0 844 314 897 445 58395 0 1 1 spiking 
0 848 318 901 449 58396 0 1 1 spiking 
0 851 322 904 453 58397 0 1 1 spiking 
0 855 326 908 457 58398 0 1 1 spiking 
0 859 330 912 461 58399 0 1 1 spiking 
1 589 353 638 471 58380 0 1 0 spiking 
1 595 345 645 468 58381 0 1 1 blocking 
1 602 337 653 466 58382 0 1 1 blocking 
1 609 329 661 463 58383 0 1 1 blocking 
1 616 321 668 461 58384 0 1 1 blocking 
1 623 313 676 458 58385 0 1 1 blocking 
1 629 305 684 456 58386 0 1 1 blocking 
1 636 297 691 453 58387 0 1 1 blocking 
1 643 289 699 451 58388 0 1 1 blocking 
1 650 281 707 448 58389 0 1 1 blocking 
1 657 274 715 446 58390 0 1 0 blocking 
1 660 275 718 448 58391 0 1 1 blocking 
1 664 277 722 450 58392 0 1 1 blocking 
1 668 279 726 452 58393 0 1 1 blocking 
1 671 281 730 454 58394 0 1 1 blocking 
1 675 283 734 456 58395 0 1 1 blocking 
1 679 284 737 458 58396 0 1 1 blocking 
1 682 286 741 460 58397 0 1 1 blocking 
1 686 288 745 462 58398 0 1 1 blocking 
1 690 290 749 464 58399 0 1 1 blocking 
2 578 338 636 457 58380 0 1 0 blocking 
2 585 331 642 454 58381 0 1 1 blocking 
2 593 325 649 452 58382 0 1 1 blocking 
2 601 318 656 450 58383 0 1 1 blocking 
2 609 312 663 447 58384 0 1 1 blocking 
2 617 306 670 445 58385 0 1 1 blocking 
2 625 299 676 443 58386 0 1 1 blocking 
2 633 293 683 440 58387 0 1 1 blocking 
2 641 286 690 438 58388 0 1 1 blocking 
2 649 280 697 436 58389 0 1 1 blocking 
2 657 274 704 434 58390 0 1 0 blocking 
2 657 274 709 434 58391 0 1 1 blocking 
2 658 274 714 434 58392 0 1 1 blocking 
2 658 274 719 434 58393 0 1 1 blocking 
2 659 275 724 435 58394 0 1 1 blocking 
2 659 275 729 435 58395 0 1 1 blocking 
2 660 275 734 435 58396 0 1 1 blocking 
2 660 276 739 436 58397 0 1 1 blocking 
2 661 276 744 436 58398 0 1 1 blocking 
2 661 276 749 436 58399 0 1 1 blocking 
3 684 425 742 486 58380 0 0 0 blocking 
3 690 423 750 486 58381 0 0 1 falling 
3 697 421 758 487 58382 0 0 1 falling 
3 704 419 767 488 58383 0 0 0 falling 
3 705 414 775 490 58384 0 0 1 falling 
3 706 409 783 492 58385 0 0 1 falling 
3 707 405 791 494 58386 0 0 0 falling 
3 713 400 794 492 58387 0 0 1 falling 
3 719 395 797 490 58388 0 0 1 falling 
3 726 391 800 488 58389 0 0 0 falling 
3 731 387 808 488 58390 0 0 1 falling 
3 736 383 816 488 58391 0 0 1 falling 
3 741 379 825 488 58392 0 0 0 falling 
3 748 377 832 487 58393 0 0 1 falling 
3 756 375 839 486 58394 0 0 1 falling 
3 764 373 847 485 58395 0 0 0 falling 
3 772 373 853 487 58396 0 0 1 falling 
3 780 373 859 490 58397 0 0 1 falling 
3 789 374 866 492 58398 0 0 1 falling 
3 797 374 872 495 58399 0 0 1 falling 
4 656 380 721 513 58380 0 0 0 falling 
4 663 378 722 513 58381 0 0 1 standing 
4 670 376 724 513 58382 0 0 1 standing 
4 677 375 726 513 58383 0 0 0 standing 
4 683 374 732 513 58384 0 0 1 standing 
4 689 374 738 513 58385 0 0 1 standing 
4 696 374 745 513 58386 0 0 0 standing 
4 701 373 751 512 58387 0 0 1 standing 
4 706 373 757 511 58388 0 0 1 standing 
4 711 373 764 511 58389 0 0 0 standing 
4 714 374 772 509 58390 0 0 1 standing 
4 717 376 780 507 58391 0 0 1 standing 
4 721 377 788 506 58392 0 0 1 standing 
4 724 379 796 504 58393 0 0 1 standing 
4 727 380 804 502 58394 0 0 1 standing 
4 731 382 813 501 58395 0 0 0 standing 
4 736 382 815 500 58396 0 0 1 standing 
4 741 382 817 499 58397 0 0 1 standing 
4 746 382 819 498 58398 0 0 1 standing 
4 751 382 821 497 58399 0 0 1 standing 
5 781 433 843 605 58380 0 0 0 standing 
5 774 431 842 604 58381 0 0 1 standing 
5 767 430 841 603 58382 0 0 1 standing 
5 761 429 840 603 58383 0 0 0 standing 
5 764 427 838 599 58384 0 0 1 standing 
5 767 425 836 595 58385 0 0 1 standing 
5 771 423 834 591 58386 0 0 0 standing 
5 771 419 834 590 58387 0 0 1 standing 
5 771 416 835 590 58388 0 0 1 standing 
5 772 413 836 590 58389 0 0 0 standing 
5 772 409 837 585 58390 0 0 1 standing 
5 772 406 839 581 58391 0 0 1 standing 
5 772 403 841 577 58392 0 0 0 standing 
5 773 404 844 578 58393 0 0 1 standing 
5 774 406 847 579 58394 0 0 1 standing 
5 776 408 850 581 58395 0 0 0 standing 
5 780 410 853 581 58396 0 0 1 standing 
5 784 412 857 581 58397 0 0 1 standing 
5 788 414 861 581 58398 0 0 1 standing 
5 792 416 865 581 58399 0 0 1 standing 
6 952 374 1054 476 58380 0 0 0 standing 
6 955 374 1041 478 58381 0 0 1 standing 
6 958 374 1028 480 58382 0 0 1 standing 
6 962 374 1016 483 58383 0 0 0 standing 
6 956 373 1018 482 58384 0 0 1 standing 
6 951 373 1021 481 58385 0 0 1 standing 
6 946 373 1024 480 58386 0 0 0 standing 
6 949 371 1020 480 58387 0 0 1 standing 
6 952 369 1016 480 58388 0 0 1 standing 
6 955 368 1012 481 58389 0 0 0 standing 
6 956 367 1011 480 58390 0 0 1 standing 
6 957 366 1011 479 58391 0 0 1 standing 
6 958 365 1011 478 58392 0 0 0 standing 
6 952 368 1008 483 58393 0 0 1 standing 
6 946 371 1005 488 58394 0 0 1 standing 
6 940 374 1003 493 58395 0 0 0 standing 
6 945 376 1006 493 58396 0 0 1 standing 
6 951 378 1010 493 58397 0 0 1 standing 
6 956 380 1013 493 58398 0 0 1 standing 
6 962 382 1017 493 58399 0 0 1 standing 
7 926 398 1016 536 58380 0 0 0 standing 
7 929 398 1010 535 58381 0 0 1 standing 
7 932 398 1005 534 58382 0 0 1 standing 
7 936 399 1000 533 58383 0 0 0 standing 
7 936 398 1000 534 58384 0 0 1 standing 
7 937 398 1001 535 58385 0 0 1 standing 
7 938 398 1002 537 58386 0 0 0 standing 
7 945 397 1006 537 58387 0 0 1 standing 
7 952 396 1010 537 58388 0 0 1 standing 
7 960 395 1014 538 58389 0 0 0 standing 
7 962 393 1018 535 58390 0 0 1 standing 
7 965 391 1022 532 58391 0 0 1 standing 
7 968 390 1027 529 58392 0 0 0 standing 
7 976 390 1031 529 58393 0 0 1 standing 
7 984 390 1036 529 58394 0 0 1 standing 
7 992 390 1041 529 58395 0 0 0 standing 
7 997 392 1046 529 58396 0 0 1 standing 
7 1002 394 1051 529 58397 0 0 1 standing 
7 1007 396 1056 529 58398 0 0 1 standing 
7 1012 398 1061 529 58399 0 0 1 standing 
8 492 406 563 549 58380 0 0 0 standing 
8 488 407 563 550 58381 0 0 1 standing 
8 484 408 563 551 58382 0 0 1 standing 
8 480 409 564 553 58383 0 0 0 standing 
8 482 408 563 552 58384 0 0 1 standing 
8 484 408 563 551 58385 0 0 1 standing 
8 486 408 563 551 58386 0 0 0 standing 
8 492 406 567 549 58387 0 0 1 standing 
8 498 404 572 547 58388 0 0 1 standing 
8 504 403 577 545 58389 0 0 0 standing 
8 506 403 580 539 58390 0 0 1 standing 
8 509 403 583 533 58391 0 0 1 standing 
8 512 403 586 527 58392 0 0 0 standing 
8 515 404 589 527 58393 0 0 1 standing 
8 519 406 593 527 58394 0 0 1 standing 
8 523 408 597 527 58395 0 0 0 standing 
8 527 405 601 526 58396 0 0 1 standing 
8 531 403 605 526 58397 0 0 1 standing 
8 536 400 609 526 58398 0 0 1 standing 
8 540 398 613 526 58399 0 0 1 standing 
9 233 474 327 585 58380 0 0 0 standing 
9 237 475 331 585 58381 0 0 1 waiting 
9 242 476 336 585 58382 0 0 1 waiting 
9 247 478 341 585 58383 0 0 0 waiting 
9 253 479 347 585 58384 0 0 1 waiting 
9 259 480 353 586 58385 0 0 1 waiting 
9 266 482 359 587 58386 0 0 0 waiting 
9 271 480 362 586 58387 0 0 1 waiting 
9 276 479 365 586 58388 0 0 1 waiting 
9 281 478 368 586 58389 0 0 0 waiting 
9 288 477 372 585 58390 0 0 1 waiting 
9 295 476 376 584 58391 0 0 1 waiting 
9 302 476 381 584 58392 0 0 0 waiting 
9 307 474 385 584 58393 0 0 1 waiting 
9 312 472 389 584 58394 0 0 1 waiting 
9 318 470 393 584 58395 0 0 0 waiting 
9 322 467 398 583 58396 0 0 1 waiting 
9 326 464 404 583 58397 0 0 1 waiting 
9 331 461 410 583 58398 0 0 1 waiting 
9 335 458 416 583 58399 0 0 1 waiting 
10 264 353 346 459 58380 0 0 0 waiting 
10 269 353 347 458 58381 0 0 1 waiting 
10 275 353 348 457 58382 0 0 1 waiting 
10 281 353 350 456 58383 0 0 0 waiting 
10 286 352 355 458 58384 0 0 1 waiting 
10 291 351 360 460 58385 0 0 1 waiting 
10 297 351 366 463 58386 0 0 0 waiting 
10 303 350 372 463 58387 0 0 1 waiting 
10 309 350 378 463 58388 0 0 1 waiting 
10 316 350 385 463 58389 0 0 0 waiting 
10 322 349 391 463 58390 0 0 1 waiting 
10 328 349 397 463 58391 0 0 1 waiting 
10 334 349 403 463 58392 0 0 0 waiting 
10 338 349 407 463 58393 0 0 1 waiting 
10 343 349 412 463 58394 0 0 1 waiting 
10 348 349 417 463 58395 0 0 0 waiting 
10 353 347 421 462 58396 0 0 1 waiting 
10 359 345 426 461 58397 0 0 1 waiting 
10 364 344 430 460 58398 0 0 1 waiting 
10 370 342 435 459 58399 0 0 1 waiting 
11 62 414 141 533 58380 0 0 0 waiting 
11 66 414 144 533 58381 0 0 1 waiting 
11 70 414 147 533 58382 0 0 1 waiting 
11 75 415 150 533 58383 0 0 0 waiting 
11 79 413 153 535 58384 0 0 1 waiting 
11 83 412 157 537 58385 0 0 1 waiting 
11 87 411 161 539 58386 0 0 0 waiting 
11 94 407 166 537 58387 0 0 1 waiting 
11 101 403 171 535 58388 0 0 1 waiting 
11 108 400 176 534 58389 0 0 0 waiting 
11 114 398 179 528 58390 0 0 1 waiting 
11 121 396 183 523 58391 0 0 1 waiting 
11 128 394 187 518 58392 0 0 0 waiting 
11 134 394 194 518 58393 0 0 1 waiting 
11 140 394 201 518 58394 0 0 1 waiting 
11 146 394 209 518 58395 0 0 0 waiting 
11 152 391 213 517 58396 0 0 1 waiting 
11 158 389 217 517 58397 0 0 1 waiting 
11 165 387 222 517 58398 0 0 1 waiting 
11 171 385 226 517 58399 0 0 1 waiting 
