0 817 385 900 513 79935 0 1 0 digging 
0 826 381 907 510 79936 0 1 1 digging 
0 835 378 915 507 79937 0 1 1 digging 
0 844 375 923 505 79938 0 1 1 digging 
0 854 371 931 502 79939 0 1 1 digging 
0 863 368 939 500 79940 0 1 1 digging 
0 872 365 946 497 79941 0 1 1 digging 
0 882 361 954 494 79942 0 1 1 digging 
0 891 358 962 492 79943 0 1 1 digging 
0 900 355 970 489 79944 0 1 1 digging 
0 910 352 978 487 79945 0 1 0 digging 
0 915 346 985 484 79946 0 1 1 digging 
0 920 340 993 482 79947 0 1 1 digging 
0 926 334 1000 480 79948 0 1 1 digging 
0 931 328 1008 478 79949 0 1 1 digging 
0 937 323 1016 476 79950 0 1 0 digging 
0 946 328 1023 478 79951 0 1 1 digging 
0 956 334 1031 481 79952 0 1 1 digging 
0 966 340 1038 483 79953 0 1 1 digging 
0 976 346 1046 486 79954 0 1 1 digging 
1 970 393 1052 516 79935 0 0 0 digging 
1 970 391 1055 515 79936 0 0 1 standing 
1 971 390 1058 515 79937 0 0 1 standing 
1 972 389 1061 515 79938 0 0 1 standing 
1 973 387 1064 514 79939 0 0 1 standing 
1 974 386 1068 514 79940 0 0 1 standing 
1 974 385 1071 514 79941 0 0 1 standing 
1 975 383 1074 513 79942 0 0 1 standing 
1 976 382 1077 513 79943 0 0 1 standing 
1 977 381 1080 513 79944 0 0 1 standing 
1 978 380 1084 513 79945 0 0 0 standing 
1 986 379 1088 513 79946 0 0 1 standing 
1 994 379 1093 514 79947 0 0 1 standing 
1 1002 379 1097 515 79948 0 0 1 standing 
1 1011 379 1102 515 79949 0 0 1 standing 
1 1019 379 1106 516 79950 0 0 1 standing 
1 1027 378 1111 517 79951 0 0 1 standing 
1 1036 378 1115 517 79952 0 0 1 standing 
1 1044 378 1120 518 79953 0 0 1 standing 
1 1052 378 1124 519 79954 0 0 1 standing 
2 845 452 946 606 79935 0 0 0 standing 
2 852 453 952 610 79936 0 0 1 moving 
2 860 454 958 614 79937 0 0 1 moving 
2 868 455 964 618 79938 0 0 1 moving 
2 875 456 971 622 79939 0 0 1 moving 
2 883 457 977 626 79940 0 0 1 moving 
2 891 458 983 630 79941 0 0 1 moving 
2 898 459 990 634 79942 0 0 1 moving 
2 906 460 996 638 79943 0 0 1 moving 
2 914 461 1002 642 79944 0 0 1 moving 
2 922 462 1009 647 79945 0 0 0 moving 
2 927 465 1016 650 79946 0 0 1 moving 
2 932 468 1023 653 79947 0 0 1 moving 
2 937 472 1030 656 79948 0 0 1 moving 
2 942 475 1037 660 79949 0 0 1 moving 
2 947 479 1045 663 79950 0 0 1 moving 
2 952 482 1052 666 79951 0 0 1 moving 
2 957 485 1059 670 79952 0 0 1 moving 
2 962 489 1066 673 79953 0 0 1 moving 
2 967 492 1073 676 79954 0 0 1 moving 
3 890 376 945 514 79935 0 0 0 moving 
3 890 376 945 514 79936 0 0 1 standing 
3 890 376 945 515 79937 0 0 1 standing 
3 890 377 945 516 79938 0 0 1 standing 
3 890 377 945 517 79939 0 0 1 standing 
3 890 378 945 518 79940 0 0 1 standing 
3 890 378 945 519 79941 0 0 1 standing 
3 890 379 945 520 79942 0 0 1 standing 
3 890 379 945 521 79943 0 0 1 standing 
3 890 380 945 522 79944 0 0 1 standing 
3 890 380 945 523 79945 0 0 1 standing 
3 890 380 945 523 79946 0 0 1 standing 
3 890 381 945 524 79947 0 0 1 standing 
3 890 381 945 525 79948 0 0 1 standing 
3 890 382 945 526 79949 0 0 1 standing 
3 890 382 945 527 79950 0 0 1 standing 
3 890 383 945 528 79951 0 0 1 standing 
3 890 383 945 529 79952 0 0 1 standing 
3 890 384 945 530 79953 0 0 1 standing 
3 890 384 945 531 79954 0 0 1 standing 
4 758 399 840 559 79935 0 0 0 standing 
4 757 399 838 560 79936 0 0 1 standing 
4 757 399 836 561 79937 0 0 1 standing 
4 756 399 835 562 79938 0 0 1 standing 
4 756 399 833 563 79939 0 0 1 standing 
4 756 400 832 564 79940 0 0 1 standing 
4 755 400 830 565 79941 0 0 1 standing 
4 755 400 828 566 79942 0 0 1 standing 
4 754 400 827 567 79943 0 0 1 standing 
4 754 400 825 568 79944 0 0 1 standing 
4 754 401 824 569 79945 0 0 0 standing 
4 752 400 823 568 79946 0 0 1 standing 
4 750 400 823 568 79947 0 0 1 standing 
4 749 399 823 567 79948 0 0 1 standing 
4 747 399 823 567 79949 0 0 1 standing 
4 746 399 823 566 79950 0 0 1 standing 
4 744 398 823 566 79951 0 0 1 standing 
4 742 398 823 565 79952 0 0 1 standing 
4 741 397 823 565 79953 0 0 1 standing 
4 739 397 823 564 79954 0 0 1 standing 
5 715 337 815 466 79935 0 0 0 standing 
5 721 334 817 463 79936 0 0 1 moving 
5 728 332 819 461 79937 0 0 1 moving 
5 734 330 821 459 79938 0 0 1 moving 
5 741 328 823 457 79939 0 0 1 moving 
5 747 326 826 455 79940 0 0 1 moving 
5 754 324 828 452 79941 0 0 1 moving 
5 760 322 830 450 79942 0 0 1 moving 
5 767 320 832 448 79943 0 0 1 moving 
5 773 318 834 446 79944 0 0 1 moving 
5 780 316 837 444 79945 0 0 0 moving 
5 784 317 841 443 79946 0 0 1 moving 
5 788 318 845 443 79947 0 0 1 moving 
5 792 319 849 443 79948 0 0 1 moving 
5 796 320 853 442 79949 0 0 1 moving 
5 801 321 857 442 79950 0 0 1 moving 
5 805 322 861 442 79951 0 0 1 moving 
5 809 323 865 441 79952 0 0 1 moving 
5 813 324 869 441 79953 0 0 1 moving 
5 817 325 873 441 79954 0 0 1 moving 
6 559 411 609 572 79935 0 0 0 moving 
6 559 411 609 573 79936 0 0 1 standing 
6 559 412 609 574 79937 0 0 1 standing 
6 559 412 609 575 79938 0 0 1 standing 
6 560 413 610 577 79939 0 0 1 standing 
6 560 413 610 578 79940 0 0 1 standing 
6 560 414 610 579 79941 0 0 1 standing 
6 561 414 610 580 79942 0 0 1 standing 
6 561 415 611 582 79943 0 0 1 standing 
6 561 415 611 583 79944 0 0 1 standing 
6 562 416 611 584 79945 0 0 1 standing 
6 562 416 611 585 79946 0 0 1 standing 
6 562 417 612 587 79947 0 0 1 standing 
6 562 417 612 588 79948 0 0 1 standing 
6 563 418 612 589 79949 0 0 1 standing 
6 563 418 612 590 79950 0 0 1 standing 
6 563 419 613 592 79951 0 0 1 standing 
6 564 419 613 593 79952 0 0 1 standing 
6 564 420 613 594 79953 0 0 1 standing 
6 564 420 613 595 79954 0 0 1 standing 
7 608 331 679 453 79935 0 0 0 standing 
7 606 331 676 453 79936 0 0 1 standing 
7 605 331 673 453 79937 0 0 1 standing 
7 604 331 670 453 79938 0 0 1 standing 
7 603 332 667 453 79939 0 0 1 standing 
7 602 332 665 454 79940 0 0 1 standing 
7 601 332 662 454 79941 0 0 1 standing 
7 600 333 659 454 79942 0 0 1 standing 
7 599 333 656 454 79943 0 0 1 standing 
7 598 333 653 454 79944 0 0 1 standing 
7 597 334 651 455 79945 0 0 0 standing 
7 596 335 650 457 79946 0 0 1 standing 
7 595 336 649 459 79947 0 0 1 standing 
7 594 337 648 461 79948 0 0 1 standing 
7 593 338 647 463 79949 0 0 1 standing 
7 592 339 646 465 79950 0 0 1 standing 
7 591 340 645 467 79951 0 0 1 standing 
7 590 341 644 469 79952 0 0 1 standing 
7 589 342 643 471 79953 0 0 1 standing 
7 588 343 642 473 79954 0 0 1 standing 
8 587 314 633 426 79935 0 0 0 standing 
8 581 314 628 426 79936 0 0 1 standing 
8 575 315 623 426 79937 0 0 1 standing 
8 569 315 618 427 79938 0 0 1 standing 
8 563 316 613 427 79939 0 0 1 standing 
8 557 316 609 428 79940 0 0 1 standing 
8 551 317 604 428 79941 0 0 1 standing 
8 545 317 599 428 79942 0 0 1 standing 
8 539 318 594 429 79943 0 0 1 standing 
8 533 318 589 429 79944 0 0 1 standing 
8 528 319 585 430 79945 0 0 0 standing 
8 523 319 580 431 79946 0 0 1 standing 
8 518 319 575 433 79947 0 0 1 standing 
8 513 319 570 435 79948 0 0 1 standing 
8 508 319 565 437 79949 0 0 1 standing 
8 504 320 560 439 79950 0 0 1 standing 
8 499 320 555 440 79951 0 0 1 standing 
8 494 320 550 442 79952 0 0 1 standing 
8 489 320 545 444 79953 0 0 1 standing 
8 484 320 540 446 79954 0 0 1 standing 
9 319 423 378 585 79935 0 0 0 standing 
9 315 423 374 585 79936 0 0 1 standing 
9 311 424 370 586 79937 0 0 1 standing 
9 307 425 366 587 79938 0 0 1 standing 
9 303 426 362 588 79939 0 0 1 standing 
9 299 427 358 589 79940 0 0 1 standing 
9 295 427 354 589 79941 0 0 1 standing 
9 291 428 350 590 79942 0 0 1 standing 
9 287 429 346 591 79943 0 0 1 standing 
9 283 430 342 592 79944 0 0 1 standing 
9 279 431 338 593 79945 0 0 0 standing 
9 276 431 335 593 79946 0 0 1 standing 
9 274 432 333 594 79947 0 0 1 standing 
9 271 432 330 594 79948 0 0 1 standing 
9 269 433 328 595 79949 0 0 1 standing 
9 267 433 326 595 79950 0 0 1 standing 
9 264 434 323 596 79951 0 0 1 standing 
9 262 434 321 596 79952 0 0 1 standing 
9 259 435 318 597 79953 0 0 1 standing 
9 257 435 316 597 79954 0 0 1 standing 
10 164 423 228 547 79935 0 0 0 standing 
10 157 420 220 546 79936 0 0 1 standing 
10 150 418 213 546 79937 0 0 1 standing 
10 143 416 206 546 79938 0 0 1 standing 
10 136 414 199 546 79939 0 0 1 standing 
10 129 412 192 546 79940 0 0 1 standing 
10 122 410 185 545 79941 0 0 1 standing 
10 115 408 178 545 79942 0 0 1 standing 
10 108 406 171 545 79943 0 0 1 standing 
10 101 404 164 545 79944 0 0 1 standing 
10 94 402 157 545 79945 0 0 0 standing 
10 89 401 152 544 79946 0 0 1 standing 
10 84 401 147 544 79947 0 0 1 standing 
10 79 401 142 544 79948 0 0 1 standing 
10 74 401 137 544 79949 0 0 1 standing 
10 70 401 133 544 79950 0 0 1 standing 
10 65 401 128 544 79951 0 0 1 standing 
10 60 401 123 544 79952 0 0 1 standing 
10 55 401 118 544 79953 0 0 1 standing 
10 50 401 113 544 79954 0 0 1 standing 
11 282 337 344 467 79935 0 0 0 standing 
11 278 336 341 467 79936 0 0 1 standing 
11 275 336 338 467 79937 0 0 1 standing 
11 272 335 335 467 79938 0 0 1 standing 
11 268 335 333 467 79939 0 0 1 standing 
11 265 334 330 467 79940 0 0 1 standing 
11 262 334 327 467 79941 0 0 1 standing 
11 258 333 325 467 79942 0 0 1 standing 
11 255 333 322 467 79943 0 0 1 standing 
11 252 332 319 467 79944 0 0 1 standing 
11 249 332 317 468 79945 0 0 0 standing 
11 247 332 315 468 79946 0 0 1 standing 
11 245 333 313 469 79947 0 0 1 standing 
11 244 334 312 470 79948 0 0 1 standing 
11 242 335 310 471 79949 0 0 1 standing 
11 241 336 309 472 79950 0 0 1 standing 
11 239 337 307 473 79951 0 0 1 standing 
11 237 338 305 474 79952 0 0 1 standing 
11 236 339 304 475 79953 0 0 1 standing 
11 234 340 302 476 79954 0 0 1 standing 
