0 908 385 1000 491 51490 0 1 0 setting 
0 904 380 998 489 51491 0 1 1 setting 
0 900 375 996 488 51492 0 1 1 setting 
0 896 371 994 487 51493 0 1 1 setting 
0 892 366 992 485 51494 0 1 1 setting 
0 888 361 990 484 51495 0 1 1 setting 
0 884 357 988 483 51496 0 1 0 setting 
0 877 351 977 483 51497 0 1 1 setting 
0 870 346 966 483 51498 0 1 1 setting 
0 864 341 955 483 51499 0 1 0 setting 
0 857 334 944 482 51500 0 1 1 setting 
0 850 328 934 481 51501 0 1 1 setting 
0 843 322 924 480 51502 0 1 0 setting 
0 832 325 908 478 51503 0 1 1 setting 
0 822 329 892 477 51504 0 1 1 setting 
0 812 332 876 475 51505 0 1 1 setting 
0 802 336 860 474 51506 0 1 0 setting 
0 789 341 853 475 51507 0 1 1 setting 
0 776 347 846 476 51508 0 1 1 setting 
0 763 353 839 477 51509 0 1 1 setting 
1 1006 444 1054 568 51490 0 0 0 setting 
1 1006 440 1056 568 51491 0 0 1 standing 
1 1007 437 1059 568 51492 0 0 1 standing 
1 1008 434 1062 568 51493 0 0 0 standing 
1 1008 430 1062 566 51494 0 0 1 standing 
1 1008 426 1063 565 51495 0 0 1 standing 
1 1009 422 1064 564 51496 0 0 0 standing 
1 1008 420 1063 561 51497 0 0 1 standing 
1 1007 418 1062 558 51498 0 0 1 standing 
1 1007 417 1062 555 51499 0 0 0 standing 
1 1005 417 1066 554 51500 0 0 1 standing 
1 1003 418 1071 554 51501 0 0 1 standing 
1 1001 419 1076 554 51502 0 0 0 standing 
1 993 419 1070 552 51503 0 0 1 standing 
1 986 420 1064 550 51504 0 0 1 standing 
1 979 421 1058 549 51505 0 0 0 standing 
1 968 420 1047 548 51506 0 0 1 standing 
1 957 420 1036 548 51507 0 0 1 standing 
1 946 419 1026 548 51508 0 0 1 standing 
1 935 419 1015 548 51509 0 0 1 standing 
2 855 468 907 588 51490 0 0 0 standing 
2 858 468 909 588 51491 0 0 1 standing 
2 861 468 912 588 51492 0 0 1 standing 
2 864 469 915 589 51493 0 0 0 standing 
2 864 466 914 589 51494 0 0 1 standing 
2 864 464 914 589 51495 0 0 1 standing 
2 864 462 914 589 51496 0 0 0 standing 
2 862 461 912 588 51497 0 0 1 standing 
2 860 460 910 587 51498 0 0 1 standing 
2 858 459 908 586 51499 0 0 0 standing 
2 853 459 905 586 51500 0 0 1 standing 
2 849 460 902 587 51501 0 0 1 standing 
2 845 461 900 588 51502 0 0 0 standing 
2 841 461 899 588 51503 0 0 1 standing 
2 837 462 899 588 51504 0 0 1 standing 
2 833 462 899 589 51505 0 0 1 standing 
2 830 463 899 589 51506 0 0 1 standing 
2 826 463 898 589 51507 0 0 1 standing 
2 822 464 898 590 51508 0 0 1 standing 
2 818 464 898 590 51509 0 0 1 standing 
3 837 351 920 458 51490 0 0 0 standing 
3 838 352 921 457 51491 0 0 1 standing 
3 840 353 922 456 51492 0 0 1 standing 
3 842 354 924 456 51493 0 0 0 standing 
3 842 354 923 455 51494 0 0 1 standing 
3 842 355 922 455 51495 0 0 1 standing 
3 842 356 922 455 51496 0 0 0 standing 
3 840 355 923 455 51497 0 0 1 standing 
3 839 355 924 455 51498 0 0 1 standing 
3 838 355 926 455 51499 0 0 0 standing 
3 833 356 923 458 51500 0 0 1 standing 
3 828 357 920 461 51501 0 0 1 standing 
3 824 358 918 464 51502 0 0 0 standing 
3 823 355 918 463 51503 0 0 1 standing 
3 823 352 918 463 51504 0 0 1 standing 
3 823 349 919 463 51505 0 0 0 standing 
3 833 346 921 462 51506 0 0 1 standing 
3 843 343 923 461 51507 0 0 1 standing 
3 854 341 926 460 51508 0 0 0 standing 
3 853 340 925 460 51509 0 0 1 standing 
4 725 471 788 599 51490 0 0 0 standing 
4 726 474 785 598 51491 0 0 1 standing 
4 727 477 783 598 51492 0 0 1 standing 
4 729 480 781 598 51493 0 0 0 standing 
4 729 477 780 598 51494 0 0 1 standing 
4 729 474 780 598 51495 0 0 1 standing 
4 729 471 780 598 51496 0 0 0 standing 
4 723 471 779 601 51497 0 0 1 standing 
4 717 471 778 604 51498 0 0 1 standing 
4 712 472 778 607 51499 0 0 0 standing 
4 703 474 776 611 51500 0 0 1 standing 
4 694 476 774 615 51501 0 0 1 standing 
4 686 478 772 620 51502 0 0 0 standing 
4 681 481 772 621 51503 0 0 1 standing 
4 676 484 772 623 51504 0 0 1 standing 
4 671 488 772 625 51505 0 0 1 standing 
4 666 491 772 627 51506 0 0 1 standing 
4 661 494 772 629 51507 0 0 1 standing 
4 656 498 772 631 51508 0 0 0 standing 
4 655 498 771 630 51509 0 0 1 standing 
5 697 442 748 533 51490 0 0 0 standing 
5 699 440 750 530 51491 0 0 1 moving 
5 701 439 752 527 51492 0 0 1 moving 
5 703 438 755 524 51493 0 0 0 moving 
5 703 435 755 524 51494 0 0 1 moving 
5 703 432 755 524 51495 0 0 1 moving 
5 703 430 755 524 51496 0 0 0 moving 
5 702 426 760 525 51497 0 0 1 moving 
5 701 422 765 526 51498 0 0 1 moving 
5 700 418 770 528 51499 0 0 0 moving 
5 699 416 769 526 51500 0 0 1 moving 
5 699 414 769 524 51501 0 0 1 moving 
5 699 412 769 522 51502 0 0 0 moving 
5 699 410 762 523 51503 0 0 1 moving 
5 700 409 756 524 51504 0 0 1 moving 
5 701 408 750 525 51505 0 0 0 moving 
5 694 408 747 528 51506 0 0 1 moving 
5 688 408 744 532 51507 0 0 1 moving 
5 682 409 741 536 51508 0 0 0 moving 
5 682 409 741 536 51509 0 0 1 moving 
6 68 405 146 524 51490 0 0 0 moving 
6 73 401 151 520 51491 0 0 1 waiting 
6 78 397 157 516 51492 0 0 1 waiting 
6 83 393 163 512 51493 0 0 0 waiting 
6 91 389 165 508 51494 0 0 1 waiting 
6 100 385 167 504 51495 0 0 1 waiting 
6 109 382 169 500 51496 0 0 0 waiting 
6 112 382 171 498 51497 0 0 1 waiting 
6 115 382 173 496 51498 0 0 1 waiting 
6 119 382 175 495 51499 0 0 0 waiting 
6 115 385 169 496 51500 0 0 1 waiting 
6 111 388 163 497 51501 0 0 1 waiting 
6 108 391 158 498 51502 0 0 0 waiting 
6 103 390 153 497 51503 0 0 1 waiting 
6 99 390 149 497 51504 0 0 1 waiting 
6 95 390 145 497 51505 0 0 0 waiting 
6 89 388 139 496 51506 0 0 1 waiting 
6 83 386 133 495 51507 0 0 1 waiting 
6 77 385 127 494 51508 0 0 1 waiting 
6 71 383 121 493 51509 0 0 1 waiting 
7 313 457 377 589 51490 0 0 0 waiting 
7 317 453 378 588 51491 0 0 1 standing 
7 321 449 379 588 51492 0 0 1 standing 
7 326 446 380 588 51493 0 0 0 standing 
7 326 443 379 587 51494 0 0 1 standing 
7 326 440 378 587 51495 0 0 1 standing 
7 326 437 377 587 51496 0 0 0 standing 
7 327 437 378 587 51497 0 0 1 standing 
7 328 437 379 587 51498 0 0 1 standing 
7 329 437 381 587 51499 0 0 0 standing 
7 325 437 377 587 51500 0 0 1 standing 
7 322 437 373 587 51501 0 0 1 standing 
7 319 437 370 587 51502 0 0 0 standing 
7 313 437 364 587 51503 0 0 1 standing 
7 307 437 358 587 51504 0 0 1 standing 
7 301 438 352 588 51505 0 0 0 standing 
7 290 439 347 587 51506 0 0 1 standing 
7 279 440 343 587 51507 0 0 1 standing 
7 269 441 338 587 51508 0 0 1 standing 
7 258 442 334 587 51509 0 0 1 standing 
8 352 366 442 485 51490 0 0 0 standing 
8 358 365 448 481 51491 0 0 1 moving 
8 364 364 454 478 51492 0 0 1 moving 
8 371 364 461 475 51493 0 0 0 moving 
8 377 364 465 474 51494 0 0 1 moving 
8 384 364 470 474 51495 0 0 1 moving 
8 391 364 475 474 51496 0 0 0 moving 
8 390 363 476 471 51497 0 0 1 moving 
8 390 362 477 468 51498 0 0 1 moving 
8 390 362 478 466 51499 0 0 0 moving 
8 390 362 475 464 51500 0 0 1 moving 
8 390 362 472 462 51501 0 0 1 moving 
8 390 362 469 460 51502 0 0 0 moving 
8 392 362 465 460 51503 0 0 1 moving 
8 395 362 461 461 51504 0 0 1 moving 
8 398 363 457 462 51505 0 0 0 moving 
8 393 360 451 461 51506 0 0 1 moving 
8 388 358 445 460 51507 0 0 1 moving 
8 384 355 439 459 51508 0 0 1 moving 
8 379 353 433 458 51509 0 0 1 moving 
9 459 370 554 477 51490 0 0 0 moving 
9 461 369 558 476 51491 0 0 1 moving 
9 463 369 562 476 51492 0 0 1 moving 
9 466 369 566 476 51493 0 0 0 moving 
9 466 369 566 476 51494 0 0 1 moving 
9 467 369 566 476 51495 0 0 1 moving 
9 468 369 567 476 51496 0 0 0 moving 
9 472 368 566 475 51497 0 0 1 moving 
9 476 368 565 475 51498 0 0 1 moving 
9 480 368 564 475 51499 0 0 1 moving 
9 484 368 563 474 51500 0 0 1 moving 
9 488 368 562 474 51501 0 0 1 moving 
9 492 368 562 474 51502 0 0 0 moving 
9 489 368 559 474 51503 0 0 1 moving 
9 486 368 556 474 51504 0 0 1 moving 
9 484 368 554 474 51505 0 0 0 moving 
9 485 367 555 473 51506 0 0 1 moving 
9 486 366 556 472 51507 0 0 1 moving 
9 487 366 557 471 51508 0 0 1 moving 
9 488 365 558 470 51509 0 0 1 moving 
10 628 415 678 594 51490 0 0 0 moving 
10 628 431 678 597 51491 0 0 1 standing 
10 628 448 678 600 51492 0 0 1 standing 
10 628 465 678 604 51493 0 0 0 standing 
10 628 464 678 604 51494 0 0 1 standing 
10 629 463 679 604 51495 0 0 1 standing 
10 630 462 680 605 51496 0 0 0 standing 
10 624 462 675 604 51497 0 0 1 standing 
10 619 462 671 604 51498 0 0 1 standing 
10 614 462 667 604 51499 0 0 1 standing 
10 609 462 663 604 51500 0 0 1 standing 
10 604 462 658 604 51501 0 0 1 standing 
10 599 462 654 604 51502 0 0 1 standing 
10 594 462 650 604 51503 0 0 1 standing 
10 589 462 646 604 51504 0 0 1 standing 
10 584 462 642 604 51505 0 0 0 standing 
10 579 462 637 604 51506 0 0 1 standing 
10 574 463 632 605 51507 0 0 1 standing 
10 569 464 627 606 51508 0 0 1 standing 
10 564 465 622 607 51509 0 0 1 standing 
11 588 441 682 563 51490 0 0 0 standing 
11 590 445 682 563 51491 0 0 1 standing 
11 592 449 682 563 51492 0 0 1 standing 
11 595 453 682 564 51493 0 0 0 standing 
11 597 464 680 575 51494 0 0 1 standing 
11 599 475 678 587 51495 0 0 1 standing 
11 601 487 676 599 51496 0 0 0 standing 
11 598 483 671 599 51497 0 0 1 standing 
11 595 479 667 599 51498 0 0 1 standing 
11 593 475 663 600 51499 0 0 1 standing 
11 590 471 658 600 51500 0 0 1 standing 
11 587 467 654 600 51501 0 0 1 standing 
11 585 463 650 601 51502 0 0 1 standing 
11 582 459 645 601 51503 0 0 1 standing 
11 579 455 641 601 51504 0 0 1 standing 
11 577 451 637 602 51505 0 0 0 standing 
11 572 449 632 600 51506 0 0 1 standing 
11 567 448 627 599 51507 0 0 1 standing 
11 562 447 622 598 51508 0 0 1 standing 
11 557 446 617 597 51509 0 0 1 standing 
