0 227 428 306 584 43880 0 1 0 standing 
0 221 427 300 583 43881 0 1 1 standing 
0 216 427 294 583 43882 0 1 1 standing 
0 210 427 288 583 43883 0 1 1 standing 
0 205 426 283 582 43884 0 1 1 standing 
0 199 426 277 582 43885 0 1 1 standing 
0 194 426 271 582 43886 0 1 1 standing 
0 188 425 266 581 43887 0 1 1 standing 
0 183 425 260 581 43888 0 1 1 standing 
0 177 425 254 581 43889 0 1 1 standing 
0 172 425 249 581 43890 0 1 0 standing 
0 167 425 244 581 43891 0 1 1 standing 
0 163 426 240 582 43892 0 1 1 standing 
0 158 426 235 583 43893 0 1 1 standing 
0 154 427 231 583 43894 0 1 1 standing 
0 149 428 226 584 43895 0 1 1 standing 
0 145 428 222 585 43896 0 1 1 standing 
0 140 429 217 585 43897 0 1 1 standing 
0 136 429 213 586 43898 0 1 1 standing 
0 131 430 208 587 43899 0 1 1 standing 
1 158 417 245 558 43880 0 1 0 standing 
1 159 416 244 557 43881 0 1 1 standing 
1 160 416 244 557 43882 0 1 1 standing 
1 161 416 244 557 43883 0 1 1 standing 
1 162 416 244 557 43884 0 1 1 standing 
1 163 416 244 557 43885 0 1 1 standing 
1 164 415 244 557 43886 0 1 1 standing 
1 165 415 244 557 43887 0 1 1 standing 
1 166 415 244 557 43888 0 1 1 standing 
1 167 415 244 557 43889 0 1 1 standing 
1 168 415 244 557 43890 0 1 1 standing 
1 169 414 244 556 43891 0 1 1 standing 
1 170 414 244 556 43892 0 1 1 standing 
1 171 414 244 556 43893 0 1 1 standing 
1 172 414 244 556 43894 0 1 1 standing 
1 173 414 244 556 43895 0 1 1 standing 
1 174 413 244 556 43896 0 1 1 standing 
1 175 413 244 556 43897 0 1 1 standing 
1 176 413 244 556 43898 0 1 1 standing 
1 177 413 244 556 43899 0 1 1 standing 
2 188 385 252 507 43880 0 1 0 standing 
2 189 385 253 507 43881 0 1 1 standing 
2 191 386 255 508 43882 0 1 1 standing 
2 192 387 256 509 43883 0 1 1 standing 
2 194 388 258 509 43884 0 1 1 standing 
2 196 389 260 510 43885 0 1 1 standing 
2 197 390 261 511 43886 0 1 1 standing 
2 199 391 263 511 43887 0 1 1 standing 
2 200 392 264 512 43888 0 1 1 standing 
2 202 393 266 513 43889 0 1 1 standing 
2 204 394 268 514 43890 0 1 0 standing 
2 205 394 269 513 43891 0 1 1 standing 
2 206 394 270 513 43892 0 1 1 standing 
2 208 394 272 513 43893 0 1 1 standing 
2 209 394 273 513 43894 0 1 1 standing 
2 211 394 275 513 43895 0 1 1 standing 
2 212 394 276 513 43896 0 1 1 standing 
2 213 394 277 513 43897 0 1 1 standing 
2 215 394 279 513 43898 0 1 1 standing 
2 216 394 280 513 43899 0 1 1 standing 
3 324 419 399 552 43880 0 1 0 standing 
3 322 418 397 551 43881 0 1 1 standing 
3 321 418 396 551 43882 0 1 1 standing 
3 320 418 395 551 43883 0 1 1 standing 
3 318 418 393 551 43884 0 1 1 standing 
3 317 417 392 551 43885 0 1 1 standing 
3 316 417 391 550 43886 0 1 1 standing 
3 314 417 389 550 43887 0 1 1 standing 
3 313 417 388 550 43888 0 1 1 standing 
3 312 416 387 550 43889 0 1 1 standing 
3 311 416 386 550 43890 0 1 1 standing 
3 309 416 384 549 43891 0 1 1 standing 
3 308 416 383 549 43892 0 1 1 standing 
3 307 415 382 549 43893 0 1 1 standing 
3 305 415 380 549 43894 0 1 1 standing 
3 304 415 379 549 43895 0 1 1 standing 
3 303 415 378 548 43896 0 1 1 standing 
3 301 414 376 548 43897 0 1 1 standing 
3 300 414 375 548 43898 0 1 1 standing 
3 299 414 374 548 43899 0 1 1 standing 
4 399 396 459 530 43880 0 1 0 standing 
4 396 394 457 531 43881 0 1 1 standing 
4 394 393 456 532 43882 0 1 1 standing 
4 392 392 455 534 43883 0 1 1 standing 
4 389 391 454 535 43884 0 1 1 standing 
4 387 390 453 537 43885 0 1 1 standing 
4 385 389 451 538 43886 0 1 1 standing 
4 382 388 450 539 43887 0 1 1 standing 
4 380 387 449 541 43888 0 1 1 standing 
4 378 386 448 542 43889 0 1 1 standing 
4 376 385 447 544 43890 0 1 0 standing 
4 373 385 444 544 43891 0 1 1 standing 
4 371 386 442 545 43892 0 1 1 standing 
4 369 386 440 545 43893 0 1 1 standing 
4 367 387 438 546 43894 0 1 1 standing 
4 365 388 436 547 43895 0 1 1 standing 
4 363 388 434 547 43896 0 1 1 standing 
4 361 389 432 548 43897 0 1 1 standing 
4 359 389 430 548 43898 0 1 1 standing 
4 357 390 428 549 43899 0 1 1 standing 
5 395 343 471 491 43880 0 1 0 standing 
5 392 343 468 491 43881 0 1 1 standing 
5 389 343 465 491 43882 0 1 1 standing 
5 386 343 462 491 43883 0 1 1 standing 
5 384 343 460 491 43884 0 1 1 standing 
5 381 343 457 491 43885 0 1 1 standing 
5 378 343 454 491 43886 0 1 1 standing 
5 376 343 452 491 43887 0 1 1 standing 
5 373 343 449 491 43888 0 1 1 standing 
5 370 343 446 491 43889 0 1 1 standing 
5 368 344 444 492 43890 0 1 0 standing 
5 366 345 442 493 43891 0 1 1 standing 
5 365 346 441 494 43892 0 1 1 standing 
5 364 347 440 495 43893 0 1 1 standing 
5 363 348 439 496 43894 0 1 1 standing 
5 362 350 438 498 43895 0 1 1 standing 
5 360 351 436 499 43896 0 1 1 standing 
5 359 352 435 500 43897 0 1 1 standing 
5 358 353 434 501 43898 0 1 1 standing 
5 357 354 433 502 43899 0 1 1 standing 
6 528 445 571 606 43880 0 0 0 standing 
6 529 444 573 605 43881 0 0 1 standing 
6 530 444 576 605 43882 0 0 1 standing 
6 532 443 578 604 43883 0 0 1 standing 
6 533 443 581 604 43884 0 0 1 standing 
6 535 442 583 603 43885 0 0 1 standing 
6 536 442 586 603 43886 0 0 1 standing 
6 537 441 588 602 43887 0 0 1 standing 
6 539 441 591 602 43888 0 0 1 standing 
6 540 440 593 601 43889 0 0 1 standing 
6 542 440 596 601 43890 0 0 0 standing 
6 544 439 598 600 43891 0 0 1 standing 
6 546 439 600 600 43892 0 0 1 standing 
6 549 439 603 600 43893 0 0 1 standing 
6 551 439 605 600 43894 0 0 1 standing 
6 554 439 608 600 43895 0 0 1 standing 
6 556 439 610 600 43896 0 0 1 standing 
6 558 439 612 600 43897 0 0 1 standing 
6 561 439 615 600 43898 0 0 1 standing 
6 563 439 617 600 43899 0 0 1 standing 
7 504 419 557 582 43880 0 0 0 standing 
7 504 419 557 582 43881 0 0 1 standing 
7 505 419 558 582 43882 0 0 1 standing 
7 506 419 559 582 43883 0 0 1 standing 
7 507 419 560 582 43884 0 0 1 standing 
7 508 419 561 583 43885 0 0 1 standing 
7 508 419 561 583 43886 0 0 1 standing 
7 509 419 562 583 43887 0 0 1 standing 
7 510 419 563 583 43888 0 0 1 standing 
7 511 419 564 583 43889 0 0 1 standing 
7 512 420 565 584 43890 0 0 0 standing 
7 512 420 565 584 43891 0 0 1 standing 
7 512 420 565 584 43892 0 0 1 standing 
7 512 420 565 584 43893 0 0 1 standing 
7 512 420 565 584 43894 0 0 1 standing 
7 512 420 565 584 43895 0 0 1 standing 
7 512 420 565 584 43896 0 0 1 standing 
7 512 420 565 584 43897 0 0 1 standing 
7 512 420 565 584 43898 0 0 1 standing 
7 512 420 565 584 43899 0 0 1 standing 
8 613 385 677 493 43880 0 0 0 standing 
8 613 385 677 493 43881 0 0 1 standing 
8 613 385 677 493 43882 0 0 1 standing 
8 613 385 677 493 43883 0 0 1 standing 
8 613 385 677 493 43884 0 0 1 standing 
8 613 385 677 493 43885 0 0 1 standing 
8 613 385 677 493 43886 0 0 1 standing 
8 613 385 677 493 43887 0 0 1 standing 
8 613 385 677 493 43888 0 0 1 standing 
8 613 385 677 493 43889 0 0 1 standing 
8 613 386 677 494 43890 0 0 0 standing 
8 613 384 676 493 43891 0 0 1 standing 
8 613 383 676 493 43892 0 0 1 standing 
8 613 381 676 493 43893 0 0 1 standing 
8 613 380 676 493 43894 0 0 1 standing 
8 613 378 676 493 43895 0 0 1 standing 
8 613 377 676 492 43896 0 0 1 standing 
8 613 375 676 492 43897 0 0 1 standing 
8 613 374 676 492 43898 0 0 1 standing 
8 613 372 676 492 43899 0 0 1 standing 
9 887 470 950 612 43880 0 0 0 standing 
9 887 470 950 612 43881 0 0 1 standing 
9 887 470 950 612 43882 0 0 1 standing 
9 887 470 950 612 43883 0 0 1 standing 
9 887 470 950 612 43884 0 0 1 standing 
9 887 470 950 612 43885 0 0 1 standing 
9 887 470 950 612 43886 0 0 1 standing 
9 887 470 950 612 43887 0 0 1 standing 
9 887 470 950 612 43888 0 0 1 standing 
9 887 470 950 612 43889 0 0 1 standing 
9 887 470 950 612 43890 0 0 1 standing 
9 887 470 950 612 43891 0 0 1 standing 
9 887 470 950 612 43892 0 0 1 standing 
9 887 470 950 612 43893 0 0 1 standing 
9 887 470 950 612 43894 0 0 1 standing 
9 887 470 950 612 43895 0 0 1 standing 
9 887 470 950 612 43896 0 0 1 standing 
9 887 470 950 612 43897 0 0 1 standing 
9 887 470 950 612 43898 0 0 1 standing 
9 887 470 950 612 43899 0 0 1 standing 
10 908 435 985 507 43880 0 0 0 standing 
10 908 434 985 507 43881 0 0 1 falling 
10 908 434 985 507 43882 0 0 1 falling 
10 909 434 986 507 43883 0 0 1 falling 
10 909 434 986 507 43884 0 0 1 falling 
10 910 434 987 507 43885 0 0 1 falling 
10 910 434 987 507 43886 0 0 1 falling 
10 911 434 988 507 43887 0 0 1 falling 
10 911 434 988 507 43888 0 0 1 falling 
10 912 434 989 507 43889 0 0 1 falling 
10 912 434 989 507 43890 0 0 1 falling 
10 912 434 989 507 43891 0 0 1 falling 
10 913 434 990 507 43892 0 0 1 falling 
10 913 434 990 507 43893 0 0 1 falling 
10 914 434 991 507 43894 0 0 1 falling 
10 914 434 991 507 43895 0 0 1 falling 
10 915 434 992 507 43896 0 0 1 falling 
10 915 434 992 507 43897 0 0 1 falling 
10 916 434 993 507 43898 0 0 1 falling 
10 916 434 993 507 43899 0 0 1 falling 
11 987 391 1050 523 43880 0 0 0 falling 
11 989 390 1052 522 43881 0 0 1 standing 
11 991 389 1054 521 43882 0 0 1 standing 
11 993 389 1056 521 43883 0 0 1 standing 
11 996 388 1059 520 43884 0 0 1 standing 
11 998 388 1061 520 43885 0 0 1 standing 
11 1000 387 1063 519 43886 0 0 1 standing 
11 1003 386 1066 518 43887 0 0 1 standing 
11 1005 386 1068 518 43888 0 0 1 standing 
11 1007 385 1070 517 43889 0 0 1 standing 
11 1010 385 1073 517 43890 0 0 0 standing 
11 1010 385 1073 517 43891 0 0 1 standing 
11 1010 385 1073 517 43892 0 0 1 standing 
11 1010 385 1073 517 43893 0 0 1 standing 
11 1010 385 1073 517 43894 0 0 1 standing 
11 1010 385 1073 517 43895 0 0 1 standing 
11 1010 385 1073 517 43896 0 0 1 standing 
11 1010 385 1073 517 43897 0 0 1 standing 
11 1010 385 1073 517 43898 0 0 1 standing 
11 1010 385 1073 517 43899 0 0 1 standing 
