0 776 460 814 544 73240 0 1 0 digging 
0 778 458 815 543 73241 0 1 1 digging 
0 780 456 817 542 73242 0 1 1 digging 
0 782 454 819 541 73243 0 1 1 digging 
0 784 452 820 540 73244 0 1 1 digging 
0 786 450 822 539 73245 0 1 1 digging 
0 788 448 824 538 73246 0 1 1 digging 
0 790 446 825 537 73247 0 1 1 digging 
0 792 444 827 536 73248 0 1 1 digging 
0 795 443 829 535 73249 0 1 0 digging 
0 795 441 830 535 73250 0 1 1 digging 
0 796 439 831 536 73251 0 1 1 digging 
0 796 437 832 537 73252 0 1 1 digging 
0 797 435 833 537 73253 0 1 1 digging 
0 797 433 834 538 73254 0 1 1 digging 
0 798 431 836 539 73255 0 1 0 digging 
0 800 433 838 538 73256 0 1 1 digging 
0 802 435 840 537 73257 0 1 1 digging 
0 805 437 842 537 73258 0 1 1 digging 
0 807 440 845 536 73259 0 1 1 digging 
1 903 523 951 630 73240 0 0 0 digging 
1 904 522 954 629 73241 0 0 1 standing 
1 906 521 957 628 73242 0 0 1 standing 
1 908 520 961 628 73243 0 0 0 standing 
1 910 520 963 628 73244 0 0 1 standing 
1 913 520 966 628 73245 0 0 1 standing 
1 916 520 969 628 73246 0 0 0 standing 
1 918 519 971 627 73247 0 0 1 standing 
1 920 518 973 626 73248 0 0 1 standing 
1 922 517 976 625 73249 0 0 0 standing 
1 922 517 977 625 73250 0 0 1 standing 
1 923 517 979 625 73251 0 0 1 standing 
1 924 518 981 625 73252 0 0 0 standing 
1 918 520 982 624 73253 0 0 1 standing 
1 913 522 984 624 73254 0 0 1 standing 
1 908 524 986 624 73255 0 0 0 standing 
1 908 523 981 623 73256 0 0 1 standing 
1 909 522 977 622 73257 0 0 1 standing 
1 909 521 973 621 73258 0 0 1 standing 
1 910 520 969 620 73259 0 0 1 standing 
2 944 434 997 514 73240 0 0 0 standing 
2 944 434 995 513 73241 0 0 1 standing 
2 944 434 994 513 73242 0 0 1 standing 
2 944 434 993 513 73243 0 0 0 standing 
2 941 434 990 513 73244 0 0 1 standing 
2 938 434 987 513 73245 0 0 1 standing 
2 935 434 984 513 73246 0 0 0 standing 
2 936 434 985 513 73247 0 0 1 standing 
2 937 434 986 513 73248 0 0 1 standing 
2 938 434 987 513 73249 0 0 0 standing 
2 937 433 983 512 73250 0 0 1 standing 
2 937 433 980 512 73251 0 0 1 standing 
2 937 433 976 512 73252 0 0 1 standing 
2 937 433 973 511 73253 0 0 1 standing 
2 937 433 969 511 73254 0 0 1 standing 
2 937 433 966 511 73255 0 0 0 standing 
2 930 432 966 512 73256 0 0 1 standing 
2 923 431 966 513 73257 0 0 1 standing 
2 917 430 966 514 73258 0 0 0 standing 
2 917 430 966 514 73259 0 0 1 standing 
3 808 409 848 505 73240 0 0 0 standing 
3 810 407 849 502 73241 0 0 1 standing 
3 812 405 851 500 73242 0 0 1 standing 
3 814 404 853 498 73243 0 0 0 standing 
3 814 405 856 496 73244 0 0 1 standing 
3 815 407 859 494 73245 0 0 1 standing 
3 816 409 863 493 73246 0 0 0 standing 
3 815 408 866 492 73247 0 0 1 standing 
3 815 408 869 491 73248 0 0 1 standing 
3 815 408 873 491 73249 0 0 0 standing 
3 814 408 871 490 73250 0 0 1 standing 
3 814 408 869 489 73251 0 0 1 standing 
3 813 408 867 489 73252 0 0 1 standing 
3 813 408 865 488 73253 0 0 1 standing 
3 812 408 863 487 73254 0 0 1 standing 
3 812 408 861 487 73255 0 0 0 standing 
3 809 407 856 486 73256 0 0 1 standing 
3 807 406 852 485 73257 0 0 1 standing 
3 804 406 847 484 73258 0 0 1 standing 
3 802 405 843 483 73259 0 0 1 standing 
4 809 388 842 461 73240 0 0 0 standing 
4 813 388 848 460 73241 0 0 1 standing 
4 817 389 854 460 73242 0 0 1 standing 
4 822 390 861 460 73243 0 0 0 standing 
4 825 390 864 460 73244 0 0 1 standing 
4 828 391 867 461 73245 0 0 1 standing 
4 832 392 871 462 73246 0 0 0 standing 
4 835 392 874 462 73247 0 0 1 standing 
4 839 392 878 462 73248 0 0 1 standing 
4 843 392 882 462 73249 0 0 0 standing 
4 845 391 884 461 73250 0 0 1 standing 
4 848 391 887 461 73251 0 0 1 standing 
4 851 391 890 461 73252 0 0 0 standing 
4 853 390 889 460 73253 0 0 1 standing 
4 856 390 889 459 73254 0 0 1 standing 
4 859 390 889 459 73255 0 0 0 standing 
4 860 390 890 459 73256 0 0 1 standing 
4 861 391 892 459 73257 0 0 1 standing 
4 862 391 893 460 73258 0 0 1 standing 
4 863 392 895 460 73259 0 0 1 standing 
5 696 404 729 480 73240 0 0 0 standing 
5 697 403 730 479 73241 0 0 1 standing 
5 698 403 731 478 73242 0 0 1 standing 
5 700 403 733 477 73243 0 0 0 standing 
5 702 403 735 477 73244 0 0 1 standing 
5 705 403 738 477 73245 0 0 1 standing 
5 708 403 741 477 73246 0 0 0 standing 
5 710 401 743 474 73247 0 0 1 standing 
5 712 400 745 471 73248 0 0 1 standing 
5 714 399 747 469 73249 0 0 0 standing 
5 717 399 750 469 73250 0 0 1 standing 
5 720 399 753 469 73251 0 0 1 standing 
5 724 399 757 469 73252 0 0 0 standing 
5 724 399 758 469 73253 0 0 1 standing 
5 724 399 760 470 73254 0 0 1 standing 
5 724 399 761 470 73255 0 0 1 standing 
5 725 399 763 471 73256 0 0 1 standing 
5 725 399 765 471 73257 0 0 1 standing 
5 725 399 766 472 73258 0 0 1 standing 
5 725 399 768 472 73259 0 0 1 standing 
6 614 479 642 583 73240 0 0 0 standing 
6 616 480 645 584 73241 0 0 1 standing 
6 619 481 648 585 73242 0 0 1 standing 
6 622 482 651 586 73243 0 0 0 standing 
6 624 482 653 586 73244 0 0 1 standing 
6 627 482 656 586 73245 0 0 1 standing 
6 630 482 659 586 73246 0 0 0 standing 
6 631 481 661 585 73247 0 0 1 standing 
6 632 480 664 584 73248 0 0 1 standing 
6 634 479 667 583 73249 0 0 0 standing 
6 635 479 668 583 73250 0 0 1 standing 
6 637 479 670 583 73251 0 0 1 standing 
6 639 480 672 584 73252 0 0 0 standing 
6 640 479 673 583 73253 0 0 1 standing 
6 642 478 675 582 73254 0 0 1 standing 
6 644 478 677 582 73255 0 0 0 standing 
6 645 478 677 581 73256 0 0 1 standing 
6 647 478 678 581 73257 0 0 1 standing 
6 648 478 679 581 73258 0 0 1 standing 
6 650 478 680 581 73259 0 0 1 standing 
7 608 438 643 536 73240 0 0 0 standing 
7 611 438 646 536 73241 0 0 1 standing 
7 615 438 650 536 73242 0 0 1 standing 
7 619 438 654 536 73243 0 0 0 standing 
7 620 438 655 536 73244 0 0 1 standing 
7 622 438 657 536 73245 0 0 1 standing 
7 624 438 659 536 73246 0 0 0 standing 
7 626 437 661 535 73247 0 0 1 standing 
7 628 436 663 534 73248 0 0 1 standing 
7 630 435 665 533 73249 0 0 0 standing 
7 631 435 666 533 73250 0 0 1 standing 
7 633 435 668 533 73251 0 0 1 standing 
7 635 436 670 534 73252 0 0 0 standing 
7 635 438 669 534 73253 0 0 1 standing 
7 635 440 669 534 73254 0 0 1 standing 
7 636 443 669 535 73255 0 0 0 standing 
7 638 444 673 538 73256 0 0 1 standing 
7 640 445 677 541 73257 0 0 1 standing 
7 642 447 681 545 73258 0 0 0 standing 
7 642 447 681 545 73259 0 0 1 standing 
8 573 388 613 478 73240 0 0 0 standing 
8 574 388 613 477 73241 0 0 1 standing 
8 575 388 614 477 73242 0 0 1 standing 
8 576 388 615 477 73243 0 0 0 standing 
8 578 388 617 476 73244 0 0 1 standing 
8 580 388 619 476 73245 0 0 1 standing 
8 582 388 622 476 73246 0 0 0 standing 
8 584 388 624 476 73247 0 0 1 standing 
8 586 388 626 476 73248 0 0 1 standing 
8 588 388 628 476 73249 0 0 0 standing 
8 589 387 629 475 73250 0 0 1 standing 
8 590 387 630 475 73251 0 0 1 standing 
8 592 387 632 475 73252 0 0 0 standing 
8 591 386 629 472 73253 0 0 1 standing 
8 591 385 627 470 73254 0 0 1 standing 
8 591 385 625 468 73255 0 0 0 standing 
8 590 385 629 467 73256 0 0 1 standing 
8 589 386 633 467 73257 0 0 1 standing 
8 588 386 637 466 73258 0 0 1 standing 
8 587 387 641 466 73259 0 0 1 standing 
9 350 493 400 601 73240 0 0 0 standing 
9 348 495 401 600 73241 0 0 1 standing 
9 347 497 402 599 73242 0 0 1 standing 
9 346 499 403 598 73243 0 0 0 standing 
9 346 500 405 598 73244 0 0 1 standing 
9 347 501 408 599 73245 0 0 1 standing 
9 348 502 411 600 73246 0 0 0 standing 
9 350 500 408 599 73247 0 0 1 standing 
9 353 498 405 599 73248 0 0 1 standing 
9 356 496 403 599 73249 0 0 0 standing 
9 358 495 405 598 73250 0 0 1 standing 
9 360 494 408 598 73251 0 0 1 standing 
9 362 494 411 598 73252 0 0 0 standing 
9 363 493 410 597 73253 0 0 1 standing 
9 364 493 409 596 73254 0 0 1 standing 
9 366 493 409 596 73255 0 0 0 standing 
9 367 491 411 595 73256 0 0 1 standing 
9 368 490 413 595 73257 0 0 1 standing 
9 369 488 416 594 73258 0 0 1 standing 
9 370 487 418 594 73259 0 0 1 standing 
10 383 386 431 475 73240 0 0 0 standing 
10 383 385 432 473 73241 0 0 1 standing 
10 383 385 433 472 73242 0 0 1 standing 
10 383 385 434 471 73243 0 0 1 standing 
10 383 385 435 470 73244 0 0 1 standing 
10 383 385 436 469 73245 0 0 1 standing 
10 383 385 437 468 73246 0 0 0 standing 
10 384 383 437 468 73247 0 0 1 standing 
10 385 382 438 468 73248 0 0 1 standing 
10 386 381 439 468 73249 0 0 0 standing 
10 388 380 439 468 73250 0 0 1 standing 
10 390 380 440 468 73251 0 0 1 standing 
10 392 380 441 468 73252 0 0 0 standing 
10 393 379 440 468 73253 0 0 1 standing 
10 394 379 440 468 73254 0 0 1 standing 
10 396 379 440 468 73255 0 0 0 standing 
10 395 379 441 467 73256 0 0 1 standing 
10 394 379 442 466 73257 0 0 1 standing 
10 394 380 443 466 73258 0 0 1 standing 
10 393 380 444 465 73259 0 0 1 standing 
11 308 444 342 530 73240 0 0 0 standing 
11 308 445 342 530 73241 0 0 1 standing 
11 308 446 342 531 73242 0 0 1 standing 
11 308 447 342 532 73243 0 0 0 standing 
11 304 448 342 533 73244 0 0 1 standing 
11 300 449 343 534 73245 0 0 1 standing 
11 296 451 344 536 73246 0 0 0 standing 
11 297 450 342 536 73247 0 0 1 standing 
11 299 449 341 536 73248 0 0 1 standing 
11 301 448 340 536 73249 0 0 0 standing 
11 301 447 340 535 73250 0 0 1 standing 
11 302 447 341 535 73251 0 0 1 standing 
11 303 447 342 535 73252 0 0 1 standing 
11 304 447 343 535 73253 0 0 1 standing 
11 305 447 344 535 73254 0 0 1 standing 
11 306 447 345 535 73255 0 0 0 standing 
11 306 449 345 537 73256 0 0 1 standing 
11 306 451 345 539 73257 0 0 1 standing 
11 306 453 345 541 73258 0 0 1 standing 
11 306 455 345 543 73259 0 0 1 standing 
