0 452 525 504 629 73165 0 1 0 digging 
0 452 524 504 628 73166 0 1 1 digging 
0 453 523 505 627 73167 0 1 1 digging 
0 454 523 506 627 73168 0 1 1 digging 
0 455 522 507 626 73169 0 1 1 digging 
0 456 522 508 626 73170 0 1 1 digging 
0 456 521 508 625 73171 0 1 1 digging 
0 457 520 509 624 73172 0 1 1 digging 
0 458 520 510 624 73173 0 1 1 digging 
0 459 519 511 623 73174 0 1 1 digging 
0 460 519 512 623 73175 0 1 0 digging 
0 460 519 512 623 73176 0 1 1 digging 
0 460 519 512 623 73177 0 1 1 digging 
0 460 519 513 623 73178 0 1 1 digging 
0 461 519 513 623 73179 0 1 1 digging 
0 461 519 514 623 73180 0 1 1 digging 
0 461 519 514 623 73181 0 1 1 digging 
0 462 519 514 623 73182 0 1 1 digging 
0 462 519 515 623 73183 0 1 1 digging 
0 462 519 515 623 73184 0 1 1 digging 
1 268 454 332 525 73165 0 0 0 digging 
1 267 453 329 525 73166 0 0 1 falling 
1 266 453 327 526 73167 0 0 1 falling 
1 265 453 324 527 73168 0 0 1 falling 
1 265 453 322 528 73169 0 0 1 falling 
1 264 453 319 529 73170 0 0 1 falling 
1 263 452 317 529 73171 0 0 1 falling 
1 263 452 314 530 73172 0 0 1 falling 
1 262 452 312 531 73173 0 0 1 falling 
1 261 452 309 532 73174 0 0 1 falling 
1 261 452 307 533 73175 0 0 0 falling 
1 258 450 306 532 73176 0 0 1 falling 
1 256 449 306 532 73177 0 0 1 falling 
1 253 447 305 531 73178 0 0 1 falling 
1 251 446 305 531 73179 0 0 1 falling 
1 249 444 304 531 73180 0 0 1 falling 
1 246 443 304 530 73181 0 0 1 falling 
1 244 441 303 530 73182 0 0 1 falling 
1 241 440 303 529 73183 0 0 1 falling 
1 239 438 302 529 73184 0 0 1 falling 
2 504 429 540 516 73165 0 0 0 falling 
2 502 429 540 517 73166 0 0 1 standing 
2 501 430 540 518 73167 0 0 1 standing 
2 500 431 541 519 73168 0 0 1 standing 
2 498 432 541 520 73169 0 0 1 standing 
2 497 433 542 521 73170 0 0 1 standing 
2 496 433 542 522 73171 0 0 1 standing 
2 494 434 542 523 73172 0 0 1 standing 
2 493 435 543 524 73173 0 0 1 standing 
2 492 436 543 525 73174 0 0 1 standing 
2 491 437 544 526 73175 0 0 0 standing 
2 491 436 543 526 73176 0 0 1 standing 
2 491 436 542 527 73177 0 0 1 standing 
2 492 436 542 528 73178 0 0 1 standing 
2 492 436 541 528 73179 0 0 1 standing 
2 493 436 541 529 73180 0 0 1 standing 
2 493 436 540 530 73181 0 0 1 standing 
2 493 436 539 530 73182 0 0 1 standing 
2 494 436 539 531 73183 0 0 1 standing 
2 494 436 538 532 73184 0 0 1 standing 
3 634 484 672 591 73165 0 0 0 standing 
3 635 482 673 590 73166 0 0 1 standing 
3 637 481 675 589 73167 0 0 1 standing 
3 638 480 677 588 73168 0 0 1 standing 
3 640 479 678 587 73169 0 0 1 standing 
3 642 478 680 586 73170 0 0 1 standing 
3 643 477 682 585 73171 0 0 1 standing 
3 645 476 683 584 73172 0 0 1 standing 
3 646 475 685 583 73173 0 0 1 standing 
3 648 474 687 582 73174 0 0 1 standing 
3 650 473 689 582 73175 0 0 0 standing 
3 650 473 692 581 73176 0 0 1 standing 
3 650 473 696 581 73177 0 0 1 standing 
3 650 473 699 581 73178 0 0 1 standing 
3 650 473 703 581 73179 0 0 0 standing 
3 650 473 703 581 73180 0 0 1 standing 
3 650 473 704 581 73181 0 0 1 standing 
3 650 473 705 581 73182 0 0 1 standing 
3 650 473 705 581 73183 0 0 1 standing 
3 650 473 706 581 73184 0 0 1 standing 
4 789 404 827 487 73165 0 0 0 standing 
4 784 403 824 486 73166 0 0 1 standing 
4 780 403 821 486 73167 0 0 1 standing 
4 776 402 818 485 73168 0 0 1 standing 
4 771 402 815 485 73169 0 0 1 standing 
4 767 402 812 484 73170 0 0 1 standing 
4 763 401 809 484 73171 0 0 1 standing 
4 758 401 806 483 73172 0 0 1 standing 
4 754 400 803 483 73173 0 0 1 standing 
4 750 400 800 482 73174 0 0 1 standing 
4 746 400 797 482 73175 0 0 0 standing 
4 738 400 791 481 73176 0 0 1 standing 
4 731 401 785 481 73177 0 0 1 standing 
4 723 402 779 481 73178 0 0 1 standing 
4 716 403 774 481 73179 0 0 1 standing 
4 708 404 768 481 73180 0 0 1 standing 
4 701 404 762 481 73181 0 0 1 standing 
4 693 405 757 481 73182 0 0 1 standing 
4 686 406 751 481 73183 0 0 1 standing 
4 678 407 745 481 73184 0 0 1 standing 
5 865 483 912 587 73165 0 0 0 standing 
5 864 481 911 585 73166 0 0 1 standing 
5 863 479 910 583 73167 0 0 1 standing 
5 862 478 909 582 73168 0 0 1 standing 
5 861 476 908 580 73169 0 0 1 standing 
5 860 475 907 579 73170 0 0 1 standing 
5 859 473 906 577 73171 0 0 1 standing 
5 858 471 905 575 73172 0 0 1 standing 
5 857 470 904 574 73173 0 0 1 standing 
5 856 468 903 572 73174 0 0 1 standing 
5 855 467 902 571 73175 0 0 0 standing 
5 852 466 899 570 73176 0 0 1 standing 
5 849 465 896 569 73177 0 0 1 standing 
5 846 464 893 568 73178 0 0 1 standing 
5 843 464 890 568 73179 0 0 1 standing 
5 841 463 888 567 73180 0 0 1 standing 
5 838 462 885 566 73181 0 0 1 standing 
5 835 462 882 566 73182 0 0 1 standing 
5 832 461 879 565 73183 0 0 1 standing 
5 829 460 876 564 73184 0 0 1 standing 
6 356 490 387 591 73165 0 0 0 standing 
6 353 489 384 590 73166 0 0 1 standing 
6 351 489 382 590 73167 0 0 1 standing 
6 349 489 380 590 73168 0 0 1 standing 
6 347 489 378 590 73169 0 0 1 standing 
6 345 489 376 590 73170 0 0 1 standing 
6 342 489 373 590 73171 0 0 1 standing 
6 340 489 371 590 73172 0 0 1 standing 
6 338 489 369 590 73173 0 0 1 standing 
6 336 489 367 590 73174 0 0 1 standing 
6 334 489 365 590 73175 0 0 0 standing 
6 331 489 362 590 73176 0 0 1 standing 
6 328 490 360 590 73177 0 0 1 standing 
6 325 491 357 590 73178 0 0 1 standing 
6 322 491 355 590 73179 0 0 1 standing 
6 319 492 353 590 73180 0 0 1 standing 
6 316 493 350 590 73181 0 0 1 standing 
6 313 493 348 590 73182 0 0 1 standing 
6 310 494 345 590 73183 0 0 1 standing 
6 307 495 343 590 73184 0 0 1 standing 
7 380 406 419 499 73165 0 0 0 standing 
7 379 406 418 499 73166 0 0 1 standing 
7 378 406 418 499 73167 0 0 1 standing 
7 377 406 418 499 73168 0 0 1 standing 
7 376 406 418 499 73169 0 0 1 standing 
7 375 406 418 499 73170 0 0 1 standing 
7 374 406 417 499 73171 0 0 1 standing 
7 373 406 417 499 73172 0 0 1 standing 
7 372 406 417 499 73173 0 0 1 standing 
7 371 406 417 499 73174 0 0 1 standing 
7 371 407 417 499 73175 0 0 0 standing 
7 369 406 414 498 73176 0 0 1 standing 
7 367 405 412 498 73177 0 0 1 standing 
7 365 404 410 497 73178 0 0 1 standing 
7 363 404 408 497 73179 0 0 1 standing 
7 361 403 406 497 73180 0 0 1 standing 
7 359 402 404 496 73181 0 0 1 standing 
7 357 402 402 496 73182 0 0 1 standing 
7 355 401 400 495 73183 0 0 1 standing 
7 353 400 398 495 73184 0 0 1 standing 
8 478 468 521 567 73165 0 0 0 standing 
8 476 467 519 566 73166 0 0 1 standing 
8 474 466 517 565 73167 0 0 1 standing 
8 472 466 515 565 73168 0 0 1 standing 
8 470 465 513 564 73169 0 0 1 standing 
8 469 465 512 564 73170 0 0 1 standing 
8 467 464 510 563 73171 0 0 1 standing 
8 465 463 508 562 73172 0 0 1 standing 
8 463 463 506 562 73173 0 0 1 standing 
8 461 462 504 561 73174 0 0 1 standing 
8 460 462 503 561 73175 0 0 0 standing 
8 458 461 501 560 73176 0 0 1 standing 
8 456 461 499 560 73177 0 0 1 standing 
8 455 461 498 560 73178 0 0 1 standing 
8 453 461 496 560 73179 0 0 1 standing 
8 452 461 495 560 73180 0 0 1 standing 
8 450 461 493 560 73181 0 0 1 standing 
8 448 461 491 560 73182 0 0 1 standing 
8 447 461 490 560 73183 0 0 1 standing 
8 445 461 488 560 73184 0 0 1 standing 
9 649 407 690 482 73165 0 0 0 standing 
9 643 407 684 482 73166 0 0 1 standing 
9 638 407 679 482 73167 0 0 1 standing 
9 633 407 674 483 73168 0 0 1 standing 
9 628 407 669 483 73169 0 0 1 standing 
9 623 408 664 484 73170 0 0 1 standing 
9 617 408 658 484 73171 0 0 1 standing 
9 612 408 653 484 73172 0 0 1 standing 
9 607 408 648 485 73173 0 0 1 standing 
9 602 408 643 485 73174 0 0 1 standing 
9 597 409 638 486 73175 0 0 0 standing 
9 591 409 632 486 73176 0 0 1 standing 
9 586 409 627 486 73177 0 0 1 standing 
9 581 409 622 486 73178 0 0 1 standing 
9 576 409 617 486 73179 0 0 1 standing 
9 571 410 612 487 73180 0 0 0 standing 
9 567 410 608 487 73181 0 0 1 standing 
9 563 410 604 487 73182 0 0 1 standing 
9 560 410 601 487 73183 0 0 1 standing 
9 556 410 597 487 73184 0 0 1 standing 
10 736 484 794 585 73165 0 0 0 standing 
10 735 484 793 585 73166 0 0 1 standing 
10 734 484 792 585 73167 0 0 1 standing 
10 733 484 791 585 73168 0 0 1 standing 
10 732 484 790 585 73169 0 0 1 standing 
10 732 484 789 585 73170 0 0 1 standing 
10 731 484 788 585 73171 0 0 1 standing 
10 730 484 787 585 73172 0 0 1 standing 
10 729 484 786 585 73173 0 0 1 standing 
10 728 484 785 585 73174 0 0 1 standing 
10 728 484 785 585 73175 0 0 0 standing 
10 728 484 784 585 73176 0 0 1 standing 
10 729 484 783 585 73177 0 0 1 standing 
10 730 485 782 586 73178 0 0 1 standing 
10 731 485 781 586 73179 0 0 1 standing 
10 732 486 780 587 73180 0 0 0 standing 
10 731 486 777 587 73181 0 0 1 standing 
10 730 486 775 588 73182 0 0 1 standing 
10 729 486 772 589 73183 0 0 1 standing 
10 728 486 770 590 73184 0 0 1 standing 
11 880 426 920 507 73165 0 0 0 standing 
11 877 425 917 506 73166 0 0 1 standing 
11 874 424 914 505 73167 0 0 1 standing 
11 871 423 911 504 73168 0 0 1 standing 
11 868 423 908 504 73169 0 0 1 standing 
11 865 422 905 503 73170 0 0 1 standing 
11 862 421 902 502 73171 0 0 1 standing 
11 859 421 899 502 73172 0 0 1 standing 
11 856 420 896 501 73173 0 0 1 standing 
11 853 419 893 500 73174 0 0 1 standing 
11 850 419 890 500 73175 0 0 0 standing 
11 847 418 887 499 73176 0 0 1 standing 
11 844 417 885 498 73177 0 0 1 standing 
11 842 416 882 497 73178 0 0 1 standing 
11 839 415 880 496 73179 0 0 1 standing 
11 837 415 878 496 73180 0 0 0 standing 
11 835 414 876 495 73181 0 0 1 standing 
11 834 413 875 494 73182 0 0 1 standing 
11 833 413 874 494 73183 0 0 1 standing 
11 832 412 873 493 73184 0 0 1 standing 
