0 840 314 895 396 24185 0 1 0 digging 
0 838 315 893 397 24186 0 1 1 digging 
0 837 316 891 398 24187 0 1 1 digging 
0 836 317 890 400 24188 0 1 0 digging 
0 837 315 890 399 24189 0 1 1 digging 
0 838 314 891 398 24190 0 1 1 digging 
0 839 313 891 397 24191 0 1 1 digging 
0 840 312 892 397 24192 0 1 1 digging 
0 841 311 892 396 24193 0 1 1 digging 
0 842 310 893 395 24194 0 1 1 digging 
0 843 309 894 395 24195 0 1 0 digging 
0 844 308 896 396 24196 0 1 1 digging 
0 845 308 898 397 24197 0 1 1 digging 
0 846 307 900 398 24198 0 1 1 digging 
0 847 307 902 400 24199 0 1 1 digging 
0 848 306 905 401 24200 0 1 1 digging 
0 849 306 907 402 24201 0 1 1 digging 
0 850 305 909 404 24202 0 1 1 digging 
0 851 305 911 405 24203 0 1 1 digging 
0 852 304 913 406 24204 0 1 1 digging 
1 881 363 922 478 24185 0 0 0 digging 
1 880 362 921 477 24186 0 0 1 standing 
1 879 362 921 477 24187 0 0 1 standing 
1 878 361 921 477 24188 0 0 1 standing 
1 877 361 921 477 24189 0 0 1 standing 
1 876 360 921 477 24190 0 0 1 standing 
1 875 360 921 477 24191 0 0 1 standing 
1 874 359 921 477 24192 0 0 1 standing 
1 873 359 921 477 24193 0 0 1 standing 
1 872 358 921 477 24194 0 0 1 standing 
1 871 358 921 477 24195 0 0 0 standing 
1 872 358 922 477 24196 0 0 1 standing 
1 874 358 924 477 24197 0 0 1 standing 
1 876 358 926 477 24198 0 0 1 standing 
1 878 359 928 478 24199 0 0 1 standing 
1 880 359 930 478 24200 0 0 1 standing 
1 881 359 931 478 24201 0 0 1 standing 
1 883 360 933 479 24202 0 0 1 standing 
1 885 360 935 479 24203 0 0 1 standing 
1 887 360 937 479 24204 0 0 1 standing 
2 933 333 1024 426 24185 0 0 0 standing 
2 931 332 1022 425 24186 0 0 1 waiting 
2 929 331 1021 425 24187 0 0 1 waiting 
2 928 330 1020 424 24188 0 0 1 waiting 
2 926 329 1019 424 24189 0 0 1 waiting 
2 925 328 1018 424 24190 0 0 1 waiting 
2 923 327 1017 423 24191 0 0 1 waiting 
2 921 326 1016 423 24192 0 0 1 waiting 
2 920 325 1015 422 24193 0 0 1 waiting 
2 918 324 1014 422 24194 0 0 1 waiting 
2 917 324 1013 422 24195 0 0 0 waiting 
2 920 321 1011 421 24196 0 0 1 waiting 
2 923 319 1010 421 24197 0 0 1 waiting 
2 926 317 1008 421 24198 0 0 1 waiting 
2 930 315 1007 421 24199 0 0 1 waiting 
2 933 313 1006 421 24200 0 0 1 waiting 
2 936 311 1004 421 24201 0 0 1 waiting 
2 940 309 1003 421 24202 0 0 1 waiting 
2 943 307 1001 421 24203 0 0 1 waiting 
2 946 305 1000 421 24204 0 0 1 waiting 
3 631 378 707 506 24185 0 0 0 waiting 
3 640 379 716 509 24186 0 0 1 standing 
3 649 381 725 512 24187 0 0 1 standing 
3 658 383 734 515 24188 0 0 1 standing 
3 667 385 743 519 24189 0 0 1 standing 
3 676 387 752 522 24190 0 0 1 standing 
3 685 388 761 525 24191 0 0 1 standing 
3 694 390 770 529 24192 0 0 1 standing 
3 703 392 779 532 24193 0 0 1 standing 
3 712 394 788 535 24194 0 0 1 standing 
3 722 396 797 539 24195 0 0 0 standing 
3 730 399 803 542 24196 0 0 1 standing 
3 738 402 810 545 24197 0 0 1 standing 
3 746 405 817 548 24198 0 0 1 standing 
3 754 408 824 551 24199 0 0 1 standing 
3 762 412 831 554 24200 0 0 1 standing 
3 770 415 837 557 24201 0 0 1 standing 
3 778 418 844 560 24202 0 0 1 standing 
3 786 421 851 563 24203 0 0 1 standing 
3 794 424 858 566 24204 0 0 1 standing 
4 693 288 763 399 24185 0 0 0 standing 
4 696 285 765 397 24186 0 0 1 moving 
4 700 282 768 395 24187 0 0 1 moving 
4 703 279 771 394 24188 0 0 1 moving 
4 707 276 774 392 24189 0 0 1 moving 
4 710 273 777 391 24190 0 0 1 moving 
4 714 270 779 389 24191 0 0 1 moving 
4 717 267 782 387 24192 0 0 1 moving 
4 721 264 785 386 24193 0 0 1 moving 
4 724 261 788 384 24194 0 0 1 moving 
4 728 259 791 383 24195 0 0 0 moving 
4 734 258 796 380 24196 0 0 1 moving 
4 740 257 801 378 24197 0 0 1 moving 
4 746 256 806 376 24198 0 0 1 moving 
4 752 255 811 373 24199 0 0 1 moving 
4 758 255 817 371 24200 0 0 1 moving 
4 764 254 822 369 24201 0 0 1 moving 
4 770 253 827 366 24202 0 0 1 moving 
4 776 252 832 364 24203 0 0 1 moving 
4 782 251 837 362 24204 0 0 1 moving 
5 578 337 630 453 24185 0 0 0 moving 
5 581 337 635 455 24186 0 0 1 standing 
5 584 338 640 457 24187 0 0 1 standing 
5 588 339 645 459 24188 0 0 1 standing 
5 591 340 650 462 24189 0 0 1 standing 
5 595 341 656 464 24190 0 0 1 standing 
5 598 342 661 466 24191 0 0 1 standing 
5 601 343 666 469 24192 0 0 1 standing 
5 605 344 671 471 24193 0 0 1 standing 
5 608 345 676 473 24194 0 0 1 standing 
5 612 346 682 476 24195 0 0 0 standing 
5 621 346 690 476 24196 0 0 1 standing 
5 630 347 698 476 24197 0 0 1 standing 
5 639 347 706 477 24198 0 0 1 standing 
5 648 348 714 477 24199 0 0 1 standing 
5 657 348 722 478 24200 0 0 1 standing 
5 666 349 730 478 24201 0 0 1 standing 
5 675 349 738 478 24202 0 0 1 standing 
5 684 350 746 479 24203 0 0 1 standing 
5 693 350 754 479 24204 0 0 1 standing 
6 541 319 573 447 24185 0 0 0 standing 
6 541 318 573 446 24186 0 0 1 standing 
6 542 318 574 446 24187 0 0 1 standing 
6 543 318 575 446 24188 0 0 1 standing 
6 543 318 575 446 24189 0 0 1 standing 
6 544 318 576 446 24190 0 0 1 standing 
6 545 318 577 446 24191 0 0 1 standing 
6 545 318 577 446 24192 0 0 1 standing 
6 546 318 578 446 24193 0 0 1 standing 
6 547 318 579 446 24194 0 0 1 standing 
6 548 318 580 446 24195 0 0 0 standing 
6 551 318 583 446 24196 0 0 1 standing 
6 554 319 587 446 24197 0 0 1 standing 
6 557 319 590 447 24198 0 0 1 standing 
6 560 320 594 447 24199 0 0 1 standing 
6 563 320 597 448 24200 0 0 1 standing 
6 566 321 601 448 24201 0 0 1 standing 
6 569 321 604 448 24202 0 0 1 standing 
6 572 322 608 449 24203 0 0 1 standing 
6 575 322 611 449 24204 0 0 1 standing 
7 539 293 581 401 24185 0 0 0 standing 
7 539 293 582 401 24186 0 0 1 standing 
7 539 293 584 401 24187 0 0 1 standing 
7 539 293 585 401 24188 0 0 1 standing 
7 540 293 587 401 24189 0 0 1 standing 
7 540 293 588 401 24190 0 0 1 standing 
7 540 293 590 401 24191 0 0 1 standing 
7 541 293 591 401 24192 0 0 1 standing 
7 541 293 593 401 24193 0 0 1 standing 
7 541 293 594 401 24194 0 0 1 standing 
7 542 294 596 401 24195 0 0 0 standing 
7 544 293 598 400 24196 0 0 1 standing 
7 547 293 601 400 24197 0 0 1 standing 
7 550 293 604 400 24198 0 0 1 standing 
7 552 293 606 400 24199 0 0 1 standing 
7 555 293 609 400 24200 0 0 1 standing 
7 558 293 612 400 24201 0 0 1 standing 
7 560 293 614 400 24202 0 0 1 standing 
7 563 293 617 400 24203 0 0 1 standing 
7 566 293 620 400 24204 0 0 1 standing 
8 477 341 535 439 24185 0 0 0 standing 
8 479 341 537 441 24186 0 0 1 waiting 
8 482 342 540 444 24187 0 0 1 waiting 
8 485 342 543 447 24188 0 0 1 waiting 
8 488 343 546 449 24189 0 0 1 waiting 
8 491 344 549 452 24190 0 0 1 waiting 
8 494 344 551 455 24191 0 0 1 waiting 
8 497 345 554 457 24192 0 0 1 waiting 
8 500 345 557 460 24193 0 0 1 waiting 
8 503 346 560 463 24194 0 0 1 waiting 
8 506 347 563 466 24195 0 0 0 waiting 
8 511 347 568 468 24196 0 0 1 waiting 
8 516 348 573 470 24197 0 0 1 waiting 
8 522 349 578 472 24198 0 0 1 waiting 
8 527 350 584 474 24199 0 0 1 waiting 
8 533 351 589 477 24200 0 0 1 waiting 
8 538 351 594 479 24201 0 0 1 waiting 
8 543 352 600 481 24202 0 0 1 waiting 
8 549 353 605 483 24203 0 0 1 waiting 
8 554 354 610 485 24204 0 0 1 waiting 
9 352 376 406 508 24185 0 0 0 waiting 
9 351 376 405 508 24186 0 0 1 standing 
9 350 376 404 508 24187 0 0 1 standing 
9 349 376 403 508 24188 0 0 1 standing 
9 348 376 402 508 24189 0 0 1 standing 
9 348 376 402 508 24190 0 0 1 standing 
9 347 376 401 508 24191 0 0 1 standing 
9 346 376 400 508 24192 0 0 1 standing 
9 345 376 399 508 24193 0 0 1 standing 
9 344 376 398 508 24194 0 0 1 standing 
9 344 376 398 508 24195 0 0 0 standing 
9 340 376 397 507 24196 0 0 1 standing 
9 337 376 396 507 24197 0 0 1 standing 
9 334 377 396 507 24198 0 0 1 standing 
9 331 377 395 506 24199 0 0 1 standing 
9 328 378 395 506 24200 0 0 1 standing 
9 324 378 394 506 24201 0 0 1 standing 
9 321 378 393 505 24202 0 0 1 standing 
9 318 379 393 505 24203 0 0 1 standing 
9 315 379 392 505 24204 0 0 1 standing 
10 314 353 372 463 24185 0 0 0 standing 
10 311 352 369 463 24186 0 0 1 standing 
10 308 351 366 463 24187 0 0 1 standing 
10 306 350 363 463 24188 0 0 1 standing 
10 303 349 361 463 24189 0 0 1 standing 
10 301 349 358 463 24190 0 0 1 standing 
10 298 348 355 463 24191 0 0 1 standing 
10 295 347 353 463 24192 0 0 1 standing 
10 293 346 350 463 24193 0 0 1 standing 
10 290 345 347 463 24194 0 0 1 standing 
10 288 345 345 464 24195 0 0 0 standing 
10 285 344 342 463 24196 0 0 1 standing 
10 282 343 339 462 24197 0 0 1 standing 
10 280 342 337 461 24198 0 0 1 standing 
10 277 341 334 460 24199 0 0 1 standing 
10 275 340 332 459 24200 0 0 1 standing 
10 272 339 329 458 24201 0 0 1 standing 
10 269 338 326 457 24202 0 0 1 standing 
10 267 337 324 456 24203 0 0 1 standing 
10 264 336 321 455 24204 0 0 1 standing 
11 201 296 257 399 24185 0 0 0 standing 
11 204 296 260 399 24186 0 0 1 standing 
11 208 297 264 400 24187 0 0 1 standing 
11 211 298 267 401 24188 0 0 1 standing 
11 215 299 271 402 24189 0 0 1 standing 
11 218 300 274 403 24190 0 0 1 standing 
11 222 300 278 403 24191 0 0 1 standing 
11 225 301 281 404 24192 0 0 1 standing 
11 229 302 285 405 24193 0 0 1 standing 
11 232 303 288 406 24194 0 0 1 standing 
11 236 304 292 407 24195 0 0 0 standing 
11 239 303 294 404 24196 0 0 1 standing 
11 242 303 297 401 24197 0 0 1 standing 
11 245 302 299 398 24198 0 0 1 standing 
11 249 302 302 395 24199 0 0 1 standing 
11 252 302 305 392 24200 0 0 1 standing 
11 255 301 307 389 24201 0 0 1 standing 
11 259 301 310 386 24202 0 0 1 standing 
11 262 300 312 383 24203 0 0 1 standing 
11 265 300 315 380 24204 0 0 1 standing 
