0 806 363 849 507 39965 0 1 0 standing 
0 806 362 848 507 39966 0 1 1 standing 
0 806 361 848 507 39967 0 1 1 standing 
0 806 360 848 507 39968 0 1 1 standing 
0 806 359 848 507 39969 0 1 1 standing 
0 806 358 848 507 39970 0 1 1 standing 
0 806 357 848 507 39971 0 1 1 standing 
0 806 356 848 507 39972 0 1 1 standing 
0 806 355 848 507 39973 0 1 1 standing 
0 806 354 848 507 39974 0 1 1 standing 
0 806 353 848 507 39975 0 1 0 standing 
0 806 351 847 504 39976 0 1 1 standing 
0 806 350 847 501 39977 0 1 1 standing 
0 806 349 847 499 39978 0 1 1 standing 
0 806 347 847 496 39979 0 1 1 standing 
0 807 346 847 494 39980 0 1 1 standing 
0 807 345 847 491 39981 0 1 1 standing 
0 807 343 847 488 39982 0 1 1 standing 
0 807 342 847 486 39983 0 1 1 standing 
0 807 341 847 483 39984 0 1 1 standing 
1 774 330 816 441 39965 0 1 0 standing 
1 773 330 816 441 39966 0 1 1 standing 
1 773 330 816 441 39967 0 1 1 standing 
1 773 330 816 441 39968 0 1 1 standing 
1 773 330 816 441 39969 0 1 1 standing 
1 773 330 817 441 39970 0 1 1 standing 
1 773 330 817 441 39971 0 1 1 standing 
1 773 330 817 441 39972 0 1 1 standing 
1 773 330 817 441 39973 0 1 1 standing 
1 773 330 817 441 39974 0 1 1 standing 
1 773 331 818 442 39975 0 1 1 standing 
1 773 331 818 442 39976 0 1 1 standing 
1 773 331 818 442 39977 0 1 1 standing 
1 773 331 818 442 39978 0 1 1 standing 
1 773 331 818 442 39979 0 1 1 standing 
1 773 331 819 442 39980 0 1 1 standing 
1 773 331 819 442 39981 0 1 1 standing 
1 773 331 819 442 39982 0 1 1 standing 
1 773 331 819 442 39983 0 1 1 standing 
1 773 332 820 443 39984 0 1 0 standing 
2 835 356 883 488 39965 0 1 0 standing 
2 835 355 882 486 39966 0 1 1 standing 
2 836 354 882 485 39967 0 1 1 standing 
2 837 354 882 484 39968 0 1 1 standing 
2 838 353 882 483 39969 0 1 1 standing 
2 839 353 882 482 39970 0 1 1 standing 
2 840 352 882 480 39971 0 1 1 standing 
2 841 351 882 479 39972 0 1 1 standing 
2 842 351 882 478 39973 0 1 1 standing 
2 843 350 882 477 39974 0 1 1 standing 
2 844 350 882 476 39975 0 1 0 standing 
2 843 349 881 475 39976 0 1 1 standing 
2 843 349 881 475 39977 0 1 1 standing 
2 843 348 881 475 39978 0 1 1 standing 
2 843 348 881 475 39979 0 1 1 standing 
2 843 347 881 475 39980 0 1 1 standing 
2 842 347 881 474 39981 0 1 1 standing 
2 842 346 881 474 39982 0 1 1 standing 
2 842 346 881 474 39983 0 1 1 standing 
2 842 345 881 474 39984 0 1 1 standing 
3 833 341 871 467 39965 0 1 0 standing 
3 832 341 870 467 39966 0 1 1 standing 
3 831 342 869 468 39967 0 1 1 standing 
3 830 343 868 469 39968 0 1 1 standing 
3 829 343 867 469 39969 0 1 1 standing 
3 829 344 867 470 39970 0 1 1 standing 
3 828 345 866 471 39971 0 1 1 standing 
3 827 345 865 471 39972 0 1 1 standing 
3 826 346 864 472 39973 0 1 1 standing 
3 825 347 863 473 39974 0 1 1 standing 
3 825 348 863 474 39975 0 1 0 standing 
3 822 347 862 473 39976 0 1 1 standing 
3 820 347 862 473 39977 0 1 1 standing 
3 817 347 862 473 39978 0 1 1 standing 
3 815 346 861 473 39979 0 1 1 standing 
3 813 346 861 473 39980 0 1 1 standing 
3 810 346 861 472 39981 0 1 1 standing 
3 808 345 860 472 39982 0 1 1 standing 
3 805 345 860 472 39983 0 1 1 standing 
3 803 345 860 472 39984 0 1 1 standing 
4 956 323 1038 453 39965 0 1 0 standing 
4 962 325 1039 455 39966 0 1 1 standing 
4 969 328 1041 458 39967 0 1 1 standing 
4 975 331 1042 460 39968 0 1 1 standing 
4 982 334 1044 463 39969 0 1 1 standing 
4 988 337 1045 465 39970 0 1 1 standing 
4 995 340 1047 468 39971 0 1 0 standing 
4 995 341 1048 471 39972 0 1 1 standing 
4 996 342 1050 475 39973 0 1 1 standing 
4 997 343 1051 478 39974 0 1 1 standing 
4 998 345 1053 482 39975 0 1 0 standing 
4 998 347 1053 481 39976 0 1 1 standing 
4 998 349 1053 481 39977 0 1 1 standing 
4 998 352 1053 481 39978 0 1 0 standing 
4 998 351 1053 481 39979 0 1 1 standing 
4 998 351 1053 481 39980 0 1 1 standing 
4 998 351 1053 481 39981 0 1 1 standing 
4 998 351 1053 481 39982 0 1 1 standing 
4 998 351 1053 481 39983 0 1 1 standing 
4 998 351 1053 481 39984 0 1 1 standing 
5 809 298 849 413 39965 0 1 0 standing 
5 811 298 851 413 39966 0 1 1 standing 
5 813 299 853 414 39967 0 1 1 standing 
5 815 300 855 415 39968 0 1 1 standing 
5 817 300 857 416 39969 0 1 1 standing 
5 819 301 859 417 39970 0 1 1 standing 
5 821 302 861 417 39971 0 1 1 standing 
5 823 302 863 418 39972 0 1 1 standing 
5 825 303 865 419 39973 0 1 1 standing 
5 827 304 867 420 39974 0 1 1 standing 
5 829 305 869 421 39975 0 1 0 standing 
5 829 305 869 422 39976 0 1 1 standing 
5 830 306 870 423 39977 0 1 1 standing 
5 831 307 871 424 39978 0 1 1 standing 
5 832 308 872 425 39979 0 1 1 standing 
5 833 309 873 426 39980 0 1 1 standing 
5 834 309 874 427 39981 0 1 1 standing 
5 835 310 875 428 39982 0 1 1 standing 
5 836 311 876 429 39983 0 1 1 standing 
5 837 312 877 430 39984 0 1 1 standing 
6 569 322 604 456 39965 0 0 0 standing 
6 567 321 603 454 39966 0 0 1 standing 
6 566 320 602 453 39967 0 0 1 standing 
6 564 319 601 452 39968 0 0 1 standing 
6 563 319 600 451 39969 0 0 1 standing 
6 562 318 599 450 39970 0 0 1 standing 
6 560 317 598 448 39971 0 0 1 standing 
6 559 317 597 447 39972 0 0 1 standing 
6 557 316 596 446 39973 0 0 1 standing 
6 556 315 595 445 39974 0 0 1 standing 
6 555 315 595 444 39975 0 0 0 standing 
6 552 314 594 443 39976 0 0 1 standing 
6 550 314 593 443 39977 0 0 1 standing 
6 547 313 592 443 39978 0 0 1 standing 
6 545 313 591 443 39979 0 0 1 standing 
6 543 313 591 443 39980 0 0 0 standing 
6 540 311 588 441 39981 0 0 1 standing 
6 538 310 586 440 39982 0 0 1 standing 
6 535 308 584 438 39983 0 0 1 standing 
6 533 307 582 437 39984 0 0 1 standing 
7 535 415 584 564 39965 0 0 0 standing 
7 531 413 581 563 39966 0 0 1 moving 
7 527 412 579 563 39967 0 0 1 moving 
7 524 411 577 563 39968 0 0 1 moving 
7 520 409 575 562 39969 0 0 1 moving 
7 517 408 573 562 39970 0 0 1 moving 
7 513 407 571 562 39971 0 0 1 moving 
7 510 406 569 562 39972 0 0 0 moving 
7 507 406 563 557 39973 0 0 1 moving 
7 505 406 557 552 39974 0 0 1 moving 
7 503 406 551 547 39975 0 0 0 moving 
7 497 403 545 545 39976 0 0 1 moving 
7 492 401 540 544 39977 0 0 1 moving 
7 486 399 535 542 39978 0 0 1 moving 
7 481 397 529 541 39979 0 0 1 moving 
7 475 395 524 539 39980 0 0 1 moving 
7 470 393 519 538 39981 0 0 0 moving 
7 467 392 516 538 39982 0 0 1 moving 
7 464 392 513 538 39983 0 0 1 moving 
7 461 392 510 538 39984 0 0 1 moving 
8 322 452 370 568 39965 0 0 0 moving 
8 321 448 367 567 39966 0 0 1 standing 
8 320 445 365 567 39967 0 0 1 standing 
8 319 442 363 567 39968 0 0 1 standing 
8 318 439 361 567 39969 0 0 1 standing 
8 318 436 359 567 39970 0 0 0 standing 
8 317 433 358 563 39971 0 0 1 standing 
8 316 430 357 560 39972 0 0 1 standing 
8 316 428 356 557 39973 0 0 1 standing 
8 315 425 355 554 39974 0 0 1 standing 
8 315 423 354 551 39975 0 0 0 standing 
8 315 421 354 549 39976 0 0 1 standing 
8 315 419 354 548 39977 0 0 1 standing 
8 315 418 354 546 39978 0 0 1 standing 
8 316 416 354 545 39979 0 0 1 standing 
8 316 415 355 544 39980 0 0 1 standing 
8 316 413 355 542 39981 0 0 1 standing 
8 317 411 355 541 39982 0 0 1 standing 
8 317 410 355 539 39983 0 0 1 standing 
8 317 408 355 538 39984 0 0 1 standing 
9 202 361 250 497 39965 0 0 0 standing 
9 205 361 253 497 39966 0 0 1 standing 
9 208 361 256 497 39967 0 0 1 standing 
9 211 361 259 497 39968 0 0 1 standing 
9 214 361 262 498 39969 0 0 1 standing 
9 217 361 265 498 39970 0 0 1 standing 
9 220 361 268 498 39971 0 0 1 standing 
9 223 361 271 499 39972 0 0 1 standing 
9 226 361 274 499 39973 0 0 1 standing 
9 229 361 277 499 39974 0 0 1 standing 
9 232 362 280 500 39975 0 0 0 standing 
9 234 362 282 499 39976 0 0 1 standing 
9 237 362 285 498 39977 0 0 1 standing 
9 239 362 287 498 39978 0 0 1 standing 
9 242 362 290 497 39979 0 0 1 standing 
9 245 362 292 497 39980 0 0 1 standing 
9 247 362 295 496 39981 0 0 1 standing 
9 250 362 297 495 39982 0 0 1 standing 
9 252 362 300 495 39983 0 0 1 standing 
9 255 362 302 494 39984 0 0 1 standing 
10 272 300 316 408 39965 0 0 0 standing 
10 273 300 317 409 39966 0 0 1 standing 
10 274 301 318 410 39967 0 0 1 standing 
10 276 301 319 411 39968 0 0 1 standing 
10 277 302 320 413 39969 0 0 1 standing 
10 279 302 321 414 39970 0 0 1 standing 
10 280 303 322 415 39971 0 0 1 standing 
10 281 303 323 417 39972 0 0 1 standing 
10 283 304 324 418 39973 0 0 1 standing 
10 284 304 325 419 39974 0 0 1 standing 
10 286 305 327 421 39975 0 0 0 standing 
10 287 305 327 421 39976 0 0 1 standing 
10 288 306 328 421 39977 0 0 1 standing 
10 289 307 329 421 39978 0 0 1 standing 
10 290 307 330 421 39979 0 0 1 standing 
10 291 308 331 422 39980 0 0 1 standing 
10 292 309 332 422 39981 0 0 1 standing 
10 293 309 333 422 39982 0 0 1 standing 
10 294 310 334 422 39983 0 0 1 standing 
10 295 311 335 422 39984 0 0 1 standing 
11 458 266 501 391 39965 0 0 0 standing 
11 459 266 501 391 39966 0 0 1 standing 
11 460 267 502 391 39967 0 0 1 standing 
11 461 267 502 391 39968 0 0 1 standing 
11 462 268 503 391 39969 0 0 1 standing 
11 463 269 503 391 39970 0 0 1 standing 
11 464 269 504 391 39971 0 0 1 standing 
11 465 270 504 391 39972 0 0 1 standing 
11 466 270 505 391 39973 0 0 1 standing 
11 467 271 505 391 39974 0 0 1 standing 
11 468 272 506 391 39975 0 0 0 standing 
11 466 272 505 392 39976 0 0 1 standing 
11 465 272 505 393 39977 0 0 1 standing 
11 463 272 505 394 39978 0 0 1 standing 
11 462 273 505 395 39979 0 0 1 standing 
11 460 273 505 396 39980 0 0 1 standing 
11 459 273 505 397 39981 0 0 1 standing 
11 457 274 505 398 39982 0 0 1 standing 
11 456 274 505 399 39983 0 0 1 standing 
11 454 274 505 400 39984 0 0 1 standing 
