0 905 417 972 620 18901 0 1 0 jumping 
0 900 409 968 610 18902 0 1 1 jumping 
0 895 402 964 601 18903 0 1 1 jumping 
0 890 394 960 591 18904 0 1 1 jumping 
0 886 387 956 582 18905 0 1 0 jumping 
0 881 384 952 578 18906 0 1 1 jumping 
0 877 382 949 574 18907 0 1 1 jumping 
0 873 379 945 570 18908 0 1 1 jumping 
0 868 377 942 566 18909 0 1 1 jumping 
0 864 374 938 562 18910 0 1 1 jumping 
0 860 372 935 558 18911 0 1 1 jumping 
0 856 370 932 554 18912 0 1 0 jumping 
0 855 376 928 557 18913 0 1 1 jumping 
0 854 382 925 561 18914 0 1 1 jumping 
0 854 388 921 564 18915 0 1 1 jumping 
0 853 394 918 568 18916 0 1 1 jumping 
0 853 400 915 572 18917 0 1 0 jumping 
0 851 402 911 570 18918 0 1 1 jumping 
0 849 404 907 568 18919 0 1 1 jumping 
0 847 406 903 566 18920 0 1 1 jumping 
1 334 339 399 454 18901 0 0 0 jumping 
1 328 339 397 453 18902 0 0 1 standing 
1 322 339 395 453 18903 0 0 1 standing 
1 316 339 393 453 18904 0 0 1 standing 
1 310 339 392 453 18905 0 0 1 standing 
1 304 339 390 453 18906 0 0 1 standing 
1 298 339 388 453 18907 0 0 1 standing 
1 292 340 387 453 18908 0 0 0 standing 
1 296 340 383 453 18909 0 0 1 standing 
1 300 341 380 454 18910 0 0 1 standing 
1 304 342 377 455 18911 0 0 0 standing 
1 300 343 373 457 18912 0 0 1 standing 
1 296 344 369 459 18913 0 0 1 standing 
1 292 345 366 461 18914 0 0 1 standing 
1 288 346 362 464 18915 0 0 1 standing 
1 284 347 359 466 18916 0 0 1 standing 
1 280 348 355 468 18917 0 0 1 standing 
1 276 349 351 471 18918 0 0 1 standing 
1 272 350 348 473 18919 0 0 1 standing 
1 268 351 344 475 18920 0 0 1 standing 
2 579 346 659 473 18901 0 0 0 standing 
2 580 345 660 473 18902 0 0 1 standing 
2 581 344 661 473 18903 0 0 1 standing 
2 583 343 662 473 18904 0 0 1 standing 
2 584 343 664 473 18905 0 0 1 standing 
2 586 342 665 473 18906 0 0 1 standing 
2 587 341 666 473 18907 0 0 1 standing 
2 588 341 668 473 18908 0 0 1 standing 
2 590 340 669 473 18909 0 0 1 standing 
2 591 339 670 473 18910 0 0 1 standing 
2 593 339 672 474 18911 0 0 0 standing 
2 592 340 671 475 18912 0 0 1 standing 
2 592 342 671 476 18913 0 0 1 standing 
2 592 344 670 477 18914 0 0 1 standing 
2 592 345 670 478 18915 0 0 1 standing 
2 592 347 669 479 18916 0 0 1 standing 
2 592 349 669 480 18917 0 0 1 standing 
2 592 351 669 482 18918 0 0 0 standing 
2 588 353 665 483 18919 0 0 1 standing 
2 584 355 661 484 18920 0 0 1 standing 
3 126 417 210 562 18901 0 0 0 standing 
3 128 417 211 562 18902 0 0 1 waiting 
3 130 417 212 562 18903 0 0 1 waiting 
3 132 417 213 562 18904 0 0 1 waiting 
3 134 418 214 563 18905 0 0 1 waiting 
3 136 418 216 563 18906 0 0 1 waiting 
3 138 418 217 563 18907 0 0 1 waiting 
3 140 419 218 564 18908 0 0 1 waiting 
3 142 419 219 564 18909 0 0 1 waiting 
3 144 419 220 564 18910 0 0 1 waiting 
3 146 420 222 565 18911 0 0 0 waiting 
3 145 420 224 565 18912 0 0 1 waiting 
3 145 420 226 565 18913 0 0 1 waiting 
3 145 420 228 565 18914 0 0 1 waiting 
3 145 421 230 565 18915 0 0 1 waiting 
3 145 421 232 565 18916 0 0 1 waiting 
3 145 421 234 565 18917 0 0 1 waiting 
3 145 422 236 566 18918 0 0 1 waiting 
3 145 422 238 566 18919 0 0 1 waiting 
3 145 422 240 566 18920 0 0 1 waiting 
4 793 407 866 536 18901 0 0 0 waiting 
4 796 406 869 535 18902 0 0 1 standing 
4 799 405 872 535 18903 0 0 1 standing 
4 802 404 875 534 18904 0 0 1 standing 
4 805 403 878 534 18905 0 0 1 standing 
4 808 403 881 534 18906 0 0 1 standing 
4 811 402 884 533 18907 0 0 1 standing 
4 814 401 887 533 18908 0 0 1 standing 
4 817 400 890 532 18909 0 0 1 standing 
4 820 399 893 532 18910 0 0 1 standing 
4 823 399 896 532 18911 0 0 0 standing 
4 826 397 898 532 18912 0 0 1 standing 
4 830 395 901 533 18913 0 0 1 standing 
4 834 393 903 533 18914 0 0 1 standing 
4 837 391 906 534 18915 0 0 1 standing 
4 841 389 908 535 18916 0 0 1 standing 
4 845 387 911 535 18917 0 0 1 standing 
4 848 385 913 536 18918 0 0 1 standing 
4 852 383 916 536 18919 0 0 1 standing 
4 856 381 918 537 18920 0 0 1 standing 
5 699 437 749 590 18901 0 1 0 standing 
5 702 430 752 587 18902 0 1 1 blocking 
5 706 423 756 585 18903 0 1 1 blocking 
5 709 416 760 583 18904 0 1 1 blocking 
5 713 409 764 580 18905 0 1 1 blocking 
5 716 402 768 578 18906 0 1 1 blocking 
5 720 395 772 576 18907 0 1 1 blocking 
5 724 388 775 573 18908 0 1 1 blocking 
5 727 381 779 571 18909 0 1 1 blocking 
5 731 374 783 569 18910 0 1 1 blocking 
5 734 367 787 566 18911 0 1 1 blocking 
5 738 360 791 564 18912 0 1 1 blocking 
5 742 353 795 562 18913 0 1 0 blocking 
5 743 353 796 561 18914 0 1 1 blocking 
5 744 353 797 560 18915 0 1 1 blocking 
5 746 353 799 559 18916 0 1 1 blocking 
5 747 353 800 558 18917 0 1 1 blocking 
5 749 353 802 557 18918 0 1 0 blocking 
5 749 358 802 560 18919 0 1 1 blocking 
5 749 363 803 564 18920 0 1 1 blocking 
6 902 335 951 466 18901 0 0 0 blocking 
6 901 335 950 466 18902 0 0 1 standing 
6 900 335 950 467 18903 0 0 1 standing 
6 899 335 950 467 18904 0 0 1 standing 
6 899 335 950 468 18905 0 0 1 standing 
6 898 335 950 468 18906 0 0 1 standing 
6 897 335 950 469 18907 0 0 1 standing 
6 896 335 949 469 18908 0 0 1 standing 
6 896 335 949 470 18909 0 0 1 standing 
6 895 335 949 470 18910 0 0 1 standing 
6 894 336 949 471 18911 0 0 1 standing 
6 893 336 949 471 18912 0 0 1 standing 
6 893 336 949 472 18913 0 0 1 standing 
6 892 336 949 472 18914 0 0 1 standing 
6 891 336 948 473 18915 0 0 1 standing 
6 890 336 948 473 18916 0 0 1 standing 
6 890 336 948 474 18917 0 0 1 standing 
6 889 336 948 474 18918 0 0 1 standing 
6 888 336 948 475 18919 0 0 1 standing 
6 887 336 948 475 18920 0 0 1 standing 
7 386 453 471 604 18901 0 0 0 standing 
7 392 451 476 603 18902 0 0 1 standing 
7 399 450 482 603 18903 0 0 1 standing 
7 405 449 487 603 18904 0 0 1 standing 
7 412 447 493 603 18905 0 0 1 standing 
7 418 446 498 603 18906 0 0 1 standing 
7 425 445 504 602 18907 0 0 1 standing 
7 431 443 509 602 18908 0 0 1 standing 
7 438 442 515 602 18909 0 0 1 standing 
7 444 441 520 602 18910 0 0 1 standing 
7 451 440 526 602 18911 0 0 0 standing 
7 457 438 529 601 18912 0 0 1 standing 
7 463 437 532 600 18913 0 0 1 standing 
7 469 435 535 599 18914 0 0 1 standing 
7 475 434 538 598 18915 0 0 1 standing 
7 481 432 541 597 18916 0 0 1 standing 
7 488 431 544 596 18917 0 0 0 standing 
7 491 432 547 596 18918 0 0 1 standing 
7 494 434 551 597 18919 0 0 1 standing 
7 498 436 555 598 18920 0 0 0 standing 
8 689 407 746 551 18901 0 1 0 standing 
8 693 397 751 549 18902 0 1 1 blocking 
8 697 387 756 547 18903 0 1 1 blocking 
8 701 377 762 546 18904 0 1 1 blocking 
8 705 367 767 544 18905 0 1 1 blocking 
8 709 357 772 542 18906 0 1 1 blocking 
8 713 348 778 541 18907 0 1 0 blocking 
8 716 346 780 539 18908 0 1 1 blocking 
8 720 345 783 537 18909 0 1 1 blocking 
8 723 343 785 535 18910 0 1 1 blocking 
8 727 342 788 533 18911 0 1 1 blocking 
8 730 340 790 531 18912 0 1 1 blocking 
8 734 339 793 530 18913 0 1 0 blocking 
8 734 341 794 527 18914 0 1 1 blocking 
8 735 344 796 524 18915 0 1 1 blocking 
8 735 346 798 521 18916 0 1 1 blocking 
8 736 349 800 518 18917 0 1 1 blocking 
8 736 351 801 516 18918 0 1 1 blocking 
8 737 354 803 513 18919 0 1 1 blocking 
8 737 356 805 510 18920 0 1 1 blocking 
9 952 401 1029 532 18901 0 0 0 blocking 
9 955 401 1031 532 18902 0 0 1 standing 
9 958 402 1034 532 18903 0 0 1 standing 
9 961 402 1037 533 18904 0 0 1 standing 
9 965 403 1039 533 18905 0 0 1 standing 
9 968 403 1042 534 18906 0 0 1 standing 
9 971 404 1045 534 18907 0 0 1 standing 
9 975 404 1047 534 18908 0 0 1 standing 
9 978 405 1050 535 18909 0 0 1 standing 
9 981 405 1053 535 18910 0 0 1 standing 
9 985 406 1056 536 18911 0 0 0 standing 
9 987 406 1058 536 18912 0 0 1 standing 
9 989 407 1060 537 18913 0 0 1 standing 
9 991 407 1062 537 18914 0 0 1 standing 
9 993 408 1064 538 18915 0 0 1 standing 
9 996 409 1067 539 18916 0 0 1 standing 
9 998 409 1069 539 18917 0 0 1 standing 
9 1000 410 1071 540 18918 0 0 1 standing 
9 1002 410 1073 540 18919 0 0 1 standing 
9 1004 411 1075 541 18920 0 0 1 standing 
10 1179 439 1252 590 18901 1 0 1 standing 
10 1188 437 1262 588 18902 1 0 1 moving 
10 1197 435 1272 587 18903 0 0 0 moving 
10 1188 434 1272 586 18904 0 0 1 moving 
10 1180 434 1272 585 18905 0 0 1 moving 
10 1171 433 1272 584 18906 0 0 1 moving 
10 1163 433 1272 583 18907 0 0 0 moving 
10 1163 434 1263 584 18908 0 0 1 moving 
10 1164 435 1255 585 18909 0 0 1 moving 
10 1164 436 1247 586 18910 0 0 1 moving 
10 1165 438 1239 587 18911 0 0 0 moving 
10 1157 439 1232 588 18912 0 0 1 moving 
10 1150 440 1226 590 18913 0 0 1 moving 
10 1143 441 1220 592 18914 0 0 1 moving 
10 1136 442 1213 593 18915 0 0 1 moving 
10 1129 443 1207 595 18916 0 0 1 moving 
10 1122 444 1201 597 18917 0 0 1 moving 
10 1115 445 1194 598 18918 0 0 1 moving 
10 1108 446 1188 600 18919 0 0 1 moving 
10 1101 447 1182 602 18920 0 0 0 moving 
