0 512 599 606 766 35555 0 1 0 standing 
0 515 599 607 766 35556 0 1 1 standing 
0 519 599 608 766 35557 0 1 1 standing 
0 523 599 609 766 35558 0 1 1 standing 
0 526 599 610 767 35559 0 1 1 standing 
0 530 599 612 767 35560 0 1 1 standing 
0 534 599 613 767 35561 0 1 1 standing 
0 537 599 614 768 35562 0 1 1 standing 
0 541 599 615 768 35563 0 1 1 standing 
0 545 599 616 768 35564 0 1 1 standing 
0 549 599 618 769 35565 0 1 0 standing 
0 552 598 620 768 35566 0 1 1 standing 
0 555 598 622 768 35567 0 1 1 standing 
0 558 598 624 767 35568 0 1 1 standing 
0 561 597 626 767 35569 0 1 1 standing 
0 565 597 628 767 35570 0 1 1 standing 
0 568 597 630 766 35571 0 1 1 standing 
0 571 596 632 766 35572 0 1 1 standing 
0 574 596 634 765 35573 0 1 1 standing 
0 577 596 636 765 35574 0 1 1 standing 
1 672 657 744 828 35555 0 1 0 standing 
1 668 656 740 827 35556 0 1 1 standing 
1 665 656 737 827 35557 0 1 1 standing 
1 662 656 734 827 35558 0 1 1 standing 
1 659 656 731 827 35559 0 1 1 standing 
1 656 656 728 827 35560 0 1 1 standing 
1 652 655 724 826 35561 0 1 1 standing 
1 649 655 721 826 35562 0 1 1 standing 
1 646 655 718 826 35563 0 1 1 standing 
1 643 655 715 826 35564 0 1 1 standing 
1 640 655 712 826 35565 0 1 0 standing 
1 638 653 710 824 35566 0 1 1 standing 
1 637 651 709 822 35567 0 1 1 standing 
1 636 650 708 821 35568 0 1 1 standing 
1 634 648 707 819 35569 0 1 1 standing 
1 633 647 706 818 35570 0 1 1 standing 
1 632 645 705 816 35571 0 1 1 standing 
1 630 643 704 814 35572 0 1 1 standing 
1 629 642 703 813 35573 0 1 1 standing 
1 628 640 702 811 35574 0 1 1 standing 
2 770 657 828 836 35555 0 1 0 standing 
2 765 656 823 835 35556 0 1 1 standing 
2 761 656 819 835 35557 0 1 1 standing 
2 757 655 815 834 35558 0 1 1 standing 
2 752 655 810 834 35559 0 1 1 standing 
2 748 655 806 834 35560 0 1 1 standing 
2 744 654 802 833 35561 0 1 1 standing 
2 739 654 797 833 35562 0 1 1 standing 
2 735 653 793 832 35563 0 1 1 standing 
2 731 653 789 832 35564 0 1 1 standing 
2 727 653 785 832 35565 0 1 0 standing 
2 724 651 784 829 35566 0 1 1 standing 
2 721 649 783 827 35567 0 1 1 standing 
2 718 647 782 825 35568 0 1 1 standing 
2 716 645 781 823 35569 0 1 1 standing 
2 713 643 780 821 35570 0 1 1 standing 
2 710 641 779 819 35571 0 1 1 standing 
2 708 639 778 817 35572 0 1 1 standing 
2 705 637 777 815 35573 0 1 1 standing 
2 702 635 776 813 35574 0 1 1 standing 
3 781 603 852 747 35555 0 1 0 standing 
3 783 599 851 745 35556 0 1 1 jumping 
3 785 596 851 743 35557 0 1 1 jumping 
3 787 593 851 741 35558 0 1 1 jumping 
3 790 590 851 739 35559 0 1 1 jumping 
3 792 587 851 737 35560 0 1 1 jumping 
3 794 583 850 735 35561 0 1 1 jumping 
3 797 580 850 733 35562 0 1 1 jumping 
3 799 577 850 731 35563 0 1 1 jumping 
3 801 574 850 729 35564 0 1 1 jumping 
3 804 571 850 728 35565 0 1 0 jumping 
3 805 572 851 729 35566 0 1 1 jumping 
3 807 573 853 730 35567 0 1 1 jumping 
3 808 574 854 731 35568 0 1 1 jumping 
3 810 575 856 732 35569 0 1 1 jumping 
3 811 576 857 733 35570 0 1 1 jumping 
3 813 577 859 734 35571 0 1 1 jumping 
3 814 578 860 735 35572 0 1 1 jumping 
3 816 579 862 736 35573 0 1 1 jumping 
3 817 580 863 737 35574 0 1 1 jumping 
4 879 584 950 743 35555 0 1 0 jumping 
4 874 583 943 743 35556 0 1 1 standing 
4 870 582 936 744 35557 0 1 1 standing 
4 866 581 929 744 35558 0 1 1 standing 
4 862 580 923 745 35559 0 1 1 standing 
4 858 580 916 745 35560 0 1 1 standing 
4 854 579 909 746 35561 0 1 1 standing 
4 850 578 903 746 35562 0 1 1 standing 
4 846 577 896 747 35563 0 1 1 standing 
4 842 576 889 747 35564 0 1 1 standing 
4 838 576 883 748 35565 0 1 0 standing 
4 837 575 882 747 35566 0 1 1 standing 
4 836 575 881 747 35567 0 1 1 standing 
4 835 575 880 747 35568 0 1 1 standing 
4 834 575 879 747 35569 0 1 1 standing 
4 833 575 878 747 35570 0 1 1 standing 
4 832 575 877 747 35571 0 1 1 standing 
4 831 575 876 747 35572 0 1 1 standing 
4 830 575 875 747 35573 0 1 1 standing 
4 829 575 874 747 35574 0 1 1 standing 
5 904 535 959 721 35555 0 1 0 standing 
5 897 534 952 720 35556 0 1 1 standing 
5 890 534 946 720 35557 0 1 1 standing 
5 883 533 939 719 35558 0 1 1 standing 
5 877 533 933 719 35559 0 1 1 standing 
5 870 533 926 719 35560 0 1 1 standing 
5 863 532 920 718 35561 0 1 1 standing 
5 857 532 913 718 35562 0 1 1 standing 
5 850 531 907 717 35563 0 1 1 standing 
5 843 531 900 717 35564 0 1 1 standing 
5 837 531 894 717 35565 0 1 0 standing 
5 828 532 887 718 35566 0 1 1 standing 
5 820 533 880 720 35567 0 1 1 standing 
5 812 535 873 721 35568 0 1 1 standing 
5 804 536 866 723 35569 0 1 1 standing 
5 795 537 859 724 35570 0 1 1 standing 
5 787 539 852 726 35571 0 1 1 standing 
5 779 540 845 727 35572 0 1 1 standing 
5 771 542 838 729 35573 0 1 0 standing 
5 768 543 835 730 35574 0 1 1 standing 
6 1215 528 1307 673 35555 0 0 0 standing 
6 1214 529 1309 674 35556 0 0 1 standing 
6 1213 530 1311 675 35557 0 0 1 standing 
6 1213 532 1313 676 35558 0 0 0 standing 
6 1219 530 1313 674 35559 0 0 1 standing 
6 1226 528 1313 672 35560 0 0 1 standing 
6 1233 527 1314 670 35561 0 0 0 standing 
6 1237 527 1316 672 35562 0 0 1 standing 
6 1242 527 1318 674 35563 0 0 1 standing 
6 1247 527 1321 676 35564 0 0 0 standing 
6 1244 528 1325 678 35565 0 0 1 standing 
6 1241 530 1329 680 35566 0 0 1 standing 
6 1239 532 1334 682 35567 0 0 0 standing 
6 1242 532 1337 682 35568 0 0 1 standing 
6 1246 533 1341 683 35569 0 0 1 standing 
6 1250 534 1345 684 35570 0 0 0 standing 
6 1257 533 1344 684 35571 0 0 1 standing 
6 1265 532 1344 684 35572 0 0 1 standing 
6 1272 531 1344 684 35573 0 0 1 standing 
6 1280 530 1344 684 35574 0 0 1 standing 
7 1036 681 1137 845 35555 0 0 0 standing 
7 1039 681 1137 845 35556 0 0 1 standing 
7 1042 682 1138 845 35557 0 0 1 standing 
7 1046 683 1139 846 35558 0 0 0 standing 
7 1055 683 1142 845 35559 0 0 1 standing 
7 1064 683 1145 845 35560 0 0 1 standing 
7 1073 683 1148 845 35561 0 0 0 standing 
7 1070 682 1159 845 35562 0 0 1 standing 
7 1068 681 1170 845 35563 0 0 1 standing 
7 1066 681 1182 846 35564 0 0 0 standing 
7 1066 682 1184 846 35565 0 0 1 standing 
7 1066 683 1186 846 35566 0 0 1 standing 
7 1066 685 1189 846 35567 0 0 0 standing 
7 1069 685 1192 846 35568 0 0 1 standing 
7 1072 686 1195 847 35569 0 0 1 standing 
7 1075 687 1198 848 35570 0 0 0 standing 
7 1085 685 1196 846 35571 0 0 1 standing 
7 1096 684 1195 844 35572 0 0 1 standing 
7 1106 683 1193 843 35573 0 0 1 standing 
7 1117 682 1192 841 35574 0 0 1 standing 
8 1022 561 1068 720 35555 0 0 0 standing 
8 1018 562 1064 720 35556 0 0 1 standing 
8 1015 564 1060 720 35557 0 0 1 standing 
8 1012 566 1057 721 35558 0 0 0 standing 
8 1009 565 1056 719 35559 0 0 1 standing 
8 1006 564 1055 718 35560 0 0 1 standing 
8 1003 563 1055 717 35561 0 0 0 standing 
8 1000 563 1056 718 35562 0 0 1 standing 
8 997 563 1057 720 35563 0 0 1 standing 
8 995 564 1059 722 35564 0 0 0 standing 
8 993 564 1058 722 35565 0 0 1 standing 
8 992 564 1058 722 35566 0 0 1 standing 
8 991 565 1058 722 35567 0 0 1 standing 
8 990 565 1057 722 35568 0 0 1 standing 
8 989 565 1057 722 35569 0 0 1 standing 
8 988 566 1057 723 35570 0 0 0 standing 
8 989 566 1056 723 35571 0 0 1 standing 
8 991 566 1056 723 35572 0 0 1 standing 
8 992 566 1056 724 35573 0 0 1 standing 
8 994 566 1056 724 35574 0 0 1 standing 
9 1104 555 1159 692 35555 0 0 0 standing 
9 1101 556 1157 692 35556 0 0 1 standing 
9 1098 557 1155 693 35557 0 0 1 standing 
9 1096 558 1154 694 35558 0 0 0 standing 
9 1094 558 1152 694 35559 0 0 1 standing 
9 1092 559 1150 695 35560 0 0 1 standing 
9 1091 560 1149 696 35561 0 0 0 standing 
9 1088 561 1148 697 35562 0 0 1 standing 
9 1086 562 1148 698 35563 0 0 1 standing 
9 1084 564 1148 699 35564 0 0 0 standing 
9 1084 565 1148 700 35565 0 0 1 standing 
9 1084 567 1148 702 35566 0 0 1 standing 
9 1084 569 1148 704 35567 0 0 0 standing 
9 1083 569 1147 704 35568 0 0 1 standing 
9 1083 570 1146 704 35569 0 0 1 standing 
9 1083 571 1145 705 35570 0 0 0 standing 
9 1085 571 1145 706 35571 0 0 1 standing 
9 1087 572 1145 707 35572 0 0 1 standing 
9 1090 572 1146 709 35573 0 0 1 standing 
9 1092 573 1146 710 35574 0 0 1 standing 
10 1143 660 1234 779 35555 0 0 0 standing 
10 1139 661 1230 780 35556 0 0 1 falling 
10 1135 662 1226 781 35557 0 0 1 falling 
10 1132 664 1223 783 35558 0 0 0 falling 
10 1129 664 1220 783 35559 0 0 1 falling 
10 1127 664 1218 783 35560 0 0 1 falling 
10 1125 664 1216 783 35561 0 0 0 falling 
10 1121 660 1214 782 35562 0 0 1 falling 
10 1118 656 1212 781 35563 0 0 1 falling 
10 1115 652 1211 780 35564 0 0 0 falling 
10 1113 648 1204 777 35565 0 0 1 falling 
10 1111 645 1197 774 35566 0 0 1 falling 
10 1110 642 1190 772 35567 0 0 0 falling 
10 1109 640 1183 776 35568 0 0 1 falling 
10 1108 639 1177 781 35569 0 0 1 falling 
10 1108 638 1171 786 35570 0 0 0 falling 
10 1105 638 1171 788 35571 0 0 1 falling 
10 1103 638 1172 791 35572 0 0 1 falling 
10 1101 639 1172 794 35573 0 0 1 falling 
10 1099 639 1173 797 35574 0 0 1 falling 
11 1531 630 1592 741 35555 0 0 0 falling 
11 1524 628 1582 741 35556 0 0 1 standing 
11 1518 626 1572 741 35557 0 0 1 standing 
11 1512 624 1563 741 35558 0 0 0 standing 
11 1503 622 1559 741 35559 0 0 1 standing 
11 1495 620 1555 742 35560 0 0 1 standing 
11 1487 619 1552 743 35561 0 0 0 standing 
11 1480 618 1549 741 35562 0 0 1 standing 
11 1474 617 1546 739 35563 0 0 1 standing 
11 1468 616 1543 738 35564 0 0 0 standing 
11 1465 613 1540 738 35565 0 0 1 standing 
11 1462 610 1537 739 35566 0 0 1 standing 
11 1460 607 1534 740 35567 0 0 0 standing 
11 1456 605 1527 739 35568 0 0 1 standing 
11 1453 604 1520 738 35569 0 0 1 standing 
11 1450 603 1513 738 35570 0 0 0 standing 
11 1443 602 1505 739 35571 0 0 1 standing 
11 1437 602 1497 740 35572 0 0 1 standing 
11 1431 602 1489 742 35573 0 0 1 standing 
11 1425 602 1481 743 35574 0 0 1 standing 
