0 1069 499 1172 663 38435 0 1 0 standing 
0 1074 498 1168 662 38436 0 1 1 standing 
0 1080 497 1165 662 38437 0 1 1 standing 
0 1086 497 1162 662 38438 0 1 1 standing 
0 1092 496 1158 662 38439 0 1 1 standing 
0 1098 495 1155 662 38440 0 1 1 standing 
0 1104 495 1152 662 38441 0 1 0 standing 
0 1100 497 1160 664 38442 0 1 1 standing 
0 1097 499 1168 666 38443 0 1 1 standing 
0 1093 501 1176 668 38444 0 1 1 standing 
0 1090 503 1184 670 38445 0 1 0 standing 
0 1094 503 1185 669 38446 0 1 1 standing 
0 1099 504 1186 668 38447 0 1 1 standing 
0 1103 504 1188 668 38448 0 1 1 standing 
0 1108 505 1189 667 38449 0 1 1 standing 
0 1113 506 1191 667 38450 0 1 0 standing 
0 1124 505 1199 664 38451 0 1 1 standing 
0 1135 504 1208 662 38452 0 1 1 standing 
0 1147 503 1216 660 38453 0 1 1 standing 
0 1158 502 1225 658 38454 0 1 1 standing 
1 1142 518 1241 683 38435 0 1 0 standing 
1 1144 518 1235 683 38436 0 1 1 standing 
1 1147 518 1230 683 38437 0 1 1 standing 
1 1149 518 1225 683 38438 0 1 1 standing 
1 1152 518 1220 683 38439 0 1 1 standing 
1 1154 518 1215 683 38440 0 1 1 standing 
1 1157 518 1210 684 38441 0 1 0 standing 
1 1157 517 1211 683 38442 0 1 1 standing 
1 1157 516 1213 683 38443 0 1 1 standing 
1 1157 515 1214 682 38444 0 1 1 standing 
1 1157 515 1216 682 38445 0 1 0 standing 
1 1159 514 1218 681 38446 0 1 1 standing 
1 1162 514 1220 681 38447 0 1 1 standing 
1 1165 514 1222 681 38448 0 1 1 standing 
1 1168 514 1224 681 38449 0 1 1 standing 
1 1171 514 1227 681 38450 0 1 1 standing 
1 1174 513 1229 680 38451 0 1 1 standing 
1 1177 513 1231 680 38452 0 1 1 standing 
1 1180 513 1233 680 38453 0 1 1 standing 
1 1183 513 1235 680 38454 0 1 1 standing 
2 1196 534 1292 707 38435 0 1 0 standing 
2 1193 534 1288 706 38436 0 1 1 standing 
2 1191 534 1285 706 38437 0 1 1 standing 
2 1188 534 1281 706 38438 0 1 1 standing 
2 1186 534 1278 706 38439 0 1 1 standing 
2 1183 534 1274 706 38440 0 1 1 standing 
2 1181 534 1271 706 38441 0 1 0 standing 
2 1185 531 1275 703 38442 0 1 1 standing 
2 1189 528 1279 700 38443 0 1 1 standing 
2 1193 525 1283 697 38444 0 1 1 standing 
2 1198 522 1287 695 38445 0 1 0 standing 
2 1201 522 1289 695 38446 0 1 1 standing 
2 1204 522 1292 695 38447 0 1 1 standing 
2 1207 522 1294 695 38448 0 1 1 standing 
2 1210 523 1297 696 38449 0 1 1 standing 
2 1213 523 1299 696 38450 0 1 1 standing 
2 1216 523 1302 696 38451 0 1 1 standing 
2 1219 524 1304 697 38452 0 1 1 standing 
2 1222 524 1307 697 38453 0 1 1 standing 
2 1225 524 1309 697 38454 0 1 1 standing 
3 1352 530 1433 690 38435 0 1 0 standing 
3 1345 530 1426 690 38436 0 1 1 standing 
3 1338 530 1419 691 38437 0 1 1 standing 
3 1331 531 1412 691 38438 0 1 1 standing 
3 1324 531 1405 692 38439 0 1 1 standing 
3 1317 532 1398 692 38440 0 1 1 standing 
3 1310 532 1391 693 38441 0 1 1 standing 
3 1303 532 1384 693 38442 0 1 1 standing 
3 1296 533 1377 694 38443 0 1 1 standing 
3 1289 533 1370 694 38444 0 1 1 standing 
3 1282 534 1363 695 38445 0 1 0 standing 
3 1281 533 1360 694 38446 0 1 1 standing 
3 1281 533 1358 694 38447 0 1 1 standing 
3 1281 533 1355 694 38448 0 1 1 standing 
3 1281 533 1353 694 38449 0 1 1 standing 
3 1281 533 1350 694 38450 0 1 1 standing 
3 1281 533 1348 694 38451 0 1 1 standing 
3 1281 533 1345 694 38452 0 1 1 standing 
3 1281 533 1343 694 38453 0 1 1 standing 
3 1281 533 1340 694 38454 0 1 1 standing 
4 1436 521 1493 678 38435 0 1 0 standing 
4 1427 520 1485 677 38436 0 1 1 standing 
4 1419 520 1477 677 38437 0 1 1 standing 
4 1411 519 1469 676 38438 0 1 1 standing 
4 1403 519 1461 676 38439 0 1 1 standing 
4 1395 518 1453 675 38440 0 1 1 standing 
4 1387 518 1445 675 38441 0 1 1 standing 
4 1379 517 1437 674 38442 0 1 1 standing 
4 1371 517 1429 674 38443 0 1 1 standing 
4 1363 516 1421 673 38444 0 1 1 standing 
4 1355 516 1414 673 38445 0 1 0 standing 
4 1349 515 1408 671 38446 0 1 1 standing 
4 1344 514 1403 670 38447 0 1 1 standing 
4 1338 513 1397 669 38448 0 1 1 standing 
4 1333 512 1392 668 38449 0 1 1 standing 
4 1328 511 1387 667 38450 0 1 1 standing 
4 1322 510 1381 666 38451 0 1 1 standing 
4 1317 509 1376 665 38452 0 1 1 standing 
4 1311 508 1370 664 38453 0 1 1 standing 
4 1306 507 1365 663 38454 0 1 1 standing 
5 1394 488 1497 650 38435 0 1 0 standing 
5 1382 489 1485 649 38436 0 1 1 standing 
5 1371 491 1474 649 38437 0 1 1 standing 
5 1360 493 1462 649 38438 0 1 1 standing 
5 1349 495 1451 649 38439 0 1 1 standing 
5 1338 497 1440 649 38440 0 1 1 standing 
5 1326 498 1428 648 38441 0 1 1 standing 
5 1315 500 1417 648 38442 0 1 1 standing 
5 1304 502 1405 648 38443 0 1 1 standing 
5 1293 504 1394 648 38444 0 1 1 standing 
5 1282 506 1383 648 38445 0 1 0 standing 
5 1279 506 1377 648 38446 0 1 1 standing 
5 1277 506 1371 648 38447 0 1 1 standing 
5 1275 506 1365 649 38448 0 1 1 standing 
5 1273 507 1360 649 38449 0 1 1 standing 
5 1271 507 1354 650 38450 0 1 1 standing 
5 1269 507 1348 650 38451 0 1 1 standing 
5 1267 508 1343 650 38452 0 1 1 standing 
5 1265 508 1337 651 38453 0 1 1 standing 
5 1263 508 1331 651 38454 0 1 1 standing 
6 240 626 319 815 38435 0 0 0 standing 
6 237 626 316 815 38436 0 0 1 standing 
6 235 626 314 816 38437 0 0 1 standing 
6 233 626 312 816 38438 0 0 1 standing 
6 231 627 310 817 38439 0 0 1 standing 
6 229 627 308 817 38440 0 0 1 standing 
6 226 627 305 818 38441 0 0 1 standing 
6 224 628 303 818 38442 0 0 1 standing 
6 222 628 301 819 38443 0 0 1 standing 
6 220 628 299 819 38444 0 0 1 standing 
6 218 629 297 820 38445 0 0 0 standing 
6 219 627 298 818 38446 0 0 1 standing 
6 221 625 300 816 38447 0 0 1 standing 
6 222 623 301 814 38448 0 0 1 standing 
6 224 621 303 813 38449 0 0 1 standing 
6 225 620 304 811 38450 0 0 1 standing 
6 227 618 306 809 38451 0 0 1 standing 
6 228 616 307 808 38452 0 0 1 standing 
6 230 614 309 806 38453 0 0 1 standing 
6 231 612 310 804 38454 0 0 1 standing 
7 275 529 368 702 38435 0 0 0 standing 
7 269 530 357 703 38436 0 0 1 standing 
7 263 532 347 705 38437 0 0 1 standing 
7 257 534 336 707 38438 0 0 1 standing 
7 251 536 326 708 38439 0 0 1 standing 
7 245 538 316 710 38440 0 0 1 standing 
7 239 539 305 712 38441 0 0 1 standing 
7 233 541 295 713 38442 0 0 1 standing 
7 227 543 284 715 38443 0 0 1 standing 
7 221 545 274 717 38444 0 0 1 standing 
7 215 547 264 719 38445 0 0 0 standing 
7 209 548 260 720 38446 0 0 1 standing 
7 203 549 257 721 38447 0 0 1 standing 
7 197 550 254 722 38448 0 0 1 standing 
7 191 551 251 723 38449 0 0 1 standing 
7 185 553 248 724 38450 0 0 1 standing 
7 179 554 245 725 38451 0 0 1 standing 
7 173 555 242 726 38452 0 0 1 standing 
7 167 556 239 727 38453 0 0 1 standing 
7 161 557 236 728 38454 0 0 1 standing 
8 445 601 516 764 38435 0 0 0 standing 
8 438 600 509 763 38436 0 0 1 standing 
8 431 600 502 763 38437 0 0 1 standing 
8 424 600 495 763 38438 0 0 1 standing 
8 417 600 488 763 38439 0 0 1 standing 
8 410 600 481 763 38440 0 0 1 standing 
8 403 599 474 763 38441 0 0 1 standing 
8 396 599 467 763 38442 0 0 1 standing 
8 389 599 460 763 38443 0 0 1 standing 
8 382 599 453 763 38444 0 0 1 standing 
8 376 599 447 763 38445 0 0 0 standing 
8 372 598 443 762 38446 0 0 1 standing 
8 369 598 440 762 38447 0 0 1 standing 
8 365 598 436 761 38448 0 0 1 standing 
8 362 598 433 761 38449 0 0 1 standing 
8 359 598 430 761 38450 0 0 1 standing 
8 355 597 426 760 38451 0 0 1 standing 
8 352 597 423 760 38452 0 0 1 standing 
8 348 597 419 759 38453 0 0 1 standing 
8 345 597 416 759 38454 0 0 1 standing 
9 483 521 558 693 38435 0 0 0 standing 
9 481 521 555 693 38436 0 0 1 standing 
9 479 522 552 694 38437 0 0 1 standing 
9 478 522 549 695 38438 0 0 1 standing 
9 476 523 546 695 38439 0 0 1 standing 
9 475 524 543 696 38440 0 0 1 standing 
9 473 524 540 697 38441 0 0 1 standing 
9 471 525 537 697 38442 0 0 1 standing 
9 470 525 534 698 38443 0 0 1 standing 
9 468 526 531 699 38444 0 0 1 standing 
9 467 527 528 700 38445 0 0 0 standing 
9 468 527 530 701 38446 0 0 1 standing 
9 470 527 532 702 38447 0 0 1 standing 
9 471 527 535 703 38448 0 0 1 standing 
9 473 528 537 704 38449 0 0 1 standing 
9 475 528 540 705 38450 0 0 1 standing 
9 476 528 542 706 38451 0 0 1 standing 
9 478 529 544 707 38452 0 0 1 standing 
9 479 529 547 708 38453 0 0 1 standing 
9 481 529 549 709 38454 0 0 1 standing 
10 687 456 757 621 38435 0 0 0 standing 
10 681 456 751 621 38436 0 0 1 standing 
10 676 457 746 622 38437 0 0 1 standing 
10 671 458 741 623 38438 0 0 1 standing 
10 665 459 735 624 38439 0 0 1 standing 
10 660 460 730 625 38440 0 0 1 standing 
10 655 461 725 626 38441 0 0 1 standing 
10 649 462 719 627 38442 0 0 1 standing 
10 644 463 714 628 38443 0 0 1 standing 
10 639 464 709 629 38444 0 0 1 standing 
10 634 465 704 630 38445 0 0 0 standing 
10 633 464 702 629 38446 0 0 1 standing 
10 633 464 700 629 38447 0 0 1 standing 
10 633 464 698 629 38448 0 0 1 standing 
10 632 464 696 628 38449 0 0 1 standing 
10 632 464 695 628 38450 0 0 1 standing 
10 632 464 693 628 38451 0 0 1 standing 
10 631 464 691 627 38452 0 0 1 standing 
10 631 464 689 627 38453 0 0 1 standing 
10 631 464 687 627 38454 0 0 1 standing 
11 809 564 889 747 38435 0 0 0 standing 
11 800 565 880 747 38436 0 0 1 standing 
11 792 566 872 748 38437 0 0 1 standing 
11 784 567 863 749 38438 0 0 1 standing 
11 776 569 855 749 38439 0 0 1 standing 
11 768 570 847 750 38440 0 0 1 standing 
11 760 571 838 751 38441 0 0 1 standing 
11 752 573 830 751 38442 0 0 1 standing 
11 744 574 821 752 38443 0 0 1 standing 
11 736 575 813 753 38444 0 0 1 standing 
11 728 577 805 754 38445 0 0 0 standing 
11 723 577 800 754 38446 0 0 1 standing 
11 718 577 795 754 38447 0 0 1 standing 
11 713 577 790 754 38448 0 0 1 standing 
11 708 577 785 754 38449 0 0 1 standing 
11 704 577 781 754 38450 0 0 1 standing 
11 699 577 776 754 38451 0 0 1 standing 
11 694 577 771 754 38452 0 0 1 standing 
11 689 577 766 754 38453 0 0 1 standing 
11 684 577 761 754 38454 0 0 1 standing 
