0 746 548 805 663 27100 0 1 0 spiking 
0 747 538 805 657 27101 0 1 1 spiking 
0 749 529 806 652 27102 0 1 1 spiking 
0 750 519 806 646 27103 0 1 1 spiking 
0 752 510 807 641 27104 0 1 1 spiking 
0 754 501 808 636 27105 0 1 0 spiking 
0 752 500 809 631 27106 0 1 1 spiking 
0 750 500 810 627 27107 0 1 1 spiking 
0 749 500 811 622 27108 0 1 1 spiking 
0 747 500 812 618 27109 0 1 1 spiking 
0 746 500 814 614 27110 0 1 0 spiking 
0 747 503 813 615 27111 0 1 1 spiking 
0 748 506 813 617 27112 0 1 1 spiking 
0 749 509 813 618 27113 0 1 1 spiking 
0 750 512 813 620 27114 0 1 1 spiking 
0 751 515 813 621 27115 0 1 1 spiking 
0 752 519 813 623 27116 0 1 1 spiking 
0 753 522 813 624 27117 0 1 1 spiking 
0 754 525 813 626 27118 0 1 1 spiking 
0 755 528 813 627 27119 0 1 1 spiking 
1 630 505 675 609 27100 0 1 0 spiking 
1 634 502 679 608 27101 0 1 1 blocking 
1 638 499 683 608 27102 0 1 1 blocking 
1 643 496 687 607 27103 0 1 1 blocking 
1 647 493 691 607 27104 0 1 1 blocking 
1 652 491 696 607 27105 0 1 0 blocking 
1 657 484 701 606 27106 0 1 1 blocking 
1 662 477 706 605 27107 0 1 1 blocking 
1 667 470 711 605 27108 0 1 1 blocking 
1 672 463 716 604 27109 0 1 1 blocking 
1 677 456 721 604 27110 0 1 0 blocking 
1 678 456 722 604 27111 0 1 1 blocking 
1 679 457 724 604 27112 0 1 1 blocking 
1 680 458 725 605 27113 0 1 1 blocking 
1 681 458 727 605 27114 0 1 1 blocking 
1 682 459 728 606 27115 0 1 1 blocking 
1 683 460 730 606 27116 0 1 1 blocking 
1 685 461 732 607 27117 0 1 0 blocking 
1 683 463 733 609 27118 0 1 1 blocking 
1 682 466 735 612 27119 0 1 1 blocking 
2 626 534 674 639 27100 0 1 0 blocking 
2 630 526 678 637 27101 0 1 1 blocking 
2 635 519 683 635 27102 0 1 1 blocking 
2 640 512 688 633 27103 0 1 1 blocking 
2 645 504 693 631 27104 0 1 1 blocking 
2 650 497 698 629 27105 0 1 1 blocking 
2 654 490 702 627 27106 0 1 1 blocking 
2 659 482 707 625 27107 0 1 1 blocking 
2 664 475 712 623 27108 0 1 1 blocking 
2 669 468 717 621 27109 0 1 1 blocking 
2 674 461 722 619 27110 0 1 0 blocking 
2 676 464 724 620 27111 0 1 1 blocking 
2 679 467 726 622 27112 0 1 1 blocking 
2 681 470 728 624 27113 0 1 1 blocking 
2 684 473 731 626 27114 0 1 1 blocking 
2 686 476 733 628 27115 0 1 1 blocking 
2 689 479 735 630 27116 0 1 1 blocking 
2 691 482 737 632 27117 0 1 1 blocking 
2 694 485 740 634 27118 0 1 1 blocking 
2 696 488 742 636 27119 0 1 1 blocking 
3 625 454 660 532 27100 0 0 0 blocking 
3 626 453 660 535 27101 0 0 1 standing 
3 628 453 660 538 27102 0 0 1 standing 
3 630 453 660 541 27103 0 0 0 standing 
3 631 455 661 544 27104 0 0 1 standing 
3 632 457 662 548 27105 0 0 1 standing 
3 634 459 663 552 27106 0 0 0 standing 
3 633 461 666 553 27107 0 0 1 standing 
3 632 463 670 554 27108 0 0 1 standing 
3 631 465 674 556 27109 0 0 0 standing 
3 627 466 677 556 27110 0 0 1 standing 
3 623 467 680 556 27111 0 0 1 standing 
3 620 468 683 556 27112 0 0 0 standing 
3 621 471 684 557 27113 0 0 1 standing 
3 622 474 685 559 27114 0 0 1 standing 
3 624 478 687 561 27115 0 0 0 standing 
3 625 481 688 563 27116 0 0 1 standing 
3 626 484 689 566 27117 0 0 1 standing 
3 627 487 690 569 27118 0 0 1 standing 
3 628 490 691 572 27119 0 0 1 standing 
4 731 455 774 542 27100 0 0 0 standing 
4 733 456 772 542 27101 0 0 1 standing 
4 735 458 770 543 27102 0 0 1 standing 
4 737 460 768 544 27103 0 0 0 standing 
4 736 459 771 542 27104 0 0 1 standing 
4 735 458 774 540 27105 0 0 1 standing 
4 734 457 778 539 27106 0 0 0 standing 
4 735 457 779 542 27107 0 0 1 standing 
4 737 457 780 546 27108 0 0 1 standing 
4 739 458 782 550 27109 0 0 0 standing 
4 743 460 786 552 27110 0 0 1 standing 
4 747 462 790 554 27111 0 0 1 standing 
4 752 465 795 557 27112 0 0 0 standing 
4 756 466 796 552 27113 0 0 1 standing 
4 761 468 797 547 27114 0 0 1 standing 
4 766 470 798 542 27115 0 0 0 standing 
4 762 470 799 544 27116 0 0 1 standing 
4 758 470 801 547 27117 0 0 1 standing 
4 754 471 803 550 27118 0 0 1 standing 
4 750 471 805 553 27119 0 0 1 standing 
5 781 450 833 537 27100 0 0 0 standing 
5 791 450 839 535 27101 0 0 1 moving 
5 801 450 845 533 27102 0 0 1 moving 
5 811 450 851 531 27103 0 0 0 moving 
5 817 450 855 531 27104 0 0 1 moving 
5 823 450 859 531 27105 0 0 1 moving 
5 829 451 864 531 27106 0 0 0 moving 
5 835 451 870 531 27107 0 0 1 moving 
5 841 451 876 531 27108 0 0 1 moving 
5 847 451 882 531 27109 0 0 0 moving 
5 850 451 887 531 27110 0 0 1 moving 
5 853 451 892 531 27111 0 0 1 moving 
5 856 452 897 531 27112 0 0 0 moving 
5 861 452 905 531 27113 0 0 1 moving 
5 866 452 913 532 27114 0 0 1 moving 
5 872 452 921 533 27115 0 0 0 moving 
5 877 453 926 536 27116 0 0 1 moving 
5 882 454 931 539 27117 0 0 1 moving 
5 887 456 936 543 27118 0 0 1 moving 
5 892 457 941 546 27119 0 0 1 moving 
6 806 488 849 585 27100 0 0 0 moving 
6 802 489 846 585 27101 0 0 1 standing 
6 798 490 843 585 27102 0 0 1 standing 
6 795 491 840 585 27103 0 0 0 standing 
6 793 492 837 588 27104 0 0 1 standing 
6 791 494 835 591 27105 0 0 1 standing 
6 789 496 833 595 27106 0 0 0 standing 
6 790 497 832 598 27107 0 0 1 standing 
6 791 498 832 601 27108 0 0 1 standing 
6 792 500 832 605 27109 0 0 0 standing 
6 793 500 834 605 27110 0 0 1 standing 
6 795 500 836 605 27111 0 0 1 standing 
6 797 501 839 606 27112 0 0 0 standing 
6 797 503 840 608 27113 0 0 1 standing 
6 798 505 841 611 27114 0 0 1 standing 
6 799 508 843 614 27115 0 0 0 standing 
6 799 509 844 616 27116 0 0 1 standing 
6 800 511 845 618 27117 0 0 1 standing 
6 801 512 846 620 27118 0 0 1 standing 
6 802 514 847 622 27119 0 0 1 standing 
7 866 543 933 627 27100 0 0 0 standing 
7 862 541 924 628 27101 0 0 1 standing 
7 859 539 915 629 27102 0 0 1 standing 
7 856 538 906 630 27103 0 0 0 standing 
7 854 538 904 630 27104 0 0 1 standing 
7 853 539 903 631 27105 0 0 1 standing 
7 852 540 902 632 27106 0 0 0 standing 
7 850 542 900 634 27107 0 0 1 standing 
7 849 544 899 636 27108 0 0 1 standing 
7 848 546 898 638 27109 0 0 0 standing 
7 848 546 897 638 27110 0 0 1 standing 
7 849 546 897 638 27111 0 0 1 standing 
7 850 546 897 638 27112 0 0 1 standing 
7 851 546 897 638 27113 0 0 1 standing 
7 852 546 897 638 27114 0 0 1 standing 
7 853 546 897 638 27115 0 0 0 standing 
7 853 547 897 639 27116 0 0 1 standing 
7 854 548 897 641 27117 0 0 1 standing 
7 855 550 897 643 27118 0 0 1 standing 
7 856 551 897 645 27119 0 0 1 standing 
8 705 407 744 485 27100 0 0 0 standing 
8 703 408 744 486 27101 0 0 1 standing 
8 702 409 744 487 27102 0 0 1 standing 
8 701 410 745 489 27103 0 0 0 standing 
8 700 410 745 489 27104 0 0 1 standing 
8 699 410 745 490 27105 0 0 1 standing 
8 698 410 745 491 27106 0 0 0 standing 
8 700 410 746 494 27107 0 0 1 standing 
8 702 410 747 498 27108 0 0 1 standing 
8 705 411 748 502 27109 0 0 0 standing 
8 709 412 750 502 27110 0 0 1 standing 
8 713 413 752 503 27111 0 0 1 standing 
8 717 414 754 504 27112 0 0 0 standing 
8 719 411 756 502 27113 0 0 1 standing 
8 722 409 759 500 27114 0 0 1 standing 
8 725 407 762 499 27115 0 0 0 standing 
8 727 407 764 500 27116 0 0 1 standing 
8 729 408 766 502 27117 0 0 1 standing 
8 731 409 768 504 27118 0 0 1 standing 
8 733 410 770 506 27119 0 0 1 standing 
9 344 525 405 633 27100 0 0 0 standing 
9 345 525 405 632 27101 0 0 1 moving 
9 346 525 405 632 27102 0 0 1 moving 
9 347 525 405 632 27103 0 0 0 moving 
9 345 526 406 630 27104 0 0 1 moving 
9 343 527 408 629 27105 0 0 1 moving 
9 341 529 410 628 27106 0 0 0 moving 
9 344 530 416 628 27107 0 0 1 moving 
9 347 532 422 628 27108 0 0 1 moving 
9 351 534 429 628 27109 0 0 0 moving 
9 360 532 432 628 27110 0 0 1 moving 
9 369 530 436 628 27111 0 0 1 moving 
9 379 529 440 628 27112 0 0 0 moving 
9 391 529 448 631 27113 0 0 1 moving 
9 403 529 456 634 27114 0 0 1 moving 
9 416 530 464 638 27115 0 0 0 moving 
9 422 531 469 639 27116 0 0 1 moving 
9 428 533 474 641 27117 0 0 1 moving 
9 435 534 479 642 27118 0 0 1 moving 
9 441 536 484 644 27119 0 0 1 moving 
10 381 447 442 516 27100 0 0 0 moving 
10 387 446 449 515 27101 0 0 1 waiting 
10 393 446 457 514 27102 0 0 1 waiting 
10 399 446 465 513 27103 0 0 0 waiting 
10 406 447 470 513 27104 0 0 1 waiting 
10 413 448 475 513 27105 0 0 1 waiting 
10 421 450 481 514 27106 0 0 0 waiting 
10 426 451 483 515 27107 0 0 1 waiting 
10 431 452 485 517 27108 0 0 1 waiting 
10 436 453 488 519 27109 0 0 0 waiting 
10 439 453 491 518 27110 0 0 1 waiting 
10 442 453 495 517 27111 0 0 1 waiting 
10 446 454 499 517 27112 0 0 0 waiting 
10 447 454 497 517 27113 0 0 1 waiting 
10 448 454 495 518 27114 0 0 1 waiting 
10 449 455 493 519 27115 0 0 0 waiting 
10 446 455 493 520 27116 0 0 1 waiting 
10 444 456 493 522 27117 0 0 1 waiting 
10 441 456 493 524 27118 0 0 1 waiting 
10 439 457 493 526 27119 0 0 1 waiting 
11 315 485 368 572 27100 0 0 0 waiting 
11 316 485 368 569 27101 0 0 1 standing 
11 317 485 369 567 27102 0 0 1 standing 
11 318 485 370 565 27103 0 0 0 standing 
11 314 484 372 563 27104 0 0 1 standing 
11 311 483 374 561 27105 0 0 1 standing 
11 308 482 377 560 27106 0 0 0 standing 
11 307 481 380 558 27107 0 0 1 standing 
11 307 480 383 557 27108 0 0 1 standing 
11 307 479 386 556 27109 0 0 0 standing 
11 310 478 386 555 27110 0 0 1 standing 
11 313 478 386 554 27111 0 0 1 standing 
11 317 478 387 553 27112 0 0 0 standing 
11 319 478 384 554 27113 0 0 1 standing 
11 321 478 381 556 27114 0 0 1 standing 
11 323 478 379 558 27115 0 0 0 standing 
11 324 478 381 559 27116 0 0 1 standing 
11 326 478 384 560 27117 0 0 1 standing 
11 328 479 386 561 27118 0 0 1 standing 
11 330 479 389 562 27119 0 0 1 standing 
