0 608 503 693 701 23525 0 1 0 digging 
0 599 504 684 702 23526 0 1 1 digging 
0 590 505 676 704 23527 0 1 1 digging 
0 582 506 667 705 23528 0 1 1 digging 
0 573 507 659 707 23529 0 1 1 digging 
0 565 509 651 709 23530 0 1 0 digging 
0 561 509 646 709 23531 0 1 1 digging 
0 557 509 641 710 23532 0 1 1 digging 
0 553 509 636 710 23533 0 1 1 digging 
0 549 509 631 711 23534 0 1 1 digging 
0 545 509 626 712 23535 0 1 1 digging 
0 541 509 621 712 23536 0 1 1 digging 
0 537 509 616 713 23537 0 1 1 digging 
0 533 509 611 713 23538 0 1 1 digging 
0 529 509 606 714 23539 0 1 1 digging 
0 525 509 601 715 23540 0 1 1 digging 
0 521 509 596 715 23541 0 1 1 digging 
0 517 509 591 716 23542 0 1 1 digging 
0 513 509 586 716 23543 0 1 1 digging 
0 509 509 581 717 23544 0 1 1 digging 
1 860 441 938 650 23525 0 0 0 digging 
1 859 443 937 652 23526 0 0 1 standing 
1 859 445 937 654 23527 0 0 1 standing 
1 858 447 936 656 23528 0 0 1 standing 
1 858 449 936 659 23529 0 0 1 standing 
1 857 452 935 661 23530 0 0 1 standing 
1 857 454 935 663 23531 0 0 1 standing 
1 856 456 934 666 23532 0 0 1 standing 
1 856 458 934 668 23533 0 0 1 standing 
1 855 460 933 670 23534 0 0 1 standing 
1 855 463 933 673 23535 0 0 0 standing 
1 853 465 931 675 23536 0 0 1 standing 
1 851 468 929 678 23537 0 0 1 standing 
1 849 471 927 681 23538 0 0 1 standing 
1 848 473 925 683 23539 0 0 1 standing 
1 846 476 924 686 23540 0 0 1 standing 
1 844 479 922 689 23541 0 0 1 standing 
1 843 481 920 691 23542 0 0 1 standing 
1 841 484 918 694 23543 0 0 1 standing 
1 839 487 916 697 23544 0 0 1 standing 
2 330 505 427 693 23525 0 0 0 standing 
2 334 503 430 693 23526 0 0 1 standing 
2 338 501 434 693 23527 0 0 1 standing 
2 342 499 438 694 23528 0 0 1 standing 
2 346 497 442 694 23529 0 0 1 standing 
2 350 495 446 695 23530 0 0 1 standing 
2 354 493 450 695 23531 0 0 1 standing 
2 358 491 454 695 23532 0 0 1 standing 
2 362 489 458 696 23533 0 0 1 standing 
2 366 487 462 696 23534 0 0 1 standing 
2 371 486 466 697 23535 0 0 0 standing 
2 372 485 465 698 23536 0 0 1 standing 
2 374 485 464 699 23537 0 0 1 standing 
2 375 485 464 701 23538 0 0 1 standing 
2 377 485 463 702 23539 0 0 1 standing 
2 379 485 463 704 23540 0 0 0 standing 
2 378 483 461 704 23541 0 0 1 standing 
2 377 482 459 705 23542 0 0 1 standing 
2 377 481 457 705 23543 0 0 1 standing 
2 376 480 455 706 23544 0 0 1 standing 
3 1033 523 1106 741 23525 0 0 0 standing 
3 1032 523 1105 740 23526 0 0 1 standing 
3 1031 524 1104 740 23527 0 0 1 standing 
3 1031 525 1103 740 23528 0 0 1 standing 
3 1030 525 1102 740 23529 0 0 1 standing 
3 1030 526 1101 740 23530 0 0 1 standing 
3 1029 527 1100 740 23531 0 0 1 standing 
3 1029 528 1099 740 23532 0 0 0 standing 
3 1028 525 1098 740 23533 0 0 1 standing 
3 1028 523 1098 741 23534 0 0 1 standing 
3 1028 521 1098 742 23535 0 0 0 standing 
3 1027 524 1097 744 23536 0 0 1 standing 
3 1026 527 1096 746 23537 0 0 1 standing 
3 1025 530 1095 748 23538 0 0 1 standing 
3 1024 534 1094 750 23539 0 0 1 standing 
3 1024 537 1094 752 23540 0 0 1 standing 
3 1023 540 1093 754 23541 0 0 1 standing 
3 1022 544 1092 756 23542 0 0 1 standing 
3 1021 547 1091 758 23543 0 0 1 standing 
3 1020 550 1090 760 23544 0 0 1 standing 
4 996 429 1087 603 23525 0 0 0 standing 
4 995 428 1085 602 23526 0 0 1 waiting 
4 995 428 1084 602 23527 0 0 1 waiting 
4 994 427 1082 601 23528 0 0 1 waiting 
4 994 427 1081 601 23529 0 0 1 waiting 
4 993 427 1080 601 23530 0 0 1 waiting 
4 993 426 1078 600 23531 0 0 1 waiting 
4 992 426 1077 600 23532 0 0 1 waiting 
4 992 425 1075 599 23533 0 0 1 waiting 
4 991 425 1074 599 23534 0 0 1 waiting 
4 991 425 1073 599 23535 0 0 0 waiting 
4 990 425 1072 597 23536 0 0 1 waiting 
4 990 426 1072 596 23537 0 0 1 waiting 
4 990 426 1072 595 23538 0 0 1 waiting 
4 990 427 1072 593 23539 0 0 1 waiting 
4 990 428 1072 592 23540 0 0 1 waiting 
4 990 428 1072 591 23541 0 0 1 waiting 
4 990 429 1072 589 23542 0 0 1 waiting 
4 990 429 1072 588 23543 0 0 1 waiting 
4 990 430 1072 587 23544 0 0 1 waiting 
5 1442 468 1574 665 23525 0 0 0 waiting 
5 1454 466 1577 664 23526 0 0 1 standing 
5 1466 464 1580 664 23527 0 0 1 standing 
5 1479 462 1583 664 23528 0 0 1 standing 
5 1491 460 1586 664 23529 0 0 1 standing 
5 1504 458 1589 664 23530 0 0 1 standing 
5 1516 456 1592 664 23531 0 0 1 standing 
5 1529 455 1595 664 23532 0 0 0 standing 
5 1529 454 1604 664 23533 0 0 1 standing 
5 1530 453 1613 664 23534 0 0 1 standing 
5 1531 452 1622 665 23535 0 0 0 standing 
5 1537 451 1625 664 23536 0 0 1 standing 
5 1543 451 1629 664 23537 0 0 1 standing 
5 1549 450 1633 664 23538 0 0 1 standing 
5 1555 450 1637 663 23539 0 0 1 standing 
5 1561 449 1641 663 23540 0 0 1 standing 
5 1567 449 1645 663 23541 0 0 1 standing 
5 1573 448 1649 662 23542 0 0 1 standing 
5 1579 448 1653 662 23543 0 0 1 standing 
5 1585 447 1657 662 23544 0 0 1 standing 
6 196 611 315 850 23525 0 0 0 standing 
6 195 612 314 849 23526 0 0 1 standing 
6 194 614 313 849 23527 0 0 1 standing 
6 193 616 312 849 23528 0 0 1 standing 
6 193 617 311 849 23529 0 0 1 standing 
6 192 619 311 849 23530 0 0 1 standing 
6 191 621 310 849 23531 0 0 1 standing 
6 191 622 309 849 23532 0 0 1 standing 
6 190 624 308 849 23533 0 0 1 standing 
6 189 626 307 849 23534 0 0 1 standing 
6 189 628 307 849 23535 0 0 0 standing 
6 196 629 314 851 23536 0 0 1 standing 
6 203 630 321 853 23537 0 0 1 standing 
6 210 631 328 855 23538 0 0 1 standing 
6 217 633 335 857 23539 0 0 1 standing 
6 225 634 342 859 23540 0 0 1 standing 
6 232 635 349 861 23541 0 0 1 standing 
6 239 637 356 863 23542 0 0 1 standing 
6 246 638 363 865 23543 0 0 1 standing 
6 253 639 370 867 23544 0 0 1 standing 
7 555 469 621 647 23525 0 0 0 standing 
7 553 468 619 644 23526 0 0 1 standing 
7 551 468 617 642 23527 0 0 1 standing 
7 549 467 615 640 23528 0 0 1 standing 
7 547 467 613 638 23529 0 0 1 standing 
7 545 467 611 636 23530 0 0 1 standing 
7 543 466 609 634 23531 0 0 1 standing 
7 541 466 607 632 23532 0 0 1 standing 
7 539 465 605 630 23533 0 0 1 standing 
7 537 465 603 628 23534 0 0 1 standing 
7 535 465 602 626 23535 0 0 0 standing 
7 536 466 605 627 23536 0 0 1 standing 
7 537 468 608 629 23537 0 0 1 standing 
7 538 470 611 631 23538 0 0 1 standing 
7 539 471 614 632 23539 0 0 1 standing 
7 540 473 618 634 23540 0 0 1 standing 
7 541 475 621 636 23541 0 0 1 standing 
7 542 476 624 637 23542 0 0 1 standing 
7 543 478 627 639 23543 0 0 1 standing 
7 544 480 630 641 23544 0 0 1 standing 
8 715 336 788 485 23525 0 0 0 standing 
8 714 335 786 484 23526 0 0 1 standing 
8 713 335 785 484 23527 0 0 1 standing 
8 712 335 784 484 23528 0 0 1 standing 
8 711 334 783 484 23529 0 0 1 standing 
8 710 334 782 484 23530 0 0 1 standing 
8 709 334 781 483 23531 0 0 1 standing 
8 708 333 780 483 23532 0 0 1 standing 
8 707 333 779 483 23533 0 0 1 standing 
8 706 333 778 483 23534 0 0 1 standing 
8 705 333 777 483 23535 0 0 0 standing 
8 704 334 776 484 23536 0 0 1 standing 
8 704 335 776 485 23537 0 0 1 standing 
8 704 336 776 486 23538 0 0 1 standing 
8 704 338 776 488 23539 0 0 1 standing 
8 704 339 776 489 23540 0 0 1 standing 
8 703 340 775 490 23541 0 0 1 standing 
8 703 342 775 492 23542 0 0 1 standing 
8 703 343 775 493 23543 0 0 1 standing 
8 703 344 775 494 23544 0 0 1 standing 
9 1017 479 1081 686 23525 0 0 0 standing 
9 1015 478 1079 685 23526 0 0 1 standing 
9 1014 478 1078 685 23527 0 0 1 standing 
9 1013 478 1077 685 23528 0 0 1 standing 
9 1012 477 1076 684 23529 0 0 1 standing 
9 1011 477 1075 684 23530 0 0 1 standing 
9 1010 477 1074 684 23531 0 0 1 standing 
9 1009 476 1073 683 23532 0 0 1 standing 
9 1008 476 1072 683 23533 0 0 1 standing 
9 1007 476 1071 683 23534 0 0 1 standing 
9 1006 476 1070 683 23535 0 0 0 standing 
9 1005 479 1070 685 23536 0 0 1 standing 
9 1005 483 1071 687 23537 0 0 1 standing 
9 1005 486 1072 689 23538 0 0 1 standing 
9 1005 490 1073 691 23539 0 0 1 standing 
9 1005 494 1074 693 23540 0 0 1 standing 
9 1004 497 1075 695 23541 0 0 1 standing 
9 1004 501 1076 697 23542 0 0 1 standing 
9 1004 504 1077 699 23543 0 0 1 standing 
9 1004 508 1078 701 23544 0 0 1 standing 
10 1542 619 1664 822 23525 0 0 0 standing 
10 1545 619 1663 821 23526 0 0 1 standing 
10 1548 619 1662 821 23527 0 0 1 standing 
10 1551 619 1661 821 23528 0 0 1 standing 
10 1554 619 1661 821 23529 0 0 1 standing 
10 1557 619 1660 821 23530 0 0 1 standing 
10 1560 619 1659 821 23531 0 0 1 standing 
10 1563 619 1659 821 23532 0 0 1 standing 
10 1566 619 1658 821 23533 0 0 1 standing 
10 1569 619 1657 821 23534 0 0 1 standing 
10 1572 619 1657 821 23535 0 0 0 standing 
10 1574 619 1659 821 23536 0 0 1 standing 
10 1577 619 1662 821 23537 0 0 1 standing 
10 1580 619 1664 821 23538 0 0 1 standing 
10 1583 619 1667 821 23539 0 0 1 standing 
10 1586 619 1670 822 23540 0 0 1 standing 
10 1588 619 1672 822 23541 0 0 1 standing 
10 1591 619 1675 822 23542 0 0 1 standing 
10 1594 619 1677 822 23543 0 0 1 standing 
10 1597 619 1680 822 23544 0 0 1 standing 
11 1422 346 1487 520 23525 0 0 0 standing 
11 1424 348 1489 522 23526 0 0 1 standing 
11 1426 351 1491 525 23527 0 0 1 standing 
11 1428 354 1493 528 23528 0 0 1 standing 
11 1430 357 1495 531 23529 0 0 1 standing 
11 1432 360 1497 534 23530 0 0 1 standing 
11 1434 363 1499 536 23531 0 0 1 standing 
11 1436 366 1501 539 23532 0 0 1 standing 
11 1438 369 1503 542 23533 0 0 1 standing 
11 1440 372 1505 545 23534 0 0 1 standing 
11 1442 375 1507 548 23535 0 0 0 standing 
11 1443 376 1508 550 23536 0 0 1 standing 
11 1444 378 1509 553 23537 0 0 1 standing 
11 1445 379 1510 556 23538 0 0 1 standing 
11 1446 381 1511 559 23539 0 0 1 standing 
11 1448 383 1512 562 23540 0 0 1 standing 
11 1449 384 1513 564 23541 0 0 1 standing 
11 1450 386 1514 567 23542 0 0 1 standing 
11 1451 387 1515 570 23543 0 0 1 standing 
11 1452 389 1516 573 23544 0 0 1 standing 
