0 692 414 779 534 15660 0 1 0 setting 
0 696 412 777 535 15661 0 1 1 setting 
0 700 411 775 536 15662 0 1 1 setting 
0 704 409 773 537 15663 0 1 1 setting 
0 709 408 771 539 15664 0 1 0 setting 
0 712 397 775 536 15665 0 1 1 setting 
0 715 386 779 533 15666 0 1 1 setting 
0 718 376 784 530 15667 0 1 1 setting 
0 721 365 788 527 15668 0 1 1 setting 
0 724 355 793 524 15669 0 1 0 setting 
0 719 356 789 520 15670 0 1 1 setting 
0 714 357 786 517 15671 0 1 1 setting 
0 710 358 783 514 15672 0 1 1 setting 
0 705 359 780 511 15673 0 1 1 setting 
0 700 360 777 508 15674 0 1 1 setting 
0 696 361 774 505 15675 0 1 0 setting 
0 698 362 771 502 15676 0 1 1 setting 
0 700 363 768 499 15677 0 1 1 setting 
0 703 364 765 497 15678 0 1 1 setting 
0 705 365 762 494 15679 0 1 1 setting 
1 593 391 661 518 15660 0 1 0 setting 
1 605 382 671 518 15661 0 1 1 setting 
1 618 373 682 519 15662 0 1 1 setting 
1 631 364 692 519 15663 0 1 1 setting 
1 644 356 703 520 15664 0 1 0 setting 
1 651 355 708 518 15665 0 1 1 setting 
1 658 354 714 516 15666 0 1 1 setting 
1 665 353 719 514 15667 0 1 1 setting 
1 672 352 725 512 15668 0 1 1 setting 
1 679 351 730 510 15669 0 1 1 setting 
1 687 351 736 509 15670 0 1 0 setting 
1 691 354 741 510 15671 0 1 1 setting 
1 695 358 746 511 15672 0 1 1 setting 
1 700 361 751 513 15673 0 1 1 setting 
1 704 365 756 514 15674 0 1 1 setting 
1 709 368 761 516 15675 0 1 1 setting 
1 713 372 766 517 15676 0 1 1 setting 
1 717 375 771 518 15677 0 1 1 setting 
1 722 379 776 520 15678 0 1 1 setting 
1 726 382 781 521 15679 0 1 1 setting 
2 880 496 958 627 15660 0 0 0 setting 
2 885 497 964 628 15661 0 0 1 moving 
2 891 498 970 629 15662 0 0 1 moving 
2 897 500 976 631 15663 0 0 0 moving 
2 897 501 978 632 15664 0 0 1 moving 
2 897 503 981 634 15665 0 0 1 moving 
2 897 505 984 636 15666 0 0 0 moving 
2 891 505 984 636 15667 0 0 1 moving 
2 885 505 984 636 15668 0 0 1 moving 
2 879 505 985 636 15669 0 0 0 moving 
2 873 506 970 637 15670 0 0 1 moving 
2 868 508 955 638 15671 0 0 1 moving 
2 863 510 941 640 15672 0 0 0 moving 
2 852 509 937 640 15673 0 0 1 moving 
2 842 509 933 640 15674 0 0 1 moving 
2 832 509 930 641 15675 0 0 0 moving 
2 826 507 918 640 15676 0 0 1 moving 
2 820 506 906 639 15677 0 0 1 moving 
2 814 504 894 638 15678 0 0 1 moving 
2 808 503 882 637 15679 0 0 1 moving 
3 927 427 989 551 15660 0 0 0 moving 
3 934 427 996 551 15661 0 0 1 standing 
3 941 427 1004 551 15662 0 0 1 standing 
3 949 428 1012 552 15663 0 0 0 standing 
3 955 430 1018 553 15664 0 0 1 standing 
3 961 432 1024 555 15665 0 0 1 standing 
3 967 434 1030 557 15666 0 0 0 standing 
3 971 432 1034 555 15667 0 0 1 standing 
3 976 431 1039 554 15668 0 0 1 standing 
3 981 430 1044 553 15669 0 0 0 standing 
3 982 431 1044 556 15670 0 0 1 standing 
3 983 432 1045 560 15671 0 0 1 standing 
3 984 433 1046 564 15672 0 0 0 standing 
3 985 436 1043 567 15673 0 0 1 standing 
3 986 440 1040 570 15674 0 0 1 standing 
3 987 444 1037 574 15675 0 0 0 standing 
3 990 444 1039 574 15676 0 0 1 standing 
3 993 445 1041 575 15677 0 0 1 standing 
3 996 445 1044 576 15678 0 0 1 standing 
3 999 446 1046 577 15679 0 0 1 standing 
4 947 427 1030 534 15660 0 0 0 standing 
4 951 428 1034 535 15661 0 0 1 moving 
4 955 430 1038 537 15662 0 0 1 moving 
4 959 432 1042 539 15663 0 0 0 moving 
4 957 431 1050 538 15664 0 0 1 moving 
4 956 431 1058 538 15665 0 0 1 moving 
4 955 431 1066 538 15666 0 0 0 moving 
4 954 428 1062 535 15667 0 0 1 moving 
4 953 426 1058 532 15668 0 0 1 moving 
4 952 424 1055 530 15669 0 0 0 moving 
4 948 424 1039 532 15670 0 0 1 moving 
4 945 425 1023 534 15671 0 0 1 moving 
4 942 426 1008 537 15672 0 0 0 moving 
4 928 426 1006 538 15673 0 0 1 moving 
4 915 427 1005 540 15674 0 0 1 moving 
4 902 428 1004 542 15675 0 0 0 moving 
4 901 426 991 542 15676 0 0 1 moving 
4 900 424 979 542 15677 0 0 1 moving 
4 900 423 966 543 15678 0 0 1 moving 
4 899 421 954 543 15679 0 0 1 moving 
5 757 359 849 454 15660 0 0 0 moving 
5 760 358 852 453 15661 0 0 1 moving 
5 764 357 855 452 15662 0 0 1 moving 
5 768 356 859 451 15663 0 0 0 moving 
5 773 354 864 449 15664 0 0 1 moving 
5 778 353 869 448 15665 0 0 1 moving 
5 783 352 874 447 15666 0 0 0 moving 
5 786 352 868 446 15667 0 0 1 moving 
5 789 352 863 446 15668 0 0 1 moving 
5 792 352 858 446 15669 0 0 0 moving 
5 786 351 856 446 15670 0 0 1 moving 
5 780 351 854 446 15671 0 0 1 moving 
5 775 351 853 446 15672 0 0 0 moving 
5 768 345 850 443 15673 0 0 1 moving 
5 762 340 848 440 15674 0 0 1 moving 
5 756 335 846 438 15675 0 0 0 moving 
5 755 336 840 439 15676 0 0 1 moving 
5 754 337 834 440 15677 0 0 1 moving 
5 754 339 828 441 15678 0 0 1 moving 
5 753 340 822 442 15679 0 0 1 moving 
6 57 437 120 545 15660 0 0 0 moving 
6 69 438 132 546 15661 0 0 1 digging 
6 82 439 145 547 15662 0 0 1 digging 
6 95 440 158 548 15663 0 0 0 digging 
6 105 439 168 547 15664 0 0 1 digging 
6 115 438 178 546 15665 0 0 1 digging 
6 125 437 188 545 15666 0 0 0 digging 
6 130 436 193 544 15667 0 0 1 digging 
6 135 436 198 544 15668 0 0 1 digging 
6 140 436 203 544 15669 0 0 0 digging 
6 145 434 208 541 15670 0 0 1 digging 
6 150 432 213 539 15671 0 0 1 digging 
6 155 430 218 537 15672 0 0 0 digging 
6 156 431 219 538 15673 0 0 1 digging 
6 158 432 221 539 15674 0 0 1 digging 
6 160 433 223 540 15675 0 0 0 digging 
6 164 431 227 538 15676 0 0 1 digging 
6 168 430 231 537 15677 0 0 1 digging 
6 173 429 236 536 15678 0 0 1 digging 
6 177 428 240 535 15679 0 0 1 digging 
7 157 502 245 624 15660 0 0 0 digging 
7 169 503 257 625 15661 0 0 1 waiting 
7 181 504 269 626 15662 0 0 1 waiting 
7 193 506 281 628 15663 0 0 0 waiting 
7 203 504 291 626 15664 0 0 1 waiting 
7 213 503 301 625 15665 0 0 1 waiting 
7 223 502 311 624 15666 0 0 0 waiting 
7 228 501 316 623 15667 0 0 1 waiting 
7 233 501 321 623 15668 0 0 1 waiting 
7 238 501 326 623 15669 0 0 0 waiting 
7 241 501 329 623 15670 0 0 1 waiting 
7 245 501 333 623 15671 0 0 1 waiting 
7 249 502 337 624 15672 0 0 0 waiting 
7 250 501 338 623 15673 0 0 1 waiting 
7 251 501 339 623 15674 0 0 1 waiting 
7 253 501 341 623 15675 0 0 0 waiting 
7 257 500 344 621 15676 0 0 1 waiting 
7 261 499 347 620 15677 0 0 1 waiting 
7 266 498 351 618 15678 0 0 1 waiting 
7 270 497 354 617 15679 0 0 1 waiting 
8 172 409 242 504 15660 0 0 0 waiting 
8 183 410 253 505 15661 0 0 1 digging 
8 195 411 265 506 15662 0 0 1 digging 
8 207 412 277 507 15663 0 0 0 digging 
8 216 412 286 507 15664 0 0 1 digging 
8 225 413 295 508 15665 0 0 1 digging 
8 235 414 305 509 15666 0 0 0 digging 
8 240 414 310 509 15667 0 0 1 digging 
8 246 414 316 509 15668 0 0 1 digging 
8 252 414 322 509 15669 0 0 0 digging 
8 255 413 325 508 15670 0 0 1 digging 
8 258 413 328 508 15671 0 0 1 digging 
8 262 413 332 508 15672 0 0 0 digging 
8 266 412 336 507 15673 0 0 1 digging 
8 270 411 340 506 15674 0 0 1 digging 
8 275 411 345 506 15675 0 0 0 digging 
8 279 409 350 504 15676 0 0 1 digging 
8 284 407 356 503 15677 0 0 1 digging 
8 288 405 361 502 15678 0 0 1 digging 
8 293 403 367 501 15679 0 0 1 digging 
9 458 441 522 588 15660 0 0 0 digging 
9 470 442 534 589 15661 0 0 1 standing 
9 482 443 546 590 15662 0 0 1 standing 
9 495 445 559 592 15663 0 0 0 standing 
9 502 445 566 592 15664 0 0 1 standing 
9 509 445 573 592 15665 0 0 1 standing 
9 517 445 581 592 15666 0 0 0 standing 
9 523 445 587 592 15667 0 0 1 standing 
9 530 445 594 592 15668 0 0 1 standing 
9 537 446 601 593 15669 0 0 0 standing 
9 539 447 603 594 15670 0 0 1 standing 
9 541 449 605 596 15671 0 0 1 standing 
9 544 451 607 598 15672 0 0 0 standing 
9 546 453 609 600 15673 0 0 1 standing 
9 549 456 612 603 15674 0 0 1 standing 
9 552 459 615 606 15675 0 0 0 standing 
9 555 460 618 607 15676 0 0 1 standing 
9 559 462 622 609 15677 0 0 1 standing 
9 562 463 625 610 15678 0 0 1 standing 
9 566 465 629 612 15679 0 0 1 standing 
10 474 422 526 552 15660 0 0 0 standing 
10 486 422 538 552 15661 0 0 1 standing 
10 499 423 550 553 15662 0 0 1 standing 
10 512 424 563 554 15663 0 0 0 standing 
10 520 424 571 554 15664 0 0 1 standing 
10 528 424 579 554 15665 0 0 1 standing 
10 536 424 587 554 15666 0 0 0 standing 
10 543 423 594 553 15667 0 0 1 standing 
10 550 422 601 552 15668 0 0 1 standing 
10 558 421 609 551 15669 0 0 0 standing 
10 560 420 611 550 15670 0 0 1 standing 
10 562 419 613 550 15671 0 0 1 standing 
10 565 419 616 550 15672 0 0 0 standing 
10 568 410 619 549 15673 0 0 1 standing 
10 571 401 622 548 15674 0 0 1 standing 
10 575 393 626 548 15675 0 0 0 standing 
10 580 379 631 543 15676 0 0 1 standing 
10 585 365 636 539 15677 0 0 1 standing 
10 591 351 641 535 15678 0 0 0 standing 
10 591 351 641 535 15679 0 0 1 standing 
11 472 399 516 527 15660 0 0 0 standing 
11 482 399 526 527 15661 0 0 1 standing 
11 493 399 536 527 15662 0 0 1 standing 
11 504 400 547 528 15663 0 0 0 standing 
11 515 399 558 527 15664 0 0 1 standing 
11 526 398 569 526 15665 0 0 1 standing 
11 537 398 580 525 15666 0 0 0 standing 
11 541 397 584 524 15667 0 0 1 standing 
11 545 396 588 523 15668 0 0 1 standing 
11 549 395 592 522 15669 0 0 0 standing 
11 553 394 596 521 15670 0 0 1 standing 
11 558 393 601 520 15671 0 0 1 standing 
11 563 393 606 520 15672 0 0 0 standing 
11 565 391 608 518 15673 0 0 1 standing 
11 568 390 611 517 15674 0 0 1 standing 
11 571 389 614 516 15675 0 0 0 standing 
11 572 388 615 515 15676 0 0 1 standing 
11 574 387 617 514 15677 0 0 1 standing 
11 575 387 618 514 15678 0 0 1 standing 
11 577 386 620 513 15679 0 0 1 standing 
