0 1229 403 1280 545 58710 0 0 0 digging 
0 1220 404 1277 544 58711 0 0 1 digging 
0 1212 405 1275 544 58712 0 0 1 digging 
0 1204 407 1273 544 58713 0 0 0 digging 
0 1195 405 1264 542 58714 0 0 1 digging 
0 1187 404 1256 541 58715 0 0 1 digging 
0 1179 403 1248 540 58716 0 0 0 digging 
0 1171 399 1239 540 58717 0 0 1 digging 
0 1163 395 1230 540 58718 0 0 1 digging 
0 1156 392 1221 540 58719 0 0 0 digging 
0 1149 389 1213 537 58720 0 0 1 digging 
0 1142 386 1206 534 58721 0 0 1 digging 
0 1135 383 1199 531 58722 0 0 0 digging 
0 1128 385 1192 530 58723 0 0 1 digging 
0 1121 387 1186 529 58724 0 0 1 digging 
0 1115 389 1180 528 58725 0 0 0 digging 
0 1109 386 1173 527 58726 0 0 1 digging 
0 1103 383 1166 526 58727 0 0 1 digging 
0 1098 381 1159 525 58728 0 0 1 digging 
0 1092 378 1152 524 58729 0 0 1 digging 
1 1146 431 1216 569 58710 0 0 0 digging 
1 1136 433 1206 569 58711 0 0 1 digging 
1 1126 435 1196 569 58712 0 0 1 digging 
1 1117 437 1186 570 58713 0 0 0 digging 
1 1108 439 1178 569 58714 0 0 1 digging 
1 1099 442 1170 569 58715 0 0 1 digging 
1 1091 445 1162 569 58716 0 0 0 digging 
1 1085 445 1154 567 58717 0 0 1 digging 
1 1079 445 1146 566 58718 0 0 1 digging 
1 1073 445 1138 565 58719 0 0 0 digging 
1 1065 442 1132 561 58720 0 0 1 digging 
1 1057 439 1126 557 58721 0 0 1 digging 
1 1050 436 1121 554 58722 0 0 0 digging 
1 1045 436 1116 556 58723 0 0 1 digging 
1 1041 436 1112 558 58724 0 0 1 digging 
1 1037 436 1108 561 58725 0 0 0 digging 
1 1030 435 1103 560 58726 0 0 1 digging 
1 1024 434 1099 559 58727 0 0 1 digging 
1 1017 434 1095 558 58728 0 0 1 digging 
1 1011 433 1091 557 58729 0 0 1 digging 
2 1108 344 1177 461 58710 0 0 0 digging 
2 1100 346 1168 462 58711 0 0 1 standing 
2 1092 348 1159 463 58712 0 0 1 standing 
2 1084 351 1151 464 58713 0 0 0 standing 
2 1077 350 1143 457 58714 0 0 1 standing 
2 1070 350 1136 450 58715 0 0 1 standing 
2 1064 350 1129 444 58716 0 0 0 standing 
2 1057 347 1121 446 58717 0 0 1 standing 
2 1050 345 1114 448 58718 0 0 1 standing 
2 1043 343 1107 450 58719 0 0 1 standing 
2 1036 341 1100 452 58720 0 0 1 standing 
2 1029 339 1093 454 58721 0 0 1 standing 
2 1023 337 1086 457 58722 0 0 0 standing 
2 1017 336 1077 456 58723 0 0 1 standing 
2 1011 335 1068 455 58724 0 0 1 standing 
2 1006 335 1059 455 58725 0 0 0 standing 
2 1000 336 1053 454 58726 0 0 1 standing 
2 995 337 1047 453 58727 0 0 1 standing 
2 990 338 1042 453 58728 0 0 1 standing 
2 985 339 1036 452 58729 0 0 1 standing 
3 935 438 1042 589 58710 0 0 0 standing 
3 933 439 1044 590 58711 0 0 1 digging 
3 931 441 1046 591 58712 0 0 1 digging 
3 929 443 1048 592 58713 0 0 0 digging 
3 926 441 1041 593 58714 0 0 1 digging 
3 924 440 1035 594 58715 0 0 1 digging 
3 922 439 1029 595 58716 0 0 0 digging 
3 923 433 1023 591 58717 0 0 1 digging 
3 924 427 1018 588 58718 0 0 1 digging 
3 926 422 1013 585 58719 0 0 0 digging 
3 923 422 1010 583 58720 0 0 1 digging 
3 920 422 1008 581 58721 0 0 1 digging 
3 917 422 1006 579 58722 0 0 0 digging 
3 911 424 1006 580 58723 0 0 1 digging 
3 905 427 1006 582 58724 0 0 1 digging 
3 900 430 1006 584 58725 0 0 0 digging 
3 894 433 999 584 58726 0 0 1 digging 
3 889 437 993 584 58727 0 0 1 digging 
3 883 441 987 585 58728 0 0 1 digging 
3 878 445 981 585 58729 0 0 1 digging 
4 504 374 556 517 58710 0 0 0 digging 
4 499 374 551 516 58711 0 0 1 standing 
4 494 374 546 515 58712 0 0 1 standing 
4 489 374 542 515 58713 0 0 0 standing 
4 482 372 539 512 58714 0 0 1 standing 
4 475 370 537 509 58715 0 0 1 standing 
4 469 368 535 507 58716 0 0 0 standing 
4 466 366 534 504 58717 0 0 1 standing 
4 464 365 533 501 58718 0 0 1 standing 
4 462 364 532 499 58719 0 0 0 standing 
4 454 365 526 497 58720 0 0 1 standing 
4 447 366 521 495 58721 0 0 1 standing 
4 440 367 516 494 58722 0 0 1 standing 
4 432 368 510 492 58723 0 0 1 standing 
4 425 369 505 490 58724 0 0 1 standing 
4 418 370 500 489 58725 0 0 0 standing 
4 411 369 495 488 58726 0 0 1 standing 
4 405 369 490 488 58727 0 0 1 standing 
4 399 369 485 488 58728 0 0 1 standing 
4 393 369 480 488 58729 0 0 1 standing 
5 430 303 509 445 58710 0 1 0 standing 
5 429 294 505 440 58711 0 1 1 spiking 
5 429 286 502 436 58712 0 1 1 spiking 
5 428 278 499 432 58713 0 1 1 spiking 
5 428 269 496 428 58714 0 1 1 spiking 
5 428 261 493 424 58715 0 1 1 spiking 
5 427 253 490 419 58716 0 1 1 spiking 
5 427 244 487 415 58717 0 1 1 spiking 
5 426 236 484 411 58718 0 1 1 spiking 
5 426 228 481 407 58719 0 1 1 spiking 
5 426 220 478 403 58720 0 1 0 spiking 
5 424 227 477 406 58721 0 1 1 spiking 
5 422 235 477 409 58722 0 1 1 spiking 
5 420 242 476 413 58723 0 1 1 spiking 
5 418 250 476 416 58724 0 1 1 spiking 
5 416 257 475 420 58725 0 1 1 spiking 
5 414 265 475 423 58726 0 1 1 spiking 
5 412 272 474 426 58727 0 1 1 spiking 
5 410 280 474 430 58728 0 1 1 spiking 
5 408 287 473 433 58729 0 1 1 spiking 
6 295 358 366 469 58710 0 0 0 spiking 
6 293 357 364 468 58711 0 0 1 standing 
6 292 356 362 468 58712 0 0 1 standing 
6 291 355 361 468 58713 0 0 0 standing 
6 293 355 362 468 58714 0 0 1 standing 
6 295 355 364 468 58715 0 0 1 standing 
6 297 356 366 469 58716 0 0 0 standing 
6 294 354 366 469 58717 0 0 1 standing 
6 292 353 367 469 58718 0 0 1 standing 
6 290 352 368 469 58719 0 0 0 standing 
6 294 351 364 468 58720 0 0 1 standing 
6 298 350 360 468 58721 0 0 1 standing 
6 302 350 357 468 58722 0 0 0 standing 
6 300 349 358 468 58723 0 0 1 standing 
6 298 349 360 468 58724 0 0 1 standing 
6 297 349 362 469 58725 0 0 0 standing 
6 295 350 359 468 58726 0 0 1 standing 
6 293 352 356 467 58727 0 0 1 standing 
6 292 353 353 466 58728 0 0 1 standing 
6 290 355 350 465 58729 0 0 1 standing 
7 145 350 196 495 58710 0 0 0 standing 
7 145 350 207 495 58711 0 0 1 standing 
7 146 351 219 495 58712 0 0 1 standing 
7 147 352 231 495 58713 0 0 0 standing 
7 154 354 229 492 58714 0 0 1 standing 
7 161 356 228 489 58715 0 0 1 standing 
7 169 359 227 486 58716 0 0 0 standing 
7 172 358 238 486 58717 0 0 1 standing 
7 175 358 250 486 58718 0 0 1 standing 
7 179 358 262 487 58719 0 0 0 standing 
7 180 357 259 484 58720 0 0 1 standing 
7 182 356 256 481 58721 0 0 1 standing 
7 184 355 253 478 58722 0 0 0 standing 
7 183 354 249 480 58723 0 0 1 standing 
7 182 353 246 482 58724 0 0 1 standing 
7 182 353 243 484 58725 0 0 0 standing 
7 180 354 243 485 58726 0 0 1 standing 
7 178 355 243 487 58727 0 0 1 standing 
7 176 357 243 488 58728 0 0 1 standing 
7 174 358 243 490 58729 0 0 1 standing 
8 87 401 175 564 58710 0 0 0 standing 
8 92 404 179 562 58711 0 0 1 standing 
8 98 408 184 560 58712 0 0 1 standing 
8 104 412 189 559 58713 0 0 0 standing 
8 108 412 191 559 58714 0 0 1 standing 
8 113 412 193 560 58715 0 0 1 standing 
8 118 412 195 561 58716 0 0 0 standing 
8 121 412 198 561 58717 0 0 1 standing 
8 124 412 202 561 58718 0 0 1 standing 
8 127 412 206 561 58719 0 0 0 standing 
8 124 410 205 559 58720 0 0 1 standing 
8 122 408 204 557 58721 0 0 1 standing 
8 120 406 203 555 58722 0 0 0 standing 
8 116 404 197 553 58723 0 0 1 standing 
8 113 402 192 552 58724 0 0 1 standing 
8 110 401 187 551 58725 0 0 0 standing 
8 104 400 182 551 58726 0 0 1 standing 
8 99 399 177 551 58727 0 0 1 standing 
8 93 399 172 551 58728 0 0 1 standing 
8 88 398 167 551 58729 0 0 1 standing 
9 88 494 230 663 58710 0 0 0 standing 
9 89 491 229 661 58711 0 0 1 moving 
9 91 488 229 659 58712 0 0 1 moving 
9 93 485 229 658 58713 0 0 0 moving 
9 107 484 233 656 58714 0 0 1 moving 
9 121 483 238 655 58715 0 0 1 moving 
9 136 482 243 654 58716 0 0 0 moving 
9 141 477 246 654 58717 0 0 1 moving 
9 146 473 250 654 58718 0 0 1 moving 
9 151 469 254 654 58719 0 0 0 moving 
9 156 465 257 648 58720 0 0 1 moving 
9 161 461 260 643 58721 0 0 1 moving 
9 167 457 263 638 58722 0 0 0 moving 
9 176 455 265 637 58723 0 0 1 moving 
9 185 453 267 636 58724 0 0 1 moving 
9 194 451 269 636 58725 0 0 0 moving 
9 194 448 279 630 58726 0 0 1 moving 
9 194 445 289 625 58727 0 0 1 moving 
9 194 442 299 620 58728 0 0 1 moving 
9 194 439 309 615 58729 0 0 1 moving 
10 660 351 714 460 58710 0 1 0 moving 
10 653 342 707 457 58711 0 1 1 blocking 
10 647 333 701 455 58712 0 1 1 blocking 
10 641 324 695 453 58713 0 1 1 blocking 
10 635 315 689 451 58714 0 1 1 blocking 
10 629 306 683 449 58715 0 1 1 blocking 
10 623 297 676 447 58716 0 1 1 blocking 
10 617 288 670 445 58717 0 1 1 blocking 
10 611 279 664 443 58718 0 1 1 blocking 
10 605 270 658 441 58719 0 1 1 blocking 
10 599 261 652 439 58720 0 1 0 blocking 
10 592 260 645 438 58721 0 1 1 blocking 
10 585 260 638 438 58722 0 1 1 blocking 
10 579 260 632 438 58723 0 1 1 blocking 
10 572 259 625 437 58724 0 1 1 blocking 
10 566 259 619 437 58725 0 1 1 blocking 
10 559 259 612 437 58726 0 1 1 blocking 
10 552 258 605 436 58727 0 1 1 blocking 
10 546 258 599 436 58728 0 1 1 blocking 
10 539 258 592 436 58729 0 1 1 blocking 
11 658 355 706 477 58710 0 1 0 blocking 
11 652 346 700 475 58711 0 1 1 blocking 
11 646 338 694 473 58712 0 1 1 blocking 
11 640 329 688 471 58713 0 1 1 blocking 
11 634 321 682 469 58714 0 1 1 blocking 
11 628 313 676 467 58715 0 1 1 blocking 
11 622 304 670 465 58716 0 1 1 blocking 
11 616 296 664 463 58717 0 1 1 blocking 
11 610 287 658 461 58718 0 1 1 blocking 
11 604 279 652 459 58719 0 1 1 blocking 
11 599 271 646 458 58720 0 1 0 blocking 
11 590 270 638 455 58721 0 1 1 blocking 
11 581 269 631 453 58722 0 1 1 blocking 
11 572 268 623 451 58723 0 1 1 blocking 
11 563 267 616 449 58724 0 1 1 blocking 
11 554 266 609 447 58725 0 1 0 blocking 
11 548 267 604 447 58726 0 1 1 blocking 
11 543 268 600 447 58727 0 1 1 blocking 
11 538 269 596 448 58728 0 1 1 blocking 
11 533 270 591 448 58729 0 1 1 blocking 
