0 965 361 1026 474 37880 0 1 0 standing 
0 966 361 1027 474 37881 0 1 1 standing 
0 967 361 1028 474 37882 0 1 1 standing 
0 968 361 1029 474 37883 0 1 1 standing 
0 969 361 1030 474 37884 0 1 1 standing 
0 971 361 1032 474 37885 0 1 1 standing 
0 972 361 1033 474 37886 0 1 1 standing 
0 973 361 1034 474 37887 0 1 1 standing 
0 974 361 1035 474 37888 0 1 1 standing 
0 975 361 1036 474 37889 0 1 1 standing 
0 977 361 1038 474 37890 0 1 0 standing 
0 976 361 1037 474 37891 0 1 1 standing 
0 975 361 1036 474 37892 0 1 1 standing 
0 974 361 1035 474 37893 0 1 1 standing 
0 973 362 1034 475 37894 0 1 1 standing 
0 972 362 1033 475 37895 0 1 1 standing 
0 971 362 1032 475 37896 0 1 1 standing 
0 970 363 1031 476 37897 0 1 1 standing 
0 969 363 1030 476 37898 0 1 1 standing 
0 968 363 1029 476 37899 0 1 1 standing 
1 999 368 1052 488 37880 0 1 0 standing 
1 1001 368 1052 487 37881 0 1 1 standing 
1 1004 368 1053 487 37882 0 1 1 standing 
1 1006 368 1054 487 37883 0 1 1 standing 
1 1009 368 1055 487 37884 0 1 1 standing 
1 1012 368 1056 487 37885 0 1 1 standing 
1 1014 368 1056 487 37886 0 1 1 standing 
1 1017 368 1057 487 37887 0 1 1 standing 
1 1019 368 1058 487 37888 0 1 1 standing 
1 1022 368 1059 487 37889 0 1 1 standing 
1 1025 368 1060 487 37890 0 1 0 standing 
1 1023 368 1060 487 37891 0 1 1 standing 
1 1022 369 1060 488 37892 0 1 1 standing 
1 1021 370 1060 489 37893 0 1 1 standing 
1 1020 371 1060 489 37894 0 1 1 standing 
1 1019 372 1060 490 37895 0 1 1 standing 
1 1017 372 1060 491 37896 0 1 1 standing 
1 1016 373 1060 491 37897 0 1 1 standing 
1 1015 374 1060 492 37898 0 1 1 standing 
1 1014 375 1060 493 37899 0 1 1 standing 
2 1033 398 1095 521 37880 0 1 0 standing 
2 1034 398 1096 521 37881 0 1 1 standing 
2 1036 398 1098 521 37882 0 1 1 standing 
2 1038 398 1100 521 37883 0 1 1 standing 
2 1040 398 1102 521 37884 0 1 1 standing 
2 1042 398 1104 521 37885 0 1 1 standing 
2 1043 398 1106 521 37886 0 1 1 standing 
2 1045 398 1108 521 37887 0 1 1 standing 
2 1047 398 1110 521 37888 0 1 1 standing 
2 1049 398 1112 521 37889 0 1 1 standing 
2 1051 398 1114 522 37890 0 1 0 standing 
2 1050 397 1113 521 37891 0 1 1 standing 
2 1049 396 1112 520 37892 0 1 1 standing 
2 1049 396 1111 519 37893 0 1 1 standing 
2 1048 395 1110 518 37894 0 1 1 standing 
2 1048 395 1110 517 37895 0 1 1 standing 
2 1047 394 1109 516 37896 0 1 1 standing 
2 1046 393 1108 515 37897 0 1 1 standing 
2 1046 393 1107 514 37898 0 1 1 standing 
2 1045 392 1106 513 37899 0 1 1 standing 
3 1077 413 1142 537 37880 0 1 0 standing 
3 1080 411 1143 535 37881 0 1 1 standing 
3 1084 410 1145 534 37882 0 1 1 standing 
3 1088 409 1146 533 37883 0 1 1 standing 
3 1092 408 1148 532 37884 0 1 1 standing 
3 1096 407 1149 531 37885 0 1 1 standing 
3 1100 405 1151 530 37886 0 1 1 standing 
3 1104 404 1152 529 37887 0 1 1 standing 
3 1108 403 1154 528 37888 0 1 1 standing 
3 1112 402 1155 527 37889 0 1 1 standing 
3 1116 401 1157 526 37890 0 1 0 standing 
3 1114 400 1155 525 37891 0 1 1 standing 
3 1112 400 1153 525 37892 0 1 1 standing 
3 1111 400 1152 525 37893 0 1 1 standing 
3 1109 399 1150 524 37894 0 1 1 standing 
3 1108 399 1149 524 37895 0 1 1 standing 
3 1106 399 1147 524 37896 0 1 1 standing 
3 1104 398 1145 523 37897 0 1 1 standing 
3 1103 398 1144 523 37898 0 1 1 standing 
3 1101 398 1142 523 37899 0 1 1 standing 
4 1152 398 1195 539 37880 0 1 0 standing 
4 1150 397 1193 538 37881 0 1 1 standing 
4 1149 397 1192 538 37882 0 1 1 standing 
4 1147 396 1190 537 37883 0 1 1 standing 
4 1146 396 1189 537 37884 0 1 1 standing 
4 1145 395 1188 537 37885 0 1 1 standing 
4 1143 395 1186 536 37886 0 1 1 standing 
4 1142 394 1185 536 37887 0 1 1 standing 
4 1140 394 1183 536 37888 0 1 1 standing 
4 1139 393 1182 535 37889 0 1 1 standing 
4 1138 393 1181 535 37890 0 1 1 standing 
4 1136 393 1179 535 37891 0 1 1 standing 
4 1135 392 1178 534 37892 0 1 1 standing 
4 1133 392 1176 534 37893 0 1 1 standing 
4 1132 391 1175 534 37894 0 1 1 standing 
4 1131 391 1174 533 37895 0 1 1 standing 
4 1129 390 1172 533 37896 0 1 1 standing 
4 1128 390 1171 533 37897 0 1 1 standing 
4 1126 389 1169 532 37898 0 1 1 standing 
4 1125 389 1168 532 37899 0 1 1 standing 
5 1195 428 1256 566 37880 0 1 0 standing 
5 1193 426 1252 564 37881 0 1 1 standing 
5 1192 424 1249 562 37882 0 1 1 standing 
5 1190 422 1246 560 37883 0 1 1 standing 
5 1189 420 1243 558 37884 0 1 1 standing 
5 1187 419 1240 556 37885 0 1 1 standing 
5 1186 417 1237 554 37886 0 1 1 standing 
5 1184 415 1234 552 37887 0 1 1 standing 
5 1183 413 1231 550 37888 0 1 1 standing 
5 1181 411 1228 548 37889 0 1 1 standing 
5 1180 410 1225 547 37890 0 1 0 standing 
5 1176 409 1221 546 37891 0 1 1 standing 
5 1172 408 1217 545 37892 0 1 1 standing 
5 1168 408 1213 545 37893 0 1 1 standing 
5 1164 407 1209 544 37894 0 1 1 standing 
5 1161 407 1206 544 37895 0 1 1 standing 
5 1157 406 1202 543 37896 0 1 1 standing 
5 1153 405 1198 542 37897 0 1 1 standing 
5 1149 405 1194 542 37898 0 1 1 standing 
5 1145 404 1190 541 37899 0 1 1 standing 
6 756 453 801 579 37880 0 0 0 standing 
6 754 452 799 578 37881 0 0 1 standing 
6 753 451 798 578 37882 0 0 1 standing 
6 752 451 797 577 37883 0 0 1 standing 
6 750 450 795 577 37884 0 0 1 standing 
6 749 450 794 576 37885 0 0 1 standing 
6 748 449 793 576 37886 0 0 1 standing 
6 746 449 791 575 37887 0 0 1 standing 
6 745 448 790 575 37888 0 0 1 standing 
6 744 448 789 574 37889 0 0 1 standing 
6 743 447 788 574 37890 0 0 1 standing 
6 741 446 786 573 37891 0 0 1 standing 
6 740 446 785 573 37892 0 0 1 standing 
6 739 445 784 572 37893 0 0 1 standing 
6 737 445 782 572 37894 0 0 1 standing 
6 736 444 781 571 37895 0 0 1 standing 
6 735 444 780 571 37896 0 0 1 standing 
6 733 443 778 570 37897 0 0 1 standing 
6 732 443 777 570 37898 0 0 1 standing 
6 731 442 776 569 37899 0 0 1 standing 
7 812 386 853 517 37880 0 0 0 standing 
7 810 386 852 517 37881 0 0 1 standing 
7 809 386 851 517 37882 0 0 1 standing 
7 808 386 850 517 37883 0 0 1 standing 
7 807 386 850 517 37884 0 0 1 standing 
7 806 386 849 517 37885 0 0 1 standing 
7 804 386 848 517 37886 0 0 1 standing 
7 803 386 848 517 37887 0 0 1 standing 
7 802 386 847 517 37888 0 0 1 standing 
7 801 386 846 517 37889 0 0 1 standing 
7 800 386 846 517 37890 0 0 0 standing 
7 796 386 842 517 37891 0 0 1 standing 
7 792 387 838 517 37892 0 0 1 standing 
7 789 387 835 518 37893 0 0 1 standing 
7 785 388 831 518 37894 0 0 1 standing 
7 782 388 828 519 37895 0 0 1 standing 
7 778 389 824 519 37896 0 0 1 standing 
7 774 389 820 519 37897 0 0 1 standing 
7 771 390 817 520 37898 0 0 1 standing 
7 767 390 813 520 37899 0 0 1 standing 
8 804 330 841 445 37880 0 0 0 standing 
8 802 329 838 443 37881 0 0 1 standing 
8 800 328 835 442 37882 0 0 1 standing 
8 798 327 832 441 37883 0 0 1 standing 
8 796 326 829 440 37884 0 0 1 standing 
8 794 325 826 439 37885 0 0 1 standing 
8 792 324 823 437 37886 0 0 1 standing 
8 790 323 820 436 37887 0 0 1 standing 
8 788 322 817 435 37888 0 0 1 standing 
8 786 321 814 434 37889 0 0 1 standing 
8 784 320 812 433 37890 0 0 0 standing 
8 778 320 808 433 37891 0 0 1 standing 
8 773 321 805 434 37892 0 0 1 standing 
8 768 321 802 434 37893 0 0 1 standing 
8 763 322 799 435 37894 0 0 1 standing 
8 758 323 796 435 37895 0 0 1 standing 
8 753 323 793 436 37896 0 0 1 standing 
8 748 324 790 436 37897 0 0 1 standing 
8 743 324 787 437 37898 0 0 1 standing 
8 738 325 784 437 37899 0 0 1 standing 
9 335 513 431 576 37880 0 0 0 standing 
9 339 511 431 575 37881 0 0 1 falling 
9 343 509 431 574 37882 0 0 1 falling 
9 347 507 432 573 37883 0 0 1 falling 
9 351 505 432 572 37884 0 0 1 falling 
9 355 504 433 571 37885 0 0 1 falling 
9 359 502 433 570 37886 0 0 1 falling 
9 363 500 433 569 37887 0 0 1 falling 
9 367 498 434 568 37888 0 0 1 falling 
9 371 496 434 567 37889 0 0 1 falling 
9 375 495 435 567 37890 0 0 0 falling 
9 374 494 434 566 37891 0 0 1 falling 
9 373 494 433 566 37892 0 0 1 falling 
9 373 494 433 566 37893 0 0 1 falling 
9 372 494 432 566 37894 0 0 1 falling 
9 372 494 432 566 37895 0 0 1 falling 
9 371 494 431 565 37896 0 0 1 falling 
9 370 494 430 565 37897 0 0 1 falling 
9 370 494 430 565 37898 0 0 1 falling 
9 369 494 429 565 37899 0 0 1 falling 
10 438 445 505 564 37880 0 0 0 falling 
10 441 444 506 563 37881 0 0 1 standing 
10 444 444 507 563 37882 0 0 1 standing 
10 447 444 508 563 37883 0 0 1 standing 
10 450 444 510 563 37884 0 0 1 standing 
10 454 444 511 563 37885 0 0 1 standing 
10 457 443 512 562 37886 0 0 1 standing 
10 460 443 514 562 37887 0 0 1 standing 
10 463 443 515 562 37888 0 0 1 standing 
10 466 443 516 562 37889 0 0 1 standing 
10 470 443 518 562 37890 0 0 0 standing 
10 470 443 518 562 37891 0 0 1 standing 
10 470 443 518 562 37892 0 0 1 standing 
10 470 443 518 562 37893 0 0 1 standing 
10 470 443 518 562 37894 0 0 1 standing 
10 470 443 518 562 37895 0 0 1 standing 
10 470 443 518 562 37896 0 0 1 standing 
10 470 443 518 562 37897 0 0 1 standing 
10 470 443 518 562 37898 0 0 1 standing 
10 470 443 518 562 37899 0 0 1 standing 
11 452 363 517 483 37880 0 0 0 standing 
11 453 362 515 482 37881 0 0 1 standing 
11 455 362 514 482 37882 0 0 1 standing 
11 457 362 513 482 37883 0 0 1 standing 
11 459 362 512 481 37884 0 0 1 standing 
11 461 362 511 481 37885 0 0 1 standing 
11 462 361 509 481 37886 0 0 1 standing 
11 464 361 508 480 37887 0 0 1 standing 
11 466 361 507 480 37888 0 0 1 standing 
11 468 361 506 480 37889 0 0 1 standing 
11 470 361 505 480 37890 0 0 0 standing 
11 469 362 504 481 37891 0 0 1 standing 
11 468 363 503 482 37892 0 0 1 standing 
11 467 364 502 483 37893 0 0 1 standing 
11 466 365 501 484 37894 0 0 1 standing 
11 466 366 501 485 37895 0 0 1 standing 
11 465 367 500 486 37896 0 0 1 standing 
11 464 368 499 487 37897 0 0 1 standing 
11 463 369 498 488 37898 0 0 1 standing 
11 462 370 497 489 37899 0 0 1 standing 
