0 1131 399 1191 508 28715 0 1 0 waiting 
0 1104 402 1164 507 28716 0 1 1 waiting 
0 1078 405 1137 506 28717 0 1 1 waiting 
0 1052 409 1110 506 28718 0 1 0 waiting 
0 1028 408 1086 506 28719 0 1 1 waiting 
0 1004 407 1062 507 28720 0 1 1 waiting 
0 980 406 1038 507 28721 0 1 1 waiting 
0 957 405 1015 508 28722 0 1 0 waiting 
0 938 401 996 505 28723 0 1 1 waiting 
0 920 397 977 503 28724 0 1 1 waiting 
0 902 393 959 501 28725 0 1 0 waiting 
0 891 391 948 499 28726 0 1 1 waiting 
0 880 389 937 497 28727 0 1 1 waiting 
0 869 387 926 495 28728 0 1 0 waiting 
0 866 387 923 495 28729 0 1 1 waiting 
0 864 387 921 495 28730 0 1 1 waiting 
0 862 387 919 495 28731 0 1 1 waiting 
0 860 387 917 495 28732 0 1 1 waiting 
0 858 387 915 495 28733 0 1 1 waiting 
0 856 387 913 495 28734 0 1 1 waiting 
1 926 452 1002 563 28715 0 0 0 waiting 
1 903 449 978 562 28716 0 0 1 waiting 
1 880 447 954 562 28717 0 0 1 waiting 
1 857 445 931 562 28718 0 0 0 waiting 
1 834 444 907 561 28719 0 0 1 waiting 
1 812 443 883 560 28720 0 0 1 waiting 
1 790 443 860 560 28721 0 0 0 waiting 
1 772 439 841 559 28722 0 0 1 waiting 
1 754 436 823 559 28723 0 0 1 waiting 
1 736 432 805 559 28724 0 0 1 waiting 
1 719 429 787 559 28725 0 0 0 waiting 
1 709 426 776 557 28726 0 0 1 waiting 
1 699 423 765 556 28727 0 0 1 waiting 
1 689 421 755 555 28728 0 0 0 waiting 
1 684 417 747 552 28729 0 0 1 waiting 
1 680 413 740 549 28730 0 0 1 waiting 
1 676 409 732 546 28731 0 0 1 waiting 
1 672 406 725 544 28732 0 0 0 waiting 
1 670 404 725 544 28733 0 0 1 waiting 
1 668 403 725 544 28734 0 0 1 waiting 
2 844 391 894 500 28715 0 0 0 waiting 
2 808 388 869 499 28716 0 0 1 waiting 
2 772 385 845 498 28717 0 0 1 waiting 
2 736 382 821 497 28718 0 0 0 waiting 
2 712 381 791 494 28719 0 0 1 waiting 
2 688 380 761 491 28720 0 0 1 waiting 
2 665 380 731 488 28721 0 0 0 waiting 
2 645 378 705 486 28722 0 0 1 waiting 
2 625 377 680 485 28723 0 0 1 waiting 
2 605 375 654 483 28724 0 0 1 waiting 
2 586 374 629 482 28725 0 0 0 waiting 
2 572 372 614 480 28726 0 0 1 waiting 
2 558 370 599 478 28727 0 0 1 waiting 
2 544 368 585 476 28728 0 0 0 waiting 
2 534 368 577 477 28729 0 0 1 waiting 
2 524 369 570 478 28730 0 0 1 waiting 
2 514 370 562 479 28731 0 0 1 waiting 
2 505 371 555 481 28732 0 0 0 waiting 
2 500 371 552 482 28733 0 0 1 waiting 
2 495 372 549 483 28734 0 0 1 waiting 
3 1150 463 1207 575 28715 0 0 0 waiting 
3 1123 461 1179 573 28716 0 0 1 digging 
3 1096 460 1151 571 28717 0 0 1 digging 
3 1070 459 1123 570 28718 0 0 0 digging 
3 1045 458 1097 568 28719 0 0 1 digging 
3 1020 457 1071 567 28720 0 0 1 digging 
3 996 456 1045 566 28721 0 0 0 digging 
3 978 454 1026 564 28722 0 0 1 digging 
3 960 452 1007 562 28723 0 0 1 digging 
3 942 450 988 560 28724 0 0 1 digging 
3 925 449 970 559 28725 0 0 0 digging 
3 912 449 956 559 28726 0 0 1 digging 
3 900 449 943 560 28727 0 0 1 digging 
3 888 449 930 561 28728 0 0 0 digging 
3 881 447 925 561 28729 0 0 1 digging 
3 875 446 920 561 28730 0 0 1 digging 
3 869 445 915 561 28731 0 0 1 digging 
3 863 444 910 561 28732 0 0 0 digging 
3 862 446 910 564 28733 0 0 1 digging 
3 861 448 911 567 28734 0 0 1 digging 
4 1093 359 1154 460 28715 0 0 0 digging 
4 1066 360 1126 460 28716 0 0 1 waiting 
4 1039 362 1098 461 28717 0 0 1 waiting 
4 1013 364 1071 462 28718 0 0 0 waiting 
4 990 362 1047 459 28719 0 0 1 waiting 
4 967 360 1023 456 28720 0 0 1 waiting 
4 944 358 999 453 28721 0 0 0 waiting 
4 925 355 979 449 28722 0 0 1 waiting 
4 906 353 959 446 28723 0 0 1 waiting 
4 887 351 939 442 28724 0 0 1 waiting 
4 868 349 919 439 28725 0 0 0 waiting 
4 856 348 906 441 28726 0 0 1 waiting 
4 844 348 894 443 28727 0 0 1 waiting 
4 833 348 882 445 28728 0 0 0 waiting 
4 825 346 874 443 28729 0 0 1 waiting 
4 818 345 867 442 28730 0 0 1 waiting 
4 811 344 859 440 28731 0 0 1 waiting 
4 804 343 852 439 28732 0 0 0 waiting 
4 802 342 850 437 28733 0 0 1 waiting 
4 801 341 848 436 28734 0 0 1 waiting 
5 1009 296 1045 405 28715 0 0 0 waiting 
5 983 296 1018 405 28716 0 0 1 waiting 
5 957 296 991 405 28717 0 0 1 waiting 
5 931 297 965 406 28718 0 0 0 waiting 
5 908 296 941 405 28719 0 0 1 waiting 
5 885 296 918 405 28720 0 0 1 waiting 
5 863 296 895 405 28721 0 0 0 waiting 
5 843 295 874 404 28722 0 0 1 waiting 
5 823 295 854 404 28723 0 0 1 waiting 
5 803 295 834 403 28724 0 0 1 waiting 
5 784 295 814 403 28725 0 0 0 waiting 
5 770 294 801 402 28726 0 0 1 waiting 
5 756 294 788 401 28727 0 0 1 waiting 
5 743 294 775 401 28728 0 0 0 waiting 
5 735 293 768 399 28729 0 0 1 waiting 
5 727 292 761 398 28730 0 0 1 waiting 
5 719 291 754 397 28731 0 0 1 waiting 
5 712 291 747 396 28732 0 0 0 waiting 
5 708 291 744 395 28733 0 0 1 waiting 
5 704 291 741 395 28734 0 0 1 waiting 
6 655 401 688 539 28715 0 0 0 waiting 
6 631 403 664 538 28716 0 0 1 standing 
6 607 405 640 538 28717 0 0 1 standing 
6 584 407 616 538 28718 0 0 0 standing 
6 560 407 592 539 28719 0 0 1 standing 
6 537 408 569 541 28720 0 0 1 standing 
6 514 409 546 543 28721 0 0 0 standing 
6 496 410 528 545 28722 0 0 1 standing 
6 479 411 511 547 28723 0 0 1 standing 
6 461 412 494 549 28724 0 0 1 standing 
6 444 414 477 552 28725 0 0 0 standing 
6 431 415 464 552 28726 0 0 1 standing 
6 418 416 451 552 28727 0 0 1 standing 
6 406 417 439 553 28728 0 0 0 standing 
6 399 417 432 553 28729 0 0 1 standing 
6 393 418 425 553 28730 0 0 1 standing 
6 386 418 418 553 28731 0 0 1 standing 
6 380 419 412 553 28732 0 0 0 standing 
6 379 420 411 553 28733 0 0 1 standing 
6 379 421 411 553 28734 0 0 1 standing 
7 520 388 566 503 28715 0 0 0 standing 
7 498 389 542 506 28716 0 0 1 standing 
7 477 391 519 509 28717 0 0 1 standing 
7 456 393 496 512 28718 0 0 0 standing 
7 433 394 471 516 28719 0 0 1 standing 
7 410 395 446 521 28720 0 0 1 standing 
7 388 396 421 526 28721 0 0 0 standing 
7 369 398 403 529 28722 0 0 1 standing 
7 351 401 386 532 28723 0 0 1 standing 
7 333 404 368 535 28724 0 0 1 standing 
7 315 407 351 539 28725 0 0 0 standing 
7 300 408 337 540 28726 0 0 1 standing 
7 286 410 323 541 28727 0 0 1 standing 
7 272 412 310 542 28728 0 0 0 standing 
7 263 412 301 542 28729 0 0 1 standing 
7 255 413 292 542 28730 0 0 1 standing 
7 247 414 283 542 28731 0 0 1 standing 
7 239 415 275 542 28732 0 0 0 standing 
7 235 416 273 543 28733 0 0 1 standing 
7 231 417 272 544 28734 0 0 1 standing 
8 478 382 512 514 28715 0 0 0 standing 
8 452 380 486 512 28716 0 0 1 standing 
8 427 378 461 510 28717 0 0 1 standing 
8 402 377 436 509 28718 0 0 0 standing 
8 376 379 410 511 28719 0 0 1 standing 
8 350 381 384 513 28720 0 0 1 standing 
8 324 383 358 515 28721 0 0 0 standing 
8 305 385 339 517 28722 0 0 1 standing 
8 286 387 320 519 28723 0 0 1 standing 
8 267 389 301 521 28724 0 0 1 standing 
8 249 391 283 523 28725 0 0 0 standing 
8 236 392 270 524 28726 0 0 1 standing 
8 223 393 257 525 28727 0 0 1 standing 
8 211 395 245 527 28728 0 0 0 standing 
8 203 391 236 523 28729 0 0 1 standing 
8 196 388 227 519 28730 0 0 1 standing 
8 188 384 218 515 28731 0 0 1 standing 
8 181 381 210 512 28732 0 0 0 standing 
8 178 378 209 509 28733 0 0 1 standing 
8 175 375 208 506 28734 0 0 1 standing 
9 630 366 663 480 28715 0 0 0 standing 
9 606 365 639 479 28716 0 0 1 standing 
9 582 365 616 479 28717 0 0 1 standing 
9 559 365 593 479 28718 0 0 0 standing 
9 538 365 572 479 28719 0 0 1 standing 
9 517 366 552 480 28720 0 0 1 standing 
9 497 367 532 481 28721 0 0 0 standing 
9 477 367 513 481 28722 0 0 1 standing 
9 458 368 494 482 28723 0 0 1 standing 
9 439 369 475 482 28724 0 0 1 standing 
9 420 370 457 483 28725 0 0 0 standing 
9 408 368 445 481 28726 0 0 1 standing 
9 396 366 433 479 28727 0 0 1 standing 
9 385 365 422 478 28728 0 0 0 standing 
9 380 364 417 477 28729 0 0 1 standing 
9 375 363 412 476 28730 0 0 1 standing 
9 370 362 407 475 28731 0 0 1 standing 
9 366 362 403 475 28732 0 0 0 standing 
9 365 361 402 474 28733 0 0 1 standing 
9 365 360 402 473 28734 0 0 1 standing 
10 668 351 699 479 28715 0 0 0 standing 
10 643 352 674 480 28716 0 0 1 standing 
10 619 353 650 481 28717 0 0 1 standing 
10 595 354 626 482 28718 0 0 0 standing 
10 573 356 604 484 28719 0 0 1 standing 
10 551 358 582 486 28720 0 0 1 standing 
10 529 361 560 489 28721 0 0 0 standing 
10 509 362 540 490 28722 0 0 1 standing 
10 490 363 521 491 28723 0 0 1 standing 
10 470 364 501 492 28724 0 0 1 standing 
10 451 365 482 493 28725 0 0 0 standing 
10 441 366 472 494 28726 0 0 1 standing 
10 431 367 462 495 28727 0 0 1 standing 
10 421 369 453 497 28728 0 0 0 standing 
10 414 369 447 497 28729 0 0 1 standing 
10 408 370 441 498 28730 0 0 1 standing 
10 401 371 435 498 28731 0 0 1 standing 
10 395 372 429 499 28732 0 0 0 standing 
10 393 373 428 500 28733 0 0 1 standing 
10 392 374 427 501 28734 0 0 1 standing 
11 210 364 272 493 28715 0 0 0 standing 
11 193 374 253 506 28716 0 0 1 moving 
11 176 384 234 519 28717 0 0 1 moving 
11 160 394 216 532 28718 0 0 0 moving 
11 143 401 195 533 28719 0 0 1 moving 
11 126 408 174 535 28720 0 0 1 moving 
11 110 416 154 537 28721 0 0 0 moving 
11 93 416 145 539 28722 0 0 1 moving 
11 77 416 136 542 28723 0 0 1 moving 
11 60 416 127 544 28724 0 0 1 moving 
11 44 416 119 547 28725 0 0 0 moving 
11 36 414 108 544 28726 0 0 1 moving 
11 28 413 98 541 28727 0 0 1 moving 
11 20 412 88 539 28728 0 0 0 moving 
11 18 410 81 535 28729 0 0 1 moving 
11 16 408 75 532 28730 0 0 1 moving 
11 14 406 68 528 28731 0 0 1 moving 
11 13 404 62 525 28732 0 0 0 moving 
11 16 403 66 523 28733 0 0 1 moving 
11 19 402 71 521 28734 0 0 1 moving 
