0 326 359 369 472 40955 0 1 0 standing 
0 326 359 369 472 40956 0 1 1 standing 
0 327 360 370 473 40957 0 1 1 standing 
0 327 360 370 474 40958 0 1 1 standing 
0 328 361 371 474 40959 0 1 1 standing 
0 328 361 371 475 40960 0 1 1 standing 
0 329 362 372 476 40961 0 1 1 standing 
0 329 362 372 476 40962 0 1 1 standing 
0 330 363 373 477 40963 0 1 1 standing 
0 330 363 373 478 40964 0 1 1 standing 
0 331 364 374 479 40965 0 1 0 standing 
0 332 364 375 479 40966 0 1 1 standing 
0 334 364 377 479 40967 0 1 1 standing 
0 336 364 379 479 40968 0 1 1 standing 
0 338 364 381 479 40969 0 1 1 standing 
0 340 364 383 479 40970 0 1 1 standing 
0 342 364 385 479 40971 0 1 1 standing 
0 344 365 387 480 40972 0 1 0 standing 
0 344 365 387 480 40973 0 1 1 standing 
0 344 365 387 480 40974 0 1 1 standing 
1 350 351 405 454 40955 0 1 0 standing 
1 351 351 406 454 40956 0 1 1 standing 
1 352 352 407 455 40957 0 1 1 standing 
1 353 353 409 455 40958 0 1 1 standing 
1 354 354 410 456 40959 0 1 1 standing 
1 355 355 412 457 40960 0 1 1 standing 
1 356 355 413 457 40961 0 1 1 standing 
1 357 356 414 458 40962 0 1 1 standing 
1 358 357 416 458 40963 0 1 1 standing 
1 359 358 417 459 40964 0 1 1 standing 
1 361 359 419 460 40965 0 1 0 standing 
1 364 359 422 460 40966 0 1 1 standing 
1 367 359 425 460 40967 0 1 1 standing 
1 370 359 428 460 40968 0 1 1 standing 
1 373 360 432 461 40969 0 1 1 standing 
1 376 360 435 461 40970 0 1 1 standing 
1 379 360 438 461 40971 0 1 1 standing 
1 383 361 442 462 40972 0 1 0 standing 
1 383 361 442 462 40973 0 1 1 standing 
1 383 361 442 462 40974 0 1 1 standing 
2 354 431 392 562 40955 0 1 0 standing 
2 355 429 393 559 40956 0 1 1 standing 
2 357 427 394 557 40957 0 1 1 standing 
2 358 425 395 554 40958 0 1 1 standing 
2 360 424 396 552 40959 0 1 1 standing 
2 361 422 398 549 40960 0 1 1 standing 
2 363 420 399 547 40961 0 1 1 standing 
2 364 419 400 544 40962 0 1 1 standing 
2 366 417 401 542 40963 0 1 1 standing 
2 367 415 402 539 40964 0 1 1 standing 
2 369 414 404 537 40965 0 1 0 standing 
2 370 413 405 534 40966 0 1 1 standing 
2 371 412 406 531 40967 0 1 1 standing 
2 372 411 407 529 40968 0 1 1 standing 
2 373 411 408 526 40969 0 1 1 standing 
2 374 410 409 524 40970 0 1 1 standing 
2 375 409 410 521 40971 0 1 1 standing 
2 376 409 411 519 40972 0 1 0 standing 
2 376 409 411 519 40973 0 1 1 standing 
2 376 409 411 519 40974 0 1 1 standing 
3 465 320 516 428 40955 0 1 0 standing 
3 465 321 516 429 40956 0 1 1 standing 
3 466 322 517 430 40957 0 1 1 standing 
3 466 324 517 431 40958 0 1 1 standing 
3 467 325 518 433 40959 0 1 1 standing 
3 468 327 518 434 40960 0 1 1 standing 
3 468 328 519 435 40961 0 1 1 standing 
3 469 329 519 437 40962 0 1 1 standing 
3 469 331 520 438 40963 0 1 1 standing 
3 470 332 520 439 40964 0 1 1 standing 
3 471 334 521 441 40965 0 1 0 standing 
3 470 335 520 442 40966 0 1 1 standing 
3 469 336 519 443 40967 0 1 1 standing 
3 468 337 518 444 40968 0 1 1 standing 
3 467 338 518 445 40969 0 1 1 standing 
3 466 339 517 446 40970 0 1 1 standing 
3 465 340 516 447 40971 0 1 1 standing 
3 465 342 516 449 40972 0 1 0 standing 
3 465 342 516 449 40973 0 1 1 standing 
3 465 342 516 449 40974 0 1 1 standing 
4 417 386 464 494 40955 0 1 0 standing 
4 416 386 463 494 40956 0 1 1 standing 
4 416 387 463 494 40957 0 1 1 standing 
4 415 387 462 495 40958 0 1 1 standing 
4 415 388 462 495 40959 0 1 1 standing 
4 414 388 461 496 40960 0 1 1 standing 
4 414 389 461 496 40961 0 1 1 standing 
4 413 389 460 496 40962 0 1 1 standing 
4 413 390 460 497 40963 0 1 1 standing 
4 412 390 459 497 40964 0 1 1 standing 
4 412 391 459 498 40965 0 1 0 standing 
4 414 391 460 499 40966 0 1 1 standing 
4 417 392 461 501 40967 0 1 1 standing 
4 420 392 462 503 40968 0 1 1 standing 
4 422 393 463 504 40969 0 1 1 standing 
4 425 393 464 506 40970 0 1 1 standing 
4 428 394 465 508 40971 0 1 1 standing 
4 431 395 466 510 40972 0 1 0 standing 
4 431 395 466 510 40973 0 1 1 standing 
4 431 395 466 510 40974 0 1 1 standing 
5 413 474 470 615 40955 0 1 0 standing 
5 410 471 467 612 40956 0 1 1 standing 
5 408 468 465 609 40957 0 1 1 standing 
5 406 466 462 606 40958 0 1 1 standing 
5 404 463 460 603 40959 0 1 1 standing 
5 402 461 457 601 40960 0 1 1 standing 
5 399 458 455 598 40961 0 1 1 standing 
5 397 455 452 595 40962 0 1 1 standing 
5 395 453 450 592 40963 0 1 1 standing 
5 393 450 447 589 40964 0 1 1 standing 
5 391 448 445 587 40965 0 1 0 standing 
5 392 445 445 584 40966 0 1 1 standing 
5 393 443 446 582 40967 0 1 1 standing 
5 394 441 447 579 40968 0 1 1 standing 
5 396 438 448 577 40969 0 1 1 standing 
5 397 436 449 574 40970 0 1 1 standing 
5 398 434 450 572 40971 0 1 1 standing 
5 400 432 451 570 40972 0 1 0 standing 
5 400 432 451 570 40973 0 1 1 standing 
5 400 432 451 570 40974 0 1 1 standing 
6 877 420 935 535 40955 0 0 0 standing 
6 877 418 935 534 40956 0 0 1 standing 
6 878 416 935 533 40957 0 0 1 standing 
6 879 415 936 533 40958 0 0 0 standing 
6 880 414 934 532 40959 0 0 1 standing 
6 882 413 933 531 40960 0 0 1 standing 
6 884 413 932 531 40961 0 0 0 standing 
6 888 411 933 528 40962 0 0 1 standing 
6 892 409 934 525 40963 0 0 1 standing 
6 897 408 936 523 40964 0 0 0 standing 
6 894 407 936 522 40965 0 0 1 standing 
6 892 406 937 522 40966 0 0 1 standing 
6 890 405 938 522 40967 0 0 0 standing 
6 888 406 939 520 40968 0 0 1 standing 
6 886 407 940 518 40969 0 0 1 standing 
6 885 408 942 517 40970 0 0 0 standing 
6 885 408 942 517 40971 0 0 1 standing 
6 885 408 942 517 40972 0 0 1 standing 
6 885 408 942 517 40973 0 0 1 standing 
6 885 408 942 517 40974 0 0 1 standing 
7 832 330 913 425 40955 0 0 0 standing 
7 832 325 912 424 40956 0 0 1 standing 
7 833 320 911 423 40957 0 0 1 standing 
7 834 315 911 423 40958 0 0 0 standing 
7 840 313 907 421 40959 0 0 1 standing 
7 846 311 904 420 40960 0 0 1 standing 
7 852 310 901 419 40961 0 0 0 standing 
7 856 310 901 421 40962 0 0 1 standing 
7 860 310 901 423 40963 0 0 1 standing 
7 865 310 901 425 40964 0 0 0 standing 
7 867 311 903 425 40965 0 0 1 standing 
7 869 313 906 425 40966 0 0 1 standing 
7 872 315 909 425 40967 0 0 0 standing 
7 874 314 911 424 40968 0 0 1 standing 
7 876 313 913 424 40969 0 0 1 standing 
7 878 313 915 424 40970 0 0 0 standing 
7 878 313 915 424 40971 0 0 1 standing 
7 878 313 915 424 40972 0 0 1 standing 
7 878 313 915 424 40973 0 0 1 standing 
7 878 313 915 424 40974 0 0 1 standing 
8 741 312 799 414 40955 0 0 0 standing 
8 743 312 801 414 40956 0 0 1 standing 
8 745 312 803 414 40957 0 0 1 standing 
8 747 313 805 415 40958 0 0 0 standing 
8 748 313 806 415 40959 0 0 1 standing 
8 749 314 807 416 40960 0 0 1 standing 
8 751 315 809 417 40961 0 0 0 standing 
8 753 314 811 416 40962 0 0 1 standing 
8 756 314 814 416 40963 0 0 1 standing 
8 759 314 817 416 40964 0 0 0 standing 
8 761 314 819 416 40965 0 0 1 standing 
8 764 314 822 416 40966 0 0 1 standing 
8 767 315 825 417 40967 0 0 0 standing 
8 769 315 827 417 40968 0 0 1 standing 
8 771 315 829 417 40969 0 0 1 standing 
8 774 316 832 418 40970 0 0 0 standing 
8 774 316 832 418 40971 0 0 1 standing 
8 774 316 832 418 40972 0 0 1 standing 
8 774 316 832 418 40973 0 0 1 standing 
8 774 316 832 418 40974 0 0 1 standing 
9 559 403 608 532 40955 0 0 0 standing 
9 562 402 611 531 40956 0 0 1 standing 
9 565 401 614 530 40957 0 0 1 standing 
9 569 401 618 530 40958 0 0 0 standing 
9 572 400 621 529 40959 0 0 1 standing 
9 575 399 624 528 40960 0 0 1 standing 
9 579 398 628 527 40961 0 0 0 standing 
9 583 396 632 525 40962 0 0 1 standing 
9 587 394 636 523 40963 0 0 1 standing 
9 592 392 641 521 40964 0 0 0 standing 
9 595 390 644 519 40965 0 0 1 standing 
9 598 388 647 517 40966 0 0 1 standing 
9 602 387 651 516 40967 0 0 0 standing 
9 606 388 655 517 40968 0 0 1 standing 
9 610 389 659 518 40969 0 0 1 standing 
9 615 390 664 519 40970 0 0 0 standing 
9 615 390 664 519 40971 0 0 1 standing 
9 615 390 664 519 40972 0 0 1 standing 
9 615 390 664 519 40973 0 0 1 standing 
9 615 390 664 519 40974 0 0 1 standing 
10 605 368 643 493 40955 0 0 0 standing 
10 607 365 645 490 40956 0 0 1 standing 
10 609 362 648 487 40957 0 0 1 standing 
10 612 360 651 485 40958 0 0 0 standing 
10 615 360 654 485 40959 0 0 1 standing 
10 618 360 657 485 40960 0 0 1 standing 
10 621 361 660 486 40961 0 0 0 standing 
10 623 360 662 484 40962 0 0 1 standing 
10 626 359 664 482 40963 0 0 1 standing 
10 629 358 667 480 40964 0 0 0 standing 
10 632 358 676 478 40965 0 0 1 standing 
10 635 359 685 476 40966 0 0 1 standing 
10 639 360 694 475 40967 0 0 0 standing 
10 640 360 699 476 40968 0 0 1 standing 
10 642 360 705 478 40969 0 0 1 standing 
10 644 360 711 480 40970 0 0 0 standing 
10 644 360 711 480 40971 0 0 1 standing 
10 644 360 711 480 40972 0 0 1 standing 
10 644 360 711 480 40973 0 0 1 standing 
10 644 360 711 480 40974 0 0 1 standing 
11 569 315 619 412 40955 0 0 0 standing 
11 571 315 621 412 40956 0 0 1 standing 
11 574 315 624 412 40957 0 0 1 standing 
11 577 315 627 412 40958 0 0 0 standing 
11 578 316 627 413 40959 0 0 1 standing 
11 580 317 628 414 40960 0 0 1 standing 
11 582 318 629 415 40961 0 0 0 standing 
11 584 319 631 416 40962 0 0 1 standing 
11 587 320 634 418 40963 0 0 1 standing 
11 590 322 637 420 40964 0 0 0 standing 
11 592 322 639 420 40965 0 0 1 standing 
11 595 322 642 420 40966 0 0 1 standing 
11 598 323 645 421 40967 0 0 0 standing 
11 600 322 647 421 40968 0 0 1 standing 
11 602 322 649 421 40969 0 0 1 standing 
11 604 322 651 421 40970 0 0 0 standing 
11 604 322 651 421 40971 0 0 1 standing 
11 604 322 651 421 40972 0 0 1 standing 
11 604 322 651 421 40973 0 0 1 standing 
11 604 322 651 421 40974 0 0 1 standing 
