0 936 454 973 534 72670 0 0 0 waiting 
0 931 455 967 534 72671 0 0 1 waiting 
0 926 456 962 534 72672 0 0 1 waiting 
0 922 457 957 534 72673 0 0 0 waiting 
0 917 456 952 533 72674 0 0 1 waiting 
0 913 455 948 533 72675 0 0 1 waiting 
0 909 454 944 533 72676 0 0 1 waiting 
0 904 453 939 533 72677 0 0 1 waiting 
0 900 452 935 533 72678 0 0 1 waiting 
0 896 452 931 533 72679 0 0 0 waiting 
0 890 453 928 532 72680 0 0 1 waiting 
0 884 454 926 532 72681 0 0 1 waiting 
0 878 455 924 532 72682 0 0 0 waiting 
0 872 456 917 532 72683 0 0 1 waiting 
0 866 457 911 533 72684 0 0 1 waiting 
0 860 459 905 534 72685 0 0 0 waiting 
0 853 458 898 533 72686 0 0 1 waiting 
0 847 457 892 533 72687 0 0 1 waiting 
0 840 456 885 532 72688 0 0 1 waiting 
0 834 455 879 532 72689 0 0 1 waiting 
1 866 511 926 593 72670 0 0 0 waiting 
1 861 511 921 593 72671 0 0 1 standing 
1 856 512 916 593 72672 0 0 1 standing 
1 851 513 911 594 72673 0 0 0 standing 
1 844 513 906 594 72674 0 0 1 standing 
1 837 513 902 594 72675 0 0 1 standing 
1 831 513 898 595 72676 0 0 0 standing 
1 824 510 889 595 72677 0 0 1 standing 
1 817 508 880 595 72678 0 0 1 standing 
1 811 506 872 596 72679 0 0 0 standing 
1 803 506 859 596 72680 0 0 1 standing 
1 795 506 846 597 72681 0 0 1 standing 
1 787 506 833 598 72682 0 0 0 standing 
1 777 506 825 599 72683 0 0 1 standing 
1 767 507 817 601 72684 0 0 1 standing 
1 758 508 809 603 72685 0 0 0 standing 
1 752 508 802 603 72686 0 0 1 standing 
1 746 509 795 603 72687 0 0 1 standing 
1 740 509 789 603 72688 0 0 1 standing 
1 734 510 782 603 72689 0 0 1 standing 
2 809 418 842 487 72670 0 0 0 standing 
2 804 416 838 487 72671 0 0 1 waiting 
2 799 415 835 488 72672 0 0 1 waiting 
2 794 414 832 489 72673 0 0 0 waiting 
2 790 413 827 489 72674 0 0 1 waiting 
2 786 412 822 490 72675 0 0 1 waiting 
2 782 411 818 491 72676 0 0 0 waiting 
2 776 411 814 490 72677 0 0 1 waiting 
2 770 411 810 490 72678 0 0 1 waiting 
2 764 412 807 490 72679 0 0 0 waiting 
2 760 414 805 492 72680 0 0 1 waiting 
2 757 416 804 494 72681 0 0 1 waiting 
2 754 418 803 497 72682 0 0 0 waiting 
2 749 420 798 497 72683 0 0 1 waiting 
2 744 423 793 497 72684 0 0 1 waiting 
2 739 426 789 498 72685 0 0 0 waiting 
2 732 428 782 498 72686 0 0 1 waiting 
2 725 430 775 498 72687 0 0 1 waiting 
2 718 433 769 499 72688 0 0 1 waiting 
2 711 435 762 499 72689 0 0 1 waiting 
3 676 408 734 470 72670 0 0 0 waiting 
3 673 408 731 470 72671 0 0 1 standing 
3 670 408 729 470 72672 0 0 1 standing 
3 667 408 727 470 72673 0 0 0 standing 
3 671 407 723 471 72674 0 0 1 standing 
3 675 407 719 473 72675 0 0 1 standing 
3 680 407 716 475 72676 0 0 0 standing 
3 677 409 719 475 72677 0 0 1 standing 
3 674 411 722 475 72678 0 0 1 standing 
3 671 413 725 476 72679 0 0 0 standing 
3 668 415 726 476 72680 0 0 1 standing 
3 666 417 728 477 72681 0 0 1 standing 
3 664 419 730 478 72682 0 0 0 standing 
3 659 420 723 478 72683 0 0 1 standing 
3 654 421 717 478 72684 0 0 1 standing 
3 649 422 711 479 72685 0 0 0 standing 
3 643 420 703 479 72686 0 0 1 standing 
3 637 418 695 479 72687 0 0 1 standing 
3 631 416 687 479 72688 0 0 1 standing 
3 625 414 679 479 72689 0 0 1 standing 
4 479 343 523 413 72670 0 0 0 standing 
4 480 345 520 414 72671 0 0 1 standing 
4 481 347 517 415 72672 0 0 1 standing 
4 482 350 514 416 72673 0 0 0 standing 
4 479 349 511 419 72674 0 0 1 standing 
4 476 349 508 423 72675 0 0 1 standing 
4 473 349 506 427 72676 0 0 0 standing 
4 470 349 504 428 72677 0 0 1 standing 
4 467 349 502 429 72678 0 0 1 standing 
4 464 350 501 431 72679 0 0 0 standing 
4 461 349 497 430 72680 0 0 1 standing 
4 458 348 493 429 72681 0 0 1 standing 
4 456 348 489 429 72682 0 0 0 standing 
4 453 348 484 430 72683 0 0 1 standing 
4 450 349 479 432 72684 0 0 1 standing 
4 447 350 475 434 72685 0 0 0 standing 
4 442 351 472 436 72686 0 0 1 standing 
4 437 353 469 438 72687 0 0 1 standing 
4 432 355 467 440 72688 0 0 1 standing 
4 427 357 464 442 72689 0 0 1 standing 
5 429 405 463 481 72670 0 0 0 standing 
5 425 405 461 482 72671 0 0 1 standing 
5 422 405 460 484 72672 0 0 1 standing 
5 419 406 459 486 72673 0 0 0 standing 
5 417 405 455 485 72674 0 0 1 standing 
5 415 405 452 485 72675 0 0 1 standing 
5 414 405 449 485 72676 0 0 1 standing 
5 412 405 446 484 72677 0 0 1 standing 
5 410 405 443 484 72678 0 0 1 standing 
5 409 405 440 484 72679 0 0 0 standing 
5 405 408 441 489 72680 0 0 1 standing 
5 401 411 442 494 72681 0 0 1 standing 
5 398 414 443 500 72682 0 0 0 standing 
5 396 418 443 502 72683 0 0 1 standing 
5 394 423 443 504 72684 0 0 1 standing 
5 393 428 444 507 72685 0 0 0 standing 
5 388 429 437 507 72686 0 0 1 standing 
5 383 430 431 507 72687 0 0 1 standing 
5 378 431 425 508 72688 0 0 1 standing 
5 373 432 419 508 72689 0 0 1 standing 
6 328 463 392 512 72670 0 0 0 standing 
6 322 464 386 512 72671 0 0 1 falling 
6 317 465 381 512 72672 0 0 1 falling 
6 312 467 376 513 72673 0 0 0 falling 
6 306 467 372 513 72674 0 0 1 falling 
6 301 468 368 513 72675 0 0 1 falling 
6 296 469 365 514 72676 0 0 0 falling 
6 292 468 361 514 72677 0 0 1 falling 
6 289 467 357 514 72678 0 0 1 falling 
6 286 466 354 515 72679 0 0 1 falling 
6 282 465 350 515 72680 0 0 1 falling 
6 279 464 346 515 72681 0 0 1 falling 
6 276 463 343 516 72682 0 0 0 falling 
6 273 461 335 515 72683 0 0 1 falling 
6 270 459 327 515 72684 0 0 1 falling 
6 268 458 320 515 72685 0 0 0 falling 
6 261 458 314 517 72686 0 0 1 falling 
6 255 458 308 519 72687 0 0 1 falling 
6 249 458 303 522 72688 0 0 1 falling 
6 243 458 297 524 72689 0 0 1 falling 
7 350 498 424 601 72670 0 0 0 falling 
7 354 496 421 600 72671 0 0 1 standing 
7 359 495 418 600 72672 0 0 1 standing 
7 363 494 415 600 72673 0 0 1 standing 
7 368 492 412 599 72674 0 0 1 standing 
7 372 491 409 599 72675 0 0 1 standing 
7 377 490 407 599 72676 0 0 0 standing 
7 375 490 410 599 72677 0 0 1 standing 
7 374 490 413 599 72678 0 0 1 standing 
7 372 490 416 599 72679 0 0 1 standing 
7 371 490 419 600 72680 0 0 0 standing 
7 369 492 416 601 72681 0 0 1 standing 
7 368 495 414 603 72682 0 0 1 standing 
7 366 497 411 604 72683 0 0 1 standing 
7 365 500 409 606 72684 0 0 1 standing 
7 364 503 407 608 72685 0 0 0 standing 
7 359 500 401 607 72686 0 0 1 standing 
7 354 497 396 606 72687 0 0 1 standing 
7 349 494 391 606 72688 0 0 1 standing 
7 344 491 386 605 72689 0 0 1 standing 
8 532 465 600 574 72670 0 1 0 standing 
8 530 463 595 572 72671 0 1 1 spiking 
8 528 462 591 570 72672 0 1 1 spiking 
8 526 460 587 569 72673 0 1 1 spiking 
8 524 459 583 567 72674 0 1 1 spiking 
8 523 458 579 566 72675 0 1 0 spiking 
8 523 461 577 569 72676 0 1 1 spiking 
8 523 464 575 572 72677 0 1 1 spiking 
8 524 468 573 576 72678 0 1 1 spiking 
8 524 471 571 579 72679 0 1 1 spiking 
8 525 475 570 583 72680 0 1 0 spiking 
8 521 481 566 594 72681 0 1 1 spiking 
8 518 487 562 605 72682 0 1 1 spiking 
8 514 493 559 616 72683 0 1 1 spiking 
8 511 499 555 627 72684 0 1 1 spiking 
8 508 506 552 638 72685 0 1 0 spiking 
8 503 509 547 641 72686 0 1 1 spiking 
8 498 512 542 644 72687 0 1 1 spiking 
8 494 516 538 647 72688 0 1 1 spiking 
8 489 519 533 650 72689 0 1 1 spiking 
9 600 458 642 550 72670 0 0 0 spiking 
9 594 458 637 550 72671 0 0 1 spiking 
9 589 458 632 550 72672 0 0 1 spiking 
9 584 458 628 551 72673 0 0 0 spiking 
9 579 458 623 551 72674 0 0 1 spiking 
9 575 459 619 552 72675 0 0 1 spiking 
9 571 460 615 553 72676 0 0 0 spiking 
9 563 459 607 552 72677 0 0 1 spiking 
9 556 459 600 552 72678 0 0 1 spiking 
9 549 459 593 552 72679 0 0 0 spiking 
9 541 458 587 552 72680 0 0 1 spiking 
9 533 458 582 552 72681 0 0 1 spiking 
9 526 458 577 552 72682 0 0 0 spiking 
9 518 455 565 549 72683 0 0 1 spiking 
9 510 452 553 546 72684 0 0 1 spiking 
9 503 450 542 543 72685 0 0 0 spiking 
9 494 450 535 542 72686 0 0 1 spiking 
9 485 450 528 542 72687 0 0 1 spiking 
9 476 450 522 541 72688 0 0 1 spiking 
9 467 450 515 541 72689 0 0 1 spiking 
10 647 457 681 560 72670 0 1 0 spiking 
10 642 454 676 559 72671 0 1 1 blocking 
10 637 451 671 559 72672 0 1 1 blocking 
10 632 449 666 559 72673 0 1 1 blocking 
10 627 446 661 559 72674 0 1 1 blocking 
10 622 444 656 559 72675 0 1 1 blocking 
10 617 441 651 558 72676 0 1 1 blocking 
10 612 438 646 558 72677 0 1 1 blocking 
10 607 436 641 558 72678 0 1 1 blocking 
10 602 433 636 558 72679 0 1 1 blocking 
10 598 431 631 558 72680 0 1 0 blocking 
10 593 434 626 561 72681 0 1 1 blocking 
10 589 437 622 564 72682 0 1 1 blocking 
10 584 441 618 568 72683 0 1 1 blocking 
10 580 444 614 571 72684 0 1 1 blocking 
10 576 448 610 575 72685 0 1 1 blocking 
10 571 451 606 578 72686 0 1 1 blocking 
10 567 455 602 582 72687 0 1 1 blocking 
10 563 458 598 585 72688 0 1 1 blocking 
10 558 462 594 589 72689 0 1 1 blocking 
11 652 489 691 603 72670 0 1 0 blocking 
11 645 485 686 600 72671 0 1 1 blocking 
11 639 482 681 598 72672 0 1 1 blocking 
11 633 478 676 595 72673 0 1 1 blocking 
11 627 475 671 593 72674 0 1 1 blocking 
11 621 472 666 591 72675 0 1 1 blocking 
11 615 468 661 588 72676 0 1 1 blocking 
11 609 465 656 586 72677 0 1 1 blocking 
11 603 461 651 583 72678 0 1 1 blocking 
11 597 458 646 581 72679 0 1 1 blocking 
11 591 455 642 579 72680 0 1 0 blocking 
11 586 459 643 583 72681 0 1 1 blocking 
11 582 463 644 587 72682 0 1 1 blocking 
11 577 468 645 591 72683 0 1 1 blocking 
11 573 472 646 595 72684 0 1 1 blocking 
11 569 477 647 600 72685 0 1 0 blocking 
11 564 480 637 603 72686 0 1 1 blocking 
11 560 484 628 607 72687 0 1 1 blocking 
11 556 488 619 611 72688 0 1 1 blocking 
11 551 491 610 615 72689 0 1 1 blocking 
