0 488 436 540 545 26315 0 0 0 standing 
0 489 435 540 544 26316 0 0 1 standing 
0 491 434 540 544 26317 0 0 1 standing 
0 492 433 540 544 26318 0 0 1 standing 
0 494 432 541 544 26319 0 0 0 standing 
0 491 431 539 544 26320 0 0 1 standing 
0 489 430 537 544 26321 0 0 1 standing 
0 487 429 536 545 26322 0 0 1 standing 
0 484 428 534 545 26323 0 0 1 standing 
0 482 427 532 545 26324 0 0 1 standing 
0 480 427 531 546 26325 0 0 0 standing 
0 475 427 526 545 26326 0 0 1 standing 
0 471 427 522 545 26327 0 0 1 standing 
0 467 427 518 545 26328 0 0 1 standing 
0 463 427 514 544 26329 0 0 1 standing 
0 459 428 510 544 26330 0 0 1 standing 
0 455 428 505 544 26331 0 0 1 standing 
0 451 428 501 543 26332 0 0 1 standing 
0 447 428 497 543 26333 0 0 1 standing 
0 443 428 493 543 26334 0 0 1 standing 
1 579 398 628 499 26315 0 1 0 standing 
1 576 399 635 500 26316 0 1 1 digging 
1 573 400 642 501 26317 0 1 1 digging 
1 571 402 650 502 26318 0 1 0 digging 
1 573 400 645 502 26319 0 1 1 digging 
1 576 399 641 502 26320 0 1 1 digging 
1 579 397 637 502 26321 0 1 1 digging 
1 582 396 633 503 26322 0 1 0 digging 
1 580 393 632 502 26323 0 1 1 digging 
1 579 390 631 501 26324 0 1 1 digging 
1 578 388 631 501 26325 0 1 0 digging 
1 575 385 627 501 26326 0 1 1 digging 
1 573 383 623 502 26327 0 1 1 digging 
1 570 381 620 503 26328 0 1 1 digging 
1 568 379 616 504 26329 0 1 1 digging 
1 566 377 613 505 26330 0 1 0 digging 
1 562 379 608 506 26331 0 1 1 digging 
1 558 381 604 507 26332 0 1 1 digging 
1 555 384 599 509 26333 0 1 1 digging 
1 551 386 595 510 26334 0 1 1 digging 
2 762 427 819 522 26315 0 0 0 digging 
2 758 424 814 522 26316 0 0 1 moving 
2 755 421 809 522 26317 0 0 1 moving 
2 751 418 804 522 26318 0 0 1 moving 
2 748 415 799 522 26319 0 0 1 moving 
2 745 412 795 522 26320 0 0 0 moving 
2 739 409 788 519 26321 0 0 1 moving 
2 733 406 781 517 26322 0 0 1 moving 
2 728 403 775 514 26323 0 0 1 moving 
2 722 400 768 512 26324 0 0 1 moving 
2 717 398 762 510 26325 0 0 0 moving 
2 710 395 756 508 26326 0 0 1 moving 
2 703 393 750 506 26327 0 0 1 moving 
2 696 391 745 504 26328 0 0 1 moving 
2 689 389 739 502 26329 0 0 1 moving 
2 682 387 734 500 26330 0 0 1 moving 
2 675 384 728 498 26331 0 0 1 moving 
2 668 382 723 496 26332 0 0 1 moving 
2 661 380 717 494 26333 0 0 1 moving 
2 654 378 712 492 26334 0 0 1 moving 
3 824 448 869 585 26315 0 0 0 moving 
3 822 445 867 584 26316 0 0 1 standing 
3 821 443 865 584 26317 0 0 1 standing 
3 819 441 864 583 26318 0 0 1 standing 
3 818 439 862 583 26319 0 0 1 standing 
3 816 437 861 582 26320 0 0 1 standing 
3 815 435 859 582 26321 0 0 1 standing 
3 814 433 858 582 26322 0 0 0 standing 
3 811 435 855 582 26323 0 0 1 standing 
3 808 437 852 582 26324 0 0 1 standing 
3 805 439 849 582 26325 0 0 0 standing 
3 799 439 843 583 26326 0 0 1 standing 
3 794 440 838 585 26327 0 0 1 standing 
3 789 440 832 587 26328 0 0 1 standing 
3 784 441 827 589 26329 0 0 0 standing 
3 779 438 822 587 26330 0 0 1 standing 
3 774 436 817 586 26331 0 0 1 standing 
3 769 434 812 585 26332 0 0 1 standing 
3 764 432 807 584 26333 0 0 1 standing 
3 759 430 802 583 26334 0 0 1 standing 
4 889 440 935 588 26315 0 0 0 standing 
4 892 439 937 587 26316 0 0 1 standing 
4 895 438 939 587 26317 0 0 1 standing 
4 898 437 941 587 26318 0 0 1 standing 
4 902 437 944 587 26319 0 0 0 standing 
4 903 435 944 585 26320 0 0 1 standing 
4 905 433 945 584 26321 0 0 1 standing 
4 906 431 946 583 26322 0 0 1 standing 
4 908 429 947 582 26323 0 0 1 standing 
4 910 428 948 581 26324 0 0 0 standing 
4 906 425 944 577 26325 0 0 1 standing 
4 903 423 941 574 26326 0 0 1 standing 
4 900 421 937 571 26327 0 0 1 standing 
4 897 419 934 568 26328 0 0 0 standing 
4 893 420 929 568 26329 0 0 1 standing 
4 889 421 925 568 26330 0 0 1 standing 
4 885 422 921 568 26331 0 0 1 standing 
4 881 424 917 569 26332 0 0 1 standing 
4 877 425 913 569 26333 0 0 1 standing 
4 873 426 909 569 26334 0 0 1 standing 
5 1029 460 1079 595 26315 0 0 0 standing 
5 1029 461 1079 596 26316 0 0 1 standing 
5 1030 462 1080 597 26317 0 0 1 standing 
5 1030 464 1080 599 26318 0 0 1 standing 
5 1031 465 1081 600 26319 0 0 1 standing 
5 1032 467 1082 602 26320 0 0 0 standing 
5 1032 466 1082 601 26321 0 0 1 standing 
5 1033 465 1083 600 26322 0 0 1 standing 
5 1033 464 1083 599 26323 0 0 1 standing 
5 1034 463 1084 598 26324 0 0 1 standing 
5 1035 463 1085 598 26325 0 0 0 standing 
5 1035 461 1085 596 26326 0 0 1 standing 
5 1036 459 1086 594 26327 0 0 1 standing 
5 1037 457 1086 592 26328 0 0 1 standing 
5 1038 455 1087 591 26329 0 0 0 standing 
5 1038 454 1087 589 26330 0 0 1 standing 
5 1039 454 1088 587 26331 0 0 1 standing 
5 1039 453 1088 586 26332 0 0 1 standing 
5 1040 453 1089 584 26333 0 0 1 standing 
5 1041 453 1090 583 26334 0 0 0 standing 
6 1164 409 1207 545 26315 0 0 0 standing 
6 1161 412 1204 546 26316 0 0 1 standing 
6 1158 415 1202 547 26317 0 0 1 standing 
6 1155 418 1200 549 26318 0 0 1 standing 
6 1152 422 1197 550 26319 0 0 1 standing 
6 1149 425 1195 552 26320 0 0 1 standing 
6 1146 428 1193 553 26321 0 0 1 standing 
6 1144 432 1191 555 26322 0 0 0 standing 
6 1141 433 1189 557 26323 0 0 1 standing 
6 1138 434 1188 559 26324 0 0 1 standing 
6 1136 436 1187 561 26325 0 0 0 standing 
6 1135 436 1186 561 26326 0 0 1 standing 
6 1135 436 1186 561 26327 0 0 1 standing 
6 1134 437 1185 561 26328 0 0 1 standing 
6 1134 437 1185 561 26329 0 0 1 standing 
6 1134 438 1185 562 26330 0 0 0 standing 
6 1131 438 1182 562 26331 0 0 1 standing 
6 1128 438 1179 562 26332 0 0 1 standing 
6 1125 439 1176 562 26333 0 0 1 standing 
6 1122 439 1173 562 26334 0 0 1 standing 
7 1072 347 1118 463 26315 0 0 0 standing 
7 1073 347 1119 463 26316 0 0 1 standing 
7 1074 347 1120 463 26317 0 0 1 standing 
7 1075 347 1121 463 26318 0 0 1 standing 
7 1076 347 1122 463 26319 0 0 0 standing 
7 1073 346 1119 462 26320 0 0 1 standing 
7 1071 346 1117 462 26321 0 0 1 standing 
7 1069 346 1115 462 26322 0 0 1 standing 
7 1066 346 1112 462 26323 0 0 1 standing 
7 1064 346 1110 462 26324 0 0 1 standing 
7 1062 346 1108 462 26325 0 0 0 standing 
7 1058 347 1104 463 26326 0 0 1 standing 
7 1055 348 1101 464 26327 0 0 1 standing 
7 1051 349 1097 465 26328 0 0 1 standing 
7 1048 350 1094 466 26329 0 0 1 standing 
7 1044 351 1090 467 26330 0 0 1 standing 
7 1041 352 1087 468 26331 0 0 1 standing 
7 1037 353 1083 469 26332 0 0 1 standing 
7 1034 354 1080 470 26333 0 0 1 standing 
7 1030 355 1076 471 26334 0 0 1 standing 
8 502 477 560 610 26315 0 0 0 standing 
8 503 476 561 610 26316 0 0 1 moving 
8 505 476 562 611 26317 0 0 1 moving 
8 507 476 563 612 26318 0 0 0 moving 
8 502 474 558 611 26319 0 0 1 moving 
8 498 473 553 611 26320 0 0 1 moving 
8 494 472 548 611 26321 0 0 1 moving 
8 490 470 543 611 26322 0 0 1 moving 
8 486 469 538 611 26323 0 0 1 moving 
8 482 468 533 611 26324 0 0 1 moving 
8 478 467 528 611 26325 0 0 0 moving 
8 471 467 521 610 26326 0 0 1 moving 
8 464 467 515 610 26327 0 0 1 moving 
8 457 467 508 609 26328 0 0 1 moving 
8 451 467 502 609 26329 0 0 1 moving 
8 444 467 495 609 26330 0 0 1 moving 
8 437 467 489 608 26331 0 0 1 moving 
8 430 467 482 608 26332 0 0 1 moving 
8 424 468 476 608 26333 0 0 0 moving 
8 419 470 471 610 26334 0 0 1 moving 
9 827 467 870 610 26315 0 0 0 moving 
9 825 464 868 607 26316 0 0 1 standing 
9 823 462 866 605 26317 0 0 1 standing 
9 821 460 864 603 26318 0 0 1 standing 
9 820 458 863 601 26319 0 0 0 standing 
9 817 459 860 602 26320 0 0 1 standing 
9 814 461 857 604 26321 0 0 1 standing 
9 812 462 855 605 26322 0 0 1 standing 
9 809 464 852 607 26323 0 0 1 standing 
9 806 465 849 608 26324 0 0 1 standing 
9 804 467 847 610 26325 0 0 0 standing 
9 798 466 841 610 26326 0 0 1 standing 
9 793 466 835 610 26327 0 0 1 standing 
9 787 465 830 610 26328 0 0 1 standing 
9 782 465 824 610 26329 0 0 1 standing 
9 776 464 819 610 26330 0 0 1 standing 
9 771 464 813 610 26331 0 0 1 standing 
9 765 463 807 610 26332 0 0 1 standing 
9 760 463 802 610 26333 0 0 1 standing 
9 754 462 796 610 26334 0 0 1 standing 
10 932 389 976 508 26315 0 0 0 standing 
10 933 389 977 509 26316 0 0 1 standing 
10 934 389 978 510 26317 0 0 1 standing 
10 935 389 979 511 26318 0 0 1 standing 
10 937 390 980 512 26319 0 0 0 standing 
10 934 389 977 511 26320 0 0 1 standing 
10 932 388 975 511 26321 0 0 1 standing 
10 930 387 973 510 26322 0 0 1 standing 
10 928 386 971 510 26323 0 0 1 standing 
10 926 385 969 509 26324 0 0 1 standing 
10 924 384 967 509 26325 0 0 0 standing 
10 919 383 962 508 26326 0 0 1 standing 
10 915 382 958 507 26327 0 0 1 standing 
10 910 381 953 506 26328 0 0 1 standing 
10 906 381 949 505 26329 0 0 0 standing 
10 901 383 944 506 26330 0 0 1 standing 
10 896 386 939 507 26331 0 0 1 standing 
10 891 388 935 508 26332 0 0 1 standing 
10 886 391 930 509 26333 0 0 1 standing 
10 881 393 925 510 26334 0 0 1 standing 
11 932 495 977 652 26315 0 0 0 standing 
11 933 493 978 650 26316 0 0 1 standing 
11 934 492 979 649 26317 0 0 1 standing 
11 935 491 980 648 26318 0 0 1 standing 
11 936 490 981 647 26319 0 0 0 standing 
11 935 489 980 646 26320 0 0 1 standing 
11 935 488 980 645 26321 0 0 1 standing 
11 934 487 979 644 26322 0 0 1 standing 
11 934 486 979 643 26323 0 0 1 standing 
11 933 485 978 642 26324 0 0 1 standing 
11 933 485 978 642 26325 0 0 0 standing 
11 929 482 974 639 26326 0 0 1 standing 
11 925 480 970 636 26327 0 0 1 standing 
11 921 477 966 633 26328 0 0 1 standing 
11 917 475 962 630 26329 0 0 1 standing 
11 914 473 958 627 26330 0 0 0 standing 
11 908 473 952 627 26331 0 0 1 standing 
11 903 474 947 627 26332 0 0 1 standing 
11 898 474 942 627 26333 0 0 1 standing 
11 893 475 937 627 26334 0 0 1 standing 
