0 257 348 300 433 38685 0 1 0 digging 
0 257 349 309 432 38686 0 1 1 digging 
0 258 351 319 432 38687 0 1 1 digging 
0 259 352 329 431 38688 0 1 1 digging 
0 260 354 339 431 38689 0 1 1 digging 
0 261 356 349 431 38690 0 1 0 digging 
0 260 355 349 430 38691 0 1 1 digging 
0 260 354 350 430 38692 0 1 1 digging 
0 260 353 350 429 38693 0 1 1 digging 
0 260 352 351 429 38694 0 1 1 digging 
0 260 352 352 429 38695 0 1 0 digging 
0 262 351 351 432 38696 0 1 1 digging 
0 265 351 351 435 38697 0 1 1 digging 
0 268 351 351 438 38698 0 1 1 digging 
0 270 350 351 441 38699 0 1 1 digging 
0 273 350 351 444 38700 0 1 1 digging 
0 276 350 351 448 38701 0 1 0 digging 
0 276 351 354 446 38702 0 1 1 digging 
0 277 352 358 445 38703 0 1 1 digging 
0 278 353 362 443 38704 0 1 1 digging 
1 396 299 456 387 38685 0 0 0 digging 
1 395 301 458 388 38686 0 0 1 standing 
1 394 303 460 390 38687 0 0 1 standing 
1 393 306 462 392 38688 0 0 0 standing 
1 391 306 463 393 38689 0 0 1 standing 
1 389 307 464 394 38690 0 0 1 standing 
1 387 308 466 395 38691 0 0 0 standing 
1 382 306 458 395 38692 0 0 1 standing 
1 377 304 450 395 38693 0 0 1 standing 
1 373 303 442 396 38694 0 0 0 standing 
1 371 300 433 395 38695 0 0 1 standing 
1 369 297 425 395 38696 0 0 1 standing 
1 368 294 417 395 38697 0 0 0 standing 
1 364 294 417 395 38698 0 0 1 standing 
1 360 294 417 395 38699 0 0 1 standing 
1 356 294 417 396 38700 0 0 0 standing 
1 350 294 411 398 38701 0 0 1 standing 
1 344 295 406 400 38702 0 0 1 standing 
1 339 296 400 402 38703 0 0 1 standing 
1 333 297 395 404 38704 0 0 1 standing 
2 514 273 586 370 38685 0 0 0 standing 
2 513 272 584 370 38686 0 0 1 standing 
2 513 272 582 371 38687 0 0 1 standing 
2 513 272 581 372 38688 0 0 0 standing 
2 513 269 580 371 38689 0 0 1 standing 
2 513 266 579 370 38690 0 0 1 standing 
2 514 263 578 369 38691 0 0 0 standing 
2 514 260 572 367 38692 0 0 1 standing 
2 514 258 566 365 38693 0 0 1 standing 
2 515 256 561 363 38694 0 0 0 standing 
2 512 254 558 360 38695 0 0 1 standing 
2 509 253 555 358 38696 0 0 1 standing 
2 507 252 553 356 38697 0 0 0 standing 
2 503 251 550 354 38698 0 0 1 standing 
2 499 251 548 353 38699 0 0 1 standing 
2 495 251 546 352 38700 0 0 0 standing 
2 491 250 542 351 38701 0 0 1 standing 
2 487 249 538 350 38702 0 0 1 standing 
2 483 248 534 349 38703 0 0 1 standing 
2 479 247 530 348 38704 0 0 1 standing 
3 655 342 720 464 38685 0 0 0 standing 
3 661 347 721 464 38686 0 0 1 standing 
3 667 353 722 464 38687 0 0 1 standing 
3 674 359 723 465 38688 0 0 0 standing 
3 674 359 722 468 38689 0 0 1 standing 
3 674 359 721 471 38690 0 0 1 standing 
3 675 360 721 475 38691 0 0 0 standing 
3 672 361 718 475 38692 0 0 1 standing 
3 670 362 715 475 38693 0 0 1 standing 
3 668 364 713 476 38694 0 0 0 standing 
3 663 365 712 477 38695 0 0 1 standing 
3 658 366 712 478 38696 0 0 1 standing 
3 653 367 712 479 38697 0 0 0 standing 
3 645 368 710 482 38698 0 0 1 standing 
3 637 369 709 485 38699 0 0 1 standing 
3 629 370 708 488 38700 0 0 0 standing 
3 623 372 705 489 38701 0 0 1 standing 
3 617 374 702 490 38702 0 0 1 standing 
3 611 377 699 491 38703 0 0 1 standing 
3 605 379 696 492 38704 0 0 1 standing 
4 729 297 773 395 38685 0 0 0 standing 
4 730 296 775 394 38686 0 0 1 standing 
4 732 296 777 393 38687 0 0 1 standing 
4 734 296 779 392 38688 0 0 0 standing 
4 735 295 779 392 38689 0 0 1 standing 
4 737 295 779 392 38690 0 0 1 standing 
4 739 295 779 392 38691 0 0 1 standing 
4 741 295 779 392 38692 0 0 1 standing 
4 743 295 779 392 38693 0 0 1 standing 
4 745 295 780 393 38694 0 0 0 standing 
4 746 294 780 392 38695 0 0 1 standing 
4 747 293 781 392 38696 0 0 1 standing 
4 748 293 782 392 38697 0 0 0 standing 
4 749 292 783 391 38698 0 0 1 standing 
4 750 291 784 391 38699 0 0 1 standing 
4 752 291 785 391 38700 0 0 0 standing 
4 749 290 783 390 38701 0 0 1 standing 
4 747 290 782 390 38702 0 0 1 standing 
4 744 289 781 389 38703 0 0 1 standing 
4 742 289 780 389 38704 0 0 1 standing 
5 871 246 914 340 38685 0 0 0 standing 
5 874 246 917 340 38686 0 0 1 moving 
5 877 246 920 341 38687 0 0 1 moving 
5 880 246 924 342 38688 0 0 0 moving 
5 881 245 925 345 38689 0 0 1 moving 
5 883 245 927 349 38690 0 0 1 moving 
5 885 245 929 353 38691 0 0 0 moving 
5 885 247 931 355 38692 0 0 1 moving 
5 885 250 933 357 38693 0 0 1 moving 
5 886 253 936 359 38694 0 0 0 moving 
5 888 252 937 358 38695 0 0 1 moving 
5 890 251 939 357 38696 0 0 1 moving 
5 893 251 941 357 38697 0 0 0 moving 
5 897 252 944 359 38698 0 0 1 moving 
5 902 253 947 362 38699 0 0 1 moving 
5 907 254 951 365 38700 0 0 0 moving 
5 907 257 954 367 38701 0 0 1 moving 
5 907 260 957 369 38702 0 0 1 moving 
5 907 264 960 372 38703 0 0 1 moving 
5 907 267 963 374 38704 0 0 1 moving 
6 988 306 1036 423 38685 0 0 0 moving 
6 991 305 1038 422 38686 0 0 1 standing 
6 994 305 1041 421 38687 0 0 1 standing 
6 997 305 1044 420 38688 0 0 0 standing 
6 996 304 1045 420 38689 0 0 1 standing 
6 996 303 1047 421 38690 0 0 1 standing 
6 996 303 1049 422 38691 0 0 0 standing 
6 998 303 1050 421 38692 0 0 1 standing 
6 1001 303 1052 421 38693 0 0 1 standing 
6 1004 303 1054 421 38694 0 0 0 standing 
6 1004 304 1059 421 38695 0 0 1 standing 
6 1004 305 1064 421 38696 0 0 1 standing 
6 1004 306 1069 422 38697 0 0 0 standing 
6 1004 306 1073 422 38698 0 0 1 standing 
6 1004 307 1078 422 38699 0 0 1 standing 
6 1004 308 1083 423 38700 0 0 0 standing 
6 1006 308 1083 423 38701 0 0 1 standing 
6 1009 308 1083 424 38702 0 0 1 standing 
6 1011 308 1084 425 38703 0 0 1 standing 
6 1014 308 1084 426 38704 0 0 1 standing 
7 336 394 387 504 38685 0 0 0 standing 
7 340 392 390 502 38686 0 0 1 moving 
7 344 390 393 500 38687 0 0 1 moving 
7 349 389 397 498 38688 0 0 0 moving 
7 350 388 404 497 38689 0 0 1 moving 
7 352 387 412 496 38690 0 0 1 moving 
7 354 387 420 495 38691 0 0 0 moving 
7 354 387 427 495 38692 0 0 1 moving 
7 354 388 434 495 38693 0 0 1 moving 
7 354 389 441 496 38694 0 0 0 moving 
7 358 386 443 494 38695 0 0 1 moving 
7 362 384 445 493 38696 0 0 1 moving 
7 367 382 447 492 38697 0 0 0 moving 
7 380 381 451 490 38698 0 0 1 moving 
7 394 380 455 489 38699 0 0 1 moving 
7 408 379 460 488 38700 0 0 0 moving 
7 412 378 469 486 38701 0 0 1 moving 
7 417 377 479 484 38702 0 0 1 moving 
7 421 376 488 482 38703 0 0 1 moving 
7 426 375 498 480 38704 0 0 1 moving 
8 902 365 947 471 38685 0 0 0 moving 
8 902 366 947 471 38686 0 0 1 standing 
8 902 367 947 471 38687 0 0 1 standing 
8 903 369 947 471 38688 0 0 0 standing 
8 904 368 948 470 38689 0 0 1 standing 
8 905 367 949 469 38690 0 0 1 standing 
8 906 367 950 469 38691 0 0 0 standing 
8 908 365 951 469 38692 0 0 1 standing 
8 910 364 953 470 38693 0 0 1 standing 
8 913 363 955 471 38694 0 0 0 standing 
8 915 362 957 470 38695 0 0 1 standing 
8 917 362 959 470 38696 0 0 1 standing 
8 920 362 962 470 38697 0 0 0 standing 
8 922 362 964 472 38698 0 0 1 standing 
8 925 363 966 475 38699 0 0 1 standing 
8 928 364 969 478 38700 0 0 0 standing 
8 928 365 973 479 38701 0 0 1 standing 
8 929 367 978 481 38702 0 0 1 standing 
8 929 368 983 482 38703 0 0 1 standing 
8 930 370 988 484 38704 0 0 1 standing 
9 842 367 894 474 38685 0 0 0 standing 
9 838 366 895 473 38686 0 0 1 moving 
9 835 365 896 472 38687 0 0 1 moving 
9 832 365 898 471 38688 0 0 0 moving 
9 822 364 895 471 38689 0 0 1 moving 
9 812 363 893 472 38690 0 0 1 moving 
9 803 362 891 473 38691 0 0 0 moving 
9 801 362 884 474 38692 0 0 1 moving 
9 800 362 877 475 38693 0 0 1 moving 
9 799 363 871 476 38694 0 0 0 moving 
9 797 361 859 475 38695 0 0 1 moving 
9 795 360 848 474 38696 0 0 1 moving 
9 794 359 837 474 38697 0 0 0 moving 
9 787 357 832 473 38698 0 0 1 moving 
9 780 355 827 473 38699 0 0 1 moving 
9 774 353 823 473 38700 0 0 0 moving 
9 770 353 819 472 38701 0 0 1 moving 
9 766 353 815 472 38702 0 0 1 moving 
9 763 353 811 472 38703 0 0 1 moving 
9 759 353 807 472 38704 0 0 1 moving 
10 730 337 812 449 38685 0 0 0 moving 
10 731 335 813 447 38686 0 0 1 standing 
10 733 333 815 445 38687 0 0 1 standing 
10 735 332 817 444 38688 0 0 0 standing 
10 739 330 817 443 38689 0 0 1 standing 
10 743 328 817 442 38690 0 0 1 standing 
10 748 327 817 442 38691 0 0 0 standing 
10 750 325 817 442 38692 0 0 1 standing 
10 752 324 818 442 38693 0 0 1 standing 
10 755 323 819 443 38694 0 0 0 standing 
10 755 323 816 442 38695 0 0 1 standing 
10 755 323 813 441 38696 0 0 1 standing 
10 756 323 810 441 38697 0 0 0 standing 
10 753 322 805 441 38698 0 0 1 standing 
10 750 321 800 442 38699 0 0 1 standing 
10 747 321 795 443 38700 0 0 0 standing 
10 745 321 792 443 38701 0 0 1 standing 
10 743 321 790 443 38702 0 0 1 standing 
10 741 321 788 444 38703 0 0 1 standing 
10 739 321 786 444 38704 0 0 1 standing 
11 691 296 721 456 38685 0 0 0 standing 
11 691 307 725 458 38686 0 0 1 blocking 
11 691 318 729 461 38687 0 0 1 blocking 
11 691 329 733 464 38688 0 0 0 blocking 
11 694 328 734 464 38689 0 0 1 blocking 
11 697 328 736 465 38690 0 0 1 blocking 
11 701 328 738 466 38691 0 0 0 blocking 
11 698 325 739 463 38692 0 0 1 blocking 
11 695 323 740 460 38693 0 0 1 blocking 
11 693 321 741 458 38694 0 0 0 blocking 
11 692 320 740 457 38695 0 0 1 blocking 
11 691 319 739 456 38696 0 0 1 blocking 
11 690 318 739 455 38697 0 0 0 blocking 
11 692 323 739 454 38698 0 0 1 blocking 
11 694 328 740 454 38699 0 0 1 blocking 
11 696 334 741 454 38700 0 0 0 blocking 
11 695 333 738 453 38701 0 0 1 blocking 
11 694 332 736 453 38702 0 0 1 blocking 
11 694 331 734 452 38703 0 0 1 blocking 
11 693 330 732 452 38704 0 0 1 blocking 
