0 50 502 162 674 26055 0 1 0 moving 
0 53 501 165 674 26056 0 1 1 moving 
0 57 500 168 674 26057 0 1 1 moving 
0 61 500 172 674 26058 0 1 1 moving 
0 65 499 175 674 26059 0 1 1 moving 
0 69 499 179 674 26060 0 1 1 moving 
0 72 498 182 674 26061 0 1 1 moving 
0 76 497 185 674 26062 0 1 1 moving 
0 80 497 189 674 26063 0 1 1 moving 
0 84 496 192 674 26064 0 1 1 moving 
0 88 496 196 674 26065 0 1 0 moving 
0 94 487 207 669 26066 0 1 1 moving 
0 100 478 219 664 26067 0 1 1 moving 
0 107 469 231 659 26068 0 1 0 moving 
0 123 469 243 655 26069 0 1 1 moving 
0 139 470 256 651 26070 0 1 1 moving 
0 155 471 268 647 26071 0 1 1 moving 
0 171 472 281 643 26072 0 1 1 moving 
0 187 473 293 639 26073 0 1 1 moving 
0 203 474 306 635 26074 0 1 1 moving 
1 505 381 567 555 26055 0 1 0 moving 
1 498 379 560 553 26056 0 1 1 setting 
1 491 377 553 552 26057 0 1 1 setting 
1 484 375 546 551 26058 0 1 1 setting 
1 477 373 539 550 26059 0 1 1 setting 
1 470 371 532 549 26060 0 1 1 setting 
1 463 369 525 548 26061 0 1 1 setting 
1 456 367 518 547 26062 0 1 1 setting 
1 449 365 511 546 26063 0 1 1 setting 
1 442 363 504 545 26064 0 1 1 setting 
1 436 361 497 544 26065 0 1 0 setting 
1 428 374 489 548 26066 0 1 1 setting 
1 420 387 481 553 26067 0 1 1 setting 
1 413 401 473 558 26068 0 1 0 setting 
1 406 406 465 554 26069 0 1 1 setting 
1 399 411 458 550 26070 0 1 1 setting 
1 392 416 451 546 26071 0 1 0 setting 
1 385 418 444 546 26072 0 1 1 setting 
1 378 421 438 547 26073 0 1 1 setting 
1 371 424 431 547 26074 0 1 1 setting 
2 454 387 537 536 26055 0 1 0 setting 
2 456 382 538 535 26056 0 1 1 standing 
2 459 377 540 534 26057 0 1 1 standing 
2 462 372 542 534 26058 0 1 1 standing 
2 464 367 543 533 26059 0 1 1 standing 
2 467 362 545 533 26060 0 1 1 standing 
2 470 357 547 532 26061 0 1 1 standing 
2 473 353 549 532 26062 0 1 0 standing 
2 476 348 551 524 26063 0 1 1 standing 
2 479 344 554 517 26064 0 1 1 standing 
2 483 340 557 510 26065 0 1 0 standing 
2 483 337 560 504 26066 0 1 1 standing 
2 483 334 564 499 26067 0 1 1 standing 
2 483 331 567 494 26068 0 1 1 standing 
2 483 328 571 489 26069 0 1 1 standing 
2 484 326 575 484 26070 0 1 0 standing 
2 484 327 571 483 26071 0 1 1 standing 
2 484 329 568 483 26072 0 1 1 standing 
2 484 331 564 482 26073 0 1 1 standing 
2 484 333 561 482 26074 0 1 1 standing 
3 421 344 497 465 26055 0 1 0 standing 
3 422 343 498 464 26056 0 1 1 moving 
3 424 343 500 463 26057 0 1 1 moving 
3 425 343 501 463 26058 0 1 1 moving 
3 427 342 503 462 26059 0 1 1 moving 
3 429 342 504 462 26060 0 1 1 moving 
3 430 342 506 461 26061 0 1 1 moving 
3 432 341 507 460 26062 0 1 1 moving 
3 433 341 509 460 26063 0 1 1 moving 
3 435 341 510 459 26064 0 1 1 moving 
3 437 341 512 459 26065 0 1 0 moving 
3 440 341 512 458 26066 0 1 1 moving 
3 443 341 512 458 26067 0 1 1 moving 
3 447 341 512 458 26068 0 1 1 moving 
3 450 341 512 457 26069 0 1 1 moving 
3 453 341 512 457 26070 0 1 1 moving 
3 457 341 512 457 26071 0 1 0 moving 
3 459 341 511 456 26072 0 1 1 moving 
3 462 342 510 456 26073 0 1 1 moving 
3 464 343 509 456 26074 0 1 1 moving 
4 353 365 420 477 26055 0 0 0 moving 
4 355 363 420 477 26056 0 0 1 standing 
4 358 362 420 477 26057 0 0 1 standing 
4 361 361 420 477 26058 0 0 1 standing 
4 364 359 420 477 26059 0 0 1 standing 
4 367 358 421 477 26060 0 0 1 standing 
4 370 357 421 477 26061 0 0 1 standing 
4 373 355 421 477 26062 0 0 1 standing 
4 376 354 421 477 26063 0 0 1 standing 
4 379 353 421 477 26064 0 0 1 standing 
4 382 352 422 477 26065 0 0 0 standing 
4 381 354 422 478 26066 0 0 1 standing 
4 381 356 423 479 26067 0 0 1 standing 
4 381 359 423 480 26068 0 0 1 standing 
4 381 361 424 481 26069 0 0 1 standing 
4 381 364 424 483 26070 0 0 1 standing 
4 380 366 425 484 26071 0 0 1 standing 
4 380 368 425 485 26072 0 0 1 standing 
4 380 371 426 486 26073 0 0 1 standing 
4 380 373 426 487 26074 0 0 1 standing 
5 197 399 253 555 26055 0 0 0 standing 
5 197 398 252 554 26056 0 0 1 standing 
5 197 398 252 554 26057 0 0 1 standing 
5 197 398 252 553 26058 0 0 1 standing 
5 197 398 252 553 26059 0 0 1 standing 
5 197 398 252 552 26060 0 0 1 standing 
5 197 398 252 552 26061 0 0 1 standing 
5 197 398 252 551 26062 0 0 1 standing 
5 197 398 252 551 26063 0 0 1 standing 
5 197 398 252 550 26064 0 0 1 standing 
5 197 398 252 550 26065 0 0 0 standing 
5 196 400 252 550 26066 0 0 1 standing 
5 195 402 253 550 26067 0 0 1 standing 
5 194 405 253 551 26068 0 0 1 standing 
5 194 407 254 551 26069 0 0 1 standing 
5 193 410 255 552 26070 0 0 1 standing 
5 192 412 255 552 26071 0 0 1 standing 
5 192 414 256 552 26072 0 0 1 standing 
5 191 417 256 553 26073 0 0 1 standing 
5 190 419 257 553 26074 0 0 1 standing 
6 1202 427 1271 569 26055 0 0 0 standing 
6 1198 426 1266 567 26056 0 0 1 waiting 
6 1194 425 1261 566 26057 0 0 1 waiting 
6 1190 425 1256 565 26058 0 0 1 waiting 
6 1186 424 1251 564 26059 0 0 1 waiting 
6 1182 424 1246 563 26060 0 0 1 waiting 
6 1178 423 1241 561 26061 0 0 1 waiting 
6 1174 422 1236 560 26062 0 0 1 waiting 
6 1170 422 1231 559 26063 0 0 1 waiting 
6 1166 421 1226 558 26064 0 0 1 waiting 
6 1162 421 1222 557 26065 0 0 0 waiting 
6 1155 420 1217 555 26066 0 0 1 waiting 
6 1149 420 1212 553 26067 0 0 1 waiting 
6 1143 419 1207 551 26068 0 0 1 waiting 
6 1136 419 1202 550 26069 0 0 1 waiting 
6 1130 419 1197 548 26070 0 0 1 waiting 
6 1124 418 1192 546 26071 0 0 1 waiting 
6 1117 418 1187 545 26072 0 0 1 waiting 
6 1111 417 1182 543 26073 0 0 1 waiting 
6 1105 417 1177 541 26074 0 0 1 waiting 
7 1081 400 1162 523 26055 0 0 0 waiting 
7 1074 397 1153 520 26056 0 0 1 standing 
7 1068 395 1144 518 26057 0 0 1 standing 
7 1062 393 1135 516 26058 0 0 1 standing 
7 1056 391 1126 513 26059 0 0 1 standing 
7 1050 389 1117 511 26060 0 0 1 standing 
7 1044 386 1108 509 26061 0 0 1 standing 
7 1038 384 1099 506 26062 0 0 1 standing 
7 1032 382 1090 504 26063 0 0 1 standing 
7 1026 380 1081 502 26064 0 0 1 standing 
7 1020 378 1072 500 26065 0 0 0 standing 
7 1012 377 1064 497 26066 0 0 1 standing 
7 1005 377 1057 495 26067 0 0 1 standing 
7 998 377 1049 492 26068 0 0 1 standing 
7 990 376 1042 490 26069 0 0 1 standing 
7 983 376 1035 487 26070 0 0 1 standing 
7 976 376 1027 485 26071 0 0 1 standing 
7 968 375 1020 482 26072 0 0 1 standing 
7 961 375 1012 480 26073 0 0 1 standing 
7 954 375 1005 477 26074 0 0 1 standing 
8 989 465 1049 592 26055 0 0 0 standing 
8 988 465 1049 593 26056 0 0 1 standing 
8 987 466 1049 595 26057 0 0 1 standing 
8 986 466 1050 597 26058 0 0 1 standing 
8 986 467 1050 599 26059 0 0 1 standing 
8 985 467 1051 601 26060 0 0 1 standing 
8 984 468 1051 602 26061 0 0 1 standing 
8 984 468 1051 604 26062 0 0 1 standing 
8 983 469 1052 606 26063 0 0 1 standing 
8 982 469 1052 608 26064 0 0 1 standing 
8 982 470 1053 610 26065 0 0 0 standing 
8 982 471 1054 609 26066 0 0 1 standing 
8 982 472 1055 609 26067 0 0 1 standing 
8 982 474 1057 609 26068 0 0 1 standing 
8 982 475 1058 608 26069 0 0 1 standing 
8 982 477 1060 608 26070 0 0 1 standing 
8 982 478 1061 608 26071 0 0 1 standing 
8 982 480 1063 608 26072 0 0 0 standing 
8 987 482 1064 609 26073 0 0 1 standing 
8 992 484 1066 610 26074 0 0 1 standing 
9 750 437 799 598 26055 0 0 0 standing 
9 744 440 794 600 26056 0 0 1 standing 
9 738 443 789 602 26057 0 0 1 standing 
9 732 447 784 605 26058 0 0 1 standing 
9 726 450 780 607 26059 0 0 1 standing 
9 721 454 775 610 26060 0 0 1 standing 
9 715 457 770 612 26061 0 0 1 standing 
9 709 460 766 614 26062 0 0 1 standing 
9 703 464 761 617 26063 0 0 1 standing 
9 697 467 756 619 26064 0 0 1 standing 
9 692 471 752 622 26065 0 0 0 standing 
9 686 470 746 621 26066 0 0 1 standing 
9 681 469 740 620 26067 0 0 1 standing 
9 675 468 735 619 26068 0 0 1 standing 
9 670 468 729 618 26069 0 0 1 standing 
9 664 467 724 617 26070 0 0 1 standing 
9 659 466 718 616 26071 0 0 1 standing 
9 653 466 712 615 26072 0 0 1 standing 
9 648 465 707 614 26073 0 0 1 standing 
9 642 464 701 613 26074 0 0 1 standing 
10 725 389 777 557 26055 0 0 0 standing 
10 721 390 773 555 26056 0 0 1 standing 
10 718 392 770 554 26057 0 0 1 standing 
10 715 394 767 553 26058 0 0 1 standing 
10 712 395 763 551 26059 0 0 1 standing 
10 709 397 760 550 26060 0 0 1 standing 
10 705 399 757 549 26061 0 0 1 standing 
10 702 400 753 547 26062 0 0 1 standing 
10 699 402 750 546 26063 0 0 1 standing 
10 696 404 747 545 26064 0 0 1 standing 
10 693 406 744 544 26065 0 0 0 standing 
10 686 405 738 544 26066 0 0 1 standing 
10 680 405 733 545 26067 0 0 1 standing 
10 674 405 728 546 26068 0 0 1 standing 
10 668 404 723 546 26069 0 0 1 standing 
10 662 404 718 547 26070 0 0 1 standing 
10 656 404 713 548 26071 0 0 1 standing 
10 650 403 708 548 26072 0 0 1 standing 
10 644 403 703 549 26073 0 0 1 standing 
10 638 403 698 550 26074 0 0 1 standing 
11 755 366 789 481 26055 0 0 0 standing 
11 750 364 784 482 26056 0 0 1 standing 
11 746 363 780 484 26057 0 0 1 standing 
11 742 362 775 486 26058 0 0 1 standing 
11 737 361 771 487 26059 0 0 1 standing 
11 733 360 767 489 26060 0 0 1 standing 
11 729 358 762 491 26061 0 0 1 standing 
11 724 357 758 492 26062 0 0 1 standing 
11 720 356 753 494 26063 0 0 1 standing 
11 716 355 749 496 26064 0 0 1 standing 
11 712 354 745 498 26065 0 0 0 standing 
11 706 354 741 495 26066 0 0 1 standing 
11 700 354 737 493 26067 0 0 1 standing 
11 695 354 733 491 26068 0 0 1 standing 
11 689 354 729 489 26069 0 0 1 standing 
11 683 354 725 487 26070 0 0 1 standing 
11 678 354 721 485 26071 0 0 0 standing 
11 675 354 719 483 26072 0 0 1 standing 
11 672 354 718 481 26073 0 0 1 standing 
11 669 354 717 479 26074 0 0 1 standing 
