0 239 415 288 529 39335 0 0 0 standing 
0 244 413 294 526 39336 0 0 1 standing 
0 249 412 300 523 39337 0 0 1 standing 
0 254 411 306 520 39338 0 0 1 standing 
0 260 409 312 518 39339 0 0 1 standing 
0 265 408 319 515 39340 0 0 1 standing 
0 270 407 325 512 39341 0 0 1 standing 
0 276 405 331 510 39342 0 0 1 standing 
0 281 404 337 507 39343 0 0 1 standing 
0 286 403 343 504 39344 0 0 1 standing 
0 292 402 350 502 39345 0 0 0 standing 
0 294 402 354 501 39346 0 0 1 standing 
0 296 402 358 501 39347 0 0 1 standing 
0 298 402 362 501 39348 0 0 1 standing 
0 301 402 367 501 39349 0 0 0 standing 
0 303 402 368 501 39350 0 0 1 standing 
0 306 402 369 502 39351 0 0 1 standing 
0 308 403 370 502 39352 0 0 1 standing 
0 311 403 371 503 39353 0 0 1 standing 
0 313 403 372 503 39354 0 0 1 standing 
1 361 354 424 434 39335 0 0 0 standing 
1 366 354 429 434 39336 0 0 1 standing 
1 372 354 435 434 39337 0 0 1 standing 
1 377 354 440 434 39338 0 0 1 standing 
1 383 355 446 435 39339 0 0 1 standing 
1 388 355 451 435 39340 0 0 1 standing 
1 394 355 457 435 39341 0 0 1 standing 
1 399 356 462 436 39342 0 0 1 standing 
1 405 356 468 436 39343 0 0 1 standing 
1 410 356 473 436 39344 0 0 1 standing 
1 416 357 479 437 39345 0 0 0 standing 
1 417 359 480 439 39346 0 0 1 standing 
1 418 361 482 441 39347 0 0 1 standing 
1 419 363 484 443 39348 0 0 1 standing 
1 421 365 486 445 39349 0 0 1 standing 
1 422 368 488 447 39350 0 0 1 standing 
1 423 370 490 449 39351 0 0 1 standing 
1 425 372 492 451 39352 0 0 1 standing 
1 426 374 494 453 39353 0 0 1 standing 
1 427 376 496 455 39354 0 0 1 standing 
2 539 346 601 439 39335 0 0 1 standing 
2 539 346 600 438 39336 0 0 1 digging 
2 539 346 600 438 39337 0 0 1 digging 
2 538 346 599 438 39338 0 0 1 digging 
2 538 346 599 437 39339 0 0 1 digging 
2 538 346 598 437 39340 0 0 1 digging 
2 538 346 598 437 39341 0 0 1 digging 
2 537 346 597 436 39342 0 0 1 digging 
2 537 346 597 436 39343 0 0 1 digging 
2 537 346 596 436 39344 0 0 1 digging 
2 537 346 596 436 39345 0 0 0 digging 
2 531 346 595 435 39346 0 0 1 digging 
2 525 346 594 435 39347 0 0 1 digging 
2 520 346 593 435 39348 0 0 0 digging 
2 521 346 592 435 39349 0 0 1 digging 
2 522 346 591 436 39350 0 0 1 digging 
2 524 347 591 436 39351 0 0 1 digging 
2 525 347 590 437 39352 0 0 1 digging 
2 527 348 590 437 39353 0 0 1 digging 
2 528 348 589 438 39354 0 0 1 digging 
3 587 465 639 597 39335 0 1 0 digging 
3 594 458 646 592 39336 0 1 1 blocking 
3 602 452 653 588 39337 0 1 1 blocking 
3 609 446 661 583 39338 0 1 1 blocking 
3 617 440 668 579 39339 0 1 1 blocking 
3 624 434 676 574 39340 0 1 1 blocking 
3 632 428 683 570 39341 0 1 1 blocking 
3 639 422 690 565 39342 0 1 1 blocking 
3 647 416 698 561 39343 0 1 1 blocking 
3 654 410 705 556 39344 0 1 1 blocking 
3 662 404 713 552 39345 0 1 0 blocking 
3 662 407 712 552 39346 0 1 1 blocking 
3 662 410 712 552 39347 0 1 1 blocking 
3 662 413 712 552 39348 0 1 1 blocking 
3 662 417 712 552 39349 0 1 1 blocking 
3 662 420 712 552 39350 0 1 1 blocking 
3 662 423 712 552 39351 0 1 1 blocking 
3 662 427 712 552 39352 0 1 1 blocking 
3 662 430 712 552 39353 0 1 1 blocking 
3 662 433 712 552 39354 0 1 1 blocking 
4 703 422 759 531 39335 0 0 0 blocking 
4 708 421 764 530 39336 0 0 1 standing 
4 714 421 770 530 39337 0 0 1 standing 
4 720 421 776 530 39338 0 0 1 standing 
4 725 421 781 530 39339 0 0 1 standing 
4 731 421 787 530 39340 0 0 1 standing 
4 737 421 793 530 39341 0 0 1 standing 
4 742 421 798 530 39342 0 0 1 standing 
4 748 421 804 530 39343 0 0 1 standing 
4 754 421 810 530 39344 0 0 1 standing 
4 760 421 816 530 39345 0 0 0 standing 
4 761 423 820 531 39346 0 0 1 standing 
4 763 425 824 533 39347 0 0 1 standing 
4 764 427 829 534 39348 0 0 1 standing 
4 766 429 833 536 39349 0 0 1 standing 
4 768 432 838 537 39350 0 0 1 standing 
4 769 434 842 539 39351 0 0 1 standing 
4 771 436 846 540 39352 0 0 1 standing 
4 772 438 851 542 39353 0 0 1 standing 
4 774 440 855 543 39354 0 0 1 standing 
5 708 334 753 412 39335 0 0 0 standing 
5 713 335 758 413 39336 0 0 1 moving 
5 719 336 764 414 39337 0 0 1 moving 
5 724 338 769 416 39338 0 0 1 moving 
5 730 339 775 417 39339 0 0 1 moving 
5 736 341 781 419 39340 0 0 1 moving 
5 741 342 786 420 39341 0 0 1 moving 
5 747 343 792 421 39342 0 0 1 moving 
5 752 345 797 423 39343 0 0 1 moving 
5 758 346 803 424 39344 0 0 1 moving 
5 764 348 809 426 39345 0 0 0 moving 
5 768 349 813 428 39346 0 0 1 moving 
5 772 351 818 430 39347 0 0 1 moving 
5 776 353 823 433 39348 0 0 1 moving 
5 780 355 828 435 39349 0 0 1 moving 
5 784 357 833 438 39350 0 0 1 moving 
5 788 358 838 440 39351 0 0 1 moving 
5 792 360 843 442 39352 0 0 1 moving 
5 796 362 848 445 39353 0 0 1 moving 
5 800 364 853 447 39354 0 0 1 moving 
6 766 458 825 602 39335 0 1 0 moving 
6 768 455 827 596 39336 0 1 1 spiking 
6 770 453 830 591 39337 0 1 1 spiking 
6 772 451 832 586 39338 0 1 1 spiking 
6 774 449 835 581 39339 0 1 1 spiking 
6 776 447 837 576 39340 0 1 1 spiking 
6 778 445 840 571 39341 0 1 0 spiking 
6 777 440 839 569 39342 0 1 1 spiking 
6 777 436 838 567 39343 0 1 1 spiking 
6 776 431 837 565 39344 0 1 1 spiking 
6 776 427 837 564 39345 0 1 0 spiking 
6 775 434 839 566 39346 0 1 1 spiking 
6 774 441 842 568 39347 0 1 1 spiking 
6 773 448 844 570 39348 0 1 1 spiking 
6 772 456 847 573 39349 0 1 1 spiking 
6 772 463 850 575 39350 0 1 1 spiking 
6 771 470 852 577 39351 0 1 1 spiking 
6 770 478 855 580 39352 0 1 1 spiking 
6 769 485 857 582 39353 0 1 1 spiking 
6 768 492 860 584 39354 0 1 1 spiking 
7 813 402 855 506 39335 0 0 0 spiking 
7 816 401 858 506 39336 0 0 1 standing 
7 819 401 862 507 39337 0 0 1 standing 
7 822 401 866 507 39338 0 0 1 standing 
7 825 400 869 508 39339 0 0 1 standing 
7 828 400 873 508 39340 0 0 1 standing 
7 831 400 877 509 39341 0 0 1 standing 
7 834 399 880 509 39342 0 0 1 standing 
7 837 399 884 510 39343 0 0 1 standing 
7 840 399 888 510 39344 0 0 1 standing 
7 844 399 892 511 39345 0 0 0 standing 
7 844 400 892 512 39346 0 0 1 standing 
7 845 402 893 514 39347 0 0 1 standing 
7 846 404 894 516 39348 0 0 1 standing 
7 847 405 895 517 39349 0 0 1 standing 
7 848 407 896 519 39350 0 0 1 standing 
7 848 409 896 521 39351 0 0 1 standing 
7 849 410 897 522 39352 0 0 1 standing 
7 850 412 898 524 39353 0 0 1 standing 
7 851 414 899 526 39354 0 0 1 standing 
8 387 457 445 571 39335 0 0 0 standing 
8 394 455 452 569 39336 0 0 1 digging 
8 402 453 460 567 39337 0 0 1 digging 
8 409 452 467 566 39338 0 0 1 digging 
8 417 450 475 564 39339 0 0 1 digging 
8 424 449 482 563 39340 0 0 1 digging 
8 432 447 490 561 39341 0 0 1 digging 
8 439 445 497 559 39342 0 0 1 digging 
8 447 444 505 558 39343 0 0 1 digging 
8 454 442 512 556 39344 0 0 1 digging 
8 462 441 520 555 39345 0 0 0 digging 
8 471 436 529 552 39346 0 0 1 digging 
8 481 432 538 550 39347 0 0 1 digging 
8 491 428 548 548 39348 0 0 0 digging 
8 495 430 552 548 39349 0 0 1 digging 
8 500 433 557 549 39350 0 0 1 digging 
8 504 436 561 550 39351 0 0 1 digging 
8 509 439 566 550 39352 0 0 1 digging 
8 513 442 570 551 39353 0 0 1 digging 
8 518 445 575 552 39354 0 0 1 digging 
9 599 448 653 550 39335 0 1 0 digging 
9 605 442 659 547 39336 0 1 1 blocking 
9 611 436 665 545 39337 0 1 1 blocking 
9 618 430 671 543 39338 0 1 1 blocking 
9 624 425 678 541 39339 0 1 1 blocking 
9 631 419 684 539 39340 0 1 1 blocking 
9 637 413 690 536 39341 0 1 1 blocking 
9 643 408 697 534 39342 0 1 1 blocking 
9 650 402 703 532 39343 0 1 1 blocking 
9 656 396 709 530 39344 0 1 1 blocking 
9 663 391 716 528 39345 0 1 0 blocking 
9 663 395 716 531 39346 0 1 1 blocking 
9 664 399 717 534 39347 0 1 1 blocking 
9 665 403 717 537 39348 0 1 1 blocking 
9 665 407 718 540 39349 0 1 1 blocking 
9 666 411 719 543 39350 0 1 1 blocking 
9 667 415 719 546 39351 0 1 1 blocking 
9 667 419 720 549 39352 0 1 1 blocking 
9 668 423 720 552 39353 0 1 1 blocking 
9 669 427 721 555 39354 0 1 1 blocking 
10 768 361 813 469 39335 0 0 0 blocking 
10 776 361 821 469 39336 0 0 1 standing 
10 785 361 830 469 39337 0 0 1 standing 
10 793 361 838 469 39338 0 0 1 standing 
10 802 361 847 469 39339 0 0 1 standing 
10 810 361 855 469 39340 0 0 1 standing 
10 819 361 864 469 39341 0 0 1 standing 
10 827 361 872 469 39342 0 0 1 standing 
10 836 361 881 469 39343 0 0 1 standing 
10 844 361 889 469 39344 0 0 1 standing 
10 853 362 898 470 39345 0 0 0 standing 
10 859 362 905 468 39346 0 0 1 standing 
10 865 363 913 466 39347 0 0 1 standing 
10 871 363 920 464 39348 0 0 1 standing 
10 877 364 928 462 39349 0 0 0 standing 
10 880 366 933 463 39350 0 0 1 standing 
10 883 369 938 464 39351 0 0 1 standing 
10 886 372 943 466 39352 0 0 1 standing 
10 889 375 948 467 39353 0 0 1 standing 
10 892 378 953 468 39354 0 0 1 standing 
11 840 445 905 552 39335 0 0 0 standing 
11 843 446 907 553 39336 0 0 1 standing 
11 847 447 909 554 39337 0 0 1 standing 
11 851 448 911 555 39338 0 0 1 standing 
11 855 449 913 556 39339 0 0 1 standing 
11 859 451 915 557 39340 0 0 1 standing 
11 862 452 917 558 39341 0 0 1 standing 
11 866 453 919 559 39342 0 0 1 standing 
11 870 454 921 560 39343 0 0 1 standing 
11 874 455 923 561 39344 0 0 1 standing 
11 878 457 925 563 39345 0 0 0 standing 
11 877 458 924 566 39346 0 0 1 standing 
11 876 460 923 569 39347 0 0 1 standing 
11 875 462 922 572 39348 0 0 1 standing 
11 874 463 921 575 39349 0 0 1 standing 
11 874 465 920 579 39350 0 0 1 standing 
11 873 467 919 582 39351 0 0 1 standing 
11 872 468 918 585 39352 0 0 1 standing 
11 871 470 917 588 39353 0 0 1 standing 
11 870 472 916 591 39354 0 0 1 standing 
