0 975 471 1027 541 33430 0 1 0 digging 
0 961 468 1013 538 33431 0 1 1 digging 
0 948 465 999 536 33432 0 1 1 digging 
0 934 462 986 534 33433 0 1 1 digging 
0 921 459 972 532 33434 0 1 1 digging 
0 907 456 958 530 33435 0 1 1 digging 
0 894 454 945 528 33436 0 1 0 digging 
0 887 451 938 525 33437 0 1 1 digging 
0 881 448 932 523 33438 0 1 1 digging 
0 874 445 925 521 33439 0 1 1 digging 
0 868 443 919 519 33440 0 1 0 digging 
0 864 441 915 517 33441 0 1 1 digging 
0 860 440 911 516 33442 0 1 1 digging 
0 856 439 907 515 33443 0 1 1 digging 
0 852 437 903 513 33444 0 1 1 digging 
0 849 436 900 512 33445 0 1 1 digging 
0 845 435 896 511 33446 0 1 1 digging 
0 841 433 892 509 33447 0 1 1 digging 
0 837 432 888 508 33448 0 1 1 digging 
0 833 431 884 507 33449 0 1 1 digging 
1 979 511 1030 606 33430 0 0 0 digging 
1 967 509 1017 605 33431 0 0 1 standing 
1 955 507 1004 604 33432 0 0 1 standing 
1 943 505 991 603 33433 0 0 1 standing 
1 931 503 978 602 33434 0 0 1 standing 
1 919 501 966 601 33435 0 0 0 standing 
1 910 499 956 600 33436 0 0 1 standing 
1 901 497 947 599 33437 0 0 1 standing 
1 892 495 938 599 33438 0 0 1 standing 
1 883 493 929 598 33439 0 0 1 standing 
1 875 491 920 598 33440 0 0 0 standing 
1 871 491 916 597 33441 0 0 1 standing 
1 867 491 913 596 33442 0 0 1 standing 
1 863 491 910 595 33443 0 0 1 standing 
1 859 491 906 594 33444 0 0 1 standing 
1 855 491 903 593 33445 0 0 1 standing 
1 851 491 900 592 33446 0 0 1 standing 
1 848 491 897 591 33447 0 0 0 standing 
1 841 492 896 592 33448 0 0 1 standing 
1 834 493 895 593 33449 0 0 1 standing 
2 806 409 862 491 33430 0 0 0 standing 
2 793 408 848 489 33431 0 0 1 standing 
2 780 407 835 488 33432 0 0 1 standing 
2 768 406 821 486 33433 0 0 1 standing 
2 755 405 808 485 33434 0 0 1 standing 
2 743 404 795 484 33435 0 0 0 standing 
2 735 403 786 483 33436 0 0 1 standing 
2 727 402 778 482 33437 0 0 1 standing 
2 720 402 770 482 33438 0 0 1 standing 
2 712 401 762 481 33439 0 0 1 standing 
2 705 401 754 481 33440 0 0 0 standing 
2 704 400 751 482 33441 0 0 1 standing 
2 703 400 749 483 33442 0 0 1 standing 
2 702 400 746 484 33443 0 0 1 standing 
2 702 400 744 486 33444 0 0 1 standing 
2 701 400 741 487 33445 0 0 1 standing 
2 700 400 739 488 33446 0 0 1 standing 
2 700 400 737 490 33447 0 0 0 standing 
2 696 400 735 493 33448 0 0 1 standing 
2 693 400 733 497 33449 0 0 1 standing 
3 769 393 804 481 33430 0 0 0 standing 
3 760 391 796 478 33431 0 0 1 standing 
3 752 390 788 476 33432 0 0 1 standing 
3 743 388 780 473 33433 0 0 1 standing 
3 735 387 772 471 33434 0 0 1 standing 
3 727 386 765 469 33435 0 0 0 standing 
3 723 385 761 468 33436 0 0 1 standing 
3 719 385 757 467 33437 0 0 1 standing 
3 715 385 753 466 33438 0 0 1 standing 
3 711 385 749 465 33439 0 0 1 standing 
3 707 385 745 464 33440 0 0 0 standing 
3 706 384 744 463 33441 0 0 1 standing 
3 705 384 743 463 33442 0 0 1 standing 
3 704 383 743 462 33443 0 0 1 standing 
3 703 383 742 462 33444 0 0 1 standing 
3 702 383 742 462 33445 0 0 1 standing 
3 701 382 741 461 33446 0 0 1 standing 
3 700 382 740 461 33447 0 0 1 standing 
3 699 381 740 460 33448 0 0 1 standing 
3 698 381 739 460 33449 0 0 1 standing 
4 958 446 996 515 33430 0 0 0 standing 
4 945 445 983 512 33431 0 0 1 standing 
4 932 444 970 510 33432 0 0 1 standing 
4 919 444 957 507 33433 0 0 1 standing 
4 906 443 944 505 33434 0 0 1 standing 
4 894 443 932 503 33435 0 0 0 standing 
4 885 441 923 501 33436 0 0 1 standing 
4 876 440 914 499 33437 0 0 1 standing 
4 868 438 905 497 33438 0 0 1 standing 
4 859 437 896 495 33439 0 0 1 standing 
4 851 436 888 494 33440 0 0 0 standing 
4 846 434 884 494 33441 0 0 1 standing 
4 841 433 881 495 33442 0 0 1 standing 
4 836 431 877 495 33443 0 0 1 standing 
4 832 430 874 496 33444 0 0 1 standing 
4 827 428 870 496 33445 0 0 1 standing 
4 822 427 867 497 33446 0 0 1 standing 
4 818 425 863 497 33447 0 0 1 standing 
4 813 424 860 498 33448 0 0 1 standing 
4 808 422 856 498 33449 0 0 1 standing 
5 677 431 717 523 33430 0 0 0 standing 
5 661 432 704 523 33431 0 0 1 standing 
5 646 433 691 524 33432 0 0 1 standing 
5 631 434 678 525 33433 0 0 1 standing 
5 616 435 665 526 33434 0 0 1 standing 
5 601 437 653 527 33435 0 0 0 standing 
5 592 436 642 526 33436 0 0 1 standing 
5 583 435 632 525 33437 0 0 1 standing 
5 575 434 621 525 33438 0 0 1 standing 
5 566 433 611 524 33439 0 0 1 standing 
5 558 432 600 524 33440 0 0 1 standing 
5 549 431 590 523 33441 0 0 1 standing 
5 541 431 580 523 33442 0 0 0 standing 
5 536 433 576 524 33443 0 0 1 standing 
5 531 435 573 526 33444 0 0 1 standing 
5 527 437 570 528 33445 0 0 1 standing 
5 522 439 567 530 33446 0 0 1 standing 
5 518 442 564 532 33447 0 0 0 standing 
5 513 441 561 531 33448 0 0 1 standing 
5 509 440 558 530 33449 0 0 1 standing 
6 569 470 609 570 33430 0 0 0 standing 
6 558 470 597 569 33431 0 0 1 standing 
6 547 471 585 568 33432 0 0 1 standing 
6 536 471 574 568 33433 0 0 1 standing 
6 525 472 562 567 33434 0 0 1 standing 
6 515 473 551 567 33435 0 0 0 standing 
6 509 474 545 570 33436 0 0 1 standing 
6 503 475 539 573 33437 0 0 1 standing 
6 497 476 533 576 33438 0 0 1 standing 
6 491 477 527 579 33439 0 0 1 standing 
6 485 478 521 582 33440 0 0 1 standing 
6 479 479 515 585 33441 0 0 1 standing 
6 474 481 509 588 33442 0 0 0 standing 
6 471 481 506 588 33443 0 0 1 standing 
6 469 482 503 588 33444 0 0 1 standing 
6 466 482 500 589 33445 0 0 1 standing 
6 464 483 497 589 33446 0 0 1 standing 
6 461 483 494 589 33447 0 0 1 standing 
6 459 484 491 590 33448 0 0 1 standing 
6 456 484 488 590 33449 0 0 1 standing 
7 338 524 389 616 33430 0 0 0 standing 
7 325 524 376 616 33431 0 0 1 waiting 
7 312 525 363 616 33432 0 0 1 waiting 
7 299 525 350 617 33433 0 0 1 waiting 
7 286 526 337 617 33434 0 0 1 waiting 
7 274 527 325 618 33435 0 0 0 waiting 
7 265 527 317 618 33436 0 0 1 waiting 
7 257 527 310 618 33437 0 0 1 waiting 
7 249 528 303 618 33438 0 0 1 waiting 
7 241 528 296 619 33439 0 0 1 waiting 
7 233 529 289 619 33440 0 0 1 waiting 
7 225 529 282 619 33441 0 0 1 waiting 
7 217 530 275 620 33442 0 0 0 waiting 
7 214 529 271 621 33443 0 0 1 waiting 
7 212 529 267 622 33444 0 0 1 waiting 
7 209 529 264 623 33445 0 0 1 waiting 
7 207 529 260 624 33446 0 0 1 waiting 
7 204 529 256 625 33447 0 0 1 waiting 
7 202 529 253 626 33448 0 0 1 waiting 
7 199 529 249 627 33449 0 0 1 waiting 
8 229 427 270 538 33430 0 0 0 waiting 
8 221 432 262 542 33431 0 0 1 standing 
8 213 438 254 547 33432 0 0 1 standing 
8 206 443 247 552 33433 0 0 1 standing 
8 198 449 239 557 33434 0 0 1 standing 
8 191 455 232 562 33435 0 0 0 standing 
8 186 454 231 561 33436 0 0 1 standing 
8 181 453 230 561 33437 0 0 1 standing 
8 176 453 229 560 33438 0 0 1 standing 
8 172 452 229 560 33439 0 0 1 standing 
8 167 452 228 559 33440 0 0 1 standing 
8 162 451 227 559 33441 0 0 1 standing 
8 158 451 227 559 33442 0 0 0 standing 
8 161 448 223 556 33443 0 0 1 standing 
8 164 446 220 553 33444 0 0 1 standing 
8 167 444 217 551 33445 0 0 1 standing 
8 170 442 214 548 33446 0 0 1 standing 
8 174 440 211 546 33447 0 0 0 standing 
8 171 438 209 544 33448 0 0 1 standing 
8 168 436 207 543 33449 0 0 1 standing 
9 596 456 643 559 33430 0 0 0 standing 
9 582 457 630 559 33431 0 0 1 standing 
9 568 458 617 559 33432 0 0 1 standing 
9 555 459 605 559 33433 0 0 1 standing 
9 541 460 592 559 33434 0 0 1 standing 
9 528 462 580 559 33435 0 0 0 standing 
9 520 460 571 558 33436 0 0 1 standing 
9 513 459 563 558 33437 0 0 1 standing 
9 506 457 555 558 33438 0 0 1 standing 
9 499 456 547 558 33439 0 0 1 standing 
9 492 455 539 558 33440 0 0 0 standing 
9 488 455 535 558 33441 0 0 1 standing 
9 485 455 532 558 33442 0 0 1 standing 
9 482 455 528 558 33443 0 0 1 standing 
9 479 455 525 558 33444 0 0 1 standing 
9 476 456 522 558 33445 0 0 1 standing 
9 472 456 518 558 33446 0 0 1 standing 
9 469 456 515 558 33447 0 0 1 standing 
9 466 456 511 558 33448 0 0 1 standing 
9 463 456 508 558 33449 0 0 1 standing 
10 594 442 624 537 33430 0 0 0 standing 
10 581 441 613 537 33431 0 0 1 standing 
10 568 441 602 538 33432 0 0 1 standing 
10 555 441 591 538 33433 0 0 1 standing 
10 542 441 580 539 33434 0 0 1 standing 
10 530 441 570 540 33435 0 0 0 standing 
10 521 441 559 540 33436 0 0 1 standing 
10 512 441 549 540 33437 0 0 1 standing 
10 503 441 538 540 33438 0 0 1 standing 
10 494 441 528 540 33439 0 0 1 standing 
10 486 441 518 541 33440 0 0 0 standing 
10 482 440 514 540 33441 0 0 1 standing 
10 479 440 511 540 33442 0 0 1 standing 
10 476 439 507 539 33443 0 0 1 standing 
10 473 439 504 539 33444 0 0 1 standing 
10 470 439 501 538 33445 0 0 1 standing 
10 466 438 497 538 33446 0 0 1 standing 
10 463 438 494 537 33447 0 0 1 standing 
10 460 437 490 537 33448 0 0 1 standing 
10 457 437 487 536 33449 0 0 1 standing 
11 332 434 380 510 33430 0 0 0 standing 
11 319 434 366 510 33431 0 0 1 waiting 
11 306 434 352 510 33432 0 0 1 waiting 
11 293 435 338 511 33433 0 0 1 waiting 
11 280 435 324 511 33434 0 0 1 waiting 
11 268 436 311 512 33435 0 0 0 waiting 
11 260 436 303 512 33436 0 0 1 waiting 
11 252 437 296 513 33437 0 0 1 waiting 
11 244 437 289 513 33438 0 0 1 waiting 
11 236 438 282 514 33439 0 0 1 waiting 
11 228 438 275 514 33440 0 0 1 waiting 
11 220 439 268 515 33441 0 0 1 waiting 
11 213 440 261 516 33442 0 0 0 waiting 
11 210 440 258 516 33443 0 0 1 waiting 
11 207 441 255 517 33444 0 0 1 waiting 
11 204 441 252 517 33445 0 0 1 waiting 
11 201 442 249 518 33446 0 0 1 waiting 
11 198 442 246 519 33447 0 0 1 waiting 
11 195 443 243 519 33448 0 0 1 waiting 
11 192 443 240 520 33449 0 0 1 waiting 
