0 453 435 501 587 42155 0 0 0 standing 
0 452 433 500 585 42156 0 0 1 standing 
0 452 431 500 584 42157 0 0 1 standing 
0 452 429 500 582 42158 0 0 1 standing 
0 451 428 499 581 42159 0 0 1 standing 
0 451 426 499 580 42160 0 0 1 standing 
0 451 424 499 578 42161 0 0 1 standing 
0 450 423 498 577 42162 0 0 1 standing 
0 450 421 498 575 42163 0 0 1 standing 
0 450 419 498 574 42164 0 0 1 standing 
0 450 418 498 573 42165 0 0 0 standing 
0 449 417 497 572 42166 0 0 1 standing 
0 449 417 497 572 42167 0 0 1 standing 
0 449 416 497 571 42168 0 0 1 standing 
0 449 416 497 571 42169 0 0 1 standing 
0 449 415 497 570 42170 0 0 1 standing 
0 448 415 496 570 42171 0 0 1 standing 
0 448 414 496 569 42172 0 0 1 standing 
0 448 414 496 569 42173 0 0 1 standing 
0 448 413 496 568 42174 0 0 1 standing 
1 406 379 457 501 42155 0 0 0 standing 
1 406 377 457 499 42156 0 0 1 standing 
1 407 376 458 498 42157 0 0 1 standing 
1 407 375 458 497 42158 0 0 1 standing 
1 408 374 459 496 42159 0 0 1 standing 
1 409 373 460 495 42160 0 0 1 standing 
1 409 371 460 494 42161 0 0 1 standing 
1 410 370 461 493 42162 0 0 1 standing 
1 410 369 461 492 42163 0 0 1 standing 
1 411 368 462 491 42164 0 0 1 standing 
1 412 367 463 490 42165 0 0 0 standing 
1 411 366 462 489 42166 0 0 1 standing 
1 410 366 461 489 42167 0 0 1 standing 
1 409 365 460 488 42168 0 0 1 standing 
1 409 365 460 488 42169 0 0 1 standing 
1 408 364 459 488 42170 0 0 1 standing 
1 407 364 458 487 42171 0 0 1 standing 
1 407 363 458 487 42172 0 0 1 standing 
1 406 363 457 486 42173 0 0 1 standing 
1 405 362 456 486 42174 0 0 1 standing 
2 562 313 607 421 42155 0 0 0 standing 
2 561 312 606 420 42156 0 0 1 standing 
2 561 312 606 420 42157 0 0 1 standing 
2 561 312 606 420 42158 0 0 1 standing 
2 560 312 606 420 42159 0 0 1 standing 
2 560 312 606 420 42160 0 0 1 standing 
2 560 311 605 420 42161 0 0 1 standing 
2 559 311 605 420 42162 0 0 1 standing 
2 559 311 605 420 42163 0 0 1 standing 
2 559 311 605 420 42164 0 0 1 standing 
2 559 311 605 420 42165 0 0 0 standing 
2 559 309 605 417 42166 0 0 1 standing 
2 559 307 605 415 42167 0 0 1 standing 
2 559 306 605 412 42168 0 0 1 standing 
2 559 304 605 410 42169 0 0 1 standing 
2 559 303 605 407 42170 0 0 1 standing 
2 559 301 605 405 42171 0 0 1 standing 
2 559 299 605 402 42172 0 0 1 standing 
2 559 298 605 400 42173 0 0 1 standing 
2 559 296 605 397 42174 0 0 1 standing 
3 500 308 543 399 42155 0 0 0 standing 
3 499 307 542 398 42156 0 0 1 standing 
3 499 307 542 398 42157 0 0 1 standing 
3 498 307 541 398 42158 0 0 1 standing 
3 498 307 541 398 42159 0 0 1 standing 
3 497 307 540 398 42160 0 0 1 standing 
3 497 306 540 398 42161 0 0 1 standing 
3 496 306 539 398 42162 0 0 1 standing 
3 496 306 539 398 42163 0 0 1 standing 
3 495 306 538 398 42164 0 0 1 standing 
3 495 306 538 398 42165 0 0 0 standing 
3 494 305 537 397 42166 0 0 1 standing 
3 493 304 536 396 42167 0 0 1 standing 
3 492 303 535 395 42168 0 0 1 standing 
3 491 303 534 395 42169 0 0 1 standing 
3 491 302 534 394 42170 0 0 1 standing 
3 490 301 533 393 42171 0 0 1 standing 
3 489 301 532 393 42172 0 0 1 standing 
3 488 300 531 392 42173 0 0 1 standing 
3 487 299 530 391 42174 0 0 1 standing 
4 778 368 841 487 42155 0 1 0 standing 
4 781 368 844 487 42156 0 1 1 standing 
4 784 369 847 488 42157 0 1 1 standing 
4 787 370 850 489 42158 0 1 1 standing 
4 790 371 853 490 42159 0 1 1 standing 
4 793 372 856 491 42160 0 1 1 standing 
4 796 373 859 492 42161 0 1 1 standing 
4 799 374 862 493 42162 0 1 1 standing 
4 802 375 865 494 42163 0 1 1 standing 
4 805 376 868 495 42164 0 1 1 standing 
4 809 377 872 496 42165 0 1 0 standing 
4 811 377 874 496 42166 0 1 1 standing 
4 814 377 877 496 42167 0 1 1 standing 
4 817 377 880 496 42168 0 1 1 standing 
4 819 378 882 497 42169 0 1 1 standing 
4 822 378 885 497 42170 0 1 1 standing 
4 825 378 888 497 42171 0 1 1 standing 
4 827 379 890 498 42172 0 1 1 standing 
4 830 379 893 498 42173 0 1 1 standing 
4 833 379 896 498 42174 0 1 1 standing 
5 873 411 932 518 42155 0 1 0 standing 
5 875 410 934 517 42156 0 1 1 standing 
5 877 409 936 516 42157 0 1 1 standing 
5 879 408 938 516 42158 0 1 1 standing 
5 881 408 940 515 42159 0 1 1 standing 
5 884 407 943 515 42160 0 1 1 standing 
5 886 406 945 514 42161 0 1 1 standing 
5 888 406 947 513 42162 0 1 1 standing 
5 890 405 949 513 42163 0 1 1 standing 
5 892 404 951 512 42164 0 1 1 standing 
5 895 404 954 512 42165 0 1 0 standing 
5 896 403 955 511 42166 0 1 1 standing 
5 897 403 956 511 42167 0 1 1 standing 
5 898 403 957 511 42168 0 1 1 standing 
5 899 403 958 511 42169 0 1 1 standing 
5 900 403 959 511 42170 0 1 1 standing 
5 901 403 960 510 42171 0 1 1 standing 
5 902 403 961 510 42172 0 1 1 standing 
5 903 403 962 510 42173 0 1 1 standing 
5 904 403 963 510 42174 0 1 1 standing 
6 972 416 1023 540 42155 0 1 0 standing 
6 971 414 1022 539 42156 0 1 1 standing 
6 971 413 1022 538 42157 0 1 1 standing 
6 970 412 1021 537 42158 0 1 1 standing 
6 970 411 1021 536 42159 0 1 1 standing 
6 969 410 1021 535 42160 0 1 1 standing 
6 969 409 1020 534 42161 0 1 1 standing 
6 968 408 1020 533 42162 0 1 1 standing 
6 968 407 1019 532 42163 0 1 1 standing 
6 967 406 1019 531 42164 0 1 1 standing 
6 967 405 1019 530 42165 0 1 0 standing 
6 965 405 1017 530 42166 0 1 1 standing 
6 964 405 1016 530 42167 0 1 1 standing 
6 962 405 1014 530 42168 0 1 1 standing 
6 961 405 1013 530 42169 0 1 1 standing 
6 960 406 1012 531 42170 0 1 1 standing 
6 958 406 1010 531 42171 0 1 1 standing 
6 957 406 1009 531 42172 0 1 1 standing 
6 955 406 1007 531 42173 0 1 1 standing 
6 954 406 1006 531 42174 0 1 1 standing 
7 1042 404 1111 515 42155 0 1 0 standing 
7 1039 402 1106 515 42156 0 1 1 standing 
7 1036 400 1101 516 42157 0 1 1 standing 
7 1033 398 1096 516 42158 0 1 1 standing 
7 1030 396 1091 517 42159 0 1 1 standing 
7 1028 394 1087 517 42160 0 1 1 standing 
7 1025 392 1082 518 42161 0 1 1 standing 
7 1022 390 1077 518 42162 0 1 1 standing 
7 1019 388 1072 519 42163 0 1 1 standing 
7 1016 386 1067 519 42164 0 1 1 standing 
7 1014 385 1063 520 42165 0 1 0 standing 
7 1011 385 1060 520 42166 0 1 1 standing 
7 1008 385 1057 521 42167 0 1 1 standing 
7 1006 386 1054 521 42168 0 1 1 standing 
7 1003 386 1052 522 42169 0 1 1 standing 
7 1001 387 1049 523 42170 0 1 1 standing 
7 998 387 1046 523 42171 0 1 1 standing 
7 995 387 1044 524 42172 0 1 1 standing 
7 993 388 1041 524 42173 0 1 1 standing 
7 990 388 1038 525 42174 0 1 1 standing 
8 439 329 482 432 42155 0 0 0 standing 
8 438 327 481 430 42156 0 0 1 standing 
8 438 326 481 429 42157 0 0 1 standing 
8 438 324 481 427 42158 0 0 1 standing 
8 438 323 481 426 42159 0 0 1 standing 
8 438 321 481 424 42160 0 0 1 standing 
8 438 320 481 423 42161 0 0 1 standing 
8 438 318 481 421 42162 0 0 1 standing 
8 438 317 481 420 42163 0 0 1 standing 
8 438 315 481 418 42164 0 0 1 standing 
8 438 314 481 417 42165 0 0 0 standing 
8 436 314 479 417 42166 0 0 1 standing 
8 435 314 478 417 42167 0 0 1 standing 
8 433 314 476 417 42168 0 0 1 standing 
8 432 315 475 418 42169 0 0 1 standing 
8 431 315 473 418 42170 0 0 1 standing 
8 429 315 472 418 42171 0 0 1 standing 
8 428 316 470 419 42172 0 0 1 standing 
8 426 316 469 419 42173 0 0 1 standing 
8 425 316 467 419 42174 0 0 1 standing 
9 498 362 543 469 42155 0 0 0 standing 
9 497 361 542 468 42156 0 0 1 standing 
9 496 360 541 467 42157 0 0 1 standing 
9 495 359 540 466 42158 0 0 1 standing 
9 494 358 539 465 42159 0 0 1 standing 
9 493 357 538 465 42160 0 0 1 standing 
9 492 356 537 464 42161 0 0 1 standing 
9 491 355 536 463 42162 0 0 1 standing 
9 490 354 535 462 42163 0 0 1 standing 
9 489 353 534 461 42164 0 0 1 standing 
9 489 353 534 461 42165 0 0 0 standing 
9 488 351 533 460 42166 0 0 1 standing 
9 487 350 532 459 42167 0 0 1 standing 
9 486 348 531 458 42168 0 0 1 standing 
9 485 347 530 457 42169 0 0 1 standing 
9 484 345 529 457 42170 0 0 1 standing 
9 483 344 528 456 42171 0 0 1 standing 
9 482 342 527 455 42172 0 0 1 standing 
9 481 341 526 454 42173 0 0 1 standing 
9 480 339 525 453 42174 0 0 1 standing 
10 822 411 885 552 42155 0 1 0 standing 
10 826 409 887 550 42156 0 1 1 standing 
10 830 408 890 549 42157 0 1 1 standing 
10 834 406 893 547 42158 0 1 1 standing 
10 839 405 895 546 42159 0 1 1 standing 
10 843 404 898 545 42160 0 1 1 standing 
10 847 402 901 543 42161 0 1 1 standing 
10 852 401 903 542 42162 0 1 1 standing 
10 856 399 906 540 42163 0 1 1 standing 
10 860 398 909 539 42164 0 1 1 standing 
10 865 397 912 538 42165 0 1 0 standing 
10 866 397 913 538 42166 0 1 1 standing 
10 868 397 915 539 42167 0 1 1 standing 
10 870 398 917 539 42168 0 1 1 standing 
10 871 398 918 540 42169 0 1 1 standing 
10 873 399 920 541 42170 0 1 1 standing 
10 875 399 922 541 42171 0 1 1 standing 
10 876 399 923 542 42172 0 1 1 standing 
10 878 400 925 542 42173 0 1 1 standing 
10 880 400 927 543 42174 0 1 1 standing 
11 970 381 1044 516 42155 0 1 0 standing 
11 969 380 1043 515 42156 0 1 1 standing 
11 968 380 1042 515 42157 0 1 1 standing 
11 968 380 1041 515 42158 0 1 1 standing 
11 967 380 1040 515 42159 0 1 1 standing 
11 967 380 1039 515 42160 0 1 1 standing 
11 966 380 1038 515 42161 0 1 1 standing 
11 966 380 1037 515 42162 0 1 1 standing 
11 965 380 1036 515 42163 0 1 1 standing 
11 965 380 1035 515 42164 0 1 1 standing 
11 964 380 1034 515 42165 0 1 1 standing 
11 963 380 1033 515 42166 0 1 1 standing 
11 963 380 1032 515 42167 0 1 1 standing 
11 962 380 1031 515 42168 0 1 1 standing 
11 962 380 1030 515 42169 0 1 1 standing 
11 961 380 1029 515 42170 0 1 1 standing 
11 961 380 1028 515 42171 0 1 1 standing 
11 960 380 1027 515 42172 0 1 1 standing 
11 960 380 1026 515 42173 0 1 1 standing 
11 959 380 1025 515 42174 0 1 1 standing 
