0 137 398 195 555 121375 0 0 0 standing 
0 138 397 195 554 121376 0 0 1 standing 
0 139 397 195 554 121377 0 0 1 standing 
0 140 396 195 553 121378 0 0 1 standing 
0 141 396 196 553 121379 0 0 1 standing 
0 143 396 196 553 121380 0 0 1 standing 
0 144 395 196 552 121381 0 0 1 standing 
0 145 395 197 552 121382 0 0 1 standing 
0 146 394 197 551 121383 0 0 1 standing 
0 147 394 197 551 121384 0 0 1 standing 
0 149 394 198 551 121385 0 0 0 standing 
0 149 394 198 551 121386 0 0 1 standing 
0 149 394 199 551 121387 0 0 1 standing 
0 149 394 199 551 121388 0 0 1 standing 
0 149 394 200 551 121389 0 0 1 standing 
0 149 394 201 551 121390 0 0 1 standing 
0 149 394 201 551 121391 0 0 1 standing 
0 149 394 202 551 121392 0 0 1 standing 
0 149 394 202 551 121393 0 0 1 standing 
0 149 394 203 551 121394 0 0 1 standing 
1 652 416 700 571 121375 0 0 0 standing 
1 651 415 699 570 121376 0 0 1 standing 
1 651 415 699 570 121377 0 0 1 standing 
1 651 415 698 570 121378 0 0 1 standing 
1 651 415 698 569 121379 0 0 1 standing 
1 651 415 698 569 121380 0 0 1 standing 
1 651 415 697 569 121381 0 0 1 standing 
1 651 415 697 569 121382 0 0 1 standing 
1 651 415 697 568 121383 0 0 1 standing 
1 651 415 696 568 121384 0 0 1 standing 
1 651 415 696 568 121385 0 0 1 standing 
1 651 415 696 568 121386 0 0 0 standing 
1 650 415 695 568 121387 0 0 1 standing 
1 649 415 695 568 121388 0 0 1 standing 
1 648 415 695 568 121389 0 0 1 standing 
1 647 415 695 568 121390 0 0 1 standing 
1 646 415 695 568 121391 0 0 1 standing 
1 645 415 695 568 121392 0 0 1 standing 
1 644 415 695 568 121393 0 0 1 standing 
1 643 415 695 568 121394 0 0 1 standing 
2 425 334 479 448 121375 0 0 0 standing 
2 425 333 478 447 121376 0 0 1 standing 
2 425 333 477 447 121377 0 0 1 standing 
2 425 333 477 446 121378 0 0 1 standing 
2 426 332 476 446 121379 0 0 1 standing 
2 426 332 476 445 121380 0 0 1 standing 
2 426 332 475 445 121381 0 0 1 standing 
2 427 331 474 444 121382 0 0 1 standing 
2 427 331 474 444 121383 0 0 1 standing 
2 427 331 473 443 121384 0 0 1 standing 
2 428 331 473 443 121385 0 0 0 standing 
2 428 331 473 443 121386 0 0 1 standing 
2 428 331 473 443 121387 0 0 1 standing 
2 428 331 473 443 121388 0 0 1 standing 
2 428 331 473 443 121389 0 0 1 standing 
2 428 331 473 443 121390 0 0 1 standing 
2 428 331 473 443 121391 0 0 1 standing 
2 428 331 473 443 121392 0 0 1 standing 
2 428 331 473 443 121393 0 0 1 standing 
2 428 331 473 443 121394 0 0 1 standing 
3 733 370 769 507 121375 0 0 0 standing 
3 733 370 769 507 121376 0 0 1 standing 
3 734 370 770 507 121377 0 0 1 standing 
3 734 370 771 507 121378 0 0 1 standing 
3 735 370 771 507 121379 0 0 1 standing 
3 736 370 772 507 121380 0 0 1 standing 
3 736 370 773 507 121381 0 0 1 standing 
3 737 370 773 507 121382 0 0 1 standing 
3 737 370 774 507 121383 0 0 1 standing 
3 738 370 775 507 121384 0 0 1 standing 
3 739 370 776 507 121385 0 0 0 standing 
3 738 369 775 506 121386 0 0 1 standing 
3 738 369 775 506 121387 0 0 1 standing 
3 737 369 774 506 121388 0 0 1 standing 
3 737 369 774 506 121389 0 0 1 standing 
3 736 369 773 506 121390 0 0 1 standing 
3 736 369 773 506 121391 0 0 1 standing 
3 735 369 772 506 121392 0 0 1 standing 
3 735 369 772 506 121393 0 0 1 standing 
3 734 369 771 506 121394 0 0 1 standing 
4 738 419 784 586 121375 0 0 0 standing 
4 737 419 783 586 121376 0 0 1 standing 
4 737 420 783 586 121377 0 0 1 standing 
4 737 421 782 586 121378 0 0 1 standing 
4 736 421 782 586 121379 0 0 1 standing 
4 736 422 782 586 121380 0 0 1 standing 
4 736 423 781 586 121381 0 0 1 standing 
4 735 423 781 586 121382 0 0 1 standing 
4 735 424 780 586 121383 0 0 1 standing 
4 735 425 780 586 121384 0 0 1 standing 
4 735 426 780 587 121385 0 0 0 standing 
4 734 427 779 587 121386 0 0 1 standing 
4 733 428 778 587 121387 0 0 1 standing 
4 732 429 777 587 121388 0 0 1 standing 
4 731 430 776 587 121389 0 0 1 standing 
4 731 431 776 587 121390 0 0 1 standing 
4 730 432 775 587 121391 0 0 1 standing 
4 729 433 774 587 121392 0 0 1 standing 
4 728 434 773 587 121393 0 0 1 standing 
4 727 435 772 587 121394 0 0 1 standing 
5 1185 410 1245 566 121375 0 0 0 standing 
5 1185 410 1243 566 121376 0 0 1 standing 
5 1185 410 1242 566 121377 0 0 1 standing 
5 1185 410 1240 566 121378 0 0 1 standing 
5 1185 410 1239 566 121379 0 0 1 standing 
5 1185 410 1238 566 121380 0 0 1 standing 
5 1185 410 1236 566 121381 0 0 1 standing 
5 1185 410 1235 566 121382 0 0 1 standing 
5 1185 410 1233 566 121383 0 0 1 standing 
5 1185 410 1232 566 121384 0 0 1 standing 
5 1185 410 1231 567 121385 0 0 0 standing 
5 1182 409 1229 566 121386 0 0 1 standing 
5 1180 409 1228 566 121387 0 0 1 standing 
5 1178 409 1226 566 121388 0 0 1 standing 
5 1176 409 1225 566 121389 0 0 1 standing 
5 1174 409 1223 566 121390 0 0 1 standing 
5 1171 408 1222 565 121391 0 0 1 standing 
5 1169 408 1220 565 121392 0 0 1 standing 
5 1167 408 1219 565 121393 0 0 1 standing 
5 1165 408 1217 565 121394 0 0 1 standing 
6 267 498 326 687 121375 0 0 0 standing 
6 269 498 328 686 121376 0 0 1 standing 
6 271 498 330 686 121377 0 0 1 standing 
6 273 499 332 686 121378 0 0 1 standing 
6 276 499 334 685 121379 0 0 1 standing 
6 278 500 336 685 121380 0 0 1 standing 
6 280 500 338 685 121381 0 0 1 standing 
6 283 500 340 684 121382 0 0 1 standing 
6 285 501 342 684 121383 0 0 1 standing 
6 287 501 344 684 121384 0 0 1 standing 
6 290 502 347 684 121385 0 0 0 standing 
6 291 502 349 683 121386 0 0 1 standing 
6 292 502 351 683 121387 0 0 1 standing 
6 293 502 353 683 121388 0 0 1 standing 
6 295 502 355 683 121389 0 0 1 standing 
6 296 502 357 683 121390 0 0 1 standing 
6 297 502 359 683 121391 0 0 1 standing 
6 299 502 361 683 121392 0 0 1 standing 
6 300 502 363 683 121393 0 0 1 standing 
6 301 502 365 683 121394 0 0 1 standing 
7 248 407 297 527 121375 0 1 0 standing 
7 249 406 299 526 121376 0 1 1 digging 
7 250 406 301 526 121377 0 1 1 digging 
7 251 406 303 525 121378 0 1 1 digging 
7 252 405 305 525 121379 0 1 1 digging 
7 254 405 307 525 121380 0 1 1 digging 
7 255 405 309 524 121381 0 1 1 digging 
7 256 404 311 524 121382 0 1 1 digging 
7 257 404 313 523 121383 0 1 1 digging 
7 258 404 315 523 121384 0 1 1 digging 
7 260 404 317 523 121385 0 1 0 digging 
7 258 404 315 523 121386 0 1 1 digging 
7 256 404 313 523 121387 0 1 1 digging 
7 254 405 311 524 121388 0 1 1 digging 
7 252 405 309 524 121389 0 1 1 digging 
7 250 405 307 524 121390 0 1 1 digging 
7 248 406 305 525 121391 0 1 1 digging 
7 246 406 303 525 121392 0 1 1 digging 
7 244 406 301 525 121393 0 1 1 digging 
7 243 407 300 526 121394 0 1 0 digging 
8 472 385 538 523 121375 0 0 0 digging 
8 472 385 538 523 121376 0 0 1 standing 
8 473 385 538 523 121377 0 0 1 standing 
8 473 385 538 523 121378 0 0 1 standing 
8 474 385 539 523 121379 0 0 1 standing 
8 475 385 539 523 121380 0 0 1 standing 
8 475 385 539 523 121381 0 0 1 standing 
8 476 385 540 523 121382 0 0 1 standing 
8 476 385 540 523 121383 0 0 1 standing 
8 477 385 540 523 121384 0 0 1 standing 
8 478 386 541 523 121385 0 0 0 standing 
8 477 386 540 523 121386 0 0 1 standing 
8 477 387 540 524 121387 0 0 1 standing 
8 476 387 539 524 121388 0 0 1 standing 
8 476 388 539 525 121389 0 0 1 standing 
8 475 389 538 526 121390 0 0 1 standing 
8 475 389 538 526 121391 0 0 1 standing 
8 474 390 537 527 121392 0 0 1 standing 
8 474 390 537 527 121393 0 0 1 standing 
8 473 391 536 528 121394 0 0 1 standing 
9 722 402 767 552 121375 0 0 0 standing 
9 722 402 766 551 121376 0 0 1 blocking 
9 722 402 766 551 121377 0 0 1 blocking 
9 723 402 765 551 121378 0 0 1 blocking 
9 723 402 765 551 121379 0 0 1 blocking 
9 724 402 765 551 121380 0 0 1 blocking 
9 724 402 764 551 121381 0 0 1 blocking 
9 724 402 764 551 121382 0 0 1 blocking 
9 725 402 763 551 121383 0 0 1 blocking 
9 725 402 763 551 121384 0 0 1 blocking 
9 726 402 763 551 121385 0 0 0 blocking 
9 725 401 762 550 121386 0 0 1 blocking 
9 725 401 762 550 121387 0 0 1 blocking 
9 724 401 761 550 121388 0 0 1 blocking 
9 724 401 761 550 121389 0 0 1 blocking 
9 724 401 761 550 121390 0 0 1 blocking 
9 723 401 760 550 121391 0 0 1 blocking 
9 723 401 760 550 121392 0 0 1 blocking 
9 722 401 759 550 121393 0 0 1 blocking 
9 722 401 759 550 121394 0 0 1 blocking 
10 934 387 981 516 121375 0 0 0 blocking 
10 933 386 981 515 121376 0 0 1 standing 
10 933 386 981 515 121377 0 0 1 standing 
10 933 386 981 515 121378 0 0 1 standing 
10 933 385 981 514 121379 0 0 1 standing 
10 933 385 982 514 121380 0 0 1 standing 
10 932 385 982 514 121381 0 0 1 standing 
10 932 384 982 513 121382 0 0 1 standing 
10 932 384 982 513 121383 0 0 1 standing 
10 932 384 982 513 121384 0 0 1 standing 
10 932 384 983 513 121385 0 0 0 standing 
10 931 384 982 513 121386 0 0 1 standing 
10 931 384 982 513 121387 0 0 1 standing 
10 930 384 981 513 121388 0 0 1 standing 
10 930 384 981 513 121389 0 0 1 standing 
10 929 384 980 513 121390 0 0 1 standing 
10 929 384 980 513 121391 0 0 1 standing 
10 928 384 979 513 121392 0 0 1 standing 
10 928 384 979 513 121393 0 0 1 standing 
10 927 384 978 513 121394 0 0 1 standing 
11 1046 467 1115 609 121375 0 0 0 standing 
11 1046 467 1114 609 121376 0 0 1 waiting 
11 1047 468 1114 609 121377 0 0 1 waiting 
11 1048 468 1114 609 121378 0 0 1 waiting 
11 1049 469 1114 609 121379 0 0 1 waiting 
11 1049 469 1114 610 121380 0 0 1 waiting 
11 1050 470 1114 610 121381 0 0 1 waiting 
11 1051 470 1114 610 121382 0 0 1 waiting 
11 1052 471 1114 610 121383 0 0 1 waiting 
11 1053 472 1114 611 121384 0 0 0 waiting 
11 1051 473 1112 611 121385 0 0 1 waiting 
11 1050 474 1111 611 121386 0 0 1 waiting 
11 1049 475 1110 611 121387 0 0 1 waiting 
11 1048 476 1109 611 121388 0 0 1 waiting 
11 1047 477 1108 611 121389 0 0 1 waiting 
11 1045 478 1106 611 121390 0 0 1 waiting 
11 1044 479 1105 611 121391 0 0 1 waiting 
11 1043 480 1104 611 121392 0 0 1 waiting 
11 1042 481 1103 611 121393 0 0 1 waiting 
11 1041 482 1102 611 121394 0 0 1 waiting 
