0 320 418 384 555 15995 0 0 0 standing 
0 319 416 383 555 15996 0 0 1 standing 
0 318 414 382 555 15997 0 0 1 standing 
0 317 412 381 555 15998 0 0 1 standing 
0 316 410 380 555 15999 0 0 1 standing 
0 316 409 379 555 16000 0 0 0 standing 
0 307 405 370 553 16001 0 0 1 standing 
0 298 402 361 552 16002 0 0 1 standing 
0 289 399 352 550 16003 0 0 1 standing 
0 280 396 343 549 16004 0 0 1 standing 
0 272 393 335 548 16005 0 0 0 standing 
0 263 393 323 548 16006 0 0 1 standing 
0 255 394 311 548 16007 0 0 1 standing 
0 247 395 300 549 16008 0 0 0 standing 
0 236 394 291 548 16009 0 0 1 standing 
0 226 394 282 548 16010 0 0 1 standing 
0 216 394 274 548 16011 0 0 0 standing 
0 207 391 265 545 16012 0 0 1 standing 
0 199 388 256 542 16013 0 0 1 standing 
0 191 386 247 540 16014 0 0 1 standing 
1 442 368 507 448 15995 0 0 0 standing 
1 444 372 513 451 15996 0 0 1 falling 
1 446 377 519 455 15997 0 0 1 falling 
1 448 382 525 459 15998 0 0 1 falling 
1 450 387 532 463 15999 0 0 0 falling 
1 448 389 529 463 16000 0 0 1 falling 
1 447 391 526 464 16001 0 0 1 falling 
1 445 393 523 465 16002 0 0 1 falling 
1 444 396 520 466 16003 0 0 0 falling 
1 438 393 513 466 16004 0 0 1 falling 
1 433 390 506 466 16005 0 0 1 falling 
1 428 387 499 466 16006 0 0 1 falling 
1 423 384 492 467 16007 0 0 1 falling 
1 418 381 485 467 16008 0 0 1 falling 
1 413 378 478 467 16009 0 0 1 falling 
1 408 376 472 468 16010 0 0 0 falling 
1 405 373 467 468 16011 0 0 1 falling 
1 402 370 463 468 16012 0 0 1 falling 
1 399 368 458 469 16013 0 0 1 falling 
1 396 365 454 469 16014 0 0 1 falling 
2 593 467 661 584 15995 0 0 0 falling 
2 590 464 658 584 15996 0 0 1 standing 
2 587 462 655 584 15997 0 0 1 standing 
2 585 460 653 584 15998 0 0 1 standing 
2 582 458 650 584 15999 0 0 1 standing 
2 580 456 648 584 16000 0 0 1 standing 
2 577 454 645 584 16001 0 0 1 standing 
2 575 452 643 585 16002 0 0 0 standing 
2 566 450 633 585 16003 0 0 1 standing 
2 557 448 624 586 16004 0 0 1 standing 
2 548 447 615 587 16005 0 0 0 standing 
2 537 446 604 584 16006 0 0 1 standing 
2 527 445 593 582 16007 0 0 1 standing 
2 516 444 583 579 16008 0 0 1 standing 
2 506 444 572 577 16009 0 0 1 standing 
2 495 443 562 574 16010 0 0 1 standing 
2 485 442 551 572 16011 0 0 1 standing 
2 475 442 541 570 16012 0 0 0 standing 
2 467 443 533 570 16013 0 0 1 standing 
2 459 444 525 570 16014 0 0 1 standing 
3 701 391 766 524 15995 0 1 0 standing 
3 698 390 763 523 15996 0 1 1 digging 
3 695 389 760 522 15997 0 1 1 digging 
3 692 389 757 522 15998 0 1 1 digging 
3 689 388 754 521 15999 0 1 1 digging 
3 686 387 751 520 16000 0 1 1 digging 
3 683 387 748 520 16001 0 1 0 digging 
3 670 383 737 520 16002 0 1 1 digging 
3 658 379 727 520 16003 0 1 1 digging 
3 646 376 717 520 16004 0 1 1 digging 
3 633 372 707 520 16005 0 1 1 digging 
3 621 368 697 520 16006 0 1 1 digging 
3 609 365 687 520 16007 0 1 0 digging 
3 605 373 678 521 16008 0 1 1 digging 
3 601 382 670 522 16009 0 1 1 digging 
3 597 391 662 524 16010 0 1 0 digging 
3 584 390 653 523 16011 0 1 1 digging 
3 572 389 644 522 16012 0 1 1 digging 
3 560 388 636 522 16013 0 1 0 digging 
3 558 385 632 521 16014 0 1 1 digging 
4 800 308 835 449 15995 0 0 0 digging 
4 799 312 834 450 15996 0 0 1 standing 
4 798 316 833 452 15997 0 0 1 standing 
4 797 320 832 453 15998 0 0 1 standing 
4 796 324 831 455 15999 0 0 1 standing 
4 796 329 830 457 16000 0 0 0 standing 
4 787 327 822 458 16001 0 0 1 standing 
4 779 325 814 459 16002 0 0 1 standing 
4 771 324 806 460 16003 0 0 1 standing 
4 763 322 798 461 16004 0 0 1 standing 
4 755 321 790 462 16005 0 0 0 standing 
4 743 322 781 462 16006 0 0 1 standing 
4 732 324 772 463 16007 0 0 1 standing 
4 721 326 763 464 16008 0 0 1 standing 
4 710 327 755 464 16009 0 0 1 standing 
4 699 329 746 465 16010 0 0 1 standing 
4 688 331 737 466 16011 0 0 1 standing 
4 677 333 729 467 16012 0 0 0 standing 
4 668 332 723 468 16013 0 0 1 standing 
4 660 331 718 469 16014 0 0 1 standing 
5 879 333 926 453 15995 0 0 0 standing 
5 876 333 923 454 15996 0 0 1 moving 
5 874 334 921 455 15997 0 0 1 moving 
5 872 335 919 456 15998 0 0 1 moving 
5 870 336 917 457 15999 0 0 1 moving 
5 868 337 915 459 16000 0 0 0 moving 
5 858 339 905 462 16001 0 0 1 moving 
5 849 342 896 465 16002 0 0 1 moving 
5 840 345 886 469 16003 0 0 1 moving 
5 831 348 877 472 16004 0 0 1 moving 
5 822 351 868 476 16005 0 0 0 moving 
5 813 351 859 476 16006 0 0 1 moving 
5 804 352 850 477 16007 0 0 1 moving 
5 795 352 841 477 16008 0 0 1 moving 
5 786 353 832 478 16009 0 0 0 moving 
5 778 354 824 479 16010 0 0 1 moving 
5 771 356 817 481 16011 0 0 1 moving 
5 763 358 809 483 16012 0 0 1 moving 
5 756 360 802 485 16013 0 0 1 moving 
5 749 362 795 487 16014 0 0 0 moving 
6 960 354 1007 493 15995 0 0 0 moving 
6 959 353 1007 493 15996 0 0 1 standing 
6 958 352 1007 493 15997 0 0 1 standing 
6 957 351 1007 493 15998 0 0 1 standing 
6 956 350 1007 493 15999 0 0 1 standing 
6 956 350 1007 493 16000 0 0 0 standing 
6 951 348 1001 490 16001 0 0 1 standing 
6 946 346 995 487 16002 0 0 1 standing 
6 942 344 989 484 16003 0 0 1 standing 
6 937 342 983 481 16004 0 0 1 standing 
6 933 341 978 479 16005 0 0 0 standing 
6 926 340 971 478 16006 0 0 1 standing 
6 919 340 965 478 16007 0 0 1 standing 
6 912 340 959 478 16008 0 0 0 standing 
6 910 339 958 477 16009 0 0 1 standing 
6 909 339 958 476 16010 0 0 1 standing 
6 908 338 958 476 16011 0 0 1 standing 
6 907 338 957 475 16012 0 0 1 standing 
6 906 337 957 475 16013 0 0 1 standing 
6 905 337 957 474 16014 0 0 1 standing 
7 1232 443 1279 582 15995 0 0 0 standing 
7 1230 442 1278 582 15996 0 0 1 waiting 
7 1229 442 1278 582 15997 0 0 1 waiting 
7 1228 441 1278 582 15998 0 0 1 waiting 
7 1227 441 1278 582 15999 0 0 1 waiting 
7 1226 441 1278 582 16000 0 0 0 waiting 
7 1219 440 1274 581 16001 0 0 1 waiting 
7 1213 439 1270 581 16002 0 0 1 waiting 
7 1207 438 1266 581 16003 0 0 1 waiting 
7 1201 438 1263 581 16004 0 0 0 waiting 
7 1192 437 1254 580 16005 0 0 1 waiting 
7 1183 437 1246 580 16006 0 0 1 waiting 
7 1174 437 1237 580 16007 0 0 1 waiting 
7 1166 437 1229 580 16008 0 0 1 waiting 
7 1157 437 1220 580 16009 0 0 1 waiting 
7 1148 437 1212 580 16010 0 0 1 waiting 
7 1140 437 1204 580 16011 0 0 0 waiting 
7 1134 436 1198 579 16012 0 0 1 waiting 
7 1128 436 1192 579 16013 0 0 1 waiting 
7 1122 436 1186 579 16014 0 0 1 waiting 
8 455 416 514 557 15995 0 0 0 waiting 
8 455 415 513 553 15996 0 0 1 falling 
8 455 415 513 549 15997 0 0 1 falling 
8 455 415 513 545 15998 0 0 1 falling 
8 455 415 513 541 15999 0 0 1 falling 
8 456 415 513 537 16000 0 0 0 falling 
8 444 413 501 537 16001 0 0 1 falling 
8 432 411 489 538 16002 0 0 1 falling 
8 420 409 477 538 16003 0 0 1 falling 
8 408 407 466 539 16004 0 0 1 falling 
8 396 405 454 539 16005 0 0 1 falling 
8 384 403 442 540 16006 0 0 1 falling 
8 373 402 431 541 16007 0 0 0 falling 
8 358 398 416 544 16008 0 0 1 falling 
8 344 395 401 547 16009 0 0 1 falling 
8 330 392 387 551 16010 0 0 0 falling 
8 315 394 372 551 16011 0 0 1 falling 
8 301 397 358 552 16012 0 0 1 falling 
8 287 399 344 553 16013 0 0 1 falling 
8 273 402 330 554 16014 0 0 1 falling 
9 850 405 897 574 15995 0 0 0 falling 
9 851 402 898 571 15996 0 0 1 standing 
9 853 399 900 568 15997 0 0 1 standing 
9 854 396 901 565 15998 0 0 1 standing 
9 856 394 903 562 15999 0 0 0 standing 
9 850 391 897 559 16000 0 0 1 standing 
9 845 388 892 556 16001 0 0 1 standing 
9 840 385 886 553 16002 0 0 1 standing 
9 835 382 881 550 16003 0 0 1 standing 
9 830 380 876 547 16004 0 0 0 standing 
9 822 379 868 545 16005 0 0 1 standing 
9 814 378 860 544 16006 0 0 1 standing 
9 807 377 852 543 16007 0 0 1 standing 
9 799 376 844 542 16008 0 0 1 standing 
9 791 375 836 541 16009 0 0 1 standing 
9 784 375 829 540 16010 0 0 0 standing 
9 777 376 822 541 16011 0 0 1 standing 
9 771 377 816 542 16012 0 0 1 standing 
9 765 378 810 543 16013 0 0 1 standing 
9 759 379 804 544 16014 0 0 1 standing 
10 959 453 1012 600 15995 0 0 0 standing 
10 960 450 1013 599 15996 0 0 1 standing 
10 962 447 1014 598 15997 0 0 1 standing 
10 963 444 1015 597 15998 0 0 1 standing 
10 965 441 1016 597 15999 0 0 0 standing 
10 960 436 1010 595 16000 0 0 1 standing 
10 955 432 1005 593 16001 0 0 1 standing 
10 951 427 1000 591 16002 0 0 1 standing 
10 946 423 995 589 16003 0 0 1 standing 
10 942 419 990 587 16004 0 0 0 standing 
10 935 416 983 584 16005 0 0 1 standing 
10 928 413 976 581 16006 0 0 1 standing 
10 922 411 969 578 16007 0 0 1 standing 
10 915 408 962 575 16008 0 0 1 standing 
10 908 405 955 572 16009 0 0 1 standing 
10 902 403 949 570 16010 0 0 0 standing 
10 898 402 944 569 16011 0 0 1 standing 
10 894 402 940 569 16012 0 0 1 standing 
10 890 402 936 568 16013 0 0 1 standing 
10 886 402 932 568 16014 0 0 1 standing 
11 883 469 933 641 15995 0 0 0 standing 
11 883 467 933 638 15996 0 0 1 standing 
11 884 465 934 636 15997 0 0 1 standing 
11 885 463 935 634 15998 0 0 1 standing 
11 886 462 936 632 15999 0 0 0 standing 
11 880 459 930 629 16000 0 0 1 standing 
11 875 457 924 626 16001 0 0 1 standing 
11 869 455 919 624 16002 0 0 1 standing 
11 864 453 913 621 16003 0 0 1 standing 
11 859 451 908 619 16004 0 0 0 standing 
11 850 451 899 618 16005 0 0 1 standing 
11 841 451 891 617 16006 0 0 1 standing 
11 832 452 882 616 16007 0 0 1 standing 
11 823 452 874 616 16008 0 0 1 standing 
11 814 453 865 615 16009 0 0 1 standing 
11 805 453 857 614 16010 0 0 1 standing 
11 796 454 849 614 16011 0 0 0 standing 
11 788 452 842 611 16012 0 0 1 standing 
11 780 451 835 609 16013 0 0 1 standing 
11 773 449 828 606 16014 0 0 1 standing 
