0 244 405 288 537 35940 0 0 0 standing 
0 244 404 288 537 35941 0 0 1 standing 
0 244 404 288 537 35942 0 0 1 standing 
0 244 404 288 537 35943 0 0 1 standing 
0 245 403 288 537 35944 0 0 1 standing 
0 245 403 289 537 35945 0 0 1 standing 
0 245 403 289 537 35946 0 0 1 standing 
0 246 402 289 537 35947 0 0 1 standing 
0 246 402 289 537 35948 0 0 1 standing 
0 246 402 289 537 35949 0 0 1 standing 
0 247 402 290 537 35950 0 0 0 standing 
0 244 399 287 537 35951 0 0 1 standing 
0 242 397 285 538 35952 0 0 1 standing 
0 240 395 282 538 35953 0 0 1 standing 
0 238 393 280 539 35954 0 0 0 standing 
0 236 394 278 539 35955 0 0 1 standing 
0 234 396 276 540 35956 0 0 1 standing 
0 232 397 274 540 35957 0 0 1 standing 
0 230 399 272 541 35958 0 0 1 standing 
0 228 400 270 541 35959 0 0 1 standing 
1 365 373 400 505 35940 0 0 0 standing 
1 362 373 397 505 35941 0 0 1 standing 
1 360 374 395 506 35942 0 0 1 standing 
1 357 374 392 506 35943 0 0 1 standing 
1 355 375 390 507 35944 0 0 1 standing 
1 352 376 387 508 35945 0 0 1 standing 
1 350 376 385 508 35946 0 0 1 standing 
1 347 377 382 509 35947 0 0 1 standing 
1 345 378 380 510 35948 0 0 0 standing 
1 342 376 377 508 35949 0 0 1 standing 
1 339 374 374 506 35950 0 0 1 standing 
1 336 372 371 504 35951 0 0 1 standing 
1 333 370 368 502 35952 0 0 1 standing 
1 330 368 365 500 35953 0 0 1 standing 
1 327 366 362 498 35954 0 0 1 standing 
1 324 365 359 497 35955 0 0 0 standing 
1 317 365 357 497 35956 0 0 1 standing 
1 310 365 355 497 35957 0 0 1 standing 
1 304 366 354 497 35958 0 0 1 standing 
1 297 366 352 497 35959 0 0 1 standing 
2 455 342 501 447 35940 0 0 0 standing 
2 450 342 496 447 35941 0 0 1 standing 
2 446 342 492 447 35942 0 0 1 standing 
2 441 342 487 447 35943 0 0 1 standing 
2 437 342 483 447 35944 0 0 1 standing 
2 432 342 478 447 35945 0 0 1 standing 
2 428 342 474 447 35946 0 0 1 standing 
2 423 342 469 447 35947 0 0 1 standing 
2 419 342 465 447 35948 0 0 1 standing 
2 414 342 460 447 35949 0 0 1 standing 
2 410 342 456 447 35950 0 0 0 standing 
2 405 341 451 446 35951 0 0 1 standing 
2 400 341 447 446 35952 0 0 1 standing 
2 395 341 443 446 35953 0 0 1 standing 
2 390 340 439 446 35954 0 0 1 standing 
2 385 340 435 446 35955 0 0 1 standing 
2 380 340 430 446 35956 0 0 1 standing 
2 375 339 426 446 35957 0 0 1 standing 
2 370 339 422 446 35958 0 0 1 standing 
2 365 339 418 446 35959 0 0 1 standing 
3 537 443 601 568 35940 1 0 1 standing 
3 537 443 603 568 35941 1 0 1 digging 
3 538 443 606 568 35942 0 1 0 digging 
3 542 441 601 567 35943 0 1 1 digging 
3 546 439 596 566 35944 0 1 1 digging 
3 550 437 591 565 35945 0 1 0 digging 
3 551 432 591 561 35946 0 1 1 digging 
3 552 427 591 557 35947 0 1 1 digging 
3 553 422 591 553 35948 0 1 1 digging 
3 554 417 591 549 35949 0 1 1 digging 
3 556 413 591 546 35950 0 1 0 digging 
3 555 411 595 543 35951 0 1 1 digging 
3 555 409 599 541 35952 0 1 1 digging 
3 555 407 603 539 35953 0 1 1 digging 
3 555 405 608 537 35954 0 1 0 digging 
3 554 407 604 537 35955 0 1 1 digging 
3 554 409 601 538 35956 0 1 1 digging 
3 554 412 598 539 35957 0 1 1 digging 
3 554 414 594 539 35958 0 1 1 digging 
3 554 416 591 540 35959 0 1 1 digging 
4 588 388 638 502 35940 0 0 0 digging 
4 584 387 634 501 35941 0 0 1 digging 
4 581 387 631 501 35942 0 0 1 digging 
4 578 386 628 500 35943 0 0 1 digging 
4 575 386 625 500 35944 0 0 1 digging 
4 572 386 622 500 35945 0 0 0 digging 
4 568 384 617 499 35946 0 0 1 digging 
4 565 383 613 499 35947 0 0 1 digging 
4 561 381 608 499 35948 0 0 1 digging 
4 558 380 604 499 35949 0 0 1 digging 
4 554 379 599 499 35950 0 0 1 digging 
4 551 377 595 499 35951 0 0 1 digging 
4 547 376 590 499 35952 0 0 1 digging 
4 544 375 586 499 35953 0 0 0 digging 
4 539 375 581 499 35954 0 0 1 digging 
4 534 376 576 499 35955 0 0 1 digging 
4 529 377 571 499 35956 0 0 1 digging 
4 525 378 566 499 35957 0 0 0 digging 
4 519 380 560 500 35958 0 0 1 digging 
4 514 382 555 501 35959 0 0 1 digging 
5 744 372 780 498 35940 0 0 0 digging 
5 739 371 775 497 35941 0 0 1 standing 
5 734 371 770 497 35942 0 0 1 standing 
5 729 371 765 497 35943 0 0 1 standing 
5 725 370 761 496 35944 0 0 1 standing 
5 720 370 756 496 35945 0 0 1 standing 
5 715 370 751 496 35946 0 0 1 standing 
5 710 370 746 496 35947 0 0 1 standing 
5 706 369 742 495 35948 0 0 1 standing 
5 701 369 737 495 35949 0 0 1 standing 
5 696 369 732 495 35950 0 0 1 standing 
5 692 369 728 495 35951 0 0 0 standing 
5 686 368 722 494 35952 0 0 1 standing 
5 681 368 717 493 35953 0 0 1 standing 
5 676 368 711 492 35954 0 0 1 standing 
5 670 368 706 491 35955 0 0 1 standing 
5 665 368 700 491 35956 0 0 1 standing 
5 660 368 695 490 35957 0 0 1 standing 
5 654 368 689 489 35958 0 0 1 standing 
5 649 368 684 488 35959 0 0 1 standing 
6 894 412 938 558 35940 0 0 0 standing 
6 896 409 940 555 35941 0 0 1 standing 
6 898 407 942 553 35942 0 0 1 standing 
6 900 405 944 550 35943 0 0 1 standing 
6 903 403 947 548 35944 0 0 0 standing 
6 905 403 948 548 35945 0 0 1 standing 
6 907 404 950 548 35946 0 0 1 standing 
6 909 404 952 549 35947 0 0 1 standing 
6 911 405 954 549 35948 0 0 1 standing 
6 913 405 956 549 35949 0 0 1 standing 
6 915 406 958 550 35950 0 0 1 standing 
6 917 406 960 550 35951 0 0 1 standing 
6 919 407 962 551 35952 0 0 0 standing 
6 921 406 964 550 35953 0 0 1 standing 
6 923 405 966 549 35954 0 0 1 standing 
6 925 404 968 548 35955 0 0 1 standing 
6 927 403 970 547 35956 0 0 1 standing 
6 929 402 972 546 35957 0 0 0 standing 
6 930 401 973 545 35958 0 0 1 standing 
6 931 400 974 544 35959 0 0 1 standing 
7 1040 379 1082 507 35940 0 0 0 standing 
7 1035 378 1077 506 35941 0 0 1 standing 
7 1030 378 1073 505 35942 0 0 1 standing 
7 1026 377 1069 505 35943 0 0 1 standing 
7 1021 377 1064 504 35944 0 0 1 standing 
7 1017 376 1060 504 35945 0 0 1 standing 
7 1012 376 1056 503 35946 0 0 1 standing 
7 1007 375 1051 502 35947 0 0 1 standing 
7 1003 375 1047 502 35948 0 0 1 standing 
7 998 374 1043 501 35949 0 0 1 standing 
7 994 374 1039 501 35950 0 0 0 standing 
7 988 373 1033 500 35951 0 0 1 standing 
7 982 373 1027 500 35952 0 0 1 standing 
7 976 372 1021 499 35953 0 0 1 standing 
7 970 372 1015 499 35954 0 0 1 standing 
7 964 371 1009 498 35955 0 0 1 standing 
7 958 371 1003 498 35956 0 0 1 standing 
7 952 370 997 497 35957 0 0 1 standing 
7 946 370 991 497 35958 0 0 1 standing 
7 940 369 985 496 35959 0 0 1 standing 
8 606 447 661 592 35940 0 0 0 standing 
8 602 445 657 590 35941 0 0 1 digging 
8 599 444 654 588 35942 0 0 1 digging 
8 596 443 651 587 35943 0 0 1 digging 
8 593 441 647 585 35944 0 0 1 digging 
8 590 440 644 583 35945 0 0 1 digging 
8 587 439 641 582 35946 0 0 0 digging 
8 581 438 635 581 35947 0 0 1 digging 
8 575 437 629 581 35948 0 0 1 digging 
8 569 436 623 581 35949 0 0 1 digging 
8 563 436 618 581 35950 0 0 0 digging 
8 557 435 612 580 35951 0 0 1 digging 
8 551 434 606 579 35952 0 0 1 digging 
8 546 433 600 578 35953 0 0 1 digging 
8 540 432 594 577 35954 0 0 1 digging 
8 535 432 589 577 35955 0 0 0 digging 
8 527 432 580 577 35956 0 0 1 digging 
8 519 432 572 577 35957 0 0 1 digging 
8 512 432 563 577 35958 0 0 1 digging 
8 504 433 555 577 35959 0 0 1 digging 
9 755 397 798 519 35940 0 0 0 digging 
9 748 397 791 520 35941 0 0 1 standing 
9 741 397 784 521 35942 0 0 1 standing 
9 735 397 777 522 35943 0 0 1 standing 
9 728 398 770 523 35944 0 0 1 standing 
9 721 398 763 524 35945 0 0 1 standing 
9 715 398 756 525 35946 0 0 1 standing 
9 708 398 749 526 35947 0 0 1 standing 
9 702 399 742 527 35948 0 0 0 standing 
9 696 396 735 524 35949 0 0 1 standing 
9 690 394 729 521 35950 0 0 1 standing 
9 684 391 722 519 35951 0 0 1 standing 
9 679 389 716 516 35952 0 0 1 standing 
9 673 386 709 513 35953 0 0 1 standing 
9 667 384 703 511 35954 0 0 1 standing 
9 661 381 696 508 35955 0 0 1 standing 
9 656 379 690 506 35956 0 0 0 standing 
9 650 377 685 505 35957 0 0 1 standing 
9 645 376 680 504 35958 0 0 1 standing 
9 639 375 675 503 35959 0 0 1 standing 
10 981 470 1045 600 35940 0 0 0 standing 
10 978 469 1040 599 35941 0 0 1 waiting 
10 975 469 1036 598 35942 0 0 1 waiting 
10 972 468 1032 598 35943 0 0 1 waiting 
10 969 468 1028 597 35944 0 0 1 waiting 
10 966 468 1024 597 35945 0 0 1 waiting 
10 963 467 1019 596 35946 0 0 1 waiting 
10 960 467 1015 596 35947 0 0 1 waiting 
10 957 467 1011 595 35948 0 0 1 waiting 
10 954 466 1007 595 35949 0 0 1 waiting 
10 951 466 1003 594 35950 0 0 1 waiting 
10 948 466 999 594 35951 0 0 0 waiting 
10 943 465 994 593 35952 0 0 1 waiting 
10 938 464 990 592 35953 0 0 1 waiting 
10 933 464 985 592 35954 0 0 1 waiting 
10 928 463 981 591 35955 0 0 1 waiting 
10 923 463 977 591 35956 0 0 0 waiting 
10 919 464 973 592 35957 0 0 1 waiting 
10 915 466 970 594 35958 0 0 1 waiting 
10 911 467 966 595 35959 0 0 1 waiting 
11 714 459 766 612 35940 0 0 0 waiting 
11 709 458 761 611 35941 0 0 1 standing 
11 704 458 756 611 35942 0 0 1 standing 
11 700 458 752 611 35943 0 0 1 standing 
11 695 457 747 610 35944 0 0 1 standing 
11 691 457 743 610 35945 0 0 1 standing 
11 686 457 738 610 35946 0 0 1 standing 
11 682 457 734 610 35947 0 0 0 standing 
11 677 457 729 610 35948 0 0 1 standing 
11 673 457 725 610 35949 0 0 1 standing 
11 669 458 721 611 35950 0 0 0 standing 
11 664 458 716 611 35951 0 0 1 standing 
11 659 458 711 611 35952 0 0 1 standing 
11 654 458 706 611 35953 0 0 1 standing 
11 649 458 701 611 35954 0 0 1 standing 
11 645 458 697 611 35955 0 0 1 standing 
11 640 458 692 611 35956 0 0 1 standing 
11 635 458 687 611 35957 0 0 1 standing 
11 630 458 682 611 35958 0 0 1 standing 
11 625 458 677 611 35959 0 0 1 standing 
