0 780 300 860 420 43475 0 1 0 moving 
0 774 296 851 416 43476 0 1 1 moving 
0 768 293 843 413 43477 0 1 1 moving 
0 762 290 835 410 43478 0 1 1 moving 
0 756 287 827 406 43479 0 1 1 moving 
0 751 284 819 403 43480 0 1 1 moving 
0 745 280 810 400 43481 0 1 1 moving 
0 739 277 802 396 43482 0 1 1 moving 
0 733 274 794 393 43483 0 1 1 moving 
0 727 271 786 390 43484 0 1 1 moving 
0 722 268 778 387 43485 0 1 0 moving 
0 716 265 772 383 43486 0 1 1 moving 
0 710 262 766 379 43487 0 1 1 moving 
0 704 259 760 375 43488 0 1 1 moving 
0 698 256 754 371 43489 0 1 1 moving 
0 692 253 748 368 43490 0 1 1 moving 
0 686 250 742 364 43491 0 1 1 moving 
0 680 247 736 360 43492 0 1 1 moving 
0 674 244 730 356 43493 0 1 1 moving 
0 668 241 724 352 43494 0 1 1 moving 
1 615 269 672 381 43475 0 1 0 moving 
1 617 266 674 380 43476 0 1 1 setting 
1 619 263 676 379 43477 0 1 1 setting 
1 622 260 678 379 43478 0 1 1 setting 
1 624 257 681 378 43479 0 1 1 setting 
1 627 254 683 378 43480 0 1 1 setting 
1 629 251 685 377 43481 0 1 1 setting 
1 631 248 688 376 43482 0 1 1 setting 
1 634 245 690 376 43483 0 1 1 setting 
1 636 242 692 375 43484 0 1 1 setting 
1 639 240 695 375 43485 0 1 0 setting 
1 640 243 697 376 43486 0 1 1 setting 
1 641 246 699 377 43487 0 1 1 setting 
1 642 249 701 378 43488 0 1 1 setting 
1 643 252 704 379 43489 0 1 1 setting 
1 645 256 706 380 43490 0 1 1 setting 
1 646 259 708 381 43491 0 1 1 setting 
1 647 262 711 382 43492 0 1 1 setting 
1 648 265 713 383 43493 0 1 1 setting 
1 649 268 715 384 43494 0 1 1 setting 
2 947 470 1048 624 43475 0 1 0 setting 
2 941 470 1043 622 43476 0 1 1 moving 
2 936 470 1039 621 43477 0 1 1 moving 
2 931 470 1035 620 43478 0 1 1 moving 
2 926 470 1031 619 43479 0 1 1 moving 
2 921 470 1027 618 43480 0 1 1 moving 
2 915 470 1022 617 43481 0 1 1 moving 
2 910 470 1018 616 43482 0 1 1 moving 
2 905 470 1014 615 43483 0 1 1 moving 
2 900 470 1010 614 43484 0 1 1 moving 
2 895 470 1006 613 43485 0 1 0 moving 
2 890 468 997 611 43486 0 1 1 moving 
2 885 466 989 609 43487 0 1 1 moving 
2 880 465 980 608 43488 0 1 1 moving 
2 875 463 972 606 43489 0 1 1 moving 
2 870 462 964 605 43490 0 1 1 moving 
2 865 460 955 603 43491 0 1 1 moving 
2 860 458 947 601 43492 0 1 1 moving 
2 855 457 938 600 43493 0 1 1 moving 
2 850 455 930 598 43494 0 1 1 moving 
3 874 268 932 375 43475 0 0 0 moving 
3 869 270 929 377 43476 0 0 1 moving 
3 865 272 926 380 43477 0 0 1 moving 
3 861 275 924 383 43478 0 0 0 moving 
3 857 276 922 386 43479 0 0 1 moving 
3 853 277 920 389 43480 0 0 1 moving 
3 850 279 919 393 43481 0 0 0 moving 
3 843 280 912 394 43482 0 0 1 moving 
3 836 281 905 395 43483 0 0 1 moving 
3 830 283 899 397 43484 0 0 0 moving 
3 825 284 887 398 43485 0 0 1 moving 
3 820 285 876 399 43486 0 0 1 moving 
3 815 287 865 400 43487 0 0 0 moving 
3 800 288 863 401 43488 0 0 1 moving 
3 785 289 861 402 43489 0 0 1 moving 
3 770 290 859 403 43490 0 0 0 moving 
3 764 293 846 406 43491 0 0 1 moving 
3 759 296 834 409 43492 0 0 1 moving 
3 754 299 821 412 43493 0 0 1 moving 
3 749 302 809 415 43494 0 0 1 moving 
4 951 331 1015 385 43475 0 0 0 moving 
4 952 329 1013 383 43476 0 0 1 falling 
4 953 328 1012 381 43477 0 0 1 falling 
4 954 327 1011 380 43478 0 0 0 falling 
4 953 328 1011 381 43479 0 0 1 falling 
4 953 330 1011 383 43480 0 0 1 falling 
4 953 332 1011 385 43481 0 0 0 falling 
4 950 334 1012 386 43482 0 0 1 falling 
4 947 337 1013 387 43483 0 0 1 falling 
4 945 340 1014 388 43484 0 0 0 falling 
4 942 338 1013 388 43485 0 0 1 falling 
4 939 336 1012 388 43486 0 0 1 falling 
4 937 335 1011 388 43487 0 0 0 falling 
4 934 333 1006 389 43488 0 0 1 falling 
4 931 331 1002 391 43489 0 0 1 falling 
4 929 329 998 393 43490 0 0 0 falling 
4 926 329 996 393 43491 0 0 1 falling 
4 923 330 995 393 43492 0 0 1 falling 
4 920 331 994 394 43493 0 0 0 falling 
4 920 331 994 394 43494 0 0 1 falling 
5 937 375 1019 503 43475 0 0 0 falling 
5 935 374 1012 503 43476 0 0 1 standing 
5 933 374 1006 503 43477 0 0 1 standing 
5 932 374 1000 503 43478 0 0 0 standing 
5 930 373 990 501 43479 0 0 1 standing 
5 928 372 980 500 43480 0 0 1 standing 
5 926 371 970 499 43481 0 0 0 standing 
5 919 371 966 499 43482 0 0 1 standing 
5 912 372 962 500 43483 0 0 1 standing 
5 905 373 959 501 43484 0 0 0 standing 
5 897 373 956 501 43485 0 0 1 standing 
5 890 373 954 501 43486 0 0 1 standing 
5 883 373 952 501 43487 0 0 0 standing 
5 884 372 946 500 43488 0 0 1 standing 
5 885 371 941 499 43489 0 0 1 standing 
5 886 370 936 498 43490 0 0 0 standing 
5 880 370 930 498 43491 0 0 1 standing 
5 874 370 924 498 43492 0 0 1 standing 
5 868 371 918 499 43493 0 0 1 standing 
5 862 371 912 499 43494 0 0 1 standing 
6 151 445 213 572 43475 0 0 0 standing 
6 158 444 220 571 43476 0 0 1 waiting 
6 165 443 227 570 43477 0 0 1 waiting 
6 173 443 235 570 43478 0 0 0 waiting 
6 178 439 240 568 43479 0 0 1 waiting 
6 183 435 246 566 43480 0 0 1 waiting 
6 189 431 252 564 43481 0 0 0 waiting 
6 192 428 252 560 43482 0 0 1 waiting 
6 196 426 253 556 43483 0 0 1 waiting 
6 200 424 254 553 43484 0 0 0 waiting 
6 205 421 259 548 43485 0 0 1 waiting 
6 210 418 264 544 43486 0 0 1 waiting 
6 215 416 269 540 43487 0 0 0 waiting 
6 217 417 277 537 43488 0 0 1 waiting 
6 219 418 285 535 43489 0 0 1 waiting 
6 222 420 294 533 43490 0 0 0 waiting 
6 222 421 295 532 43491 0 0 1 waiting 
6 223 423 296 531 43492 0 0 1 waiting 
6 224 425 297 530 43493 0 0 1 waiting 
6 225 427 298 529 43494 0 0 1 waiting 
7 159 335 217 453 43475 0 0 0 waiting 
7 160 336 218 454 43476 0 0 1 waiting 
7 161 337 219 455 43477 0 0 1 waiting 
7 162 338 220 456 43478 0 0 0 waiting 
7 160 339 219 456 43479 0 0 1 waiting 
7 158 341 219 456 43480 0 0 1 waiting 
7 157 343 219 456 43481 0 0 0 waiting 
7 158 342 220 455 43482 0 0 1 waiting 
7 160 342 222 455 43483 0 0 1 waiting 
7 162 342 224 455 43484 0 0 0 waiting 
7 162 342 224 455 43485 0 0 1 waiting 
7 163 342 225 455 43486 0 0 1 waiting 
7 164 342 226 455 43487 0 0 1 waiting 
7 164 342 227 455 43488 0 0 1 waiting 
7 165 342 228 455 43489 0 0 1 waiting 
7 166 343 229 456 43490 0 0 0 waiting 
7 165 343 228 455 43491 0 0 1 waiting 
7 164 344 227 455 43492 0 0 1 waiting 
7 163 345 226 455 43493 0 0 1 waiting 
7 162 346 225 455 43494 0 0 1 waiting 
8 277 300 324 400 43475 0 0 0 waiting 
8 277 297 324 397 43476 0 0 1 waiting 
8 277 295 324 394 43477 0 0 1 waiting 
8 277 293 324 392 43478 0 0 0 waiting 
8 276 292 324 391 43479 0 0 1 waiting 
8 275 292 324 391 43480 0 0 1 waiting 
8 275 292 324 391 43481 0 0 0 waiting 
8 273 291 322 390 43482 0 0 1 waiting 
8 272 291 321 390 43483 0 0 1 waiting 
8 271 291 320 390 43484 0 0 0 waiting 
8 270 291 318 388 43485 0 0 1 waiting 
8 269 291 317 386 43486 0 0 1 waiting 
8 268 291 316 385 43487 0 0 0 waiting 
8 269 290 317 384 43488 0 0 1 waiting 
8 270 290 318 384 43489 0 0 1 waiting 
8 271 290 319 384 43490 0 0 0 waiting 
8 269 291 318 384 43491 0 0 1 waiting 
8 268 293 317 384 43492 0 0 1 waiting 
8 267 295 316 384 43493 0 0 1 waiting 
8 266 297 315 384 43494 0 0 1 waiting 
9 544 391 596 537 43475 0 0 0 waiting 
9 544 392 597 538 43476 0 0 1 standing 
9 545 393 598 540 43477 0 0 1 standing 
9 546 394 599 542 43478 0 0 0 standing 
9 545 394 599 542 43479 0 0 1 standing 
9 545 395 599 542 43480 0 0 1 standing 
9 545 395 599 542 43481 0 0 1 standing 
9 545 396 599 542 43482 0 0 1 standing 
9 545 396 599 542 43483 0 0 1 standing 
9 545 397 599 542 43484 0 0 1 standing 
9 545 398 599 542 43485 0 0 1 standing 
9 545 398 599 542 43486 0 0 1 standing 
9 545 399 599 542 43487 0 0 1 standing 
9 545 399 599 542 43488 0 0 1 standing 
9 545 400 599 542 43489 0 0 1 standing 
9 545 401 599 543 43490 0 0 0 standing 
9 544 403 598 543 43491 0 0 1 standing 
9 544 405 598 544 43492 0 0 1 standing 
9 544 408 597 545 43493 0 0 1 standing 
9 544 410 597 546 43494 0 0 1 standing 
10 536 307 585 438 43475 0 0 0 standing 
10 537 306 586 438 43476 0 0 1 standing 
10 538 306 587 438 43477 0 0 1 standing 
10 539 306 588 438 43478 0 0 1 standing 
10 540 305 589 438 43479 0 0 1 standing 
10 541 305 590 438 43480 0 0 1 standing 
10 543 305 592 438 43481 0 0 0 standing 
10 542 305 591 438 43482 0 0 1 standing 
10 541 305 590 438 43483 0 0 1 standing 
10 540 306 589 439 43484 0 0 0 standing 
10 538 307 587 440 43485 0 0 1 standing 
10 537 308 586 441 43486 0 0 1 standing 
10 536 309 585 443 43487 0 0 0 standing 
10 535 311 584 445 43488 0 0 1 standing 
10 534 314 583 448 43489 0 0 1 standing 
10 534 317 583 451 43490 0 0 0 standing 
10 534 319 582 452 43491 0 0 1 standing 
10 534 322 581 453 43492 0 0 1 standing 
10 535 325 580 455 43493 0 0 1 standing 
10 535 328 579 456 43494 0 0 1 standing 
11 551 270 588 400 43475 0 0 0 standing 
11 552 266 589 390 43476 0 0 1 standing 
11 553 262 590 381 43477 0 0 1 standing 
11 554 258 592 372 43478 0 0 0 standing 
11 553 256 591 372 43479 0 0 1 standing 
11 552 254 590 372 43480 0 0 1 standing 
11 552 253 590 372 43481 0 0 0 standing 
11 552 253 590 372 43482 0 0 1 standing 
11 552 254 590 373 43483 0 0 1 standing 
11 552 254 590 373 43484 0 0 1 standing 
11 552 255 590 374 43485 0 0 1 standing 
11 552 255 590 374 43486 0 0 1 standing 
11 553 256 591 375 43487 0 0 0 standing 
11 553 257 591 376 43488 0 0 1 standing 
11 553 258 591 377 43489 0 0 1 standing 
11 554 259 592 378 43490 0 0 0 standing 
11 554 259 592 373 43491 0 0 1 standing 
11 554 259 593 368 43492 0 0 1 standing 
11 555 259 593 363 43493 0 0 1 standing 
11 555 259 594 358 43494 0 0 1 standing 
