0 241 423 296 545 50545 0 0 0 standing 
0 243 427 298 548 50546 0 0 1 standing 
0 246 432 300 552 50547 0 0 1 standing 
0 248 437 302 555 50548 0 0 1 standing 
0 251 442 305 559 50549 0 0 0 standing 
0 253 443 307 561 50550 0 0 1 standing 
0 255 445 309 564 50551 0 0 1 standing 
0 257 447 311 567 50552 0 0 1 standing 
0 259 449 313 570 50553 0 0 0 standing 
0 260 447 313 569 50554 0 0 1 standing 
0 261 446 313 568 50555 0 0 1 standing 
0 262 445 313 567 50556 0 0 1 standing 
0 263 444 314 566 50557 0 0 1 standing 
0 264 443 314 565 50558 0 0 1 standing 
0 265 442 314 564 50559 0 0 1 standing 
0 266 440 314 563 50560 0 0 1 standing 
0 267 439 315 562 50561 0 0 1 standing 
0 268 438 315 561 50562 0 0 1 standing 
0 269 437 315 560 50563 0 0 1 standing 
0 270 436 315 559 50564 0 0 1 standing 
1 419 420 493 471 50545 0 0 0 standing 
1 416 421 490 471 50546 0 0 1 falling 
1 413 422 487 471 50547 0 0 1 falling 
1 410 423 484 471 50548 0 0 1 falling 
1 407 425 481 471 50549 0 0 1 falling 
1 405 426 478 471 50550 0 0 1 falling 
1 402 427 475 471 50551 0 0 1 falling 
1 399 429 472 471 50552 0 0 1 falling 
1 396 430 469 471 50553 0 0 1 falling 
1 393 431 466 471 50554 0 0 1 falling 
1 391 433 464 471 50555 0 0 0 falling 
1 389 432 463 470 50556 0 0 1 falling 
1 388 431 463 469 50557 0 0 1 falling 
1 386 430 462 468 50558 0 0 1 falling 
1 385 429 462 468 50559 0 0 1 falling 
1 383 428 461 467 50560 0 0 1 falling 
1 382 427 461 466 50561 0 0 1 falling 
1 380 426 460 466 50562 0 0 1 falling 
1 379 425 460 465 50563 0 0 1 falling 
1 377 424 459 464 50564 0 0 1 falling 
2 617 383 674 488 50545 0 0 0 falling 
2 613 384 668 490 50546 0 0 1 standing 
2 609 385 662 492 50547 0 0 1 standing 
2 605 386 656 494 50548 0 0 0 standing 
2 602 385 652 495 50549 0 0 1 standing 
2 599 385 649 496 50550 0 0 1 standing 
2 596 384 646 497 50551 0 0 1 standing 
2 594 384 643 498 50552 0 0 1 standing 
2 591 383 640 499 50553 0 0 1 standing 
2 588 383 637 500 50554 0 0 1 standing 
2 586 383 634 502 50555 0 0 0 standing 
2 585 383 633 502 50556 0 0 1 standing 
2 585 383 632 503 50557 0 0 1 standing 
2 585 383 631 504 50558 0 0 1 standing 
2 585 384 631 505 50559 0 0 1 standing 
2 585 384 630 506 50560 0 0 1 standing 
2 585 384 629 506 50561 0 0 1 standing 
2 585 385 629 507 50562 0 0 1 standing 
2 585 385 628 508 50563 0 0 1 standing 
2 585 385 627 509 50564 0 0 1 standing 
3 611 537 697 594 50545 0 0 0 standing 
3 610 535 696 592 50546 0 0 1 falling 
3 610 534 696 591 50547 0 0 1 falling 
3 610 533 696 590 50548 0 0 1 falling 
3 610 532 696 589 50549 0 0 1 falling 
3 610 531 696 588 50550 0 0 1 falling 
3 610 530 696 587 50551 0 0 1 falling 
3 610 529 696 586 50552 0 0 1 falling 
3 610 528 696 585 50553 0 0 1 falling 
3 610 527 696 584 50554 0 0 1 falling 
3 610 526 696 583 50555 0 0 0 falling 
3 610 525 696 583 50556 0 0 1 falling 
3 610 525 696 584 50557 0 0 1 falling 
3 610 524 696 584 50558 0 0 1 falling 
3 610 524 696 585 50559 0 0 1 falling 
3 610 523 696 585 50560 0 0 1 falling 
3 610 523 696 586 50561 0 0 1 falling 
3 610 522 696 586 50562 0 0 1 falling 
3 610 522 696 587 50563 0 0 1 falling 
3 610 521 696 587 50564 0 0 1 falling 
4 766 408 805 536 50545 0 0 0 falling 
4 765 408 804 536 50546 0 0 1 standing 
4 765 408 804 536 50547 0 0 1 standing 
4 765 408 804 536 50548 0 0 1 standing 
4 765 408 804 536 50549 0 0 1 standing 
4 765 408 804 536 50550 0 0 1 standing 
4 765 409 804 537 50551 0 0 0 standing 
4 767 409 806 537 50552 0 0 1 standing 
4 769 410 808 538 50553 0 0 1 standing 
4 771 410 810 538 50554 0 0 1 standing 
4 774 411 813 539 50555 0 0 0 standing 
4 778 411 817 539 50556 0 0 1 standing 
4 782 411 821 539 50557 0 0 1 standing 
4 786 411 825 539 50558 0 0 0 standing 
4 789 411 828 539 50559 0 0 1 standing 
4 792 411 831 539 50560 0 0 1 standing 
4 795 411 834 539 50561 0 0 1 standing 
4 799 411 838 539 50562 0 0 1 standing 
4 802 411 841 539 50563 0 0 1 standing 
4 805 411 844 539 50564 0 0 1 standing 
5 885 422 923 552 50545 0 0 0 standing 
5 883 422 921 552 50546 0 0 1 standing 
5 881 423 920 552 50547 0 0 1 standing 
5 879 423 918 553 50548 0 0 1 standing 
5 877 424 917 553 50549 0 0 1 standing 
5 876 424 916 554 50550 0 0 1 standing 
5 874 425 914 554 50551 0 0 1 standing 
5 872 425 913 554 50552 0 0 1 standing 
5 870 426 911 555 50553 0 0 1 standing 
5 868 426 910 555 50554 0 0 1 standing 
5 867 427 909 556 50555 0 0 0 standing 
5 863 426 905 555 50556 0 0 1 standing 
5 860 426 902 555 50557 0 0 1 standing 
5 857 426 899 555 50558 0 0 1 standing 
5 854 425 896 554 50559 0 0 1 standing 
5 851 425 893 554 50560 0 0 1 standing 
5 847 425 889 554 50561 0 0 1 standing 
5 844 424 886 553 50562 0 0 1 standing 
5 841 424 883 553 50563 0 0 1 standing 
5 838 424 880 553 50564 0 0 1 standing 
6 1002 425 1037 547 50545 0 0 0 standing 
6 1001 426 1037 549 50546 0 0 1 standing 
6 1000 428 1038 551 50547 0 0 1 standing 
6 1000 429 1038 554 50548 0 0 1 standing 
6 999 431 1039 556 50549 0 0 1 standing 
6 999 433 1040 559 50550 0 0 0 standing 
6 998 434 1040 561 50551 0 0 1 standing 
6 998 436 1041 563 50552 0 0 1 standing 
6 998 437 1042 566 50553 0 0 1 standing 
6 998 439 1043 568 50554 0 0 1 standing 
6 998 441 1044 571 50555 0 0 0 standing 
6 1001 442 1047 572 50556 0 0 1 standing 
6 1004 444 1050 574 50557 0 0 1 standing 
6 1007 446 1053 576 50558 0 0 1 standing 
6 1010 448 1056 578 50559 0 0 1 standing 
6 1014 450 1060 580 50560 0 0 1 standing 
6 1017 451 1063 581 50561 0 0 1 standing 
6 1020 453 1066 583 50562 0 0 1 standing 
6 1023 455 1069 585 50563 0 0 1 standing 
6 1026 457 1072 587 50564 0 0 1 standing 
7 1039 434 1089 563 50545 0 0 0 standing 
7 1040 434 1090 563 50546 0 0 1 standing 
7 1041 434 1091 563 50547 0 0 1 standing 
7 1042 435 1092 564 50548 0 0 1 standing 
7 1044 435 1094 564 50549 0 0 1 standing 
7 1045 436 1095 565 50550 0 0 1 standing 
7 1046 436 1096 565 50551 0 0 1 standing 
7 1048 436 1098 565 50552 0 0 1 standing 
7 1049 437 1099 566 50553 0 0 1 standing 
7 1050 437 1100 566 50554 0 0 1 standing 
7 1052 438 1102 567 50555 0 0 0 standing 
7 1052 437 1102 566 50556 0 0 1 standing 
7 1053 437 1103 566 50557 0 0 1 standing 
7 1054 437 1104 566 50558 0 0 1 standing 
7 1055 437 1105 566 50559 0 0 0 standing 
7 1052 437 1102 566 50560 0 0 1 standing 
7 1049 437 1099 566 50561 0 0 1 standing 
7 1046 437 1096 566 50562 0 0 1 standing 
7 1043 437 1093 566 50563 0 0 1 standing 
7 1040 437 1090 566 50564 0 0 1 standing 
8 200 486 259 631 50545 0 1 0 standing 
8 201 487 260 633 50546 0 1 1 digging 
8 202 489 261 635 50547 0 1 1 digging 
8 203 490 263 637 50548 0 1 1 digging 
8 204 492 264 639 50549 0 1 1 digging 
8 205 494 266 641 50550 0 1 0 digging 
8 206 491 265 640 50551 0 1 1 digging 
8 208 488 265 640 50552 0 1 1 digging 
8 209 486 265 639 50553 0 1 1 digging 
8 211 483 265 639 50554 0 1 1 digging 
8 213 481 265 639 50555 0 1 0 digging 
8 215 477 267 635 50556 0 1 1 digging 
8 217 474 269 632 50557 0 1 1 digging 
8 219 471 271 629 50558 0 1 1 digging 
8 221 468 273 626 50559 0 1 0 digging 
8 219 449 285 623 50560 0 1 1 digging 
8 218 430 297 620 50561 0 1 1 digging 
8 217 412 310 617 50562 0 1 0 digging 
8 221 415 309 617 50563 0 1 1 digging 
8 225 418 309 618 50564 0 1 1 digging 
9 607 487 713 545 50545 0 0 0 digging 
9 599 494 705 550 50546 0 0 1 falling 
9 592 502 697 555 50547 0 0 1 falling 
9 584 509 690 560 50548 0 0 1 falling 
9 577 517 682 565 50549 0 0 1 falling 
9 570 525 675 571 50550 0 0 0 falling 
9 564 526 669 572 50551 0 0 1 falling 
9 558 527 663 574 50552 0 0 1 falling 
9 552 528 657 575 50553 0 0 1 falling 
9 546 530 651 577 50554 0 0 0 falling 
9 544 528 649 577 50555 0 0 1 falling 
9 543 527 648 577 50556 0 0 1 falling 
9 542 525 647 577 50557 0 0 1 falling 
9 541 524 645 577 50558 0 0 1 falling 
9 540 523 644 577 50559 0 0 1 falling 
9 539 521 643 577 50560 0 0 1 falling 
9 538 520 642 577 50561 0 0 1 falling 
9 537 519 640 577 50562 0 0 1 falling 
9 536 517 639 577 50563 0 0 1 falling 
9 535 516 638 577 50564 0 0 1 falling 
10 794 434 842 579 50545 0 0 0 falling 
10 791 435 839 579 50546 0 0 1 standing 
10 789 436 837 580 50547 0 0 1 standing 
10 787 437 834 580 50548 0 0 1 standing 
10 785 438 832 581 50549 0 0 1 standing 
10 783 439 830 582 50550 0 0 0 standing 
10 783 440 830 582 50551 0 0 1 standing 
10 783 441 830 583 50552 0 0 1 standing 
10 783 442 830 583 50553 0 0 1 standing 
10 784 443 831 584 50554 0 0 0 standing 
10 785 442 832 584 50555 0 0 1 standing 
10 787 442 834 585 50556 0 0 1 standing 
10 789 442 835 585 50557 0 0 1 standing 
10 790 442 837 586 50558 0 0 1 standing 
10 792 442 839 586 50559 0 0 1 standing 
10 794 442 840 587 50560 0 0 1 standing 
10 796 442 842 587 50561 0 0 1 standing 
10 797 442 844 588 50562 0 0 1 standing 
10 799 442 845 588 50563 0 0 1 standing 
10 801 442 847 589 50564 0 0 1 standing 
11 768 472 818 630 50545 0 0 0 standing 
11 765 474 816 631 50546 0 0 1 standing 
11 762 476 814 632 50547 0 0 1 standing 
11 760 478 812 634 50548 0 0 1 standing 
11 757 480 810 635 50549 0 0 1 standing 
11 755 483 809 637 50550 0 0 0 standing 
11 757 483 810 638 50551 0 0 1 standing 
11 759 483 811 639 50552 0 0 1 standing 
11 761 483 813 640 50553 0 0 1 standing 
11 763 483 814 641 50554 0 0 1 standing 
11 766 484 816 642 50555 0 0 0 standing 
11 770 483 821 643 50556 0 0 1 standing 
11 774 483 826 644 50557 0 0 1 standing 
11 778 483 831 645 50558 0 0 1 standing 
11 782 483 836 646 50559 0 0 1 standing 
11 786 483 841 647 50560 0 0 1 standing 
11 791 483 846 648 50561 0 0 0 standing 
11 796 483 852 649 50562 0 0 1 standing 
11 802 484 859 650 50563 0 0 1 standing 
11 808 484 865 651 50564 0 0 1 standing 
