0 520 615 599 740 37475 0 1 0 standing 
0 525 614 603 740 37476 0 1 1 standing 
0 530 613 608 740 37477 0 1 1 standing 
0 535 612 613 740 37478 0 1 1 standing 
0 540 611 618 740 37479 0 1 1 standing 
0 545 610 623 740 37480 0 1 1 standing 
0 551 609 628 741 37481 0 1 0 standing 
0 553 608 632 742 37482 0 1 1 standing 
0 555 607 636 743 37483 0 1 1 standing 
0 557 606 640 744 37484 0 1 1 standing 
0 559 606 644 746 37485 0 1 0 standing 
0 565 605 649 745 37486 0 1 1 standing 
0 571 605 655 745 37487 0 1 1 standing 
0 578 605 661 745 37488 0 1 1 standing 
0 584 604 667 744 37489 0 1 1 standing 
0 591 604 673 744 37490 0 1 1 standing 
0 597 604 678 744 37491 0 1 1 standing 
0 603 603 684 743 37492 0 1 1 standing 
0 610 603 690 743 37493 0 1 1 standing 
0 616 603 696 743 37494 0 1 1 standing 
1 703 638 773 781 37475 0 1 0 standing 
1 703 637 773 780 37476 0 1 1 standing 
1 704 637 774 780 37477 0 1 1 standing 
1 705 637 775 780 37478 0 1 1 standing 
1 705 637 775 780 37479 0 1 1 standing 
1 706 637 776 780 37480 0 1 1 standing 
1 707 636 777 779 37481 0 1 1 standing 
1 707 636 777 779 37482 0 1 1 standing 
1 708 636 778 779 37483 0 1 1 standing 
1 709 636 779 779 37484 0 1 1 standing 
1 710 636 780 779 37485 0 1 0 standing 
1 711 634 780 776 37486 0 1 1 standing 
1 712 632 780 774 37487 0 1 1 standing 
1 713 630 781 772 37488 0 1 1 standing 
1 715 628 781 770 37489 0 1 1 standing 
1 716 626 782 768 37490 0 1 1 standing 
1 717 624 782 766 37491 0 1 1 standing 
1 719 622 782 764 37492 0 1 1 standing 
1 720 620 783 762 37493 0 1 1 standing 
1 721 618 783 760 37494 0 1 1 standing 
2 723 571 780 697 37475 0 1 0 standing 
2 724 571 781 697 37476 0 1 1 standing 
2 726 572 783 698 37477 0 1 1 standing 
2 727 573 784 699 37478 0 1 1 standing 
2 729 573 786 699 37479 0 1 1 standing 
2 730 574 787 700 37480 0 1 1 standing 
2 732 575 789 701 37481 0 1 1 standing 
2 733 575 790 701 37482 0 1 1 standing 
2 735 576 792 702 37483 0 1 1 standing 
2 736 577 793 703 37484 0 1 1 standing 
2 738 578 795 704 37485 0 1 0 standing 
2 736 578 794 704 37486 0 1 1 standing 
2 735 579 793 705 37487 0 1 1 standing 
2 734 579 793 705 37488 0 1 1 standing 
2 733 580 792 706 37489 0 1 1 standing 
2 732 580 792 707 37490 0 1 1 standing 
2 730 581 791 707 37491 0 1 1 standing 
2 729 581 790 708 37492 0 1 1 standing 
2 728 582 790 708 37493 0 1 1 standing 
2 727 582 789 709 37494 0 1 1 standing 
3 851 625 913 782 37475 0 1 0 standing 
3 848 624 910 781 37476 0 1 1 standing 
3 845 624 907 781 37477 0 1 1 standing 
3 842 623 904 780 37478 0 1 1 standing 
3 839 623 901 780 37479 0 1 1 standing 
3 837 622 899 779 37480 0 1 1 standing 
3 834 622 896 779 37481 0 1 1 standing 
3 831 621 893 778 37482 0 1 1 standing 
3 828 621 890 778 37483 0 1 1 standing 
3 825 620 887 777 37484 0 1 1 standing 
3 823 620 885 777 37485 0 1 0 standing 
3 821 618 883 775 37486 0 1 1 standing 
3 820 617 881 773 37487 0 1 1 standing 
3 819 616 880 771 37488 0 1 1 standing 
3 817 615 878 769 37489 0 1 1 standing 
3 816 614 877 767 37490 0 1 1 standing 
3 815 613 875 765 37491 0 1 1 standing 
3 813 612 873 763 37492 0 1 1 standing 
3 812 611 872 761 37493 0 1 1 standing 
3 811 610 870 759 37494 0 1 1 standing 
4 832 556 906 679 37475 0 1 0 standing 
4 829 556 903 679 37476 0 1 1 standing 
4 826 557 900 680 37477 0 1 1 standing 
4 823 558 897 681 37478 0 1 1 standing 
4 820 559 894 682 37479 0 1 1 standing 
4 817 560 891 683 37480 0 1 1 standing 
4 814 561 888 684 37481 0 1 1 standing 
4 811 562 885 685 37482 0 1 1 standing 
4 808 563 882 686 37483 0 1 1 standing 
4 805 564 879 687 37484 0 1 1 standing 
4 803 565 877 688 37485 0 1 0 standing 
4 800 565 876 689 37486 0 1 1 standing 
4 797 566 875 691 37487 0 1 1 standing 
4 795 566 874 692 37488 0 1 1 standing 
4 792 567 873 694 37489 0 1 1 standing 
4 790 568 873 695 37490 0 1 1 standing 
4 787 568 872 697 37491 0 1 1 standing 
4 784 569 871 698 37492 0 1 1 standing 
4 782 569 870 700 37493 0 1 1 standing 
4 779 570 869 701 37494 0 1 1 standing 
5 839 585 913 718 37475 0 1 0 standing 
5 838 584 911 717 37476 0 1 1 standing 
5 838 583 909 716 37477 0 1 1 standing 
5 837 583 907 715 37478 0 1 1 standing 
5 837 582 905 714 37479 0 1 1 standing 
5 837 582 904 713 37480 0 1 1 standing 
5 836 581 902 712 37481 0 1 1 standing 
5 836 580 900 711 37482 0 1 1 standing 
5 835 580 898 710 37483 0 1 1 standing 
5 835 579 896 709 37484 0 1 1 standing 
5 835 579 895 709 37485 0 1 0 standing 
5 833 579 891 708 37486 0 1 1 standing 
5 831 579 888 708 37487 0 1 1 standing 
5 829 579 885 708 37488 0 1 1 standing 
5 827 579 881 708 37489 0 1 1 standing 
5 825 579 878 708 37490 0 1 1 standing 
5 823 579 875 708 37491 0 1 1 standing 
5 821 579 871 708 37492 0 1 1 standing 
5 819 579 868 708 37493 0 1 1 standing 
5 817 579 865 708 37494 0 1 1 standing 
6 992 622 1049 778 37475 0 0 0 standing 
6 993 621 1051 777 37476 0 0 1 standing 
6 994 620 1053 776 37477 0 0 1 standing 
6 996 620 1055 775 37478 0 0 0 standing 
6 996 619 1054 774 37479 0 0 1 standing 
6 996 619 1053 773 37480 0 0 1 standing 
6 997 619 1053 773 37481 0 0 0 standing 
6 999 620 1055 773 37482 0 0 1 standing 
6 1002 621 1057 774 37483 0 0 1 standing 
6 1005 622 1059 775 37484 0 0 0 standing 
6 1005 621 1059 774 37485 0 0 1 standing 
6 1005 621 1060 774 37486 0 0 1 standing 
6 1006 621 1061 774 37487 0 0 1 standing 
6 1006 620 1061 774 37488 0 0 1 standing 
6 1006 620 1062 774 37489 0 0 1 standing 
6 1007 620 1063 774 37490 0 0 0 standing 
6 1008 620 1064 773 37491 0 0 1 standing 
6 1009 620 1066 773 37492 0 0 1 standing 
6 1010 621 1068 773 37493 0 0 1 standing 
6 1012 621 1070 773 37494 0 0 1 standing 
7 1051 531 1108 650 37475 0 0 0 standing 
7 1051 528 1109 650 37476 0 0 1 standing 
7 1051 525 1111 650 37477 0 0 1 standing 
7 1052 522 1113 651 37478 0 0 0 standing 
7 1049 519 1110 651 37479 0 0 1 standing 
7 1046 516 1107 651 37480 0 0 1 standing 
7 1044 514 1104 652 37481 0 0 0 standing 
7 1036 514 1100 651 37482 0 0 1 standing 
7 1028 514 1097 651 37483 0 0 1 standing 
7 1020 514 1094 651 37484 0 0 0 standing 
7 1010 514 1094 650 37485 0 0 1 standing 
7 1000 514 1094 650 37486 0 0 1 standing 
7 990 514 1094 650 37487 0 0 0 standing 
7 989 517 1092 651 37488 0 0 1 standing 
7 988 521 1090 652 37489 0 0 1 standing 
7 987 525 1088 653 37490 0 0 0 standing 
7 986 524 1083 652 37491 0 0 1 standing 
7 985 524 1079 651 37492 0 0 1 standing 
7 984 524 1075 650 37493 0 0 1 standing 
7 984 524 1071 649 37494 0 0 1 standing 
8 1088 599 1131 741 37475 0 0 0 standing 
8 1088 598 1138 740 37476 0 0 1 standing 
8 1088 598 1145 739 37477 0 0 1 standing 
8 1089 598 1153 739 37478 0 0 0 standing 
8 1089 597 1157 738 37479 0 0 1 standing 
8 1089 596 1161 738 37480 0 0 1 standing 
8 1089 596 1165 738 37481 0 0 0 standing 
8 1091 596 1166 737 37482 0 0 1 standing 
8 1093 596 1167 737 37483 0 0 1 standing 
8 1095 596 1168 737 37484 0 0 0 standing 
8 1098 595 1168 736 37485 0 0 1 standing 
8 1101 595 1168 735 37486 0 0 1 standing 
8 1105 595 1168 735 37487 0 0 0 standing 
8 1111 595 1168 734 37488 0 0 1 standing 
8 1117 595 1169 734 37489 0 0 1 standing 
8 1123 595 1170 734 37490 0 0 0 standing 
8 1125 594 1172 734 37491 0 0 1 standing 
8 1127 594 1175 734 37492 0 0 1 standing 
8 1129 594 1177 734 37493 0 0 1 standing 
8 1132 593 1180 734 37494 0 0 1 standing 
9 1145 677 1208 845 37475 0 0 0 standing 
9 1148 675 1209 842 37476 0 0 1 standing 
9 1151 673 1211 840 37477 0 0 1 standing 
9 1154 671 1213 838 37478 0 0 0 standing 
9 1160 670 1215 835 37479 0 0 1 standing 
9 1166 669 1217 832 37480 0 0 1 standing 
9 1173 668 1219 830 37481 0 0 0 standing 
9 1174 666 1223 828 37482 0 0 1 standing 
9 1175 665 1228 826 37483 0 0 1 standing 
9 1177 664 1233 825 37484 0 0 0 standing 
9 1177 665 1242 825 37485 0 0 1 standing 
9 1178 666 1251 825 37486 0 0 1 standing 
9 1179 668 1260 826 37487 0 0 0 standing 
9 1179 667 1262 825 37488 0 0 1 standing 
9 1180 666 1264 824 37489 0 0 1 standing 
9 1181 666 1267 823 37490 0 0 0 standing 
9 1186 665 1269 822 37491 0 0 1 standing 
9 1192 664 1271 821 37492 0 0 1 standing 
9 1198 663 1273 820 37493 0 0 1 standing 
9 1203 663 1276 819 37494 0 0 1 standing 
10 1219 611 1267 756 37475 0 0 0 standing 
10 1219 611 1267 756 37476 0 0 1 standing 
10 1219 611 1267 756 37477 0 0 1 standing 
10 1220 611 1268 756 37478 0 0 0 standing 
10 1219 610 1269 754 37479 0 0 1 standing 
10 1218 609 1270 752 37480 0 0 1 standing 
10 1218 608 1271 751 37481 0 0 0 standing 
10 1217 608 1273 751 37482 0 0 1 standing 
10 1217 609 1276 751 37483 0 0 1 standing 
10 1217 610 1279 752 37484 0 0 0 standing 
10 1217 610 1281 753 37485 0 0 1 standing 
10 1218 610 1283 754 37486 0 0 1 standing 
10 1219 610 1285 756 37487 0 0 0 standing 
10 1220 610 1286 756 37488 0 0 1 standing 
10 1221 610 1287 756 37489 0 0 1 standing 
10 1223 611 1289 757 37490 0 0 0 standing 
10 1226 610 1290 757 37491 0 0 1 standing 
10 1229 610 1292 757 37492 0 0 1 standing 
10 1233 610 1294 757 37493 0 0 1 standing 
10 1236 610 1295 757 37494 0 0 1 standing 
11 1394 570 1462 699 37475 0 0 0 standing 
11 1391 569 1455 698 37476 0 0 1 standing 
11 1388 569 1449 698 37477 0 0 1 standing 
11 1385 569 1443 698 37478 0 0 0 standing 
11 1381 569 1438 699 37479 0 0 1 standing 
11 1377 569 1433 701 37480 0 0 1 standing 
11 1373 569 1428 703 37481 0 0 0 standing 
11 1370 569 1426 704 37482 0 0 1 standing 
11 1368 570 1424 705 37483 0 0 1 standing 
11 1366 571 1423 706 37484 0 0 0 standing 
11 1363 572 1421 707 37485 0 0 1 standing 
11 1360 573 1420 708 37486 0 0 1 standing 
11 1357 575 1419 709 37487 0 0 0 standing 
11 1354 575 1415 709 37488 0 0 1 standing 
11 1351 575 1411 709 37489 0 0 1 standing 
11 1349 576 1407 709 37490 0 0 0 standing 
11 1344 575 1403 708 37491 0 0 1 standing 
11 1340 575 1399 708 37492 0 0 1 standing 
11 1336 575 1395 708 37493 0 0 1 standing 
11 1332 575 1392 707 37494 0 0 1 standing 
