0 540 301 623 414 79960 0 1 0 spiking 
0 536 298 614 416 79961 0 1 1 spiking 
0 532 296 605 418 79962 0 1 1 spiking 
0 528 293 596 420 79963 0 1 1 spiking 
0 524 291 587 422 79964 0 1 1 spiking 
0 520 289 579 425 79965 0 1 0 spiking 
0 511 295 571 429 79966 0 1 1 spiking 
0 503 302 564 433 79967 0 1 1 spiking 
0 494 308 556 437 79968 0 1 1 spiking 
0 486 315 549 441 79969 0 1 1 spiking 
0 478 322 542 446 79970 0 1 0 spiking 
0 465 326 531 450 79971 0 1 1 spiking 
0 453 331 520 455 79972 0 1 1 spiking 
0 441 336 510 460 79973 0 1 1 spiking 
0 429 341 499 465 79974 0 1 1 spiking 
0 417 345 488 470 79975 0 1 1 spiking 
0 405 350 478 475 79976 0 1 1 spiking 
0 393 355 467 480 79977 0 1 1 spiking 
0 381 360 457 485 79978 0 1 0 spiking 
0 378 360 453 485 79979 0 1 1 spiking 
1 683 324 725 483 79960 0 1 0 spiking 
1 672 321 716 480 79961 0 1 1 blocking 
1 662 318 708 478 79962 0 1 1 blocking 
1 652 316 700 476 79963 0 1 1 blocking 
1 642 313 692 473 79964 0 1 1 blocking 
1 632 311 684 471 79965 0 1 1 blocking 
1 621 308 676 469 79966 0 1 1 blocking 
1 611 305 668 466 79967 0 1 1 blocking 
1 601 303 660 464 79968 0 1 1 blocking 
1 591 300 652 462 79969 0 1 1 blocking 
1 581 298 644 460 79970 0 1 0 blocking 
1 569 305 632 463 79971 0 1 1 blocking 
1 557 313 620 467 79972 0 1 1 blocking 
1 545 320 608 470 79973 0 1 1 blocking 
1 533 328 596 474 79974 0 1 1 blocking 
1 521 336 584 477 79975 0 1 1 blocking 
1 509 343 572 481 79976 0 1 1 blocking 
1 497 351 560 484 79977 0 1 1 blocking 
1 485 358 548 488 79978 0 1 1 blocking 
1 473 366 536 491 79979 0 1 1 blocking 
2 686 317 734 480 79960 0 1 0 blocking 
2 676 314 724 477 79961 0 1 1 blocking 
2 667 312 715 475 79962 0 1 1 blocking 
2 657 309 705 473 79963 0 1 1 blocking 
2 648 307 696 470 79964 0 1 1 blocking 
2 639 305 687 468 79965 0 1 1 blocking 
2 629 302 677 466 79966 0 1 1 blocking 
2 620 300 668 463 79967 0 1 1 blocking 
2 610 297 658 461 79968 0 1 1 blocking 
2 601 295 649 459 79969 0 1 1 blocking 
2 592 293 640 457 79970 0 1 0 blocking 
2 579 297 627 461 79971 0 1 1 blocking 
2 566 301 614 465 79972 0 1 1 blocking 
2 554 305 602 469 79973 0 1 1 blocking 
2 541 309 589 473 79974 0 1 1 blocking 
2 529 313 577 477 79975 0 1 1 blocking 
2 516 317 564 481 79976 0 1 1 blocking 
2 503 321 551 485 79977 0 1 1 blocking 
2 491 325 539 489 79978 0 1 1 blocking 
2 478 329 526 493 79979 0 1 1 blocking 
3 687 297 740 476 79960 0 1 0 blocking 
3 676 294 729 473 79961 0 1 1 blocking 
3 666 292 719 471 79962 0 1 1 blocking 
3 655 290 708 469 79963 0 1 1 blocking 
3 645 287 698 467 79964 0 1 1 blocking 
3 635 285 688 465 79965 0 1 1 blocking 
3 624 283 677 462 79966 0 1 1 blocking 
3 614 280 667 460 79967 0 1 1 blocking 
3 603 278 656 458 79968 0 1 1 blocking 
3 593 276 646 456 79969 0 1 1 blocking 
3 583 274 636 454 79970 0 1 0 blocking 
3 570 280 623 458 79971 0 1 1 blocking 
3 557 286 610 462 79972 0 1 1 blocking 
3 544 292 597 466 79973 0 1 1 blocking 
3 531 298 584 471 79974 0 1 1 blocking 
3 518 304 571 475 79975 0 1 1 blocking 
3 505 310 558 479 79976 0 1 1 blocking 
3 492 316 545 484 79977 0 1 1 blocking 
3 479 322 532 488 79978 0 1 1 blocking 
3 466 328 519 492 79979 0 1 1 blocking 
4 585 401 655 525 79960 0 0 0 blocking 
4 578 402 646 525 79961 0 0 1 standing 
4 571 403 637 525 79962 0 0 1 standing 
4 564 405 628 525 79963 0 0 0 standing 
4 554 406 619 525 79964 0 0 1 standing 
4 544 408 610 526 79965 0 0 1 standing 
4 534 410 602 527 79966 0 0 0 standing 
4 522 410 590 527 79967 0 0 1 standing 
4 511 410 579 527 79968 0 0 1 standing 
4 500 410 568 527 79969 0 0 0 standing 
4 487 410 555 527 79970 0 0 1 standing 
4 474 410 542 527 79971 0 0 1 standing 
4 461 410 529 527 79972 0 0 0 standing 
4 447 410 515 527 79973 0 0 1 standing 
4 433 410 501 527 79974 0 0 1 standing 
4 420 410 488 527 79975 0 0 0 standing 
4 406 408 475 528 79976 0 0 1 standing 
4 392 407 463 529 79977 0 0 1 standing 
4 378 406 451 530 79978 0 0 1 standing 
4 364 405 439 531 79979 0 0 1 standing 
5 517 414 567 532 79960 0 0 0 standing 
5 510 412 559 532 79961 0 0 1 standing 
5 503 410 552 533 79962 0 0 1 standing 
5 496 409 545 534 79963 0 0 0 standing 
5 485 409 535 534 79964 0 0 1 standing 
5 474 410 525 534 79965 0 0 1 standing 
5 464 411 515 535 79966 0 0 0 standing 
5 452 412 503 536 79967 0 0 1 standing 
5 441 413 492 537 79968 0 0 1 standing 
5 430 415 481 539 79969 0 0 0 standing 
5 415 417 467 538 79970 0 0 1 standing 
5 401 419 453 537 79971 0 0 1 standing 
5 387 422 440 536 79972 0 0 0 standing 
5 374 423 426 538 79973 0 0 1 standing 
5 361 424 413 540 79974 0 0 1 standing 
5 349 425 400 543 79975 0 0 0 standing 
5 337 424 388 543 79976 0 0 1 standing 
5 325 423 376 543 79977 0 0 1 standing 
5 313 423 364 544 79978 0 0 1 standing 
5 301 422 352 544 79979 0 0 1 standing 
6 431 458 499 592 79960 0 0 0 standing 
6 427 456 494 588 79961 0 0 1 standing 
6 423 454 489 585 79962 0 0 1 standing 
6 419 452 485 582 79963 0 0 0 standing 
6 413 452 481 582 79964 0 0 1 standing 
6 407 452 478 582 79965 0 0 1 standing 
6 402 453 475 582 79966 0 0 0 standing 
6 394 454 474 582 79967 0 0 1 standing 
6 386 455 474 582 79968 0 0 1 standing 
6 378 456 474 583 79969 0 0 0 standing 
6 367 458 460 583 79970 0 0 1 standing 
6 356 460 447 584 79971 0 0 1 standing 
6 346 462 434 585 79972 0 0 0 standing 
6 332 460 421 586 79973 0 0 1 standing 
6 319 458 408 587 79974 0 0 1 standing 
6 306 457 395 588 79975 0 0 0 standing 
6 292 456 381 588 79976 0 0 1 standing 
6 278 456 368 588 79977 0 0 1 standing 
6 265 456 354 589 79978 0 0 1 standing 
6 251 456 341 589 79979 0 0 1 standing 
7 485 369 530 492 79960 0 0 0 standing 
7 479 368 524 492 79961 0 0 1 standing 
7 473 367 518 492 79962 0 0 1 standing 
7 468 367 512 493 79963 0 0 0 standing 
7 457 366 501 492 79964 0 0 1 standing 
7 447 365 491 491 79965 0 0 1 standing 
7 437 364 481 490 79966 0 0 0 standing 
7 426 364 470 490 79967 0 0 1 standing 
7 416 364 460 490 79968 0 0 1 standing 
7 406 365 450 491 79969 0 0 0 standing 
7 394 367 438 493 79970 0 0 1 standing 
7 382 369 426 495 79971 0 0 1 standing 
7 370 371 414 497 79972 0 0 0 standing 
7 356 373 400 499 79973 0 0 1 standing 
7 343 376 387 502 79974 0 0 1 standing 
7 330 379 374 505 79975 0 0 0 standing 
7 316 379 360 505 79976 0 0 1 standing 
7 303 380 347 506 79977 0 0 1 standing 
7 289 380 334 506 79978 0 0 1 standing 
7 276 381 321 507 79979 0 0 1 standing 
8 326 385 390 513 79960 0 0 0 standing 
8 321 386 383 513 79961 0 0 1 standing 
8 316 387 376 513 79962 0 0 1 standing 
8 312 388 370 513 79963 0 0 0 standing 
8 305 390 362 514 79964 0 0 1 standing 
8 298 392 355 516 79965 0 0 1 standing 
8 292 394 348 518 79966 0 0 0 standing 
8 282 396 338 520 79967 0 0 1 standing 
8 272 398 328 522 79968 0 0 1 standing 
8 262 400 318 524 79969 0 0 0 standing 
8 250 402 305 526 79970 0 0 1 standing 
8 238 405 292 528 79971 0 0 1 standing 
8 226 408 279 530 79972 0 0 0 standing 
8 213 407 265 529 79973 0 0 1 standing 
8 201 406 251 528 79974 0 0 1 standing 
8 189 406 237 527 79975 0 0 0 standing 
8 176 404 223 527 79976 0 0 1 standing 
8 163 403 210 528 79977 0 0 1 standing 
8 150 401 196 529 79978 0 0 1 standing 
8 137 400 183 530 79979 0 0 1 standing 
9 1024 395 1075 507 79960 0 0 0 standing 
9 1017 395 1067 507 79961 0 0 1 waiting 
9 1010 396 1059 508 79962 0 0 1 waiting 
9 1003 397 1052 509 79963 0 0 0 waiting 
9 994 395 1044 507 79964 0 0 1 waiting 
9 985 393 1036 505 79965 0 0 1 waiting 
9 976 392 1028 503 79966 0 0 0 waiting 
9 964 395 1019 504 79967 0 0 1 waiting 
9 953 398 1011 505 79968 0 0 1 waiting 
9 942 401 1003 506 79969 0 0 0 waiting 
9 929 402 986 505 79970 0 0 1 waiting 
9 917 403 969 504 79971 0 0 1 waiting 
9 905 404 953 503 79972 0 0 0 waiting 
9 890 400 938 503 79973 0 0 1 waiting 
9 876 396 923 504 79974 0 0 1 waiting 
9 862 393 909 505 79975 0 0 0 waiting 
9 848 388 895 502 79976 0 0 1 waiting 
9 834 383 881 499 79977 0 0 1 waiting 
9 821 378 867 496 79978 0 0 1 waiting 
9 807 373 853 493 79979 0 0 1 waiting 
10 999 482 1073 618 79960 0 0 0 waiting 
10 992 480 1065 617 79961 0 0 1 standing 
10 985 478 1058 617 79962 0 0 1 standing 
10 979 476 1051 617 79963 0 0 0 standing 
10 969 474 1040 616 79964 0 0 1 standing 
10 960 472 1029 615 79965 0 0 1 standing 
10 951 471 1018 614 79966 0 0 0 standing 
10 940 472 1006 615 79967 0 0 1 standing 
10 930 473 995 616 79968 0 0 1 standing 
10 920 475 984 617 79969 0 0 0 standing 
10 907 473 971 616 79970 0 0 1 standing 
10 894 472 958 615 79971 0 0 1 standing 
10 881 471 945 614 79972 0 0 0 standing 
10 866 470 930 610 79973 0 0 1 standing 
10 851 469 915 607 79974 0 0 1 standing 
10 837 468 900 604 79975 0 0 0 standing 
10 820 468 886 602 79976 0 0 1 standing 
10 804 468 873 601 79977 0 0 1 standing 
10 787 468 859 599 79978 0 0 1 standing 
10 771 468 846 598 79979 0 0 1 standing 
11 1210 444 1277 567 79960 0 0 0 standing 
11 1215 444 1276 567 79961 0 0 1 standing 
11 1220 445 1275 567 79962 0 0 1 standing 
11 1225 446 1275 568 79963 0 0 0 standing 
11 1222 446 1275 572 79964 0 0 1 standing 
11 1219 446 1276 576 79965 0 0 1 standing 
11 1217 447 1277 581 79966 0 0 0 standing 
11 1211 450 1277 583 79967 0 0 1 standing 
11 1205 453 1277 585 79968 0 0 1 standing 
11 1199 457 1278 587 79969 0 0 0 standing 
11 1190 461 1272 585 79970 0 0 1 standing 
11 1181 465 1266 583 79971 0 0 1 standing 
11 1172 469 1260 581 79972 0 0 0 standing 
11 1161 467 1243 579 79973 0 0 1 standing 
11 1150 465 1227 578 79974 0 0 1 standing 
11 1139 464 1211 577 79975 0 0 0 standing 
11 1125 460 1196 572 79976 0 0 1 standing 
11 1111 457 1182 568 79977 0 0 1 standing 
11 1097 453 1167 563 79978 0 0 1 standing 
11 1083 450 1153 559 79979 0 0 1 standing 
