0 687 382 762 524 51885 0 1 0 setting 
0 692 375 768 522 51886 0 1 1 setting 
0 697 368 774 520 51887 0 1 1 setting 
0 703 362 780 519 51888 0 1 0 setting 
0 712 353 787 511 51889 0 1 1 setting 
0 721 345 794 503 51890 0 1 1 setting 
0 730 337 801 495 51891 0 1 1 setting 
0 739 329 808 487 51892 0 1 1 setting 
0 749 321 815 479 51893 0 1 0 setting 
0 756 324 822 481 51894 0 1 1 setting 
0 763 327 830 484 51895 0 1 1 setting 
0 770 330 838 487 51896 0 1 1 setting 
0 778 333 846 489 51897 0 1 1 setting 
0 785 336 854 492 51898 0 1 1 setting 
0 792 339 862 495 51899 0 1 1 setting 
0 800 342 870 498 51900 0 1 0 setting 
0 806 350 877 501 51901 0 1 1 setting 
0 813 358 884 504 51902 0 1 1 setting 
0 820 367 891 507 51903 0 1 1 setting 
0 827 375 898 510 51904 0 1 1 setting 
1 797 394 876 538 51885 0 1 0 setting 
1 791 392 875 537 51886 0 1 1 standing 
1 786 390 874 537 51887 0 1 1 standing 
1 781 389 874 537 51888 0 1 0 standing 
1 777 389 868 539 51889 0 1 1 standing 
1 773 390 862 541 51890 0 1 1 standing 
1 769 391 856 543 51891 0 1 1 standing 
1 765 391 850 546 51892 0 1 1 standing 
1 761 392 844 548 51893 0 1 1 standing 
1 757 393 838 550 51894 0 1 1 standing 
1 754 394 832 553 51895 0 1 0 standing 
1 751 388 828 550 51896 0 1 1 standing 
1 748 383 824 548 51897 0 1 1 standing 
1 745 378 820 546 51898 0 1 1 standing 
1 742 372 816 543 51899 0 1 1 standing 
1 739 367 812 541 51900 0 1 1 standing 
1 736 362 808 539 51901 0 1 1 standing 
1 734 357 805 537 51902 0 1 0 standing 
1 735 361 805 537 51903 0 1 1 standing 
1 736 365 806 538 51904 0 1 1 standing 
2 1043 319 1123 452 51885 0 1 0 standing 
2 1047 319 1129 452 51886 0 1 1 standing 
2 1051 320 1135 453 51887 0 1 1 standing 
2 1056 321 1141 454 51888 0 1 0 standing 
2 1055 320 1142 453 51889 0 1 1 standing 
2 1055 319 1143 452 51890 0 1 1 standing 
2 1055 318 1145 451 51891 0 1 1 standing 
2 1054 318 1146 450 51892 0 1 1 standing 
2 1054 317 1148 449 51893 0 1 1 standing 
2 1054 316 1149 448 51894 0 1 1 standing 
2 1054 316 1151 448 51895 0 1 0 standing 
2 1052 315 1147 447 51896 0 1 1 standing 
2 1051 315 1144 447 51897 0 1 1 standing 
2 1050 314 1140 446 51898 0 1 1 standing 
2 1048 314 1137 446 51899 0 1 1 standing 
2 1047 314 1134 445 51900 0 1 1 standing 
2 1046 313 1130 445 51901 0 1 1 standing 
2 1044 313 1127 444 51902 0 1 1 standing 
2 1043 312 1123 444 51903 0 1 1 standing 
2 1042 312 1120 443 51904 0 1 1 standing 
3 781 446 841 624 51885 0 0 0 standing 
3 791 451 864 629 51886 0 0 1 standing 
3 802 456 888 634 51887 0 0 1 standing 
3 813 462 912 640 51888 0 0 0 standing 
3 823 468 917 638 51889 0 0 1 standing 
3 834 474 922 637 51890 0 0 1 standing 
3 845 481 928 636 51891 0 0 0 standing 
3 848 481 934 636 51892 0 0 1 standing 
3 851 481 941 636 51893 0 0 1 standing 
3 854 481 948 636 51894 0 0 0 standing 
3 856 476 954 633 51895 0 0 1 standing 
3 858 471 960 630 51896 0 0 1 standing 
3 860 466 966 628 51897 0 0 0 standing 
3 866 467 971 637 51898 0 0 1 standing 
3 872 468 976 646 51899 0 0 1 standing 
3 878 469 982 655 51900 0 0 0 standing 
3 881 469 982 655 51901 0 0 1 standing 
3 885 470 982 655 51902 0 0 1 standing 
3 888 471 982 655 51903 0 0 1 standing 
3 892 472 982 655 51904 0 0 1 standing 
4 962 440 1024 594 51885 0 0 0 standing 
4 968 440 1030 594 51886 0 0 1 standing 
4 975 440 1037 594 51887 0 0 1 standing 
4 982 441 1044 595 51888 0 0 0 standing 
4 986 440 1048 594 51889 0 0 1 standing 
4 990 440 1052 594 51890 0 0 1 standing 
4 995 440 1057 594 51891 0 0 0 standing 
4 999 440 1061 594 51892 0 0 1 standing 
4 1003 440 1065 594 51893 0 0 1 standing 
4 1008 440 1070 594 51894 0 0 0 standing 
4 1009 439 1075 594 51895 0 0 1 standing 
4 1010 439 1080 594 51896 0 0 1 standing 
4 1011 439 1085 594 51897 0 0 0 standing 
4 1013 440 1086 594 51898 0 0 1 standing 
4 1015 441 1088 594 51899 0 0 1 standing 
4 1018 443 1090 594 51900 0 0 0 standing 
4 1021 444 1093 595 51901 0 0 1 standing 
4 1024 445 1096 596 51902 0 0 1 standing 
4 1027 446 1099 597 51903 0 0 1 standing 
4 1030 447 1102 598 51904 0 0 1 standing 
5 981 356 1035 485 51885 0 0 0 standing 
5 987 355 1042 483 51886 0 0 1 standing 
5 994 354 1049 482 51887 0 0 1 standing 
5 1001 354 1056 481 51888 0 0 0 standing 
5 1003 350 1058 481 51889 0 0 1 standing 
5 1005 346 1060 481 51890 0 0 1 standing 
5 1008 342 1062 481 51891 0 0 0 standing 
5 1008 343 1065 482 51892 0 0 1 standing 
5 1009 344 1069 483 51893 0 0 1 standing 
5 1010 346 1073 484 51894 0 0 0 standing 
5 1009 347 1069 485 51895 0 0 1 standing 
5 1009 348 1065 486 51896 0 0 1 standing 
5 1009 349 1061 487 51897 0 0 0 standing 
5 1009 349 1071 487 51898 0 0 1 standing 
5 1009 349 1082 487 51899 0 0 1 standing 
5 1009 349 1093 487 51900 0 0 0 standing 
5 1008 348 1085 486 51901 0 0 1 standing 
5 1007 348 1078 486 51902 0 0 1 standing 
5 1006 347 1070 486 51903 0 0 1 standing 
5 1005 347 1063 486 51904 0 0 1 standing 
6 0 388 76 539 51885 0 0 0 standing 
6 0 387 79 538 51886 0 0 1 standing 
6 0 387 82 538 51887 0 0 1 standing 
6 0 387 86 538 51888 0 0 0 standing 
6 1 386 87 537 51889 0 0 1 standing 
6 2 385 88 536 51890 0 0 1 standing 
6 3 384 89 535 51891 0 0 0 standing 
6 7 382 88 533 51892 0 0 1 standing 
6 11 381 87 531 51893 0 0 1 standing 
6 15 380 86 530 51894 0 0 0 standing 
6 16 380 87 530 51895 0 0 1 standing 
6 18 381 89 531 51896 0 0 1 standing 
6 20 382 91 532 51897 0 0 0 standing 
6 23 382 94 532 51898 0 0 1 standing 
6 27 382 98 533 51899 0 0 1 standing 
6 31 383 102 534 51900 0 0 0 standing 
6 35 384 106 533 51901 0 0 1 standing 
6 39 385 110 533 51902 0 0 1 standing 
6 43 386 114 532 51903 0 0 1 standing 
6 47 387 118 532 51904 0 0 1 standing 
7 207 461 282 593 51885 0 0 0 standing 
7 200 461 282 594 51886 0 0 1 waiting 
7 193 461 282 595 51887 0 0 1 waiting 
7 187 462 282 596 51888 0 0 0 waiting 
7 190 461 280 595 51889 0 0 1 waiting 
7 193 461 279 595 51890 0 0 1 waiting 
7 196 461 278 595 51891 0 0 0 waiting 
7 194 458 272 594 51892 0 0 1 waiting 
7 192 455 266 594 51893 0 0 1 waiting 
7 190 452 261 594 51894 0 0 0 waiting 
7 184 454 261 595 51895 0 0 1 waiting 
7 179 456 261 596 51896 0 0 1 waiting 
7 174 458 262 597 51897 0 0 0 waiting 
7 168 458 261 596 51898 0 0 1 waiting 
7 162 458 261 596 51899 0 0 1 waiting 
7 157 458 261 596 51900 0 0 0 waiting 
7 158 458 260 594 51901 0 0 1 waiting 
7 159 458 260 592 51902 0 0 1 waiting 
7 161 459 259 591 51903 0 0 1 waiting 
7 162 459 259 589 51904 0 0 1 waiting 
8 216 352 310 472 51885 0 0 0 waiting 
8 221 350 315 470 51886 0 0 1 standing 
8 226 348 320 468 51887 0 0 1 standing 
8 232 347 326 467 51888 0 0 0 standing 
8 235 343 320 465 51889 0 0 1 standing 
8 238 339 314 463 51890 0 0 1 standing 
8 242 335 309 462 51891 0 0 0 standing 
8 240 334 307 461 51892 0 0 1 standing 
8 238 333 305 460 51893 0 0 1 standing 
8 236 332 303 459 51894 0 0 0 standing 
8 232 333 299 460 51895 0 0 1 standing 
8 228 334 295 461 51896 0 0 1 standing 
8 225 336 292 463 51897 0 0 0 standing 
8 220 336 292 462 51898 0 0 1 standing 
8 215 336 292 462 51899 0 0 1 standing 
8 210 336 292 462 51900 0 0 0 standing 
8 213 335 292 461 51901 0 0 1 standing 
8 217 334 292 460 51902 0 0 1 standing 
8 220 333 293 459 51903 0 0 1 standing 
8 224 332 293 458 51904 0 0 1 standing 
9 482 421 535 583 51885 0 0 0 standing 
9 487 421 540 583 51886 0 0 1 standing 
9 492 421 546 583 51887 0 0 1 standing 
9 498 422 552 584 51888 0 0 0 standing 
9 503 421 554 583 51889 0 0 1 standing 
9 509 420 556 582 51890 0 0 1 standing 
9 515 419 558 582 51891 0 0 0 standing 
9 519 419 562 582 51892 0 0 1 standing 
9 524 419 567 582 51893 0 0 1 standing 
9 529 420 572 583 51894 0 0 0 standing 
9 530 420 577 583 51895 0 0 1 standing 
9 532 420 583 583 51896 0 0 1 standing 
9 534 420 589 583 51897 0 0 0 standing 
9 538 419 593 582 51898 0 0 1 standing 
9 542 419 597 582 51899 0 0 1 standing 
9 547 419 602 582 51900 0 0 0 standing 
9 553 419 608 582 51901 0 0 1 standing 
9 559 420 614 583 51902 0 0 1 standing 
9 565 420 620 583 51903 0 0 1 standing 
9 571 421 626 584 51904 0 0 1 standing 
10 508 385 547 536 51885 0 0 0 standing 
10 512 384 551 535 51886 0 0 1 standing 
10 517 383 556 534 51887 0 0 1 standing 
10 522 382 561 533 51888 0 0 0 standing 
10 523 381 566 532 51889 0 0 1 standing 
10 524 380 571 531 51890 0 0 1 standing 
10 526 380 577 530 51891 0 0 0 standing 
10 529 379 580 529 51892 0 0 1 standing 
10 532 378 583 528 51893 0 0 1 standing 
10 536 378 587 528 51894 0 0 0 standing 
10 540 379 591 529 51895 0 0 1 standing 
10 544 380 595 530 51896 0 0 1 standing 
10 549 381 600 531 51897 0 0 0 standing 
10 552 381 603 531 51898 0 0 1 standing 
10 555 381 606 531 51899 0 0 1 standing 
10 558 382 609 532 51900 0 0 0 standing 
10 562 378 613 528 51901 0 0 1 standing 
10 567 375 618 525 51902 0 0 1 standing 
10 571 371 622 521 51903 0 0 1 standing 
10 576 368 627 518 51904 0 0 1 standing 
11 479 361 532 502 51885 0 0 0 standing 
11 484 361 537 501 51886 0 0 1 standing 
11 489 361 542 501 51887 0 0 1 standing 
11 495 361 547 501 51888 0 0 0 standing 
11 500 360 552 499 51889 0 0 1 standing 
11 505 359 557 498 51890 0 0 1 standing 
11 511 358 563 497 51891 0 0 0 standing 
11 516 356 568 495 51892 0 0 1 standing 
11 521 354 573 493 51893 0 0 1 standing 
11 527 353 579 492 51894 0 0 0 standing 
11 529 353 583 492 51895 0 0 1 standing 
11 532 353 587 492 51896 0 0 1 standing 
11 535 354 591 492 51897 0 0 0 standing 
11 540 352 596 494 51898 0 0 1 standing 
11 545 350 601 496 51899 0 0 1 standing 
11 551 349 606 499 51900 0 0 0 standing 
11 558 348 613 498 51901 0 0 1 standing 
11 565 347 620 497 51902 0 0 1 standing 
11 572 346 627 496 51903 0 0 1 standing 
11 579 345 634 495 51904 0 0 1 standing 
