0 1025 376 1074 478 26935 0 1 0 falling 
0 1016 376 1065 475 26936 0 1 1 falling 
0 1008 376 1057 473 26937 0 1 1 falling 
0 1000 376 1049 470 26938 0 1 1 falling 
0 992 376 1040 468 26939 0 1 1 falling 
0 984 376 1032 466 26940 0 1 1 falling 
0 975 376 1024 463 26941 0 1 1 falling 
0 967 376 1015 461 26942 0 1 1 falling 
0 959 376 1007 458 26943 0 1 1 falling 
0 951 376 999 456 26944 0 1 1 falling 
0 943 377 991 454 26945 0 1 0 falling 
0 935 376 984 454 26946 0 1 1 falling 
0 928 376 978 455 26947 0 1 1 falling 
0 920 376 972 456 26948 0 1 1 falling 
0 913 376 966 457 26949 0 1 0 falling 
0 909 375 964 458 26950 0 1 1 falling 
0 906 375 963 460 26951 0 1 1 falling 
0 902 375 961 462 26952 0 1 1 falling 
0 899 375 960 463 26953 0 1 1 falling 
0 895 375 958 465 26954 0 1 1 falling 
1 1064 414 1115 495 26935 0 0 0 falling 
1 1057 411 1108 492 26936 0 0 1 waiting 
1 1051 408 1102 489 26937 0 0 1 waiting 
1 1044 405 1095 486 26938 0 0 1 waiting 
1 1038 402 1089 483 26939 0 0 1 waiting 
1 1031 400 1082 481 26940 0 0 1 waiting 
1 1025 397 1076 478 26941 0 0 1 waiting 
1 1018 394 1069 475 26942 0 0 1 waiting 
1 1012 391 1063 472 26943 0 0 1 waiting 
1 1005 388 1056 469 26944 0 0 1 waiting 
1 999 386 1050 467 26945 0 0 0 waiting 
1 997 384 1048 467 26946 0 0 1 waiting 
1 995 383 1046 468 26947 0 0 1 waiting 
1 993 382 1044 469 26948 0 0 0 waiting 
1 993 381 1044 470 26949 0 0 1 waiting 
1 994 380 1044 472 26950 0 0 1 waiting 
1 994 380 1045 473 26951 0 0 1 waiting 
1 995 379 1045 475 26952 0 0 1 waiting 
1 995 379 1046 476 26953 0 0 1 waiting 
1 996 378 1046 478 26954 0 0 1 waiting 
2 1092 422 1150 512 26935 0 0 0 waiting 
2 1085 419 1143 509 26936 0 0 1 waiting 
2 1078 416 1137 506 26937 0 0 1 waiting 
2 1072 413 1130 503 26938 0 0 1 waiting 
2 1065 410 1124 500 26939 0 0 1 waiting 
2 1059 407 1117 497 26940 0 0 1 waiting 
2 1052 404 1111 494 26941 0 0 1 waiting 
2 1045 401 1104 491 26942 0 0 1 waiting 
2 1039 398 1098 488 26943 0 0 1 waiting 
2 1032 395 1091 485 26944 0 0 1 waiting 
2 1026 393 1085 483 26945 0 0 0 waiting 
2 1024 392 1079 485 26946 0 0 1 waiting 
2 1022 391 1073 488 26947 0 0 1 waiting 
2 1021 390 1068 491 26948 0 0 0 waiting 
2 1022 391 1070 497 26949 0 0 1 waiting 
2 1023 392 1073 503 26950 0 0 1 waiting 
2 1024 394 1076 510 26951 0 0 1 waiting 
2 1025 395 1079 516 26952 0 0 1 waiting 
2 1026 397 1082 523 26953 0 0 1 waiting 
2 1027 398 1085 529 26954 0 0 1 waiting 
3 1098 448 1160 565 26935 0 0 0 waiting 
3 1090 446 1152 563 26936 0 0 1 waiting 
3 1083 445 1145 562 26937 0 0 1 waiting 
3 1076 444 1138 561 26938 0 0 1 waiting 
3 1069 442 1131 559 26939 0 0 1 waiting 
3 1062 441 1124 558 26940 0 0 1 waiting 
3 1054 440 1116 557 26941 0 0 1 waiting 
3 1047 438 1109 555 26942 0 0 1 waiting 
3 1040 437 1102 554 26943 0 0 1 waiting 
3 1033 436 1095 553 26944 0 0 1 waiting 
3 1026 435 1088 552 26945 0 0 0 waiting 
3 1020 434 1082 554 26946 0 0 1 waiting 
3 1014 433 1076 556 26947 0 0 1 waiting 
3 1009 432 1070 559 26948 0 0 0 waiting 
3 1006 431 1067 561 26949 0 0 1 waiting 
3 1003 431 1064 564 26950 0 0 1 waiting 
3 1000 431 1061 567 26951 0 0 1 waiting 
3 997 431 1058 569 26952 0 0 1 waiting 
3 994 431 1055 572 26953 0 0 1 waiting 
3 991 431 1052 575 26954 0 0 1 waiting 
4 732 444 782 564 26935 0 0 0 waiting 
4 725 440 775 562 26936 0 0 1 standing 
4 719 436 768 560 26937 0 0 1 standing 
4 713 432 761 558 26938 0 0 1 standing 
4 707 428 755 556 26939 0 0 0 standing 
4 698 427 751 557 26940 0 0 1 standing 
4 690 426 748 558 26941 0 0 1 standing 
4 681 425 745 559 26942 0 0 1 standing 
4 673 424 741 560 26943 0 0 1 standing 
4 664 423 738 561 26944 0 0 1 standing 
4 656 423 735 562 26945 0 0 0 standing 
4 652 419 727 561 26946 0 0 1 standing 
4 648 415 720 560 26947 0 0 1 standing 
4 645 411 713 559 26948 0 0 0 standing 
4 646 411 712 559 26949 0 0 1 standing 
4 648 411 712 560 26950 0 0 1 standing 
4 649 412 711 560 26951 0 0 1 standing 
4 651 412 711 561 26952 0 0 1 standing 
4 653 413 711 562 26953 0 0 0 standing 
4 653 413 711 562 26954 0 0 1 standing 
5 738 413 787 523 26935 0 0 0 standing 
5 726 409 775 519 26936 0 0 1 standing 
5 715 406 764 516 26937 0 0 1 standing 
5 704 403 753 513 26938 0 0 1 standing 
5 692 399 741 509 26939 0 0 1 standing 
5 681 396 730 506 26940 0 0 1 standing 
5 670 393 719 503 26941 0 0 1 standing 
5 658 389 707 499 26942 0 0 1 standing 
5 647 386 696 496 26943 0 0 1 standing 
5 636 383 685 493 26944 0 0 1 standing 
5 625 380 674 490 26945 0 0 0 standing 
5 615 380 664 490 26946 0 0 1 standing 
5 605 380 654 490 26947 0 0 1 standing 
5 595 380 644 490 26948 0 0 0 standing 
5 589 380 638 490 26949 0 0 1 standing 
5 584 381 633 491 26950 0 0 1 standing 
5 578 382 627 492 26951 0 0 1 standing 
5 573 383 622 493 26952 0 0 1 standing 
5 567 384 616 494 26953 0 0 1 standing 
5 562 385 611 495 26954 0 0 1 standing 
6 657 375 698 497 26935 0 0 0 standing 
6 645 373 687 496 26936 0 0 1 standing 
6 634 372 676 495 26937 0 0 1 standing 
6 622 370 665 494 26938 0 0 1 standing 
6 611 369 654 493 26939 0 0 1 standing 
6 600 367 643 492 26940 0 0 1 standing 
6 588 366 632 491 26941 0 0 1 standing 
6 577 364 621 490 26942 0 0 1 standing 
6 565 363 610 489 26943 0 0 1 standing 
6 554 361 599 488 26944 0 0 1 standing 
6 543 360 589 487 26945 0 0 0 standing 
6 533 360 579 489 26946 0 0 1 standing 
6 523 361 570 492 26947 0 0 1 standing 
6 513 362 561 495 26948 0 0 0 standing 
6 506 360 555 495 26949 0 0 1 standing 
6 500 358 549 495 26950 0 0 1 standing 
6 493 356 543 495 26951 0 0 1 standing 
6 487 355 537 495 26952 0 0 1 standing 
6 480 353 531 495 26953 0 0 1 standing 
6 474 351 525 495 26954 0 0 1 standing 
7 623 395 662 500 26935 0 0 0 standing 
7 613 393 651 500 26936 0 0 1 moving 
7 603 391 641 500 26937 0 0 1 moving 
7 593 389 631 500 26938 0 0 1 moving 
7 583 387 621 500 26939 0 0 1 moving 
7 573 385 611 500 26940 0 0 1 moving 
7 563 383 601 500 26941 0 0 1 moving 
7 553 381 591 500 26942 0 0 1 moving 
7 543 380 581 500 26943 0 0 0 moving 
7 532 381 571 503 26944 0 0 1 moving 
7 522 383 561 506 26945 0 0 1 moving 
7 512 384 551 509 26946 0 0 1 moving 
7 502 386 541 512 26947 0 0 1 moving 
7 492 388 531 516 26948 0 0 0 moving 
7 485 388 524 518 26949 0 0 1 moving 
7 478 389 517 520 26950 0 0 1 moving 
7 471 389 510 522 26951 0 0 1 moving 
7 465 390 504 524 26952 0 0 1 moving 
7 458 390 497 526 26953 0 0 1 moving 
7 451 391 490 528 26954 0 0 1 moving 
8 580 386 627 490 26935 0 0 0 moving 
8 570 382 617 486 26936 0 0 1 moving 
8 561 378 607 483 26937 0 0 1 moving 
8 551 374 597 480 26938 0 0 1 moving 
8 542 370 588 477 26939 0 0 0 moving 
8 533 368 579 474 26940 0 0 1 moving 
8 524 366 571 472 26941 0 0 1 moving 
8 516 365 562 469 26942 0 0 1 moving 
8 507 363 554 467 26943 0 0 1 moving 
8 498 361 545 464 26944 0 0 1 moving 
8 490 360 537 462 26945 0 0 0 moving 
8 481 356 527 461 26946 0 0 1 moving 
8 472 353 518 460 26947 0 0 1 moving 
8 463 350 509 460 26948 0 0 0 moving 
8 460 351 506 459 26949 0 0 1 moving 
8 457 352 503 459 26950 0 0 1 moving 
8 454 353 500 459 26951 0 0 1 moving 
8 451 354 498 459 26952 0 0 1 moving 
8 448 355 495 459 26953 0 0 1 moving 
8 445 356 492 459 26954 0 0 1 moving 
9 439 377 473 486 26935 0 0 0 moving 
9 427 373 460 482 26936 0 0 1 moving 
9 415 370 448 479 26937 0 0 1 moving 
9 403 367 435 476 26938 0 0 1 moving 
9 391 364 423 473 26939 0 0 0 moving 
9 376 362 409 471 26940 0 0 1 moving 
9 362 361 396 470 26941 0 0 1 moving 
9 347 359 382 468 26942 0 0 1 moving 
9 333 358 369 467 26943 0 0 0 moving 
9 320 357 357 466 26944 0 0 1 moving 
9 307 357 345 466 26945 0 0 1 moving 
9 294 357 334 465 26946 0 0 1 moving 
9 281 357 322 465 26947 0 0 1 moving 
9 268 357 311 465 26948 0 0 0 moving 
9 260 356 303 465 26949 0 0 1 moving 
9 253 356 295 465 26950 0 0 1 moving 
9 245 356 287 466 26951 0 0 1 moving 
9 238 356 279 466 26952 0 0 1 moving 
9 230 356 271 467 26953 0 0 1 moving 
9 223 356 263 467 26954 0 0 1 moving 
10 326 368 368 478 26935 0 0 0 moving 
10 313 366 355 476 26936 0 0 1 moving 
10 301 365 343 475 26937 0 0 1 moving 
10 289 363 331 473 26938 0 0 1 moving 
10 277 362 319 472 26939 0 0 0 moving 
10 262 361 304 471 26940 0 0 1 moving 
10 248 361 290 471 26941 0 0 1 moving 
10 234 361 276 471 26942 0 0 1 moving 
10 219 360 261 470 26943 0 0 1 moving 
10 205 360 247 470 26944 0 0 1 moving 
10 191 360 233 470 26945 0 0 0 moving 
10 176 359 221 471 26946 0 0 1 moving 
10 161 358 210 473 26947 0 0 1 moving 
10 147 358 199 475 26948 0 0 0 moving 
10 137 359 189 477 26949 0 0 1 moving 
10 128 360 179 480 26950 0 0 1 moving 
10 119 361 170 483 26951 0 0 1 moving 
10 110 362 160 485 26952 0 0 1 moving 
10 101 363 151 488 26953 0 0 1 moving 
10 92 364 141 491 26954 0 0 1 moving 
11 135 396 181 523 26935 0 0 0 moving 
11 123 400 170 527 26936 0 0 1 standing 
11 111 404 160 531 26937 0 0 1 standing 
11 99 408 150 535 26938 0 0 1 standing 
11 88 412 140 539 26939 0 0 0 standing 
11 75 410 129 537 26940 0 0 1 standing 
11 62 409 118 536 26941 0 0 1 standing 
11 50 408 107 535 26942 0 0 1 standing 
11 37 407 96 534 26943 0 0 1 standing 
11 24 406 85 533 26944 0 0 1 standing 
11 12 405 74 532 26945 0 0 0 standing 
11 8 405 66 532 26946 0 0 1 standing 
11 5 405 58 532 26947 0 0 1 standing 
11 2 405 51 532 26948 0 0 0 standing 
11 1 405 47 532 26949 0 0 1 standing 
11 1 406 44 533 26950 0 0 1 standing 
11 1 407 41 533 26951 0 0 1 standing 
11 0 407 38 534 26952 0 0 1 standing 
11 0 408 35 534 26953 0 0 1 standing 
11 0 409 32 535 26954 0 0 1 standing 
