0 418 509 482 662 11020 0 1 0 moving 
0 416 509 478 662 11021 0 1 1 moving 
0 414 509 475 663 11022 0 1 1 moving 
0 413 510 472 664 11023 0 1 0 moving 
0 410 511 468 665 11024 0 1 1 moving 
0 407 512 465 666 11025 0 1 1 moving 
0 404 513 461 667 11026 0 1 1 moving 
0 402 514 458 669 11027 0 1 0 moving 
0 399 515 455 670 11028 0 1 1 moving 
0 396 517 453 672 11029 0 1 1 moving 
0 394 518 451 673 11030 0 1 1 moving 
0 391 520 449 675 11031 0 1 1 moving 
0 388 521 447 676 11032 0 1 1 moving 
0 386 523 445 678 11033 0 1 0 moving 
0 384 522 445 673 11034 0 1 1 moving 
0 383 521 446 668 11035 0 1 1 moving 
0 382 520 446 663 11036 0 1 1 moving 
0 381 520 447 659 11037 0 1 0 moving 
0 378 517 444 659 11038 0 1 1 moving 
0 375 514 442 659 11039 0 1 1 moving 
1 412 438 455 542 11020 0 0 0 moving 
1 412 428 455 539 11021 0 0 1 setting 
1 412 418 455 537 11022 0 0 1 setting 
1 412 408 455 535 11023 0 0 0 setting 
1 410 404 456 533 11024 0 0 1 setting 
1 408 400 457 531 11025 0 0 1 setting 
1 406 396 458 529 11026 0 0 1 setting 
1 405 392 459 527 11027 0 0 0 setting 
1 404 395 459 527 11028 0 0 1 setting 
1 404 398 459 527 11029 0 0 1 setting 
1 403 402 460 527 11030 0 0 1 setting 
1 403 405 460 527 11031 0 0 1 setting 
1 402 408 460 527 11032 0 0 1 setting 
1 402 412 461 528 11033 0 0 0 setting 
1 399 422 457 531 11034 0 0 1 setting 
1 396 432 453 535 11035 0 0 1 setting 
1 393 442 449 539 11036 0 0 1 setting 
1 391 452 446 543 11037 0 0 0 setting 
1 389 451 445 540 11038 0 0 1 setting 
1 388 451 444 538 11039 0 0 1 setting 
2 476 360 536 480 11020 0 0 0 setting 
2 471 360 528 479 11021 0 0 1 standing 
2 466 360 520 479 11022 0 0 1 standing 
2 461 360 512 479 11023 0 0 0 standing 
2 456 360 509 479 11024 0 0 1 standing 
2 451 360 507 479 11025 0 0 1 standing 
2 447 360 504 479 11026 0 0 1 standing 
2 442 360 502 479 11027 0 0 1 standing 
2 438 360 499 479 11028 0 0 1 standing 
2 433 360 497 479 11029 0 0 1 standing 
2 429 361 495 480 11030 0 0 0 standing 
2 424 361 488 479 11031 0 0 1 standing 
2 419 361 481 478 11032 0 0 1 standing 
2 415 361 474 477 11033 0 0 1 standing 
2 410 361 467 476 11034 0 0 1 standing 
2 405 361 461 476 11035 0 0 1 standing 
2 401 361 454 475 11036 0 0 1 standing 
2 396 361 447 474 11037 0 0 1 standing 
2 391 361 440 473 11038 0 0 1 standing 
2 387 362 434 473 11039 0 0 0 standing 
3 241 411 311 513 11020 0 0 0 standing 
3 236 412 309 514 11021 0 0 1 standing 
3 231 413 308 515 11022 0 0 1 standing 
3 227 414 307 517 11023 0 0 0 standing 
3 225 412 302 517 11024 0 0 1 standing 
3 223 411 297 518 11025 0 0 1 standing 
3 221 410 292 519 11026 0 0 1 standing 
3 220 409 287 520 11027 0 0 0 standing 
3 218 410 283 520 11028 0 0 1 standing 
3 217 411 279 520 11029 0 0 1 standing 
3 216 413 275 520 11030 0 0 0 standing 
3 211 417 272 525 11031 0 0 1 standing 
3 207 421 269 530 11032 0 0 1 standing 
3 203 425 267 535 11033 0 0 0 standing 
3 203 423 264 534 11034 0 0 1 standing 
3 203 422 261 534 11035 0 0 1 standing 
3 203 421 259 534 11036 0 0 1 standing 
3 203 420 256 533 11037 0 0 1 standing 
3 203 419 253 533 11038 0 0 1 standing 
3 204 418 251 533 11039 0 0 0 standing 
4 155 380 229 494 11020 0 1 0 standing 
4 152 381 229 494 11021 0 1 1 moving 
4 150 382 230 495 11022 0 1 1 moving 
4 148 384 231 496 11023 0 1 0 moving 
4 149 383 234 495 11024 0 1 1 moving 
4 151 382 238 494 11025 0 1 1 moving 
4 152 381 241 493 11026 0 1 1 moving 
4 154 381 245 493 11027 0 1 0 moving 
4 163 380 249 493 11028 0 1 1 moving 
4 173 380 253 493 11029 0 1 1 moving 
4 183 380 257 494 11030 0 1 0 moving 
4 188 381 259 494 11031 0 1 1 moving 
4 194 382 261 494 11032 0 1 1 moving 
4 200 384 263 495 11033 0 1 0 moving 
4 204 384 275 494 11034 0 1 1 moving 
4 209 384 288 493 11035 0 1 1 moving 
4 213 384 300 492 11036 0 1 1 moving 
4 218 384 313 491 11037 0 1 0 moving 
4 218 384 313 490 11038 0 1 1 moving 
4 219 384 314 490 11039 0 1 1 moving 
5 341 310 395 400 11020 0 1 0 moving 
5 340 308 394 398 11021 0 1 1 standing 
5 339 307 394 396 11022 0 1 1 standing 
5 338 306 393 394 11023 0 1 1 standing 
5 337 305 393 392 11024 0 1 1 standing 
5 337 304 392 391 11025 0 1 1 standing 
5 336 302 392 389 11026 0 1 1 standing 
5 335 301 391 387 11027 0 1 1 standing 
5 334 300 391 385 11028 0 1 1 standing 
5 333 299 390 383 11029 0 1 1 standing 
5 333 298 390 382 11030 0 1 0 standing 
5 330 297 391 383 11031 0 1 1 standing 
5 328 297 392 385 11032 0 1 1 standing 
5 326 297 394 387 11033 0 1 0 standing 
5 330 296 395 385 11034 0 1 1 standing 
5 334 296 396 383 11035 0 1 1 standing 
5 338 296 397 381 11036 0 1 1 standing 
5 342 296 398 380 11037 0 1 0 standing 
5 343 296 398 379 11038 0 1 1 standing 
5 344 296 398 379 11039 0 1 1 standing 
6 607 449 646 582 11020 0 0 0 standing 
6 606 448 646 581 11021 0 0 1 standing 
6 606 448 646 581 11022 0 0 1 standing 
6 606 447 646 581 11023 0 0 1 standing 
6 605 447 646 581 11024 0 0 1 standing 
6 605 446 646 581 11025 0 0 1 standing 
6 605 446 646 581 11026 0 0 1 standing 
6 605 446 647 581 11027 0 0 0 standing 
6 603 447 646 581 11028 0 0 1 standing 
6 602 449 646 581 11029 0 0 1 standing 
6 601 450 646 581 11030 0 0 1 standing 
6 599 452 645 581 11031 0 0 1 standing 
6 598 453 645 581 11032 0 0 1 standing 
6 597 455 645 582 11033 0 0 0 standing 
6 594 456 642 582 11034 0 0 1 standing 
6 592 458 640 583 11035 0 0 1 standing 
6 589 459 637 583 11036 0 0 1 standing 
6 587 461 635 584 11037 0 0 0 standing 
6 585 459 635 582 11038 0 0 1 standing 
6 583 457 635 580 11039 0 0 1 standing 
7 594 365 643 499 11020 0 0 0 standing 
7 594 367 644 497 11021 0 0 1 standing 
7 595 369 645 495 11022 0 0 1 standing 
7 596 371 647 494 11023 0 0 0 standing 
7 597 373 646 493 11024 0 0 1 standing 
7 599 375 646 492 11025 0 0 1 standing 
7 601 377 646 491 11026 0 0 1 standing 
7 603 380 646 490 11027 0 0 0 standing 
7 601 382 645 489 11028 0 0 1 standing 
7 599 384 645 488 11029 0 0 1 standing 
7 597 387 645 488 11030 0 0 0 standing 
7 598 388 645 490 11031 0 0 1 standing 
7 600 390 645 492 11032 0 0 1 standing 
7 602 392 645 495 11033 0 0 0 standing 
7 598 389 641 493 11034 0 0 1 standing 
7 594 387 638 491 11035 0 0 1 standing 
7 590 384 634 490 11036 0 0 1 standing 
7 586 382 631 488 11037 0 0 1 standing 
7 582 379 627 487 11038 0 0 1 standing 
7 578 377 624 485 11039 0 0 1 standing 
8 599 359 634 475 11020 0 0 0 standing 
8 599 357 633 474 11021 0 0 1 standing 
8 599 356 633 474 11022 0 0 1 standing 
8 600 355 633 474 11023 0 0 1 standing 
8 600 354 633 474 11024 0 0 1 standing 
8 601 353 633 474 11025 0 0 1 standing 
8 601 352 633 474 11026 0 0 1 standing 
8 602 351 633 474 11027 0 0 0 standing 
8 601 350 633 474 11028 0 0 1 standing 
8 600 349 633 474 11029 0 0 1 standing 
8 599 348 633 475 11030 0 0 0 standing 
8 596 348 634 472 11031 0 0 1 standing 
8 593 348 635 469 11032 0 0 1 standing 
8 591 348 637 467 11033 0 0 0 standing 
8 588 347 632 463 11034 0 0 1 standing 
8 585 346 627 460 11035 0 0 1 standing 
8 582 345 623 457 11036 0 0 1 standing 
8 580 345 618 453 11037 0 0 1 standing 
8 577 344 614 450 11038 0 0 1 standing 
8 574 343 609 447 11039 0 0 1 standing 
9 810 352 873 437 11020 0 0 0 standing 
9 810 353 875 437 11021 0 0 1 waiting 
9 810 354 878 438 11022 0 0 1 waiting 
9 811 356 881 439 11023 0 0 0 waiting 
9 810 355 880 438 11024 0 0 1 waiting 
9 810 355 879 438 11025 0 0 1 waiting 
9 810 355 878 437 11026 0 0 1 waiting 
9 810 354 878 437 11027 0 0 1 waiting 
9 810 354 877 436 11028 0 0 1 waiting 
9 810 354 876 436 11029 0 0 1 waiting 
9 810 354 876 436 11030 0 0 0 waiting 
9 808 355 875 437 11031 0 0 1 waiting 
9 807 356 874 438 11032 0 0 1 waiting 
9 806 357 873 439 11033 0 0 0 waiting 
9 803 356 871 438 11034 0 0 1 waiting 
9 800 356 869 438 11035 0 0 1 waiting 
9 797 355 867 438 11036 0 0 1 waiting 
9 795 355 865 438 11037 0 0 0 waiting 
9 792 354 861 437 11038 0 0 1 waiting 
9 789 354 857 436 11039 0 0 1 waiting 
10 894 461 944 577 11020 0 0 0 waiting 
10 894 462 945 577 11021 0 0 1 standing 
10 894 463 947 578 11022 0 0 1 standing 
10 895 464 949 579 11023 0 0 0 standing 
10 895 463 949 579 11024 0 0 1 standing 
10 896 463 949 579 11025 0 0 1 standing 
10 896 463 949 579 11026 0 0 1 standing 
10 897 463 949 579 11027 0 0 1 standing 
10 897 463 949 579 11028 0 0 1 standing 
10 898 463 949 579 11029 0 0 1 standing 
10 899 463 949 579 11030 0 0 0 standing 
10 897 465 947 579 11031 0 0 1 standing 
10 895 467 945 580 11032 0 0 1 standing 
10 893 469 944 581 11033 0 0 0 standing 
10 891 469 943 582 11034 0 0 1 standing 
10 889 470 943 583 11035 0 0 1 standing 
10 887 470 942 584 11036 0 0 1 standing 
10 886 471 942 585 11037 0 0 1 standing 
10 884 471 941 586 11038 0 0 1 standing 
10 882 472 941 587 11039 0 0 1 standing 
11 991 400 1044 509 11020 0 0 0 standing 
11 991 399 1044 508 11021 0 0 1 standing 
11 991 398 1044 507 11022 0 0 1 standing 
11 991 397 1044 506 11023 0 0 1 standing 
11 991 396 1044 505 11024 0 0 1 standing 
11 991 396 1044 505 11025 0 0 1 standing 
11 991 395 1044 504 11026 0 0 1 standing 
11 991 394 1044 503 11027 0 0 1 standing 
11 991 393 1044 502 11028 0 0 1 standing 
11 991 392 1044 501 11029 0 0 1 standing 
11 992 392 1045 501 11030 0 0 0 standing 
11 988 393 1043 501 11031 0 0 1 standing 
11 985 394 1042 501 11032 0 0 1 standing 
11 982 395 1041 502 11033 0 0 0 standing 
11 978 395 1037 501 11034 0 0 1 standing 
11 975 395 1034 500 11035 0 0 1 standing 
11 972 395 1030 499 11036 0 0 1 standing 
11 969 395 1027 499 11037 0 0 0 standing 
11 966 395 1022 498 11038 0 0 1 standing 
11 963 395 1017 498 11039 0 0 1 standing 
