0 1084 394 1151 506 7470 0 1 0 digging 
0 1074 393 1142 504 7471 0 1 1 digging 
0 1064 393 1133 502 7472 0 1 1 digging 
0 1055 393 1124 501 7473 0 1 0 digging 
0 1047 389 1117 501 7474 0 1 1 digging 
0 1039 386 1110 501 7475 0 1 1 digging 
0 1031 383 1103 502 7476 0 1 0 digging 
0 1028 378 1102 498 7477 0 1 1 digging 
0 1026 374 1101 494 7478 0 1 1 digging 
0 1023 370 1100 491 7479 0 1 1 digging 
0 1021 366 1099 487 7480 0 1 1 digging 
0 1018 362 1098 483 7481 0 1 1 digging 
0 1016 358 1098 480 7482 0 1 0 digging 
0 1018 356 1097 478 7483 0 1 1 digging 
0 1021 354 1097 476 7484 0 1 1 digging 
0 1024 353 1097 475 7485 0 1 0 digging 
0 1027 353 1099 474 7486 0 1 1 digging 
0 1030 353 1101 474 7487 0 1 1 digging 
0 1034 354 1103 473 7488 0 1 1 digging 
0 1037 354 1105 473 7489 0 1 1 digging 
1 1069 428 1134 570 7470 0 0 0 digging 
1 1059 427 1124 569 7471 0 0 1 standing 
1 1049 426 1114 568 7472 0 0 1 standing 
1 1040 426 1105 568 7473 0 0 0 standing 
1 1032 423 1097 566 7474 0 0 1 standing 
1 1024 421 1089 565 7475 0 0 1 standing 
1 1017 419 1081 564 7476 0 0 0 standing 
1 1017 418 1081 568 7477 0 0 1 standing 
1 1017 418 1081 572 7478 0 0 1 standing 
1 1017 418 1081 577 7479 0 0 0 standing 
1 1018 422 1081 584 7480 0 0 1 standing 
1 1019 426 1082 591 7481 0 0 1 standing 
1 1020 431 1083 598 7482 0 0 0 standing 
1 1021 433 1084 602 7483 0 0 1 standing 
1 1022 435 1085 607 7484 0 0 1 standing 
1 1023 437 1086 612 7485 0 0 0 standing 
1 1024 439 1085 613 7486 0 0 1 standing 
1 1026 441 1085 615 7487 0 0 1 standing 
1 1027 443 1085 616 7488 0 0 1 standing 
1 1029 445 1085 618 7489 0 0 1 standing 
2 1067 283 1122 413 7470 0 0 0 standing 
2 1060 283 1120 414 7471 0 0 1 standing 
2 1053 283 1118 415 7472 0 0 1 standing 
2 1047 283 1116 417 7473 0 0 0 standing 
2 1044 284 1116 418 7474 0 0 1 standing 
2 1042 286 1116 419 7475 0 0 1 standing 
2 1040 288 1117 421 7476 0 0 0 standing 
2 1039 288 1114 420 7477 0 0 1 standing 
2 1039 288 1111 420 7478 0 0 1 standing 
2 1039 288 1108 420 7479 0 0 0 standing 
2 1043 286 1109 421 7480 0 0 1 standing 
2 1048 284 1110 423 7481 0 0 1 standing 
2 1053 283 1111 425 7482 0 0 0 standing 
2 1059 285 1121 427 7483 0 0 1 standing 
2 1066 287 1131 430 7484 0 0 1 standing 
2 1073 289 1141 433 7485 0 0 0 standing 
2 1076 291 1144 435 7486 0 0 1 standing 
2 1080 293 1148 437 7487 0 0 1 standing 
2 1084 295 1152 439 7488 0 0 0 standing 
2 1084 295 1152 439 7489 0 0 1 standing 
3 853 298 931 416 7470 0 0 0 standing 
3 844 298 927 422 7471 0 0 1 standing 
3 836 298 924 428 7472 0 0 1 standing 
3 828 298 921 435 7473 0 0 0 standing 
3 833 298 921 436 7474 0 0 1 standing 
3 838 298 921 438 7475 0 0 1 standing 
3 844 298 921 440 7476 0 0 0 standing 
3 846 297 917 439 7477 0 0 1 standing 
3 848 296 913 438 7478 0 0 1 standing 
3 851 296 910 438 7479 0 0 0 standing 
3 853 297 918 443 7480 0 0 1 standing 
3 855 298 927 448 7481 0 0 1 standing 
3 858 299 936 453 7482 0 0 0 standing 
3 862 303 943 454 7483 0 0 1 standing 
3 866 307 950 456 7484 0 0 1 standing 
3 871 311 958 458 7485 0 0 0 standing 
3 875 311 958 457 7486 0 0 1 standing 
3 879 311 959 457 7487 0 0 1 standing 
3 884 312 960 456 7488 0 0 1 standing 
3 888 312 961 456 7489 0 0 1 standing 
4 794 219 843 349 7470 0 0 0 standing 
4 790 218 839 348 7471 0 0 1 standing 
4 787 217 836 347 7472 0 0 1 standing 
4 784 217 833 347 7473 0 0 0 standing 
4 776 217 832 346 7474 0 0 1 standing 
4 768 218 831 345 7475 0 0 1 standing 
4 761 219 830 344 7476 0 0 0 standing 
4 766 216 832 341 7477 0 0 1 standing 
4 771 214 834 338 7478 0 0 1 standing 
4 777 211 836 336 7479 0 0 1 standing 
4 782 209 838 333 7480 0 0 1 standing 
4 787 206 840 330 7481 0 0 1 standing 
4 793 204 842 328 7482 0 0 0 standing 
4 798 202 847 326 7483 0 0 1 standing 
4 803 200 852 324 7484 0 0 1 standing 
4 808 199 857 323 7485 0 0 0 standing 
4 811 200 867 323 7486 0 0 1 standing 
4 814 202 877 323 7487 0 0 1 standing 
4 818 204 888 324 7488 0 0 1 standing 
4 821 206 898 324 7489 0 0 1 standing 
5 696 306 772 424 7470 0 0 0 standing 
5 682 304 762 422 7471 0 0 1 standing 
5 668 302 753 420 7472 0 0 1 standing 
5 655 301 744 419 7473 0 0 0 standing 
5 648 299 737 417 7474 0 0 1 standing 
5 642 297 730 415 7475 0 0 1 standing 
5 636 296 723 413 7476 0 0 0 standing 
5 630 292 712 410 7477 0 0 1 standing 
5 624 289 702 407 7478 0 0 1 standing 
5 618 286 692 405 7479 0 0 0 standing 
5 617 285 691 407 7480 0 0 1 standing 
5 617 285 691 410 7481 0 0 1 standing 
5 617 285 691 413 7482 0 0 0 standing 
5 619 287 691 412 7483 0 0 1 standing 
5 621 289 691 411 7484 0 0 1 standing 
5 623 291 691 410 7485 0 0 0 standing 
5 623 291 691 409 7486 0 0 1 standing 
5 623 291 691 409 7487 0 0 1 standing 
5 623 291 691 409 7488 0 0 1 standing 
5 623 291 691 409 7489 0 0 1 standing 
6 583 355 631 494 7470 0 0 0 standing 
6 575 355 623 494 7471 0 0 1 standing 
6 568 355 616 494 7472 0 0 1 standing 
6 561 355 609 494 7473 0 0 0 standing 
6 554 357 601 497 7474 0 0 1 standing 
6 547 360 593 501 7475 0 0 1 standing 
6 541 363 585 505 7476 0 0 0 standing 
6 539 363 584 510 7477 0 0 1 standing 
6 537 363 584 515 7478 0 0 1 standing 
6 535 363 584 520 7479 0 0 0 standing 
6 536 367 585 522 7480 0 0 1 standing 
6 537 371 586 525 7481 0 0 1 standing 
6 539 376 587 528 7482 0 0 0 standing 
6 543 379 591 528 7483 0 0 1 standing 
6 547 383 596 529 7484 0 0 1 standing 
6 552 387 601 530 7485 0 0 0 standing 
6 553 386 600 535 7486 0 0 1 standing 
6 555 385 599 541 7487 0 0 1 standing 
6 557 385 599 546 7488 0 0 1 standing 
6 559 384 598 552 7489 0 0 1 standing 
7 612 326 676 468 7470 0 0 0 standing 
7 605 326 667 468 7471 0 0 1 blocking 
7 598 326 658 468 7472 0 0 1 blocking 
7 591 326 649 468 7473 0 0 0 blocking 
7 583 326 641 468 7474 0 0 1 blocking 
7 575 326 633 468 7475 0 0 1 blocking 
7 567 326 626 468 7476 0 0 0 blocking 
7 561 322 620 468 7477 0 0 1 blocking 
7 555 318 614 468 7478 0 0 1 blocking 
7 550 315 608 469 7479 0 0 0 blocking 
7 549 315 610 468 7480 0 0 1 blocking 
7 548 315 613 468 7481 0 0 1 blocking 
7 548 316 616 468 7482 0 0 0 blocking 
7 549 316 617 468 7483 0 0 1 blocking 
7 551 316 619 468 7484 0 0 1 blocking 
7 553 316 621 468 7485 0 0 0 blocking 
7 553 316 621 468 7486 0 0 1 blocking 
7 553 316 621 468 7487 0 0 1 blocking 
7 553 316 621 468 7488 0 0 1 blocking 
7 553 316 621 468 7489 0 0 1 blocking 
8 563 296 612 439 7470 0 0 0 blocking 
8 559 292 604 434 7471 0 0 1 standing 
8 555 289 596 429 7472 0 0 1 standing 
8 551 286 589 424 7473 0 0 0 standing 
8 544 286 583 426 7474 0 0 1 standing 
8 538 286 577 428 7475 0 0 1 standing 
8 532 286 571 430 7476 0 0 0 standing 
8 530 285 570 429 7477 0 0 1 standing 
8 528 285 570 429 7478 0 0 1 standing 
8 526 285 570 429 7479 0 0 0 standing 
8 528 284 572 426 7480 0 0 1 standing 
8 531 283 574 424 7481 0 0 1 standing 
8 533 283 577 422 7482 0 0 1 standing 
8 536 282 579 419 7483 0 0 1 standing 
8 538 281 581 417 7484 0 0 1 standing 
8 541 281 584 415 7485 0 0 0 standing 
8 544 280 588 414 7486 0 0 1 standing 
8 548 279 592 413 7487 0 0 1 standing 
8 552 278 596 412 7488 0 0 0 standing 
8 552 278 596 412 7489 0 0 1 standing 
9 386 320 438 448 7470 0 0 0 standing 
9 379 320 428 446 7471 0 0 1 standing 
9 372 320 418 444 7472 0 0 1 standing 
9 366 320 408 443 7473 0 0 0 standing 
9 358 319 400 443 7474 0 0 1 standing 
9 350 318 393 444 7475 0 0 1 standing 
9 342 317 386 445 7476 0 0 0 standing 
9 339 317 383 445 7477 0 0 1 standing 
9 336 317 380 445 7478 0 0 1 standing 
9 333 317 377 445 7479 0 0 0 standing 
9 331 316 375 444 7480 0 0 1 standing 
9 329 315 373 443 7481 0 0 1 standing 
9 328 315 372 443 7482 0 0 0 standing 
9 327 313 371 443 7483 0 0 1 standing 
9 327 311 371 443 7484 0 0 1 standing 
9 327 310 371 443 7485 0 0 0 standing 
9 326 309 371 441 7486 0 0 1 standing 
9 325 309 371 439 7487 0 0 1 standing 
9 324 309 371 437 7488 0 0 1 standing 
9 323 309 371 435 7489 0 0 1 standing 
10 226 321 287 449 7470 0 0 0 standing 
10 216 322 277 452 7471 0 0 1 standing 
10 206 323 267 455 7472 0 0 1 standing 
10 196 324 258 458 7473 0 0 0 standing 
10 187 324 248 458 7474 0 0 1 standing 
10 179 325 238 458 7475 0 0 1 standing 
10 171 326 229 459 7476 0 0 0 standing 
10 167 327 225 460 7477 0 0 1 standing 
10 164 329 222 462 7478 0 0 1 standing 
10 161 331 219 464 7479 0 0 0 standing 
10 160 330 217 467 7480 0 0 1 standing 
10 159 329 215 470 7481 0 0 1 standing 
10 158 329 213 473 7482 0 0 0 standing 
10 159 331 213 475 7483 0 0 1 standing 
10 160 334 214 478 7484 0 0 1 standing 
10 161 337 215 481 7485 0 0 0 standing 
10 159 338 213 481 7486 0 0 1 standing 
10 157 339 212 482 7487 0 0 1 standing 
10 155 340 211 483 7488 0 0 1 standing 
10 153 341 210 484 7489 0 0 1 standing 
11 99 414 183 558 7470 0 0 0 standing 
11 89 414 177 558 7471 0 0 1 standing 
11 79 414 171 558 7472 0 0 1 standing 
11 69 415 166 559 7473 0 0 0 standing 
11 68 414 157 559 7474 0 0 1 standing 
11 67 413 148 560 7475 0 0 1 standing 
11 66 413 140 561 7476 0 0 0 standing 
11 66 412 139 560 7477 0 0 1 standing 
11 66 411 139 560 7478 0 0 1 standing 
11 66 410 139 560 7479 0 0 0 standing 
11 69 409 151 562 7480 0 0 1 standing 
11 73 408 163 564 7481 0 0 1 standing 
11 77 408 176 566 7482 0 0 0 standing 
11 81 408 180 566 7483 0 0 1 standing 
11 86 408 185 566 7484 0 0 1 standing 
11 91 408 190 566 7485 0 0 0 standing 
11 100 408 192 564 7486 0 0 1 standing 
11 109 409 194 562 7487 0 0 1 standing 
11 118 409 196 561 7488 0 0 1 standing 
11 127 410 198 559 7489 0 0 1 standing 
