0 220 403 284 520 24815 0 0 0 standing 
0 222 402 286 519 24816 0 0 1 standing 
0 224 402 288 519 24817 0 0 1 standing 
0 226 402 290 519 24818 0 0 1 standing 
0 229 402 293 519 24819 0 0 1 standing 
0 231 402 295 519 24820 0 0 1 standing 
0 233 401 297 518 24821 0 0 1 standing 
0 236 401 300 518 24822 0 0 1 standing 
0 238 401 302 518 24823 0 0 1 standing 
0 240 401 304 518 24824 0 0 1 standing 
0 243 401 307 518 24825 0 0 0 standing 
0 246 401 309 517 24826 0 0 1 standing 
0 249 401 311 517 24827 0 0 1 standing 
0 252 401 313 517 24828 0 0 1 standing 
0 255 401 315 517 24829 0 0 1 standing 
0 258 401 318 517 24830 0 0 1 standing 
0 261 401 320 517 24831 0 0 1 standing 
0 264 401 322 517 24832 0 0 1 standing 
0 267 401 324 517 24833 0 0 1 standing 
0 270 401 326 517 24834 0 0 1 standing 
1 326 431 376 559 24815 0 0 0 standing 
1 323 433 373 561 24816 0 0 1 standing 
1 321 435 371 563 24817 0 0 1 standing 
1 319 437 369 565 24818 0 0 1 standing 
1 316 439 366 567 24819 0 0 1 standing 
1 314 441 364 569 24820 0 0 1 standing 
1 312 443 362 571 24821 0 0 1 standing 
1 309 445 359 573 24822 0 0 1 standing 
1 307 447 357 575 24823 0 0 1 standing 
1 305 449 355 577 24824 0 0 1 standing 
1 303 452 353 580 24825 0 0 0 standing 
1 300 454 350 582 24826 0 0 1 standing 
1 297 456 347 584 24827 0 0 1 standing 
1 294 458 344 586 24828 0 0 1 standing 
1 291 460 341 588 24829 0 0 1 standing 
1 288 463 338 591 24830 0 0 1 standing 
1 285 465 335 593 24831 0 0 1 standing 
1 282 467 332 595 24832 0 0 1 standing 
1 279 469 329 597 24833 0 0 1 standing 
1 276 471 326 599 24834 0 0 1 standing 
2 534 387 593 497 24815 0 0 0 standing 
2 533 387 592 497 24816 0 0 1 standing 
2 533 388 592 498 24817 0 0 1 standing 
2 532 388 591 498 24818 0 0 1 standing 
2 532 389 591 499 24819 0 0 1 standing 
2 532 390 591 500 24820 0 0 1 standing 
2 531 390 590 500 24821 0 0 1 standing 
2 531 391 590 501 24822 0 0 1 standing 
2 531 391 590 501 24823 0 0 1 standing 
2 530 392 589 502 24824 0 0 1 standing 
2 530 393 589 503 24825 0 0 1 standing 
2 530 393 589 503 24826 0 0 1 standing 
2 529 394 588 504 24827 0 0 1 standing 
2 529 394 588 504 24828 0 0 1 standing 
2 529 395 588 505 24829 0 0 1 standing 
2 528 396 587 506 24830 0 0 1 standing 
2 528 396 587 506 24831 0 0 1 standing 
2 528 397 587 507 24832 0 0 1 standing 
2 527 397 586 507 24833 0 0 1 standing 
2 527 398 586 508 24834 0 0 1 standing 
3 371 346 430 451 24815 0 1 0 standing 
3 373 344 431 449 24816 0 1 1 moving 
3 375 343 432 448 24817 0 1 1 moving 
3 377 341 434 446 24818 0 1 1 moving 
3 379 340 435 445 24819 0 1 1 moving 
3 381 339 437 443 24820 0 1 1 moving 
3 383 337 438 442 24821 0 1 1 moving 
3 385 336 439 440 24822 0 1 1 moving 
3 387 334 441 439 24823 0 1 1 moving 
3 389 333 442 437 24824 0 1 1 moving 
3 391 332 444 436 24825 0 1 0 moving 
3 390 332 445 435 24826 0 1 1 moving 
3 390 332 446 434 24827 0 1 1 moving 
3 389 332 447 433 24828 0 1 1 moving 
3 389 332 448 433 24829 0 1 1 moving 
3 389 332 450 432 24830 0 1 1 moving 
3 388 332 451 431 24831 0 1 1 moving 
3 388 332 452 431 24832 0 1 1 moving 
3 387 332 453 430 24833 0 1 1 moving 
3 387 332 454 429 24834 0 1 1 moving 
4 695 433 739 548 24815 0 0 0 moving 
4 693 433 737 548 24816 0 0 1 blocking 
4 691 433 735 548 24817 0 0 1 blocking 
4 689 433 733 548 24818 0 0 1 blocking 
4 687 433 731 548 24819 0 0 1 blocking 
4 685 433 729 548 24820 0 0 1 blocking 
4 683 433 727 548 24821 0 0 1 blocking 
4 681 433 725 548 24822 0 0 1 blocking 
4 679 433 723 548 24823 0 0 1 blocking 
4 677 433 721 548 24824 0 0 1 blocking 
4 676 434 720 549 24825 0 0 0 blocking 
4 672 434 717 549 24826 0 0 1 blocking 
4 669 434 715 549 24827 0 0 1 blocking 
4 665 435 713 549 24828 0 0 1 blocking 
4 662 435 710 550 24829 0 0 1 blocking 
4 659 436 708 550 24830 0 0 1 blocking 
4 655 436 706 550 24831 0 0 1 blocking 
4 652 436 703 551 24832 0 0 1 blocking 
4 648 437 701 551 24833 0 0 1 blocking 
4 645 437 699 551 24834 0 0 1 blocking 
5 703 357 744 461 24815 0 0 0 blocking 
5 700 357 741 461 24816 0 0 1 standing 
5 697 357 738 461 24817 0 0 1 standing 
5 694 358 735 462 24818 0 0 1 standing 
5 691 358 732 462 24819 0 0 1 standing 
5 688 359 729 463 24820 0 0 1 standing 
5 685 359 726 463 24821 0 0 1 standing 
5 682 359 723 463 24822 0 0 1 standing 
5 679 360 720 464 24823 0 0 1 standing 
5 676 360 717 464 24824 0 0 1 standing 
5 674 361 715 465 24825 0 0 0 standing 
5 669 360 710 464 24826 0 0 1 standing 
5 665 359 706 463 24827 0 0 1 standing 
5 661 358 702 462 24828 0 0 1 standing 
5 657 358 698 462 24829 0 0 1 standing 
5 653 357 694 461 24830 0 0 1 standing 
5 649 356 690 460 24831 0 0 1 standing 
5 645 356 686 460 24832 0 0 1 standing 
5 641 355 682 459 24833 0 0 1 standing 
5 637 354 678 458 24834 0 0 1 standing 
6 941 464 992 570 24815 0 0 0 standing 
6 939 464 990 570 24816 0 0 1 standing 
6 938 465 989 571 24817 0 0 1 standing 
6 936 465 987 571 24818 0 0 1 standing 
6 935 466 986 572 24819 0 0 1 standing 
6 933 466 984 572 24820 0 0 1 standing 
6 932 467 983 573 24821 0 0 1 standing 
6 930 467 981 573 24822 0 0 1 standing 
6 929 468 980 574 24823 0 0 1 standing 
6 927 468 978 574 24824 0 0 1 standing 
6 926 469 977 575 24825 0 0 0 standing 
6 922 469 973 575 24826 0 0 1 standing 
6 919 469 970 575 24827 0 0 1 standing 
6 916 469 967 575 24828 0 0 1 standing 
6 913 469 964 575 24829 0 0 1 standing 
6 910 470 961 576 24830 0 0 1 standing 
6 907 470 958 576 24831 0 0 1 standing 
6 904 470 955 576 24832 0 0 1 standing 
6 901 470 952 576 24833 0 0 1 standing 
6 898 470 949 576 24834 0 0 1 standing 
7 919 362 965 457 24815 0 0 0 standing 
7 914 362 960 457 24816 0 0 1 standing 
7 910 362 956 457 24817 0 0 1 standing 
7 905 362 951 457 24818 0 0 1 standing 
7 901 362 947 457 24819 0 0 1 standing 
7 896 363 942 458 24820 0 0 1 standing 
7 892 363 938 458 24821 0 0 1 standing 
7 887 363 933 458 24822 0 0 1 standing 
7 883 363 929 458 24823 0 0 1 standing 
7 878 363 924 458 24824 0 0 1 standing 
7 874 364 920 459 24825 0 0 0 standing 
7 869 362 915 457 24826 0 0 1 standing 
7 865 361 911 456 24827 0 0 1 standing 
7 861 360 907 455 24828 0 0 1 standing 
7 857 359 903 454 24829 0 0 1 standing 
7 853 358 899 453 24830 0 0 1 standing 
7 849 357 895 452 24831 0 0 1 standing 
7 845 356 891 451 24832 0 0 1 standing 
7 841 355 887 450 24833 0 0 1 standing 
7 837 354 883 449 24834 0 0 1 standing 
8 202 447 267 556 24815 0 0 0 standing 
8 195 448 263 557 24816 0 0 1 standing 
8 188 449 259 558 24817 0 0 1 standing 
8 181 450 255 559 24818 0 0 1 standing 
8 174 451 251 560 24819 0 0 1 standing 
8 167 453 247 561 24820 0 0 0 standing 
8 163 451 240 560 24821 0 0 1 standing 
8 160 450 234 559 24822 0 0 1 standing 
8 156 449 227 558 24823 0 0 1 standing 
8 153 448 221 557 24824 0 0 1 standing 
8 150 447 215 556 24825 0 0 0 standing 
8 149 443 214 552 24826 0 0 1 standing 
8 148 440 213 549 24827 0 0 1 standing 
8 147 437 212 546 24828 0 0 1 standing 
8 146 434 211 543 24829 0 0 1 standing 
8 145 431 210 540 24830 0 0 1 standing 
8 144 428 209 537 24831 0 0 1 standing 
8 143 425 208 534 24832 0 0 1 standing 
8 142 422 207 531 24833 0 0 1 standing 
8 141 419 206 528 24834 0 0 1 standing 
9 480 425 552 537 24815 0 1 0 standing 
9 476 422 546 537 24816 0 1 1 setting 
9 472 419 541 538 24817 0 1 1 setting 
9 468 417 536 538 24818 0 1 1 setting 
9 464 414 531 539 24819 0 1 1 setting 
9 460 411 526 539 24820 0 1 1 setting 
9 457 409 521 540 24821 0 1 1 setting 
9 453 406 516 540 24822 0 1 1 setting 
9 449 403 511 541 24823 0 1 1 setting 
9 445 401 506 541 24824 0 1 1 setting 
9 441 398 501 542 24825 0 1 1 setting 
9 437 395 496 542 24826 0 1 1 setting 
9 434 393 491 543 24827 0 1 0 setting 
9 429 393 486 541 24828 0 1 1 setting 
9 424 394 481 539 24829 0 1 1 setting 
9 419 395 476 537 24830 0 1 1 setting 
9 414 396 471 536 24831 0 1 0 setting 
9 409 404 466 541 24832 0 1 1 setting 
9 404 412 462 547 24833 0 1 1 setting 
9 399 420 457 552 24834 0 1 1 setting 
10 695 391 746 514 24815 0 0 0 setting 
10 693 390 744 513 24816 0 0 1 standing 
10 692 390 743 513 24817 0 0 1 standing 
10 690 390 741 513 24818 0 0 1 standing 
10 689 390 740 513 24819 0 0 1 standing 
10 688 390 739 513 24820 0 0 1 standing 
10 686 390 737 513 24821 0 0 1 standing 
10 685 390 736 513 24822 0 0 1 standing 
10 683 390 734 513 24823 0 0 1 standing 
10 682 390 733 513 24824 0 0 1 standing 
10 681 390 732 513 24825 0 0 0 standing 
10 677 389 728 512 24826 0 0 1 standing 
10 674 389 725 512 24827 0 0 1 standing 
10 671 389 722 512 24828 0 0 1 standing 
10 667 388 718 511 24829 0 0 1 standing 
10 664 388 715 511 24830 0 0 1 standing 
10 661 388 712 511 24831 0 0 1 standing 
10 657 387 708 510 24832 0 0 1 standing 
10 654 387 705 510 24833 0 0 1 standing 
10 651 387 702 510 24834 0 0 1 standing 
11 992 411 1053 514 24815 0 0 0 standing 
11 989 410 1050 513 24816 0 0 1 standing 
11 987 410 1048 513 24817 0 0 1 standing 
11 985 410 1046 513 24818 0 0 1 standing 
11 982 410 1043 513 24819 0 0 1 standing 
11 980 410 1041 513 24820 0 0 1 standing 
11 978 409 1039 512 24821 0 0 1 standing 
11 975 409 1036 512 24822 0 0 1 standing 
11 973 409 1034 512 24823 0 0 1 standing 
11 971 409 1032 512 24824 0 0 1 standing 
11 969 409 1030 512 24825 0 0 0 standing 
11 965 409 1026 512 24826 0 0 1 standing 
11 962 410 1023 513 24827 0 0 1 standing 
11 959 410 1020 513 24828 0 0 1 standing 
11 956 411 1017 514 24829 0 0 1 standing 
11 953 412 1014 515 24830 0 0 1 standing 
11 950 412 1011 515 24831 0 0 1 standing 
11 947 413 1008 516 24832 0 0 1 standing 
11 944 413 1005 516 24833 0 0 1 standing 
11 941 414 1002 517 24834 0 0 1 standing 
