0 354 383 398 474 27285 0 1 0 digging 
0 358 383 402 473 27286 0 1 1 digging 
0 363 383 407 472 27287 0 1 1 digging 
0 368 383 411 471 27288 0 1 1 digging 
0 373 383 416 470 27289 0 1 1 digging 
0 378 384 421 470 27290 0 1 0 digging 
0 385 384 427 469 27291 0 1 1 digging 
0 392 384 433 469 27292 0 1 1 digging 
0 399 384 439 468 27293 0 1 1 digging 
0 406 384 445 468 27294 0 1 1 digging 
0 414 385 452 468 27295 0 1 0 digging 
0 419 389 457 472 27296 0 1 1 digging 
0 425 393 463 476 27297 0 1 1 digging 
0 430 397 469 480 27298 0 1 1 digging 
0 436 401 474 484 27299 0 1 1 digging 
0 441 405 480 488 27300 0 1 1 digging 
0 447 410 486 493 27301 0 1 0 digging 
0 449 413 491 496 27302 0 1 1 digging 
0 451 416 496 500 27303 0 1 1 digging 
0 453 419 501 503 27304 0 1 1 digging 
1 528 335 566 413 27285 0 0 0 digging 
1 536 334 574 414 27286 0 0 1 standing 
1 545 334 583 415 27287 0 0 1 standing 
1 553 334 591 416 27288 0 0 1 standing 
1 562 334 600 417 27289 0 0 0 standing 
1 568 333 606 418 27290 0 0 1 standing 
1 574 333 612 419 27291 0 0 1 standing 
1 580 333 618 420 27292 0 0 1 standing 
1 586 333 624 421 27293 0 0 0 standing 
1 589 332 627 420 27294 0 0 1 standing 
1 592 331 630 419 27295 0 0 1 standing 
1 595 330 633 418 27296 0 0 1 standing 
1 598 330 636 418 27297 0 0 0 standing 
1 601 332 639 422 27298 0 0 1 standing 
1 605 335 643 427 27299 0 0 1 standing 
1 609 337 646 431 27300 0 0 1 standing 
1 613 340 650 436 27301 0 0 0 standing 
1 613 341 650 435 27302 0 0 1 standing 
1 614 342 651 435 27303 0 0 1 standing 
1 615 343 651 434 27304 0 0 1 standing 
2 751 315 782 435 27285 0 0 0 standing 
2 755 319 786 436 27286 0 0 1 standing 
2 760 323 791 438 27287 0 0 1 standing 
2 765 327 795 439 27288 0 0 1 standing 
2 770 331 800 441 27289 0 0 0 standing 
2 775 331 805 442 27290 0 0 1 standing 
2 780 331 810 443 27291 0 0 1 standing 
2 785 331 815 444 27292 0 0 1 standing 
2 790 331 820 445 27293 0 0 0 standing 
2 793 332 823 446 27294 0 0 1 standing 
2 797 333 827 448 27295 0 0 1 standing 
2 801 334 831 449 27296 0 0 1 standing 
2 805 335 835 451 27297 0 0 0 standing 
2 806 335 836 450 27298 0 0 1 standing 
2 808 335 838 449 27299 0 0 1 standing 
2 809 336 840 449 27300 0 0 1 standing 
2 811 336 841 448 27301 0 0 1 standing 
2 812 337 843 448 27302 0 0 1 standing 
2 814 337 845 447 27303 0 0 1 standing 
2 815 338 846 447 27304 0 0 1 standing 
3 809 330 852 440 27285 0 0 0 standing 
3 814 336 856 446 27286 0 0 1 standing 
3 819 342 860 452 27287 0 0 1 standing 
3 824 349 865 458 27288 0 0 0 standing 
3 829 351 869 457 27289 0 0 1 standing 
3 835 354 874 456 27290 0 0 1 standing 
3 841 356 879 455 27291 0 0 1 standing 
3 847 359 884 454 27292 0 0 0 standing 
3 854 357 890 455 27293 0 0 1 standing 
3 861 356 897 456 27294 0 0 1 standing 
3 868 355 904 457 27295 0 0 1 standing 
3 876 354 911 459 27296 0 0 0 standing 
3 881 353 916 460 27297 0 0 1 standing 
3 887 353 922 461 27298 0 0 1 standing 
3 893 353 927 462 27299 0 0 1 standing 
3 899 353 933 464 27300 0 0 0 standing 
3 902 355 936 465 27301 0 0 1 standing 
3 905 357 939 466 27302 0 0 1 standing 
3 908 359 942 467 27303 0 0 1 standing 
3 911 361 945 468 27304 0 0 1 standing 
4 977 301 1013 403 27285 0 0 0 standing 
4 979 301 1015 403 27286 0 0 1 standing 
4 981 301 1017 403 27287 0 0 1 standing 
4 984 301 1020 403 27288 0 0 1 standing 
4 986 301 1022 403 27289 0 0 1 standing 
4 989 301 1025 403 27290 0 0 0 standing 
4 993 300 1029 402 27291 0 0 1 standing 
4 997 300 1033 402 27292 0 0 1 standing 
4 1001 300 1037 402 27293 0 0 1 standing 
4 1005 300 1041 402 27294 0 0 1 standing 
4 1009 300 1045 402 27295 0 0 0 standing 
4 1013 301 1049 403 27296 0 0 1 standing 
4 1017 302 1053 405 27297 0 0 1 standing 
4 1022 303 1057 407 27298 0 0 1 standing 
4 1026 304 1061 409 27299 0 0 1 standing 
4 1030 305 1065 411 27300 0 0 1 standing 
4 1035 306 1070 413 27301 0 0 0 standing 
4 1038 307 1073 415 27302 0 0 1 standing 
4 1041 308 1076 417 27303 0 0 1 standing 
4 1044 309 1079 419 27304 0 0 1 standing 
5 1091 407 1125 526 27285 0 0 0 standing 
5 1095 407 1129 526 27286 0 0 1 standing 
5 1099 408 1134 526 27287 0 0 1 standing 
5 1103 408 1139 526 27288 0 0 1 standing 
5 1107 409 1143 526 27289 0 0 1 standing 
5 1111 409 1148 526 27290 0 0 1 standing 
5 1115 410 1153 526 27291 0 0 0 standing 
5 1119 410 1158 526 27292 0 0 1 standing 
5 1123 410 1163 527 27293 0 0 1 standing 
5 1127 410 1168 527 27294 0 0 1 standing 
5 1132 410 1174 528 27295 0 0 0 standing 
5 1136 410 1177 528 27296 0 0 1 standing 
5 1140 410 1181 528 27297 0 0 1 standing 
5 1144 410 1185 528 27298 0 0 1 standing 
5 1148 410 1188 528 27299 0 0 1 standing 
5 1152 410 1192 528 27300 0 0 1 standing 
5 1156 410 1196 528 27301 0 0 1 standing 
5 1161 411 1200 529 27302 0 0 0 standing 
5 1162 412 1201 529 27303 0 0 1 standing 
5 1164 413 1202 530 27304 0 0 1 standing 
6 525 414 574 516 27285 0 0 0 standing 
6 530 412 578 516 27286 0 0 1 standing 
6 535 411 583 516 27287 0 0 1 standing 
6 540 410 588 516 27288 0 0 1 standing 
6 545 409 593 516 27289 0 0 1 standing 
6 550 408 598 516 27290 0 0 1 standing 
6 555 406 603 516 27291 0 0 1 standing 
6 560 405 608 516 27292 0 0 1 standing 
6 565 404 613 516 27293 0 0 1 standing 
6 570 403 618 516 27294 0 0 1 standing 
6 576 402 623 517 27295 0 0 0 standing 
6 581 403 628 518 27296 0 0 1 standing 
6 586 405 633 519 27297 0 0 1 standing 
6 592 406 639 520 27298 0 0 1 standing 
6 597 408 644 521 27299 0 0 1 standing 
6 602 409 649 522 27300 0 0 1 standing 
6 608 411 655 523 27301 0 0 0 standing 
6 612 410 659 521 27302 0 0 1 standing 
6 617 409 664 520 27303 0 0 1 standing 
6 622 408 668 518 27304 0 0 1 standing 
7 768 337 796 454 27285 0 0 0 standing 
7 772 337 800 454 27286 0 0 1 standing 
7 776 338 804 454 27287 0 0 1 standing 
7 780 339 809 454 27288 0 0 1 standing 
7 784 340 813 454 27289 0 0 1 standing 
7 788 341 818 454 27290 0 0 1 standing 
7 792 342 822 454 27291 0 0 1 standing 
7 796 343 827 454 27292 0 0 1 standing 
7 800 344 831 454 27293 0 0 1 standing 
7 805 345 836 455 27294 0 0 0 standing 
7 807 345 839 455 27295 0 0 1 standing 
7 810 345 842 455 27296 0 0 1 standing 
7 813 345 845 455 27297 0 0 1 standing 
7 816 346 849 455 27298 0 0 0 standing 
7 816 346 849 455 27299 0 0 1 standing 
7 816 347 849 455 27300 0 0 1 standing 
7 816 347 849 456 27301 0 0 1 standing 
7 816 348 850 456 27302 0 0 1 standing 
7 816 348 850 457 27303 0 0 1 standing 
7 816 349 850 457 27304 0 0 1 standing 
8 837 372 868 491 27285 0 0 0 standing 
8 843 373 874 493 27286 0 0 1 standing 
8 849 374 880 495 27287 0 0 1 standing 
8 855 375 886 498 27288 0 0 1 standing 
8 861 376 892 500 27289 0 0 1 standing 
8 867 377 899 503 27290 0 0 0 standing 
8 874 377 906 503 27291 0 0 1 standing 
8 881 378 914 503 27292 0 0 1 standing 
8 888 378 922 503 27293 0 0 1 standing 
8 895 379 929 503 27294 0 0 1 standing 
8 902 379 937 503 27295 0 0 1 standing 
8 909 380 945 503 27296 0 0 1 standing 
8 916 381 953 503 27297 0 0 0 standing 
8 922 381 958 503 27298 0 0 1 standing 
8 928 382 964 504 27299 0 0 1 standing 
8 934 382 970 505 27300 0 0 1 standing 
8 940 383 976 506 27301 0 0 0 standing 
8 942 380 978 503 27302 0 0 1 standing 
8 945 377 980 500 27303 0 0 1 standing 
8 948 374 982 497 27304 0 0 1 standing 
9 969 378 1007 496 27285 0 0 0 standing 
9 973 376 1011 495 27286 0 0 1 standing 
9 978 375 1016 494 27287 0 0 1 standing 
9 982 374 1020 493 27288 0 0 1 standing 
9 987 373 1025 492 27289 0 0 1 standing 
9 991 372 1029 491 27290 0 0 1 standing 
9 996 371 1034 491 27291 0 0 0 standing 
9 1001 370 1039 490 27292 0 0 1 standing 
9 1007 369 1045 490 27293 0 0 1 standing 
9 1013 368 1050 489 27294 0 0 1 standing 
9 1019 368 1056 489 27295 0 0 0 standing 
9 1023 368 1061 488 27296 0 0 1 standing 
9 1027 369 1066 488 27297 0 0 1 standing 
9 1032 369 1071 488 27298 0 0 1 standing 
9 1036 370 1076 488 27299 0 0 1 standing 
9 1041 370 1081 488 27300 0 0 1 standing 
9 1045 371 1086 488 27301 0 0 1 standing 
9 1050 371 1091 488 27302 0 0 1 standing 
9 1054 372 1096 488 27303 0 0 1 standing 
9 1059 372 1101 488 27304 0 0 1 standing 
10 730 412 769 550 27285 0 0 0 standing 
10 732 412 772 549 27286 0 0 1 standing 
10 735 413 776 548 27287 0 0 1 standing 
10 737 414 780 547 27288 0 0 1 standing 
10 740 414 783 546 27289 0 0 1 standing 
10 742 415 787 545 27290 0 0 1 standing 
10 745 416 791 545 27291 0 0 0 standing 
10 747 416 794 543 27292 0 0 1 standing 
10 749 417 798 542 27293 0 0 1 standing 
10 751 417 801 541 27294 0 0 1 standing 
10 754 418 805 540 27295 0 0 0 standing 
10 752 418 803 540 27296 0 0 1 standing 
10 750 419 801 541 27297 0 0 1 standing 
10 748 419 799 541 27298 0 0 1 standing 
10 746 420 797 542 27299 0 0 1 standing 
10 744 420 795 542 27300 0 0 1 standing 
10 742 421 793 543 27301 0 0 1 standing 
10 740 421 791 543 27302 0 0 1 standing 
10 738 422 789 544 27303 0 0 1 standing 
10 736 422 787 544 27304 0 0 1 standing 
11 840 428 885 555 27285 0 0 0 standing 
11 844 427 888 555 27286 0 0 1 standing 
11 849 426 891 555 27287 0 0 1 standing 
11 853 425 894 555 27288 0 0 1 standing 
11 858 425 898 555 27289 0 0 0 standing 
11 861 425 900 556 27290 0 0 1 standing 
11 865 425 903 557 27291 0 0 1 standing 
11 868 425 905 558 27292 0 0 1 standing 
11 872 426 908 559 27293 0 0 0 standing 
11 875 428 910 561 27294 0 0 1 standing 
11 878 431 913 564 27295 0 0 1 standing 
11 881 434 916 567 27296 0 0 1 standing 
11 884 437 919 570 27297 0 0 1 standing 
11 887 440 922 573 27298 0 0 1 standing 
11 891 443 925 576 27299 0 0 0 standing 
11 892 441 926 575 27300 0 0 1 standing 
11 894 440 928 574 27301 0 0 1 standing 
11 896 439 930 573 27302 0 0 1 standing 
11 898 437 931 572 27303 0 0 1 standing 
11 900 436 933 571 27304 0 0 1 standing 
