0 372 479 423 583 12600 0 1 0 standing 
0 371 478 422 582 12601 0 1 1 standing 
0 371 477 421 581 12602 0 1 1 standing 
0 370 476 421 581 12603 0 1 1 standing 
0 370 475 420 580 12604 0 1 1 standing 
0 369 474 420 580 12605 0 1 1 standing 
0 369 473 419 579 12606 0 1 1 standing 
0 368 472 418 578 12607 0 1 1 standing 
0 368 471 418 578 12608 0 1 1 standing 
0 367 470 417 577 12609 0 1 1 standing 
0 367 469 417 577 12610 0 1 0 standing 
0 365 468 415 576 12611 0 1 1 standing 
0 363 468 413 576 12612 0 1 1 standing 
0 361 468 411 576 12613 0 1 1 standing 
0 359 468 409 576 12614 0 1 1 standing 
0 357 468 407 576 12615 0 1 1 standing 
0 355 467 405 575 12616 0 1 1 standing 
0 353 467 403 575 12617 0 1 1 standing 
0 351 467 401 575 12618 0 1 1 standing 
0 349 467 399 575 12619 0 1 1 standing 
1 732 439 769 560 12600 0 0 0 standing 
1 731 441 768 561 12601 0 0 1 standing 
1 730 443 767 563 12602 0 0 1 standing 
1 729 445 766 564 12603 0 0 1 standing 
1 728 448 765 566 12604 0 0 1 standing 
1 727 450 764 567 12605 0 0 1 standing 
1 726 452 763 569 12606 0 0 1 standing 
1 725 455 762 570 12607 0 0 1 standing 
1 724 457 761 572 12608 0 0 1 standing 
1 723 459 760 573 12609 0 0 1 standing 
1 723 462 760 575 12610 0 0 0 standing 
1 720 464 759 576 12611 0 0 1 standing 
1 717 466 758 578 12612 0 0 1 standing 
1 714 468 757 579 12613 0 0 1 standing 
1 711 470 756 581 12614 0 0 1 standing 
1 708 472 755 582 12615 0 0 1 standing 
1 705 475 754 584 12616 0 0 0 standing 
1 699 477 750 585 12617 0 0 1 standing 
1 694 480 747 586 12618 0 0 1 standing 
1 688 482 743 587 12619 0 0 1 standing 
2 545 385 606 462 12600 0 1 0 standing 
2 543 386 604 462 12601 0 1 1 falling 
2 541 388 602 463 12602 0 1 1 falling 
2 539 390 600 463 12603 0 1 1 falling 
2 537 391 598 464 12604 0 1 1 falling 
2 535 393 596 464 12605 0 1 1 falling 
2 533 395 594 465 12606 0 1 1 falling 
2 531 396 592 465 12607 0 1 1 falling 
2 529 398 590 466 12608 0 1 1 falling 
2 527 400 588 466 12609 0 1 1 falling 
2 525 402 586 467 12610 0 1 0 falling 
2 522 402 583 467 12611 0 1 1 falling 
2 520 402 581 467 12612 0 1 1 falling 
2 518 403 579 468 12613 0 1 1 falling 
2 516 403 577 468 12614 0 1 1 falling 
2 514 403 575 468 12615 0 1 1 falling 
2 512 404 573 469 12616 0 0 0 falling 
2 509 403 570 468 12617 0 0 1 falling 
2 507 403 568 468 12618 0 0 1 falling 
2 505 403 566 468 12619 0 0 1 falling 
3 771 527 817 665 12600 0 0 0 falling 
3 771 528 818 665 12601 0 0 1 standing 
3 771 529 820 665 12602 0 0 1 standing 
3 772 530 821 665 12603 0 0 1 standing 
3 772 531 823 665 12604 0 0 1 standing 
3 773 533 825 666 12605 0 0 1 standing 
3 773 534 826 666 12606 0 0 1 standing 
3 773 535 828 666 12607 0 0 1 standing 
3 774 536 829 666 12608 0 0 1 standing 
3 774 537 831 666 12609 0 0 1 standing 
3 775 539 833 667 12610 0 0 0 standing 
3 776 536 833 665 12611 0 0 1 standing 
3 778 534 834 663 12612 0 0 1 standing 
3 780 532 835 661 12613 0 0 1 standing 
3 782 530 835 659 12614 0 0 1 standing 
3 784 528 836 657 12615 0 0 1 standing 
3 785 526 837 655 12616 0 0 1 standing 
3 787 524 837 653 12617 0 0 1 standing 
3 789 522 838 651 12618 0 0 1 standing 
3 791 520 839 649 12619 0 0 1 standing 
4 806 456 853 555 12600 0 0 0 standing 
4 802 459 849 558 12601 0 0 1 standing 
4 799 462 845 561 12602 0 0 1 standing 
4 795 465 842 564 12603 0 0 1 standing 
4 792 468 838 567 12604 0 0 1 standing 
4 789 472 835 570 12605 0 0 0 standing 
4 787 472 833 570 12606 0 0 1 standing 
4 785 472 831 570 12607 0 0 1 standing 
4 783 472 829 570 12608 0 0 1 standing 
4 781 472 827 570 12609 0 0 1 standing 
4 780 473 825 570 12610 0 0 0 standing 
4 778 471 823 570 12611 0 0 1 standing 
4 776 470 821 570 12612 0 0 1 standing 
4 775 469 819 571 12613 0 0 1 standing 
4 773 468 818 571 12614 0 0 1 standing 
4 772 467 816 572 12615 0 0 1 standing 
4 770 465 814 572 12616 0 0 1 standing 
4 768 464 813 572 12617 0 0 1 standing 
4 767 463 811 573 12618 0 0 1 standing 
4 765 462 809 573 12619 0 0 1 standing 
5 979 447 1037 532 12600 0 0 0 standing 
5 978 447 1036 532 12601 0 0 1 waiting 
5 978 447 1036 532 12602 0 0 1 waiting 
5 978 447 1036 532 12603 0 0 1 waiting 
5 978 447 1036 532 12604 0 0 1 waiting 
5 978 447 1036 532 12605 0 0 1 waiting 
5 978 447 1036 532 12606 0 0 1 waiting 
5 978 447 1036 532 12607 0 0 1 waiting 
5 978 447 1036 532 12608 0 0 1 waiting 
5 978 447 1036 532 12609 0 0 1 waiting 
5 978 447 1036 532 12610 0 0 0 waiting 
5 976 446 1034 531 12611 0 0 1 waiting 
5 974 446 1032 531 12612 0 0 1 waiting 
5 972 445 1030 530 12613 0 0 1 waiting 
5 971 445 1029 530 12614 0 0 1 waiting 
5 969 445 1027 530 12615 0 0 1 waiting 
5 967 444 1025 529 12616 0 0 1 waiting 
5 966 444 1024 529 12617 0 0 1 waiting 
5 964 443 1022 528 12618 0 0 1 waiting 
5 962 443 1020 528 12619 0 0 1 waiting 
6 596 459 636 559 12600 0 0 0 waiting 
6 596 459 636 558 12601 0 0 1 standing 
6 596 459 636 558 12602 0 0 1 standing 
6 596 459 637 558 12603 0 0 1 standing 
6 596 459 637 558 12604 0 0 1 standing 
6 596 459 638 558 12605 0 0 1 standing 
6 596 459 638 558 12606 0 0 1 standing 
6 596 459 638 558 12607 0 0 1 standing 
6 596 459 639 558 12608 0 0 1 standing 
6 596 459 639 558 12609 0 0 1 standing 
6 596 459 640 558 12610 0 0 0 standing 
6 596 459 640 558 12611 0 0 1 standing 
6 596 459 640 558 12612 0 0 1 standing 
6 597 460 641 559 12613 0 0 1 standing 
6 597 460 641 559 12614 0 0 1 standing 
6 598 461 642 560 12615 0 0 1 standing 
6 598 461 642 560 12616 0 0 1 standing 
6 598 461 642 560 12617 0 0 1 standing 
6 599 462 643 561 12618 0 0 1 standing 
6 599 462 643 561 12619 0 0 1 standing 
7 444 398 507 475 12600 0 1 0 standing 
7 443 397 506 474 12601 0 1 1 standing 
7 443 396 506 474 12602 0 1 1 standing 
7 443 395 505 474 12603 0 1 1 standing 
7 443 394 505 474 12604 0 1 1 standing 
7 443 393 505 474 12605 0 1 1 standing 
7 442 392 504 474 12606 0 1 1 standing 
7 442 391 504 474 12607 0 1 1 standing 
7 442 390 503 474 12608 0 1 1 standing 
7 442 389 503 474 12609 0 1 1 standing 
7 442 389 503 474 12610 0 1 0 standing 
7 439 389 499 473 12611 0 1 1 standing 
7 437 389 495 473 12612 0 1 1 standing 
7 435 389 492 473 12613 0 1 1 standing 
7 433 389 488 473 12614 0 1 1 standing 
7 431 389 485 473 12615 0 1 1 standing 
7 428 389 481 473 12616 0 1 1 standing 
7 426 389 477 473 12617 0 1 1 standing 
7 424 389 474 473 12618 0 1 1 standing 
7 422 389 470 473 12619 0 1 1 standing 
8 728 429 768 544 12600 0 0 0 standing 
8 727 431 767 546 12601 0 0 1 standing 
8 726 434 766 549 12602 0 0 1 standing 
8 725 437 765 552 12603 0 0 1 standing 
8 724 439 764 554 12604 0 0 1 standing 
8 724 442 764 557 12605 0 0 1 standing 
8 723 445 763 560 12606 0 0 1 standing 
8 722 447 762 562 12607 0 0 1 standing 
8 721 450 761 565 12608 0 0 1 standing 
8 720 453 760 568 12609 0 0 1 standing 
8 720 456 760 571 12610 0 0 0 standing 
8 714 456 755 571 12611 0 0 1 standing 
8 708 457 750 571 12612 0 0 1 standing 
8 702 458 746 571 12613 0 0 1 standing 
8 696 458 741 571 12614 0 0 1 standing 
8 691 459 737 571 12615 0 0 1 standing 
8 685 460 732 571 12616 0 0 1 standing 
8 679 460 727 571 12617 0 0 1 standing 
8 673 461 723 571 12618 0 0 1 standing 
8 667 462 718 571 12619 0 0 1 standing 
9 860 466 900 571 12600 0 0 0 standing 
9 859 466 899 571 12601 0 0 1 standing 
9 858 467 898 572 12602 0 0 1 standing 
9 857 467 897 572 12603 0 0 1 standing 
9 856 468 896 573 12604 0 0 1 standing 
9 855 469 895 574 12605 0 0 1 standing 
9 854 469 894 574 12606 0 0 1 standing 
9 853 470 893 575 12607 0 0 1 standing 
9 852 470 892 575 12608 0 0 1 standing 
9 851 471 891 576 12609 0 0 1 standing 
9 850 472 890 577 12610 0 0 0 standing 
9 848 472 888 576 12611 0 0 1 standing 
9 846 473 887 576 12612 0 0 1 standing 
9 844 474 886 576 12613 0 0 1 standing 
9 843 474 885 576 12614 0 0 1 standing 
9 841 475 884 576 12615 0 0 1 standing 
9 839 476 882 576 12616 0 0 1 standing 
9 838 476 881 576 12617 0 0 1 standing 
9 836 477 880 576 12618 0 0 1 standing 
9 834 478 879 576 12619 0 0 1 standing 
10 825 439 873 529 12600 0 0 0 standing 
10 824 438 872 528 12601 0 0 1 waiting 
10 824 438 872 527 12602 0 0 1 waiting 
10 824 437 871 526 12603 0 0 1 waiting 
10 823 437 871 525 12604 0 0 1 waiting 
10 823 436 871 524 12605 0 0 1 waiting 
10 823 436 870 523 12606 0 0 1 waiting 
10 822 435 870 522 12607 0 0 1 waiting 
10 822 435 869 521 12608 0 0 1 waiting 
10 822 434 869 520 12609 0 0 1 waiting 
10 822 434 869 519 12610 0 0 0 waiting 
10 820 434 867 519 12611 0 0 1 waiting 
10 818 434 865 519 12612 0 0 1 waiting 
10 816 434 863 519 12613 0 0 1 waiting 
10 814 435 861 520 12614 0 0 1 waiting 
10 812 435 859 520 12615 0 0 1 waiting 
10 810 435 857 520 12616 0 0 1 waiting 
10 808 436 855 521 12617 0 0 1 waiting 
10 806 436 853 521 12618 0 0 1 waiting 
10 804 436 851 521 12619 0 0 1 waiting 
11 826 367 873 454 12600 0 0 0 waiting 
11 823 368 870 454 12601 0 0 1 standing 
11 820 370 867 455 12602 0 0 1 standing 
11 817 371 865 455 12603 0 0 1 standing 
11 814 373 862 456 12604 0 0 1 standing 
11 811 375 860 457 12605 0 0 1 standing 
11 808 376 857 457 12606 0 0 1 standing 
11 805 378 854 458 12607 0 0 1 standing 
11 802 379 852 458 12608 0 0 1 standing 
11 799 381 849 459 12609 0 0 1 standing 
11 796 383 847 460 12610 0 0 0 standing 
11 794 383 845 459 12611 0 0 1 standing 
11 792 383 844 459 12612 0 0 1 standing 
11 790 383 843 459 12613 0 0 1 standing 
11 788 383 842 459 12614 0 0 1 standing 
11 786 383 841 459 12615 0 0 1 standing 
11 784 383 839 459 12616 0 0 1 standing 
11 782 383 838 459 12617 0 0 1 standing 
11 780 383 837 459 12618 0 0 1 standing 
11 778 383 836 459 12619 0 0 1 standing 
