0 340 423 392 546 52480 0 0 0 standing 
0 341 422 392 546 52481 0 0 1 standing 
0 342 422 393 546 52482 0 0 1 standing 
0 343 421 393 546 52483 0 0 1 standing 
0 345 421 394 546 52484 0 0 0 standing 
0 345 421 393 546 52485 0 0 1 standing 
0 345 421 392 546 52486 0 0 1 standing 
0 345 421 391 547 52487 0 0 1 standing 
0 345 421 390 547 52488 0 0 1 standing 
0 345 421 390 548 52489 0 0 0 standing 
0 346 420 390 547 52490 0 0 1 standing 
0 348 420 391 547 52491 0 0 1 standing 
0 350 419 392 547 52492 0 0 1 standing 
0 351 419 393 547 52493 0 0 1 standing 
0 353 418 394 547 52494 0 0 1 standing 
0 355 418 395 546 52495 0 0 1 standing 
0 356 417 396 546 52496 0 0 1 standing 
0 358 417 397 546 52497 0 0 1 standing 
0 360 416 398 546 52498 0 0 1 standing 
0 362 416 399 546 52499 0 0 0 standing 
1 573 372 627 470 52480 0 0 0 standing 
1 568 371 621 468 52481 0 0 1 moving 
1 563 371 616 467 52482 0 0 1 moving 
1 558 371 611 465 52483 0 0 1 moving 
1 553 371 606 464 52484 0 0 1 moving 
1 548 371 601 462 52485 0 0 1 moving 
1 543 370 596 461 52486 0 0 1 moving 
1 538 370 591 459 52487 0 0 1 moving 
1 533 370 586 458 52488 0 0 1 moving 
1 528 370 581 456 52489 0 0 1 moving 
1 523 370 576 455 52490 0 0 0 moving 
1 517 368 578 454 52491 0 0 1 moving 
1 512 366 580 453 52492 0 0 1 moving 
1 507 364 582 453 52493 0 0 1 moving 
1 502 362 584 452 52494 0 0 1 moving 
1 497 360 586 452 52495 0 0 0 moving 
1 503 362 583 452 52496 0 0 1 moving 
1 509 365 580 453 52497 0 0 1 moving 
1 515 367 577 454 52498 0 0 1 moving 
1 521 370 574 455 52499 0 0 0 moving 
2 701 391 751 504 52480 0 1 0 moving 
2 698 389 752 502 52481 0 1 1 digging 
2 695 388 754 501 52482 0 1 1 digging 
2 692 386 756 499 52483 0 1 1 digging 
2 689 385 758 498 52484 0 1 0 digging 
2 692 382 766 495 52485 0 1 1 digging 
2 695 379 775 492 52486 0 1 1 digging 
2 698 377 784 490 52487 0 1 0 digging 
2 700 369 782 488 52488 0 1 1 digging 
2 702 361 780 487 52489 0 1 1 digging 
2 704 353 778 486 52490 0 1 1 digging 
2 707 346 776 485 52491 0 1 0 digging 
2 698 351 773 485 52492 0 1 1 digging 
2 689 356 770 486 52493 0 1 1 digging 
2 680 361 767 486 52494 0 1 1 digging 
2 671 366 764 487 52495 0 1 0 digging 
2 679 371 761 488 52496 0 1 1 digging 
2 687 376 758 489 52497 0 1 1 digging 
2 695 382 756 491 52498 0 1 1 digging 
2 703 387 753 492 52499 0 1 1 digging 
3 798 449 842 581 52480 0 0 0 digging 
3 793 446 837 578 52481 0 0 1 standing 
3 789 444 833 576 52482 0 0 1 standing 
3 785 442 829 574 52483 0 0 1 standing 
3 780 440 824 572 52484 0 0 1 standing 
3 776 438 820 570 52485 0 0 1 standing 
3 772 436 816 568 52486 0 0 1 standing 
3 767 434 811 566 52487 0 0 1 standing 
3 763 432 807 564 52488 0 0 1 standing 
3 759 430 803 562 52489 0 0 1 standing 
3 755 428 799 560 52490 0 0 0 standing 
3 750 425 794 558 52491 0 0 1 standing 
3 745 422 789 557 52492 0 0 1 standing 
3 740 420 784 555 52493 0 0 1 standing 
3 735 417 779 554 52494 0 0 1 standing 
3 730 415 774 553 52495 0 0 0 standing 
3 725 415 769 554 52496 0 0 1 standing 
3 721 416 765 556 52497 0 0 1 standing 
3 716 416 760 557 52498 0 0 1 standing 
3 712 417 756 559 52499 0 0 0 standing 
4 907 422 946 567 52480 0 0 0 standing 
4 902 419 941 564 52481 0 0 1 standing 
4 897 416 936 561 52482 0 0 1 standing 
4 892 413 931 558 52483 0 0 1 standing 
4 887 410 926 555 52484 0 0 1 standing 
4 882 407 921 552 52485 0 0 1 standing 
4 877 404 916 549 52486 0 0 0 standing 
4 872 403 910 548 52487 0 0 1 standing 
4 868 403 905 548 52488 0 0 1 standing 
4 863 403 900 547 52489 0 0 1 standing 
4 859 403 895 547 52490 0 0 0 standing 
4 854 403 890 544 52491 0 0 1 standing 
4 849 404 885 541 52492 0 0 1 standing 
4 844 404 880 538 52493 0 0 1 standing 
4 840 405 876 535 52494 0 0 0 standing 
4 835 403 872 532 52495 0 0 1 standing 
4 831 401 868 529 52496 0 0 1 standing 
4 827 400 864 527 52497 0 0 1 standing 
4 822 398 860 524 52498 0 0 1 standing 
4 818 396 856 521 52499 0 0 1 standing 
5 971 412 1014 529 52480 0 0 0 standing 
5 963 409 1005 526 52481 0 0 1 standing 
5 955 407 996 524 52482 0 0 1 standing 
5 947 405 988 522 52483 0 0 1 standing 
5 939 403 979 520 52484 0 0 1 standing 
5 931 401 971 518 52485 0 0 0 standing 
5 923 398 962 515 52486 0 0 1 standing 
5 915 395 954 512 52487 0 0 1 standing 
5 908 392 945 509 52488 0 0 1 standing 
5 900 389 937 506 52489 0 0 1 standing 
5 893 387 929 503 52490 0 0 0 standing 
5 886 387 922 503 52491 0 0 1 standing 
5 879 388 915 503 52492 0 0 1 standing 
5 872 388 908 503 52493 0 0 1 standing 
5 865 389 901 503 52494 0 0 1 standing 
5 859 390 895 503 52495 0 0 0 standing 
5 853 388 889 501 52496 0 0 1 standing 
5 848 387 884 499 52497 0 0 1 standing 
5 843 386 878 497 52498 0 0 1 standing 
5 837 384 873 495 52499 0 0 1 standing 
6 1051 378 1109 490 52480 0 0 0 standing 
6 1046 377 1104 489 52481 0 0 1 standing 
6 1041 377 1099 489 52482 0 0 1 standing 
6 1036 377 1094 488 52483 0 0 1 standing 
6 1032 376 1089 488 52484 0 0 1 standing 
6 1027 376 1085 488 52485 0 0 1 standing 
6 1022 376 1080 487 52486 0 0 1 standing 
6 1018 375 1075 487 52487 0 0 1 standing 
6 1013 375 1070 486 52488 0 0 1 standing 
6 1008 375 1065 486 52489 0 0 1 standing 
6 1004 375 1061 486 52490 0 0 0 standing 
6 1003 375 1059 486 52491 0 0 1 standing 
6 1002 375 1057 487 52492 0 0 1 standing 
6 1001 375 1055 487 52493 0 0 1 standing 
6 1000 375 1054 488 52494 0 0 1 standing 
6 999 375 1052 488 52495 0 0 1 standing 
6 998 375 1050 489 52496 0 0 1 standing 
6 997 376 1049 490 52497 0 0 0 standing 
6 997 375 1048 490 52498 0 0 1 standing 
6 997 375 1047 490 52499 0 0 1 standing 
7 1220 457 1272 580 52480 0 0 0 standing 
7 1219 454 1271 577 52481 0 0 1 standing 
7 1219 452 1271 575 52482 0 0 1 standing 
7 1219 450 1271 573 52483 0 0 1 standing 
7 1219 448 1271 571 52484 0 0 1 standing 
7 1218 445 1270 568 52485 0 0 1 standing 
7 1218 443 1270 566 52486 0 0 1 standing 
7 1218 441 1270 564 52487 0 0 1 standing 
7 1218 439 1270 562 52488 0 0 0 standing 
7 1218 439 1269 562 52489 0 0 1 standing 
7 1219 439 1269 562 52490 0 0 1 standing 
7 1220 439 1269 562 52491 0 0 1 standing 
7 1220 439 1269 562 52492 0 0 1 standing 
7 1221 439 1269 562 52493 0 0 1 standing 
7 1222 439 1269 562 52494 0 0 1 standing 
7 1223 440 1269 563 52495 0 0 0 standing 
7 1226 439 1271 562 52496 0 0 1 standing 
7 1229 439 1273 562 52497 0 0 1 standing 
7 1232 438 1275 561 52498 0 0 1 standing 
7 1235 438 1277 561 52499 0 0 1 standing 
8 412 468 468 615 52480 0 0 0 standing 
8 405 468 461 615 52481 0 0 1 standing 
8 398 469 454 616 52482 0 0 1 standing 
8 392 469 448 616 52483 0 0 1 standing 
8 385 470 441 617 52484 0 0 1 standing 
8 378 470 434 617 52485 0 0 1 standing 
8 372 471 428 618 52486 0 0 0 standing 
8 367 471 423 618 52487 0 0 1 standing 
8 363 472 419 619 52488 0 0 1 standing 
8 359 472 415 619 52489 0 0 1 standing 
8 355 473 411 620 52490 0 0 0 standing 
8 352 473 408 620 52491 0 0 1 standing 
8 349 474 405 621 52492 0 0 1 standing 
8 346 474 402 621 52493 0 0 1 standing 
8 343 475 399 622 52494 0 0 1 standing 
8 340 475 396 622 52495 0 0 1 standing 
8 337 476 393 623 52496 0 0 1 standing 
8 334 476 390 623 52497 0 0 1 standing 
8 331 477 387 624 52498 0 0 1 standing 
8 329 478 385 625 52499 0 0 0 standing 
9 792 483 841 618 52480 0 0 0 standing 
9 784 481 833 618 52481 0 0 1 standing 
9 777 480 826 618 52482 0 0 1 standing 
9 770 479 819 618 52483 0 0 1 standing 
9 762 478 811 618 52484 0 0 1 standing 
9 755 477 804 618 52485 0 0 1 standing 
9 748 476 797 619 52486 0 0 0 standing 
9 741 473 789 617 52487 0 0 1 standing 
9 734 471 782 616 52488 0 0 1 standing 
9 727 468 775 615 52489 0 0 1 standing 
9 720 466 768 614 52490 0 0 0 standing 
9 712 466 760 614 52491 0 0 1 standing 
9 705 467 753 615 52492 0 0 1 standing 
9 698 467 746 615 52493 0 0 1 standing 
9 691 468 739 616 52494 0 0 0 standing 
9 685 471 733 619 52495 0 0 1 standing 
9 680 474 728 622 52496 0 0 1 standing 
9 675 477 723 625 52497 0 0 0 standing 
9 671 475 719 623 52498 0 0 1 standing 
9 667 474 715 622 52499 0 0 1 standing 
10 961 481 1009 619 52480 0 0 0 standing 
10 953 479 1000 617 52481 0 0 1 standing 
10 945 478 992 615 52482 0 0 1 standing 
10 937 477 983 613 52483 0 0 1 standing 
10 929 475 975 612 52484 0 0 1 standing 
10 922 474 967 610 52485 0 0 1 standing 
10 914 473 958 608 52486 0 0 1 standing 
10 906 471 950 607 52487 0 0 1 standing 
10 898 470 941 605 52488 0 0 1 standing 
10 890 469 933 603 52489 0 0 1 standing 
10 883 468 925 602 52490 0 0 0 standing 
10 876 468 918 602 52491 0 0 1 standing 
10 869 468 911 602 52492 0 0 1 standing 
10 862 469 904 603 52493 0 0 1 standing 
10 856 469 898 603 52494 0 0 1 standing 
10 849 469 891 603 52495 0 0 1 standing 
10 842 470 884 604 52496 0 0 1 standing 
10 835 470 877 604 52497 0 0 1 standing 
10 829 471 871 605 52498 0 0 0 standing 
10 825 469 867 603 52499 0 0 1 standing 
11 1091 468 1141 615 52480 0 0 0 standing 
11 1093 466 1143 613 52481 0 0 1 standing 
11 1096 465 1146 612 52482 0 0 1 standing 
11 1098 464 1148 611 52483 0 0 1 standing 
11 1101 463 1151 610 52484 0 0 1 standing 
11 1104 462 1154 609 52485 0 0 1 standing 
11 1106 461 1156 608 52486 0 0 1 standing 
11 1109 460 1159 607 52487 0 0 1 standing 
11 1112 459 1162 606 52488 0 0 0 standing 
11 1114 460 1163 606 52489 0 0 1 standing 
11 1116 462 1164 607 52490 0 0 1 standing 
11 1119 463 1165 608 52491 0 0 1 standing 
11 1121 465 1166 609 52492 0 0 1 standing 
11 1124 467 1167 610 52493 0 0 0 standing 
11 1124 468 1169 609 52494 0 0 1 standing 
11 1124 470 1172 609 52495 0 0 1 standing 
11 1125 472 1175 609 52496 0 0 1 standing 
11 1125 474 1178 609 52497 0 0 1 standing 
11 1126 476 1181 609 52498 0 0 0 standing 
11 1126 474 1181 607 52499 0 0 1 standing 
