0 442 319 510 459 51330 0 1 0 spiking 
0 443 314 513 453 51331 0 1 1 spiking 
0 444 309 517 447 51332 0 1 1 spiking 
0 445 304 521 441 51333 0 1 0 spiking 
0 449 302 522 440 51334 0 1 1 spiking 
0 453 300 523 439 51335 0 1 1 spiking 
0 457 298 524 438 51336 0 1 1 spiking 
0 461 297 526 437 51337 0 1 1 spiking 
0 465 295 527 436 51338 0 1 1 spiking 
0 469 293 528 435 51339 0 1 1 spiking 
0 473 292 530 434 51340 0 1 0 spiking 
0 468 298 530 437 51341 0 1 1 spiking 
0 463 304 530 440 51342 0 1 1 spiking 
0 458 310 530 443 51343 0 1 1 spiking 
0 453 316 531 447 51344 0 1 0 spiking 
0 456 322 532 450 51345 0 1 1 spiking 
0 460 328 533 454 51346 0 1 1 spiking 
0 464 334 535 458 51347 0 1 1 spiking 
0 467 340 536 462 51348 0 1 1 spiking 
0 471 346 537 466 51349 0 1 1 spiking 
1 611 379 650 513 51330 0 1 0 spiking 
1 609 370 648 507 51331 0 1 1 blocking 
1 607 362 646 502 51332 0 1 1 blocking 
1 605 354 644 496 51333 0 1 1 blocking 
1 603 346 642 491 51334 0 1 1 blocking 
1 601 338 640 486 51335 0 1 1 blocking 
1 599 330 638 480 51336 0 1 1 blocking 
1 597 322 636 475 51337 0 1 1 blocking 
1 595 314 634 469 51338 0 1 1 blocking 
1 593 306 632 464 51339 0 1 1 blocking 
1 591 298 631 459 51340 0 1 0 blocking 
1 588 299 628 461 51341 0 1 1 blocking 
1 585 301 625 463 51342 0 1 1 blocking 
1 582 303 622 465 51343 0 1 1 blocking 
1 579 305 619 467 51344 0 1 1 blocking 
1 577 307 617 469 51345 0 1 1 blocking 
1 574 309 614 471 51346 0 1 1 blocking 
1 571 311 611 473 51347 0 1 1 blocking 
1 568 313 608 475 51348 0 1 1 blocking 
1 565 315 605 477 51349 0 1 1 blocking 
2 616 360 664 476 51330 0 1 0 blocking 
2 612 352 661 473 51331 0 1 1 blocking 
2 609 344 658 470 51332 0 1 1 blocking 
2 606 336 655 467 51333 0 1 1 blocking 
2 602 329 652 464 51334 0 1 1 blocking 
2 599 321 649 461 51335 0 1 1 blocking 
2 596 313 646 458 51336 0 1 1 blocking 
2 592 306 643 455 51337 0 1 1 blocking 
2 589 298 640 452 51338 0 1 1 blocking 
2 586 290 637 449 51339 0 1 1 blocking 
2 583 283 635 446 51340 0 1 0 blocking 
2 581 286 635 447 51341 0 1 1 blocking 
2 580 289 635 448 51342 0 1 1 blocking 
2 579 292 635 449 51343 0 1 1 blocking 
2 578 295 635 450 51344 0 1 1 blocking 
2 577 298 635 451 51345 0 1 1 blocking 
2 575 301 635 452 51346 0 1 1 blocking 
2 574 304 635 453 51347 0 1 1 blocking 
2 573 307 635 454 51348 0 1 1 blocking 
2 572 310 635 455 51349 0 1 1 blocking 
3 495 318 549 466 51330 0 0 0 blocking 
3 494 325 548 473 51331 0 0 1 standing 
3 494 332 548 480 51332 0 0 1 standing 
3 494 339 548 488 51333 0 0 0 standing 
3 497 346 551 495 51334 0 0 1 standing 
3 500 353 554 502 51335 0 0 1 standing 
3 504 360 558 509 51336 0 0 0 standing 
3 504 367 558 508 51337 0 0 1 standing 
3 505 375 558 508 51338 0 0 1 standing 
3 506 383 559 508 51339 0 0 0 standing 
3 506 388 561 509 51340 0 0 1 standing 
3 506 393 564 511 51341 0 0 1 standing 
3 507 398 567 513 51342 0 0 0 standing 
3 507 398 567 513 51343 0 0 1 standing 
3 507 398 567 513 51344 0 0 1 standing 
3 507 398 567 513 51345 0 0 1 standing 
3 507 398 567 513 51346 0 0 1 standing 
3 507 398 567 513 51347 0 0 1 standing 
3 507 398 567 513 51348 0 0 1 standing 
3 507 398 567 513 51349 0 0 1 standing 
4 383 377 442 497 51330 0 0 0 standing 
4 383 376 448 499 51331 0 0 1 standing 
4 384 375 455 501 51332 0 0 1 standing 
4 385 374 462 504 51333 0 0 0 standing 
4 390 374 461 499 51334 0 0 1 standing 
4 395 375 460 494 51335 0 0 1 standing 
4 401 376 460 489 51336 0 0 0 standing 
4 401 376 459 488 51337 0 0 1 standing 
4 401 376 458 488 51338 0 0 1 standing 
4 401 376 457 488 51339 0 0 1 standing 
4 401 376 456 488 51340 0 0 1 standing 
4 401 376 455 488 51341 0 0 1 standing 
4 401 376 454 488 51342 0 0 0 standing 
4 401 377 454 491 51343 0 0 1 standing 
4 401 378 454 495 51344 0 0 1 standing 
4 401 380 454 499 51345 0 0 0 standing 
4 399 379 451 499 51346 0 0 1 standing 
4 397 378 449 499 51347 0 0 1 standing 
4 395 377 447 499 51348 0 0 1 standing 
4 393 376 445 499 51349 0 0 1 standing 
5 343 438 452 559 51330 0 0 0 standing 
5 339 439 436 555 51331 0 0 1 standing 
5 335 440 421 551 51332 0 0 1 standing 
5 331 442 406 548 51333 0 0 0 standing 
5 328 442 405 550 51334 0 0 1 standing 
5 325 442 404 552 51335 0 0 1 standing 
5 322 442 404 555 51336 0 0 0 standing 
5 320 440 402 553 51337 0 0 1 standing 
5 318 438 400 552 51338 0 0 1 standing 
5 316 437 398 551 51339 0 0 0 standing 
5 313 437 398 550 51340 0 0 1 standing 
5 311 437 398 550 51341 0 0 1 standing 
5 309 437 398 550 51342 0 0 0 standing 
5 309 438 394 551 51343 0 0 1 standing 
5 309 439 390 552 51344 0 0 1 standing 
5 310 440 387 553 51345 0 0 0 standing 
5 308 438 385 552 51346 0 0 1 standing 
5 306 436 383 552 51347 0 0 1 standing 
5 304 434 381 552 51348 0 0 1 standing 
5 302 432 379 552 51349 0 0 1 standing 
6 363 493 456 664 51330 0 0 0 standing 
6 367 489 456 660 51331 0 0 1 standing 
6 371 485 456 656 51332 0 0 1 standing 
6 376 481 457 653 51333 0 0 0 standing 
6 384 476 458 649 51334 0 0 1 standing 
6 392 471 459 646 51335 0 0 1 standing 
6 401 466 460 643 51336 0 0 0 standing 
6 403 464 466 641 51337 0 0 1 standing 
6 406 462 472 639 51338 0 0 1 standing 
6 409 460 478 638 51339 0 0 0 standing 
6 409 462 482 636 51340 0 0 1 standing 
6 409 464 487 635 51341 0 0 1 standing 
6 409 467 492 634 51342 0 0 0 standing 
6 409 467 496 634 51343 0 0 1 standing 
6 409 467 500 634 51344 0 0 1 standing 
6 409 467 504 634 51345 0 0 0 standing 
6 415 466 507 629 51346 0 0 1 standing 
6 422 465 510 624 51347 0 0 1 standing 
6 428 465 513 620 51348 0 0 1 standing 
6 435 464 516 615 51349 0 0 1 standing 
7 245 419 305 565 51330 0 0 0 standing 
7 244 420 306 565 51331 0 0 1 standing 
7 244 422 307 566 51332 0 0 1 standing 
7 244 424 308 567 51333 0 0 0 standing 
7 240 423 304 566 51334 0 0 1 standing 
7 236 422 301 565 51335 0 0 1 standing 
7 233 422 298 565 51336 0 0 0 standing 
7 229 417 292 564 51337 0 0 1 standing 
7 225 412 286 563 51338 0 0 1 standing 
7 222 407 281 562 51339 0 0 0 standing 
7 216 404 275 557 51340 0 0 1 standing 
7 210 402 269 553 51341 0 0 1 standing 
7 205 400 263 549 51342 0 0 0 standing 
7 200 400 258 548 51343 0 0 1 standing 
7 195 400 253 548 51344 0 0 1 standing 
7 190 400 248 548 51345 0 0 0 standing 
7 185 400 242 547 51346 0 0 1 standing 
7 180 400 236 547 51347 0 0 1 standing 
7 175 400 230 547 51348 0 0 1 standing 
7 170 400 224 547 51349 0 0 1 standing 
8 649 456 756 595 51330 0 0 0 standing 
8 657 452 760 594 51331 0 0 1 standing 
8 665 448 764 593 51332 0 0 1 standing 
8 674 445 768 593 51333 0 0 0 standing 
8 682 443 771 591 51334 0 0 1 standing 
8 691 441 774 589 51335 0 0 1 standing 
8 700 439 777 587 51336 0 0 0 standing 
8 709 442 791 586 51337 0 0 1 standing 
8 718 445 805 585 51338 0 0 1 standing 
8 727 448 820 584 51339 0 0 0 standing 
8 732 452 829 583 51340 0 0 1 standing 
8 737 456 838 583 51341 0 0 1 standing 
8 742 460 848 583 51342 0 0 0 standing 
8 744 464 845 583 51343 0 0 1 standing 
8 746 468 843 583 51344 0 0 1 standing 
8 748 472 841 583 51345 0 0 0 standing 
8 747 471 840 582 51346 0 0 1 standing 
8 746 470 839 582 51347 0 0 1 standing 
8 745 469 839 582 51348 0 0 1 standing 
8 744 468 838 582 51349 0 0 1 standing 
9 943 383 1018 496 51330 0 0 0 standing 
9 940 384 1016 495 51331 0 0 1 digging 
9 938 385 1014 494 51332 0 0 1 digging 
9 936 386 1012 493 51333 0 0 0 digging 
9 932 383 1008 492 51334 0 0 1 digging 
9 928 380 1004 491 51335 0 0 1 digging 
9 925 377 1000 490 51336 0 0 0 digging 
9 919 377 989 490 51337 0 0 1 digging 
9 913 377 978 490 51338 0 0 1 digging 
9 907 377 968 491 51339 0 0 0 digging 
9 903 376 963 490 51340 0 0 1 digging 
9 899 376 959 490 51341 0 0 1 digging 
9 896 376 955 490 51342 0 0 0 digging 
9 891 377 948 490 51343 0 0 1 digging 
9 886 378 941 490 51344 0 0 1 digging 
9 882 379 934 490 51345 0 0 0 digging 
9 879 377 932 489 51346 0 0 1 digging 
9 877 375 930 489 51347 0 0 1 digging 
9 874 373 928 488 51348 0 0 1 digging 
9 872 371 926 488 51349 0 0 1 digging 
10 920 456 1003 587 51330 0 0 0 digging 
10 917 455 1000 586 51331 0 0 1 standing 
10 914 454 997 586 51332 0 0 1 standing 
10 911 454 994 586 51333 0 0 0 standing 
10 907 455 992 585 51334 0 0 1 standing 
10 903 456 990 585 51335 0 0 1 standing 
10 900 457 988 585 51336 0 0 0 standing 
10 896 456 983 583 51337 0 0 1 standing 
10 892 455 978 581 51338 0 0 1 standing 
10 889 455 973 580 51339 0 0 0 standing 
10 880 456 967 579 51340 0 0 1 standing 
10 871 458 961 578 51341 0 0 1 standing 
10 862 460 955 578 51342 0 0 0 standing 
10 859 463 952 577 51343 0 0 1 standing 
10 856 466 949 577 51344 0 0 1 standing 
10 853 470 946 577 51345 0 0 0 standing 
10 851 466 943 576 51346 0 0 1 standing 
10 850 462 941 576 51347 0 0 1 standing 
10 849 459 939 576 51348 0 0 1 standing 
10 848 455 937 576 51349 0 0 1 standing 
11 1045 431 1115 546 51330 0 0 0 standing 
11 1044 430 1114 547 51331 0 0 1 digging 
11 1043 430 1114 548 51332 0 0 1 digging 
11 1043 430 1114 549 51333 0 0 0 digging 
11 1043 429 1118 548 51334 0 0 1 digging 
11 1043 428 1122 548 51335 0 0 1 digging 
11 1044 428 1126 548 51336 0 0 0 digging 
11 1045 425 1123 545 51337 0 0 1 digging 
11 1046 423 1120 542 51338 0 0 1 digging 
11 1047 421 1117 540 51339 0 0 0 digging 
11 1047 422 1117 541 51340 0 0 1 digging 
11 1047 423 1117 542 51341 0 0 1 digging 
11 1048 425 1118 544 51342 0 0 0 digging 
11 1048 425 1119 544 51343 0 0 1 digging 
11 1048 426 1121 544 51344 0 0 1 digging 
11 1048 427 1123 545 51345 0 0 0 digging 
11 1048 423 1121 545 51346 0 0 1 digging 
11 1049 420 1119 545 51347 0 0 1 digging 
11 1050 416 1117 545 51348 0 0 1 digging 
11 1051 413 1115 545 51349 0 0 1 digging 
