0 258 385 299 481 27625 0 0 0 standing 
0 257 383 298 480 27626 0 0 1 standing 
0 256 382 297 479 27627 0 0 1 standing 
0 256 381 296 479 27628 0 0 1 standing 
0 255 380 296 478 27629 0 0 1 standing 
0 255 379 295 478 27630 0 0 1 standing 
0 254 378 294 477 27631 0 0 1 standing 
0 253 377 294 476 27632 0 0 1 standing 
0 253 376 293 476 27633 0 0 1 standing 
0 252 375 292 475 27634 0 0 1 standing 
0 252 374 292 475 27635 0 0 0 standing 
0 251 374 291 475 27636 0 0 1 standing 
0 250 375 290 476 27637 0 0 1 standing 
0 249 375 289 476 27638 0 0 1 standing 
0 248 376 288 477 27639 0 0 1 standing 
0 247 377 287 478 27640 0 0 0 standing 
0 244 374 284 477 27641 0 0 1 standing 
0 242 372 282 477 27642 0 0 1 standing 
0 240 370 279 476 27643 0 0 1 standing 
0 238 368 277 476 27644 0 0 0 standing 
1 395 465 448 560 27625 0 0 0 standing 
1 399 465 452 560 27626 0 0 1 waiting 
1 403 465 457 560 27627 0 0 1 waiting 
1 407 465 462 560 27628 0 0 0 waiting 
1 410 464 465 560 27629 0 0 1 waiting 
1 414 464 468 560 27630 0 0 1 waiting 
1 418 464 471 560 27631 0 0 0 waiting 
1 420 462 472 558 27632 0 0 1 waiting 
1 422 460 473 557 27633 0 0 1 waiting 
1 424 458 474 555 27634 0 0 1 waiting 
1 426 457 476 554 27635 0 0 0 waiting 
1 427 457 477 554 27636 0 0 1 waiting 
1 428 457 478 554 27637 0 0 1 waiting 
1 429 457 479 554 27638 0 0 0 waiting 
1 428 455 478 553 27639 0 0 1 waiting 
1 428 453 477 553 27640 0 0 1 waiting 
1 427 451 477 553 27641 0 0 1 waiting 
1 427 449 476 553 27642 0 0 1 waiting 
1 427 447 476 553 27643 0 0 0 waiting 
1 428 443 472 553 27644 0 0 1 waiting 
2 493 355 528 433 27625 0 0 0 waiting 
2 493 355 528 435 27626 0 0 1 standing 
2 494 355 529 437 27627 0 0 1 standing 
2 495 356 530 439 27628 0 0 1 standing 
2 495 356 530 441 27629 0 0 1 standing 
2 496 356 531 443 27630 0 0 1 standing 
2 497 357 532 445 27631 0 0 0 standing 
2 496 358 531 447 27632 0 0 1 standing 
2 496 359 530 450 27633 0 0 1 standing 
2 495 360 529 452 27634 0 0 1 standing 
2 495 361 529 455 27635 0 0 0 standing 
2 494 363 528 457 27636 0 0 1 standing 
2 494 365 528 459 27637 0 0 1 standing 
2 494 367 528 461 27638 0 0 1 standing 
2 494 370 528 464 27639 0 0 0 standing 
2 492 370 526 464 27640 0 0 1 standing 
2 491 370 525 464 27641 0 0 1 standing 
2 489 370 523 464 27642 0 0 1 standing 
2 488 371 522 465 27643 0 0 0 standing 
2 487 371 521 465 27644 0 0 1 standing 
3 635 422 673 520 27625 0 1 0 standing 
3 629 425 667 523 27626 0 1 1 digging 
3 624 429 662 526 27627 0 1 1 digging 
3 619 432 656 529 27628 0 1 1 digging 
3 614 436 651 532 27629 0 1 1 digging 
3 609 440 646 536 27630 0 1 0 digging 
3 603 443 641 540 27631 0 1 1 digging 
3 598 447 636 544 27632 0 1 1 digging 
3 593 451 631 548 27633 0 1 1 digging 
3 588 455 626 552 27634 0 1 1 digging 
3 583 459 621 557 27635 0 1 0 digging 
3 578 458 616 558 27636 0 1 1 digging 
3 573 458 611 559 27637 0 1 1 digging 
3 568 457 606 560 27638 0 1 1 digging 
3 564 457 601 562 27639 0 1 0 digging 
3 553 459 595 567 27640 0 1 1 digging 
3 542 461 590 573 27641 0 1 1 digging 
3 531 463 584 578 27642 0 1 1 digging 
3 520 465 579 584 27643 0 1 0 digging 
3 517 467 573 588 27644 0 1 1 digging 
4 766 379 796 489 27625 0 0 0 digging 
4 764 379 794 489 27626 0 0 1 standing 
4 762 380 792 490 27627 0 0 1 standing 
4 760 380 790 491 27628 0 0 1 standing 
4 758 381 789 492 27629 0 0 1 standing 
4 756 381 787 492 27630 0 0 1 standing 
4 754 382 785 493 27631 0 0 1 standing 
4 752 382 783 494 27632 0 0 1 standing 
4 750 383 782 495 27633 0 0 0 standing 
4 749 383 781 495 27634 0 0 1 standing 
4 748 383 780 495 27635 0 0 1 standing 
4 747 383 779 496 27636 0 0 0 standing 
4 744 382 776 495 27637 0 0 1 standing 
4 741 381 773 494 27638 0 0 1 standing 
4 738 380 770 493 27639 0 0 1 standing 
4 735 380 767 493 27640 0 0 0 standing 
4 732 380 764 493 27641 0 0 1 standing 
4 729 380 761 493 27642 0 0 1 standing 
4 727 380 759 493 27643 0 0 0 standing 
4 724 380 756 493 27644 0 0 1 standing 
5 852 401 883 516 27625 0 0 0 standing 
5 848 401 879 516 27626 0 0 1 standing 
5 845 401 876 516 27627 0 0 1 standing 
5 841 401 872 516 27628 0 0 1 standing 
5 838 402 869 517 27629 0 0 0 standing 
5 833 401 864 516 27630 0 0 1 standing 
5 829 400 860 515 27631 0 0 1 standing 
5 824 399 855 514 27632 0 0 1 standing 
5 820 398 851 513 27633 0 0 1 standing 
5 815 397 846 512 27634 0 0 1 standing 
5 811 397 842 512 27635 0 0 0 standing 
5 805 397 836 508 27636 0 0 1 standing 
5 800 398 831 504 27637 0 0 1 standing 
5 794 398 826 500 27638 0 0 1 standing 
5 789 399 821 497 27639 0 0 0 standing 
5 784 396 816 495 27640 0 0 1 standing 
5 779 393 811 493 27641 0 0 1 standing 
5 775 390 807 492 27642 0 0 0 standing 
5 768 388 801 491 27643 0 0 1 standing 
5 762 386 796 490 27644 0 0 1 standing 
6 1046 398 1082 491 27625 0 0 0 standing 
6 1044 397 1080 490 27626 0 0 1 standing 
6 1042 396 1078 490 27627 0 0 1 standing 
6 1040 395 1076 490 27628 0 0 1 standing 
6 1038 394 1074 490 27629 0 0 1 standing 
6 1037 394 1072 490 27630 0 0 1 standing 
6 1035 393 1070 489 27631 0 0 1 standing 
6 1033 392 1068 489 27632 0 0 1 standing 
6 1031 391 1066 489 27633 0 0 1 standing 
6 1029 390 1064 489 27634 0 0 1 standing 
6 1028 390 1063 489 27635 0 0 0 standing 
6 1026 390 1060 489 27636 0 0 1 standing 
6 1024 391 1058 489 27637 0 0 1 standing 
6 1022 392 1056 489 27638 0 0 1 standing 
6 1020 393 1054 489 27639 0 0 1 standing 
6 1018 394 1052 490 27640 0 0 0 standing 
6 1017 394 1051 490 27641 0 0 1 standing 
6 1017 394 1051 490 27642 0 0 1 standing 
6 1017 394 1051 491 27643 0 0 0 standing 
6 1015 393 1049 490 27644 0 0 1 standing 
7 697 443 735 571 27625 0 0 0 standing 
7 694 445 733 572 27626 0 0 1 standing 
7 691 448 731 574 27627 0 0 1 standing 
7 689 451 729 576 27628 0 0 1 standing 
7 686 454 727 578 27629 0 0 1 standing 
7 684 457 725 580 27630 0 0 0 standing 
7 677 458 719 580 27631 0 0 1 standing 
7 671 459 714 580 27632 0 0 1 standing 
7 665 460 708 580 27633 0 0 1 standing 
7 659 462 703 581 27634 0 0 0 standing 
7 654 461 698 581 27635 0 0 1 standing 
7 649 460 693 582 27636 0 0 1 standing 
7 644 459 688 582 27637 0 0 1 standing 
7 639 459 683 583 27638 0 0 1 standing 
7 634 458 678 584 27639 0 0 1 standing 
7 629 457 673 584 27640 0 0 1 standing 
7 624 456 668 585 27641 0 0 1 standing 
7 620 456 664 586 27642 0 0 0 standing 
7 617 456 660 587 27643 0 0 1 standing 
7 614 456 657 588 27644 0 0 1 standing 
8 776 360 814 460 27625 0 0 0 standing 
8 777 358 815 460 27626 0 0 1 standing 
8 778 356 816 460 27627 0 0 1 standing 
8 779 354 817 460 27628 0 0 1 standing 
8 780 353 818 460 27629 0 0 1 standing 
8 782 351 819 460 27630 0 0 1 standing 
8 783 349 820 460 27631 0 0 1 standing 
8 784 348 821 460 27632 0 0 1 standing 
8 785 346 822 460 27633 0 0 1 standing 
8 786 344 823 460 27634 0 0 1 standing 
8 788 343 825 460 27635 0 0 0 standing 
8 788 342 825 459 27636 0 0 1 standing 
8 788 342 825 458 27637 0 0 1 standing 
8 788 341 825 457 27638 0 0 1 standing 
8 788 341 825 457 27639 0 0 1 standing 
8 788 340 825 456 27640 0 0 1 standing 
8 789 340 825 455 27641 0 0 1 standing 
8 789 340 825 454 27642 0 0 1 standing 
8 789 339 825 454 27643 0 0 1 standing 
8 789 339 825 453 27644 0 0 1 standing 
9 826 442 867 548 27625 0 0 0 standing 
9 824 441 865 548 27626 0 0 1 standing 
9 822 441 863 548 27627 0 0 1 standing 
9 820 441 861 548 27628 0 0 1 standing 
9 818 440 859 549 27629 0 0 1 standing 
9 816 440 857 549 27630 0 0 1 standing 
9 814 440 855 549 27631 0 0 1 standing 
9 812 439 853 550 27632 0 0 1 standing 
9 810 439 851 550 27633 0 0 1 standing 
9 808 439 849 550 27634 0 0 1 standing 
9 807 439 847 551 27635 0 0 0 standing 
9 805 438 845 550 27636 0 0 1 standing 
9 803 437 843 549 27637 0 0 1 standing 
9 801 437 841 549 27638 0 0 1 standing 
9 799 436 839 548 27639 0 0 1 standing 
9 797 436 837 548 27640 0 0 0 standing 
9 796 435 836 547 27641 0 0 1 standing 
9 796 435 836 547 27642 0 0 1 standing 
9 796 435 836 547 27643 0 0 1 standing 
9 796 434 836 546 27644 0 0 1 standing 
10 706 454 744 572 27625 0 0 0 standing 
10 702 454 741 574 27626 0 0 1 standing 
10 698 455 738 576 27627 0 0 1 standing 
10 694 456 735 578 27628 0 0 1 standing 
10 690 457 732 580 27629 0 0 1 standing 
10 687 458 729 583 27630 0 0 0 standing 
10 682 457 725 584 27631 0 0 1 standing 
10 678 457 722 585 27632 0 0 1 standing 
10 674 457 718 586 27633 0 0 1 standing 
10 670 457 715 587 27634 0 0 1 standing 
10 666 457 712 589 27635 0 0 0 standing 
10 661 458 707 590 27636 0 0 1 standing 
10 656 460 702 592 27637 0 0 1 standing 
10 651 461 697 593 27638 0 0 1 standing 
10 646 463 692 595 27639 0 0 1 standing 
10 641 465 687 597 27640 0 0 0 standing 
10 634 467 680 599 27641 0 0 1 standing 
10 627 470 673 602 27642 0 0 1 standing 
10 620 473 666 605 27643 0 0 1 standing 
10 613 476 659 608 27644 0 0 1 standing 
11 777 496 817 602 27625 0 0 0 standing 
11 777 496 817 602 27626 0 0 1 standing 
11 778 497 818 603 27627 0 0 1 standing 
11 778 498 818 604 27628 0 0 1 standing 
11 779 499 819 605 27629 0 0 1 standing 
11 779 500 819 606 27630 0 0 1 standing 
11 780 501 820 607 27631 0 0 1 standing 
11 780 502 820 608 27632 0 0 1 standing 
11 781 503 821 609 27633 0 0 1 standing 
11 781 504 821 610 27634 0 0 1 standing 
11 782 505 822 611 27635 0 0 0 standing 
11 783 506 822 615 27636 0 0 1 standing 
11 784 508 823 619 27637 0 0 1 standing 
11 785 510 824 623 27638 0 0 1 standing 
11 786 512 825 627 27639 0 0 1 standing 
11 787 514 826 631 27640 0 0 1 standing 
11 788 516 827 635 27641 0 0 1 standing 
11 789 518 828 639 27642 0 0 1 standing 
11 790 520 829 643 27643 0 0 1 standing 
11 792 522 830 648 27644 0 0 0 standing 
