0 409 584 512 769 30180 0 1 0 digging 
0 417 584 519 766 30181 0 1 1 digging 
0 426 584 526 764 30182 0 1 1 digging 
0 434 585 533 761 30183 0 1 1 digging 
0 443 585 540 759 30184 0 1 1 digging 
0 452 586 548 756 30185 0 1 1 digging 
0 460 586 555 754 30186 0 1 1 digging 
0 469 586 562 751 30187 0 1 1 digging 
0 477 587 569 749 30188 0 1 1 digging 
0 486 587 576 746 30189 0 1 1 digging 
0 495 588 584 744 30190 0 1 0 digging 
0 495 588 584 743 30191 0 1 1 digging 
0 496 588 585 742 30192 0 1 1 digging 
0 496 588 585 742 30193 0 1 1 digging 
0 497 588 586 741 30194 0 1 1 digging 
0 498 589 587 741 30195 0 1 0 digging 
0 498 589 587 741 30196 0 1 1 digging 
0 498 589 587 741 30197 0 1 1 digging 
0 498 589 587 741 30198 0 1 1 digging 
0 498 589 587 741 30199 0 1 1 digging 
1 833 608 966 793 30180 0 0 0 digging 
1 840 605 971 792 30181 0 0 1 standing 
1 848 603 977 791 30182 0 0 1 standing 
1 855 601 982 791 30183 0 0 1 standing 
1 863 599 988 790 30184 0 0 1 standing 
1 870 596 993 789 30185 0 0 1 standing 
1 878 594 999 789 30186 0 0 1 standing 
1 885 592 1004 788 30187 0 0 1 standing 
1 893 590 1010 788 30188 0 0 0 standing 
1 896 589 1008 788 30189 0 0 1 standing 
1 900 588 1006 788 30190 0 0 1 standing 
1 903 587 1004 788 30191 0 0 1 standing 
1 907 586 1002 788 30192 0 0 1 standing 
1 911 586 1000 789 30193 0 0 0 standing 
1 908 586 996 790 30194 0 0 1 standing 
1 905 586 992 791 30195 0 0 1 standing 
1 902 587 989 793 30196 0 0 0 standing 
1 895 589 982 794 30197 0 0 1 standing 
1 888 592 976 796 30198 0 0 1 standing 
1 881 595 969 798 30199 0 0 1 standing 
2 1055 378 1118 595 30180 0 0 0 standing 
2 1064 383 1127 595 30181 0 0 1 standing 
2 1073 389 1137 595 30182 0 0 1 standing 
2 1082 395 1147 595 30183 0 0 1 standing 
2 1092 401 1157 596 30184 0 0 0 standing 
2 1098 407 1163 596 30185 0 0 1 standing 
2 1104 413 1169 596 30186 0 0 1 standing 
2 1110 419 1175 596 30187 0 0 1 standing 
2 1117 425 1181 597 30188 0 0 0 standing 
2 1120 425 1184 596 30189 0 0 1 standing 
2 1123 425 1187 595 30190 0 0 1 standing 
2 1127 425 1191 595 30191 0 0 1 standing 
2 1130 425 1194 594 30192 0 0 1 standing 
2 1134 425 1198 594 30193 0 0 0 standing 
2 1132 421 1196 592 30194 0 0 1 standing 
2 1131 417 1195 591 30195 0 0 1 standing 
2 1130 414 1194 590 30196 0 0 0 standing 
2 1120 417 1184 589 30197 0 0 1 standing 
2 1111 420 1175 589 30198 0 0 1 standing 
2 1101 423 1165 589 30199 0 0 1 standing 
3 1157 540 1274 697 30180 0 0 0 standing 
3 1166 535 1281 696 30181 0 0 1 standing 
3 1175 531 1288 696 30182 0 0 1 standing 
3 1184 527 1295 695 30183 0 0 1 standing 
3 1194 523 1303 695 30184 0 0 1 standing 
3 1203 519 1310 694 30185 0 0 1 standing 
3 1212 515 1317 694 30186 0 0 1 standing 
3 1221 511 1324 693 30187 0 0 1 standing 
3 1231 507 1332 693 30188 0 0 0 standing 
3 1233 506 1332 692 30189 0 0 1 standing 
3 1235 505 1332 692 30190 0 0 1 standing 
3 1238 504 1333 692 30191 0 0 1 standing 
3 1240 503 1333 692 30192 0 0 1 standing 
3 1242 502 1333 692 30193 0 0 1 standing 
3 1245 501 1334 692 30194 0 0 1 standing 
3 1247 500 1334 692 30195 0 0 1 standing 
3 1250 500 1335 692 30196 0 0 0 standing 
3 1242 499 1325 692 30197 0 0 1 standing 
3 1235 499 1316 692 30198 0 0 1 standing 
3 1227 499 1306 692 30199 0 0 1 standing 
4 1391 573 1484 789 30180 0 0 0 standing 
4 1397 573 1490 789 30181 0 0 1 standing 
4 1404 573 1497 789 30182 0 0 1 standing 
4 1411 573 1504 789 30183 0 0 1 standing 
4 1417 573 1511 789 30184 0 0 1 standing 
4 1424 573 1518 790 30185 0 0 1 standing 
4 1431 573 1524 790 30186 0 0 1 standing 
4 1437 573 1531 790 30187 0 0 1 standing 
4 1444 573 1538 790 30188 0 0 1 standing 
4 1451 573 1545 790 30189 0 0 1 standing 
4 1458 574 1552 791 30190 0 0 0 standing 
4 1458 571 1549 787 30191 0 0 1 standing 
4 1459 568 1546 784 30192 0 0 1 standing 
4 1460 565 1543 781 30193 0 0 0 standing 
4 1458 562 1537 778 30194 0 0 1 standing 
4 1457 559 1532 775 30195 0 0 1 standing 
4 1456 557 1527 772 30196 0 0 0 standing 
4 1444 554 1516 769 30197 0 0 1 standing 
4 1432 551 1506 767 30198 0 0 1 standing 
4 1420 548 1495 764 30199 0 0 1 standing 
5 1643 576 1717 785 30180 0 0 0 standing 
5 1652 574 1726 784 30181 0 0 1 standing 
5 1661 573 1735 783 30182 0 0 1 standing 
5 1670 572 1744 782 30183 0 0 1 standing 
5 1680 571 1753 781 30184 0 0 1 standing 
5 1689 570 1763 780 30185 0 0 1 standing 
5 1698 569 1772 779 30186 0 0 1 standing 
5 1708 568 1781 778 30187 0 0 1 standing 
5 1717 567 1790 777 30188 0 0 1 standing 
5 1726 566 1799 776 30189 0 0 1 standing 
5 1736 565 1809 775 30190 0 0 0 standing 
5 1742 564 1815 773 30191 0 0 1 standing 
5 1748 563 1821 772 30192 0 0 1 standing 
5 1755 562 1827 771 30193 0 0 0 standing 
5 1751 561 1823 770 30194 0 0 1 standing 
5 1747 560 1819 769 30195 0 0 1 standing 
5 1744 559 1816 768 30196 0 0 0 standing 
5 1736 559 1808 768 30197 0 0 1 standing 
5 1728 559 1800 768 30198 0 0 1 standing 
5 1720 559 1792 768 30199 0 0 1 standing 
6 615 633 729 813 30180 0 0 0 standing 
6 625 632 739 812 30181 0 0 1 waiting 
6 636 631 749 812 30182 0 0 1 waiting 
6 646 630 760 812 30183 0 0 1 waiting 
6 657 630 770 812 30184 0 0 1 waiting 
6 667 629 781 812 30185 0 0 1 waiting 
6 678 628 791 812 30186 0 0 1 waiting 
6 689 628 802 812 30187 0 0 0 waiting 
6 694 627 807 811 30188 0 0 1 waiting 
6 699 626 812 811 30189 0 0 1 waiting 
6 704 625 817 811 30190 0 0 1 waiting 
6 710 625 823 811 30191 0 0 0 waiting 
6 711 624 824 812 30192 0 0 1 waiting 
6 713 623 826 813 30193 0 0 1 waiting 
6 715 622 828 814 30194 0 0 0 waiting 
6 708 621 821 812 30195 0 0 1 waiting 
6 701 621 814 811 30196 0 0 1 waiting 
6 694 621 807 809 30197 0 0 1 waiting 
6 687 621 800 808 30198 0 0 1 waiting 
6 680 621 793 806 30199 0 0 1 waiting 
7 721 437 802 619 30180 0 0 0 waiting 
7 732 439 812 621 30181 0 0 1 standing 
7 744 442 823 623 30182 0 0 1 standing 
7 755 445 833 625 30183 0 0 1 standing 
7 767 448 844 628 30184 0 0 0 standing 
7 774 449 850 629 30185 0 0 1 standing 
7 781 450 856 630 30186 0 0 1 standing 
7 788 451 862 631 30187 0 0 1 standing 
7 795 452 868 632 30188 0 0 1 standing 
7 802 453 874 633 30189 0 0 1 standing 
7 809 455 881 634 30190 0 0 0 standing 
7 811 454 883 633 30191 0 0 1 standing 
7 813 453 885 632 30192 0 0 1 standing 
7 815 452 887 631 30193 0 0 1 standing 
7 817 452 889 631 30194 0 0 0 standing 
7 812 450 884 629 30195 0 0 1 standing 
7 807 449 879 628 30196 0 0 1 standing 
7 802 448 874 627 30197 0 0 1 standing 
7 797 446 869 625 30198 0 0 1 standing 
7 792 445 864 624 30199 0 0 1 standing 
8 1071 353 1136 542 30180 0 0 0 standing 
8 1076 358 1142 543 30181 0 0 1 standing 
8 1081 363 1148 545 30182 0 0 1 standing 
8 1087 368 1155 547 30183 0 0 1 standing 
8 1092 373 1161 548 30184 0 0 1 standing 
8 1098 378 1168 550 30185 0 0 1 standing 
8 1103 383 1174 552 30186 0 0 1 standing 
8 1109 388 1181 554 30187 0 0 0 standing 
8 1113 391 1185 555 30188 0 0 1 standing 
8 1117 395 1189 556 30189 0 0 1 standing 
8 1121 399 1194 558 30190 0 0 1 standing 
8 1125 403 1198 559 30191 0 0 1 standing 
8 1129 407 1203 561 30192 0 0 0 standing 
8 1129 406 1202 563 30193 0 0 1 standing 
8 1129 405 1201 565 30194 0 0 1 standing 
8 1129 404 1200 567 30195 0 0 1 standing 
8 1129 404 1200 569 30196 0 0 0 standing 
8 1119 399 1192 567 30197 0 0 1 standing 
8 1110 394 1184 565 30198 0 0 1 standing 
8 1101 389 1176 563 30199 0 0 1 standing 
9 1170 361 1251 537 30180 0 0 0 standing 
9 1179 367 1259 542 30181 0 0 1 standing 
9 1188 374 1267 547 30182 0 0 1 standing 
9 1197 380 1276 552 30183 0 0 1 standing 
9 1206 387 1284 557 30184 0 0 1 standing 
9 1215 393 1293 562 30185 0 0 1 standing 
9 1224 400 1301 567 30186 0 0 1 standing 
9 1233 407 1310 573 30187 0 0 0 standing 
9 1241 409 1318 574 30188 0 0 1 standing 
9 1250 411 1327 575 30189 0 0 1 standing 
9 1258 413 1336 576 30190 0 0 1 standing 
9 1267 416 1345 577 30191 0 0 0 standing 
9 1275 413 1354 574 30192 0 0 1 standing 
9 1283 410 1364 571 30193 0 0 1 standing 
9 1291 408 1374 569 30194 0 0 0 standing 
9 1291 409 1373 570 30195 0 0 1 standing 
9 1291 410 1372 571 30196 0 0 1 standing 
9 1292 411 1371 572 30197 0 0 1 standing 
9 1292 412 1370 573 30198 0 0 1 standing 
9 1292 413 1369 574 30199 0 0 1 standing 
10 1271 643 1349 865 30180 0 0 0 standing 
10 1278 640 1356 859 30181 0 0 1 standing 
10 1285 637 1363 853 30182 0 0 1 standing 
10 1292 634 1370 847 30183 0 0 1 standing 
10 1299 631 1377 841 30184 0 0 1 standing 
10 1306 628 1384 835 30185 0 0 1 standing 
10 1313 625 1391 829 30186 0 0 1 standing 
10 1320 622 1398 823 30187 0 0 1 standing 
10 1327 619 1405 817 30188 0 0 1 standing 
10 1334 616 1412 811 30189 0 0 1 standing 
10 1341 613 1419 805 30190 0 0 1 standing 
10 1348 611 1426 800 30191 0 0 0 standing 
10 1346 611 1425 798 30192 0 0 1 standing 
10 1345 611 1425 797 30193 0 0 1 standing 
10 1343 611 1424 796 30194 0 0 1 standing 
10 1342 611 1424 795 30195 0 0 1 standing 
10 1341 612 1424 794 30196 0 0 0 standing 
10 1330 611 1415 791 30197 0 0 1 standing 
10 1320 611 1406 789 30198 0 0 1 standing 
10 1310 611 1397 787 30199 0 0 1 standing 
11 1345 477 1420 632 30180 0 0 0 standing 
11 1351 476 1425 631 30181 0 0 1 waiting 
11 1357 476 1430 631 30182 0 0 1 waiting 
11 1364 475 1436 630 30183 0 0 1 waiting 
11 1370 475 1441 630 30184 0 0 1 waiting 
11 1377 475 1447 630 30185 0 0 1 waiting 
11 1383 474 1452 629 30186 0 0 1 waiting 
11 1389 474 1457 629 30187 0 0 1 waiting 
11 1396 473 1463 628 30188 0 0 1 waiting 
11 1402 473 1468 628 30189 0 0 1 waiting 
11 1409 473 1474 628 30190 0 0 0 waiting 
11 1409 473 1476 628 30191 0 0 1 waiting 
11 1409 473 1478 628 30192 0 0 1 waiting 
11 1409 473 1480 628 30193 0 0 1 waiting 
11 1410 473 1482 628 30194 0 0 0 waiting 
11 1403 473 1476 628 30195 0 0 1 waiting 
11 1396 473 1471 628 30196 0 0 1 waiting 
11 1389 473 1466 628 30197 0 0 1 waiting 
11 1382 473 1460 628 30198 0 0 1 waiting 
11 1375 473 1455 628 30199 0 0 1 waiting 
