0 298 366 330 484 32225 0 1 0 standing 
0 298 365 330 483 32226 0 1 1 standing 
0 298 365 330 483 32227 0 1 1 standing 
0 299 365 331 483 32228 0 1 1 standing 
0 299 365 331 483 32229 0 1 1 standing 
0 300 365 332 483 32230 0 1 1 standing 
0 300 365 332 483 32231 0 1 1 standing 
0 301 365 333 482 32232 0 1 1 standing 
0 301 365 333 482 32233 0 1 1 standing 
0 302 365 334 482 32234 0 1 1 standing 
0 302 365 334 482 32235 0 1 1 standing 
0 302 365 334 482 32236 0 1 1 standing 
0 303 365 335 482 32237 0 1 1 standing 
0 303 365 335 482 32238 0 1 1 standing 
0 304 365 336 481 32239 0 1 1 standing 
0 304 365 336 481 32240 0 1 1 standing 
0 305 365 337 481 32241 0 1 1 standing 
0 305 365 337 481 32242 0 1 1 standing 
0 306 365 338 481 32243 0 1 1 standing 
0 306 365 338 481 32244 0 1 1 standing 
1 300 371 337 483 32225 0 1 0 standing 
1 300 370 337 482 32226 0 1 1 standing 
1 300 370 337 482 32227 0 1 1 standing 
1 301 370 338 482 32228 0 1 1 standing 
1 301 370 338 482 32229 0 1 1 standing 
1 302 370 339 482 32230 0 1 1 standing 
1 302 370 339 482 32231 0 1 1 standing 
1 302 370 339 482 32232 0 1 1 standing 
1 303 370 340 482 32233 0 1 1 standing 
1 303 370 340 482 32234 0 1 1 standing 
1 304 370 341 482 32235 0 1 1 standing 
1 304 369 341 481 32236 0 1 1 standing 
1 304 369 341 481 32237 0 1 1 standing 
1 305 369 342 481 32238 0 1 1 standing 
1 305 369 342 481 32239 0 1 1 standing 
1 306 369 343 481 32240 0 1 1 standing 
1 306 369 343 481 32241 0 1 1 standing 
1 306 369 343 481 32242 0 1 1 standing 
1 307 369 344 481 32243 0 1 1 standing 
1 307 369 344 481 32244 0 1 1 standing 
2 314 378 353 498 32225 0 1 0 standing 
2 314 378 353 498 32226 0 1 1 standing 
2 315 378 354 498 32227 0 1 1 standing 
2 315 378 354 498 32228 0 1 1 standing 
2 316 378 355 498 32229 0 1 1 standing 
2 317 378 356 498 32230 0 1 1 standing 
2 317 378 356 498 32231 0 1 1 standing 
2 318 378 357 498 32232 0 1 1 standing 
2 318 378 357 498 32233 0 1 1 standing 
2 319 378 358 498 32234 0 1 1 standing 
2 320 378 359 498 32235 0 1 0 standing 
2 320 378 359 498 32236 0 1 1 standing 
2 320 378 359 498 32237 0 1 1 standing 
2 320 378 359 498 32238 0 1 1 standing 
2 320 378 359 498 32239 0 1 1 standing 
2 320 378 359 498 32240 0 1 1 standing 
2 320 378 359 498 32241 0 1 1 standing 
2 320 378 359 498 32242 0 1 1 standing 
2 320 378 359 498 32243 0 1 1 standing 
2 320 378 359 498 32244 0 1 1 standing 
3 338 367 374 492 32225 0 1 0 standing 
3 338 367 374 492 32226 0 1 1 standing 
3 338 367 374 492 32227 0 1 1 standing 
3 338 367 374 492 32228 0 1 1 standing 
3 338 367 374 492 32229 0 1 1 standing 
3 338 367 374 492 32230 0 1 1 standing 
3 338 367 374 492 32231 0 1 1 standing 
3 338 367 374 492 32232 0 1 1 standing 
3 338 367 374 492 32233 0 1 1 standing 
3 338 367 374 492 32234 0 1 1 standing 
3 338 367 374 492 32235 0 1 1 standing 
3 338 367 374 492 32236 0 1 1 standing 
3 338 367 374 492 32237 0 1 1 standing 
3 338 367 374 492 32238 0 1 1 standing 
3 338 367 374 492 32239 0 1 1 standing 
3 338 367 374 492 32240 0 1 1 standing 
3 338 367 374 492 32241 0 1 1 standing 
3 338 367 374 492 32242 0 1 1 standing 
3 338 367 374 492 32243 0 1 1 standing 
3 338 367 374 492 32244 0 1 1 standing 
4 367 367 401 481 32225 0 1 0 standing 
4 366 367 401 481 32226 0 1 1 standing 
4 365 367 401 481 32227 0 1 1 standing 
4 364 367 401 481 32228 0 1 1 standing 
4 364 367 401 481 32229 0 1 1 standing 
4 363 368 402 481 32230 0 1 1 standing 
4 362 368 402 481 32231 0 1 1 standing 
4 362 368 402 481 32232 0 1 1 standing 
4 361 368 402 481 32233 0 1 1 standing 
4 360 368 402 481 32234 0 1 1 standing 
4 360 369 403 482 32235 0 1 0 standing 
4 359 369 402 482 32236 0 1 1 standing 
4 359 369 402 482 32237 0 1 1 standing 
4 359 369 402 482 32238 0 1 1 standing 
4 358 369 401 482 32239 0 1 1 standing 
4 358 369 401 482 32240 0 1 1 standing 
4 358 369 401 482 32241 0 1 1 standing 
4 357 369 400 482 32242 0 1 1 standing 
4 357 369 400 482 32243 0 1 1 standing 
4 357 369 400 482 32244 0 1 1 standing 
5 353 355 405 479 32225 0 1 0 standing 
5 352 355 404 479 32226 0 1 1 standing 
5 351 356 403 480 32227 0 1 1 standing 
5 350 356 402 480 32228 0 1 1 standing 
5 350 357 401 481 32229 0 1 1 standing 
5 349 358 401 482 32230 0 1 1 standing 
5 348 358 400 482 32231 0 1 1 standing 
5 348 359 399 483 32232 0 1 1 standing 
5 347 359 398 483 32233 0 1 1 standing 
5 346 360 397 484 32234 0 1 1 standing 
5 346 361 397 485 32235 0 1 0 standing 
5 346 361 396 485 32236 0 1 1 standing 
5 346 361 396 485 32237 0 1 1 standing 
5 346 361 395 485 32238 0 1 1 standing 
5 346 361 395 485 32239 0 1 1 standing 
5 347 361 394 485 32240 0 1 1 standing 
5 347 361 394 485 32241 0 1 1 standing 
5 347 361 393 485 32242 0 1 1 standing 
5 347 361 393 485 32243 0 1 1 standing 
5 347 361 392 485 32244 0 1 1 standing 
6 757 381 808 506 32225 0 0 0 standing 
6 756 381 806 505 32226 0 0 1 standing 
6 756 382 804 505 32227 0 0 1 standing 
6 756 383 802 505 32228 0 0 0 standing 
6 755 383 801 505 32229 0 0 1 standing 
6 754 383 801 505 32230 0 0 1 standing 
6 754 384 801 506 32231 0 0 0 standing 
6 753 383 800 505 32232 0 0 1 standing 
6 752 383 799 505 32233 0 0 1 standing 
6 751 383 798 505 32234 0 0 0 standing 
6 750 383 797 505 32235 0 0 1 standing 
6 749 384 796 506 32236 0 0 1 standing 
6 748 385 795 507 32237 0 0 0 standing 
6 747 385 794 507 32238 0 0 1 standing 
6 746 385 793 507 32239 0 0 1 standing 
6 745 385 792 507 32240 0 0 1 standing 
6 744 385 791 507 32241 0 0 1 standing 
6 743 385 790 507 32242 0 0 1 standing 
6 742 385 789 507 32243 0 0 1 standing 
6 741 385 788 507 32244 0 0 1 standing 
7 868 418 915 550 32225 0 0 0 standing 
7 866 417 913 549 32226 0 0 1 standing 
7 864 416 912 548 32227 0 0 1 standing 
7 863 415 911 547 32228 0 0 0 standing 
7 860 414 910 545 32229 0 0 1 standing 
7 858 413 909 543 32230 0 0 1 standing 
7 856 412 909 542 32231 0 0 0 standing 
7 851 412 906 541 32232 0 0 1 standing 
7 846 412 903 541 32233 0 0 1 standing 
7 842 412 901 541 32234 0 0 0 standing 
7 840 413 898 540 32235 0 0 1 standing 
7 838 414 896 539 32236 0 0 1 standing 
7 836 415 894 538 32237 0 0 0 standing 
7 835 415 893 538 32238 0 0 1 standing 
7 835 415 893 538 32239 0 0 1 standing 
7 835 416 893 539 32240 0 0 0 standing 
7 832 416 890 539 32241 0 0 1 standing 
7 829 416 887 539 32242 0 0 1 standing 
7 826 417 884 539 32243 0 0 1 standing 
7 823 417 881 539 32244 0 0 1 standing 
8 863 362 933 471 32225 0 0 0 standing 
8 868 362 933 471 32226 0 0 1 standing 
8 873 362 933 471 32227 0 0 1 standing 
8 878 362 934 471 32228 0 0 0 standing 
8 879 363 936 472 32229 0 0 1 standing 
8 880 364 938 473 32230 0 0 1 standing 
8 882 366 940 475 32231 0 0 0 standing 
8 884 366 942 475 32232 0 0 1 standing 
8 886 367 944 476 32233 0 0 1 standing 
8 889 368 947 477 32234 0 0 0 standing 
8 890 366 948 475 32235 0 0 1 standing 
8 891 365 949 474 32236 0 0 1 standing 
8 892 364 951 473 32237 0 0 0 standing 
8 894 364 953 473 32238 0 0 1 standing 
8 896 365 955 474 32239 0 0 1 standing 
8 898 366 957 475 32240 0 0 0 standing 
8 898 366 957 475 32241 0 0 1 standing 
8 899 366 958 475 32242 0 0 1 standing 
8 899 366 958 475 32243 0 0 1 standing 
8 900 366 959 475 32244 0 0 1 standing 
9 938 323 987 431 32225 0 0 0 standing 
9 938 323 987 431 32226 0 0 1 standing 
9 938 323 987 431 32227 0 0 1 standing 
9 939 324 988 432 32228 0 0 1 standing 
9 939 324 988 432 32229 0 0 1 standing 
9 939 324 988 432 32230 0 0 1 standing 
9 940 325 989 433 32231 0 0 0 standing 
9 941 324 990 432 32232 0 0 1 standing 
9 942 324 991 432 32233 0 0 1 standing 
9 943 324 992 432 32234 0 0 1 standing 
9 944 324 993 432 32235 0 0 1 standing 
9 945 324 994 432 32236 0 0 1 standing 
9 946 324 995 432 32237 0 0 0 standing 
9 945 323 994 431 32238 0 0 1 standing 
9 945 323 994 431 32239 0 0 1 standing 
9 945 323 994 431 32240 0 0 1 standing 
9 945 323 994 431 32241 0 0 1 standing 
9 945 322 994 431 32242 0 0 1 standing 
9 945 322 994 431 32243 0 0 1 standing 
9 945 322 994 431 32244 0 0 1 standing 
10 1031 426 1076 542 32225 0 0 0 standing 
10 1031 425 1076 541 32226 0 0 1 standing 
10 1031 425 1076 541 32227 0 0 1 standing 
10 1031 425 1077 541 32228 0 0 1 standing 
10 1031 425 1077 541 32229 0 0 1 standing 
10 1031 425 1078 541 32230 0 0 1 standing 
10 1031 425 1078 541 32231 0 0 1 standing 
10 1031 425 1079 541 32232 0 0 1 standing 
10 1031 425 1079 541 32233 0 0 1 standing 
10 1031 425 1080 541 32234 0 0 0 standing 
10 1031 425 1080 541 32235 0 0 1 standing 
10 1032 425 1081 541 32236 0 0 1 standing 
10 1033 425 1082 541 32237 0 0 1 standing 
10 1034 425 1083 541 32238 0 0 1 standing 
10 1035 425 1084 541 32239 0 0 1 standing 
10 1036 425 1085 541 32240 0 0 0 standing 
10 1036 425 1085 541 32241 0 0 1 standing 
10 1036 425 1085 541 32242 0 0 1 standing 
10 1036 425 1085 541 32243 0 0 1 standing 
10 1036 425 1085 541 32244 0 0 1 standing 
11 1124 447 1183 580 32225 0 0 0 standing 
11 1128 447 1187 580 32226 0 0 1 standing 
11 1132 447 1191 580 32227 0 0 1 standing 
11 1136 448 1195 580 32228 0 0 0 standing 
11 1139 448 1198 580 32229 0 0 1 standing 
11 1143 449 1202 580 32230 0 0 1 standing 
11 1147 450 1206 580 32231 0 0 0 standing 
11 1145 450 1205 579 32232 0 0 1 standing 
11 1144 450 1205 579 32233 0 0 1 standing 
11 1143 450 1205 579 32234 0 0 1 standing 
11 1141 450 1205 579 32235 0 0 1 standing 
11 1140 450 1205 579 32236 0 0 1 standing 
11 1139 450 1205 579 32237 0 0 0 standing 
11 1138 450 1204 580 32238 0 0 1 standing 
11 1138 450 1204 581 32239 0 0 1 standing 
11 1138 450 1203 582 32240 0 0 1 standing 
11 1137 450 1203 583 32241 0 0 1 standing 
11 1137 450 1202 584 32242 0 0 1 standing 
11 1137 450 1202 585 32243 0 0 0 standing 
11 1137 450 1202 585 32244 0 0 1 standing 
