0 127 405 218 559 51340 0 0 0 moving 
0 128 404 220 558 51341 0 0 1 moving 
0 129 403 222 558 51342 0 0 1 moving 
0 130 402 225 558 51343 0 0 1 moving 
0 132 401 227 557 51344 0 0 1 moving 
0 133 400 230 557 51345 0 0 1 moving 
0 134 399 232 557 51346 0 0 1 moving 
0 136 398 234 556 51347 0 0 1 moving 
0 137 397 237 556 51348 0 0 1 moving 
0 138 396 239 556 51349 0 0 1 moving 
0 140 396 242 556 51350 0 0 0 moving 
0 139 397 241 556 51351 0 0 1 moving 
0 138 398 240 556 51352 0 0 1 moving 
0 138 399 240 557 51353 0 0 1 moving 
0 137 400 239 557 51354 0 0 1 moving 
0 137 401 239 558 51355 0 0 1 moving 
0 136 402 238 558 51356 0 0 1 moving 
0 135 403 237 558 51357 0 0 1 moving 
0 135 404 237 559 51358 0 0 1 moving 
0 134 405 236 559 51359 0 0 1 moving 
1 273 461 365 626 51340 0 0 0 moving 
1 276 459 371 624 51341 0 0 1 standing 
1 280 457 377 623 51342 0 0 1 standing 
1 284 456 384 622 51343 0 0 1 standing 
1 288 454 390 621 51344 0 0 1 standing 
1 292 453 397 619 51345 0 0 1 standing 
1 296 451 403 618 51346 0 0 1 standing 
1 300 450 410 617 51347 0 0 1 standing 
1 304 448 416 616 51348 0 0 1 standing 
1 308 447 423 615 51349 0 0 0 standing 
1 315 444 426 615 51350 0 0 1 standing 
1 322 441 429 615 51351 0 0 1 standing 
1 329 439 432 615 51352 0 0 1 standing 
1 336 436 435 615 51353 0 0 1 standing 
1 343 433 438 615 51354 0 0 1 standing 
1 351 431 442 615 51355 0 0 0 standing 
1 351 436 450 616 51356 0 0 1 standing 
1 352 442 458 617 51357 0 0 1 standing 
1 353 447 466 618 51358 0 0 1 standing 
1 354 453 474 619 51359 0 0 1 standing 
2 711 365 772 584 51340 0 0 0 standing 
2 710 371 771 587 51341 0 0 1 blocking 
2 710 378 771 590 51342 0 0 1 blocking 
2 710 384 771 594 51343 0 0 1 blocking 
2 710 391 770 597 51344 0 0 1 blocking 
2 710 398 770 601 51345 0 0 1 blocking 
2 709 404 770 604 51346 0 0 1 blocking 
2 709 411 769 607 51347 0 0 1 blocking 
2 709 417 769 611 51348 0 0 1 blocking 
2 709 424 769 614 51349 0 0 1 blocking 
2 709 431 769 618 51350 0 0 0 blocking 
2 700 437 766 622 51351 0 0 1 blocking 
2 692 443 763 627 51352 0 0 1 blocking 
2 684 449 760 632 51353 0 0 1 blocking 
2 676 455 757 636 51354 0 0 1 blocking 
2 668 461 754 641 51355 0 0 1 blocking 
2 660 467 751 646 51356 0 0 0 blocking 
2 643 468 739 645 51357 0 0 1 blocking 
2 627 469 728 645 51358 0 0 1 blocking 
2 610 470 717 645 51359 0 0 1 blocking 
3 836 432 959 603 51340 0 0 0 blocking 
3 836 434 954 607 51341 0 0 1 standing 
3 837 437 949 612 51342 0 0 1 standing 
3 838 440 944 617 51343 0 0 1 standing 
3 838 443 939 621 51344 0 0 1 standing 
3 839 446 934 626 51345 0 0 1 standing 
3 840 449 929 631 51346 0 0 1 standing 
3 840 452 924 635 51347 0 0 1 standing 
3 841 455 919 640 51348 0 0 1 standing 
3 842 458 914 645 51349 0 0 1 standing 
3 843 461 909 650 51350 0 0 0 standing 
3 838 463 904 653 51351 0 0 1 standing 
3 833 465 900 656 51352 0 0 1 standing 
3 829 467 895 659 51353 0 0 1 standing 
3 824 469 891 662 51354 0 0 1 standing 
3 820 472 887 665 51355 0 0 0 standing 
3 815 470 882 664 51356 0 0 1 standing 
3 810 468 877 663 51357 0 0 1 standing 
3 805 467 872 662 51358 0 0 1 standing 
3 800 465 867 661 51359 0 0 1 standing 
4 1210 388 1278 575 51340 0 0 0 standing 
4 1210 387 1278 574 51341 0 0 1 standing 
4 1211 387 1278 574 51342 0 0 1 standing 
4 1211 386 1278 573 51343 0 0 1 standing 
4 1212 386 1278 573 51344 0 0 1 standing 
4 1212 385 1278 572 51345 0 0 1 standing 
4 1213 385 1278 572 51346 0 0 1 standing 
4 1213 384 1278 571 51347 0 0 1 standing 
4 1214 384 1278 571 51348 0 0 1 standing 
4 1214 383 1278 570 51349 0 0 1 standing 
4 1215 383 1278 570 51350 0 0 1 standing 
4 1216 383 1278 570 51351 0 0 1 standing 
4 1216 382 1278 569 51352 0 0 1 standing 
4 1217 382 1278 569 51353 0 0 1 standing 
4 1217 381 1278 568 51354 0 0 1 standing 
4 1218 381 1278 568 51355 0 0 1 standing 
4 1218 380 1278 567 51356 0 0 1 standing 
4 1219 380 1278 567 51357 0 0 1 standing 
4 1219 379 1278 566 51358 0 0 1 standing 
4 1220 379 1278 566 51359 0 0 1 standing 
5 941 283 1010 412 51340 0 0 0 standing 
5 943 283 1012 414 51341 0 0 1 standing 
5 946 284 1015 416 51342 0 0 1 standing 
5 949 284 1018 419 51343 0 0 1 standing 
5 952 285 1021 421 51344 0 0 1 standing 
5 955 286 1024 424 51345 0 0 1 standing 
5 957 286 1027 426 51346 0 0 1 standing 
5 960 287 1030 428 51347 0 0 1 standing 
5 963 287 1033 431 51348 0 0 1 standing 
5 966 288 1036 433 51349 0 0 1 standing 
5 969 289 1039 436 51350 0 0 0 standing 
5 968 289 1038 436 51351 0 0 1 standing 
5 967 289 1037 436 51352 0 0 1 standing 
5 966 289 1036 436 51353 0 0 1 standing 
5 965 289 1035 436 51354 0 0 1 standing 
5 964 289 1034 436 51355 0 0 1 standing 
5 963 289 1033 436 51356 0 0 1 standing 
5 962 289 1032 436 51357 0 0 1 standing 
5 961 289 1031 436 51358 0 0 1 standing 
5 960 289 1030 436 51359 0 0 1 standing 
6 282 359 378 480 51340 0 0 0 standing 
6 278 358 373 481 51341 0 0 1 standing 
6 274 357 368 482 51342 0 0 1 standing 
6 270 356 363 483 51343 0 0 1 standing 
6 267 355 358 485 51344 0 0 1 standing 
6 263 355 353 486 51345 0 0 1 standing 
6 259 354 348 487 51346 0 0 1 standing 
6 256 353 343 489 51347 0 0 1 standing 
6 252 352 338 490 51348 0 0 1 standing 
6 248 351 333 491 51349 0 0 1 standing 
6 245 351 328 493 51350 0 0 0 standing 
6 237 351 320 495 51351 0 0 1 standing 
6 229 351 312 497 51352 0 0 1 standing 
6 221 351 304 499 51353 0 0 1 standing 
6 214 351 296 501 51354 0 0 1 standing 
6 206 351 289 503 51355 0 0 1 standing 
6 198 351 281 505 51356 0 0 1 standing 
6 191 351 273 507 51357 0 0 1 standing 
6 183 351 265 509 51358 0 0 1 standing 
6 175 351 257 511 51359 0 0 1 standing 
7 429 347 522 469 51340 0 1 0 standing 
7 434 352 527 471 51341 0 1 1 digging 
7 439 357 532 473 51342 0 1 1 digging 
7 445 362 537 476 51343 0 1 1 digging 
7 450 367 543 478 51344 0 1 1 digging 
7 456 372 548 481 51345 0 1 1 digging 
7 461 377 553 483 51346 0 1 1 digging 
7 466 382 559 485 51347 0 1 1 digging 
7 472 387 564 488 51348 0 1 1 digging 
7 477 392 569 490 51349 0 1 1 digging 
7 483 397 575 493 51350 0 1 0 digging 
7 483 401 578 497 51351 0 1 1 digging 
7 484 405 581 501 51352 0 1 1 digging 
7 485 409 584 505 51353 0 1 1 digging 
7 486 413 587 509 51354 0 1 1 digging 
7 487 417 591 513 51355 0 1 1 digging 
7 487 421 594 517 51356 0 1 1 digging 
7 488 425 597 521 51357 0 1 1 digging 
7 489 429 600 525 51358 0 1 1 digging 
7 490 433 603 529 51359 0 1 1 digging 
8 730 355 786 578 51340 0 0 0 digging 
8 727 361 784 579 51341 0 0 1 blocking 
8 725 368 783 581 51342 0 0 1 blocking 
8 723 374 781 582 51343 0 0 1 blocking 
8 721 381 780 584 51344 0 0 1 blocking 
8 719 387 778 586 51345 0 0 1 blocking 
8 717 394 777 587 51346 0 0 1 blocking 
8 715 400 775 589 51347 0 0 1 blocking 
8 713 407 774 590 51348 0 0 1 blocking 
8 711 413 772 592 51349 0 0 1 blocking 
8 709 420 771 594 51350 0 0 0 blocking 
8 701 421 767 595 51351 0 0 1 blocking 
8 694 422 763 596 51352 0 0 1 blocking 
8 687 423 760 597 51353 0 0 1 blocking 
8 679 425 756 599 51354 0 0 1 blocking 
8 672 426 753 600 51355 0 0 1 blocking 
8 665 427 749 601 51356 0 0 1 blocking 
8 657 429 745 603 51357 0 0 1 blocking 
8 650 430 742 604 51358 0 0 1 blocking 
8 643 431 738 605 51359 0 0 1 blocking 
9 1030 424 1125 578 51340 0 0 0 blocking 
9 1029 425 1123 579 51341 0 0 1 standing 
9 1029 427 1121 581 51342 0 0 1 standing 
9 1028 429 1119 583 51343 0 0 1 standing 
9 1028 431 1117 585 51344 0 0 1 standing 
9 1028 433 1115 587 51345 0 0 1 standing 
9 1027 435 1113 588 51346 0 0 1 standing 
9 1027 437 1111 590 51347 0 0 1 standing 
9 1026 439 1109 592 51348 0 0 1 standing 
9 1026 441 1107 594 51349 0 0 1 standing 
9 1026 443 1105 596 51350 0 0 0 standing 
9 1025 443 1104 596 51351 0 0 1 standing 
9 1024 444 1103 597 51352 0 0 1 standing 
9 1023 444 1102 597 51353 0 0 1 standing 
9 1022 445 1101 598 51354 0 0 1 standing 
9 1021 446 1100 599 51355 0 0 1 standing 
9 1020 446 1099 599 51356 0 0 1 standing 
9 1019 447 1098 600 51357 0 0 1 standing 
9 1018 447 1097 600 51358 0 0 1 standing 
9 1017 448 1096 601 51359 0 0 1 standing 
10 851 327 915 473 51340 0 0 0 standing 
10 850 327 914 473 51341 0 0 1 standing 
10 849 327 913 473 51342 0 0 1 standing 
10 848 327 912 473 51343 0 0 1 standing 
10 847 327 911 473 51344 0 0 1 standing 
10 847 327 911 473 51345 0 0 1 standing 
10 846 327 910 473 51346 0 0 1 standing 
10 845 327 909 473 51347 0 0 1 standing 
10 844 327 908 473 51348 0 0 1 standing 
10 843 327 907 473 51349 0 0 1 standing 
10 843 327 907 473 51350 0 0 0 standing 
10 837 328 901 474 51351 0 0 1 standing 
10 831 330 895 476 51352 0 0 1 standing 
10 825 331 889 477 51353 0 0 1 standing 
10 819 333 883 479 51354 0 0 1 standing 
10 813 335 877 481 51355 0 0 1 standing 
10 807 336 871 482 51356 0 0 1 standing 
10 801 338 865 484 51357 0 0 1 standing 
10 795 339 859 485 51358 0 0 1 standing 
10 789 341 853 487 51359 0 0 1 standing 
11 831 344 905 480 51340 0 0 0 standing 
11 831 345 905 481 51341 0 0 1 moving 
11 831 346 905 482 51342 0 0 1 moving 
11 832 348 906 484 51343 0 0 1 moving 
11 832 349 906 485 51344 0 0 1 moving 
11 833 351 907 487 51345 0 0 1 moving 
11 833 352 907 488 51346 0 0 1 moving 
11 833 353 907 489 51347 0 0 1 moving 
11 834 355 908 491 51348 0 0 1 moving 
11 834 356 908 492 51349 0 0 1 moving 
11 835 358 909 494 51350 0 0 0 moving 
11 829 359 903 495 51351 0 0 1 moving 
11 824 361 898 497 51352 0 0 1 moving 
11 819 362 893 498 51353 0 0 1 moving 
11 814 364 888 500 51354 0 0 1 moving 
11 809 366 883 502 51355 0 0 1 moving 
11 804 367 878 503 51356 0 0 1 moving 
11 799 369 873 505 51357 0 0 1 moving 
11 794 370 868 506 51358 0 0 1 moving 
11 789 372 863 508 51359 0 0 1 moving 
