0 873 293 915 384 21755 0 1 0 digging 
0 868 291 910 383 21756 0 1 1 digging 
0 863 290 905 383 21757 0 1 1 digging 
0 858 288 900 383 21758 0 1 1 digging 
0 854 287 895 383 21759 0 1 1 digging 
0 849 285 891 383 21760 0 1 1 digging 
0 844 284 886 382 21761 0 1 1 digging 
0 840 282 881 382 21762 0 1 1 digging 
0 835 281 876 382 21763 0 1 1 digging 
0 830 279 871 382 21764 0 1 1 digging 
0 826 278 867 382 21765 0 1 0 digging 
0 819 276 861 381 21766 0 1 1 digging 
0 813 274 856 380 21767 0 1 1 digging 
0 807 272 851 379 21768 0 1 1 digging 
0 801 270 846 379 21769 0 1 0 digging 
0 798 267 844 377 21770 0 1 1 digging 
0 796 265 842 376 21771 0 1 1 digging 
0 794 263 841 375 21772 0 1 1 digging 
0 791 260 839 374 21773 0 1 1 digging 
0 789 258 837 373 21774 0 1 1 digging 
1 1062 380 1120 486 21755 0 0 0 digging 
1 1057 378 1116 484 21756 0 0 1 waiting 
1 1052 376 1113 482 21757 0 0 1 waiting 
1 1047 374 1109 480 21758 0 0 1 waiting 
1 1043 372 1106 478 21759 0 0 1 waiting 
1 1038 371 1103 476 21760 0 0 1 waiting 
1 1033 369 1099 474 21761 0 0 1 waiting 
1 1029 367 1096 472 21762 0 0 1 waiting 
1 1024 365 1092 470 21763 0 0 1 waiting 
1 1019 363 1089 468 21764 0 0 1 waiting 
1 1015 362 1086 467 21765 0 0 0 waiting 
1 1008 359 1077 464 21766 0 0 1 waiting 
1 1001 356 1069 462 21767 0 0 1 waiting 
1 994 353 1060 459 21768 0 0 1 waiting 
1 987 350 1052 457 21769 0 0 1 waiting 
1 980 347 1044 454 21770 0 0 1 waiting 
1 973 344 1035 452 21771 0 0 1 waiting 
1 966 341 1027 449 21772 0 0 1 waiting 
1 959 338 1018 447 21773 0 0 1 waiting 
1 952 335 1010 444 21774 0 0 1 waiting 
2 821 382 908 502 21755 0 0 0 waiting 
2 818 380 904 502 21756 0 0 1 waiting 
2 816 379 901 502 21757 0 0 1 waiting 
2 814 377 897 502 21758 0 0 1 waiting 
2 812 376 894 502 21759 0 0 1 waiting 
2 810 375 891 502 21760 0 0 1 waiting 
2 807 373 887 502 21761 0 0 1 waiting 
2 805 372 884 502 21762 0 0 1 waiting 
2 803 370 880 502 21763 0 0 1 waiting 
2 801 369 877 502 21764 0 0 1 waiting 
2 799 368 874 503 21765 0 0 0 waiting 
2 797 365 870 502 21766 0 0 1 waiting 
2 796 362 867 502 21767 0 0 1 waiting 
2 795 359 864 501 21768 0 0 1 waiting 
2 793 356 861 501 21769 0 0 1 waiting 
2 792 353 858 501 21770 0 0 1 waiting 
2 791 350 855 500 21771 0 0 1 waiting 
2 789 347 852 500 21772 0 0 1 waiting 
2 788 344 849 499 21773 0 0 1 waiting 
2 787 341 846 499 21774 0 0 1 waiting 
3 691 391 787 510 21755 0 0 0 waiting 
3 691 389 785 509 21756 0 0 1 standing 
3 691 387 783 509 21757 0 0 1 standing 
3 691 385 781 509 21758 0 0 1 standing 
3 691 383 780 509 21759 0 0 1 standing 
3 691 381 778 509 21760 0 0 1 standing 
3 691 379 776 509 21761 0 0 1 standing 
3 691 377 775 509 21762 0 0 1 standing 
3 691 375 773 509 21763 0 0 1 standing 
3 691 373 771 509 21764 0 0 1 standing 
3 691 372 770 509 21765 0 0 0 standing 
3 692 372 770 509 21766 0 0 1 standing 
3 694 372 771 510 21767 0 0 1 standing 
3 695 372 772 511 21768 0 0 1 standing 
3 697 372 773 512 21769 0 0 1 standing 
3 699 372 774 513 21770 0 0 1 standing 
3 700 372 775 513 21771 0 0 1 standing 
3 702 372 776 514 21772 0 0 1 standing 
3 703 372 777 515 21773 0 0 1 standing 
3 705 372 778 516 21774 0 0 1 standing 
4 535 223 614 354 21755 0 0 0 standing 
4 534 227 610 355 21756 0 0 1 digging 
4 534 231 607 357 21757 0 0 1 digging 
4 533 235 604 359 21758 0 0 1 digging 
4 533 239 601 361 21759 0 0 1 digging 
4 532 244 598 363 21760 0 0 1 digging 
4 532 248 594 365 21761 0 0 1 digging 
4 531 252 591 367 21762 0 0 1 digging 
4 531 256 588 369 21763 0 0 1 digging 
4 530 260 585 371 21764 0 0 1 digging 
4 530 265 582 373 21765 0 0 0 digging 
4 528 264 581 372 21766 0 0 1 digging 
4 526 264 581 371 21767 0 0 1 digging 
4 524 263 581 371 21768 0 0 1 digging 
4 523 263 581 370 21769 0 0 1 digging 
4 521 262 581 370 21770 0 0 1 digging 
4 519 262 581 369 21771 0 0 1 digging 
4 518 261 581 368 21772 0 0 1 digging 
4 516 261 581 368 21773 0 0 1 digging 
4 514 260 581 367 21774 0 0 1 digging 
5 556 213 603 337 21755 0 0 0 digging 
5 554 216 599 338 21756 0 0 1 digging 
5 552 220 596 340 21757 0 0 1 digging 
5 550 224 593 341 21758 0 0 1 digging 
5 548 228 590 343 21759 0 0 1 digging 
5 546 232 587 345 21760 0 0 1 digging 
5 544 235 583 346 21761 0 0 1 digging 
5 542 239 580 348 21762 0 0 1 digging 
5 540 243 577 349 21763 0 0 1 digging 
5 538 247 574 351 21764 0 0 1 digging 
5 537 251 571 353 21765 0 0 0 digging 
5 535 250 570 352 21766 0 0 1 digging 
5 534 249 569 352 21767 0 0 1 digging 
5 533 248 568 352 21768 0 0 1 digging 
5 531 247 567 351 21769 0 0 1 digging 
5 530 246 566 351 21770 0 0 1 digging 
5 529 245 565 351 21771 0 0 1 digging 
5 527 244 564 350 21772 0 0 1 digging 
5 526 243 563 350 21773 0 0 1 digging 
5 525 242 562 350 21774 0 0 1 digging 
6 508 320 563 419 21755 0 0 0 digging 
6 504 319 559 419 21756 0 0 1 waiting 
6 500 318 555 419 21757 0 0 1 waiting 
6 496 318 551 420 21758 0 0 1 waiting 
6 492 317 547 420 21759 0 0 1 waiting 
6 489 317 543 421 21760 0 0 1 waiting 
6 485 316 539 421 21761 0 0 1 waiting 
6 481 315 535 421 21762 0 0 1 waiting 
6 477 315 531 422 21763 0 0 1 waiting 
6 473 314 527 422 21764 0 0 1 waiting 
6 470 314 524 423 21765 0 0 0 waiting 
6 468 312 522 422 21766 0 0 1 waiting 
6 466 310 520 421 21767 0 0 1 waiting 
6 464 308 518 421 21768 0 0 1 waiting 
6 462 306 516 420 21769 0 0 1 waiting 
6 460 305 514 420 21770 0 0 1 waiting 
6 458 303 512 419 21771 0 0 1 waiting 
6 456 301 510 418 21772 0 0 1 waiting 
6 454 299 508 418 21773 0 0 1 waiting 
6 452 297 506 417 21774 0 0 1 waiting 
7 466 214 522 322 21755 0 0 0 waiting 
7 463 218 519 325 21756 0 0 1 moving 
7 461 222 516 329 21757 0 0 1 moving 
7 459 226 513 333 21758 0 0 1 moving 
7 457 230 511 337 21759 0 0 1 moving 
7 455 234 508 341 21760 0 0 1 moving 
7 453 238 505 345 21761 0 0 1 moving 
7 451 242 503 349 21762 0 0 1 moving 
7 449 246 500 353 21763 0 0 1 moving 
7 447 250 497 357 21764 0 0 1 moving 
7 445 254 495 361 21765 0 0 0 moving 
7 441 252 491 360 21766 0 0 1 moving 
7 438 251 487 360 21767 0 0 1 moving 
7 435 250 483 359 21768 0 0 1 moving 
7 432 249 479 359 21769 0 0 1 moving 
7 429 248 476 358 21770 0 0 1 moving 
7 425 247 472 358 21771 0 0 1 moving 
7 422 246 468 357 21772 0 0 1 moving 
7 419 245 464 357 21773 0 0 1 moving 
7 416 244 460 356 21774 0 0 1 moving 
8 391 324 445 430 21755 0 0 0 moving 
8 386 324 441 429 21756 0 0 1 waiting 
8 382 324 438 429 21757 0 0 1 waiting 
8 378 324 434 429 21758 0 0 1 waiting 
8 374 324 431 429 21759 0 0 1 waiting 
8 370 324 427 429 21760 0 0 1 waiting 
8 365 324 424 429 21761 0 0 1 waiting 
8 361 324 420 429 21762 0 0 1 waiting 
8 357 324 417 429 21763 0 0 1 waiting 
8 353 324 413 429 21764 0 0 1 waiting 
8 349 324 410 429 21765 0 0 0 waiting 
8 346 324 407 429 21766 0 0 1 waiting 
8 344 324 405 429 21767 0 0 1 waiting 
8 342 324 403 429 21768 0 0 1 waiting 
8 340 324 401 429 21769 0 0 1 waiting 
8 338 325 399 430 21770 0 0 1 waiting 
8 335 325 396 430 21771 0 0 1 waiting 
8 333 325 394 430 21772 0 0 1 waiting 
8 331 325 392 430 21773 0 0 1 waiting 
8 329 325 390 430 21774 0 0 1 waiting 
9 382 281 432 377 21755 0 0 0 waiting 
9 377 280 427 378 21756 0 0 1 standing 
9 373 280 423 379 21757 0 0 1 standing 
9 368 280 418 380 21758 0 0 1 standing 
9 364 280 414 381 21759 0 0 1 standing 
9 360 280 409 382 21760 0 0 1 standing 
9 355 280 405 383 21761 0 0 1 standing 
9 351 280 400 384 21762 0 0 1 standing 
9 346 280 396 385 21763 0 0 1 standing 
9 342 280 391 386 21764 0 0 1 standing 
9 338 280 387 387 21765 0 0 0 standing 
9 334 278 383 387 21766 0 0 1 standing 
9 331 277 380 387 21767 0 0 1 standing 
9 328 276 377 388 21768 0 0 1 standing 
9 325 275 374 388 21769 0 0 1 standing 
9 322 274 371 389 21770 0 0 1 standing 
9 319 272 367 389 21771 0 0 1 standing 
9 316 271 364 389 21772 0 0 1 standing 
9 313 270 361 390 21773 0 0 1 standing 
9 310 269 358 390 21774 0 0 1 standing 
10 244 445 336 561 21755 0 0 0 standing 
10 240 443 331 560 21756 0 0 1 waiting 
10 236 441 327 559 21757 0 0 1 waiting 
10 233 439 322 559 21758 0 0 1 waiting 
10 229 438 318 558 21759 0 0 1 waiting 
10 226 436 314 558 21760 0 0 1 waiting 
10 222 434 309 557 21761 0 0 1 waiting 
10 218 433 305 556 21762 0 0 1 waiting 
10 215 431 300 556 21763 0 0 1 waiting 
10 211 429 296 555 21764 0 0 1 waiting 
10 208 428 292 555 21765 0 0 0 waiting 
10 205 426 289 554 21766 0 0 1 waiting 
10 203 425 286 554 21767 0 0 1 waiting 
10 200 423 284 554 21768 0 0 1 waiting 
10 198 422 281 553 21769 0 0 1 waiting 
10 195 420 279 553 21770 0 0 1 waiting 
10 193 419 276 553 21771 0 0 1 waiting 
10 190 417 273 552 21772 0 0 1 waiting 
10 188 416 271 552 21773 0 0 1 waiting 
10 185 414 268 552 21774 0 0 1 waiting 
11 226 337 292 444 21755 0 0 0 waiting 
11 222 336 287 444 21756 0 0 1 waiting 
11 219 335 283 445 21757 0 0 1 waiting 
11 216 334 278 445 21758 0 0 1 waiting 
11 212 333 274 446 21759 0 0 1 waiting 
11 209 333 270 446 21760 0 0 1 waiting 
11 206 332 265 447 21761 0 0 1 waiting 
11 202 331 261 447 21762 0 0 1 waiting 
11 199 330 256 448 21763 0 0 1 waiting 
11 196 329 252 448 21764 0 0 1 waiting 
11 193 329 248 449 21765 0 0 0 waiting 
11 191 327 245 447 21766 0 0 1 waiting 
11 189 326 242 445 21767 0 0 1 waiting 
11 187 324 239 444 21768 0 0 1 waiting 
11 185 323 236 442 21769 0 0 1 waiting 
11 183 321 233 441 21770 0 0 1 waiting 
11 181 320 230 439 21771 0 0 1 waiting 
11 179 318 227 437 21772 0 0 1 waiting 
11 177 317 224 436 21773 0 0 1 waiting 
11 175 315 221 434 21774 0 0 1 waiting 
