0 947 502 999 586 50315 0 1 0 falling 
0 941 504 995 586 50316 0 1 1 falling 
0 935 506 991 586 50317 0 1 1 falling 
0 929 508 988 586 50318 0 1 1 falling 
0 923 511 984 586 50319 0 1 1 falling 
0 917 513 981 587 50320 0 1 1 falling 
0 911 515 977 587 50321 0 1 1 falling 
0 905 518 973 587 50322 0 1 1 falling 
0 899 520 970 587 50323 0 1 1 falling 
0 893 522 966 587 50324 0 1 1 falling 
0 887 525 963 588 50325 0 1 0 falling 
0 891 527 968 590 50326 0 1 1 falling 
0 896 530 973 593 50327 0 1 1 falling 
0 900 532 979 595 50328 0 1 1 falling 
0 905 535 984 598 50329 0 1 1 falling 
0 909 538 989 601 50330 0 1 1 falling 
0 914 540 995 603 50331 0 1 1 falling 
0 918 543 1000 606 50332 0 1 1 falling 
0 923 546 1006 609 50333 0 1 0 falling 
0 923 546 1006 609 50334 0 1 1 falling 
1 920 433 967 527 50315 0 0 0 falling 
1 916 434 965 528 50316 0 0 1 standing 
1 912 436 964 530 50317 0 0 1 standing 
1 908 438 963 532 50318 0 0 0 standing 
1 903 439 958 533 50319 0 0 1 standing 
1 898 440 953 534 50320 0 0 1 standing 
1 894 442 949 536 50321 0 0 0 standing 
1 891 441 946 535 50322 0 0 1 standing 
1 888 441 943 535 50323 0 0 1 standing 
1 885 441 940 535 50324 0 0 0 standing 
1 882 441 937 535 50325 0 0 1 standing 
1 879 441 934 535 50326 0 0 1 standing 
1 877 441 932 535 50327 0 0 0 standing 
1 877 440 932 535 50328 0 0 1 standing 
1 877 439 933 536 50329 0 0 1 standing 
1 877 438 933 537 50330 0 0 1 standing 
1 877 438 934 538 50331 0 0 1 standing 
1 877 437 934 539 50332 0 0 1 standing 
1 877 436 935 540 50333 0 0 1 standing 
1 877 435 935 541 50334 0 0 1 standing 
2 779 478 854 632 50315 0 0 0 standing 
2 770 477 844 631 50316 0 0 1 standing 
2 762 477 835 631 50317 0 0 1 standing 
2 754 477 826 631 50318 0 0 0 standing 
2 754 479 826 633 50319 0 0 1 standing 
2 754 481 826 635 50320 0 0 1 standing 
2 754 484 826 638 50321 0 0 0 standing 
2 755 482 827 636 50322 0 0 1 standing 
2 756 480 828 635 50323 0 0 1 standing 
2 758 479 830 634 50324 0 0 0 standing 
2 758 480 830 633 50325 0 0 1 standing 
2 759 481 830 632 50326 0 0 1 standing 
2 760 482 830 632 50327 0 0 0 standing 
2 763 485 842 639 50328 0 0 1 standing 
2 766 488 854 646 50329 0 0 1 standing 
2 770 492 866 654 50330 0 0 0 standing 
2 777 495 870 657 50331 0 0 1 standing 
2 784 498 874 660 50332 0 0 1 standing 
2 791 501 878 663 50333 0 0 0 standing 
2 791 501 878 663 50334 0 0 1 standing 
3 742 440 799 553 50315 0 0 0 standing 
3 734 439 794 550 50316 0 0 1 standing 
3 726 438 789 547 50317 0 0 1 standing 
3 718 437 785 544 50318 0 0 0 standing 
3 711 435 781 549 50319 0 0 1 standing 
3 705 434 777 554 50320 0 0 1 standing 
3 699 433 774 559 50321 0 0 0 standing 
3 697 433 772 560 50322 0 0 1 standing 
3 695 434 770 561 50323 0 0 1 standing 
3 694 435 769 562 50324 0 0 0 standing 
3 691 434 766 561 50325 0 0 1 standing 
3 689 434 764 561 50326 0 0 1 standing 
3 687 434 762 561 50327 0 0 0 standing 
3 687 434 762 561 50328 0 0 1 standing 
3 687 435 762 562 50329 0 0 1 standing 
3 687 436 762 563 50330 0 0 0 standing 
3 685 436 762 563 50331 0 0 1 standing 
3 683 437 763 564 50332 0 0 1 standing 
3 681 437 764 564 50333 0 0 1 standing 
3 679 438 765 565 50334 0 0 1 standing 
4 751 388 793 488 50315 0 0 0 standing 
4 744 387 786 487 50316 0 0 1 standing 
4 737 387 779 487 50317 0 0 1 standing 
4 730 387 772 487 50318 0 0 0 standing 
4 724 386 766 486 50319 0 0 1 standing 
4 719 385 761 485 50320 0 0 1 standing 
4 714 385 756 485 50321 0 0 0 standing 
4 711 383 753 483 50322 0 0 1 standing 
4 708 381 750 481 50323 0 0 1 standing 
4 706 379 748 479 50324 0 0 0 standing 
4 703 378 746 478 50325 0 0 1 standing 
4 701 378 744 477 50326 0 0 1 standing 
4 699 378 742 476 50327 0 0 0 standing 
4 699 378 742 476 50328 0 0 1 standing 
4 699 378 742 476 50329 0 0 1 standing 
4 699 378 743 476 50330 0 0 0 standing 
4 700 378 744 476 50331 0 0 1 standing 
4 701 378 746 476 50332 0 0 1 standing 
4 702 378 748 476 50333 0 0 1 standing 
4 703 378 750 476 50334 0 0 1 standing 
5 653 392 693 491 50315 0 0 0 standing 
5 641 392 681 492 50316 0 0 1 standing 
5 630 392 670 494 50317 0 0 1 standing 
5 619 393 659 496 50318 0 0 0 standing 
5 609 393 650 497 50319 0 0 1 standing 
5 599 393 641 498 50320 0 0 1 standing 
5 590 394 632 500 50321 0 0 0 standing 
5 579 397 626 503 50322 0 0 1 standing 
5 569 400 620 507 50323 0 0 1 standing 
5 559 404 614 511 50324 0 0 0 standing 
5 550 406 608 513 50325 0 0 1 standing 
5 542 408 602 515 50326 0 0 1 standing 
5 534 411 597 518 50327 0 0 0 standing 
5 532 413 595 520 50328 0 0 1 standing 
5 530 415 593 522 50329 0 0 1 standing 
5 528 417 591 524 50330 0 0 0 standing 
5 528 417 594 524 50331 0 0 1 standing 
5 528 418 597 524 50332 0 0 1 standing 
5 528 419 600 524 50333 0 0 1 standing 
5 528 420 603 524 50334 0 0 1 standing 
6 520 433 563 556 50315 0 0 0 standing 
6 511 433 554 556 50316 0 0 1 standing 
6 503 434 545 557 50317 0 0 1 standing 
6 495 435 536 558 50318 0 0 1 standing 
6 487 435 527 558 50319 0 0 1 standing 
6 479 436 518 559 50320 0 0 1 standing 
6 471 437 510 560 50321 0 0 0 standing 
6 463 437 503 560 50322 0 0 1 standing 
6 456 438 496 561 50323 0 0 1 standing 
6 449 439 489 562 50324 0 0 0 standing 
6 446 438 484 563 50325 0 0 1 standing 
6 444 437 480 565 50326 0 0 1 standing 
6 442 437 476 567 50327 0 0 0 standing 
6 437 437 473 567 50328 0 0 1 standing 
6 433 437 471 567 50329 0 0 1 standing 
6 429 438 469 568 50330 0 0 0 standing 
6 428 437 468 567 50331 0 0 1 standing 
6 427 437 467 567 50332 0 0 1 standing 
6 427 437 467 567 50333 0 0 0 standing 
6 427 437 467 567 50334 0 0 1 standing 
7 477 446 517 559 50315 0 0 0 standing 
7 469 446 508 560 50316 0 0 1 standing 
7 461 447 500 562 50317 0 0 1 standing 
7 453 448 492 564 50318 0 0 1 standing 
7 445 449 484 566 50319 0 0 1 standing 
7 437 450 476 568 50320 0 0 1 standing 
7 430 451 468 570 50321 0 0 0 standing 
7 425 452 463 570 50322 0 0 1 standing 
7 420 453 459 571 50323 0 0 1 standing 
7 415 454 455 572 50324 0 0 0 standing 
7 412 455 453 576 50325 0 0 1 standing 
7 409 457 451 581 50326 0 0 1 standing 
7 406 459 449 586 50327 0 0 0 standing 
7 403 459 447 586 50328 0 0 1 standing 
7 400 459 445 586 50329 0 0 1 standing 
7 397 460 444 586 50330 0 0 0 standing 
7 398 463 445 589 50331 0 0 1 standing 
7 400 466 447 592 50332 0 0 1 standing 
7 402 469 449 596 50333 0 0 1 standing 
7 404 472 451 599 50334 0 0 1 standing 
8 461 411 514 523 50315 0 0 0 standing 
8 456 410 509 522 50316 0 0 1 standing 
8 452 409 505 521 50317 0 0 1 standing 
8 447 408 501 520 50318 0 0 1 standing 
8 443 407 496 519 50319 0 0 1 standing 
8 438 406 492 518 50320 0 0 1 standing 
8 434 405 488 517 50321 0 0 0 standing 
8 430 404 481 516 50322 0 0 1 standing 
8 426 403 474 515 50323 0 0 1 standing 
8 422 403 468 514 50324 0 0 0 standing 
8 420 403 466 514 50325 0 0 1 standing 
8 419 403 465 514 50326 0 0 1 standing 
8 418 403 464 514 50327 0 0 0 standing 
8 416 402 462 513 50328 0 0 1 standing 
8 415 402 461 513 50329 0 0 1 standing 
8 414 402 460 513 50330 0 0 0 standing 
8 414 401 460 512 50331 0 0 1 standing 
8 415 401 461 512 50332 0 0 1 standing 
8 415 401 462 512 50333 0 0 1 standing 
8 416 401 463 512 50334 0 0 1 standing 
9 379 418 419 520 50315 0 0 0 standing 
9 366 419 407 521 50316 0 0 1 standing 
9 353 420 395 522 50317 0 0 1 standing 
9 341 421 384 523 50318 0 0 0 standing 
9 329 420 372 522 50319 0 0 1 standing 
9 318 419 361 521 50320 0 0 1 standing 
9 307 418 350 520 50321 0 0 0 standing 
9 299 418 342 520 50322 0 0 1 standing 
9 291 418 334 521 50323 0 0 1 standing 
9 283 419 327 522 50324 0 0 0 standing 
9 274 418 318 521 50325 0 0 1 standing 
9 266 417 310 520 50326 0 0 1 standing 
9 258 417 302 520 50327 0 0 0 standing 
9 254 416 298 519 50328 0 0 1 standing 
9 251 415 294 518 50329 0 0 1 standing 
9 248 414 291 517 50330 0 0 0 standing 
9 245 415 288 518 50331 0 0 1 standing 
9 242 416 285 519 50332 0 0 1 standing 
9 239 417 282 520 50333 0 0 1 standing 
9 236 418 279 521 50334 0 0 1 standing 
10 262 434 312 540 50315 0 0 0 standing 
10 247 435 298 542 50316 0 0 1 standing 
10 232 436 284 545 50317 0 0 1 standing 
10 218 438 270 548 50318 0 0 0 standing 
10 205 439 258 551 50319 0 0 1 standing 
10 192 440 246 555 50320 0 0 1 standing 
10 180 441 235 559 50321 0 0 0 standing 
10 170 441 226 557 50322 0 0 1 standing 
10 161 442 218 555 50323 0 0 1 standing 
10 152 443 210 554 50324 0 0 0 standing 
10 143 444 201 555 50325 0 0 1 standing 
10 135 445 193 556 50326 0 0 1 standing 
10 127 447 185 558 50327 0 0 0 standing 
10 120 447 178 558 50328 0 0 1 standing 
10 113 448 171 559 50329 0 0 1 standing 
10 107 449 165 560 50330 0 0 0 standing 
10 103 449 162 561 50331 0 0 1 standing 
10 99 449 159 563 50332 0 0 1 standing 
10 95 449 156 564 50333 0 0 1 standing 
10 91 449 153 566 50334 0 0 1 standing 
