0 433 429 500 509 42765 0 1 0 setting 
0 433 427 501 508 42766 0 1 1 setting 
0 434 426 502 508 42767 0 1 1 setting 
0 435 425 503 508 42768 0 1 0 setting 
0 439 421 501 506 42769 0 1 1 setting 
0 443 417 499 504 42770 0 1 1 setting 
0 448 413 497 503 42771 0 1 0 setting 
0 447 413 494 502 42772 0 1 1 setting 
0 447 414 492 502 42773 0 1 1 setting 
0 446 414 489 501 42774 0 1 1 setting 
0 446 415 487 501 42775 0 1 0 setting 
0 449 421 490 511 42776 0 1 1 setting 
0 452 427 494 522 42777 0 1 1 setting 
0 456 434 498 533 42778 0 1 0 setting 
0 451 444 495 535 42779 0 1 1 setting 
0 446 454 492 538 42780 0 1 1 setting 
0 441 464 489 541 42781 0 1 1 setting 
0 437 475 486 544 42782 0 1 0 setting 
0 436 476 485 547 42783 0 1 1 setting 
0 435 478 484 550 42784 0 1 1 setting 
1 614 416 679 519 42765 0 0 0 setting 
1 611 416 678 520 42766 0 0 1 moving 
1 608 417 678 521 42767 0 0 1 moving 
1 606 418 678 522 42768 0 0 0 moving 
1 603 417 675 522 42769 0 0 1 moving 
1 600 417 672 523 42770 0 0 1 moving 
1 597 417 669 524 42771 0 0 1 moving 
1 594 417 666 525 42772 0 0 0 moving 
1 586 417 654 526 42773 0 0 1 moving 
1 579 418 642 527 42774 0 0 1 moving 
1 572 419 630 529 42775 0 0 0 moving 
1 565 419 620 530 42776 0 0 1 moving 
1 558 420 610 532 42777 0 0 1 moving 
1 552 421 601 534 42778 0 0 0 moving 
1 541 423 594 540 42779 0 0 1 moving 
1 531 425 587 546 42780 0 0 1 moving 
1 521 427 580 552 42781 0 0 1 moving 
1 511 429 573 558 42782 0 0 0 moving 
1 506 431 568 561 42783 0 0 1 moving 
1 501 434 563 564 42784 0 0 1 moving 
2 352 391 405 474 42765 0 0 0 moving 
2 351 390 405 473 42766 0 0 1 standing 
2 350 389 405 472 42767 0 0 1 standing 
2 349 388 406 472 42768 0 0 0 standing 
2 347 388 404 473 42769 0 0 1 standing 
2 345 388 402 474 42770 0 0 1 standing 
2 343 388 400 475 42771 0 0 1 standing 
2 341 388 399 476 42772 0 0 0 standing 
2 338 390 399 478 42773 0 0 1 standing 
2 336 392 400 480 42774 0 0 1 standing 
2 334 395 401 482 42775 0 0 0 standing 
2 328 396 397 483 42776 0 0 1 standing 
2 322 397 394 485 42777 0 0 1 standing 
2 317 398 391 487 42778 0 0 0 standing 
2 320 398 389 487 42779 0 0 1 standing 
2 324 399 388 488 42780 0 0 1 standing 
2 327 400 386 489 42781 0 0 1 standing 
2 331 401 385 490 42782 0 0 0 standing 
2 335 402 388 492 42783 0 0 1 standing 
2 339 403 391 494 42784 0 0 1 standing 
3 423 343 486 413 42765 0 0 0 standing 
3 421 340 486 411 42766 0 0 1 moving 
3 419 338 486 410 42767 0 0 1 moving 
3 418 336 486 409 42768 0 0 0 moving 
3 415 335 484 410 42769 0 0 1 moving 
3 413 335 482 411 42770 0 0 1 moving 
3 411 334 480 412 42771 0 0 1 moving 
3 409 334 479 413 42772 0 0 0 moving 
3 405 335 473 415 42773 0 0 1 moving 
3 401 336 467 418 42774 0 0 1 moving 
3 397 338 461 421 42775 0 0 0 moving 
3 390 340 453 427 42776 0 0 1 moving 
3 384 343 445 433 42777 0 0 1 moving 
3 378 346 437 439 42778 0 0 0 moving 
3 375 347 433 439 42779 0 0 1 moving 
3 372 349 429 440 42780 0 0 1 moving 
3 369 350 425 440 42781 0 0 1 moving 
3 367 352 421 441 42782 0 0 0 moving 
3 367 353 420 441 42783 0 0 1 moving 
3 367 354 420 441 42784 0 0 1 moving 
4 695 307 758 427 42765 0 0 0 moving 
4 698 313 753 424 42766 0 0 1 standing 
4 702 319 748 421 42767 0 0 1 standing 
4 706 325 743 419 42768 0 0 0 standing 
4 701 325 740 419 42769 0 0 1 standing 
4 696 325 738 419 42770 0 0 1 standing 
4 691 325 736 419 42771 0 0 1 standing 
4 686 325 734 420 42772 0 0 1 standing 
4 681 325 732 420 42773 0 0 1 standing 
4 676 325 730 420 42774 0 0 1 standing 
4 671 326 728 421 42775 0 0 0 standing 
4 664 326 720 421 42776 0 0 1 standing 
4 657 327 712 422 42777 0 0 1 standing 
4 650 328 704 422 42778 0 0 1 standing 
4 644 328 696 423 42779 0 0 1 standing 
4 637 329 688 423 42780 0 0 1 standing 
4 630 330 680 424 42781 0 0 1 standing 
4 624 331 673 425 42782 0 0 0 standing 
4 621 330 668 424 42783 0 0 1 standing 
4 619 330 664 424 42784 0 0 1 standing 
5 733 304 766 417 42765 0 0 0 standing 
5 731 305 764 417 42766 0 0 1 standing 
5 730 306 762 417 42767 0 0 1 standing 
5 728 307 761 417 42768 0 0 1 standing 
5 727 309 759 417 42769 0 0 1 standing 
5 725 310 758 418 42770 0 0 1 standing 
5 724 311 756 418 42771 0 0 1 standing 
5 722 313 754 418 42772 0 0 1 standing 
5 721 314 753 418 42773 0 0 1 standing 
5 719 315 751 418 42774 0 0 1 standing 
5 718 317 750 419 42775 0 0 0 standing 
5 711 316 744 418 42776 0 0 1 standing 
5 705 315 739 417 42777 0 0 1 standing 
5 699 314 734 416 42778 0 0 1 standing 
5 693 314 729 415 42779 0 0 1 standing 
5 687 313 724 415 42780 0 0 1 standing 
5 681 312 719 414 42781 0 0 1 standing 
5 675 312 714 413 42782 0 0 1 standing 
5 669 311 709 412 42783 0 0 1 standing 
5 663 310 704 411 42784 0 0 1 standing 
6 780 437 837 555 42765 0 0 0 standing 
6 781 436 835 554 42766 0 0 1 standing 
6 782 435 833 553 42767 0 0 1 standing 
6 784 434 831 553 42768 0 0 0 standing 
6 784 433 829 551 42769 0 0 1 standing 
6 784 432 827 550 42770 0 0 1 standing 
6 784 431 825 549 42771 0 0 1 standing 
6 785 431 823 548 42772 0 0 0 standing 
6 782 431 820 548 42773 0 0 1 standing 
6 779 431 817 548 42774 0 0 1 standing 
6 777 431 815 548 42775 0 0 0 standing 
6 773 430 809 548 42776 0 0 1 standing 
6 769 429 804 548 42777 0 0 1 standing 
6 766 429 799 548 42778 0 0 0 standing 
6 760 430 793 549 42779 0 0 1 standing 
6 754 431 788 550 42780 0 0 1 standing 
6 748 432 783 551 42781 0 0 1 standing 
6 743 433 778 552 42782 0 0 0 standing 
6 739 431 774 550 42783 0 0 1 standing 
6 735 429 771 549 42784 0 0 1 standing 
7 791 381 869 470 42765 0 0 0 standing 
7 788 380 868 471 42766 0 0 1 standing 
7 786 379 867 472 42767 0 0 1 standing 
7 784 379 866 473 42768 0 0 0 standing 
7 782 378 861 472 42769 0 0 1 standing 
7 780 377 856 472 42770 0 0 1 standing 
7 778 376 852 472 42771 0 0 1 standing 
7 776 375 847 471 42772 0 0 1 standing 
7 774 374 843 471 42773 0 0 1 standing 
7 772 373 838 471 42774 0 0 1 standing 
7 770 372 834 471 42775 0 0 0 standing 
7 765 371 825 471 42776 0 0 1 standing 
7 760 370 816 472 42777 0 0 1 standing 
7 755 370 807 473 42778 0 0 0 standing 
7 750 369 800 473 42779 0 0 1 standing 
7 746 368 794 474 42780 0 0 1 standing 
7 742 367 788 475 42781 0 0 1 standing 
7 738 367 782 476 42782 0 0 0 standing 
7 733 368 778 476 42783 0 0 1 standing 
7 729 369 775 477 42784 0 0 1 standing 
8 859 357 909 443 42765 0 0 0 standing 
8 858 356 908 442 42766 0 0 1 standing 
8 858 355 908 441 42767 0 0 1 standing 
8 858 354 907 440 42768 0 0 1 standing 
8 857 354 907 439 42769 0 0 1 standing 
8 857 353 906 438 42770 0 0 1 standing 
8 857 352 906 437 42771 0 0 1 standing 
8 857 352 906 436 42772 0 0 0 standing 
8 854 353 904 437 42773 0 0 1 standing 
8 851 354 902 438 42774 0 0 1 standing 
8 849 355 901 440 42775 0 0 0 standing 
8 846 354 899 439 42776 0 0 1 standing 
8 844 353 898 439 42777 0 0 1 standing 
8 842 352 897 439 42778 0 0 0 standing 
8 843 352 894 439 42779 0 0 1 standing 
8 844 352 892 439 42780 0 0 1 standing 
8 845 352 890 439 42781 0 0 1 standing 
8 846 352 888 440 42782 0 0 0 standing 
8 846 352 889 441 42783 0 0 1 standing 
8 847 353 890 442 42784 0 0 1 standing 
9 826 335 878 415 42765 0 0 0 standing 
9 826 330 879 412 42766 0 0 1 standing 
9 826 325 880 409 42767 0 0 1 standing 
9 827 321 881 407 42768 0 0 0 standing 
9 828 320 882 407 42769 0 0 1 standing 
9 830 319 883 408 42770 0 0 1 standing 
9 832 318 884 409 42771 0 0 1 standing 
9 834 318 886 410 42772 0 0 0 standing 
9 834 320 886 414 42773 0 0 1 standing 
9 835 322 886 418 42774 0 0 1 standing 
9 836 325 887 422 42775 0 0 0 standing 
9 831 326 885 423 42776 0 0 1 standing 
9 827 327 883 424 42777 0 0 1 standing 
9 823 328 881 426 42778 0 0 0 standing 
9 818 327 879 425 42779 0 0 1 standing 
9 814 327 877 425 42780 0 0 1 standing 
9 810 326 875 424 42781 0 0 1 standing 
9 806 326 874 424 42782 0 0 0 standing 
9 810 326 873 424 42783 0 0 1 standing 
9 815 326 872 424 42784 0 0 1 standing 
10 1041 351 1088 455 42765 0 0 0 standing 
10 1036 351 1088 454 42766 0 0 1 standing 
10 1031 352 1088 453 42767 0 0 1 standing 
10 1026 353 1088 452 42768 0 0 0 standing 
10 1019 353 1085 452 42769 0 0 1 standing 
10 1013 354 1083 452 42770 0 0 1 standing 
10 1007 354 1081 452 42771 0 0 1 standing 
10 1001 355 1079 453 42772 0 0 0 standing 
10 997 354 1070 451 42773 0 0 1 standing 
10 993 353 1061 449 42774 0 0 1 standing 
10 989 353 1053 447 42775 0 0 0 standing 
10 981 352 1038 446 42776 0 0 1 standing 
10 973 351 1024 445 42777 0 0 1 standing 
10 966 351 1010 445 42778 0 0 0 standing 
10 956 352 1000 447 42779 0 0 1 standing 
10 947 353 991 449 42780 0 0 1 standing 
10 937 354 982 451 42781 0 0 1 standing 
10 928 356 973 453 42782 0 0 0 standing 
10 914 356 967 454 42783 0 0 1 standing 
10 900 357 961 455 42784 0 0 1 standing 
11 1100 411 1139 513 42765 0 0 0 standing 
11 1098 410 1139 512 42766 0 0 1 standing 
11 1097 409 1139 511 42767 0 0 1 standing 
11 1096 408 1139 511 42768 0 0 0 standing 
11 1093 408 1136 510 42769 0 0 1 standing 
11 1091 409 1133 510 42770 0 0 1 standing 
11 1089 410 1130 510 42771 0 0 1 standing 
11 1087 411 1127 510 42772 0 0 0 standing 
11 1081 411 1120 511 42773 0 0 1 standing 
11 1075 412 1114 512 42774 0 0 1 standing 
11 1070 413 1108 513 42775 0 0 0 standing 
11 1063 412 1101 513 42776 0 0 1 standing 
11 1056 411 1095 513 42777 0 0 1 standing 
11 1049 411 1089 514 42778 0 0 0 standing 
11 1039 412 1083 513 42779 0 0 1 standing 
11 1030 413 1078 513 42780 0 0 1 standing 
11 1021 414 1072 513 42781 0 0 1 standing 
11 1012 415 1067 513 42782 0 0 0 standing 
11 1009 416 1061 512 42783 0 0 1 standing 
11 1006 417 1056 512 42784 0 0 1 standing 
