0 581 333 637 485 69805 0 1 0 spiking 
0 588 325 644 479 69806 0 1 1 spiking 
0 596 317 652 474 69807 0 1 1 spiking 
0 604 310 659 469 69808 0 1 1 spiking 
0 612 302 667 464 69809 0 1 1 spiking 
0 620 294 674 459 69810 0 1 1 spiking 
0 628 287 682 454 69811 0 1 0 spiking 
0 629 284 682 454 69812 0 1 1 spiking 
0 630 281 683 454 69813 0 1 1 spiking 
0 631 278 684 454 69814 0 1 1 spiking 
0 632 275 685 454 69815 0 1 0 spiking 
0 639 283 691 459 69816 0 1 1 spiking 
0 646 292 698 464 69817 0 1 1 spiking 
0 653 301 705 469 69818 0 1 1 spiking 
0 660 309 712 474 69819 0 1 1 spiking 
0 667 318 719 479 69820 0 1 1 spiking 
0 674 327 726 484 69821 0 1 1 spiking 
0 681 335 733 489 69822 0 1 1 spiking 
0 688 344 740 494 69823 0 1 1 spiking 
0 695 353 747 499 69824 0 1 1 spiking 
1 457 393 503 517 69805 0 1 0 spiking 
1 467 381 512 510 69806 0 1 1 blocking 
1 478 370 522 504 69807 0 1 1 blocking 
1 488 359 531 498 69808 0 1 1 blocking 
1 499 347 541 492 69809 0 1 1 blocking 
1 509 336 550 486 69810 0 1 1 blocking 
1 520 325 560 480 69811 0 1 0 blocking 
1 527 318 566 479 69812 0 1 1 blocking 
1 535 311 572 479 69813 0 1 1 blocking 
1 542 304 578 478 69814 0 1 1 blocking 
1 550 298 585 478 69815 0 1 0 blocking 
1 559 299 594 479 69816 0 1 1 blocking 
1 568 300 604 480 69817 0 1 1 blocking 
1 578 301 613 481 69818 0 1 1 blocking 
1 587 302 623 482 69819 0 1 1 blocking 
1 597 303 633 483 69820 0 1 1 blocking 
1 606 304 642 484 69821 0 1 1 blocking 
1 616 305 652 485 69822 0 1 1 blocking 
1 625 306 662 486 69823 0 1 1 blocking 
1 635 307 671 487 69824 0 1 1 blocking 
2 442 371 496 492 69805 0 1 0 blocking 
2 451 365 504 491 69806 0 1 1 blocking 
2 460 360 512 490 69807 0 1 1 blocking 
2 469 354 521 489 69808 0 1 1 blocking 
2 478 349 529 488 69809 0 1 1 blocking 
2 487 343 537 487 69810 0 1 1 blocking 
2 497 338 546 487 69811 0 1 0 blocking 
2 505 331 553 484 69812 0 1 1 blocking 
2 513 324 560 482 69813 0 1 1 blocking 
2 521 317 567 480 69814 0 1 1 blocking 
2 529 311 575 478 69815 0 1 0 blocking 
2 537 311 583 477 69816 0 1 1 blocking 
2 546 312 592 477 69817 0 1 1 blocking 
2 555 312 601 476 69818 0 1 1 blocking 
2 564 313 610 476 69819 0 1 1 blocking 
2 573 314 619 476 69820 0 1 1 blocking 
2 581 314 627 475 69821 0 1 1 blocking 
2 590 315 636 475 69822 0 1 1 blocking 
2 599 316 645 475 69823 0 1 1 blocking 
2 608 316 654 474 69824 0 1 1 blocking 
3 138 421 192 525 69805 0 0 0 blocking 
3 144 418 200 524 69806 0 0 1 waiting 
3 150 415 208 523 69807 0 0 1 waiting 
3 156 413 217 523 69808 0 0 0 waiting 
3 159 412 220 525 69809 0 0 1 waiting 
3 162 411 223 528 69810 0 0 1 waiting 
3 165 410 227 531 69811 0 0 0 waiting 
3 167 408 231 531 69812 0 0 1 waiting 
3 169 406 235 531 69813 0 0 1 waiting 
3 172 405 239 532 69814 0 0 0 waiting 
3 173 405 240 532 69815 0 0 1 waiting 
3 174 405 241 532 69816 0 0 1 waiting 
3 175 405 242 532 69817 0 0 0 waiting 
3 170 406 248 529 69818 0 0 1 waiting 
3 166 408 254 527 69819 0 0 1 waiting 
3 162 410 261 525 69820 0 0 0 waiting 
3 171 412 267 527 69821 0 0 1 waiting 
3 181 414 273 529 69822 0 0 1 waiting 
3 191 416 280 532 69823 0 0 0 waiting 
3 204 415 289 532 69824 0 0 1 waiting 
4 161 456 228 591 69805 0 0 0 waiting 
4 170 457 239 590 69806 0 0 1 digging 
4 179 458 251 590 69807 0 0 1 digging 
4 188 460 263 590 69808 0 0 0 digging 
4 196 458 272 589 69809 0 0 1 digging 
4 205 457 281 588 69810 0 0 1 digging 
4 214 456 291 587 69811 0 0 0 digging 
4 220 457 297 586 69812 0 0 1 digging 
4 226 458 304 586 69813 0 0 1 digging 
4 232 460 311 586 69814 0 0 0 digging 
4 239 460 318 586 69815 0 0 1 digging 
4 246 460 325 586 69816 0 0 1 digging 
4 254 460 333 586 69817 0 0 0 digging 
4 263 459 339 584 69818 0 0 1 digging 
4 273 458 346 583 69819 0 0 1 digging 
4 283 457 353 582 69820 0 0 0 digging 
4 293 457 363 582 69821 0 0 1 digging 
4 304 458 374 583 69822 0 0 1 digging 
4 315 459 385 584 69823 0 0 0 digging 
4 322 458 396 583 69824 0 0 1 digging 
5 201 369 269 489 69805 0 0 0 digging 
5 213 371 277 488 69806 0 0 1 waiting 
5 225 373 285 487 69807 0 0 1 waiting 
5 238 375 293 486 69808 0 0 0 waiting 
5 246 374 302 488 69809 0 0 1 waiting 
5 254 373 311 490 69810 0 0 1 waiting 
5 262 373 320 492 69811 0 0 0 waiting 
5 268 373 327 489 69812 0 0 1 waiting 
5 275 373 334 487 69813 0 0 1 waiting 
5 282 373 341 485 69814 0 0 0 waiting 
5 290 373 349 485 69815 0 0 1 waiting 
5 298 373 357 485 69816 0 0 1 waiting 
5 306 373 365 485 69817 0 0 0 waiting 
5 315 374 374 485 69818 0 0 1 waiting 
5 325 375 384 486 69819 0 0 1 waiting 
5 335 376 394 487 69820 0 0 0 waiting 
5 344 378 407 486 69821 0 0 1 waiting 
5 353 380 420 486 69822 0 0 1 waiting 
5 362 382 433 486 69823 0 0 1 waiting 
5 371 384 446 486 69824 0 0 1 waiting 
6 451 455 515 584 69805 0 0 0 waiting 
6 458 457 523 582 69806 0 0 1 waiting 
6 466 459 532 581 69807 0 0 1 waiting 
6 474 461 541 580 69808 0 0 0 waiting 
6 476 463 544 578 69809 0 0 1 waiting 
6 478 465 547 577 69810 0 0 1 waiting 
6 481 467 551 576 69811 0 0 0 waiting 
6 484 468 556 576 69812 0 0 1 waiting 
6 487 469 562 577 69813 0 0 1 waiting 
6 491 470 568 578 69814 0 0 0 waiting 
6 497 467 573 579 69815 0 0 1 waiting 
6 503 465 579 580 69816 0 0 1 waiting 
6 509 463 585 581 69817 0 0 0 waiting 
6 514 460 587 581 69818 0 0 1 waiting 
6 519 457 589 581 69819 0 0 1 waiting 
6 524 455 592 582 69820 0 0 0 waiting 
6 524 455 598 580 69821 0 0 1 waiting 
6 524 455 604 579 69822 0 0 1 waiting 
6 524 455 611 578 69823 0 0 0 waiting 
6 527 453 617 576 69824 0 0 1 waiting 
7 532 344 586 493 69805 0 0 0 waiting 
7 540 353 593 497 69806 0 0 1 standing 
7 549 363 601 502 69807 0 0 1 standing 
7 558 372 608 507 69808 0 0 1 standing 
7 566 382 616 511 69809 0 0 1 standing 
7 575 391 623 516 69810 0 0 1 standing 
7 584 401 631 521 69811 0 0 0 standing 
7 592 403 640 522 69812 0 0 1 standing 
7 600 405 650 523 69813 0 0 1 standing 
7 609 407 660 524 69814 0 0 0 standing 
7 615 408 665 523 69815 0 0 1 standing 
7 621 409 671 522 69816 0 0 1 standing 
7 627 411 677 521 69817 0 0 0 standing 
7 643 412 692 521 69818 0 0 1 standing 
7 660 413 707 521 69819 0 0 1 standing 
7 677 414 722 522 69820 0 0 0 standing 
7 689 413 738 521 69821 0 0 1 standing 
7 701 412 754 521 69822 0 0 1 standing 
7 713 412 771 521 69823 0 0 0 standing 
7 725 413 787 522 69824 0 0 1 standing 
8 622 505 741 628 69805 0 0 0 standing 
8 624 506 735 628 69806 0 0 1 standing 
8 626 508 729 628 69807 0 0 1 standing 
8 629 510 724 628 69808 0 0 0 standing 
8 627 509 726 628 69809 0 0 1 standing 
8 625 508 728 629 69810 0 0 1 standing 
8 624 508 731 630 69811 0 0 0 standing 
8 629 502 725 628 69812 0 0 1 standing 
8 634 496 720 627 69813 0 0 1 standing 
8 639 490 715 626 69814 0 0 0 standing 
8 645 482 721 621 69815 0 0 1 standing 
8 652 474 728 617 69816 0 0 1 standing 
8 659 466 735 613 69817 0 0 0 standing 
8 668 459 738 607 69818 0 0 1 standing 
8 677 452 741 602 69819 0 0 1 standing 
8 686 446 745 597 69820 0 0 0 standing 
8 694 444 753 594 69821 0 0 1 standing 
8 702 442 761 592 69822 0 0 1 standing 
8 710 441 769 590 69823 0 0 0 standing 
8 716 443 777 592 69824 0 0 1 standing 
9 792 400 870 532 69805 0 0 0 standing 
9 798 402 866 534 69806 0 0 1 standing 
9 804 405 862 537 69807 0 0 1 standing 
9 811 408 859 540 69808 0 0 0 standing 
9 810 407 861 540 69809 0 0 1 standing 
9 810 407 863 541 69810 0 0 1 standing 
9 810 407 866 542 69811 0 0 0 standing 
9 814 404 871 541 69812 0 0 1 standing 
9 818 402 876 541 69813 0 0 1 standing 
9 823 400 881 541 69814 0 0 0 standing 
9 830 398 883 541 69815 0 0 1 standing 
9 838 396 886 541 69816 0 0 1 standing 
9 846 395 889 542 69817 0 0 0 standing 
9 853 393 896 540 69818 0 0 1 standing 
9 860 391 903 538 69819 0 0 1 standing 
9 868 390 910 537 69820 0 0 0 standing 
9 872 391 920 538 69821 0 0 1 standing 
9 877 393 930 540 69822 0 0 1 standing 
9 882 395 940 542 69823 0 0 0 standing 
9 889 398 945 540 69824 0 0 1 standing 
10 816 316 877 417 69805 0 0 0 standing 
10 810 315 883 418 69806 0 0 1 moving 
10 804 315 889 420 69807 0 0 1 moving 
10 799 315 895 422 69808 0 0 0 moving 
10 797 316 894 424 69809 0 0 1 moving 
10 795 318 894 427 69810 0 0 1 moving 
10 794 320 894 430 69811 0 0 0 moving 
10 799 322 892 430 69812 0 0 1 moving 
10 805 324 891 430 69813 0 0 1 moving 
10 811 327 890 430 69814 0 0 0 moving 
10 815 326 890 431 69815 0 0 1 moving 
10 820 325 890 432 69816 0 0 1 moving 
10 825 325 891 433 69817 0 0 0 moving 
10 825 326 891 438 69818 0 0 1 moving 
10 826 328 891 444 69819 0 0 1 moving 
10 827 330 892 450 69820 0 0 0 moving 
10 832 330 896 449 69821 0 0 1 moving 
10 837 330 901 448 69822 0 0 1 moving 
10 843 330 906 448 69823 0 0 0 moving 
10 847 331 910 449 69824 0 0 1 moving 
11 1095 424 1178 551 69805 0 0 0 moving 
11 1100 424 1181 551 69806 0 0 1 moving 
11 1105 425 1184 552 69807 0 0 1 moving 
11 1111 426 1187 553 69808 0 0 0 moving 
11 1110 426 1189 554 69809 0 0 1 moving 
11 1109 426 1191 555 69810 0 0 1 moving 
11 1109 426 1194 557 69811 0 0 0 moving 
11 1109 422 1197 556 69812 0 0 1 moving 
11 1109 419 1200 555 69813 0 0 1 moving 
11 1109 416 1204 554 69814 0 0 0 moving 
11 1113 415 1200 551 69815 0 0 1 moving 
11 1117 414 1196 548 69816 0 0 1 moving 
11 1122 414 1192 545 69817 0 0 0 moving 
11 1124 412 1186 545 69818 0 0 1 moving 
11 1127 411 1181 545 69819 0 0 1 moving 
11 1130 410 1176 545 69820 0 0 0 moving 
11 1129 408 1185 544 69821 0 0 1 moving 
11 1128 407 1194 543 69822 0 0 1 moving 
11 1127 406 1204 543 69823 0 0 0 moving 
11 1131 407 1210 542 69824 0 0 1 moving 
