0 1038 420 1086 499 26970 0 1 0 standing 
0 1023 420 1071 499 26971 0 1 1 standing 
0 1009 420 1057 499 26972 0 1 1 standing 
0 994 421 1042 500 26973 0 1 1 standing 
0 980 421 1028 500 26974 0 1 1 standing 
0 966 421 1014 500 26975 0 1 1 standing 
0 951 422 999 501 26976 0 1 1 standing 
0 937 422 985 501 26977 0 1 1 standing 
0 923 423 971 502 26978 0 1 0 standing 
0 912 421 960 500 26979 0 1 1 standing 
0 902 420 950 499 26980 0 1 1 standing 
0 892 419 940 498 26981 0 1 0 standing 
0 886 417 934 496 26982 0 1 1 standing 
0 881 416 929 495 26983 0 1 1 standing 
0 876 414 924 493 26984 0 1 1 standing 
0 871 413 919 492 26985 0 1 1 standing 
0 866 412 914 491 26986 0 1 0 standing 
0 867 410 915 489 26987 0 1 1 standing 
0 868 409 916 488 26988 0 1 1 standing 
0 869 408 917 487 26989 0 1 1 standing 
1 1058 464 1104 574 26970 0 0 0 standing 
1 1042 464 1089 572 26971 0 0 1 standing 
1 1027 465 1074 570 26972 0 0 1 standing 
1 1012 465 1059 568 26973 0 0 1 standing 
1 997 466 1044 566 26974 0 0 1 standing 
1 982 467 1029 564 26975 0 0 0 standing 
1 973 465 1019 563 26976 0 0 1 standing 
1 964 464 1010 562 26977 0 0 1 standing 
1 956 462 1000 561 26978 0 0 1 standing 
1 947 461 991 560 26979 0 0 1 standing 
1 939 459 981 559 26980 0 0 1 standing 
1 930 458 972 558 26981 0 0 1 standing 
1 922 457 963 557 26982 0 0 0 standing 
1 918 458 962 560 26983 0 0 1 standing 
1 914 460 962 564 26984 0 0 1 standing 
1 911 462 961 568 26985 0 0 1 standing 
1 907 464 961 572 26986 0 0 1 standing 
1 903 465 960 575 26987 0 0 1 standing 
1 900 467 960 579 26988 0 0 1 standing 
1 896 469 959 583 26989 0 0 1 standing 
2 1079 354 1118 451 26970 0 0 0 standing 
2 1064 352 1103 447 26971 0 0 1 standing 
2 1049 351 1089 444 26972 0 0 1 standing 
2 1034 349 1075 441 26973 0 0 1 standing 
2 1019 348 1061 438 26974 0 0 1 standing 
2 1004 347 1047 435 26975 0 0 0 standing 
2 993 345 1035 433 26976 0 0 1 standing 
2 982 344 1023 431 26977 0 0 1 standing 
2 971 342 1012 429 26978 0 0 1 standing 
2 960 341 1000 427 26979 0 0 1 standing 
2 949 339 989 425 26980 0 0 1 standing 
2 938 338 977 423 26981 0 0 1 standing 
2 927 337 966 422 26982 0 0 0 standing 
2 921 335 961 420 26983 0 0 1 standing 
2 915 334 957 419 26984 0 0 1 standing 
2 909 332 953 417 26985 0 0 1 standing 
2 903 331 949 416 26986 0 0 1 standing 
2 898 330 945 415 26987 0 0 0 standing 
2 894 328 942 414 26988 0 0 1 standing 
2 890 326 939 413 26989 0 0 1 standing 
3 989 387 1045 469 26970 0 0 0 standing 
3 975 385 1029 466 26971 0 0 1 standing 
3 961 384 1013 464 26972 0 0 1 standing 
3 947 382 998 462 26973 0 0 1 standing 
3 933 381 982 460 26974 0 0 1 standing 
3 920 380 967 458 26975 0 0 0 standing 
3 913 377 958 457 26976 0 0 1 standing 
3 906 375 950 456 26977 0 0 1 standing 
3 899 373 942 455 26978 0 0 1 standing 
3 892 371 933 455 26979 0 0 1 standing 
3 885 369 925 454 26980 0 0 1 standing 
3 878 367 917 453 26981 0 0 1 standing 
3 871 365 909 453 26982 0 0 0 standing 
3 868 365 906 453 26983 0 0 1 standing 
3 865 365 903 453 26984 0 0 1 standing 
3 862 365 901 454 26985 0 0 1 standing 
3 859 365 898 454 26986 0 0 1 standing 
3 857 365 896 455 26987 0 0 0 standing 
3 856 366 895 457 26988 0 0 1 standing 
3 856 368 895 459 26989 0 0 1 standing 
4 851 372 900 457 26970 0 0 0 standing 
4 839 371 888 457 26971 0 0 1 standing 
4 827 370 876 458 26972 0 0 1 standing 
4 816 370 864 459 26973 0 0 1 standing 
4 804 369 852 460 26974 0 0 1 standing 
4 793 369 841 461 26975 0 0 0 standing 
4 784 368 832 461 26976 0 0 1 standing 
4 775 367 823 461 26977 0 0 1 standing 
4 766 366 814 462 26978 0 0 1 standing 
4 757 366 806 462 26979 0 0 1 standing 
4 748 365 797 463 26980 0 0 1 standing 
4 739 364 788 463 26981 0 0 1 standing 
4 731 364 780 464 26982 0 0 0 standing 
4 728 366 777 466 26983 0 0 1 standing 
4 725 368 774 468 26984 0 0 1 standing 
4 723 371 771 471 26985 0 0 1 standing 
4 720 373 768 473 26986 0 0 1 standing 
4 718 376 766 476 26987 0 0 0 standing 
4 718 379 766 479 26988 0 0 1 standing 
4 719 382 767 483 26989 0 0 1 standing 
5 713 376 766 473 26970 0 0 0 standing 
5 699 376 752 472 26971 0 0 1 standing 
5 686 376 738 471 26972 0 0 1 standing 
5 672 376 724 470 26973 0 0 1 standing 
5 659 376 710 469 26974 0 0 1 standing 
5 646 376 696 469 26975 0 0 0 standing 
5 634 375 684 468 26976 0 0 1 standing 
5 623 374 672 467 26977 0 0 1 standing 
5 611 373 661 467 26978 0 0 1 standing 
5 600 372 649 466 26979 0 0 1 standing 
5 588 371 638 466 26980 0 0 1 standing 
5 577 370 626 465 26981 0 0 1 standing 
5 566 370 615 465 26982 0 0 0 standing 
5 562 371 610 465 26983 0 0 1 standing 
5 559 373 605 466 26984 0 0 1 standing 
5 556 375 600 467 26985 0 0 1 standing 
5 553 377 595 468 26986 0 0 1 standing 
5 550 379 591 469 26987 0 0 0 standing 
5 549 380 594 469 26988 0 0 1 standing 
5 548 381 597 470 26989 0 0 1 standing 
6 605 411 644 511 26970 0 0 0 standing 
6 592 412 631 512 26971 0 0 1 moving 
6 579 414 618 513 26972 0 0 1 moving 
6 567 416 605 514 26973 0 0 1 moving 
6 554 418 592 515 26974 0 0 1 moving 
6 542 420 580 516 26975 0 0 0 moving 
6 534 420 572 515 26976 0 0 1 moving 
6 527 421 565 515 26977 0 0 1 moving 
6 519 422 558 515 26978 0 0 1 moving 
6 512 422 550 515 26979 0 0 1 moving 
6 504 423 543 515 26980 0 0 1 moving 
6 497 424 536 515 26981 0 0 1 moving 
6 490 425 529 515 26982 0 0 0 moving 
6 487 426 527 517 26983 0 0 1 moving 
6 484 427 525 520 26984 0 0 1 moving 
6 482 428 523 523 26985 0 0 1 moving 
6 479 429 521 526 26986 0 0 1 moving 
6 477 430 520 529 26987 0 0 0 moving 
6 481 432 522 529 26988 0 0 1 moving 
6 485 434 524 529 26989 0 0 1 moving 
7 649 377 696 507 26970 0 0 0 moving 
7 637 377 684 507 26971 0 0 1 moving 
7 625 378 672 507 26972 0 0 1 moving 
7 614 379 661 507 26973 0 0 1 moving 
7 602 380 649 507 26974 0 0 1 moving 
7 590 381 638 507 26975 0 0 1 moving 
7 579 382 626 508 26976 0 0 1 moving 
7 567 382 614 508 26977 0 0 1 moving 
7 555 383 603 508 26978 0 0 1 moving 
7 544 384 591 508 26979 0 0 1 moving 
7 532 385 580 508 26980 0 0 1 moving 
7 520 386 568 508 26981 0 0 1 moving 
7 509 387 557 509 26982 0 0 0 moving 
7 506 385 553 506 26983 0 0 1 moving 
7 504 383 549 503 26984 0 0 1 moving 
7 502 381 545 501 26985 0 0 1 moving 
7 500 379 541 498 26986 0 0 1 moving 
7 498 377 537 496 26987 0 0 0 moving 
7 498 381 539 500 26988 0 0 1 moving 
7 498 385 542 504 26989 0 0 1 moving 
8 385 436 420 569 26970 0 0 0 moving 
8 371 436 406 569 26971 0 0 1 standing 
8 357 437 392 570 26972 0 0 1 standing 
8 343 438 378 571 26973 0 0 1 standing 
8 329 439 364 572 26974 0 0 1 standing 
8 315 440 350 573 26975 0 0 0 standing 
8 304 441 339 573 26976 0 0 1 standing 
8 293 442 328 574 26977 0 0 1 standing 
8 282 443 318 574 26978 0 0 1 standing 
8 271 444 307 575 26979 0 0 1 standing 
8 260 445 297 575 26980 0 0 1 standing 
8 249 446 286 576 26981 0 0 1 standing 
8 238 447 276 577 26982 0 0 0 standing 
8 233 448 272 576 26983 0 0 1 standing 
8 228 449 268 576 26984 0 0 1 standing 
8 224 451 265 575 26985 0 0 1 standing 
8 219 452 261 575 26986 0 0 1 standing 
8 215 454 258 575 26987 0 0 0 standing 
8 216 455 260 575 26988 0 0 1 standing 
8 217 456 262 575 26989 0 0 1 standing 
9 650 376 683 481 26970 0 0 0 standing 
9 638 375 671 481 26971 0 0 1 moving 
9 627 375 660 481 26972 0 0 1 moving 
9 615 375 649 481 26973 0 0 1 moving 
9 604 374 638 481 26974 0 0 1 moving 
9 592 374 627 481 26975 0 0 1 moving 
9 581 374 616 481 26976 0 0 1 moving 
9 570 373 605 481 26977 0 0 1 moving 
9 558 373 594 481 26978 0 0 1 moving 
9 547 373 583 481 26979 0 0 1 moving 
9 535 372 572 481 26980 0 0 1 moving 
9 524 372 561 481 26981 0 0 1 moving 
9 513 372 550 482 26982 0 0 0 moving 
9 508 372 545 482 26983 0 0 1 moving 
9 504 372 541 482 26984 0 0 1 moving 
9 500 372 537 482 26985 0 0 1 moving 
9 496 372 533 482 26986 0 0 1 moving 
9 492 373 529 483 26987 0 0 0 moving 
9 494 373 531 483 26988 0 0 1 moving 
9 496 374 533 484 26989 0 0 1 moving 
10 397 385 439 454 26970 0 0 0 moving 
10 383 386 425 455 26971 0 0 1 waiting 
10 369 387 412 456 26972 0 0 1 waiting 
10 355 388 399 457 26973 0 0 1 waiting 
10 341 389 386 458 26974 0 0 1 waiting 
10 328 390 373 460 26975 0 0 0 waiting 
10 316 390 361 461 26976 0 0 1 waiting 
10 304 391 350 462 26977 0 0 1 waiting 
10 293 392 339 463 26978 0 0 1 waiting 
10 281 393 327 464 26979 0 0 1 waiting 
10 270 394 316 465 26980 0 0 1 waiting 
10 258 395 305 466 26981 0 0 1 waiting 
10 247 396 294 467 26982 0 0 0 waiting 
10 244 395 291 467 26983 0 0 1 waiting 
10 241 394 288 467 26984 0 0 1 waiting 
10 238 394 285 468 26985 0 0 1 waiting 
10 235 393 282 468 26986 0 0 1 waiting 
10 232 393 279 469 26987 0 0 0 waiting 
10 232 392 279 469 26988 0 0 1 waiting 
10 232 392 279 470 26989 0 0 1 waiting 
11 248 413 300 534 26970 0 0 0 waiting 
11 241 417 292 537 26971 0 0 1 moving 
11 234 421 284 541 26972 0 0 1 moving 
11 227 425 276 544 26973 0 0 1 moving 
11 220 429 268 548 26974 0 0 1 moving 
11 213 433 261 552 26975 0 0 0 moving 
11 207 431 257 550 26976 0 0 1 moving 
11 201 430 253 549 26977 0 0 1 moving 
11 196 428 249 547 26978 0 0 1 moving 
11 190 427 245 546 26979 0 0 1 moving 
11 185 425 241 544 26980 0 0 1 moving 
11 179 424 237 543 26981 0 0 1 moving 
11 174 423 233 542 26982 0 0 0 moving 
11 173 420 230 539 26983 0 0 1 moving 
11 173 418 227 537 26984 0 0 1 moving 
11 172 416 224 535 26985 0 0 1 moving 
11 172 414 221 533 26986 0 0 1 moving 
11 172 412 219 531 26987 0 0 0 moving 
11 175 411 222 530 26988 0 0 1 moving 
11 178 411 225 530 26989 0 0 1 moving 
