0 744 445 821 554 64200 0 1 0 digging 
0 740 442 815 551 64201 0 1 1 digging 
0 737 440 810 549 64202 0 1 1 digging 
0 733 437 805 546 64203 0 1 1 digging 
0 730 435 800 544 64204 0 1 1 digging 
0 726 433 795 541 64205 0 1 1 digging 
0 723 430 790 539 64206 0 1 1 digging 
0 719 428 785 536 64207 0 1 1 digging 
0 716 425 780 534 64208 0 1 1 digging 
0 712 423 775 531 64209 0 1 1 digging 
0 709 421 770 529 64210 0 1 0 digging 
0 704 418 766 526 64211 0 1 1 digging 
0 700 415 762 523 64212 0 1 1 digging 
0 696 412 758 521 64213 0 1 0 digging 
0 693 413 755 522 64214 0 1 1 digging 
0 690 415 753 524 64215 0 1 1 digging 
0 687 417 751 526 64216 0 1 1 digging 
0 684 419 749 528 64217 0 1 1 digging 
0 681 421 747 530 64218 0 1 1 digging 
0 678 423 745 532 64219 0 1 1 digging 
1 903 390 958 495 64200 0 0 0 digging 
1 894 392 949 496 64201 0 0 1 waiting 
1 886 394 940 498 64202 0 0 1 waiting 
1 878 396 931 500 64203 0 0 1 waiting 
1 870 399 923 502 64204 0 0 0 waiting 
1 865 399 918 502 64205 0 0 1 waiting 
1 860 400 913 502 64206 0 0 1 waiting 
1 855 400 908 502 64207 0 0 1 waiting 
1 851 401 903 502 64208 0 0 0 waiting 
1 847 400 901 502 64209 0 0 1 waiting 
1 844 399 899 502 64210 0 0 1 waiting 
1 841 398 897 503 64211 0 0 1 waiting 
1 837 397 895 503 64212 0 0 1 waiting 
1 834 396 893 503 64213 0 0 1 waiting 
1 831 396 891 504 64214 0 0 0 waiting 
1 828 397 890 504 64215 0 0 1 waiting 
1 826 399 890 504 64216 0 0 1 waiting 
1 824 401 890 505 64217 0 0 1 waiting 
1 822 402 889 505 64218 0 0 1 waiting 
1 820 404 889 505 64219 0 0 1 waiting 
2 805 335 853 440 64200 0 0 0 waiting 
2 796 336 844 440 64201 0 0 1 waiting 
2 788 338 836 441 64202 0 0 1 waiting 
2 780 339 827 442 64203 0 0 1 waiting 
2 772 341 819 443 64204 0 0 0 waiting 
2 766 339 813 443 64205 0 0 1 waiting 
2 760 337 808 443 64206 0 0 1 waiting 
2 755 335 802 444 64207 0 0 1 waiting 
2 749 333 797 444 64208 0 0 1 waiting 
2 743 331 791 444 64209 0 0 1 waiting 
2 738 330 786 445 64210 0 0 0 waiting 
2 735 327 783 442 64211 0 0 1 waiting 
2 732 325 780 440 64212 0 0 1 waiting 
2 729 322 777 437 64213 0 0 1 waiting 
2 726 320 775 435 64214 0 0 0 waiting 
2 724 320 776 434 64215 0 0 1 waiting 
2 722 320 778 433 64216 0 0 1 waiting 
2 721 320 780 432 64217 0 0 1 waiting 
2 719 320 781 431 64218 0 0 1 waiting 
2 717 320 783 430 64219 0 0 1 waiting 
3 532 363 592 461 64200 0 0 0 waiting 
3 527 363 591 462 64201 0 0 1 waiting 
3 523 364 590 464 64202 0 0 1 waiting 
3 518 365 589 466 64203 0 0 1 waiting 
3 514 366 589 468 64204 0 0 0 waiting 
3 514 365 585 468 64205 0 0 1 waiting 
3 515 364 581 469 64206 0 0 1 waiting 
3 516 364 577 469 64207 0 0 1 waiting 
3 516 363 573 470 64208 0 0 1 waiting 
3 517 362 569 470 64209 0 0 1 waiting 
3 518 362 565 471 64210 0 0 0 waiting 
3 517 364 565 474 64211 0 0 1 waiting 
3 517 367 565 477 64212 0 0 1 waiting 
3 516 369 565 481 64213 0 0 1 waiting 
3 516 372 566 484 64214 0 0 1 waiting 
3 515 374 566 488 64215 0 0 1 waiting 
3 515 377 566 491 64216 0 0 1 waiting 
3 514 379 567 494 64217 0 0 1 waiting 
3 514 382 567 498 64218 0 0 1 waiting 
3 513 384 567 501 64219 0 0 1 waiting 
4 474 257 524 403 64200 0 0 0 waiting 
4 471 261 521 403 64201 0 0 1 blocking 
4 469 266 519 404 64202 0 0 1 blocking 
4 466 270 517 405 64203 0 0 1 blocking 
4 464 275 515 406 64204 0 0 0 blocking 
4 458 280 511 407 64205 0 0 1 blocking 
4 453 285 507 409 64206 0 0 1 blocking 
4 448 290 503 410 64207 0 0 1 blocking 
4 443 295 499 412 64208 0 0 0 blocking 
4 439 297 495 413 64209 0 0 1 blocking 
4 436 299 491 414 64210 0 0 1 blocking 
4 433 301 487 416 64211 0 0 1 blocking 
4 430 303 484 417 64212 0 0 1 blocking 
4 426 305 480 419 64213 0 0 1 blocking 
4 423 308 476 420 64214 0 0 1 blocking 
4 420 310 472 421 64215 0 0 1 blocking 
4 417 312 469 423 64216 0 0 1 blocking 
4 413 314 465 424 64217 0 0 1 blocking 
4 410 316 461 426 64218 0 0 1 blocking 
4 407 318 457 427 64219 0 0 1 blocking 
5 465 255 516 389 64200 0 0 0 blocking 
5 462 255 509 386 64201 0 0 1 blocking 
5 459 256 503 383 64202 0 0 1 blocking 
5 456 256 496 380 64203 0 0 1 blocking 
5 453 257 490 378 64204 0 0 0 blocking 
5 449 263 486 382 64205 0 0 1 blocking 
5 445 269 482 386 64206 0 0 1 blocking 
5 441 276 479 390 64207 0 0 1 blocking 
5 437 282 475 394 64208 0 0 1 blocking 
5 433 288 471 398 64209 0 0 1 blocking 
5 430 295 468 402 64210 0 0 0 blocking 
5 426 296 470 401 64211 0 0 1 blocking 
5 423 298 473 401 64212 0 0 1 blocking 
5 420 299 476 401 64213 0 0 1 blocking 
5 417 301 478 401 64214 0 0 1 blocking 
5 414 302 481 401 64215 0 0 1 blocking 
5 410 304 484 401 64216 0 0 1 blocking 
5 407 305 486 401 64217 0 0 1 blocking 
5 404 307 489 401 64218 0 0 1 blocking 
5 401 308 492 401 64219 0 0 1 blocking 
6 432 357 477 443 64200 0 0 0 blocking 
6 425 355 470 444 64201 0 0 1 standing 
6 418 354 464 445 64202 0 0 1 standing 
6 411 353 457 446 64203 0 0 1 standing 
6 405 352 451 447 64204 0 0 0 standing 
6 400 350 446 447 64205 0 0 1 standing 
6 395 348 441 447 64206 0 0 1 standing 
6 390 347 437 448 64207 0 0 1 standing 
6 385 345 432 448 64208 0 0 1 standing 
6 380 343 427 448 64209 0 0 1 standing 
6 375 342 423 449 64210 0 0 0 standing 
6 372 339 415 449 64211 0 0 1 standing 
6 369 336 408 449 64212 0 0 1 standing 
6 366 333 401 449 64213 0 0 1 standing 
6 363 331 394 450 64214 0 0 0 standing 
6 360 332 392 451 64215 0 0 1 standing 
6 357 334 390 453 64216 0 0 1 standing 
6 354 336 388 454 64217 0 0 1 standing 
6 351 337 386 456 64218 0 0 1 standing 
6 348 339 384 457 64219 0 0 1 standing 
7 375 263 423 341 64200 0 0 0 standing 
7 371 265 418 350 64201 0 0 1 jumping 
7 367 267 414 359 64202 0 0 1 jumping 
7 363 269 409 368 64203 0 0 1 jumping 
7 359 271 405 377 64204 0 0 0 jumping 
7 354 278 400 383 64205 0 0 1 jumping 
7 350 285 396 389 64206 0 0 1 jumping 
7 346 292 392 395 64207 0 0 1 jumping 
7 342 300 388 401 64208 0 0 0 jumping 
7 339 304 384 402 64209 0 0 1 jumping 
7 336 308 380 403 64210 0 0 1 jumping 
7 333 313 376 404 64211 0 0 1 jumping 
7 330 317 372 405 64212 0 0 1 jumping 
7 327 321 368 406 64213 0 0 1 jumping 
7 325 326 365 408 64214 0 0 0 jumping 
7 324 326 364 407 64215 0 0 1 jumping 
7 323 327 363 407 64216 0 0 1 jumping 
7 322 328 362 407 64217 0 0 1 jumping 
7 321 328 361 406 64218 0 0 1 jumping 
7 320 329 360 406 64219 0 0 1 jumping 
8 327 346 385 445 64200 0 0 0 jumping 
8 322 348 380 445 64201 0 0 1 standing 
8 317 350 375 445 64202 0 0 1 standing 
8 312 352 370 445 64203 0 0 1 standing 
8 308 355 365 445 64204 0 0 0 standing 
8 303 352 359 445 64205 0 0 1 standing 
8 299 350 354 446 64206 0 0 1 standing 
8 295 347 349 447 64207 0 0 1 standing 
8 291 345 344 448 64208 0 0 0 standing 
8 286 342 336 447 64209 0 0 1 standing 
8 281 340 329 447 64210 0 0 1 standing 
8 277 337 321 447 64211 0 0 1 standing 
8 272 335 314 446 64212 0 0 1 standing 
8 267 332 306 446 64213 0 0 1 standing 
8 263 330 299 446 64214 0 0 0 standing 
8 259 330 295 445 64215 0 0 1 standing 
8 255 330 292 445 64216 0 0 1 standing 
8 251 331 289 444 64217 0 0 1 standing 
8 247 331 285 444 64218 0 0 1 standing 
8 243 331 282 443 64219 0 0 1 standing 
9 236 464 315 583 64200 0 0 0 standing 
9 232 463 310 582 64201 0 0 1 waiting 
9 228 462 305 582 64202 0 0 1 waiting 
9 224 461 300 581 64203 0 0 1 waiting 
9 220 460 295 581 64204 0 0 1 waiting 
9 216 460 290 581 64205 0 0 1 waiting 
9 212 459 285 580 64206 0 0 1 waiting 
9 208 458 280 580 64207 0 0 1 waiting 
9 204 457 275 579 64208 0 0 1 waiting 
9 200 456 270 579 64209 0 0 1 waiting 
9 196 456 265 579 64210 0 0 0 waiting 
9 190 455 259 579 64211 0 0 1 waiting 
9 185 454 254 580 64212 0 0 1 waiting 
9 180 453 249 581 64213 0 0 1 waiting 
9 175 453 244 582 64214 0 0 0 waiting 
9 171 451 240 580 64215 0 0 1 waiting 
9 167 450 236 579 64216 0 0 1 waiting 
9 164 449 232 578 64217 0 0 1 waiting 
9 160 447 228 577 64218 0 0 1 waiting 
9 156 446 224 576 64219 0 0 1 waiting 
10 154 395 204 501 64200 0 0 0 waiting 
10 151 396 203 503 64201 0 0 1 standing 
10 148 398 203 506 64202 0 0 1 standing 
10 145 400 202 508 64203 0 0 1 standing 
10 142 402 202 511 64204 0 0 0 standing 
10 137 402 196 511 64205 0 0 1 standing 
10 133 403 191 512 64206 0 0 1 standing 
10 128 404 186 513 64207 0 0 1 standing 
10 124 405 181 514 64208 0 0 0 standing 
10 118 401 171 512 64209 0 0 1 standing 
10 112 398 162 510 64210 0 0 1 standing 
10 106 395 153 508 64211 0 0 1 standing 
10 100 391 144 506 64212 0 0 1 standing 
10 94 388 135 504 64213 0 0 1 standing 
10 88 385 126 502 64214 0 0 0 standing 
10 83 384 122 500 64215 0 0 1 standing 
10 78 383 119 498 64216 0 0 1 standing 
10 73 383 115 496 64217 0 0 1 standing 
10 68 382 112 494 64218 0 0 1 standing 
10 63 381 108 492 64219 0 0 1 standing 
11 188 328 229 440 64200 0 0 0 standing 
11 182 330 224 441 64201 0 0 1 standing 
11 176 332 219 443 64202 0 0 1 standing 
11 170 334 214 444 64203 0 0 1 standing 
11 164 337 209 446 64204 0 0 0 standing 
11 158 337 203 446 64205 0 0 1 standing 
11 153 337 198 447 64206 0 0 1 standing 
11 148 337 193 447 64207 0 0 1 standing 
11 143 338 188 448 64208 0 0 0 standing 
11 140 337 184 448 64209 0 0 1 standing 
11 138 336 180 449 64210 0 0 1 standing 
11 135 335 177 450 64211 0 0 1 standing 
11 133 334 173 450 64212 0 0 1 standing 
11 130 333 169 451 64213 0 0 1 standing 
11 128 332 166 452 64214 0 0 0 standing 
11 126 335 167 454 64215 0 0 1 standing 
11 124 339 169 457 64216 0 0 1 standing 
11 122 343 171 459 64217 0 0 1 standing 
11 120 347 173 462 64218 0 0 1 standing 
11 118 351 175 464 64219 0 0 1 standing 
