0 951 312 1010 453 9221 0 0 1 standing 
0 951 311 1004 453 9222 0 0 0 standing 
0 944 311 1004 452 9223 0 0 1 standing 
0 938 311 1004 452 9224 0 0 1 standing 
0 932 311 1004 452 9225 0 0 0 standing 
0 933 311 1005 452 9226 0 0 1 standing 
0 934 312 1006 453 9227 0 0 1 standing 
0 935 313 1007 454 9228 0 0 1 standing 
0 936 314 1008 455 9229 0 0 1 standing 
0 937 315 1009 456 9230 0 0 1 standing 
0 938 316 1010 457 9231 0 0 1 standing 
0 940 317 1012 458 9232 0 0 0 standing 
0 942 317 1014 460 9233 0 0 1 standing 
0 944 317 1016 462 9234 0 0 1 standing 
0 947 318 1018 465 9235 0 0 0 standing 
0 948 319 1019 466 9236 0 0 1 standing 
0 949 320 1020 467 9237 0 0 1 standing 
0 950 321 1021 468 9238 0 0 1 standing 
0 952 322 1023 469 9239 0 0 0 standing 
0 956 322 1028 470 9240 0 0 1 standing 
1 811 387 890 550 9221 0 0 1 standing 
1 810 388 891 551 9222 0 0 1 standing 
1 809 389 892 552 9223 0 0 0 standing 
1 809 392 895 551 9224 0 0 1 standing 
1 809 395 898 551 9225 0 0 1 standing 
1 809 398 901 551 9226 0 0 1 standing 
1 809 401 904 551 9227 0 0 0 standing 
1 809 401 906 551 9228 0 0 1 standing 
1 810 402 908 551 9229 0 0 1 standing 
1 811 402 910 552 9230 0 0 1 standing 
1 812 403 912 552 9231 0 0 1 standing 
1 813 403 914 553 9232 0 0 1 standing 
1 814 404 916 553 9233 0 0 1 standing 
1 815 404 918 554 9234 0 0 1 standing 
1 816 405 920 554 9235 0 0 1 standing 
1 817 405 922 555 9236 0 0 1 standing 
1 818 406 924 555 9237 0 0 1 standing 
1 819 407 926 556 9238 0 0 0 standing 
1 820 407 928 558 9239 0 0 1 standing 
1 822 407 931 560 9240 0 0 1 standing 
2 774 270 867 389 9221 0 0 1 standing 
2 772 269 863 389 9222 0 0 1 standing 
2 769 268 859 389 9223 0 0 1 standing 
2 766 268 855 390 9224 0 0 1 standing 
2 763 267 851 390 9225 0 0 1 standing 
2 761 266 847 390 9226 0 0 1 standing 
2 758 266 843 391 9227 0 0 1 standing 
2 755 265 839 391 9228 0 0 1 standing 
2 753 265 835 392 9229 0 0 0 standing 
2 753 265 834 394 9230 0 0 1 standing 
2 753 265 834 396 9231 0 0 1 standing 
2 753 265 834 398 9232 0 0 1 standing 
2 753 265 834 400 9233 0 0 1 standing 
2 753 265 834 402 9234 0 0 1 standing 
2 753 265 834 404 9235 0 0 1 standing 
2 753 265 834 406 9236 0 0 0 standing 
2 755 265 834 405 9237 0 0 1 standing 
2 757 265 834 405 9238 0 0 1 standing 
2 759 265 834 405 9239 0 0 1 standing 
2 762 265 834 405 9240 0 0 1 standing 
3 534 340 606 496 9221 0 0 1 standing 
3 534 339 605 496 9222 0 0 1 standing 
3 535 339 604 497 9223 0 0 1 standing 
3 535 338 603 497 9224 0 0 1 standing 
3 535 338 602 498 9225 0 0 1 standing 
3 536 337 601 498 9226 0 0 1 standing 
3 536 337 600 499 9227 0 0 1 standing 
3 537 336 599 499 9228 0 0 1 standing 
3 537 336 598 500 9229 0 0 1 standing 
3 538 336 597 501 9230 0 0 0 standing 
3 537 336 596 501 9231 0 0 1 standing 
3 537 336 596 502 9232 0 0 1 standing 
3 536 337 596 502 9233 0 0 1 standing 
3 536 337 596 503 9234 0 0 1 standing 
3 535 337 596 503 9235 0 0 1 standing 
3 535 338 596 504 9236 0 0 1 standing 
3 534 338 596 504 9237 0 0 1 standing 
3 534 338 596 505 9238 0 0 1 standing 
3 533 339 596 505 9239 0 0 1 standing 
3 533 339 596 506 9240 0 0 1 standing 
4 223 373 299 549 9221 0 0 1 standing 
4 223 370 299 549 9222 0 0 0 standing 
4 225 368 301 547 9223 0 0 1 standing 
4 227 366 303 545 9224 0 0 1 standing 
4 229 364 305 543 9225 0 0 1 standing 
4 231 362 307 541 9226 0 0 1 standing 
4 233 361 309 540 9227 0 0 0 standing 
4 236 361 309 539 9228 0 0 1 standing 
4 239 361 309 539 9229 0 0 1 standing 
4 242 361 309 539 9230 0 0 1 standing 
4 246 361 309 539 9231 0 0 0 standing 
4 248 361 311 539 9232 0 0 1 standing 
4 251 361 314 539 9233 0 0 1 standing 
4 254 361 317 539 9234 0 0 0 standing 
4 254 358 317 536 9235 0 0 1 standing 
4 254 355 317 533 9236 0 0 1 standing 
4 254 352 317 530 9237 0 0 1 standing 
4 254 350 317 528 9238 0 0 0 standing 
4 254 350 324 527 9239 0 0 1 standing 
4 254 350 331 527 9240 0 0 1 standing 
5 95 290 157 420 9221 0 0 1 standing 
5 94 289 156 420 9222 0 0 0 standing 
5 91 288 152 421 9223 0 0 1 standing 
5 88 288 149 423 9224 0 0 1 standing 
5 85 288 146 425 9225 0 0 1 standing 
5 82 288 143 427 9226 0 0 1 standing 
5 79 287 139 428 9227 0 0 1 standing 
5 76 287 136 430 9228 0 0 1 standing 
5 73 287 133 432 9229 0 0 1 standing 
5 70 287 130 434 9230 0 0 1 standing 
5 67 287 127 436 9231 0 0 0 standing 
5 57 289 124 438 9232 0 0 1 standing 
5 47 291 121 441 9233 0 0 1 standing 
5 37 293 118 443 9234 0 0 1 standing 
5 28 295 116 446 9235 0 0 0 standing 
5 23 295 115 445 9236 0 0 1 standing 
5 19 295 114 445 9237 0 0 1 standing 
5 14 295 113 445 9238 0 0 1 standing 
5 10 295 112 445 9239 0 0 0 standing 
5 6 295 107 445 9240 0 0 1 standing 
6 125 344 197 479 9221 0 0 1 standing 
6 121 344 193 479 9222 0 0 0 standing 
6 119 342 191 477 9223 0 0 1 standing 
6 118 341 190 476 9224 0 0 1 standing 
6 117 340 189 475 9225 0 0 0 standing 
6 115 340 189 474 9226 0 0 1 standing 
6 113 340 189 474 9227 0 0 1 standing 
6 111 340 189 474 9228 0 0 1 standing 
6 109 340 189 474 9229 0 0 1 standing 
6 107 340 189 474 9230 0 0 0 standing 
6 103 340 185 474 9231 0 0 1 standing 
6 99 340 181 474 9232 0 0 1 standing 
6 96 340 178 474 9233 0 0 0 standing 
6 93 340 175 475 9234 0 0 1 standing 
6 90 341 172 476 9235 0 0 1 standing 
6 88 342 169 478 9236 0 0 1 standing 
6 85 343 167 479 9237 0 0 1 standing 
6 82 343 164 480 9238 0 0 1 standing 
6 80 344 161 482 9239 0 0 1 standing 
6 77 345 158 483 9240 0 0 1 standing 
7 328 281 384 406 9221 0 1 0 standing 
7 329 280 385 405 9222 0 1 1 digging 
7 330 279 387 404 9223 0 1 1 digging 
7 332 278 389 403 9224 0 1 1 digging 
7 333 277 390 402 9225 0 1 1 digging 
7 334 276 392 401 9226 0 1 1 digging 
7 336 275 394 401 9227 0 1 0 digging 
7 334 267 393 399 9228 0 1 1 digging 
7 333 259 393 398 9229 0 1 1 digging 
7 332 252 392 397 9230 0 1 1 digging 
7 331 244 392 395 9231 0 1 1 digging 
7 330 236 391 394 9232 0 1 1 digging 
7 329 229 391 393 9233 0 1 0 digging 
7 327 227 390 389 9234 0 1 1 digging 
7 326 226 389 386 9235 0 1 1 digging 
7 325 224 388 383 9236 0 1 1 digging 
7 323 223 387 380 9237 0 1 1 digging 
7 322 221 386 377 9238 0 1 1 digging 
7 321 220 385 374 9239 0 1 1 digging 
7 320 219 384 371 9240 0 1 0 digging 
8 387 308 450 476 9221 0 0 1 digging 
8 388 306 451 474 9222 0 0 0 standing 
8 388 306 452 473 9223 0 0 1 standing 
8 388 307 454 473 9224 0 0 1 standing 
8 388 307 455 473 9225 0 0 1 standing 
8 388 308 457 473 9226 0 0 1 standing 
8 388 309 459 473 9227 0 0 1 standing 
8 388 309 460 473 9228 0 0 1 standing 
8 388 310 462 473 9229 0 0 1 standing 
8 388 311 464 473 9230 0 0 0 standing 
8 385 308 460 470 9231 0 0 1 standing 
8 383 305 456 468 9232 0 0 1 standing 
8 381 303 453 465 9233 0 0 1 standing 
8 378 300 449 463 9234 0 0 1 standing 
8 376 297 446 460 9235 0 0 1 standing 
8 374 295 442 458 9236 0 0 1 standing 
8 371 292 439 455 9237 0 0 1 standing 
8 369 289 435 453 9238 0 0 1 standing 
8 367 287 432 451 9239 0 0 0 standing 
8 361 288 428 450 9240 0 0 1 standing 
9 408 272 471 415 9221 0 0 1 standing 
9 410 271 473 414 9222 0 0 1 standing 
9 413 271 476 414 9223 0 0 0 standing 
9 416 271 477 413 9224 0 0 1 standing 
9 419 271 479 413 9225 0 0 1 standing 
9 422 271 481 413 9226 0 0 1 standing 
9 425 271 483 413 9227 0 0 1 standing 
9 429 271 485 413 9228 0 0 0 standing 
9 431 271 487 413 9229 0 0 1 standing 
9 434 271 490 413 9230 0 0 1 standing 
9 437 272 493 414 9231 0 0 0 standing 
9 437 271 494 414 9232 0 0 1 standing 
9 437 270 495 414 9233 0 0 1 standing 
9 437 269 496 414 9234 0 0 1 standing 
9 437 268 497 414 9235 0 0 1 standing 
9 438 267 498 414 9236 0 0 1 standing 
9 438 266 499 414 9237 0 0 1 standing 
9 438 265 500 414 9238 0 0 1 standing 
9 438 264 501 414 9239 0 0 1 standing 
9 439 263 502 415 9240 0 0 0 standing 
10 503 270 554 385 9221 0 0 0 standing 
10 505 267 555 384 9222 0 0 1 standing 
10 507 265 557 384 9223 0 0 1 standing 
10 509 263 559 383 9224 0 0 1 standing 
10 512 261 561 383 9225 0 0 0 standing 
10 516 261 565 383 9226 0 0 1 standing 
10 520 261 569 383 9227 0 0 1 standing 
10 525 262 574 384 9228 0 0 0 standing 
10 525 262 574 384 9229 0 0 1 standing 
10 526 262 575 384 9230 0 0 1 standing 
10 526 263 575 385 9231 0 0 1 standing 
10 527 263 576 385 9232 0 0 1 standing 
10 528 263 577 385 9233 0 0 1 standing 
10 528 264 577 386 9234 0 0 1 standing 
10 529 264 578 386 9235 0 0 1 standing 
10 529 265 578 387 9236 0 0 1 standing 
10 530 265 579 387 9237 0 0 1 standing 
10 531 265 580 387 9238 0 0 1 standing 
10 531 266 580 388 9239 0 0 1 standing 
10 532 266 581 388 9240 0 0 1 standing 
11 498 287 558 416 9221 0 0 0 standing 
11 501 288 561 417 9222 0 0 1 standing 
11 504 290 564 419 9223 0 0 1 standing 
11 508 292 568 421 9224 0 0 0 standing 
11 508 292 567 422 9225 0 0 1 standing 
11 508 292 567 424 9226 0 0 1 standing 
11 508 292 567 425 9227 0 0 1 standing 
11 508 292 567 427 9228 0 0 1 standing 
11 508 292 567 428 9229 0 0 1 standing 
11 508 292 567 430 9230 0 0 1 standing 
11 508 292 567 432 9231 0 0 0 standing 
11 511 290 569 431 9232 0 0 1 standing 
11 514 289 572 430 9233 0 0 1 standing 
11 517 287 575 429 9234 0 0 1 standing 
11 520 286 578 429 9235 0 0 0 standing 
11 520 287 577 429 9236 0 0 1 standing 
11 520 288 577 429 9237 0 0 1 standing 
11 520 289 577 429 9238 0 0 1 standing 
11 520 290 577 429 9239 0 0 1 standing 
11 520 291 577 429 9240 0 0 1 standing 
