0 751 432 811 516 25455 0 1 0 moving 
0 752 432 812 516 25456 0 1 1 moving 
0 754 433 814 517 25457 0 1 1 moving 
0 755 434 815 517 25458 0 1 1 moving 
0 757 434 817 518 25459 0 1 1 moving 
0 759 435 819 519 25460 0 1 1 moving 
0 760 436 820 519 25461 0 1 1 moving 
0 762 436 822 520 25462 0 1 1 moving 
0 763 437 823 520 25463 0 1 1 moving 
0 765 438 825 521 25464 0 1 1 moving 
0 767 439 827 522 25465 0 1 0 moving 
0 772 436 831 522 25466 0 1 1 moving 
0 778 433 836 522 25467 0 1 1 moving 
0 784 430 841 523 25468 0 1 1 moving 
0 790 427 846 523 25469 0 1 1 moving 
0 796 424 851 524 25470 0 1 1 moving 
0 801 421 855 524 25471 0 1 1 moving 
0 807 418 860 524 25472 0 1 1 moving 
0 813 415 865 525 25473 0 1 1 moving 
0 819 412 870 525 25474 0 1 1 moving 
1 747 493 831 631 25455 0 0 0 moving 
1 751 494 837 633 25456 0 0 1 standing 
1 755 495 843 635 25457 0 0 1 standing 
1 760 497 849 637 25458 0 0 1 standing 
1 764 498 855 639 25459 0 0 1 standing 
1 769 500 861 641 25460 0 0 0 standing 
1 778 501 862 644 25461 0 0 1 standing 
1 788 502 864 647 25462 0 0 1 standing 
1 797 503 866 650 25463 0 0 1 standing 
1 807 504 868 653 25464 0 0 0 standing 
1 811 505 874 655 25465 0 0 1 standing 
1 816 507 880 657 25466 0 0 1 standing 
1 821 509 887 659 25467 0 0 1 standing 
1 825 511 893 661 25468 0 0 1 standing 
1 830 513 899 663 25469 0 0 1 standing 
1 835 515 906 666 25470 0 0 0 standing 
1 834 517 912 669 25471 0 0 1 standing 
1 833 519 918 672 25472 0 0 1 standing 
1 832 521 924 675 25473 0 0 1 standing 
1 831 523 930 678 25474 0 0 1 standing 
2 736 365 789 452 25455 0 0 0 standing 
2 740 366 792 453 25456 0 0 1 standing 
2 744 367 795 455 25457 0 0 1 standing 
2 749 368 798 457 25458 0 0 1 standing 
2 753 369 801 459 25459 0 0 1 standing 
2 758 371 805 461 25460 0 0 0 standing 
2 762 369 808 461 25461 0 0 1 standing 
2 767 368 811 461 25462 0 0 1 standing 
2 771 367 814 462 25463 0 0 1 standing 
2 776 366 817 462 25464 0 0 1 standing 
2 781 365 821 463 25465 0 0 0 standing 
2 783 362 823 460 25466 0 0 1 standing 
2 786 360 825 458 25467 0 0 1 standing 
2 788 358 827 455 25468 0 0 1 standing 
2 791 356 829 453 25469 0 0 1 standing 
2 794 354 831 451 25470 0 0 0 standing 
2 798 355 833 452 25471 0 0 1 standing 
2 802 356 836 453 25472 0 0 1 standing 
2 807 358 839 454 25473 0 0 0 standing 
2 807 358 839 454 25474 0 0 1 standing 
3 580 383 629 496 25455 0 0 0 standing 
3 580 383 629 496 25456 0 0 1 standing 
3 581 383 630 497 25457 0 0 1 standing 
3 582 384 630 498 25458 0 0 1 standing 
3 582 384 631 498 25459 0 0 1 standing 
3 583 385 632 499 25460 0 0 1 standing 
3 584 385 632 500 25461 0 0 1 standing 
3 584 385 633 500 25462 0 0 1 standing 
3 585 386 633 501 25463 0 0 1 standing 
3 586 386 634 502 25464 0 0 1 standing 
3 587 387 635 503 25465 0 0 0 standing 
3 586 386 635 503 25466 0 0 1 standing 
3 586 386 635 504 25467 0 0 1 standing 
3 586 386 635 504 25468 0 0 1 standing 
3 586 386 635 505 25469 0 0 1 standing 
3 586 386 635 506 25470 0 0 1 standing 
3 586 386 635 506 25471 0 0 1 standing 
3 586 386 635 507 25472 0 0 1 standing 
3 586 386 635 507 25473 0 0 1 standing 
3 586 386 635 508 25474 0 0 1 standing 
4 727 430 775 537 25455 0 0 0 standing 
4 732 430 779 538 25456 0 0 1 moving 
4 737 430 784 539 25457 0 0 1 moving 
4 742 430 788 540 25458 0 0 1 moving 
4 747 430 793 541 25459 0 0 1 moving 
4 753 431 798 543 25460 0 0 0 moving 
4 756 432 803 546 25461 0 0 1 moving 
4 759 434 809 550 25462 0 0 1 moving 
4 763 436 815 553 25463 0 0 1 moving 
4 766 438 821 557 25464 0 0 1 moving 
4 770 440 827 561 25465 0 0 0 moving 
4 770 439 828 563 25466 0 0 1 moving 
4 771 438 829 565 25467 0 0 1 moving 
4 771 437 830 567 25468 0 0 1 moving 
4 772 436 831 569 25469 0 0 1 moving 
4 773 436 833 572 25470 0 0 0 moving 
4 773 435 836 571 25471 0 0 1 moving 
4 774 435 839 571 25472 0 0 1 moving 
4 775 435 843 571 25473 0 0 0 moving 
4 775 435 843 571 25474 0 0 1 moving 
5 797 435 842 552 25455 0 0 0 moving 
5 800 435 844 552 25456 0 0 1 standing 
5 803 435 846 553 25457 0 0 1 standing 
5 806 436 849 554 25458 0 0 1 standing 
5 809 436 851 555 25459 0 0 1 standing 
5 813 437 854 556 25460 0 0 0 standing 
5 815 438 858 558 25461 0 0 1 standing 
5 818 439 862 560 25462 0 0 1 standing 
5 821 440 866 562 25463 0 0 1 standing 
5 824 442 871 564 25464 0 0 0 standing 
5 825 441 872 565 25465 0 0 1 standing 
5 827 441 873 566 25466 0 0 1 standing 
5 828 441 875 568 25467 0 0 1 standing 
5 830 441 876 569 25468 0 0 1 standing 
5 831 441 877 570 25469 0 0 1 standing 
5 833 441 879 572 25470 0 0 0 standing 
5 837 441 881 573 25471 0 0 1 standing 
5 842 441 884 575 25472 0 0 1 standing 
5 847 441 887 577 25473 0 0 0 standing 
5 847 441 887 577 25474 0 0 1 standing 
6 130 477 192 597 25455 0 0 0 standing 
6 129 477 190 597 25456 0 0 1 waiting 
6 128 477 188 598 25457 0 0 1 waiting 
6 127 478 187 598 25458 0 0 1 waiting 
6 126 478 185 599 25459 0 0 1 waiting 
6 125 479 184 600 25460 0 0 0 waiting 
6 123 480 182 602 25461 0 0 1 waiting 
6 121 481 181 605 25462 0 0 1 waiting 
6 119 482 179 607 25463 0 0 1 waiting 
6 118 484 178 610 25464 0 0 0 waiting 
6 116 483 177 610 25465 0 0 1 waiting 
6 115 483 176 611 25466 0 0 1 waiting 
6 114 483 175 611 25467 0 0 1 waiting 
6 112 482 174 612 25468 0 0 1 waiting 
6 111 482 173 612 25469 0 0 1 waiting 
6 110 482 172 613 25470 0 0 0 waiting 
6 108 481 170 614 25471 0 0 1 waiting 
6 107 481 169 615 25472 0 0 1 waiting 
6 106 481 167 617 25473 0 0 1 waiting 
6 105 481 166 618 25474 0 0 1 waiting 
7 375 528 427 669 25455 0 0 0 waiting 
7 377 525 428 669 25456 0 0 1 moving 
7 379 522 430 669 25457 0 0 1 moving 
7 382 520 432 670 25458 0 0 1 moving 
7 384 517 434 670 25459 0 0 1 moving 
7 387 515 436 671 25460 0 0 0 moving 
7 390 512 439 664 25461 0 0 1 moving 
7 394 509 443 657 25462 0 0 1 moving 
7 398 506 447 651 25463 0 0 1 moving 
7 402 503 451 644 25464 0 0 1 moving 
7 406 500 455 638 25465 0 0 0 moving 
7 406 497 461 635 25466 0 0 1 moving 
7 407 494 467 632 25467 0 0 1 moving 
7 407 492 473 629 25468 0 0 1 moving 
7 408 489 479 626 25469 0 0 1 moving 
7 409 487 485 624 25470 0 0 0 moving 
7 418 485 485 620 25471 0 0 1 moving 
7 427 483 486 616 25472 0 0 1 moving 
7 436 482 487 612 25473 0 0 0 moving 
7 436 482 487 612 25474 0 0 1 moving 
8 288 371 350 477 25455 0 0 0 moving 
8 287 371 349 477 25456 0 0 1 standing 
8 287 372 348 478 25457 0 0 1 standing 
8 286 373 348 479 25458 0 0 1 standing 
8 286 373 347 479 25459 0 0 1 standing 
8 285 374 347 480 25460 0 0 1 standing 
8 285 375 346 481 25461 0 0 1 standing 
8 284 375 345 481 25462 0 0 1 standing 
8 284 376 345 482 25463 0 0 1 standing 
8 283 377 344 483 25464 0 0 1 standing 
8 283 378 344 484 25465 0 0 0 standing 
8 282 377 344 483 25466 0 0 1 standing 
8 281 377 344 483 25467 0 0 1 standing 
8 280 377 344 483 25468 0 0 1 standing 
8 279 377 344 483 25469 0 0 1 standing 
8 278 377 344 483 25470 0 0 1 standing 
8 277 377 344 482 25471 0 0 1 standing 
8 276 377 344 482 25472 0 0 1 standing 
8 275 377 344 482 25473 0 0 1 standing 
8 274 377 344 482 25474 0 0 1 standing 
9 513 405 551 525 25455 0 0 0 standing 
9 513 405 551 526 25456 0 0 1 standing 
9 513 406 551 528 25457 0 0 1 standing 
9 513 406 552 529 25458 0 0 1 standing 
9 514 407 552 531 25459 0 0 1 standing 
9 514 407 553 533 25460 0 0 1 standing 
9 514 408 553 534 25461 0 0 1 standing 
9 515 408 553 536 25462 0 0 1 standing 
9 515 409 554 537 25463 0 0 1 standing 
9 515 409 554 539 25464 0 0 1 standing 
9 516 410 555 541 25465 0 0 0 standing 
9 516 410 555 541 25466 0 0 1 standing 
9 516 410 555 541 25467 0 0 1 standing 
9 516 410 555 541 25468 0 0 1 standing 
9 516 411 555 541 25469 0 0 1 standing 
9 516 411 555 541 25470 0 0 1 standing 
9 516 411 555 541 25471 0 0 1 standing 
9 516 411 555 541 25472 0 0 1 standing 
9 517 412 555 542 25473 0 0 0 standing 
9 517 412 555 542 25474 0 0 1 standing 
10 507 382 539 506 25455 0 0 0 standing 
10 507 382 539 505 25456 0 0 1 standing 
10 507 382 539 505 25457 0 0 1 standing 
10 508 383 539 505 25458 0 0 1 standing 
10 508 383 540 505 25459 0 0 1 standing 
10 509 384 540 505 25460 0 0 1 standing 
10 509 384 540 504 25461 0 0 1 standing 
10 509 384 541 504 25462 0 0 1 standing 
10 510 385 541 504 25463 0 0 1 standing 
10 510 385 541 504 25464 0 0 1 standing 
10 511 386 542 504 25465 0 0 0 standing 
10 511 386 542 504 25466 0 0 1 standing 
10 511 387 542 505 25467 0 0 1 standing 
10 511 388 542 506 25468 0 0 1 standing 
10 511 389 542 506 25469 0 0 1 standing 
10 512 390 543 507 25470 0 0 1 standing 
10 512 390 543 508 25471 0 0 1 standing 
10 512 391 543 508 25472 0 0 1 standing 
10 512 392 543 509 25473 0 0 1 standing 
10 512 393 543 510 25474 0 0 1 standing 
11 188 543 238 685 25455 0 0 0 standing 
11 184 540 235 680 25456 0 0 1 moving 
11 180 537 233 675 25457 0 0 1 moving 
11 177 535 231 670 25458 0 0 1 moving 
11 173 532 229 665 25459 0 0 1 moving 
11 170 530 227 660 25460 0 0 0 moving 
11 170 526 228 660 25461 0 0 1 moving 
11 170 523 230 661 25462 0 0 1 moving 
11 170 520 232 661 25463 0 0 1 moving 
11 171 517 234 662 25464 0 0 0 moving 
11 173 512 234 656 25465 0 0 1 moving 
11 175 508 235 651 25466 0 0 1 moving 
11 177 504 236 646 25467 0 0 1 moving 
11 179 499 237 641 25468 0 0 1 moving 
11 181 495 238 636 25469 0 0 1 moving 
11 183 491 239 631 25470 0 0 0 moving 
11 182 487 237 627 25471 0 0 1 moving 
11 181 483 235 623 25472 0 0 1 moving 
11 180 480 233 620 25473 0 0 0 moving 
11 180 480 233 620 25474 0 0 1 moving 
