0 350 446 426 648 49945 0 1 0 spiking 
0 345 439 428 640 49946 0 1 1 spiking 
0 341 433 430 632 49947 0 1 1 spiking 
0 336 427 432 624 49948 0 1 1 spiking 
0 332 421 434 617 49949 0 1 0 spiking 
0 336 415 436 610 49950 0 1 1 spiking 
0 341 409 438 603 49951 0 1 1 spiking 
0 345 403 440 596 49952 0 1 1 spiking 
0 350 397 442 589 49953 0 1 1 spiking 
0 354 391 444 582 49954 0 1 1 spiking 
0 359 386 446 576 49955 0 1 0 spiking 
0 360 392 447 580 49956 0 1 1 spiking 
0 361 398 448 584 49957 0 1 1 spiking 
0 362 404 450 589 49958 0 1 1 spiking 
0 363 410 451 593 49959 0 1 1 spiking 
0 364 416 453 598 49960 0 1 1 spiking 
0 365 422 454 602 49961 0 1 1 spiking 
0 367 428 456 607 49962 0 1 0 spiking 
0 367 433 456 610 49963 0 1 1 spiking 
0 367 438 456 613 49964 0 1 1 spiking 
1 600 463 651 605 49945 0 1 0 spiking 
1 595 452 646 599 49946 0 1 1 blocking 
1 591 442 642 593 49947 0 1 1 blocking 
1 587 432 638 587 49948 0 1 1 blocking 
1 582 422 633 581 49949 0 1 1 blocking 
1 578 412 629 576 49950 0 1 1 blocking 
1 574 402 625 570 49951 0 1 1 blocking 
1 569 392 620 564 49952 0 1 1 blocking 
1 565 382 616 558 49953 0 1 1 blocking 
1 561 372 612 552 49954 0 1 1 blocking 
1 557 362 608 547 49955 0 1 0 blocking 
1 555 365 606 550 49956 0 1 1 blocking 
1 553 369 604 554 49957 0 1 1 blocking 
1 551 372 602 558 49958 0 1 1 blocking 
1 549 376 600 561 49959 0 1 1 blocking 
1 547 380 598 565 49960 0 1 1 blocking 
1 545 383 596 569 49961 0 1 1 blocking 
1 543 387 594 572 49962 0 1 1 blocking 
1 541 390 592 576 49963 0 1 1 blocking 
1 539 394 590 580 49964 0 1 1 blocking 
2 588 413 645 576 49945 0 1 0 blocking 
2 585 407 642 570 49946 0 1 1 blocking 
2 583 401 640 564 49947 0 1 1 blocking 
2 581 396 638 558 49948 0 1 1 blocking 
2 578 390 635 553 49949 0 1 1 blocking 
2 576 385 633 547 49950 0 1 1 blocking 
2 574 379 631 541 49951 0 1 1 blocking 
2 571 373 628 536 49952 0 1 1 blocking 
2 569 368 626 530 49953 0 1 1 blocking 
2 567 362 624 524 49954 0 1 1 blocking 
2 565 357 622 519 49955 0 1 0 blocking 
2 563 358 620 520 49956 0 1 1 blocking 
2 562 360 619 522 49957 0 1 1 blocking 
2 560 361 617 523 49958 0 1 1 blocking 
2 559 363 616 525 49959 0 1 1 blocking 
2 557 365 614 527 49960 0 1 1 blocking 
2 556 366 613 528 49961 0 1 1 blocking 
2 554 368 611 530 49962 0 1 1 blocking 
2 553 369 610 531 49963 0 1 1 blocking 
2 551 371 608 533 49964 0 1 1 blocking 
3 429 352 502 526 49945 0 0 0 blocking 
3 432 356 503 529 49946 0 0 1 standing 
3 435 360 504 533 49947 0 0 1 standing 
3 438 364 506 537 49948 0 0 0 standing 
3 437 371 500 546 49949 0 0 1 standing 
3 437 379 494 555 49950 0 0 1 standing 
3 437 387 489 564 49951 0 0 0 standing 
3 438 397 491 571 49952 0 0 1 standing 
3 439 407 494 578 49953 0 0 1 standing 
3 440 417 497 585 49954 0 0 0 standing 
3 439 418 498 581 49955 0 0 1 standing 
3 438 420 500 578 49956 0 0 1 standing 
3 438 422 502 575 49957 0 0 0 standing 
3 437 421 503 574 49958 0 0 1 standing 
3 436 421 504 573 49959 0 0 1 standing 
3 435 421 505 573 49960 0 0 0 standing 
3 433 421 503 570 49961 0 0 1 standing 
3 432 421 501 567 49962 0 0 1 standing 
3 431 422 500 565 49963 0 0 0 standing 
3 431 422 500 565 49964 0 0 1 standing 
4 425 416 481 552 49945 0 0 0 standing 
4 419 413 473 551 49946 0 0 1 spiking 
4 413 411 465 550 49947 0 0 1 spiking 
4 408 409 458 549 49948 0 0 0 spiking 
4 404 407 453 543 49949 0 0 1 spiking 
4 400 405 448 538 49950 0 0 1 spiking 
4 396 404 443 533 49951 0 0 0 spiking 
4 385 402 441 531 49952 0 0 1 spiking 
4 374 401 439 529 49953 0 0 1 spiking 
4 364 400 438 528 49954 0 0 0 spiking 
4 358 407 429 529 49955 0 0 1 spiking 
4 352 415 420 530 49956 0 0 1 spiking 
4 347 423 411 532 49957 0 0 0 spiking 
4 338 417 406 535 49958 0 0 1 spiking 
4 330 411 401 538 49959 0 0 1 spiking 
4 322 405 396 541 49960 0 0 0 spiking 
4 318 407 392 539 49961 0 0 1 spiking 
4 314 409 388 538 49962 0 0 1 spiking 
4 311 412 384 537 49963 0 0 0 spiking 
4 311 412 384 537 49964 0 0 1 spiking 
5 419 333 488 451 49945 0 0 0 spiking 
5 421 331 487 445 49946 0 0 1 moving 
5 423 329 486 440 49947 0 0 1 moving 
5 426 327 485 435 49948 0 0 0 moving 
5 423 327 480 436 49949 0 0 1 moving 
5 421 327 475 437 49950 0 0 1 moving 
5 419 327 470 438 49951 0 0 0 moving 
5 413 326 468 441 49952 0 0 1 moving 
5 407 325 466 444 49953 0 0 1 moving 
5 402 325 465 448 49954 0 0 0 moving 
5 399 324 462 447 49955 0 0 1 moving 
5 397 323 460 446 49956 0 0 1 moving 
5 395 322 458 446 49957 0 0 0 moving 
5 392 320 457 444 49958 0 0 1 moving 
5 390 319 457 442 49959 0 0 1 moving 
5 388 318 457 441 49960 0 0 0 moving 
5 388 318 458 442 49961 0 0 1 moving 
5 388 318 459 444 49962 0 0 1 moving 
5 388 318 461 446 49963 0 0 1 moving 
5 388 318 462 448 49964 0 0 1 moving 
6 345 395 435 505 49945 0 0 0 moving 
6 344 395 428 499 49946 0 0 1 standing 
6 343 395 422 493 49947 0 0 1 standing 
6 343 395 416 487 49948 0 0 0 standing 
6 339 392 413 482 49949 0 0 1 standing 
6 336 390 411 477 49950 0 0 1 standing 
6 333 388 409 472 49951 0 0 0 standing 
6 325 386 404 472 49952 0 0 1 standing 
6 318 385 399 473 49953 0 0 1 standing 
6 311 384 394 474 49954 0 0 0 standing 
6 310 381 388 473 49955 0 0 1 standing 
6 309 378 383 472 49956 0 0 1 standing 
6 308 376 378 471 49957 0 0 0 standing 
6 303 374 374 473 49958 0 0 1 standing 
6 298 372 370 475 49959 0 0 1 standing 
6 293 371 366 477 49960 0 0 0 standing 
6 291 369 364 475 49961 0 0 1 standing 
6 289 367 363 473 49962 0 0 1 standing 
6 287 366 362 472 49963 0 0 0 standing 
6 287 366 362 472 49964 0 0 1 standing 
7 291 433 367 574 49945 0 0 0 standing 
7 292 437 369 576 49946 0 0 1 waiting 
7 293 442 371 578 49947 0 0 1 waiting 
7 295 447 373 580 49948 0 0 0 waiting 
7 294 451 373 582 49949 0 0 1 waiting 
7 293 455 374 584 49950 0 0 1 waiting 
7 293 460 375 587 49951 0 0 0 waiting 
7 289 461 374 586 49952 0 0 1 waiting 
7 286 462 373 585 49953 0 0 1 waiting 
7 283 464 372 585 49954 0 0 0 waiting 
7 280 462 369 584 49955 0 0 1 waiting 
7 277 461 366 583 49956 0 0 1 waiting 
7 275 460 364 582 49957 0 0 0 waiting 
7 271 458 362 581 49958 0 0 1 waiting 
7 268 457 360 581 49959 0 0 1 waiting 
7 265 456 358 581 49960 0 0 0 waiting 
7 264 455 353 579 49961 0 0 1 waiting 
7 263 454 348 578 49962 0 0 1 waiting 
7 262 453 343 576 49963 0 0 1 waiting 
7 261 452 338 575 49964 0 0 1 waiting 
8 624 362 703 473 49945 0 0 0 waiting 
8 624 359 708 470 49946 0 0 1 standing 
8 624 357 713 467 49947 0 0 1 standing 
8 625 355 718 465 49948 0 0 0 standing 
8 623 352 715 463 49949 0 0 1 standing 
8 621 349 713 462 49950 0 0 1 standing 
8 620 347 711 461 49951 0 0 0 standing 
8 631 344 712 460 49952 0 0 1 standing 
8 642 341 714 460 49953 0 0 1 standing 
8 653 339 716 460 49954 0 0 0 standing 
8 657 340 717 458 49955 0 0 1 standing 
8 662 341 718 457 49956 0 0 1 standing 
8 667 342 719 456 49957 0 0 0 standing 
8 670 344 734 460 49958 0 0 1 standing 
8 673 346 749 465 49959 0 0 1 standing 
8 676 349 765 470 49960 0 0 0 standing 
8 676 349 766 468 49961 0 0 1 standing 
8 676 349 768 466 49962 0 0 1 standing 
8 676 349 769 464 49963 0 0 1 standing 
8 676 349 771 462 49964 0 0 1 standing 
9 918 372 997 488 49945 0 0 0 standing 
9 916 371 995 486 49946 0 0 1 digging 
9 915 370 993 484 49947 0 0 1 digging 
9 914 369 992 483 49948 0 0 0 digging 
9 911 369 990 482 49949 0 0 1 digging 
9 909 369 988 481 49950 0 0 1 digging 
9 907 369 986 480 49951 0 0 0 digging 
9 902 367 984 478 49952 0 0 1 digging 
9 898 365 982 476 49953 0 0 1 digging 
9 894 363 980 475 49954 0 0 0 digging 
9 892 361 976 473 49955 0 0 1 digging 
9 890 359 972 471 49956 0 0 1 digging 
9 888 357 969 469 49957 0 0 0 digging 
9 883 356 967 469 49958 0 0 1 digging 
9 879 355 965 469 49959 0 0 1 digging 
9 875 354 964 469 49960 0 0 0 digging 
9 873 351 962 468 49961 0 0 1 digging 
9 871 349 960 467 49962 0 0 1 digging 
9 869 347 958 466 49963 0 0 1 digging 
9 867 345 956 465 49964 0 0 1 digging 
10 1026 418 1095 534 49945 0 0 0 digging 
10 1026 418 1095 534 49946 0 0 1 waiting 
10 1026 419 1095 535 49947 0 0 1 waiting 
10 1027 420 1095 536 49948 0 0 0 waiting 
10 1026 418 1096 536 49949 0 0 1 waiting 
10 1025 416 1097 536 49950 0 0 1 waiting 
10 1025 414 1099 537 49951 0 0 0 waiting 
10 1024 410 1096 534 49952 0 0 1 waiting 
10 1023 406 1093 531 49953 0 0 1 waiting 
10 1023 403 1091 528 49954 0 0 0 waiting 
10 1024 402 1095 528 49955 0 0 1 waiting 
10 1025 401 1100 528 49956 0 0 1 waiting 
10 1027 401 1105 529 49957 0 0 0 waiting 
10 1026 402 1106 527 49958 0 0 1 waiting 
10 1025 403 1107 526 49959 0 0 1 waiting 
10 1024 404 1108 525 49960 0 0 0 waiting 
10 1019 401 1106 523 49961 0 0 1 waiting 
10 1014 399 1104 522 49962 0 0 1 waiting 
10 1010 396 1102 521 49963 0 0 1 waiting 
10 1005 394 1100 520 49964 0 0 1 waiting 
11 971 486 1037 612 49945 0 0 0 waiting 
11 975 485 1043 614 49946 0 0 1 waiting 
11 979 484 1049 617 49947 0 0 1 waiting 
11 983 484 1055 620 49948 0 0 0 waiting 
11 985 485 1063 623 49949 0 0 1 waiting 
11 988 486 1072 626 49950 0 0 1 waiting 
11 991 487 1081 630 49951 0 0 0 waiting 
11 990 485 1080 627 49952 0 0 1 waiting 
11 989 483 1080 624 49953 0 0 1 waiting 
11 988 482 1080 621 49954 0 0 0 waiting 
11 992 483 1086 622 49955 0 0 1 waiting 
11 996 484 1092 623 49956 0 0 1 waiting 
11 1001 486 1099 624 49957 0 0 0 waiting 
11 999 486 1097 622 49958 0 0 1 waiting 
11 997 486 1095 621 49959 0 0 1 waiting 
11 996 487 1093 620 49960 0 0 0 waiting 
11 993 484 1090 619 49961 0 0 1 waiting 
11 990 481 1087 618 49962 0 0 1 waiting 
11 987 478 1085 617 49963 0 0 1 waiting 
11 984 475 1082 616 49964 0 0 1 waiting 
