0 754 452 830 644 74400 0 1 0 spiking 
0 746 454 828 632 74401 0 1 1 spiking 
0 739 457 826 620 74402 0 1 1 spiking 
0 732 460 825 608 74403 0 1 0 spiking 
0 729 459 820 604 74404 0 1 1 spiking 
0 727 459 815 601 74405 0 1 1 spiking 
0 724 459 810 597 74406 0 1 1 spiking 
0 722 458 805 594 74407 0 1 1 spiking 
0 719 458 800 590 74408 0 1 1 spiking 
0 717 458 795 587 74409 0 1 1 spiking 
0 715 458 790 584 74410 0 1 0 spiking 
0 723 468 798 592 74411 0 1 1 spiking 
0 731 478 806 600 74412 0 1 1 spiking 
0 740 488 814 608 74413 0 1 1 spiking 
0 748 498 822 616 74414 0 1 1 spiking 
0 757 509 830 625 74415 0 1 0 spiking 
0 756 516 828 630 74416 0 1 1 spiking 
0 755 524 827 636 74417 0 1 1 spiking 
0 754 531 826 642 74418 0 1 1 spiking 
0 753 539 825 648 74419 0 1 1 spiking 
1 566 507 617 637 74400 0 1 0 spiking 
1 567 497 619 631 74401 0 1 1 blocking 
1 568 488 622 626 74402 0 1 1 blocking 
1 569 478 625 621 74403 0 1 1 blocking 
1 570 469 628 616 74404 0 1 1 blocking 
1 571 459 631 611 74405 0 1 1 blocking 
1 572 450 634 605 74406 0 1 1 blocking 
1 573 440 637 600 74407 0 1 1 blocking 
1 574 431 640 595 74408 0 1 1 blocking 
1 575 421 643 590 74409 0 1 1 blocking 
1 577 412 646 585 74410 0 1 0 blocking 
1 586 414 652 587 74411 0 1 1 blocking 
1 595 417 659 590 74412 0 1 1 blocking 
1 604 419 665 592 74413 0 1 1 blocking 
1 613 422 672 595 74414 0 1 1 blocking 
1 622 425 678 598 74415 0 1 1 blocking 
1 631 427 685 600 74416 0 1 1 blocking 
1 640 430 691 603 74417 0 1 1 blocking 
1 649 433 698 606 74418 0 1 0 blocking 
1 649 433 698 606 74419 0 1 1 blocking 
2 577 483 622 625 74400 0 1 0 blocking 
2 577 475 624 619 74401 0 1 1 blocking 
2 578 468 627 614 74402 0 1 1 blocking 
2 578 460 629 608 74403 0 1 1 blocking 
2 579 453 632 603 74404 0 1 1 blocking 
2 579 446 634 597 74405 0 1 1 blocking 
2 580 438 637 592 74406 0 1 1 blocking 
2 580 431 639 586 74407 0 1 1 blocking 
2 581 423 642 581 74408 0 1 1 blocking 
2 581 416 644 575 74409 0 1 1 blocking 
2 582 409 647 570 74410 0 1 0 blocking 
2 589 411 652 572 74411 0 1 1 blocking 
2 597 414 657 575 74412 0 1 1 blocking 
2 604 416 663 577 74413 0 1 1 blocking 
2 612 419 668 580 74414 0 1 1 blocking 
2 620 422 673 582 74415 0 1 1 blocking 
2 627 424 679 585 74416 0 1 1 blocking 
2 635 427 684 587 74417 0 1 1 blocking 
2 643 430 690 590 74418 0 1 0 blocking 
2 643 430 690 590 74419 0 1 1 blocking 
3 563 450 620 607 74400 0 1 0 blocking 
3 564 445 620 601 74401 0 1 1 blocking 
3 566 440 621 596 74402 0 1 1 blocking 
3 568 435 622 591 74403 0 1 1 blocking 
3 570 430 622 586 74404 0 1 1 blocking 
3 572 425 623 581 74405 0 1 1 blocking 
3 573 420 624 575 74406 0 1 1 blocking 
3 575 415 624 570 74407 0 1 1 blocking 
3 577 410 625 565 74408 0 1 1 blocking 
3 579 405 626 560 74409 0 1 1 blocking 
3 581 400 627 555 74410 0 1 0 blocking 
3 588 402 634 557 74411 0 1 1 blocking 
3 595 405 642 560 74412 0 1 1 blocking 
3 603 407 649 562 74413 0 1 1 blocking 
3 610 410 657 565 74414 0 1 1 blocking 
3 617 412 664 567 74415 0 1 1 blocking 
3 625 415 672 570 74416 0 1 1 blocking 
3 632 417 679 572 74417 0 1 1 blocking 
3 640 420 687 575 74418 0 1 0 blocking 
3 640 420 687 575 74419 0 1 1 blocking 
4 10 434 97 553 74400 0 0 0 blocking 
4 8 431 95 552 74401 0 0 1 standing 
4 6 429 93 551 74402 0 0 1 standing 
4 5 427 92 550 74403 0 0 0 standing 
4 5 423 93 548 74404 0 0 1 standing 
4 5 419 95 547 74405 0 0 1 standing 
4 6 415 97 546 74406 0 0 0 standing 
4 9 414 99 540 74407 0 0 1 standing 
4 12 413 101 535 74408 0 0 1 standing 
4 15 412 103 530 74409 0 0 0 standing 
4 24 412 109 530 74410 0 0 1 standing 
4 33 413 115 531 74411 0 0 1 standing 
4 42 414 121 532 74412 0 0 0 standing 
4 53 414 132 532 74413 0 0 1 standing 
4 65 414 144 532 74414 0 0 1 standing 
4 77 414 156 532 74415 0 0 0 standing 
4 87 414 164 532 74416 0 0 1 standing 
4 98 414 172 532 74417 0 0 1 standing 
4 109 415 180 532 74418 0 0 0 standing 
4 102 413 173 530 74419 0 0 1 standing 
5 224 487 299 627 74400 0 0 0 standing 
5 226 483 300 625 74401 0 0 1 standing 
5 229 479 301 623 74402 0 0 1 standing 
5 232 475 302 621 74403 0 0 0 standing 
5 236 473 305 616 74404 0 0 1 standing 
5 240 472 308 611 74405 0 0 1 standing 
5 244 471 311 606 74406 0 0 0 standing 
5 249 469 316 600 74407 0 0 1 standing 
5 254 468 321 595 74408 0 0 1 standing 
5 259 467 326 590 74409 0 0 0 standing 
5 268 468 333 588 74410 0 0 1 standing 
5 277 469 341 586 74411 0 0 1 standing 
5 286 470 349 584 74412 0 0 0 standing 
5 299 470 361 585 74413 0 0 1 standing 
5 312 470 374 586 74414 0 0 1 standing 
5 326 470 387 588 74415 0 0 0 standing 
5 340 470 397 587 74416 0 0 1 standing 
5 354 470 407 587 74417 0 0 1 standing 
5 368 470 418 587 74418 0 0 0 standing 
5 360 469 412 585 74419 0 0 1 standing 
6 320 385 389 503 74400 0 0 0 standing 
6 323 387 389 504 74401 0 0 1 standing 
6 327 389 389 505 74402 0 0 1 standing 
6 331 391 389 507 74403 0 0 0 standing 
6 332 391 395 507 74404 0 0 1 standing 
6 334 392 401 507 74405 0 0 1 standing 
6 336 393 407 508 74406 0 0 0 standing 
6 336 392 411 509 74407 0 0 1 standing 
6 336 392 415 510 74408 0 0 1 standing 
6 337 392 420 511 74409 0 0 0 standing 
6 344 393 428 510 74410 0 0 1 standing 
6 351 394 436 510 74411 0 0 1 standing 
6 359 396 445 510 74412 0 0 0 standing 
6 369 397 458 510 74413 0 0 1 standing 
6 379 398 471 510 74414 0 0 1 standing 
6 389 400 484 510 74415 0 0 0 standing 
6 399 401 494 511 74416 0 0 1 standing 
6 409 403 504 513 74417 0 0 1 standing 
6 420 405 515 515 74418 0 0 0 standing 
6 413 402 508 513 74419 0 0 1 standing 
7 694 420 754 569 74400 0 0 0 standing 
7 691 423 751 569 74401 0 0 1 standing 
7 688 427 748 570 74402 0 0 1 standing 
7 686 431 745 571 74403 0 0 0 standing 
7 681 434 747 571 74404 0 0 1 standing 
7 676 438 749 572 74405 0 0 1 standing 
7 672 442 751 573 74406 0 0 0 standing 
7 672 443 751 573 74407 0 0 1 standing 
7 672 444 751 573 74408 0 0 1 standing 
7 672 446 751 574 74409 0 0 0 standing 
7 676 445 755 573 74410 0 0 1 standing 
7 681 445 760 573 74411 0 0 1 standing 
7 685 444 764 573 74412 0 0 1 standing 
7 690 444 769 572 74413 0 0 1 standing 
7 694 443 773 572 74414 0 0 1 standing 
7 699 443 778 572 74415 0 0 0 standing 
7 710 443 789 568 74416 0 0 1 standing 
7 721 444 800 565 74417 0 0 1 standing 
7 732 445 811 562 74418 0 0 0 standing 
7 725 445 800 563 74419 0 0 1 standing 
8 810 463 879 581 74400 0 0 0 standing 
8 807 464 876 583 74401 0 0 1 standing 
8 804 466 873 585 74402 0 0 1 standing 
8 802 468 871 587 74403 0 0 0 standing 
8 794 467 865 586 74404 0 0 1 standing 
8 786 466 860 586 74405 0 0 1 standing 
8 779 465 855 586 74406 0 0 0 standing 
8 774 467 844 588 74407 0 0 1 standing 
8 769 470 833 590 74408 0 0 1 standing 
8 764 473 823 592 74409 0 0 0 standing 
8 755 474 823 593 74410 0 0 1 standing 
8 746 475 823 595 74411 0 0 1 standing 
8 737 476 824 597 74412 0 0 0 standing 
8 747 480 829 601 74413 0 0 1 standing 
8 758 485 834 605 74414 0 0 1 standing 
8 769 490 840 609 74415 0 0 0 standing 
8 785 493 852 612 74416 0 0 1 standing 
8 801 496 864 615 74417 0 0 1 standing 
8 817 500 876 618 74418 0 0 0 standing 
8 806 498 868 616 74419 0 0 1 standing 
9 785 422 834 534 74400 0 0 0 standing 
9 786 422 835 534 74401 0 0 1 standing 
9 787 423 836 535 74402 0 0 1 standing 
9 789 424 838 536 74403 0 0 0 standing 
9 790 424 840 536 74404 0 0 1 standing 
9 792 424 843 537 74405 0 0 1 standing 
9 794 424 846 538 74406 0 0 1 standing 
9 795 424 848 539 74407 0 0 1 standing 
9 797 424 851 540 74408 0 0 1 standing 
9 799 424 854 541 74409 0 0 0 standing 
9 802 424 859 541 74410 0 0 1 standing 
9 805 424 864 542 74411 0 0 1 standing 
9 809 425 870 543 74412 0 0 0 standing 
9 817 429 883 544 74413 0 0 1 standing 
9 825 433 897 546 74414 0 0 1 standing 
9 833 437 911 548 74415 0 0 0 standing 
9 844 439 922 550 74416 0 0 1 standing 
9 855 441 933 552 74417 0 0 1 standing 
9 866 443 944 554 74418 0 0 0 standing 
9 858 441 934 551 74419 0 0 1 standing 
10 777 355 830 486 74400 0 0 0 standing 
10 776 359 829 485 74401 0 0 1 standing 
10 775 363 828 484 74402 0 0 1 standing 
10 775 367 827 483 74403 0 0 0 standing 
10 775 367 827 483 74404 0 0 1 standing 
10 775 368 827 484 74405 0 0 1 standing 
10 775 369 827 485 74406 0 0 0 standing 
10 773 371 826 484 74407 0 0 1 standing 
10 771 374 826 483 74408 0 0 1 standing 
10 769 377 826 483 74409 0 0 0 standing 
10 767 378 828 486 74410 0 0 1 standing 
10 765 380 830 489 74411 0 0 1 standing 
10 764 382 833 492 74412 0 0 0 standing 
10 770 383 845 494 74413 0 0 1 standing 
10 777 385 858 496 74414 0 0 1 standing 
10 784 387 871 499 74415 0 0 0 standing 
10 796 388 880 499 74416 0 0 1 standing 
10 808 389 890 499 74417 0 0 1 standing 
10 820 390 900 499 74418 0 0 0 standing 
10 814 392 894 501 74419 0 0 1 standing 
11 1005 409 1072 557 74400 0 0 0 standing 
11 1005 411 1066 560 74401 0 0 1 standing 
11 1005 413 1061 563 74402 0 0 1 standing 
11 1005 415 1056 566 74403 0 0 0 standing 
11 1003 417 1055 568 74404 0 0 1 standing 
11 1001 419 1054 570 74405 0 0 1 standing 
11 999 422 1054 573 74406 0 0 0 standing 
11 1000 423 1055 573 74407 0 0 1 standing 
11 1001 424 1056 574 74408 0 0 1 standing 
11 1002 426 1057 574 74409 0 0 1 standing 
11 1003 427 1058 575 74410 0 0 1 standing 
11 1004 428 1059 575 74411 0 0 1 standing 
11 1006 430 1061 576 74412 0 0 0 standing 
11 1011 434 1069 579 74413 0 0 1 standing 
11 1016 438 1078 582 74414 0 0 1 standing 
11 1021 443 1087 585 74415 0 0 0 standing 
11 1025 446 1091 586 74416 0 0 1 standing 
11 1029 450 1095 587 74417 0 0 1 standing 
11 1033 453 1099 588 74418 0 0 1 standing 
11 1037 457 1103 589 74419 0 0 1 standing 
