0 668 476 753 620 52125 0 1 0 standing 
0 668 474 750 614 52126 0 1 1 standing 
0 668 473 747 608 52127 0 1 1 standing 
0 668 471 744 602 52128 0 1 1 standing 
0 669 470 741 596 52129 0 1 0 standing 
0 667 461 736 594 52130 0 1 1 standing 
0 666 453 731 592 52131 0 1 1 standing 
0 664 445 727 590 52132 0 1 1 standing 
0 663 437 722 589 52133 0 1 1 standing 
0 661 429 717 587 52134 0 1 1 standing 
0 660 421 713 585 52135 0 1 1 standing 
0 658 413 708 583 52136 0 1 1 standing 
0 657 405 704 582 52137 0 1 0 standing 
0 653 403 701 575 52138 0 1 1 standing 
0 649 402 699 568 52139 0 1 1 standing 
0 646 400 697 561 52140 0 1 1 standing 
0 642 399 695 554 52141 0 1 1 standing 
0 639 397 693 547 52142 0 1 1 standing 
0 635 396 691 540 52143 0 1 1 standing 
0 632 395 689 534 52144 0 1 0 standing 
1 519 537 601 685 52125 0 1 0 standing 
1 518 539 598 683 52126 0 1 1 moving 
1 517 542 596 682 52127 0 1 1 moving 
1 516 545 594 681 52128 0 1 0 moving 
1 513 542 591 679 52129 0 1 1 moving 
1 510 539 588 677 52130 0 1 1 moving 
1 507 536 585 675 52131 0 1 1 moving 
1 504 533 582 673 52132 0 1 1 moving 
1 501 531 580 671 52133 0 1 0 moving 
1 501 529 581 669 52134 0 1 1 moving 
1 502 528 582 667 52135 0 1 1 moving 
1 503 527 583 665 52136 0 1 1 moving 
1 504 526 584 663 52137 0 1 0 moving 
1 504 525 589 661 52138 0 1 1 moving 
1 505 524 594 659 52139 0 1 1 moving 
1 506 523 599 657 52140 0 1 1 moving 
1 507 523 604 656 52141 0 1 1 moving 
1 508 522 609 654 52142 0 1 1 moving 
1 509 521 614 652 52143 0 1 1 moving 
1 510 520 619 650 52144 0 1 1 moving 
2 663 415 705 563 52125 0 1 0 moving 
2 662 408 704 556 52126 0 1 1 setting 
2 662 402 704 550 52127 0 1 1 setting 
2 662 395 704 543 52128 0 1 1 setting 
2 662 389 704 537 52129 0 1 0 setting 
2 659 388 701 535 52130 0 1 1 setting 
2 656 388 699 534 52131 0 1 1 setting 
2 653 387 696 533 52132 0 1 1 setting 
2 651 387 694 532 52133 0 1 1 setting 
2 648 386 692 530 52134 0 1 1 setting 
2 645 386 689 529 52135 0 1 1 setting 
2 642 385 687 528 52136 0 1 1 setting 
2 640 385 685 527 52137 0 1 0 setting 
2 636 394 683 530 52138 0 1 1 setting 
2 632 403 681 533 52139 0 1 1 setting 
2 628 412 679 536 52140 0 1 1 setting 
2 625 422 678 540 52141 0 1 1 setting 
2 621 431 676 543 52142 0 1 1 setting 
2 617 440 674 546 52143 0 1 1 setting 
2 614 450 673 550 52144 0 1 0 setting 
3 578 406 654 500 52125 0 1 0 setting 
3 579 404 653 498 52126 0 1 1 standing 
3 581 403 653 496 52127 0 1 1 standing 
3 582 401 652 494 52128 0 1 1 standing 
3 584 400 652 493 52129 0 1 0 standing 
3 583 399 648 492 52130 0 1 1 standing 
3 582 399 645 492 52131 0 1 1 standing 
3 581 399 642 492 52132 0 1 1 standing 
3 580 399 639 492 52133 0 1 1 standing 
3 579 399 636 492 52134 0 1 1 standing 
3 578 399 633 492 52135 0 1 0 standing 
3 576 396 629 492 52136 0 1 1 standing 
3 575 393 626 493 52137 0 1 1 standing 
3 573 391 623 493 52138 0 1 1 standing 
3 572 388 620 494 52139 0 1 1 standing 
3 571 386 617 495 52140 0 1 0 standing 
3 570 388 615 496 52141 0 1 1 standing 
3 569 390 614 497 52142 0 1 1 standing 
3 568 392 612 498 52143 0 1 1 standing 
3 567 394 611 499 52144 0 1 1 standing 
4 308 377 390 480 52125 0 1 0 standing 
4 312 378 392 475 52126 0 1 1 moving 
4 316 379 395 470 52127 0 1 1 moving 
4 321 380 398 465 52128 0 1 0 moving 
4 323 377 400 464 52129 0 1 1 moving 
4 325 375 402 464 52130 0 1 1 moving 
4 327 372 404 464 52131 0 1 1 moving 
4 329 370 406 464 52132 0 1 1 moving 
4 331 368 409 464 52133 0 1 0 moving 
4 340 368 415 463 52134 0 1 1 moving 
4 349 368 422 462 52135 0 1 1 moving 
4 358 368 428 461 52136 0 1 1 moving 
4 367 368 435 460 52137 0 1 0 moving 
4 370 368 446 459 52138 0 1 1 moving 
4 373 369 457 458 52139 0 1 1 moving 
4 376 370 468 458 52140 0 1 0 moving 
4 383 370 470 458 52141 0 1 1 moving 
4 390 370 473 459 52142 0 1 1 moving 
4 398 371 476 459 52143 0 1 1 moving 
4 405 371 479 460 52144 0 1 1 moving 
5 589 367 629 453 52125 0 0 0 moving 
5 583 365 623 454 52126 0 0 1 standing 
5 577 364 617 455 52127 0 0 1 standing 
5 571 363 611 456 52128 0 0 1 standing 
5 566 361 605 457 52129 0 0 1 standing 
5 560 360 600 459 52130 0 0 1 standing 
5 554 359 594 460 52131 0 0 1 standing 
5 549 357 588 461 52132 0 0 1 standing 
5 543 356 582 462 52133 0 0 1 standing 
5 537 355 576 463 52134 0 0 1 standing 
5 532 354 571 465 52135 0 0 0 standing 
5 527 352 566 462 52136 0 0 1 standing 
5 522 351 561 460 52137 0 0 1 standing 
5 518 349 557 458 52138 0 0 1 standing 
5 513 348 552 456 52139 0 0 1 standing 
5 509 347 548 454 52140 0 0 0 standing 
5 504 347 543 453 52141 0 0 1 standing 
5 499 347 538 453 52142 0 0 1 standing 
5 494 348 533 452 52143 0 0 1 standing 
5 489 348 528 452 52144 0 0 1 standing 
6 812 483 863 614 52125 0 0 0 standing 
6 807 482 858 613 52126 0 0 1 standing 
6 803 481 853 613 52127 0 0 1 standing 
6 798 481 849 613 52128 0 0 1 standing 
6 794 480 844 612 52129 0 0 1 standing 
6 789 480 840 612 52130 0 0 1 standing 
6 785 479 835 612 52131 0 0 1 standing 
6 780 478 830 611 52132 0 0 1 standing 
6 776 478 826 611 52133 0 0 1 standing 
6 771 477 821 611 52134 0 0 1 standing 
6 767 477 817 611 52135 0 0 0 standing 
6 762 477 812 609 52136 0 0 1 standing 
6 758 478 807 608 52137 0 0 1 standing 
6 753 479 803 607 52138 0 0 1 standing 
6 749 479 798 606 52139 0 0 1 standing 
6 744 480 794 605 52140 0 0 1 standing 
6 740 481 789 604 52141 0 0 1 standing 
6 735 481 784 603 52142 0 0 1 standing 
6 731 482 780 602 52143 0 0 1 standing 
6 726 483 775 601 52144 0 0 1 standing 
7 799 419 858 551 52125 0 0 0 standing 
7 796 419 853 550 52126 0 0 1 standing 
7 793 420 849 550 52127 0 0 1 standing 
7 790 420 845 550 52128 0 0 1 standing 
7 787 421 840 550 52129 0 0 1 standing 
7 784 422 836 550 52130 0 0 1 standing 
7 781 422 832 549 52131 0 0 1 standing 
7 778 423 827 549 52132 0 0 1 standing 
7 775 423 823 549 52133 0 0 1 standing 
7 772 424 819 549 52134 0 0 1 standing 
7 769 425 815 549 52135 0 0 0 standing 
7 763 423 809 546 52136 0 0 1 standing 
7 757 422 803 543 52137 0 0 1 standing 
7 752 421 797 540 52138 0 0 1 standing 
7 746 420 792 537 52139 0 0 1 standing 
7 741 419 786 534 52140 0 0 1 standing 
7 735 418 780 531 52141 0 0 1 standing 
7 729 417 775 528 52142 0 0 1 standing 
7 724 416 769 525 52143 0 0 1 standing 
7 718 415 763 522 52144 0 0 1 standing 
8 798 385 864 516 52125 0 0 0 standing 
8 796 385 859 515 52126 0 0 1 standing 
8 794 385 855 514 52127 0 0 1 standing 
8 792 385 851 513 52128 0 0 1 standing 
8 790 386 847 513 52129 0 0 1 standing 
8 788 386 843 512 52130 0 0 1 standing 
8 786 386 838 511 52131 0 0 1 standing 
8 784 387 834 511 52132 0 0 1 standing 
8 782 387 830 510 52133 0 0 1 standing 
8 780 387 826 509 52134 0 0 1 standing 
8 778 388 822 509 52135 0 0 0 standing 
8 772 387 816 507 52136 0 0 1 standing 
8 766 386 811 505 52137 0 0 1 standing 
8 760 385 806 504 52138 0 0 1 standing 
8 755 384 801 502 52139 0 0 1 standing 
8 749 383 796 501 52140 0 0 1 standing 
8 743 382 791 499 52141 0 0 1 standing 
8 738 381 786 497 52142 0 0 1 standing 
8 732 380 781 496 52143 0 0 1 standing 
8 726 379 776 494 52144 0 0 1 standing 
9 1033 471 1099 610 52125 0 0 0 standing 
9 1034 471 1102 609 52126 0 0 1 standing 
9 1036 471 1105 609 52127 0 0 1 standing 
9 1037 471 1108 609 52128 0 0 1 standing 
9 1039 471 1111 609 52129 0 0 1 standing 
9 1040 471 1114 609 52130 0 0 1 standing 
9 1042 471 1118 609 52131 0 0 0 standing 
9 1039 471 1116 609 52132 0 0 1 standing 
9 1037 471 1115 609 52133 0 0 1 standing 
9 1035 471 1114 609 52134 0 0 1 standing 
9 1033 471 1113 609 52135 0 0 0 standing 
9 1032 471 1112 608 52136 0 0 1 standing 
9 1032 471 1111 608 52137 0 0 1 standing 
9 1032 471 1110 608 52138 0 0 1 standing 
9 1032 471 1109 608 52139 0 0 1 standing 
9 1032 471 1108 608 52140 0 0 1 standing 
9 1031 471 1107 608 52141 0 0 1 standing 
9 1031 471 1106 608 52142 0 0 1 standing 
9 1031 471 1105 608 52143 0 0 1 standing 
9 1031 471 1104 608 52144 0 0 1 standing 
10 1095 415 1145 529 52125 0 0 0 standing 
10 1090 414 1140 527 52126 0 0 1 standing 
10 1085 413 1136 525 52127 0 0 1 standing 
10 1080 413 1132 523 52128 0 0 1 standing 
10 1075 412 1127 522 52129 0 0 1 standing 
10 1070 412 1123 520 52130 0 0 1 standing 
10 1065 411 1119 518 52131 0 0 1 standing 
10 1060 410 1114 517 52132 0 0 1 standing 
10 1055 410 1110 515 52133 0 0 1 standing 
10 1050 409 1106 513 52134 0 0 1 standing 
10 1046 409 1102 512 52135 0 0 0 standing 
10 1041 408 1096 511 52136 0 0 1 standing 
10 1037 407 1091 511 52137 0 0 1 standing 
10 1033 406 1086 511 52138 0 0 1 standing 
10 1029 405 1080 511 52139 0 0 1 standing 
10 1025 404 1075 511 52140 0 0 1 standing 
10 1020 403 1070 511 52141 0 0 1 standing 
10 1016 402 1064 511 52142 0 0 1 standing 
10 1012 401 1059 511 52143 0 0 1 standing 
10 1008 400 1054 511 52144 0 0 1 standing 
11 1256 434 1278 503 52125 0 0 0 standing 
11 1254 433 1277 506 52126 0 0 1 standing 
11 1252 432 1277 510 52127 0 0 1 standing 
11 1251 432 1277 514 52128 0 0 1 standing 
11 1249 431 1277 517 52129 0 0 1 standing 
11 1248 430 1277 521 52130 0 0 1 standing 
11 1246 430 1277 525 52131 0 0 1 standing 
11 1244 429 1276 528 52132 0 0 1 standing 
11 1243 428 1276 532 52133 0 0 1 standing 
11 1241 428 1276 536 52134 0 0 1 standing 
11 1240 427 1276 539 52135 0 0 1 standing 
11 1238 426 1276 543 52136 0 0 1 standing 
11 1237 426 1276 547 52137 0 0 0 standing 
11 1232 426 1273 547 52138 0 0 1 standing 
11 1227 427 1271 548 52139 0 0 1 standing 
11 1222 428 1268 549 52140 0 0 1 standing 
11 1217 429 1266 550 52141 0 0 1 standing 
11 1212 430 1263 551 52142 0 0 1 standing 
11 1207 431 1261 552 52143 0 0 1 standing 
11 1202 432 1258 553 52144 0 0 1 standing 
