0 612 638 707 803 3035 0 1 0 waiting 
0 619 638 712 802 3036 0 1 1 waiting 
0 626 638 718 801 3037 0 1 1 waiting 
0 633 638 723 800 3038 0 1 1 waiting 
0 640 638 729 799 3039 0 1 1 waiting 
0 648 638 735 798 3040 0 1 0 waiting 
0 647 637 735 798 3041 0 1 1 waiting 
0 647 637 736 798 3042 0 1 1 waiting 
0 647 637 737 798 3043 0 1 1 waiting 
0 647 637 738 798 3044 0 1 1 waiting 
0 647 637 739 799 3045 0 1 1 waiting 
0 647 637 740 799 3046 0 1 1 waiting 
0 647 637 741 799 3047 0 1 1 waiting 
0 647 636 742 799 3048 0 1 1 waiting 
0 647 636 743 799 3049 0 1 1 waiting 
0 647 636 744 800 3050 0 1 1 waiting 
0 647 636 745 800 3051 0 1 1 waiting 
0 647 636 746 800 3052 0 1 1 waiting 
0 647 636 747 800 3053 0 1 1 waiting 
0 647 636 748 801 3054 0 1 0 waiting 
1 1056 537 1127 744 3035 0 0 0 waiting 
1 1059 543 1129 749 3036 0 0 1 standing 
1 1062 550 1131 754 3037 0 0 1 standing 
1 1065 556 1133 759 3038 0 0 1 standing 
1 1069 563 1136 764 3039 0 0 0 standing 
1 1065 570 1131 770 3040 0 0 1 standing 
1 1062 578 1127 776 3041 0 0 1 standing 
1 1059 585 1123 782 3042 0 0 1 standing 
1 1056 593 1119 789 3043 0 0 0 standing 
1 1052 600 1114 795 3044 0 0 1 standing 
1 1049 607 1110 801 3045 0 0 1 standing 
1 1045 614 1105 807 3046 0 0 1 standing 
1 1042 622 1101 813 3047 0 0 0 standing 
1 1039 618 1098 812 3048 0 0 1 standing 
1 1036 615 1095 811 3049 0 0 1 standing 
1 1033 611 1092 810 3050 0 0 1 standing 
1 1030 608 1089 809 3051 0 0 1 standing 
1 1028 605 1087 809 3052 0 0 0 standing 
1 1017 605 1076 809 3053 0 0 1 standing 
1 1006 605 1066 810 3054 0 0 1 standing 
2 734 477 834 608 3035 0 0 0 standing 
2 736 479 834 607 3036 0 0 1 digging 
2 738 482 834 607 3037 0 0 1 digging 
2 740 484 834 606 3038 0 0 1 digging 
2 742 487 835 606 3039 0 0 0 digging 
2 740 486 831 605 3040 0 0 1 digging 
2 738 486 828 605 3041 0 0 1 digging 
2 736 485 825 605 3042 0 0 1 digging 
2 735 485 822 605 3043 0 0 1 digging 
2 733 484 818 604 3044 0 0 1 digging 
2 731 484 815 604 3045 0 0 1 digging 
2 729 483 812 604 3046 0 0 1 digging 
2 728 483 809 604 3047 0 0 0 digging 
2 728 481 809 604 3048 0 0 1 digging 
2 729 479 810 604 3049 0 0 1 digging 
2 729 477 810 604 3050 0 0 1 digging 
2 730 475 811 604 3051 0 0 1 digging 
2 731 473 812 604 3052 0 0 0 digging 
2 728 470 809 603 3053 0 0 1 digging 
2 725 467 806 603 3054 0 0 1 digging 
3 1179 570 1262 739 3035 0 0 0 digging 
3 1173 572 1262 738 3036 0 0 1 standing 
3 1167 575 1262 738 3037 0 0 1 standing 
3 1161 578 1262 737 3038 0 0 1 standing 
3 1156 581 1262 737 3039 0 0 0 standing 
3 1153 581 1259 735 3040 0 0 1 standing 
3 1150 582 1256 734 3041 0 0 1 standing 
3 1147 583 1253 733 3042 0 0 1 standing 
3 1144 584 1250 732 3043 0 0 0 standing 
3 1145 581 1248 732 3044 0 0 1 standing 
3 1146 579 1246 732 3045 0 0 1 standing 
3 1148 577 1244 733 3046 0 0 1 standing 
3 1149 574 1242 733 3047 0 0 1 standing 
3 1150 572 1240 734 3048 0 0 1 standing 
3 1152 570 1238 734 3049 0 0 1 standing 
3 1153 567 1236 735 3050 0 0 1 standing 
3 1154 565 1234 735 3051 0 0 1 standing 
3 1156 563 1233 736 3052 0 0 0 standing 
3 1150 562 1230 736 3053 0 0 1 standing 
3 1144 561 1228 736 3054 0 0 1 standing 
4 1339 540 1424 691 3035 0 0 0 standing 
4 1341 542 1427 693 3036 0 0 1 waiting 
4 1343 545 1430 696 3037 0 0 1 waiting 
4 1345 548 1433 699 3038 0 0 0 waiting 
4 1342 549 1431 700 3039 0 0 1 waiting 
4 1339 551 1429 701 3040 0 0 1 waiting 
4 1336 552 1427 702 3041 0 0 1 waiting 
4 1333 554 1425 703 3042 0 0 1 waiting 
4 1330 556 1424 704 3043 0 0 0 waiting 
4 1331 554 1424 703 3044 0 0 1 waiting 
4 1332 552 1425 703 3045 0 0 1 waiting 
4 1333 550 1425 703 3046 0 0 1 waiting 
4 1335 548 1426 703 3047 0 0 0 waiting 
4 1339 545 1427 702 3048 0 0 1 waiting 
4 1343 542 1429 702 3049 0 0 1 waiting 
4 1348 539 1431 702 3050 0 0 1 waiting 
4 1352 536 1433 702 3051 0 0 1 waiting 
4 1357 534 1435 702 3052 0 0 0 waiting 
4 1357 531 1432 703 3053 0 0 1 waiting 
4 1357 528 1430 704 3054 0 0 1 waiting 
5 1565 555 1643 723 3035 0 0 0 waiting 
5 1571 558 1649 726 3036 0 0 1 standing 
5 1577 561 1655 729 3037 0 0 1 standing 
5 1583 565 1661 732 3038 0 0 0 standing 
5 1581 565 1658 732 3039 0 0 1 standing 
5 1579 565 1656 732 3040 0 0 1 standing 
5 1577 565 1654 732 3041 0 0 1 standing 
5 1575 565 1652 732 3042 0 0 1 standing 
5 1573 566 1650 733 3043 0 0 0 standing 
5 1573 563 1649 731 3044 0 0 1 standing 
5 1573 560 1648 729 3045 0 0 1 standing 
5 1573 557 1648 728 3046 0 0 1 standing 
5 1573 554 1647 726 3047 0 0 1 standing 
5 1573 551 1646 724 3048 0 0 1 standing 
5 1573 548 1646 723 3049 0 0 1 standing 
5 1573 545 1645 721 3050 0 0 1 standing 
5 1573 542 1644 719 3051 0 0 1 standing 
5 1574 539 1644 718 3052 0 0 0 standing 
5 1567 535 1636 716 3053 0 0 1 standing 
5 1561 531 1629 714 3054 0 0 1 standing 
6 624 467 701 615 3035 0 0 0 standing 
6 620 467 699 615 3036 0 0 1 standing 
6 617 467 697 615 3037 0 0 1 standing 
6 614 467 695 615 3038 0 0 1 standing 
6 611 468 693 616 3039 0 0 0 standing 
6 607 467 689 616 3040 0 0 1 standing 
6 603 467 685 616 3041 0 0 1 standing 
6 600 467 682 616 3042 0 0 1 standing 
6 596 467 678 616 3043 0 0 1 standing 
6 592 467 675 616 3044 0 0 1 standing 
6 589 467 671 616 3045 0 0 1 standing 
6 585 467 668 616 3046 0 0 1 standing 
6 581 467 664 616 3047 0 0 1 standing 
6 578 467 661 616 3048 0 0 0 standing 
6 573 465 658 614 3049 0 0 1 standing 
6 568 464 656 613 3050 0 0 1 standing 
6 563 463 654 612 3051 0 0 1 standing 
6 558 462 651 611 3052 0 0 1 standing 
6 553 461 649 610 3053 0 0 1 standing 
6 548 460 647 609 3054 0 0 1 standing 
7 317 539 389 703 3035 0 1 0 standing 
7 318 539 390 701 3036 0 1 1 digging 
7 320 540 391 700 3037 0 1 1 digging 
7 322 541 393 699 3038 0 1 1 digging 
7 323 542 394 697 3039 0 1 1 digging 
7 325 543 395 696 3040 0 1 1 digging 
7 327 544 397 695 3041 0 1 0 digging 
7 328 540 398 692 3042 0 1 1 digging 
7 330 536 400 690 3043 0 1 1 digging 
7 331 533 401 688 3044 0 1 1 digging 
7 333 529 403 686 3045 0 1 1 digging 
7 334 526 404 684 3046 0 1 1 digging 
7 336 522 406 682 3047 0 1 1 digging 
7 337 518 407 680 3048 0 1 1 digging 
7 339 515 409 678 3049 0 1 1 digging 
7 340 511 410 676 3050 0 1 1 digging 
7 342 508 412 674 3051 0 1 0 digging 
7 342 508 412 674 3052 0 1 1 digging 
7 342 508 412 674 3053 0 1 1 digging 
7 342 508 412 674 3054 0 1 1 digging 
8 1068 524 1121 726 3035 0 0 0 digging 
8 1067 530 1120 732 3036 0 0 1 standing 
8 1066 537 1119 739 3037 0 0 1 standing 
8 1065 543 1118 746 3038 0 0 1 standing 
8 1064 550 1117 752 3039 0 0 1 standing 
8 1063 557 1116 759 3040 0 0 1 standing 
8 1062 563 1115 766 3041 0 0 1 standing 
8 1061 570 1114 772 3042 0 0 1 standing 
8 1060 576 1113 779 3043 0 0 1 standing 
8 1059 583 1112 786 3044 0 0 1 standing 
8 1059 590 1112 793 3045 0 0 0 standing 
8 1055 590 1111 793 3046 0 0 1 standing 
8 1052 590 1111 793 3047 0 0 1 standing 
8 1049 590 1110 793 3048 0 0 1 standing 
8 1045 590 1110 793 3049 0 0 1 standing 
8 1042 590 1109 793 3050 0 0 1 standing 
8 1039 591 1109 793 3051 0 0 0 standing 
8 1033 591 1106 793 3052 0 0 1 standing 
8 1027 591 1103 793 3053 0 0 1 standing 
8 1021 591 1100 793 3054 0 0 1 standing 
9 1239 587 1310 772 3035 0 0 0 standing 
9 1235 589 1307 774 3036 0 0 1 standing 
9 1232 592 1304 777 3037 0 0 1 standing 
9 1229 595 1301 779 3038 0 0 1 standing 
9 1226 598 1298 782 3039 0 0 0 standing 
9 1221 601 1293 784 3040 0 0 1 standing 
9 1216 604 1288 786 3041 0 0 1 standing 
9 1211 607 1284 788 3042 0 0 1 standing 
9 1207 610 1279 790 3043 0 0 1 standing 
9 1202 613 1274 792 3044 0 0 1 standing 
9 1197 616 1270 794 3045 0 0 1 standing 
9 1192 619 1265 796 3046 0 0 1 standing 
9 1188 622 1261 799 3047 0 0 0 standing 
9 1188 620 1263 795 3048 0 0 1 standing 
9 1189 618 1265 792 3049 0 0 1 standing 
9 1190 616 1267 789 3050 0 0 1 standing 
9 1191 614 1269 786 3051 0 0 0 standing 
9 1187 610 1266 781 3052 0 0 1 standing 
9 1183 607 1263 776 3053 0 0 1 standing 
9 1179 604 1260 771 3054 0 0 1 standing 
10 1215 476 1275 637 3035 0 0 0 standing 
10 1211 479 1272 637 3036 0 0 1 standing 
10 1208 482 1270 637 3037 0 0 1 standing 
10 1205 485 1268 637 3038 0 0 1 standing 
10 1202 488 1266 638 3039 0 0 0 standing 
10 1194 488 1260 639 3040 0 0 1 standing 
10 1187 489 1255 641 3041 0 0 1 standing 
10 1179 490 1250 642 3042 0 0 1 standing 
10 1172 490 1244 644 3043 0 0 1 standing 
10 1164 491 1239 645 3044 0 0 1 standing 
10 1157 492 1234 647 3045 0 0 0 standing 
10 1157 491 1232 646 3046 0 0 1 standing 
10 1157 491 1230 646 3047 0 0 1 standing 
10 1157 491 1229 646 3048 0 0 1 standing 
10 1157 490 1227 645 3049 0 0 1 standing 
10 1157 490 1225 645 3050 0 0 1 standing 
10 1158 490 1224 645 3051 0 0 0 standing 
10 1152 491 1217 646 3052 0 0 1 standing 
10 1147 493 1210 648 3053 0 0 1 standing 
10 1141 495 1203 650 3054 0 0 1 standing 
11 1430 631 1535 792 3035 0 0 0 standing 
11 1429 631 1534 792 3036 0 0 1 waiting 
11 1428 632 1533 793 3037 0 0 1 waiting 
11 1427 633 1532 794 3038 0 0 1 waiting 
11 1427 634 1532 795 3039 0 0 1 waiting 
11 1426 635 1531 796 3040 0 0 1 waiting 
11 1425 636 1530 797 3041 0 0 1 waiting 
11 1425 637 1530 798 3042 0 0 1 waiting 
11 1424 638 1529 799 3043 0 0 1 waiting 
11 1423 639 1528 800 3044 0 0 1 waiting 
11 1423 640 1528 801 3045 0 0 0 waiting 
11 1420 640 1525 800 3046 0 0 1 waiting 
11 1418 640 1523 800 3047 0 0 1 waiting 
11 1416 640 1520 800 3048 0 0 1 waiting 
11 1414 640 1518 800 3049 0 0 1 waiting 
11 1412 640 1515 800 3050 0 0 1 waiting 
11 1410 640 1513 800 3051 0 0 1 waiting 
11 1408 640 1510 800 3052 0 0 1 waiting 
11 1406 640 1508 800 3053 0 0 1 waiting 
11 1404 640 1505 800 3054 0 0 1 waiting 
