0 688 345 744 436 41930 0 1 0 standing 
0 688 345 744 436 41931 0 1 1 standing 
0 689 345 745 436 41932 0 1 1 standing 
0 690 345 746 437 41933 0 1 1 standing 
0 690 346 746 437 41934 0 1 1 standing 
0 691 346 747 438 41935 0 1 1 standing 
0 692 346 748 438 41936 0 1 1 standing 
0 692 347 748 438 41937 0 1 1 standing 
0 693 347 749 439 41938 0 1 1 standing 
0 694 347 750 439 41939 0 1 1 standing 
0 695 348 751 440 41940 0 1 0 standing 
0 695 346 751 439 41941 0 1 1 standing 
0 696 344 751 439 41942 0 1 1 standing 
0 697 342 751 438 41943 0 1 1 standing 
0 698 340 751 438 41944 0 1 1 standing 
0 699 339 751 438 41945 0 1 1 standing 
0 700 337 751 437 41946 0 1 1 standing 
0 701 335 751 437 41947 0 1 1 standing 
0 702 333 751 436 41948 0 1 1 standing 
0 703 331 751 436 41949 0 1 1 standing 
1 724 322 780 422 41930 0 1 0 standing 
1 724 323 781 423 41931 0 1 1 standing 
1 725 325 782 425 41932 0 1 1 standing 
1 726 326 783 426 41933 0 1 1 standing 
1 727 328 784 428 41934 0 1 1 standing 
1 728 329 785 429 41935 0 1 1 standing 
1 729 331 786 431 41936 0 1 1 standing 
1 730 332 787 432 41937 0 1 1 standing 
1 731 334 788 434 41938 0 1 1 standing 
1 732 335 789 435 41939 0 1 1 standing 
1 733 337 790 437 41940 0 1 0 standing 
1 733 337 790 437 41941 0 1 1 standing 
1 733 337 790 437 41942 0 1 1 standing 
1 733 337 790 437 41943 0 1 1 standing 
1 733 337 790 437 41944 0 1 1 standing 
1 733 337 790 437 41945 0 1 1 standing 
1 733 337 790 437 41946 0 1 1 standing 
1 733 337 790 437 41947 0 1 1 standing 
1 733 337 790 437 41948 0 1 1 standing 
1 733 337 790 437 41949 0 1 1 standing 
2 833 333 910 440 41930 0 1 0 standing 
2 833 333 911 440 41931 0 1 1 standing 
2 834 333 912 440 41932 0 1 1 standing 
2 835 334 913 441 41933 0 1 1 standing 
2 836 334 914 441 41934 0 1 1 standing 
2 837 335 915 442 41935 0 1 1 standing 
2 837 335 916 442 41936 0 1 1 standing 
2 838 335 917 442 41937 0 1 1 standing 
2 839 336 918 443 41938 0 1 1 standing 
2 840 336 919 443 41939 0 1 1 standing 
2 841 337 920 444 41940 0 1 0 standing 
2 839 337 919 444 41941 0 1 1 standing 
2 838 338 918 444 41942 0 1 1 standing 
2 837 338 917 445 41943 0 1 1 standing 
2 835 339 916 445 41944 0 1 1 standing 
2 834 339 915 445 41945 0 1 1 standing 
2 833 340 915 446 41946 0 1 0 standing 
2 830 339 907 446 41947 0 1 1 standing 
2 827 339 900 446 41948 0 1 1 standing 
2 824 338 892 446 41949 0 1 1 standing 
3 819 393 901 470 41930 0 1 0 standing 
3 818 391 901 469 41931 0 1 1 standing 
3 817 389 901 468 41932 0 1 1 standing 
3 816 387 901 467 41933 0 1 0 standing 
3 815 385 899 467 41934 0 1 1 standing 
3 814 383 897 467 41935 0 1 1 standing 
3 813 382 895 467 41936 0 1 1 standing 
3 812 380 893 467 41937 0 1 1 standing 
3 811 379 891 467 41938 0 1 1 standing 
3 810 377 889 467 41939 0 1 1 standing 
3 810 376 888 468 41940 0 1 0 standing 
3 808 374 884 467 41941 0 1 1 standing 
3 807 372 880 466 41942 0 1 1 standing 
3 806 370 877 465 41943 0 1 1 standing 
3 805 368 873 464 41944 0 1 1 standing 
3 804 367 870 464 41945 0 1 0 standing 
3 805 365 865 464 41946 0 1 1 standing 
3 806 364 861 464 41947 0 1 1 standing 
3 807 362 856 465 41948 0 1 1 standing 
3 808 361 852 465 41949 0 1 1 standing 
4 755 376 805 502 41930 0 1 0 standing 
4 755 374 805 500 41931 0 1 1 standing 
4 756 373 806 498 41932 0 1 1 standing 
4 757 372 806 497 41933 0 1 1 standing 
4 758 371 807 495 41934 0 1 1 standing 
4 759 369 807 493 41935 0 1 1 standing 
4 760 368 808 492 41936 0 1 1 standing 
4 761 367 808 490 41937 0 1 1 standing 
4 762 366 809 488 41938 0 1 1 standing 
4 763 365 810 487 41939 0 1 0 standing 
4 763 365 809 485 41940 0 1 1 standing 
4 763 365 808 484 41941 0 1 1 standing 
4 763 365 807 482 41942 0 1 1 standing 
4 763 365 806 481 41943 0 1 1 standing 
4 763 365 805 480 41944 0 1 1 standing 
4 763 365 804 478 41945 0 1 1 standing 
4 763 365 803 477 41946 0 1 1 standing 
4 763 365 802 476 41947 0 1 1 standing 
4 763 365 801 474 41948 0 1 1 standing 
4 763 365 800 473 41949 0 1 1 standing 
5 654 390 703 453 41930 0 1 0 standing 
5 654 387 706 452 41931 0 1 1 falling 
5 654 385 710 452 41932 0 1 1 falling 
5 655 383 714 452 41933 0 1 1 falling 
5 655 381 718 452 41934 0 1 1 falling 
5 655 379 722 452 41935 0 1 1 falling 
5 656 377 725 452 41936 0 1 1 falling 
5 656 375 729 452 41937 0 1 1 falling 
5 656 373 733 452 41938 0 1 1 falling 
5 657 371 737 452 41939 0 1 1 falling 
5 657 369 741 452 41940 0 1 1 falling 
5 658 367 745 452 41941 0 1 0 falling 
5 661 364 746 451 41942 0 1 1 falling 
5 664 362 747 450 41943 0 1 1 falling 
5 667 360 748 450 41944 0 1 1 falling 
5 670 357 749 449 41945 0 1 1 falling 
5 673 355 751 448 41946 0 1 1 falling 
5 676 353 752 448 41947 0 1 1 falling 
5 679 350 753 447 41948 0 1 1 falling 
5 682 348 754 446 41949 0 1 1 falling 
6 543 371 598 491 41930 0 0 0 falling 
6 541 372 597 492 41931 0 0 1 standing 
6 540 373 596 493 41932 0 0 1 standing 
6 538 374 596 494 41933 0 0 1 standing 
6 537 375 595 495 41934 0 0 1 standing 
6 535 376 594 496 41935 0 0 1 standing 
6 534 378 594 497 41936 0 0 0 standing 
6 532 378 591 497 41937 0 0 1 standing 
6 531 379 589 498 41938 0 0 1 standing 
6 530 380 586 499 41939 0 0 1 standing 
6 529 381 584 500 41940 0 0 0 standing 
6 525 381 577 501 41941 0 0 1 standing 
6 521 382 570 502 41942 0 0 1 standing 
6 517 382 563 503 41943 0 0 1 standing 
6 514 383 556 504 41944 0 0 0 standing 
6 510 383 555 505 41945 0 0 1 standing 
6 506 384 554 507 41946 0 0 1 standing 
6 503 385 553 509 41947 0 0 1 standing 
6 499 386 552 510 41948 0 0 1 standing 
6 495 387 551 512 41949 0 0 1 standing 
7 535 351 578 477 41930 0 0 0 standing 
7 531 351 577 478 41931 0 0 1 standing 
7 527 352 576 479 41932 0 0 1 standing 
7 524 353 576 480 41933 0 0 1 standing 
7 520 354 575 481 41934 0 0 1 standing 
7 517 355 575 482 41935 0 0 0 standing 
7 515 354 571 481 41936 0 0 1 standing 
7 513 353 568 480 41937 0 0 1 standing 
7 511 352 565 480 41938 0 0 1 standing 
7 509 351 562 479 41939 0 0 1 standing 
7 507 351 559 479 41940 0 0 0 standing 
7 505 351 556 479 41941 0 0 1 standing 
7 504 351 554 480 41942 0 0 1 standing 
7 503 351 552 480 41943 0 0 1 standing 
7 502 352 550 481 41944 0 0 0 standing 
7 497 352 548 481 41945 0 0 1 standing 
7 493 353 546 481 41946 0 0 1 standing 
7 489 353 544 481 41947 0 0 1 standing 
7 485 354 542 481 41948 0 0 1 standing 
7 481 354 540 481 41949 0 0 1 standing 
8 94 446 160 572 41930 0 0 0 standing 
8 93 445 158 571 41931 0 0 1 standing 
8 93 445 157 571 41932 0 0 1 standing 
8 93 445 155 571 41933 0 0 1 standing 
8 93 445 154 571 41934 0 0 1 standing 
8 93 445 152 571 41935 0 0 1 standing 
8 93 445 151 571 41936 0 0 1 standing 
8 93 445 149 571 41937 0 0 1 standing 
8 93 445 148 571 41938 0 0 1 standing 
8 93 445 146 571 41939 0 0 1 standing 
8 93 445 145 571 41940 0 0 0 standing 
8 94 444 145 570 41941 0 0 1 standing 
8 95 443 145 570 41942 0 0 1 standing 
8 96 443 145 570 41943 0 0 1 standing 
8 97 442 146 569 41944 0 0 1 standing 
8 98 442 146 569 41945 0 0 1 standing 
8 99 441 146 569 41946 0 0 1 standing 
8 100 441 147 569 41947 0 0 0 standing 
8 101 440 148 566 41948 0 0 1 standing 
8 102 440 149 563 41949 0 0 1 standing 
9 363 483 408 614 41930 0 0 0 standing 
9 366 482 411 613 41931 0 0 1 standing 
9 369 482 415 613 41932 0 0 1 standing 
9 372 482 419 613 41933 0 0 1 standing 
9 375 482 423 612 41934 0 0 1 standing 
9 378 482 427 612 41935 0 0 1 standing 
9 381 482 430 612 41936 0 0 1 standing 
9 384 482 434 611 41937 0 0 1 standing 
9 387 482 438 611 41938 0 0 1 standing 
9 390 482 442 611 41939 0 0 1 standing 
9 393 482 446 611 41940 0 0 0 standing 
9 395 481 447 610 41941 0 0 1 standing 
9 398 481 449 610 41942 0 0 1 standing 
9 401 481 451 610 41943 0 0 1 standing 
9 404 480 453 610 41944 0 0 1 standing 
9 407 480 455 610 41945 0 0 1 standing 
9 410 480 457 610 41946 0 0 0 standing 
9 411 479 459 609 41947 0 0 1 standing 
9 413 478 462 609 41948 0 0 1 standing 
9 414 477 465 609 41949 0 0 1 standing 
10 458 312 492 421 41930 0 0 0 standing 
10 456 312 491 422 41931 0 0 1 standing 
10 454 313 490 424 41932 0 0 1 standing 
10 453 314 489 426 41933 0 0 1 standing 
10 451 315 488 428 41934 0 0 1 standing 
10 450 316 488 430 41935 0 0 1 standing 
10 448 316 487 432 41936 0 0 1 standing 
10 446 317 486 434 41937 0 0 1 standing 
10 445 318 485 436 41938 0 0 1 standing 
10 443 319 484 438 41939 0 0 1 standing 
10 442 320 484 440 41940 0 0 0 standing 
10 441 320 483 440 41941 0 0 1 standing 
10 441 320 483 440 41942 0 0 1 standing 
10 440 320 482 440 41943 0 0 1 standing 
10 440 321 482 441 41944 0 0 1 standing 
10 439 321 481 441 41945 0 0 1 standing 
10 439 321 481 441 41946 0 0 1 standing 
10 438 322 480 442 41947 0 0 1 standing 
10 438 322 480 442 41948 0 0 1 standing 
10 437 322 479 442 41949 0 0 1 standing 
11 330 300 369 410 41930 0 0 0 standing 
11 331 300 370 410 41931 0 0 1 standing 
11 332 301 371 411 41932 0 0 1 standing 
11 334 301 373 412 41933 0 0 1 standing 
11 335 302 374 412 41934 0 0 1 standing 
11 337 303 376 413 41935 0 0 1 standing 
11 338 303 377 414 41936 0 0 1 standing 
11 339 304 378 414 41937 0 0 1 standing 
11 341 304 380 415 41938 0 0 1 standing 
11 342 305 381 416 41939 0 0 1 standing 
11 344 306 383 417 41940 0 0 0 standing 
11 344 306 383 417 41941 0 0 1 standing 
11 344 307 383 418 41942 0 0 1 standing 
11 344 308 383 419 41943 0 0 1 standing 
11 344 308 383 419 41944 0 0 1 standing 
11 344 309 383 420 41945 0 0 1 standing 
11 344 310 383 421 41946 0 0 1 standing 
11 344 310 383 421 41947 0 0 1 standing 
11 344 311 383 422 41948 0 0 1 standing 
11 344 312 383 423 41949 0 0 1 standing 
