0 242 380 312 539 41525 0 1 0 standing 
0 247 379 315 538 41526 0 1 1 standing 
0 252 379 318 538 41527 0 1 1 standing 
0 257 378 321 537 41528 0 1 1 standing 
0 262 378 324 537 41529 0 1 1 standing 
0 267 378 328 536 41530 0 1 1 standing 
0 272 377 331 536 41531 0 1 1 standing 
0 277 377 334 535 41532 0 1 1 standing 
0 282 376 337 535 41533 0 1 1 standing 
0 287 376 340 534 41534 0 1 1 standing 
0 292 376 344 534 41535 0 1 0 standing 
0 295 375 346 533 41536 0 1 1 standing 
0 299 375 349 533 41537 0 1 1 standing 
0 302 375 351 533 41538 0 1 1 standing 
0 306 375 354 533 41539 0 1 1 standing 
0 310 375 357 533 41540 0 1 1 standing 
0 313 375 359 532 41541 0 1 1 standing 
0 317 375 362 532 41542 0 1 1 standing 
0 320 375 364 532 41543 0 1 1 standing 
0 324 375 367 532 41544 0 1 1 standing 
1 311 403 375 559 41525 0 1 0 standing 
1 311 402 375 558 41526 0 1 1 standing 
1 312 402 376 558 41527 0 1 1 standing 
1 313 402 377 558 41528 0 1 1 standing 
1 314 402 378 558 41529 0 1 1 standing 
1 315 402 379 558 41530 0 1 1 standing 
1 315 402 379 558 41531 0 1 1 standing 
1 316 402 380 558 41532 0 1 1 standing 
1 317 402 381 558 41533 0 1 1 standing 
1 318 402 382 558 41534 0 1 1 standing 
1 319 402 383 558 41535 0 1 0 standing 
1 321 401 385 556 41536 0 1 1 standing 
1 323 400 387 555 41537 0 1 1 standing 
1 325 400 389 554 41538 0 1 1 standing 
1 327 399 391 552 41539 0 1 1 standing 
1 330 399 393 551 41540 0 1 1 standing 
1 332 398 395 550 41541 0 1 1 standing 
1 334 397 397 548 41542 0 1 1 standing 
1 336 397 399 547 41543 0 1 1 standing 
1 338 396 401 546 41544 0 1 1 standing 
2 351 404 400 506 41525 0 1 0 standing 
2 350 403 399 505 41526 0 1 1 standing 
2 350 403 399 505 41527 0 1 1 standing 
2 350 402 399 504 41528 0 1 1 standing 
2 349 402 398 504 41529 0 1 1 standing 
2 349 401 398 503 41530 0 1 1 standing 
2 349 401 398 503 41531 0 1 1 standing 
2 348 400 397 502 41532 0 1 1 standing 
2 348 400 397 502 41533 0 1 1 standing 
2 348 399 397 501 41534 0 1 1 standing 
2 348 399 397 501 41535 0 1 0 standing 
2 348 399 397 501 41536 0 1 1 standing 
2 348 399 397 501 41537 0 1 1 standing 
2 348 399 397 501 41538 0 1 1 standing 
2 348 399 397 501 41539 0 1 1 standing 
2 348 399 397 501 41540 0 1 1 standing 
2 348 399 397 501 41541 0 1 1 standing 
2 348 399 397 501 41542 0 1 1 standing 
2 348 399 397 501 41543 0 1 1 standing 
2 348 399 397 501 41544 0 1 1 standing 
3 398 377 446 532 41525 0 1 0 standing 
3 398 377 446 532 41526 0 1 1 standing 
3 399 377 447 532 41527 0 1 1 standing 
3 400 377 448 532 41528 0 1 1 standing 
3 401 377 449 532 41529 0 1 1 standing 
3 402 377 450 532 41530 0 1 1 standing 
3 403 377 451 532 41531 0 1 1 standing 
3 404 377 452 532 41532 0 1 1 standing 
3 405 377 453 532 41533 0 1 1 standing 
3 406 377 454 532 41534 0 1 1 standing 
3 407 377 455 532 41535 0 1 0 standing 
3 406 377 454 532 41536 0 1 1 standing 
3 406 377 454 532 41537 0 1 1 standing 
3 406 377 454 532 41538 0 1 1 standing 
3 405 377 453 532 41539 0 1 1 standing 
3 405 377 453 532 41540 0 1 1 standing 
3 405 377 453 532 41541 0 1 1 standing 
3 404 377 452 532 41542 0 1 1 standing 
3 404 377 452 532 41543 0 1 1 standing 
3 404 377 452 532 41544 0 1 1 standing 
4 435 342 483 503 41525 0 1 0 standing 
4 434 343 482 504 41526 0 1 1 standing 
4 433 344 481 505 41527 0 1 1 standing 
4 432 345 480 506 41528 0 1 1 standing 
4 431 347 479 508 41529 0 1 1 standing 
4 430 348 478 509 41530 0 1 1 standing 
4 429 349 477 510 41531 0 1 1 standing 
4 428 351 476 512 41532 0 1 1 standing 
4 427 352 475 513 41533 0 1 1 standing 
4 426 353 474 514 41534 0 1 1 standing 
4 426 355 474 516 41535 0 1 0 standing 
4 424 355 472 516 41536 0 1 1 standing 
4 423 355 471 516 41537 0 1 1 standing 
4 422 356 470 517 41538 0 1 1 standing 
4 421 356 469 517 41539 0 1 1 standing 
4 420 357 468 518 41540 0 1 1 standing 
4 418 357 466 518 41541 0 1 1 standing 
4 417 357 465 518 41542 0 1 1 standing 
4 416 358 464 519 41543 0 1 1 standing 
4 415 358 463 519 41544 0 1 1 standing 
5 466 394 522 551 41525 0 1 0 standing 
5 463 393 519 549 41526 0 1 1 standing 
5 460 393 516 547 41527 0 1 1 standing 
5 457 392 513 546 41528 0 1 1 standing 
5 454 392 510 544 41529 0 1 1 standing 
5 451 392 507 543 41530 0 1 1 standing 
5 448 391 504 541 41531 0 1 1 standing 
5 445 391 501 539 41532 0 1 1 standing 
5 442 390 498 538 41533 0 1 1 standing 
5 439 390 495 536 41534 0 1 1 standing 
5 437 390 492 535 41535 0 1 0 standing 
5 434 389 490 534 41536 0 1 1 standing 
5 431 389 489 534 41537 0 1 1 standing 
5 428 389 488 534 41538 0 1 1 standing 
5 425 389 486 534 41539 0 1 1 standing 
5 422 389 485 534 41540 0 1 1 standing 
5 419 389 484 533 41541 0 1 1 standing 
5 416 389 482 533 41542 0 1 1 standing 
5 413 389 481 533 41543 0 1 1 standing 
5 410 389 480 533 41544 0 1 1 standing 
6 1065 365 1124 520 41525 0 0 0 standing 
6 1067 363 1126 521 41526 0 0 1 standing 
6 1069 361 1128 522 41527 0 0 1 standing 
6 1071 360 1130 523 41528 0 0 0 standing 
6 1069 360 1131 523 41529 0 0 1 standing 
6 1067 361 1132 523 41530 0 0 1 standing 
6 1065 362 1134 523 41531 0 0 1 standing 
6 1063 363 1135 523 41532 0 0 1 standing 
6 1061 364 1136 523 41533 0 0 1 standing 
6 1059 365 1138 523 41534 0 0 0 standing 
6 1056 365 1139 523 41535 0 0 1 standing 
6 1054 365 1140 523 41536 0 0 1 standing 
6 1052 365 1142 523 41537 0 0 0 standing 
6 1052 365 1140 524 41538 0 0 1 standing 
6 1053 365 1139 525 41539 0 0 1 standing 
6 1054 365 1138 527 41540 0 0 0 standing 
6 1054 364 1133 527 41541 0 0 1 standing 
6 1055 364 1128 528 41542 0 0 1 standing 
6 1055 363 1123 528 41543 0 0 1 standing 
6 1056 363 1118 529 41544 0 0 1 standing 
7 930 476 1058 556 41525 0 0 0 standing 
7 932 476 1062 556 41526 0 0 1 falling 
7 934 476 1067 556 41527 0 0 1 falling 
7 937 477 1072 556 41528 0 0 0 falling 
7 939 476 1070 556 41529 0 0 1 falling 
7 941 476 1068 557 41530 0 0 1 falling 
7 944 476 1066 558 41531 0 0 0 falling 
7 944 475 1064 560 41532 0 0 1 falling 
7 944 474 1062 562 41533 0 0 1 falling 
7 945 474 1060 564 41534 0 0 0 falling 
7 948 473 1059 562 41535 0 0 1 falling 
7 952 472 1058 561 41536 0 0 1 falling 
7 956 472 1058 560 41537 0 0 0 falling 
7 960 469 1059 561 41538 0 0 1 falling 
7 964 467 1060 562 41539 0 0 1 falling 
7 968 465 1062 564 41540 0 0 0 falling 
7 973 461 1064 564 41541 0 0 1 falling 
7 978 458 1066 565 41542 0 0 1 falling 
7 983 455 1068 566 41543 0 0 1 falling 
7 988 452 1070 567 41544 0 0 1 falling 
8 821 332 892 484 41525 0 0 0 falling 
8 822 334 896 484 41526 0 0 1 standing 
8 824 336 901 484 41527 0 0 1 standing 
8 826 338 906 484 41528 0 0 0 standing 
8 829 337 910 485 41529 0 0 1 standing 
8 832 337 914 486 41530 0 0 1 standing 
8 836 337 918 487 41531 0 0 0 standing 
8 841 335 920 487 41532 0 0 1 standing 
8 846 333 923 487 41533 0 0 1 standing 
8 852 332 926 487 41534 0 0 0 standing 
8 858 331 929 487 41535 0 0 1 standing 
8 864 330 932 487 41536 0 0 1 standing 
8 870 330 936 488 41537 0 0 0 standing 
8 872 331 938 490 41538 0 0 1 standing 
8 874 333 941 492 41539 0 0 1 standing 
8 877 335 944 494 41540 0 0 0 standing 
8 878 336 946 495 41541 0 0 1 standing 
8 880 337 948 497 41542 0 0 1 standing 
8 881 338 951 499 41543 0 0 1 standing 
8 883 339 953 501 41544 0 0 1 standing 
9 694 398 761 576 41525 0 0 0 standing 
9 697 399 764 577 41526 0 0 1 standing 
9 700 400 767 578 41527 0 0 1 standing 
9 703 401 770 579 41528 0 0 0 standing 
9 707 401 774 579 41529 0 0 1 standing 
9 711 401 778 579 41530 0 0 1 standing 
9 715 401 782 579 41531 0 0 0 standing 
9 717 400 784 580 41532 0 0 1 standing 
9 720 400 787 581 41533 0 0 1 standing 
9 723 400 790 582 41534 0 0 0 standing 
9 728 400 799 581 41535 0 0 1 standing 
9 733 400 808 580 41536 0 0 1 standing 
9 739 400 817 580 41537 0 0 0 standing 
9 741 400 823 579 41538 0 0 1 standing 
9 743 400 829 579 41539 0 0 1 standing 
9 746 400 836 579 41540 0 0 0 standing 
9 747 401 839 580 41541 0 0 1 standing 
9 748 402 842 581 41542 0 0 1 standing 
9 750 403 845 582 41543 0 0 0 standing 
9 750 403 845 582 41544 0 0 1 standing 
10 632 382 695 540 41525 0 0 0 standing 
10 635 381 701 540 41526 0 0 1 standing 
10 639 381 708 540 41527 0 0 1 standing 
10 643 381 715 540 41528 0 0 0 standing 
10 644 381 721 540 41529 0 0 1 standing 
10 645 382 727 541 41530 0 0 1 standing 
10 647 383 733 542 41531 0 0 0 standing 
10 649 383 734 542 41532 0 0 1 standing 
10 652 383 735 542 41533 0 0 1 standing 
10 655 383 737 542 41534 0 0 0 standing 
10 662 381 742 541 41535 0 0 1 standing 
10 670 380 747 540 41536 0 0 1 standing 
10 678 379 752 539 41537 0 0 0 standing 
10 684 379 758 539 41538 0 0 1 standing 
10 690 379 765 539 41539 0 0 1 standing 
10 697 379 772 539 41540 0 0 0 standing 
10 701 380 776 539 41541 0 0 1 standing 
10 706 381 780 540 41542 0 0 1 standing 
10 711 382 784 540 41543 0 0 1 standing 
10 716 383 788 541 41544 0 0 1 standing 
11 661 343 716 494 41525 0 0 0 standing 
11 663 342 718 493 41526 0 0 1 standing 
11 666 342 721 493 41527 0 0 1 standing 
11 669 342 724 493 41528 0 0 0 standing 
11 672 342 727 493 41529 0 0 1 standing 
11 676 342 731 493 41530 0 0 1 standing 
11 680 342 735 493 41531 0 0 0 standing 
11 684 342 738 493 41532 0 0 1 standing 
11 689 343 742 493 41533 0 0 1 standing 
11 694 344 746 494 41534 0 0 0 standing 
11 698 347 750 498 41535 0 0 1 standing 
11 702 351 754 502 41536 0 0 1 standing 
11 706 355 758 506 41537 0 0 0 standing 
11 709 355 761 506 41538 0 0 1 standing 
11 713 355 765 506 41539 0 0 1 standing 
11 717 355 769 506 41540 0 0 0 standing 
11 720 355 772 506 41541 0 0 1 standing 
11 724 356 776 507 41542 0 0 1 standing 
11 728 356 779 507 41543 0 0 1 standing 
11 732 357 783 508 41544 0 0 1 standing 
