0 971 415 1070 528 39055 0 0 0 moving 
0 987 416 1072 529 39056 0 0 1 moving 
0 1003 417 1075 531 39057 0 0 1 moving 
0 1019 419 1078 533 39058 0 0 0 moving 
0 1022 418 1081 534 39059 0 0 1 moving 
0 1026 417 1085 535 39060 0 0 1 moving 
0 1029 417 1088 537 39061 0 0 1 moving 
0 1033 416 1092 538 39062 0 0 1 moving 
0 1037 415 1096 539 39063 0 0 1 moving 
0 1040 415 1099 541 39064 0 0 1 moving 
0 1044 414 1103 542 39065 0 0 1 moving 
0 1048 414 1107 544 39066 0 0 0 moving 
0 1044 415 1104 544 39067 0 0 1 moving 
0 1041 417 1102 545 39068 0 0 1 moving 
0 1038 418 1099 546 39069 0 0 1 moving 
0 1035 420 1097 547 39070 0 0 0 moving 
0 1027 421 1090 547 39071 0 0 1 moving 
0 1020 422 1084 547 39072 0 0 1 moving 
0 1013 423 1078 547 39073 0 0 1 moving 
0 1006 424 1072 547 39074 0 0 1 moving 
1 802 384 839 492 39055 0 0 0 moving 
1 816 383 853 491 39056 0 0 1 standing 
1 831 383 868 491 39057 0 0 1 standing 
1 846 383 883 491 39058 0 0 0 standing 
1 855 383 892 491 39059 0 0 1 standing 
1 864 383 901 491 39060 0 0 1 standing 
1 874 383 911 491 39061 0 0 1 standing 
1 883 383 920 491 39062 0 0 1 standing 
1 893 383 930 491 39063 0 0 1 standing 
1 902 383 939 491 39064 0 0 1 standing 
1 912 383 949 491 39065 0 0 0 standing 
1 915 382 952 490 39066 0 0 1 standing 
1 919 382 956 490 39067 0 0 1 standing 
1 922 382 960 490 39068 0 0 1 standing 
1 926 382 964 490 39069 0 0 0 standing 
1 924 382 963 490 39070 0 0 1 standing 
1 923 383 962 491 39071 0 0 1 standing 
1 921 384 961 491 39072 0 0 1 standing 
1 920 384 960 492 39073 0 0 1 standing 
1 918 385 959 492 39074 0 0 1 standing 
2 608 354 653 447 39055 0 0 0 standing 
2 622 352 667 444 39056 0 0 1 standing 
2 636 351 681 442 39057 0 0 1 standing 
2 650 350 695 440 39058 0 0 0 standing 
2 660 349 705 438 39059 0 0 1 standing 
2 671 348 716 436 39060 0 0 1 standing 
2 682 347 726 435 39061 0 0 1 standing 
2 693 346 737 433 39062 0 0 1 standing 
2 704 345 748 432 39063 0 0 0 standing 
2 706 344 752 430 39064 0 0 1 standing 
2 708 343 757 429 39065 0 0 1 standing 
2 710 343 762 428 39066 0 0 1 standing 
2 712 342 767 427 39067 0 0 1 standing 
2 714 341 772 426 39068 0 0 1 standing 
2 717 341 777 425 39069 0 0 0 standing 
2 715 341 775 425 39070 0 0 1 standing 
2 713 341 773 425 39071 0 0 1 standing 
2 712 341 771 425 39072 0 0 1 standing 
2 710 341 769 426 39073 0 0 1 standing 
2 708 341 767 426 39074 0 0 1 standing 
3 502 408 557 528 39055 0 0 1 standing 
3 518 408 573 527 39056 0 0 1 standing 
3 534 408 590 526 39057 0 0 1 standing 
3 551 408 607 525 39058 0 0 0 standing 
3 561 407 617 523 39059 0 0 1 standing 
3 571 406 628 521 39060 0 0 1 standing 
3 581 405 638 519 39061 0 0 1 standing 
3 591 404 649 517 39062 0 0 1 standing 
3 602 403 660 515 39063 0 0 0 standing 
3 606 401 664 514 39064 0 0 1 standing 
3 610 400 669 513 39065 0 0 1 standing 
3 614 398 673 513 39066 0 0 1 standing 
3 618 397 678 512 39067 0 0 1 standing 
3 623 396 683 512 39068 0 0 0 standing 
3 623 397 683 510 39069 0 0 1 standing 
3 623 398 684 508 39070 0 0 1 standing 
3 623 399 685 506 39071 0 0 1 standing 
3 624 400 686 505 39072 0 0 0 standing 
3 619 401 682 503 39073 0 0 1 standing 
3 615 402 678 501 39074 0 0 1 standing 
4 354 440 417 565 39055 0 0 1 standing 
4 367 437 428 561 39056 0 0 1 moving 
4 379 433 439 558 39057 0 0 1 moving 
4 392 430 450 554 39058 0 0 1 moving 
4 405 427 462 551 39059 0 0 0 moving 
4 414 423 470 544 39060 0 0 1 moving 
4 424 420 479 538 39061 0 0 1 moving 
4 434 417 488 531 39062 0 0 1 moving 
4 444 413 497 525 39063 0 0 1 moving 
4 454 410 506 518 39064 0 0 1 moving 
4 464 407 515 512 39065 0 0 0 moving 
4 465 405 518 514 39066 0 0 1 moving 
4 466 404 521 517 39067 0 0 1 moving 
4 468 403 525 520 39068 0 0 0 moving 
4 467 401 525 516 39069 0 0 1 moving 
4 467 399 525 512 39070 0 0 1 moving 
4 467 398 525 509 39071 0 0 1 moving 
4 467 396 525 505 39072 0 0 1 moving 
4 467 395 525 502 39073 0 0 0 moving 
4 464 395 523 501 39074 0 0 1 moving 
5 326 347 391 445 39055 0 1 0 moving 
5 338 347 404 443 39056 0 1 1 digging 
5 351 348 418 441 39057 0 1 1 digging 
5 364 348 432 439 39058 0 1 1 digging 
5 377 349 446 437 39059 0 1 0 digging 
5 385 346 455 435 39060 0 1 1 digging 
5 393 344 464 434 39061 0 1 1 digging 
5 402 342 474 432 39062 0 1 1 digging 
5 410 340 483 431 39063 0 1 1 digging 
5 418 338 492 429 39064 0 1 1 digging 
5 427 336 502 428 39065 0 1 0 digging 
5 430 334 503 425 39066 0 1 1 digging 
5 433 332 505 423 39067 0 1 1 digging 
5 436 330 506 421 39068 0 1 1 digging 
5 439 328 508 419 39069 0 1 0 digging 
5 437 326 503 417 39070 0 1 1 digging 
5 435 324 499 415 39071 0 1 1 digging 
5 434 322 495 413 39072 0 1 1 digging 
5 432 320 490 411 39073 0 1 1 digging 
5 430 318 486 409 39074 0 1 1 digging 
6 198 433 257 547 39055 0 0 1 digging 
6 214 430 273 544 39056 0 0 1 standing 
6 230 428 289 542 39057 0 0 0 standing 
6 241 426 299 539 39058 0 0 1 standing 
6 252 424 310 537 39059 0 0 1 standing 
6 264 422 321 535 39060 0 0 1 standing 
6 275 420 332 533 39061 0 0 1 standing 
6 287 418 343 531 39062 0 0 0 standing 
6 293 416 348 529 39063 0 0 1 standing 
6 299 414 353 527 39064 0 0 1 standing 
6 306 413 359 526 39065 0 0 0 standing 
6 309 413 362 526 39066 0 0 1 standing 
6 312 413 365 526 39067 0 0 1 standing 
6 315 413 368 526 39068 0 0 0 standing 
6 313 413 366 526 39069 0 0 1 standing 
6 311 413 364 526 39070 0 0 1 standing 
6 310 413 363 526 39071 0 0 1 standing 
6 308 413 361 526 39072 0 0 1 standing 
6 306 413 359 526 39073 0 0 1 standing 
6 305 414 358 527 39074 0 0 0 standing 
7 749 388 798 500 39055 0 0 0 standing 
7 761 386 810 498 39056 0 0 1 standing 
7 773 385 822 497 39057 0 0 1 standing 
7 786 383 835 495 39058 0 0 1 standing 
7 798 382 847 494 39059 0 0 1 standing 
7 811 381 860 493 39060 0 0 0 standing 
7 817 380 866 492 39061 0 0 1 standing 
7 823 380 872 492 39062 0 0 1 standing 
7 829 380 878 492 39063 0 0 1 standing 
7 835 380 884 492 39064 0 0 1 standing 
7 842 380 891 492 39065 0 0 0 standing 
7 840 378 889 490 39066 0 0 1 standing 
7 839 376 888 488 39067 0 0 1 standing 
7 838 374 887 486 39068 0 0 1 standing 
7 836 373 885 485 39069 0 0 1 standing 
7 835 371 884 483 39070 0 0 1 standing 
7 834 369 883 481 39071 0 0 1 standing 
7 832 368 881 480 39072 0 0 1 standing 
7 831 366 880 478 39073 0 0 1 standing 
7 830 364 879 476 39074 0 0 1 standing 
8 606 379 658 493 39055 0 0 0 standing 
8 618 376 670 490 39056 0 0 1 blocking 
8 631 373 683 487 39057 0 0 1 blocking 
8 643 370 695 484 39058 0 0 1 blocking 
8 656 368 708 482 39059 0 0 0 blocking 
8 664 368 716 482 39060 0 0 1 blocking 
8 673 369 725 483 39061 0 0 1 blocking 
8 682 370 734 484 39062 0 0 1 blocking 
8 690 370 742 484 39063 0 0 1 blocking 
8 699 371 751 485 39064 0 0 1 blocking 
8 708 372 760 486 39065 0 0 0 blocking 
8 709 371 760 486 39066 0 0 1 blocking 
8 710 370 760 487 39067 0 0 1 blocking 
8 712 369 761 488 39068 0 0 1 blocking 
8 713 368 761 489 39069 0 0 1 blocking 
8 715 368 762 490 39070 0 0 0 blocking 
8 712 367 758 491 39071 0 0 1 blocking 
8 710 366 755 492 39072 0 0 1 blocking 
8 708 365 752 493 39073 0 0 1 blocking 
8 706 364 749 494 39074 0 0 1 blocking 
9 397 476 468 609 39055 0 0 0 blocking 
9 402 473 471 608 39056 0 0 1 standing 
9 408 471 475 608 39057 0 0 1 standing 
9 413 469 478 607 39058 0 0 1 standing 
9 419 467 482 607 39059 0 0 1 standing 
9 425 465 486 607 39060 0 0 0 standing 
9 428 468 487 608 39061 0 0 1 standing 
9 431 472 488 610 39062 0 0 1 standing 
9 434 475 490 611 39063 0 0 1 standing 
9 437 479 491 613 39064 0 0 1 standing 
9 440 483 493 615 39065 0 0 0 standing 
9 432 483 490 618 39066 0 0 1 standing 
9 425 483 488 621 39067 0 0 1 standing 
9 417 483 486 624 39068 0 0 1 standing 
9 410 483 484 627 39069 0 0 1 standing 
9 403 484 482 631 39070 0 0 0 standing 
9 397 485 475 632 39071 0 0 1 standing 
9 391 487 468 634 39072 0 0 1 standing 
9 385 489 461 635 39073 0 0 1 standing 
9 379 491 454 637 39074 0 0 1 standing 
10 238 372 290 468 39055 0 0 0 standing 
10 247 370 303 465 39056 0 0 1 moving 
10 256 368 316 462 39057 0 0 1 moving 
10 265 366 330 459 39058 0 0 0 moving 
10 275 364 338 457 39059 0 0 1 moving 
10 285 363 346 455 39060 0 0 1 moving 
10 296 361 355 453 39061 0 0 1 moving 
10 306 360 363 451 39062 0 0 1 moving 
10 316 358 371 449 39063 0 0 1 moving 
10 327 357 380 447 39064 0 0 0 moving 
10 327 355 377 445 39065 0 0 1 moving 
10 327 354 375 444 39066 0 0 1 moving 
10 327 353 373 442 39067 0 0 1 moving 
10 327 351 370 441 39068 0 0 1 moving 
10 327 350 368 439 39069 0 0 1 moving 
10 327 349 366 438 39070 0 0 0 moving 
10 321 349 363 438 39071 0 0 1 moving 
10 316 349 360 438 39072 0 0 1 moving 
10 310 349 357 438 39073 0 0 1 moving 
10 305 349 354 438 39074 0 0 1 moving 
11 619 403 672 509 39055 0 0 0 moving 
11 631 405 685 512 39056 0 0 1 standing 
11 644 407 699 515 39057 0 0 1 standing 
11 657 409 713 518 39058 0 0 0 standing 
11 666 408 721 518 39059 0 0 1 standing 
11 676 407 730 519 39060 0 0 1 standing 
11 685 406 738 520 39061 0 0 1 standing 
11 695 406 747 521 39062 0 0 0 standing 
11 701 405 752 521 39063 0 0 1 standing 
11 707 404 757 522 39064 0 0 1 standing 
11 713 404 762 523 39065 0 0 0 standing 
11 712 404 761 523 39066 0 0 1 standing 
11 712 405 761 524 39067 0 0 1 standing 
11 711 406 760 525 39068 0 0 1 standing 
11 711 407 760 526 39069 0 0 1 standing 
11 710 408 759 527 39070 0 0 1 standing 
11 710 409 759 528 39071 0 0 0 standing 
11 707 409 756 528 39072 0 0 1 standing 
11 704 410 753 529 39073 0 0 1 standing 
11 701 410 750 529 39074 0 0 1 standing 
