0 1382 470 1452 677 22255 0 1 0 spiking 
0 1383 470 1453 677 22256 0 1 1 spiking 
0 1384 470 1454 677 22257 0 1 1 spiking 
0 1386 470 1456 678 22258 0 1 1 spiking 
0 1387 470 1457 678 22259 0 1 1 spiking 
0 1389 470 1459 679 22260 0 1 1 spiking 
0 1390 470 1460 679 22261 0 1 1 spiking 
0 1392 470 1462 680 22262 0 1 0 spiking 
0 1391 490 1461 684 22263 0 1 1 spiking 
0 1390 510 1460 688 22264 0 1 1 spiking 
0 1390 530 1460 693 22265 0 1 0 spiking 
0 1392 539 1462 702 22266 0 1 1 spiking 
0 1394 548 1465 712 22267 0 1 1 spiking 
0 1396 557 1468 721 22268 0 1 1 spiking 
0 1399 566 1471 731 22269 0 1 0 spiking 
0 1404 575 1475 734 22270 0 1 1 spiking 
0 1409 585 1480 737 22271 0 1 1 spiking 
0 1414 595 1484 741 22272 0 1 1 spiking 
0 1419 605 1489 744 22273 0 1 1 spiking 
0 1424 615 1493 747 22274 0 1 1 spiking 
1 1001 582 1057 732 22255 0 1 0 spiking 
1 1008 571 1064 728 22256 0 1 1 blocking 
1 1016 560 1072 724 22257 0 1 1 blocking 
1 1024 549 1079 720 22258 0 1 1 blocking 
1 1032 538 1087 716 22259 0 1 1 blocking 
1 1040 527 1095 713 22260 0 1 1 blocking 
1 1048 516 1102 709 22261 0 1 1 blocking 
1 1056 505 1110 705 22262 0 1 1 blocking 
1 1064 494 1117 701 22263 0 1 1 blocking 
1 1072 483 1125 697 22264 0 1 1 blocking 
1 1080 473 1133 694 22265 0 1 0 blocking 
1 1085 480 1139 698 22266 0 1 1 blocking 
1 1090 488 1145 703 22267 0 1 1 blocking 
1 1095 496 1151 708 22268 0 1 1 blocking 
1 1100 504 1158 713 22269 0 1 1 blocking 
1 1106 512 1164 718 22270 0 1 1 blocking 
1 1111 519 1170 722 22271 0 1 1 blocking 
1 1116 527 1177 727 22272 0 1 1 blocking 
1 1121 535 1183 732 22273 0 1 1 blocking 
1 1126 543 1189 737 22274 0 1 1 blocking 
2 1011 529 1063 696 22255 0 1 0 blocking 
2 1018 516 1070 690 22256 0 1 1 blocking 
2 1026 504 1078 684 22257 0 1 1 blocking 
2 1033 492 1086 678 22258 0 1 1 blocking 
2 1041 480 1094 672 22259 0 1 1 blocking 
2 1048 468 1102 666 22260 0 1 1 blocking 
2 1056 456 1110 661 22261 0 1 0 blocking 
2 1063 458 1118 655 22262 0 1 1 blocking 
2 1071 461 1127 650 22263 0 1 1 blocking 
2 1079 464 1136 645 22264 0 1 1 blocking 
2 1087 467 1145 640 22265 0 1 0 blocking 
2 1092 474 1150 647 22266 0 1 1 blocking 
2 1098 481 1156 654 22267 0 1 1 blocking 
2 1104 488 1162 661 22268 0 1 1 blocking 
2 1109 495 1167 668 22269 0 1 1 blocking 
2 1115 502 1173 675 22270 0 1 1 blocking 
2 1121 509 1179 682 22271 0 1 1 blocking 
2 1126 516 1184 689 22272 0 1 1 blocking 
2 1132 523 1190 696 22273 0 1 1 blocking 
2 1138 530 1196 703 22274 0 1 1 blocking 
3 1103 535 1152 673 22255 0 0 0 blocking 
3 1109 534 1157 671 22256 0 0 1 standing 
3 1115 533 1162 670 22257 0 0 1 standing 
3 1122 532 1168 669 22258 0 0 0 standing 
3 1123 531 1173 668 22259 0 0 1 standing 
3 1124 530 1178 668 22260 0 0 1 standing 
3 1126 529 1183 668 22261 0 0 0 standing 
3 1131 529 1189 667 22262 0 0 1 standing 
3 1136 529 1195 666 22263 0 0 1 standing 
3 1142 529 1201 666 22264 0 0 0 standing 
3 1149 529 1208 666 22265 0 0 1 standing 
3 1156 529 1215 666 22266 0 0 1 standing 
3 1164 530 1222 666 22267 0 0 0 standing 
3 1169 532 1231 663 22268 0 0 1 standing 
3 1175 535 1241 660 22269 0 0 1 standing 
3 1181 538 1251 657 22270 0 0 0 standing 
3 1185 539 1254 656 22271 0 0 1 standing 
3 1190 540 1258 656 22272 0 0 1 standing 
3 1195 541 1261 655 22273 0 0 1 standing 
3 1200 542 1265 655 22274 0 0 1 standing 
4 1109 613 1198 752 22255 0 0 0 standing 
4 1114 616 1203 751 22256 0 0 1 falling 
4 1119 619 1208 751 22257 0 0 1 falling 
4 1125 622 1214 751 22258 0 0 0 falling 
4 1130 626 1218 751 22259 0 0 1 falling 
4 1135 630 1223 751 22260 0 0 1 falling 
4 1140 634 1228 752 22261 0 0 0 falling 
4 1144 635 1235 751 22262 0 0 1 falling 
4 1149 636 1242 750 22263 0 0 1 falling 
4 1154 637 1249 749 22264 0 0 0 falling 
4 1162 638 1256 748 22265 0 0 1 falling 
4 1171 639 1263 747 22266 0 0 1 falling 
4 1180 640 1270 747 22267 0 0 0 falling 
4 1185 641 1277 747 22268 0 0 1 falling 
4 1190 642 1285 748 22269 0 0 1 falling 
4 1196 643 1293 749 22270 0 0 0 falling 
4 1203 643 1298 749 22271 0 0 1 falling 
4 1211 644 1303 750 22272 0 0 1 falling 
4 1218 644 1308 750 22273 0 0 1 falling 
4 1226 645 1313 751 22274 0 0 1 falling 
5 1422 647 1533 813 22255 0 0 0 falling 
5 1429 645 1533 813 22256 0 0 1 standing 
5 1437 643 1533 813 22257 0 0 1 standing 
5 1445 641 1533 814 22258 0 0 0 standing 
5 1450 640 1536 813 22259 0 0 1 standing 
5 1456 640 1539 812 22260 0 0 1 standing 
5 1462 640 1543 812 22261 0 0 0 standing 
5 1469 638 1547 810 22262 0 0 1 standing 
5 1477 636 1551 808 22263 0 0 1 standing 
5 1485 634 1555 806 22264 0 0 0 standing 
5 1494 632 1559 801 22265 0 0 1 standing 
5 1504 630 1563 797 22266 0 0 1 standing 
5 1514 628 1567 793 22267 0 0 0 standing 
5 1511 630 1572 791 22268 0 0 1 standing 
5 1509 632 1577 790 22269 0 0 1 standing 
5 1507 634 1583 789 22270 0 0 0 standing 
5 1510 641 1587 789 22271 0 0 1 standing 
5 1513 648 1591 789 22272 0 0 1 standing 
5 1517 655 1596 789 22273 0 0 1 standing 
5 1520 662 1600 789 22274 0 0 1 standing 
6 1311 525 1390 642 22255 0 0 0 standing 
6 1314 522 1396 645 22256 0 0 1 spiking 
6 1317 520 1402 648 22257 0 0 1 spiking 
6 1321 518 1408 651 22258 0 0 0 spiking 
6 1329 516 1414 650 22259 0 0 1 spiking 
6 1337 515 1421 650 22260 0 0 1 spiking 
6 1345 514 1428 650 22261 0 0 0 spiking 
6 1352 515 1435 651 22262 0 0 1 spiking 
6 1359 516 1442 652 22263 0 0 1 spiking 
6 1367 517 1450 653 22264 0 0 0 spiking 
6 1375 518 1455 656 22265 0 0 1 spiking 
6 1383 519 1461 659 22266 0 0 1 spiking 
6 1391 520 1467 662 22267 0 0 0 spiking 
6 1399 524 1473 665 22268 0 0 1 spiking 
6 1407 528 1479 669 22269 0 0 1 spiking 
6 1415 532 1485 673 22270 0 0 0 spiking 
6 1419 535 1488 670 22271 0 0 1 spiking 
6 1423 538 1491 668 22272 0 0 1 spiking 
6 1427 541 1494 665 22273 0 0 1 spiking 
6 1431 544 1497 663 22274 0 0 1 spiking 
7 1216 455 1277 580 22255 0 0 0 spiking 
7 1221 455 1282 584 22256 0 0 1 moving 
7 1226 456 1288 588 22257 0 0 1 moving 
7 1231 457 1294 592 22258 0 0 0 moving 
7 1235 460 1297 595 22259 0 0 1 moving 
7 1239 463 1300 599 22260 0 0 1 moving 
7 1244 466 1303 603 22261 0 0 0 moving 
7 1245 470 1306 604 22262 0 0 1 moving 
7 1247 474 1310 605 22263 0 0 1 moving 
7 1249 478 1314 607 22264 0 0 0 moving 
7 1243 480 1317 607 22265 0 0 1 moving 
7 1237 482 1321 607 22266 0 0 1 moving 
7 1231 484 1325 607 22267 0 0 0 moving 
7 1235 485 1328 606 22268 0 0 1 moving 
7 1240 486 1332 605 22269 0 0 1 moving 
7 1245 487 1336 605 22270 0 0 0 moving 
7 1249 487 1340 605 22271 0 0 1 moving 
7 1253 488 1344 606 22272 0 0 1 moving 
7 1258 488 1348 606 22273 0 0 1 moving 
7 1262 489 1352 607 22274 0 0 1 moving 
8 796 656 884 805 22255 0 0 0 moving 
8 802 654 890 803 22256 0 0 1 standing 
8 808 653 896 802 22257 0 0 1 standing 
8 814 652 902 801 22258 0 0 0 standing 
8 821 648 908 799 22259 0 0 1 standing 
8 828 644 915 797 22260 0 0 1 standing 
8 835 640 922 795 22261 0 0 0 standing 
8 841 637 925 792 22262 0 0 1 standing 
8 847 635 928 790 22263 0 0 1 standing 
8 854 633 932 788 22264 0 0 0 standing 
8 855 634 943 788 22265 0 0 1 standing 
8 857 636 954 788 22266 0 0 1 standing 
8 859 638 965 788 22267 0 0 0 standing 
8 864 644 972 788 22268 0 0 1 standing 
8 869 651 979 789 22269 0 0 1 standing 
8 875 658 987 790 22270 0 0 0 standing 
8 881 662 993 789 22271 0 0 1 standing 
8 888 666 999 789 22272 0 0 1 standing 
8 895 670 1006 789 22273 0 0 0 standing 
8 895 670 1006 789 22274 0 0 1 standing 
9 547 508 606 608 22255 0 0 0 standing 
9 553 507 611 610 22256 0 0 1 standing 
9 559 506 617 613 22257 0 0 1 standing 
9 565 505 623 616 22258 0 0 0 standing 
9 570 501 626 615 22259 0 0 1 standing 
9 575 497 629 614 22260 0 0 1 standing 
9 580 494 633 614 22261 0 0 0 standing 
9 586 494 639 614 22262 0 0 1 standing 
9 592 494 645 614 22263 0 0 1 standing 
9 599 494 652 615 22264 0 0 0 standing 
9 602 497 659 618 22265 0 0 1 standing 
9 605 500 666 621 22266 0 0 1 standing 
9 608 504 673 624 22267 0 0 0 standing 
9 608 511 679 629 22268 0 0 1 standing 
9 609 518 685 634 22269 0 0 1 standing 
9 610 526 692 639 22270 0 0 0 standing 
9 614 529 696 638 22271 0 0 1 standing 
9 618 532 700 638 22272 0 0 1 standing 
9 622 535 705 638 22273 0 0 1 standing 
9 626 538 709 638 22274 0 0 1 standing 
10 432 670 504 817 22255 0 0 0 standing 
10 436 666 509 815 22256 0 0 1 standing 
10 440 662 515 814 22257 0 0 1 standing 
10 445 658 521 813 22258 0 0 0 standing 
10 453 654 527 812 22259 0 0 1 standing 
10 461 650 533 811 22260 0 0 1 standing 
10 469 646 540 811 22261 0 0 0 standing 
10 476 644 545 810 22262 0 0 1 standing 
10 483 642 551 809 22263 0 0 1 standing 
10 490 641 557 808 22264 0 0 0 standing 
10 498 642 562 807 22265 0 0 1 standing 
10 506 644 567 807 22266 0 0 1 standing 
10 514 646 573 807 22267 0 0 0 standing 
10 522 651 581 807 22268 0 0 1 standing 
10 530 656 589 807 22269 0 0 1 standing 
10 538 661 597 808 22270 0 0 0 standing 
10 541 660 601 808 22271 0 0 1 standing 
10 545 660 606 808 22272 0 0 1 standing 
10 548 659 610 808 22273 0 0 1 standing 
10 552 659 615 808 22274 0 0 1 standing 
11 371 578 449 747 22255 0 0 0 standing 
11 376 584 454 750 22256 0 0 1 waiting 
11 382 590 459 753 22257 0 0 1 waiting 
11 388 596 465 756 22258 0 0 0 waiting 
11 394 598 469 756 22259 0 0 1 waiting 
11 400 600 474 756 22260 0 0 1 waiting 
11 407 602 479 757 22261 0 0 0 waiting 
11 412 602 484 757 22262 0 0 1 waiting 
11 417 602 489 757 22263 0 0 1 waiting 
11 423 602 495 757 22264 0 0 0 waiting 
11 430 603 500 755 22265 0 0 1 waiting 
11 437 605 505 753 22266 0 0 1 waiting 
11 444 607 510 752 22267 0 0 0 waiting 
11 451 609 517 751 22268 0 0 1 waiting 
11 458 611 524 751 22269 0 0 1 waiting 
11 466 614 532 751 22270 0 0 0 waiting 
11 469 610 535 751 22271 0 0 1 waiting 
11 473 607 538 751 22272 0 0 1 waiting 
11 477 604 541 752 22273 0 0 1 waiting 
11 481 601 544 752 22274 0 0 1 waiting 
