0 783 348 863 466 36475 0 1 0 standing 
0 778 346 855 466 36476 0 1 1 standing 
0 774 344 848 467 36477 0 1 1 standing 
0 770 342 841 468 36478 0 1 1 standing 
0 765 340 834 469 36479 0 1 1 standing 
0 761 338 827 470 36480 0 1 1 standing 
0 757 336 820 471 36481 0 1 1 standing 
0 752 334 813 472 36482 0 1 1 standing 
0 748 332 806 473 36483 0 1 1 standing 
0 744 330 799 474 36484 0 1 1 standing 
0 740 328 792 475 36485 0 1 0 standing 
0 736 323 788 473 36486 0 1 1 standing 
0 733 318 784 471 36487 0 1 1 standing 
0 729 313 781 469 36488 0 1 1 standing 
0 726 308 777 467 36489 0 1 1 standing 
0 723 304 774 465 36490 0 1 0 standing 
0 719 308 770 463 36491 0 1 1 standing 
0 716 312 767 461 36492 0 1 1 standing 
0 712 316 763 459 36493 0 1 1 standing 
0 709 320 760 457 36494 0 1 1 standing 
1 716 324 777 442 36475 0 1 0 standing 
1 721 319 782 440 36476 0 1 1 setting 
1 727 315 788 438 36477 0 1 1 setting 
1 732 311 793 436 36478 0 1 1 setting 
1 738 307 799 434 36479 0 1 1 setting 
1 744 303 804 433 36480 0 1 1 setting 
1 749 299 810 431 36481 0 1 1 setting 
1 755 295 815 429 36482 0 1 1 setting 
1 760 291 821 427 36483 0 1 1 setting 
1 766 287 826 425 36484 0 1 1 setting 
1 772 283 832 424 36485 0 1 0 setting 
1 775 288 837 427 36486 0 1 1 setting 
1 778 293 842 430 36487 0 1 1 setting 
1 782 299 847 433 36488 0 1 1 setting 
1 785 304 853 436 36489 0 1 1 setting 
1 789 310 858 440 36490 0 1 1 setting 
1 792 315 863 443 36491 0 1 1 setting 
1 795 320 869 446 36492 0 1 1 setting 
1 799 326 874 449 36493 0 1 1 setting 
1 802 331 879 452 36494 0 1 1 setting 
2 880 232 932 334 36475 0 1 0 setting 
2 878 232 930 333 36476 0 1 1 moving 
2 876 233 928 333 36477 0 1 1 moving 
2 874 234 926 333 36478 0 1 1 moving 
2 872 235 924 333 36479 0 1 1 moving 
2 871 236 922 333 36480 0 1 1 moving 
2 869 236 920 333 36481 0 1 1 moving 
2 867 237 918 333 36482 0 1 1 moving 
2 865 238 916 333 36483 0 1 1 moving 
2 863 239 914 333 36484 0 1 1 moving 
2 862 240 913 333 36485 0 1 0 moving 
2 856 240 909 333 36486 0 1 1 moving 
2 850 241 905 333 36487 0 1 1 moving 
2 844 241 901 334 36488 0 1 1 moving 
2 839 242 898 334 36489 0 1 1 moving 
2 833 242 894 335 36490 0 1 1 moving 
2 827 243 890 335 36491 0 1 1 moving 
2 822 243 887 335 36492 0 1 1 moving 
2 816 244 883 336 36493 0 1 1 moving 
2 810 244 879 336 36494 0 1 1 moving 
3 1054 350 1120 453 36475 0 0 0 moving 
3 1048 350 1120 452 36476 0 0 1 moving 
3 1042 351 1120 452 36477 0 0 1 moving 
3 1036 352 1120 452 36478 0 0 0 moving 
3 1035 351 1117 453 36479 0 0 1 moving 
3 1034 350 1114 454 36480 0 0 1 moving 
3 1034 350 1111 455 36481 0 0 0 moving 
3 1027 350 1101 454 36482 0 0 1 moving 
3 1021 350 1092 453 36483 0 0 1 moving 
3 1015 351 1083 453 36484 0 0 0 moving 
3 1009 350 1081 452 36485 0 0 1 moving 
3 1003 349 1079 452 36486 0 0 1 moving 
3 998 348 1078 452 36487 0 0 0 moving 
3 992 347 1068 453 36488 0 0 1 moving 
3 986 346 1058 454 36489 0 0 1 moving 
3 980 345 1048 456 36490 0 0 0 moving 
3 974 341 1038 455 36491 0 0 1 moving 
3 968 338 1029 454 36492 0 0 1 moving 
3 963 334 1020 454 36493 0 0 1 moving 
3 957 331 1011 453 36494 0 0 1 moving 
4 955 413 1003 535 36475 0 0 0 moving 
4 958 414 1007 535 36476 0 0 1 standing 
4 961 415 1011 536 36477 0 0 1 standing 
4 965 416 1015 537 36478 0 0 0 standing 
4 967 414 1018 536 36479 0 0 1 standing 
4 969 412 1021 535 36480 0 0 1 standing 
4 971 410 1024 535 36481 0 0 0 standing 
4 973 407 1025 531 36482 0 0 1 standing 
4 975 404 1026 528 36483 0 0 1 standing 
4 977 401 1028 525 36484 0 0 0 standing 
4 980 398 1031 521 36485 0 0 1 standing 
4 984 396 1034 517 36486 0 0 1 standing 
4 988 394 1038 513 36487 0 0 0 standing 
4 989 395 1042 513 36488 0 0 1 standing 
4 991 396 1047 513 36489 0 0 1 standing 
4 993 397 1052 513 36490 0 0 0 standing 
4 992 395 1054 512 36491 0 0 1 standing 
4 992 393 1056 511 36492 0 0 1 standing 
4 992 391 1058 510 36493 0 0 1 standing 
4 992 389 1060 509 36494 0 0 1 standing 
5 719 474 801 605 36475 0 0 0 standing 
5 723 469 800 601 36476 0 0 1 standing 
5 727 465 800 598 36477 0 0 1 standing 
5 732 461 800 595 36478 0 0 0 standing 
5 737 457 800 591 36479 0 0 1 standing 
5 742 454 800 587 36480 0 0 1 standing 
5 748 451 800 584 36481 0 0 0 standing 
5 748 447 799 582 36482 0 0 1 standing 
5 748 443 799 580 36483 0 0 1 standing 
5 748 440 799 578 36484 0 0 0 standing 
5 749 437 800 576 36485 0 0 1 standing 
5 750 434 801 574 36486 0 0 1 standing 
5 752 431 802 572 36487 0 0 0 standing 
5 751 428 802 570 36488 0 0 1 standing 
5 750 425 802 569 36489 0 0 1 standing 
5 749 423 802 568 36490 0 0 0 standing 
5 749 421 803 565 36491 0 0 1 standing 
5 749 419 804 562 36492 0 0 1 standing 
5 749 418 805 559 36493 0 0 1 standing 
5 749 416 806 556 36494 0 0 1 standing 
6 624 407 667 550 36475 0 0 0 standing 
6 623 404 666 543 36476 0 0 1 standing 
6 623 401 665 536 36477 0 0 1 standing 
6 623 399 665 529 36478 0 0 0 standing 
6 623 398 664 526 36479 0 0 1 standing 
6 624 397 664 523 36480 0 0 1 standing 
6 625 397 664 521 36481 0 0 0 standing 
6 625 396 663 521 36482 0 0 1 standing 
6 625 395 663 521 36483 0 0 1 standing 
6 625 395 663 521 36484 0 0 0 standing 
6 623 392 663 518 36485 0 0 1 standing 
6 621 390 664 515 36486 0 0 1 standing 
6 620 388 665 513 36487 0 0 0 standing 
6 617 388 664 508 36488 0 0 1 standing 
6 615 388 664 504 36489 0 0 1 standing 
6 613 388 664 500 36490 0 0 0 standing 
6 609 389 665 499 36491 0 0 1 standing 
6 605 390 666 498 36492 0 0 1 standing 
6 601 391 667 497 36493 0 0 1 standing 
6 597 392 668 496 36494 0 0 1 standing 
7 627 341 670 461 36475 0 0 0 standing 
7 627 339 669 459 36476 0 0 1 standing 
7 627 337 669 457 36477 0 0 1 standing 
7 627 336 669 456 36478 0 0 0 standing 
7 626 335 668 455 36479 0 0 1 standing 
7 626 334 668 454 36480 0 0 1 standing 
7 626 333 668 453 36481 0 0 0 standing 
7 625 334 667 454 36482 0 0 1 standing 
7 624 335 666 455 36483 0 0 1 standing 
7 624 336 666 456 36484 0 0 0 standing 
7 622 337 665 456 36485 0 0 1 standing 
7 620 338 664 457 36486 0 0 1 standing 
7 619 339 664 458 36487 0 0 0 standing 
7 617 335 663 451 36488 0 0 1 standing 
7 615 332 662 445 36489 0 0 1 standing 
7 613 329 661 439 36490 0 0 0 standing 
7 608 326 661 437 36491 0 0 1 standing 
7 603 323 662 436 36492 0 0 1 standing 
7 598 321 663 434 36493 0 0 1 standing 
7 593 318 664 433 36494 0 0 1 standing 
8 625 306 666 417 36475 0 0 0 standing 
8 625 304 666 415 36476 0 0 1 standing 
8 626 302 666 413 36477 0 0 1 standing 
8 627 301 667 412 36478 0 0 0 standing 
8 627 301 666 415 36479 0 0 1 standing 
8 627 301 666 419 36480 0 0 1 standing 
8 627 301 666 423 36481 0 0 0 standing 
8 626 302 665 424 36482 0 0 1 standing 
8 625 304 664 426 36483 0 0 1 standing 
8 625 306 664 428 36484 0 0 0 standing 
8 624 304 663 426 36485 0 0 1 standing 
8 623 302 662 424 36486 0 0 1 standing 
8 622 300 661 422 36487 0 0 0 standing 
8 617 299 659 421 36488 0 0 1 standing 
8 612 298 658 420 36489 0 0 1 standing 
8 607 298 657 419 36490 0 0 0 standing 
8 605 293 657 416 36491 0 0 1 standing 
8 603 288 658 414 36492 0 0 1 standing 
8 601 283 659 411 36493 0 0 1 standing 
8 599 278 660 409 36494 0 0 1 standing 
9 340 424 424 545 36475 0 0 0 standing 
9 340 424 422 544 36476 0 0 1 standing 
9 340 425 420 544 36477 0 0 1 standing 
9 340 426 419 544 36478 0 0 0 standing 
9 339 425 418 543 36479 0 0 1 standing 
9 338 425 417 543 36480 0 0 1 standing 
9 338 425 417 543 36481 0 0 1 standing 
9 337 424 416 542 36482 0 0 1 standing 
9 336 424 415 542 36483 0 0 1 standing 
9 336 424 415 542 36484 0 0 0 standing 
9 336 422 412 541 36485 0 0 1 standing 
9 336 421 410 541 36486 0 0 1 standing 
9 336 420 408 541 36487 0 0 0 standing 
9 336 419 407 541 36488 0 0 1 standing 
9 336 418 407 541 36489 0 0 1 standing 
9 336 418 407 542 36490 0 0 0 standing 
9 336 416 405 541 36491 0 0 1 standing 
9 336 414 404 541 36492 0 0 1 standing 
9 336 413 403 541 36493 0 0 0 standing 
9 336 413 403 541 36494 0 0 1 standing 
10 360 305 410 401 36475 0 0 0 standing 
10 358 305 408 401 36476 0 0 1 standing 
10 356 305 406 401 36477 0 0 1 standing 
10 355 305 404 401 36478 0 0 0 standing 
10 353 305 402 401 36479 0 0 1 standing 
10 352 305 401 401 36480 0 0 1 standing 
10 351 305 400 401 36481 0 0 0 standing 
10 347 305 398 399 36482 0 0 1 standing 
10 343 305 396 397 36483 0 0 1 standing 
10 339 306 395 396 36484 0 0 0 standing 
10 339 304 393 395 36485 0 0 1 standing 
10 340 303 391 394 36486 0 0 1 standing 
10 341 302 390 393 36487 0 0 0 standing 
10 339 301 390 392 36488 0 0 1 standing 
10 338 301 390 391 36489 0 0 1 standing 
10 337 301 390 391 36490 0 0 0 standing 
10 337 300 389 390 36491 0 0 1 standing 
10 337 299 388 390 36492 0 0 1 standing 
10 337 298 387 390 36493 0 0 1 standing 
10 337 297 386 390 36494 0 0 1 standing 
11 233 359 285 476 36475 0 0 0 standing 
11 233 359 285 475 36476 0 0 1 waiting 
11 233 359 285 475 36477 0 0 1 waiting 
11 233 359 286 475 36478 0 0 1 waiting 
11 233 359 286 475 36479 0 0 1 waiting 
11 233 359 286 475 36480 0 0 1 waiting 
11 233 359 287 475 36481 0 0 1 waiting 
11 233 359 287 475 36482 0 0 1 waiting 
11 233 359 287 475 36483 0 0 1 waiting 
11 233 359 288 475 36484 0 0 0 waiting 
11 233 359 288 475 36485 0 0 1 waiting 
11 233 359 288 475 36486 0 0 1 waiting 
11 233 359 288 475 36487 0 0 1 waiting 
11 233 359 288 475 36488 0 0 1 waiting 
11 233 359 288 475 36489 0 0 1 waiting 
11 233 359 288 475 36490 0 0 1 waiting 
11 233 359 288 475 36491 0 0 1 waiting 
11 233 359 288 475 36492 0 0 1 waiting 
11 233 359 288 475 36493 0 0 1 waiting 
11 233 359 288 475 36494 0 0 1 waiting 
