0 735 437 812 622 116335 0 1 0 spiking 
0 733 435 814 615 116336 0 1 1 spiking 
0 731 434 817 608 116337 0 1 1 spiking 
0 729 433 820 602 116338 0 1 0 spiking 
0 727 429 819 596 116339 0 1 1 spiking 
0 725 425 818 591 116340 0 1 1 spiking 
0 723 421 817 586 116341 0 1 1 spiking 
0 722 418 817 581 116342 0 1 1 spiking 
0 720 414 816 576 116343 0 1 1 spiking 
0 718 410 815 571 116344 0 1 1 spiking 
0 717 407 815 566 116345 0 1 0 spiking 
0 716 415 815 570 116346 0 1 1 spiking 
0 715 424 815 574 116347 0 1 1 spiking 
0 714 432 815 579 116348 0 1 1 spiking 
0 713 441 815 583 116349 0 1 1 spiking 
0 713 450 815 588 116350 0 1 0 spiking 
0 712 457 803 593 116351 0 1 1 spiking 
0 712 465 792 599 116352 0 1 1 spiking 
0 711 473 781 604 116353 0 1 1 spiking 
0 711 481 770 610 116354 0 1 0 spiking 
1 606 431 646 577 116335 0 1 0 spiking 
1 609 426 649 576 116336 0 1 1 blocking 
1 613 422 653 575 116337 0 1 1 blocking 
1 617 417 657 574 116338 0 1 1 blocking 
1 620 413 660 573 116339 0 1 1 blocking 
1 624 408 664 572 116340 0 1 1 blocking 
1 628 404 668 571 116341 0 1 1 blocking 
1 631 399 671 570 116342 0 1 1 blocking 
1 635 395 675 569 116343 0 1 1 blocking 
1 639 390 679 568 116344 0 1 1 blocking 
1 643 386 683 568 116345 0 1 0 blocking 
1 642 390 682 569 116346 0 1 1 blocking 
1 641 394 681 571 116347 0 1 1 blocking 
1 641 399 681 573 116348 0 1 1 blocking 
1 640 403 680 575 116349 0 1 1 blocking 
1 640 408 679 577 116350 0 1 1 blocking 
1 639 412 679 579 116351 0 1 1 blocking 
1 639 417 678 581 116352 0 1 1 blocking 
1 638 421 678 583 116353 0 1 1 blocking 
1 638 426 677 585 116354 0 1 1 blocking 
2 571 471 636 608 116335 0 1 0 blocking 
2 576 462 639 606 116336 0 1 1 blocking 
2 582 454 642 605 116337 0 1 1 blocking 
2 588 446 645 604 116338 0 1 1 blocking 
2 594 437 648 603 116339 0 1 1 blocking 
2 600 429 651 602 116340 0 1 1 blocking 
2 605 421 654 600 116341 0 1 1 blocking 
2 611 412 657 599 116342 0 1 1 blocking 
2 617 404 660 598 116343 0 1 1 blocking 
2 623 396 663 597 116344 0 1 1 blocking 
2 629 388 666 596 116345 0 1 0 blocking 
2 631 388 672 594 116346 0 1 1 blocking 
2 633 389 678 593 116347 0 1 1 blocking 
2 636 390 684 591 116348 0 1 1 blocking 
2 638 391 690 590 116349 0 1 1 blocking 
2 641 392 696 588 116350 0 1 1 blocking 
2 643 393 702 587 116351 0 1 1 blocking 
2 646 394 708 586 116352 0 1 0 blocking 
2 646 403 705 591 116353 0 1 1 blocking 
2 647 412 703 597 116354 0 1 1 blocking 
3 184 425 262 540 116335 0 0 0 blocking 
3 185 425 263 538 116336 0 0 1 waiting 
3 186 425 264 536 116337 0 0 1 waiting 
3 188 425 266 535 116338 0 0 0 waiting 
3 192 425 270 535 116339 0 0 1 waiting 
3 196 425 274 535 116340 0 0 1 waiting 
3 200 425 278 535 116341 0 0 0 waiting 
3 202 425 280 533 116342 0 0 1 waiting 
3 204 425 283 531 116343 0 0 1 waiting 
3 207 426 286 530 116344 0 0 0 waiting 
3 214 424 288 528 116345 0 0 1 waiting 
3 221 422 290 526 116346 0 0 1 waiting 
3 229 421 293 524 116347 0 0 0 waiting 
3 230 424 294 523 116348 0 0 1 waiting 
3 231 427 295 523 116349 0 0 1 waiting 
3 232 430 296 523 116350 0 0 0 waiting 
3 232 429 297 528 116351 0 0 1 waiting 
3 232 429 298 533 116352 0 0 1 waiting 
3 232 429 299 538 116353 0 0 1 waiting 
3 232 429 300 543 116354 0 0 1 waiting 
4 229 474 287 606 116335 0 0 0 waiting 
4 226 475 283 606 116336 0 0 1 standing 
4 223 477 280 607 116337 0 0 1 standing 
4 220 479 277 608 116338 0 0 0 standing 
4 208 481 276 611 116339 0 0 1 standing 
4 197 483 275 614 116340 0 0 1 standing 
4 186 485 274 618 116341 0 0 0 standing 
4 189 485 274 618 116342 0 0 1 standing 
4 192 486 274 618 116343 0 0 1 standing 
4 196 487 275 619 116344 0 0 0 standing 
4 198 486 272 618 116345 0 0 1 standing 
4 200 486 269 618 116346 0 0 1 standing 
4 202 486 267 618 116347 0 0 0 standing 
4 200 487 265 619 116348 0 0 1 standing 
4 199 488 263 621 116349 0 0 1 standing 
4 198 490 261 623 116350 0 0 0 standing 
4 199 489 261 623 116351 0 0 1 standing 
4 200 489 261 623 116352 0 0 1 standing 
4 201 489 261 623 116353 0 0 1 standing 
4 202 489 261 623 116354 0 0 1 standing 
5 309 393 384 485 116335 0 0 0 standing 
5 318 393 388 484 116336 0 0 1 standing 
5 327 393 392 483 116337 0 0 1 standing 
5 337 393 396 482 116338 0 0 0 standing 
5 341 391 399 482 116339 0 0 1 standing 
5 345 389 403 482 116340 0 0 1 standing 
5 349 388 407 482 116341 0 0 0 standing 
5 351 387 410 483 116342 0 0 1 standing 
5 354 387 413 484 116343 0 0 1 standing 
5 357 387 416 486 116344 0 0 0 standing 
5 355 387 421 486 116345 0 0 1 standing 
5 353 387 426 486 116346 0 0 1 standing 
5 352 388 431 486 116347 0 0 0 standing 
5 351 388 434 490 116348 0 0 1 standing 
5 350 388 437 494 116349 0 0 1 standing 
5 349 389 441 498 116350 0 0 0 standing 
5 350 392 443 498 116351 0 0 1 standing 
5 352 395 445 498 116352 0 0 1 standing 
5 354 398 447 498 116353 0 0 1 standing 
5 356 401 449 498 116354 0 0 1 standing 
6 566 390 632 484 116335 0 0 0 standing 
6 565 389 630 484 116336 0 0 1 standing 
6 564 388 628 484 116337 0 0 1 standing 
6 563 387 627 485 116338 0 0 0 standing 
6 561 385 620 485 116339 0 0 1 standing 
6 559 384 613 485 116340 0 0 1 standing 
6 557 383 606 486 116341 0 0 0 standing 
6 552 383 604 486 116342 0 0 1 standing 
6 547 383 602 486 116343 0 0 1 standing 
6 542 383 601 487 116344 0 0 0 standing 
6 539 384 596 488 116345 0 0 1 standing 
6 537 386 591 489 116346 0 0 1 standing 
6 535 388 587 491 116347 0 0 0 standing 
6 523 388 582 492 116348 0 0 1 standing 
6 512 388 578 494 116349 0 0 1 standing 
6 501 388 574 496 116350 0 0 0 standing 
6 501 387 574 495 116351 0 0 1 standing 
6 501 386 575 494 116352 0 0 1 standing 
6 502 385 575 494 116353 0 0 1 standing 
6 502 384 576 493 116354 0 0 1 standing 
7 679 381 733 521 116335 0 0 0 standing 
7 681 390 733 528 116336 0 0 1 standing 
7 683 399 733 535 116337 0 0 1 standing 
7 686 408 734 542 116338 0 0 0 standing 
7 688 416 736 543 116339 0 0 1 standing 
7 690 424 738 545 116340 0 0 1 standing 
7 692 432 741 547 116341 0 0 0 standing 
7 691 435 743 547 116342 0 0 1 standing 
7 690 439 745 547 116343 0 0 1 standing 
7 689 443 747 547 116344 0 0 0 standing 
7 691 443 748 549 116345 0 0 1 standing 
7 693 444 750 551 116346 0 0 1 standing 
7 695 445 752 553 116347 0 0 0 standing 
7 698 445 764 554 116348 0 0 1 standing 
7 702 445 776 556 116349 0 0 1 standing 
7 706 445 789 558 116350 0 0 0 standing 
7 708 443 790 557 116351 0 0 1 standing 
7 710 441 791 556 116352 0 0 1 standing 
7 712 439 792 555 116353 0 0 1 standing 
7 714 437 793 554 116354 0 0 1 standing 
8 729 394 779 514 116335 0 0 0 standing 
8 733 393 794 513 116336 0 0 1 standing 
8 737 393 809 512 116337 0 0 1 standing 
8 741 393 824 512 116338 0 0 0 standing 
8 748 391 828 512 116339 0 0 1 standing 
8 756 390 832 512 116340 0 0 1 standing 
8 764 389 836 513 116341 0 0 0 standing 
8 773 387 840 510 116342 0 0 1 standing 
8 782 385 845 508 116343 0 0 1 standing 
8 791 383 850 506 116344 0 0 0 standing 
8 799 381 856 504 116345 0 0 1 standing 
8 807 379 862 502 116346 0 0 1 standing 
8 815 378 868 501 116347 0 0 0 standing 
8 822 381 884 502 116348 0 0 1 standing 
8 829 385 900 503 116349 0 0 1 standing 
8 837 389 916 504 116350 0 0 0 standing 
8 840 392 922 504 116351 0 0 1 standing 
8 844 395 928 505 116352 0 0 1 standing 
8 848 398 935 506 116353 0 0 1 standing 
8 852 401 941 507 116354 0 0 1 standing 
9 766 355 813 464 116335 0 0 0 standing 
9 763 356 810 465 116336 0 0 1 standing 
9 761 357 808 466 116337 0 0 1 standing 
9 759 358 806 467 116338 0 0 0 standing 
9 760 361 807 470 116339 0 0 1 standing 
9 761 364 809 473 116340 0 0 1 standing 
9 763 367 811 476 116341 0 0 0 standing 
9 762 366 808 475 116342 0 0 1 standing 
9 761 366 805 474 116343 0 0 1 standing 
9 761 366 803 474 116344 0 0 0 standing 
9 758 365 802 473 116345 0 0 1 standing 
9 755 365 801 473 116346 0 0 1 standing 
9 752 365 801 473 116347 0 0 0 standing 
9 753 366 803 474 116348 0 0 1 standing 
9 754 368 805 476 116349 0 0 1 standing 
9 755 370 808 478 116350 0 0 0 standing 
9 757 371 810 479 116351 0 0 1 standing 
9 759 372 812 480 116352 0 0 1 standing 
9 761 374 814 482 116353 0 0 1 standing 
9 763 375 816 483 116354 0 0 1 standing 
10 863 443 938 575 116335 0 0 0 standing 
10 862 446 929 575 116336 0 0 1 standing 
10 862 449 920 576 116337 0 0 1 standing 
10 862 452 911 577 116338 0 0 0 standing 
10 852 453 907 579 116339 0 0 1 standing 
10 842 454 904 582 116340 0 0 1 standing 
10 832 456 901 585 116341 0 0 0 standing 
10 832 456 896 586 116342 0 0 1 standing 
10 832 457 891 588 116343 0 0 1 standing 
10 833 458 887 590 116344 0 0 0 standing 
10 820 459 884 590 116345 0 0 1 standing 
10 808 461 881 591 116346 0 0 1 standing 
10 796 463 878 592 116347 0 0 0 standing 
10 796 466 875 595 116348 0 0 1 standing 
10 796 469 872 598 116349 0 0 1 standing 
10 796 473 870 601 116350 0 0 0 standing 
10 796 473 868 602 116351 0 0 1 standing 
10 796 473 866 603 116352 0 0 1 standing 
10 797 473 864 604 116353 0 0 1 standing 
10 797 473 862 605 116354 0 0 1 standing 
11 874 422 937 521 116335 0 0 0 standing 
11 880 424 943 525 116336 0 0 1 standing 
11 887 427 950 529 116337 0 0 1 standing 
11 894 430 957 534 116338 0 0 0 standing 
11 897 429 962 536 116339 0 0 1 standing 
11 901 428 967 538 116340 0 0 1 standing 
11 905 428 972 540 116341 0 0 0 standing 
11 911 428 979 542 116342 0 0 1 standing 
11 918 429 987 545 116343 0 0 1 standing 
11 925 430 995 548 116344 0 0 0 standing 
11 931 433 1001 549 116345 0 0 1 standing 
11 937 436 1007 551 116346 0 0 1 standing 
11 944 439 1013 553 116347 0 0 0 standing 
11 948 443 1019 557 116348 0 0 1 standing 
11 952 447 1025 561 116349 0 0 1 standing 
11 957 451 1031 566 116350 0 0 0 standing 
11 962 456 1036 568 116351 0 0 1 standing 
11 967 462 1041 570 116352 0 0 1 standing 
11 973 467 1046 573 116353 0 0 1 standing 
11 978 473 1051 575 116354 0 0 1 standing 
