0 567 406 631 526 77055 0 1 0 setting 
0 571 403 635 525 77056 0 1 1 setting 
0 576 400 640 524 77057 0 1 1 setting 
0 581 397 645 523 77058 0 1 1 setting 
0 586 394 650 523 77059 0 1 1 setting 
0 591 392 655 522 77060 0 1 1 setting 
0 596 389 659 521 77061 0 1 1 setting 
0 601 386 664 521 77062 0 1 1 setting 
0 606 383 669 520 77063 0 1 1 setting 
0 611 380 674 519 77064 0 1 1 setting 
0 616 378 679 519 77065 0 1 0 setting 
0 621 377 687 517 77066 0 1 1 setting 
0 626 377 695 515 77067 0 1 1 setting 
0 631 377 703 513 77068 0 1 1 setting 
0 636 377 712 511 77069 0 1 1 setting 
0 641 377 720 509 77070 0 1 1 setting 
0 646 377 728 507 77071 0 1 1 setting 
0 651 377 737 505 77072 0 1 1 setting 
0 656 377 745 503 77073 0 1 1 setting 
0 661 377 753 501 77074 0 1 1 setting 
1 709 404 792 536 77055 0 1 0 setting 
1 704 404 786 537 77056 0 1 1 standing 
1 699 404 780 539 77057 0 1 1 standing 
1 694 404 774 540 77058 0 1 1 standing 
1 690 404 768 542 77059 0 1 1 standing 
1 685 404 762 544 77060 0 1 1 standing 
1 680 404 756 545 77061 0 1 1 standing 
1 676 404 750 547 77062 0 1 1 standing 
1 671 404 744 548 77063 0 1 1 standing 
1 666 404 738 550 77064 0 1 1 standing 
1 662 405 733 552 77065 0 1 0 standing 
1 662 396 733 543 77066 0 1 1 standing 
1 662 387 733 534 77067 0 1 1 standing 
1 663 378 734 525 77068 0 1 1 standing 
1 663 369 734 516 77069 0 1 1 standing 
1 664 360 735 507 77070 0 1 1 standing 
1 664 351 735 498 77071 0 1 1 standing 
1 664 342 735 489 77072 0 1 1 standing 
1 665 333 736 480 77073 0 1 1 standing 
1 665 324 736 471 77074 0 1 1 standing 
2 919 358 997 465 77055 0 0 0 standing 
2 918 357 992 464 77056 0 0 1 standing 
2 917 356 987 463 77057 0 0 1 standing 
2 916 355 983 463 77058 0 0 0 standing 
2 912 351 979 461 77059 0 0 1 standing 
2 908 348 975 459 77060 0 0 1 standing 
2 904 345 971 458 77061 0 0 0 standing 
2 902 341 971 458 77062 0 0 1 standing 
2 900 337 971 458 77063 0 0 1 standing 
2 898 334 971 458 77064 0 0 0 standing 
2 898 335 962 455 77065 0 0 1 standing 
2 898 336 954 452 77066 0 0 1 standing 
2 898 337 946 449 77067 0 0 0 standing 
2 890 334 947 450 77068 0 0 1 standing 
2 882 332 949 451 77069 0 0 1 standing 
2 874 330 951 453 77070 0 0 0 standing 
2 873 329 948 452 77071 0 0 1 standing 
2 873 328 945 451 77072 0 0 1 standing 
2 873 327 943 450 77073 0 0 1 standing 
2 873 326 940 449 77074 0 0 1 standing 
3 874 413 944 526 77055 0 0 0 standing 
3 870 411 936 525 77056 0 0 1 standing 
3 866 410 929 524 77057 0 0 1 standing 
3 862 409 922 523 77058 0 0 0 standing 
3 856 406 916 520 77059 0 0 1 standing 
3 851 403 910 517 77060 0 0 1 standing 
3 846 401 905 515 77061 0 0 0 standing 
3 845 399 900 513 77062 0 0 1 standing 
3 844 398 895 511 77063 0 0 1 standing 
3 843 397 891 510 77064 0 0 0 standing 
3 835 398 886 509 77065 0 0 1 standing 
3 827 399 882 509 77066 0 0 1 standing 
3 819 400 878 509 77067 0 0 0 standing 
3 819 401 878 510 77068 0 0 1 standing 
3 820 403 879 512 77069 0 0 1 standing 
3 821 405 880 514 77070 0 0 0 standing 
3 821 404 877 513 77071 0 0 1 standing 
3 821 403 875 512 77072 0 0 1 standing 
3 822 402 872 511 77073 0 0 1 standing 
3 822 401 870 510 77074 0 0 1 standing 
4 907 504 991 671 77055 0 0 0 standing 
4 906 504 988 676 77056 0 0 1 moving 
4 905 505 985 682 77057 0 0 1 moving 
4 905 506 983 688 77058 0 0 0 moving 
4 892 511 986 689 77059 0 0 1 moving 
4 879 516 990 690 77060 0 0 1 moving 
4 866 522 994 691 77061 0 0 0 moving 
4 868 519 996 690 77062 0 0 1 moving 
4 870 517 998 689 77063 0 0 1 moving 
4 873 515 1001 688 77064 0 0 0 moving 
4 868 514 984 686 77065 0 0 1 moving 
4 863 513 967 685 77066 0 0 1 moving 
4 858 512 951 684 77067 0 0 0 moving 
4 849 510 946 682 77068 0 0 1 moving 
4 840 508 941 680 77069 0 0 1 moving 
4 832 507 936 679 77070 0 0 0 moving 
4 819 501 928 671 77071 0 0 1 moving 
4 807 496 920 663 77072 0 0 1 moving 
4 794 491 912 655 77073 0 0 1 moving 
4 782 486 904 647 77074 0 0 1 moving 
5 777 339 827 455 77055 0 0 0 moving 
5 772 337 829 454 77056 0 0 1 standing 
5 768 336 831 453 77057 0 0 1 standing 
5 764 335 833 453 77058 0 0 0 standing 
5 766 332 835 450 77059 0 0 1 standing 
5 768 330 837 448 77060 0 0 1 standing 
5 770 328 840 446 77061 0 0 0 standing 
5 773 322 837 443 77062 0 0 1 standing 
5 776 316 835 440 77063 0 0 1 standing 
5 780 310 833 438 77064 0 0 0 standing 
5 780 310 831 434 77065 0 0 1 standing 
5 780 310 830 431 77066 0 0 1 standing 
5 781 310 829 428 77067 0 0 0 standing 
5 778 309 831 427 77068 0 0 1 standing 
5 775 308 833 426 77069 0 0 1 standing 
5 773 308 836 426 77070 0 0 0 standing 
5 777 306 838 424 77071 0 0 1 standing 
5 782 304 841 422 77072 0 0 1 standing 
5 786 302 844 421 77073 0 0 1 standing 
5 791 300 847 419 77074 0 0 1 standing 
6 431 454 486 616 77055 0 0 0 standing 
6 433 454 488 616 77056 0 0 1 standing 
6 435 454 490 617 77057 0 0 1 standing 
6 437 454 492 618 77058 0 0 0 standing 
6 440 451 494 615 77059 0 0 1 standing 
6 443 449 497 613 77060 0 0 1 standing 
6 446 447 500 611 77061 0 0 0 standing 
6 449 446 503 610 77062 0 0 1 standing 
6 453 445 507 609 77063 0 0 1 standing 
6 457 445 511 609 77064 0 0 0 standing 
6 460 444 517 608 77065 0 0 1 standing 
6 463 443 523 607 77066 0 0 1 standing 
6 466 443 529 606 77067 0 0 0 standing 
6 470 444 533 607 77068 0 0 1 standing 
6 475 446 538 609 77069 0 0 1 standing 
6 480 448 543 611 77070 0 0 0 standing 
6 486 448 547 611 77071 0 0 1 standing 
6 493 449 552 612 77072 0 0 1 standing 
6 499 449 557 612 77073 0 0 1 standing 
6 506 450 562 613 77074 0 0 1 standing 
7 457 389 494 564 77055 0 0 0 standing 
7 458 390 500 565 77056 0 0 1 blocking 
7 459 392 506 566 77057 0 0 1 blocking 
7 460 394 512 568 77058 0 0 0 blocking 
7 460 393 512 567 77059 0 0 1 blocking 
7 460 392 512 566 77060 0 0 1 blocking 
7 461 392 513 566 77061 0 0 0 blocking 
7 467 391 519 565 77062 0 0 1 blocking 
7 473 391 525 565 77063 0 0 1 blocking 
7 479 391 531 565 77064 0 0 0 blocking 
7 480 399 532 564 77065 0 0 1 blocking 
7 482 407 534 564 77066 0 0 1 blocking 
7 484 415 536 564 77067 0 0 0 blocking 
7 490 415 542 564 77068 0 0 1 blocking 
7 497 415 549 564 77069 0 0 1 blocking 
7 504 416 556 565 77070 0 0 0 blocking 
7 511 410 561 558 77071 0 0 1 blocking 
7 518 404 566 552 77072 0 0 1 blocking 
7 525 398 572 546 77073 0 0 1 blocking 
7 532 392 577 540 77074 0 0 1 blocking 
8 467 384 507 549 77055 0 0 0 blocking 
8 467 382 509 547 77056 0 0 1 blocking 
8 467 380 511 545 77057 0 0 1 blocking 
8 468 379 513 543 77058 0 0 0 blocking 
8 469 378 514 542 77059 0 0 1 blocking 
8 471 377 516 541 77060 0 0 1 blocking 
8 473 376 518 540 77061 0 0 0 blocking 
8 476 373 522 536 77062 0 0 1 blocking 
8 479 370 527 533 77063 0 0 1 blocking 
8 483 367 532 530 77064 0 0 0 blocking 
8 486 373 535 531 77065 0 0 1 blocking 
8 490 379 538 532 77066 0 0 1 blocking 
8 494 386 542 533 77067 0 0 0 blocking 
8 498 383 546 530 77068 0 0 1 blocking 
8 502 380 551 527 77069 0 0 1 blocking 
8 507 378 556 525 77070 0 0 0 blocking 
8 513 363 562 510 77071 0 0 1 blocking 
8 519 348 568 495 77072 0 0 1 blocking 
8 525 333 574 480 77073 0 0 1 blocking 
8 531 318 580 465 77074 0 0 1 blocking 
9 164 448 239 588 77055 0 0 0 blocking 
9 164 448 239 587 77056 0 0 1 standing 
9 164 448 239 587 77057 0 0 1 standing 
9 165 448 240 587 77058 0 0 0 standing 
9 166 448 241 587 77059 0 0 1 standing 
9 167 448 242 587 77060 0 0 1 standing 
9 169 449 244 588 77061 0 0 0 standing 
9 170 447 241 588 77062 0 0 1 standing 
9 171 446 238 589 77063 0 0 1 standing 
9 172 445 236 590 77064 0 0 0 standing 
9 174 441 238 589 77065 0 0 1 standing 
9 177 438 240 589 77066 0 0 1 standing 
9 180 435 243 589 77067 0 0 0 standing 
9 180 433 243 587 77068 0 0 1 standing 
9 180 431 243 585 77069 0 0 1 standing 
9 180 430 243 584 77070 0 0 0 standing 
9 184 429 246 583 77071 0 0 1 standing 
9 188 428 250 582 77072 0 0 1 standing 
9 193 427 253 581 77073 0 0 1 standing 
9 197 426 257 580 77074 0 0 1 standing 
10 182 370 241 479 77055 0 0 0 standing 
10 184 368 243 477 77056 0 0 1 standing 
10 186 366 245 475 77057 0 0 1 standing 
10 188 365 247 474 77058 0 0 0 standing 
10 190 364 248 474 77059 0 0 1 standing 
10 192 363 250 475 77060 0 0 1 standing 
10 194 362 252 476 77061 0 0 0 standing 
10 193 360 255 474 77062 0 0 1 standing 
10 193 358 259 472 77063 0 0 1 standing 
10 193 356 263 470 77064 0 0 0 standing 
10 193 356 264 469 77065 0 0 1 standing 
10 194 356 266 469 77066 0 0 1 standing 
10 195 356 268 469 77067 0 0 0 standing 
10 192 353 271 470 77068 0 0 1 standing 
10 189 351 275 471 77069 0 0 1 standing 
10 186 349 279 473 77070 0 0 0 standing 
10 192 347 285 471 77071 0 0 1 standing 
10 198 345 291 469 77072 0 0 1 standing 
10 204 343 297 467 77073 0 0 1 standing 
10 210 341 303 465 77074 0 0 1 standing 
11 46 416 102 554 77055 0 0 0 standing 
11 44 415 101 553 77056 0 0 1 standing 
11 43 415 100 553 77057 0 0 1 standing 
11 42 415 100 553 77058 0 0 0 standing 
11 43 414 101 552 77059 0 0 1 standing 
11 44 413 102 551 77060 0 0 1 standing 
11 45 413 103 551 77061 0 0 0 standing 
11 44 410 104 548 77062 0 0 1 standing 
11 44 408 106 546 77063 0 0 1 standing 
11 44 406 108 544 77064 0 0 0 standing 
11 45 404 109 543 77065 0 0 1 standing 
11 46 402 110 543 77066 0 0 1 standing 
11 48 400 112 543 77067 0 0 0 standing 
11 46 400 115 541 77068 0 0 1 standing 
11 44 400 118 539 77069 0 0 1 standing 
11 43 400 122 538 77070 0 0 0 standing 
11 45 398 127 536 77071 0 0 1 standing 
11 47 396 132 534 77072 0 0 1 standing 
11 49 394 137 532 77073 0 0 1 standing 
11 51 392 142 530 77074 0 0 1 standing 
