0 833 379 916 561 60854 0 0 0 standing 
0 834 378 917 560 60855 0 0 1 standing 
0 836 378 919 560 60856 0 0 1 standing 
0 838 378 921 560 60857 0 0 1 standing 
0 840 378 923 560 60858 0 0 1 standing 
0 842 378 925 560 60859 0 0 1 standing 
0 844 378 927 560 60860 0 0 1 standing 
0 846 378 929 560 60861 0 0 1 standing 
0 848 378 931 560 60862 0 0 1 standing 
0 850 378 933 560 60863 0 0 1 standing 
0 852 378 935 560 60864 0 0 0 standing 
0 851 376 934 558 60865 0 0 1 standing 
0 850 374 933 556 60866 0 0 1 standing 
0 850 372 933 554 60867 0 0 1 standing 
0 849 370 932 552 60868 0 0 1 standing 
0 849 369 932 551 60869 0 0 1 standing 
0 848 367 931 549 60870 0 0 1 standing 
0 847 365 930 547 60871 0 0 1 standing 
0 847 363 930 545 60872 0 0 1 standing 
0 846 361 929 543 60873 0 0 1 standing 
1 1082 402 1159 572 60854 0 0 0 standing 
1 1081 402 1158 572 60855 0 0 1 standing 
1 1081 402 1158 572 60856 0 0 1 standing 
1 1080 402 1157 572 60857 0 0 1 standing 
1 1080 402 1157 572 60858 0 0 1 standing 
1 1080 402 1157 572 60859 0 0 1 standing 
1 1079 402 1156 572 60860 0 0 1 standing 
1 1079 402 1156 572 60861 0 0 1 standing 
1 1078 402 1155 572 60862 0 0 1 standing 
1 1078 402 1155 572 60863 0 0 1 standing 
1 1078 402 1155 572 60864 0 0 0 standing 
1 1076 402 1153 572 60865 0 0 1 standing 
1 1074 402 1151 572 60866 0 0 1 standing 
1 1072 402 1149 572 60867 0 0 1 standing 
1 1071 402 1148 572 60868 0 0 1 standing 
1 1069 402 1146 572 60869 0 0 1 standing 
1 1067 402 1144 572 60870 0 0 1 standing 
1 1066 402 1143 572 60871 0 0 1 standing 
1 1064 402 1141 572 60872 0 0 1 standing 
1 1062 402 1139 572 60873 0 0 1 standing 
2 1140 220 1203 365 60854 0 0 0 standing 
2 1141 220 1204 365 60855 0 0 1 standing 
2 1143 221 1206 366 60856 0 0 1 standing 
2 1145 222 1208 367 60857 0 0 1 standing 
2 1146 222 1209 367 60858 0 0 1 standing 
2 1148 223 1211 368 60859 0 0 1 standing 
2 1150 224 1213 369 60860 0 0 1 standing 
2 1151 224 1214 369 60861 0 0 1 standing 
2 1153 225 1216 370 60862 0 0 1 standing 
2 1155 226 1218 371 60863 0 0 1 standing 
2 1157 227 1220 372 60864 0 0 0 standing 
2 1155 228 1218 373 60865 0 0 1 standing 
2 1154 229 1217 374 60866 0 0 1 standing 
2 1153 230 1216 375 60867 0 0 1 standing 
2 1152 231 1215 376 60868 0 0 1 standing 
2 1151 233 1214 378 60869 0 0 1 standing 
2 1150 234 1213 379 60870 0 0 1 standing 
2 1149 235 1212 380 60871 0 0 1 standing 
2 1148 236 1211 381 60872 0 0 1 standing 
2 1147 237 1210 382 60873 0 0 1 standing 
3 370 291 455 422 60854 0 0 0 standing 
3 371 289 456 422 60855 0 0 1 standing 
3 372 287 457 422 60856 0 0 1 standing 
3 374 286 458 422 60857 0 0 1 standing 
3 375 284 460 422 60858 0 0 1 standing 
3 377 283 461 422 60859 0 0 1 standing 
3 378 281 462 422 60860 0 0 1 standing 
3 379 279 464 422 60861 0 0 1 standing 
3 381 278 465 422 60862 0 0 1 standing 
3 382 276 466 422 60863 0 0 1 standing 
3 384 275 468 422 60864 0 0 0 standing 
3 384 275 468 422 60865 0 0 1 standing 
3 385 276 469 423 60866 0 0 1 standing 
3 386 276 470 423 60867 0 0 1 standing 
3 386 277 470 424 60868 0 0 1 standing 
3 387 278 471 425 60869 0 0 1 standing 
3 388 278 472 425 60870 0 0 1 standing 
3 388 279 472 426 60871 0 0 1 standing 
3 389 279 473 426 60872 0 0 1 standing 
3 390 280 474 427 60873 0 0 1 standing 
4 698 369 769 522 60854 0 0 0 standing 
4 698 370 769 524 60855 0 0 1 standing 
4 699 371 770 527 60856 0 0 1 standing 
4 700 372 770 530 60857 0 0 1 standing 
4 700 373 771 533 60858 0 0 1 standing 
4 701 375 772 536 60859 0 0 1 standing 
4 702 376 772 538 60860 0 0 1 standing 
4 702 377 773 541 60861 0 0 1 standing 
4 703 378 773 544 60862 0 0 1 standing 
4 704 379 774 547 60863 0 0 1 standing 
4 705 381 775 550 60864 0 0 0 standing 
4 701 383 774 552 60865 0 0 1 standing 
4 697 385 773 554 60866 0 0 1 standing 
4 693 388 773 556 60867 0 0 1 standing 
4 689 390 772 559 60868 0 0 1 standing 
4 685 393 772 561 60869 0 0 1 standing 
4 681 395 771 563 60870 0 0 1 standing 
4 677 397 770 566 60871 0 0 1 standing 
4 673 400 770 568 60872 0 0 1 standing 
4 669 402 769 570 60873 0 0 1 standing 
5 722 264 784 441 60854 0 0 0 standing 
5 724 267 786 444 60855 0 0 1 standing 
5 726 271 788 448 60856 0 0 1 standing 
5 729 274 791 451 60857 0 0 1 standing 
5 731 278 793 455 60858 0 0 1 standing 
5 734 281 796 458 60859 0 0 1 standing 
5 736 285 798 462 60860 0 0 1 standing 
5 738 288 800 465 60861 0 0 1 standing 
5 741 292 803 469 60862 0 0 1 standing 
5 743 295 805 472 60863 0 0 1 standing 
5 746 299 808 476 60864 0 0 0 standing 
5 744 299 806 473 60865 0 0 1 standing 
5 742 300 804 471 60866 0 0 1 standing 
5 740 301 802 469 60867 0 0 1 standing 
5 739 302 800 467 60868 0 0 1 standing 
5 737 303 799 465 60869 0 0 1 standing 
5 735 304 797 462 60870 0 0 1 standing 
5 734 305 795 460 60871 0 0 1 standing 
5 732 306 793 458 60872 0 0 1 standing 
5 730 307 791 456 60873 0 0 1 standing 
6 276 431 362 578 60854 0 1 0 standing 
6 278 430 364 577 60855 0 1 1 digging 
6 281 429 367 576 60856 0 1 1 digging 
6 284 428 370 575 60857 0 1 1 digging 
6 287 427 373 574 60858 0 1 1 digging 
6 290 426 376 573 60859 0 1 1 digging 
6 293 425 379 572 60860 0 1 1 digging 
6 296 424 382 571 60861 0 1 1 digging 
6 299 423 385 570 60862 0 1 1 digging 
6 302 422 388 569 60863 0 1 1 digging 
6 305 422 391 569 60864 0 1 0 digging 
6 305 419 391 568 60865 0 1 1 digging 
6 305 416 391 568 60866 0 1 1 digging 
6 305 413 391 567 60867 0 1 1 digging 
6 305 410 391 567 60868 0 1 1 digging 
6 305 407 391 567 60869 0 1 1 digging 
6 305 404 391 566 60870 0 1 1 digging 
6 305 401 391 566 60871 0 1 1 digging 
6 305 398 391 565 60872 0 1 1 digging 
6 305 395 391 565 60873 0 1 1 digging 
7 191 383 265 525 60854 0 0 0 digging 
7 193 381 268 524 60855 0 0 1 standing 
7 195 379 271 523 60856 0 0 1 standing 
7 198 377 274 522 60857 0 0 1 standing 
7 200 376 277 522 60858 0 0 1 standing 
7 203 374 280 521 60859 0 0 1 standing 
7 205 372 283 520 60860 0 0 1 standing 
7 207 371 286 520 60861 0 0 1 standing 
7 210 369 289 519 60862 0 0 1 standing 
7 212 367 292 518 60863 0 0 1 standing 
7 215 366 296 518 60864 0 0 0 standing 
7 215 365 298 517 60865 0 0 1 standing 
7 215 365 300 517 60866 0 0 1 standing 
7 215 365 303 517 60867 0 0 1 standing 
7 215 365 305 516 60868 0 0 1 standing 
7 215 365 308 516 60869 0 0 1 standing 
7 215 364 310 516 60870 0 0 1 standing 
7 215 364 312 515 60871 0 0 1 standing 
7 215 364 315 515 60872 0 0 1 standing 
7 215 364 317 515 60873 0 0 1 standing 
8 635 325 732 481 60854 0 0 0 standing 
8 634 323 729 479 60855 0 0 1 standing 
8 634 321 727 477 60856 0 0 1 standing 
8 634 320 725 475 60857 0 0 1 standing 
8 634 318 723 474 60858 0 0 1 standing 
8 634 317 721 472 60859 0 0 1 standing 
8 633 315 719 470 60860 0 0 1 standing 
8 633 313 717 469 60861 0 0 1 standing 
8 633 312 715 467 60862 0 0 1 standing 
8 633 310 713 465 60863 0 0 1 standing 
8 633 309 711 464 60864 0 0 0 standing 
8 626 310 708 465 60865 0 0 1 standing 
8 619 311 706 466 60866 0 0 1 standing 
8 613 312 704 467 60867 0 0 1 standing 
8 606 313 701 468 60868 0 0 1 standing 
8 600 314 699 469 60869 0 0 1 standing 
8 593 315 697 470 60870 0 0 1 standing 
8 586 316 694 471 60871 0 0 1 standing 
8 580 317 692 472 60872 0 0 1 standing 
8 573 318 690 473 60873 0 0 1 standing 
9 862 385 952 568 60854 0 0 0 standing 
9 861 385 951 568 60855 0 0 1 standing 
9 861 386 951 568 60856 0 0 1 standing 
9 861 386 951 568 60857 0 0 1 standing 
9 861 387 951 569 60858 0 0 1 standing 
9 861 388 951 569 60859 0 0 1 standing 
9 861 388 950 569 60860 0 0 1 standing 
9 861 389 950 570 60861 0 0 1 standing 
9 861 389 950 570 60862 0 0 1 standing 
9 861 390 950 570 60863 0 0 1 standing 
9 861 391 950 571 60864 0 0 0 standing 
9 859 391 950 571 60865 0 0 1 standing 
9 858 392 951 571 60866 0 0 1 standing 
9 857 392 952 572 60867 0 0 1 standing 
9 856 393 952 572 60868 0 0 1 standing 
9 855 393 953 573 60869 0 0 1 standing 
9 853 394 954 573 60870 0 0 1 standing 
9 852 394 954 573 60871 0 0 1 standing 
9 851 395 955 574 60872 0 0 1 standing 
9 850 395 956 574 60873 0 0 1 standing 
10 962 304 1048 463 60854 0 0 0 standing 
10 963 305 1048 461 60855 0 0 1 standing 
10 964 306 1049 460 60856 0 0 1 standing 
10 966 308 1049 459 60857 0 0 1 standing 
10 967 309 1050 458 60858 0 0 1 standing 
10 969 311 1050 457 60859 0 0 1 standing 
10 970 312 1051 456 60860 0 0 1 standing 
10 971 313 1051 455 60861 0 0 1 standing 
10 973 315 1052 454 60862 0 0 1 standing 
10 974 316 1052 453 60863 0 0 1 standing 
10 976 318 1053 452 60864 0 0 0 standing 
10 973 316 1050 451 60865 0 0 1 standing 
10 971 315 1047 451 60866 0 0 1 standing 
10 968 314 1045 451 60867 0 0 1 standing 
10 966 312 1042 451 60868 0 0 1 standing 
10 963 311 1040 451 60869 0 0 1 standing 
10 961 310 1037 451 60870 0 0 1 standing 
10 958 308 1034 451 60871 0 0 1 standing 
10 956 307 1032 451 60872 0 0 1 standing 
10 953 306 1029 451 60873 0 0 1 standing 
11 1007 303 1095 485 60854 0 0 0 standing 
11 1002 314 1090 492 60855 0 0 1 waiting 
11 998 325 1086 500 60856 0 0 1 waiting 
11 994 336 1082 508 60857 0 0 0 waiting 
11 992 340 1080 509 60858 0 0 1 waiting 
11 991 345 1078 510 60859 0 0 1 waiting 
11 990 350 1077 512 60860 0 0 1 waiting 
11 988 355 1075 513 60861 0 0 1 waiting 
11 987 360 1074 515 60862 0 0 1 waiting 
11 986 365 1072 516 60863 0 0 1 waiting 
11 985 370 1071 518 60864 0 0 0 waiting 
11 984 369 1070 517 60865 0 0 1 waiting 
11 984 368 1070 516 60866 0 0 1 waiting 
11 984 367 1070 515 60867 0 0 1 waiting 
11 984 366 1070 514 60868 0 0 1 waiting 
11 984 366 1070 514 60869 0 0 1 waiting 
11 983 365 1069 513 60870 0 0 1 waiting 
11 983 364 1069 512 60871 0 0 1 waiting 
11 983 363 1069 511 60872 0 0 1 waiting 
11 983 362 1069 510 60873 0 0 1 waiting 
