0 596 324 675 495 60914 0 0 0 standing 
0 595 324 674 495 60915 0 0 1 standing 
0 594 324 673 495 60916 0 0 1 standing 
0 594 324 673 495 60917 0 0 1 standing 
0 593 324 672 495 60918 0 0 1 standing 
0 593 324 672 495 60919 0 0 1 standing 
0 592 324 671 495 60920 0 0 1 standing 
0 591 324 670 495 60921 0 0 1 standing 
0 591 324 670 495 60922 0 0 1 standing 
0 590 324 669 495 60923 0 0 1 standing 
0 590 324 669 495 60924 0 0 0 standing 
0 589 325 668 496 60925 0 0 1 standing 
0 588 326 667 497 60926 0 0 1 standing 
0 587 327 666 498 60927 0 0 1 standing 
0 586 328 665 499 60928 0 0 1 standing 
0 586 329 665 500 60929 0 0 1 standing 
0 585 330 664 501 60930 0 0 1 standing 
0 584 331 663 502 60931 0 0 1 standing 
0 583 332 662 503 60932 0 0 1 standing 
0 582 333 661 504 60933 0 0 1 standing 
1 1042 427 1124 611 60914 0 0 0 standing 
1 1042 427 1124 611 60915 0 0 1 standing 
1 1042 427 1124 611 60916 0 0 1 standing 
1 1043 428 1125 612 60917 0 0 1 standing 
1 1043 428 1125 612 60918 0 0 1 standing 
1 1044 429 1126 613 60919 0 0 1 standing 
1 1044 429 1126 613 60920 0 0 1 standing 
1 1044 429 1126 613 60921 0 0 1 standing 
1 1045 430 1127 614 60922 0 0 1 standing 
1 1045 430 1127 614 60923 0 0 1 standing 
1 1046 431 1128 615 60924 0 0 0 standing 
1 1047 432 1129 616 60925 0 0 1 standing 
1 1048 433 1130 617 60926 0 0 1 standing 
1 1049 434 1131 618 60927 0 0 1 standing 
1 1051 435 1133 619 60928 0 0 1 standing 
1 1052 436 1134 620 60929 0 0 1 standing 
1 1053 437 1135 621 60930 0 0 1 standing 
1 1055 438 1137 622 60931 0 0 1 standing 
1 1056 439 1138 623 60932 0 0 1 standing 
1 1057 440 1139 624 60933 0 0 1 standing 
2 767 390 838 585 60914 0 0 0 standing 
2 764 389 834 584 60915 0 0 1 standing 
2 761 389 831 584 60916 0 0 1 standing 
2 758 389 828 584 60917 0 0 1 standing 
2 755 389 825 583 60918 0 0 1 standing 
2 752 389 822 583 60919 0 0 1 standing 
2 749 388 818 583 60920 0 0 1 standing 
2 746 388 815 582 60921 0 0 1 standing 
2 743 388 812 582 60922 0 0 1 standing 
2 740 388 809 582 60923 0 0 1 standing 
2 737 388 806 582 60924 0 0 0 standing 
2 734 389 803 583 60925 0 0 1 standing 
2 731 391 800 585 60926 0 0 1 standing 
2 729 393 798 587 60927 0 0 1 standing 
2 726 395 795 589 60928 0 0 1 standing 
2 724 397 793 591 60929 0 0 1 standing 
2 721 399 790 593 60930 0 0 1 standing 
2 718 401 787 595 60931 0 0 1 standing 
2 716 403 785 597 60932 0 0 1 standing 
2 713 405 782 599 60933 0 0 1 standing 
3 353 338 422 509 60914 0 1 0 standing 
3 351 334 420 508 60915 0 1 1 setting 
3 350 331 419 508 60916 0 1 1 setting 
3 349 327 417 508 60917 0 1 1 setting 
3 347 324 416 507 60918 0 1 1 setting 
3 346 320 415 507 60919 0 1 1 setting 
3 345 317 413 507 60920 0 1 1 setting 
3 343 313 412 506 60921 0 1 1 setting 
3 342 310 410 506 60922 0 1 1 setting 
3 341 306 409 506 60923 0 1 1 setting 
3 340 303 408 506 60924 0 1 0 setting 
3 337 305 407 506 60925 0 1 1 setting 
3 334 308 406 506 60926 0 1 1 setting 
3 331 311 406 506 60927 0 1 1 setting 
3 328 314 405 506 60928 0 1 1 setting 
3 326 317 405 506 60929 0 1 1 setting 
3 323 319 404 506 60930 0 1 1 setting 
3 320 322 403 506 60931 0 1 1 setting 
3 317 325 403 506 60932 0 1 1 setting 
3 314 328 402 506 60933 0 1 1 setting 
4 1076 283 1153 434 60914 0 0 0 setting 
4 1073 283 1150 434 60915 0 0 1 standing 
4 1071 284 1148 435 60916 0 0 1 standing 
4 1069 284 1146 435 60917 0 0 1 standing 
4 1066 285 1143 436 60918 0 0 1 standing 
4 1064 285 1141 436 60919 0 0 1 standing 
4 1062 286 1139 437 60920 0 0 1 standing 
4 1059 286 1136 437 60921 0 0 1 standing 
4 1057 287 1134 438 60922 0 0 1 standing 
4 1055 287 1132 438 60923 0 0 1 standing 
4 1053 288 1130 439 60924 0 0 0 standing 
4 1052 288 1129 439 60925 0 0 1 standing 
4 1051 288 1128 439 60926 0 0 1 standing 
4 1050 289 1127 440 60927 0 0 1 standing 
4 1050 289 1127 440 60928 0 0 1 standing 
4 1049 290 1126 441 60929 0 0 1 standing 
4 1048 290 1125 441 60930 0 0 1 standing 
4 1048 290 1125 441 60931 0 0 1 standing 
4 1047 291 1124 442 60932 0 0 1 standing 
4 1046 291 1123 442 60933 0 0 1 standing 
5 402 279 485 429 60914 0 0 0 standing 
5 403 279 486 429 60915 0 0 1 standing 
5 404 280 487 430 60916 0 0 1 standing 
5 406 280 489 430 60917 0 0 1 standing 
5 407 281 490 431 60918 0 0 1 standing 
5 409 282 492 432 60919 0 0 1 standing 
5 410 282 493 432 60920 0 0 1 standing 
5 411 283 494 433 60921 0 0 1 standing 
5 413 283 496 433 60922 0 0 1 standing 
5 414 284 497 434 60923 0 0 1 standing 
5 416 285 499 435 60924 0 0 0 standing 
5 416 285 499 435 60925 0 0 1 standing 
5 416 286 499 436 60926 0 0 1 standing 
5 416 287 499 437 60927 0 0 1 standing 
5 416 288 499 438 60928 0 0 1 standing 
5 417 289 500 439 60929 0 0 1 standing 
5 417 290 500 440 60930 0 0 1 standing 
5 417 291 500 441 60931 0 0 1 standing 
5 417 292 500 442 60932 0 0 1 standing 
5 417 293 500 443 60933 0 0 1 standing 
6 246 492 373 690 60914 0 1 0 standing 
6 244 492 371 690 60915 0 1 1 moving 
6 242 492 369 690 60916 0 1 1 moving 
6 240 492 367 690 60917 0 1 1 moving 
6 238 492 365 690 60918 0 1 1 moving 
6 236 493 363 691 60919 0 1 1 moving 
6 234 493 361 691 60920 0 1 1 moving 
6 232 493 359 691 60921 0 1 1 moving 
6 230 493 357 691 60922 0 1 1 moving 
6 228 493 355 691 60923 0 1 1 moving 
6 227 494 354 692 60924 0 1 0 moving 
6 227 493 358 691 60925 0 1 1 moving 
6 228 493 362 691 60926 0 1 1 moving 
6 228 493 366 691 60927 0 1 1 moving 
6 229 493 370 690 60928 0 1 1 moving 
6 229 493 374 690 60929 0 1 1 moving 
6 230 493 378 690 60930 0 1 1 moving 
6 230 493 382 689 60931 0 1 1 moving 
6 231 493 386 689 60932 0 1 1 moving 
6 231 493 390 689 60933 0 1 1 moving 
7 781 295 843 444 60914 0 0 0 moving 
7 777 294 840 443 60915 0 0 1 standing 
7 773 293 838 442 60916 0 0 1 standing 
7 769 293 836 441 60917 0 0 1 standing 
7 766 292 833 441 60918 0 0 1 standing 
7 762 292 831 440 60919 0 0 1 standing 
7 758 291 829 439 60920 0 0 1 standing 
7 755 290 826 439 60921 0 0 1 standing 
7 751 290 824 438 60922 0 0 1 standing 
7 747 289 822 437 60923 0 0 1 standing 
7 744 289 820 437 60924 0 0 0 standing 
7 744 289 821 437 60925 0 0 1 standing 
7 744 289 822 437 60926 0 0 1 standing 
7 744 290 824 437 60927 0 0 1 standing 
7 745 290 825 438 60928 0 0 1 standing 
7 745 291 827 438 60929 0 0 1 standing 
7 745 291 828 438 60930 0 0 1 standing 
7 746 291 829 439 60931 0 0 1 standing 
7 746 292 831 439 60932 0 0 1 standing 
7 746 292 832 439 60933 0 0 1 standing 
8 1082 357 1208 513 60914 0 0 0 standing 
8 1080 356 1206 512 60915 0 0 1 standing 
8 1079 356 1205 512 60916 0 0 1 standing 
8 1078 355 1204 511 60917 0 0 1 standing 
8 1077 355 1203 511 60918 0 0 1 standing 
8 1076 354 1202 510 60919 0 0 1 standing 
8 1074 354 1200 510 60920 0 0 1 standing 
8 1073 353 1199 509 60921 0 0 1 standing 
8 1072 353 1198 509 60922 0 0 1 standing 
8 1071 352 1197 508 60923 0 0 1 standing 
8 1070 352 1196 508 60924 0 0 0 standing 
8 1068 352 1194 508 60925 0 0 1 standing 
8 1067 352 1193 508 60926 0 0 1 standing 
8 1066 352 1192 508 60927 0 0 1 standing 
8 1065 352 1191 508 60928 0 0 1 standing 
8 1064 352 1190 508 60929 0 0 1 standing 
8 1063 352 1189 508 60930 0 0 1 standing 
8 1062 352 1188 508 60931 0 0 1 standing 
8 1061 352 1187 508 60932 0 0 1 standing 
8 1060 352 1186 508 60933 0 0 1 standing 
9 769 356 836 521 60914 0 0 0 standing 
9 766 356 833 521 60915 0 0 1 standing 
9 763 357 830 522 60916 0 0 1 standing 
9 760 358 827 523 60917 0 0 1 standing 
9 758 359 825 524 60918 0 0 1 standing 
9 755 360 822 525 60919 0 0 1 standing 
9 752 360 819 525 60920 0 0 1 standing 
9 750 361 817 526 60921 0 0 1 standing 
9 747 362 814 527 60922 0 0 1 standing 
9 744 363 811 528 60923 0 0 1 standing 
9 742 364 809 529 60924 0 0 0 standing 
9 738 363 805 527 60925 0 0 1 standing 
9 735 363 801 525 60926 0 0 1 standing 
9 731 363 798 523 60927 0 0 1 standing 
9 728 363 794 521 60928 0 0 1 standing 
9 724 363 791 520 60929 0 0 1 standing 
9 721 363 787 518 60930 0 0 1 standing 
9 717 363 783 516 60931 0 0 1 standing 
9 714 363 780 514 60932 0 0 1 standing 
9 710 363 776 512 60933 0 0 1 standing 
10 503 255 579 395 60914 0 0 0 standing 
10 499 254 575 394 60915 0 0 1 moving 
10 495 253 571 393 60916 0 0 1 moving 
10 491 253 567 393 60917 0 0 1 moving 
10 487 252 563 392 60918 0 0 1 moving 
10 483 252 559 392 60919 0 0 1 moving 
10 479 251 555 391 60920 0 0 1 moving 
10 475 250 551 390 60921 0 0 1 moving 
10 471 250 547 390 60922 0 0 1 moving 
10 467 249 543 389 60923 0 0 1 moving 
10 463 249 539 389 60924 0 0 0 moving 
10 460 249 536 389 60925 0 0 1 moving 
10 457 249 533 389 60926 0 0 1 moving 
10 454 249 530 389 60927 0 0 1 moving 
10 452 249 528 389 60928 0 0 1 moving 
10 449 250 525 390 60929 0 0 1 moving 
10 446 250 522 390 60930 0 0 1 moving 
10 444 250 520 390 60931 0 0 1 moving 
10 441 250 517 390 60932 0 0 1 moving 
10 438 250 514 390 60933 0 0 1 moving 
11 306 389 394 556 60914 0 0 0 moving 
11 302 389 390 556 60915 0 0 1 standing 
11 299 389 387 556 60916 0 0 1 standing 
11 295 389 383 556 60917 0 0 1 standing 
11 292 389 380 556 60918 0 0 1 standing 
11 289 390 377 557 60919 0 0 1 standing 
11 285 390 373 557 60920 0 0 1 standing 
11 282 390 370 557 60921 0 0 1 standing 
11 278 390 366 557 60922 0 0 1 standing 
11 275 390 363 557 60923 0 0 1 standing 
11 272 391 360 558 60924 0 0 0 standing 
11 269 392 357 558 60925 0 0 1 standing 
11 267 393 355 559 60926 0 0 1 standing 
11 265 394 352 560 60927 0 0 1 standing 
11 262 395 350 560 60928 0 0 1 standing 
11 260 397 348 561 60929 0 0 1 standing 
11 258 398 345 562 60930 0 0 1 standing 
11 255 399 343 562 60931 0 0 1 standing 
11 253 400 340 563 60932 0 0 1 standing 
11 251 401 338 564 60933 0 0 1 standing 
