0 880 221 923 310 4460 0 1 0 digging 
0 878 217 921 308 4461 0 1 1 digging 
0 877 213 920 307 4462 0 1 1 digging 
0 875 209 918 306 4463 0 1 1 digging 
0 874 205 917 304 4464 0 1 1 digging 
0 873 201 916 303 4465 0 1 1 digging 
0 871 197 914 302 4466 0 1 1 digging 
0 870 193 913 300 4467 0 1 1 digging 
0 868 189 911 299 4468 0 1 1 digging 
0 867 185 910 298 4469 0 1 1 digging 
0 866 181 909 297 4470 0 1 0 digging 
0 868 183 912 297 4471 0 1 1 digging 
0 871 185 915 298 4472 0 1 1 digging 
0 874 187 918 299 4473 0 1 1 digging 
0 877 189 921 299 4474 0 1 1 digging 
0 880 191 924 300 4475 0 1 1 digging 
0 882 193 927 301 4476 0 1 1 digging 
0 885 195 930 301 4477 0 1 1 digging 
0 888 197 933 302 4478 0 1 1 digging 
0 891 199 936 303 4479 0 1 1 digging 
1 779 270 816 383 4460 0 0 0 digging 
1 775 271 812 384 4461 0 0 1 standing 
1 771 272 809 385 4462 0 0 1 standing 
1 768 273 806 386 4463 0 0 0 standing 
1 766 272 803 385 4464 0 0 1 standing 
1 764 272 800 384 4465 0 0 1 standing 
1 763 272 797 384 4466 0 0 0 standing 
1 760 273 794 385 4467 0 0 1 standing 
1 758 274 792 386 4468 0 0 1 standing 
1 756 275 790 388 4469 0 0 0 standing 
1 755 274 789 387 4470 0 0 1 standing 
1 754 273 788 386 4471 0 0 1 standing 
1 753 273 787 386 4472 0 0 0 standing 
1 750 273 785 386 4473 0 0 1 standing 
1 747 273 784 387 4474 0 0 1 standing 
1 745 274 783 388 4475 0 0 0 standing 
1 747 273 785 387 4476 0 0 1 standing 
1 749 273 788 387 4477 0 0 1 standing 
1 752 272 790 386 4478 0 0 1 standing 
1 754 272 793 386 4479 0 0 1 standing 
2 724 391 782 509 4460 0 0 0 standing 
2 720 390 778 508 4461 0 0 1 standing 
2 716 390 774 508 4462 0 0 1 standing 
2 712 390 771 508 4463 0 0 0 standing 
2 707 389 764 507 4464 0 0 1 standing 
2 703 388 757 506 4465 0 0 1 standing 
2 699 388 751 506 4466 0 0 0 standing 
2 690 388 746 506 4467 0 0 1 standing 
2 681 388 741 507 4468 0 0 1 standing 
2 673 389 736 508 4469 0 0 0 standing 
2 672 388 734 507 4470 0 0 1 standing 
2 672 388 732 506 4471 0 0 1 standing 
2 672 388 731 506 4472 0 0 0 standing 
2 671 388 727 505 4473 0 0 1 standing 
2 671 388 723 505 4474 0 0 1 standing 
2 671 388 720 505 4475 0 0 0 standing 
2 670 389 720 506 4476 0 0 1 standing 
2 669 390 720 507 4477 0 0 1 standing 
2 669 391 721 508 4478 0 0 1 standing 
2 668 392 721 509 4479 0 0 1 standing 
3 742 493 817 641 4460 0 0 0 standing 
3 741 493 814 639 4461 0 0 1 standing 
3 741 494 811 637 4462 0 0 1 standing 
3 741 495 809 635 4463 0 0 0 standing 
3 739 496 807 636 4464 0 0 1 standing 
3 737 497 805 637 4465 0 0 1 standing 
3 736 499 804 639 4466 0 0 0 standing 
3 734 497 802 638 4467 0 0 1 standing 
3 732 495 800 637 4468 0 0 1 standing 
3 731 493 799 637 4469 0 0 0 standing 
3 730 493 798 637 4470 0 0 1 standing 
3 729 493 797 637 4471 0 0 1 standing 
3 729 493 797 637 4472 0 0 0 standing 
3 729 491 795 634 4473 0 0 1 standing 
3 729 490 794 632 4474 0 0 1 standing 
3 729 488 793 630 4475 0 0 1 standing 
3 729 487 792 628 4476 0 0 1 standing 
3 729 486 790 625 4477 0 0 1 standing 
3 729 484 789 623 4478 0 0 1 standing 
3 729 483 788 621 4479 0 0 1 standing 
4 592 271 629 376 4460 0 0 0 standing 
4 588 271 625 376 4461 0 0 1 standing 
4 584 271 621 376 4462 0 0 1 standing 
4 581 272 618 377 4463 0 0 0 standing 
4 577 272 614 377 4464 0 0 1 standing 
4 574 273 611 378 4465 0 0 1 standing 
4 571 274 608 379 4466 0 0 0 standing 
4 566 274 604 379 4467 0 0 1 standing 
4 562 275 600 379 4468 0 0 1 standing 
4 558 276 596 380 4469 0 0 0 standing 
4 555 275 595 379 4470 0 0 1 standing 
4 553 275 595 379 4471 0 0 1 standing 
4 551 275 595 379 4472 0 0 0 standing 
4 551 275 595 379 4473 0 0 1 standing 
4 552 276 596 379 4474 0 0 1 standing 
4 553 277 597 379 4475 0 0 1 standing 
4 554 278 598 379 4476 0 0 1 standing 
4 554 278 598 379 4477 0 0 1 standing 
4 555 279 599 379 4478 0 0 1 standing 
4 556 280 600 379 4479 0 0 1 standing 
5 453 358 503 495 4460 0 0 0 standing 
5 446 358 499 495 4461 0 0 1 standing 
5 440 358 495 495 4462 0 0 1 standing 
5 434 358 492 495 4463 0 0 0 standing 
5 428 359 488 495 4464 0 0 1 standing 
5 423 360 485 495 4465 0 0 1 standing 
5 418 362 482 496 4466 0 0 0 standing 
5 417 361 480 495 4467 0 0 1 standing 
5 417 361 478 494 4468 0 0 1 standing 
5 417 361 476 494 4469 0 0 0 standing 
5 417 360 476 493 4470 0 0 1 standing 
5 418 360 477 493 4471 0 0 1 standing 
5 419 359 478 493 4472 0 0 1 standing 
5 420 359 479 493 4473 0 0 1 standing 
5 421 359 480 493 4474 0 0 1 standing 
5 422 358 481 492 4475 0 0 1 standing 
5 423 358 482 492 4476 0 0 1 standing 
5 424 358 483 492 4477 0 0 1 standing 
5 425 357 484 492 4478 0 0 1 standing 
5 426 357 485 492 4479 0 0 1 standing 
6 262 433 319 564 4460 0 0 0 standing 
6 263 433 317 564 4461 0 0 1 standing 
6 264 433 316 564 4462 0 0 1 standing 
6 266 433 315 565 4463 0 0 0 standing 
6 267 434 317 566 4464 0 0 1 standing 
6 268 436 319 568 4465 0 0 1 standing 
6 269 438 321 570 4466 0 0 0 standing 
6 270 438 321 570 4467 0 0 1 standing 
6 271 438 321 570 4468 0 0 1 standing 
6 272 438 321 571 4469 0 0 1 standing 
6 273 438 321 571 4470 0 0 1 standing 
6 274 438 322 571 4471 0 0 1 standing 
6 275 438 322 572 4472 0 0 1 standing 
6 276 438 322 572 4473 0 0 1 standing 
6 277 438 322 572 4474 0 0 1 standing 
6 278 439 323 573 4475 0 0 0 standing 
6 280 441 325 575 4476 0 0 1 standing 
6 282 443 327 577 4477 0 0 1 standing 
6 284 445 329 579 4478 0 0 1 standing 
6 286 447 331 581 4479 0 0 1 standing 
7 299 368 334 499 4460 0 0 0 standing 
7 296 368 331 500 4461 0 0 1 standing 
7 294 368 329 501 4462 0 0 1 standing 
7 292 369 327 502 4463 0 0 0 standing 
7 289 370 324 503 4464 0 0 1 standing 
7 286 371 321 504 4465 0 0 1 standing 
7 283 373 318 506 4466 0 0 0 standing 
7 281 373 316 506 4467 0 0 1 standing 
7 279 373 314 506 4468 0 0 1 standing 
7 277 373 312 506 4469 0 0 0 standing 
7 276 372 310 505 4470 0 0 1 standing 
7 276 372 309 504 4471 0 0 1 standing 
7 276 372 308 504 4472 0 0 0 standing 
7 277 372 309 504 4473 0 0 1 standing 
7 279 372 311 504 4474 0 0 1 standing 
7 280 372 312 504 4475 0 0 1 standing 
7 282 372 314 504 4476 0 0 1 standing 
7 283 372 316 504 4477 0 0 1 standing 
7 285 372 317 504 4478 0 0 1 standing 
7 286 372 319 504 4479 0 0 1 standing 
8 296 345 332 471 4460 0 0 0 standing 
8 293 346 330 471 4461 0 0 1 standing 
8 290 347 328 471 4462 0 0 1 standing 
8 288 348 326 472 4463 0 0 0 standing 
8 284 348 322 472 4464 0 0 1 standing 
8 280 349 319 473 4465 0 0 1 standing 
8 277 350 316 474 4466 0 0 0 standing 
8 275 349 314 473 4467 0 0 1 standing 
8 273 349 312 473 4468 0 0 1 standing 
8 271 349 310 473 4469 0 0 0 standing 
8 269 350 308 473 4470 0 0 1 standing 
8 268 351 307 474 4471 0 0 1 standing 
8 267 352 306 475 4472 0 0 0 standing 
8 268 352 307 475 4473 0 0 1 standing 
8 269 352 308 475 4474 0 0 1 standing 
8 271 352 310 475 4475 0 0 1 standing 
8 272 352 311 475 4476 0 0 1 standing 
8 273 352 312 475 4477 0 0 1 standing 
8 275 352 314 475 4478 0 0 1 standing 
8 276 352 315 475 4479 0 0 1 standing 
