0 439 475 527 626 7595 0 1 0 moving 
0 417 479 515 629 7596 0 1 1 moving 
0 395 483 504 632 7597 0 1 1 moving 
0 374 487 493 635 7598 0 1 0 moving 
0 370 489 488 636 7599 0 1 1 moving 
0 367 491 484 638 7600 0 1 1 moving 
0 364 493 480 640 7601 0 1 1 moving 
0 361 495 476 642 7602 0 1 0 moving 
0 364 491 483 637 7603 0 1 1 moving 
0 367 487 490 632 7604 0 1 1 moving 
0 370 484 498 628 7605 0 1 0 moving 
0 383 483 497 631 7606 0 1 1 moving 
0 396 483 496 634 7607 0 1 1 moving 
0 409 483 495 638 7608 0 1 0 moving 
0 411 481 503 637 7609 0 1 1 moving 
0 413 480 511 637 7610 0 1 1 moving 
0 415 479 519 636 7611 0 1 1 moving 
0 417 478 527 636 7612 0 1 0 moving 
0 428 477 533 629 7613 0 1 1 moving 
0 439 476 539 622 7614 0 1 1 moving 
1 464 364 519 505 7595 0 1 0 moving 
1 465 359 520 508 7596 0 1 1 setting 
1 467 354 521 511 7597 0 1 1 setting 
1 469 349 523 515 7598 0 1 0 setting 
1 468 345 523 513 7599 0 1 1 setting 
1 468 341 524 511 7600 0 1 1 setting 
1 467 337 524 509 7601 0 1 1 setting 
1 467 333 525 508 7602 0 1 0 setting 
1 469 332 526 506 7603 0 1 1 setting 
1 471 331 527 504 7604 0 1 1 setting 
1 474 330 528 503 7605 0 1 0 setting 
1 472 331 528 502 7606 0 1 1 setting 
1 471 332 528 501 7607 0 1 1 setting 
1 470 334 529 500 7608 0 1 0 setting 
1 466 337 527 499 7609 0 1 1 setting 
1 463 340 526 498 7610 0 1 1 setting 
1 459 344 525 498 7611 0 1 1 setting 
1 456 347 523 497 7612 0 1 1 setting 
1 452 351 522 497 7613 0 1 1 setting 
1 449 354 521 496 7614 0 1 1 setting 
2 648 391 710 551 7595 0 0 0 setting 
2 648 386 709 550 7596 0 0 1 standing 
2 648 382 708 549 7597 0 0 1 standing 
2 649 378 708 549 7598 0 0 0 standing 
2 649 378 708 548 7599 0 0 1 standing 
2 650 379 708 547 7600 0 0 1 standing 
2 651 380 708 546 7601 0 0 1 standing 
2 651 381 708 545 7602 0 0 1 standing 
2 652 382 708 544 7603 0 0 1 standing 
2 653 383 708 543 7604 0 0 1 standing 
2 654 384 709 543 7605 0 0 0 standing 
2 651 382 706 539 7606 0 0 1 standing 
2 648 381 703 536 7607 0 0 1 standing 
2 646 379 700 533 7608 0 0 1 standing 
2 643 378 698 530 7609 0 0 1 standing 
2 641 376 695 527 7610 0 0 1 standing 
2 638 375 692 524 7611 0 0 1 standing 
2 636 374 690 521 7612 0 0 0 standing 
2 633 372 687 521 7613 0 0 1 standing 
2 631 371 685 521 7614 0 0 1 standing 
3 119 329 215 468 7595 0 1 0 standing 
3 132 329 219 466 7596 0 1 1 moving 
3 145 329 224 465 7597 0 1 1 moving 
3 158 330 229 464 7598 0 1 0 moving 
3 162 328 240 464 7599 0 1 1 moving 
3 167 327 252 465 7600 0 1 1 moving 
3 171 326 263 466 7601 0 1 1 moving 
3 176 325 275 467 7602 0 1 0 moving 
3 190 326 279 462 7603 0 1 1 moving 
3 204 327 283 458 7604 0 1 1 moving 
3 218 329 287 454 7605 0 1 0 moving 
3 224 332 297 457 7606 0 1 1 moving 
3 231 335 307 460 7607 0 1 1 moving 
3 238 338 317 464 7608 0 1 0 moving 
3 244 339 322 464 7609 0 1 1 moving 
3 250 340 327 465 7610 0 1 1 moving 
3 256 341 332 465 7611 0 1 1 moving 
3 263 343 337 466 7612 0 1 0 moving 
3 268 345 337 464 7613 0 1 1 moving 
3 274 347 338 462 7614 0 1 1 moving 
4 332 277 391 395 7595 0 0 0 moving 
4 337 275 392 393 7596 0 0 1 standing 
4 343 273 393 392 7597 0 0 1 standing 
4 349 272 395 391 7598 0 0 0 standing 
4 352 274 403 390 7599 0 0 1 standing 
4 356 276 412 389 7600 0 0 1 standing 
4 359 278 420 388 7601 0 0 1 standing 
4 363 280 429 388 7602 0 0 0 standing 
4 364 281 434 386 7603 0 0 1 standing 
4 365 283 440 385 7604 0 0 1 standing 
4 367 285 446 384 7605 0 0 0 standing 
4 368 284 448 386 7606 0 0 1 standing 
4 369 284 450 388 7607 0 0 1 standing 
4 370 284 453 391 7608 0 0 0 standing 
4 376 284 458 390 7609 0 0 1 standing 
4 383 285 464 389 7610 0 0 1 standing 
4 390 285 470 388 7611 0 0 1 standing 
4 397 286 476 388 7612 0 0 0 standing 
4 402 285 473 388 7613 0 0 1 standing 
4 407 284 471 388 7614 0 0 1 standing 
5 359 230 419 328 7595 0 1 0 standing 
5 359 228 422 326 7596 0 1 1 moving 
5 360 226 425 324 7597 0 1 1 moving 
5 361 225 428 323 7598 0 1 0 moving 
5 362 225 430 323 7599 0 1 1 moving 
5 363 225 433 323 7600 0 1 1 moving 
5 364 225 436 323 7601 0 1 1 moving 
5 365 225 439 324 7602 0 1 0 moving 
5 368 223 444 322 7603 0 1 1 moving 
5 372 222 449 320 7604 0 1 1 moving 
5 376 221 455 318 7605 0 1 0 moving 
5 383 219 462 317 7606 0 1 1 moving 
5 390 218 469 317 7607 0 1 1 moving 
5 397 217 476 317 7608 0 1 0 moving 
5 403 217 480 321 7609 0 1 1 moving 
5 409 218 485 325 7610 0 1 1 moving 
5 415 218 489 329 7611 0 1 1 moving 
5 422 219 494 334 7612 0 1 0 moving 
5 426 217 499 330 7613 0 1 1 moving 
5 431 216 504 326 7614 0 1 1 moving 
6 771 410 841 562 7595 0 0 0 moving 
6 765 406 833 558 7596 0 0 1 standing 
6 759 403 825 555 7597 0 0 1 standing 
6 753 400 817 552 7598 0 0 0 standing 
6 752 397 815 550 7599 0 0 1 standing 
6 751 395 813 549 7600 0 0 1 standing 
6 750 393 811 547 7601 0 0 1 standing 
6 750 391 809 546 7602 0 0 0 standing 
6 750 391 807 545 7603 0 0 1 standing 
6 750 391 805 544 7604 0 0 1 standing 
6 750 392 803 543 7605 0 0 0 standing 
6 746 392 800 541 7606 0 0 1 standing 
6 743 392 797 539 7607 0 0 1 standing 
6 740 393 794 537 7608 0 0 1 standing 
6 736 393 791 535 7609 0 0 1 standing 
6 733 394 788 533 7610 0 0 1 standing 
6 730 394 785 531 7611 0 0 1 standing 
6 727 395 782 530 7612 0 0 0 standing 
6 724 393 781 525 7613 0 0 1 standing 
6 721 392 780 520 7614 0 0 1 standing 
7 973 406 1044 538 7595 0 0 0 standing 
7 973 406 1045 539 7596 0 0 1 standing 
7 974 407 1047 540 7597 0 0 1 standing 
7 975 408 1049 542 7598 0 0 0 standing 
7 982 408 1052 543 7599 0 0 1 standing 
7 989 408 1056 544 7600 0 0 1 standing 
7 996 408 1059 545 7601 0 0 1 standing 
7 1003 408 1063 546 7602 0 0 0 standing 
7 1006 408 1067 548 7603 0 0 1 standing 
7 1009 409 1071 550 7604 0 0 1 standing 
7 1013 410 1076 552 7605 0 0 0 standing 
7 1014 411 1077 552 7606 0 0 1 standing 
7 1015 413 1078 553 7607 0 0 1 standing 
7 1016 415 1079 554 7608 0 0 0 standing 
7 1016 417 1083 555 7609 0 0 1 standing 
7 1016 419 1087 556 7610 0 0 1 standing 
7 1016 421 1091 557 7611 0 0 1 standing 
7 1017 423 1095 558 7612 0 0 0 standing 
7 1019 422 1093 555 7613 0 0 1 standing 
7 1021 421 1092 552 7614 0 0 1 standing 
8 1006 340 1053 486 7595 0 0 0 standing 
8 1011 338 1059 484 7596 0 0 1 standing 
8 1016 336 1066 482 7597 0 0 1 standing 
8 1022 334 1073 480 7598 0 0 0 standing 
8 1027 334 1079 479 7599 0 0 1 standing 
8 1033 334 1086 478 7600 0 0 1 standing 
8 1038 334 1092 477 7601 0 0 1 standing 
8 1044 334 1099 477 7602 0 0 0 standing 
8 1047 334 1103 478 7603 0 0 1 standing 
8 1050 334 1107 479 7604 0 0 1 standing 
8 1054 335 1112 480 7605 0 0 0 standing 
8 1056 333 1115 474 7606 0 0 1 standing 
8 1058 331 1119 468 7607 0 0 1 standing 
8 1060 329 1123 463 7608 0 0 0 standing 
8 1062 328 1124 462 7609 0 0 1 standing 
8 1064 328 1126 461 7610 0 0 1 standing 
8 1066 328 1128 460 7611 0 0 1 standing 
8 1068 328 1130 460 7612 0 0 1 standing 
8 1070 328 1132 459 7613 0 0 1 standing 
8 1072 328 1134 458 7614 0 0 1 standing 
9 1052 265 1098 383 7595 0 0 0 standing 
9 1048 263 1101 383 7596 0 0 1 standing 
9 1044 261 1104 383 7597 0 0 1 standing 
9 1040 260 1107 384 7598 0 0 0 standing 
9 1036 260 1108 382 7599 0 0 1 standing 
9 1033 260 1109 381 7600 0 0 1 standing 
9 1030 260 1110 380 7601 0 0 1 standing 
9 1027 261 1111 379 7602 0 0 0 standing 
9 1030 261 1109 378 7603 0 0 1 standing 
9 1033 261 1108 377 7604 0 0 1 standing 
9 1037 261 1107 377 7605 0 0 0 standing 
9 1037 261 1109 375 7606 0 0 1 standing 
9 1038 261 1111 373 7607 0 0 1 standing 
9 1039 262 1114 372 7608 0 0 0 standing 
9 1040 263 1117 370 7609 0 0 1 standing 
9 1041 264 1121 368 7610 0 0 1 standing 
9 1042 265 1124 366 7611 0 0 1 standing 
9 1044 266 1128 365 7612 0 0 0 standing 
9 1040 267 1125 365 7613 0 0 1 standing 
9 1037 268 1122 365 7614 0 0 1 standing 
10 737 327 787 450 7595 0 0 0 standing 
10 736 324 786 451 7596 0 0 1 standing 
10 735 321 785 452 7597 0 0 1 standing 
10 735 319 785 454 7598 0 0 0 standing 
10 735 317 786 454 7599 0 0 1 standing 
10 736 316 787 455 7600 0 0 1 standing 
10 737 315 788 455 7601 0 0 1 standing 
10 738 314 789 456 7602 0 0 0 standing 
10 739 313 790 448 7603 0 0 1 standing 
10 740 312 791 441 7604 0 0 1 standing 
10 742 311 792 434 7605 0 0 0 standing 
10 741 312 789 432 7606 0 0 1 standing 
10 740 313 787 430 7607 0 0 1 standing 
10 739 315 785 428 7608 0 0 1 standing 
10 738 316 783 426 7609 0 0 1 standing 
10 737 318 781 424 7610 0 0 1 standing 
10 736 319 779 422 7611 0 0 1 standing 
10 735 320 777 420 7612 0 0 1 standing 
10 734 322 775 418 7613 0 0 1 standing 
10 733 323 773 416 7614 0 0 1 standing 
11 712 263 768 377 7595 0 0 0 standing 
11 712 262 767 378 7596 0 0 1 standing 
11 712 261 767 379 7597 0 0 1 standing 
11 712 260 767 380 7598 0 0 1 standing 
11 712 259 767 381 7599 0 0 1 standing 
11 713 258 767 383 7600 0 0 1 standing 
11 713 257 767 384 7601 0 0 1 standing 
11 713 256 767 385 7602 0 0 1 standing 
11 713 255 767 386 7603 0 0 1 standing 
11 713 254 767 387 7604 0 0 1 standing 
11 714 254 767 389 7605 0 0 0 standing 
11 712 255 766 388 7606 0 0 1 standing 
11 711 257 766 388 7607 0 0 1 standing 
11 709 259 765 388 7608 0 0 1 standing 
11 708 260 765 387 7609 0 0 1 standing 
11 706 262 765 387 7610 0 0 1 standing 
11 705 264 764 387 7611 0 0 1 standing 
11 703 265 764 386 7612 0 0 1 standing 
11 702 267 763 386 7613 0 0 1 standing 
11 700 269 763 386 7614 0 0 1 standing 
