0 825 343 864 416 12355 0 1 0 digging 
0 821 342 860 415 12356 0 1 1 digging 
0 818 341 856 415 12357 0 1 1 digging 
0 815 340 852 415 12358 0 1 1 digging 
0 812 339 848 415 12359 0 1 1 digging 
0 809 338 844 415 12360 0 1 1 digging 
0 806 338 840 415 12361 0 1 0 digging 
0 802 331 837 415 12362 0 1 1 digging 
0 799 324 835 415 12363 0 1 1 digging 
0 796 318 833 416 12364 0 1 0 digging 
0 795 318 832 414 12365 0 1 1 digging 
0 794 318 832 413 12366 0 1 1 digging 
0 793 318 832 412 12367 0 1 0 digging 
0 792 321 830 412 12368 0 1 1 digging 
0 791 324 829 412 12369 0 1 1 digging 
0 790 327 828 412 12370 0 1 0 digging 
0 789 329 827 411 12371 0 1 1 digging 
0 789 331 827 411 12372 0 1 1 digging 
0 788 333 826 411 12373 0 1 1 digging 
0 788 335 826 411 12374 0 1 1 digging 
1 866 439 907 531 12355 0 0 0 digging 
1 862 437 903 529 12356 0 0 1 standing 
1 858 435 899 527 12357 0 0 1 standing 
1 855 433 895 525 12358 0 0 0 standing 
1 851 432 896 524 12359 0 0 1 standing 
1 847 431 897 523 12360 0 0 1 standing 
1 844 431 898 523 12361 0 0 0 standing 
1 841 427 898 523 12362 0 0 1 standing 
1 838 423 899 523 12363 0 0 1 standing 
1 836 419 900 523 12364 0 0 0 standing 
1 834 420 899 522 12365 0 0 1 standing 
1 832 421 899 521 12366 0 0 1 standing 
1 831 422 899 520 12367 0 0 0 standing 
1 829 423 901 519 12368 0 0 1 standing 
1 828 424 903 519 12369 0 0 1 standing 
1 827 425 906 519 12370 0 0 0 standing 
1 826 423 901 516 12371 0 0 1 standing 
1 826 422 897 514 12372 0 0 1 standing 
1 826 421 892 512 12373 0 0 1 standing 
1 826 420 888 510 12374 0 0 1 standing 
2 938 369 999 464 12355 0 0 0 standing 
2 934 369 996 464 12356 0 0 1 standing 
2 931 369 993 464 12357 0 0 1 standing 
2 928 369 991 464 12358 0 0 0 standing 
2 925 367 990 463 12359 0 0 1 standing 
2 923 365 990 462 12360 0 0 1 standing 
2 921 363 990 461 12361 0 0 0 standing 
2 920 359 985 460 12362 0 0 1 standing 
2 919 355 980 460 12363 0 0 1 standing 
2 918 351 976 460 12364 0 0 0 standing 
2 916 349 971 458 12365 0 0 1 standing 
2 914 347 967 456 12366 0 0 1 standing 
2 913 345 963 454 12367 0 0 0 standing 
2 912 345 962 454 12368 0 0 1 standing 
2 912 346 961 454 12369 0 0 1 standing 
2 912 347 961 454 12370 0 0 0 standing 
2 911 347 959 454 12371 0 0 1 standing 
2 911 348 958 454 12372 0 0 1 standing 
2 911 349 956 454 12373 0 0 1 standing 
2 911 350 955 454 12374 0 0 1 standing 
3 639 343 674 475 12355 0 0 0 standing 
3 637 350 671 477 12356 0 0 1 standing 
3 635 357 669 480 12357 0 0 1 standing 
3 633 364 667 483 12358 0 0 0 standing 
3 631 363 665 482 12359 0 0 1 standing 
3 630 363 664 482 12360 0 0 1 standing 
3 628 363 662 482 12361 0 0 1 standing 
3 627 363 661 482 12362 0 0 1 standing 
3 625 363 659 482 12363 0 0 1 standing 
3 624 363 658 482 12364 0 0 0 standing 
3 625 363 658 481 12365 0 0 1 standing 
3 626 364 659 481 12366 0 0 1 standing 
3 627 365 660 481 12367 0 0 1 standing 
3 628 365 661 481 12368 0 0 1 standing 
3 629 366 662 481 12369 0 0 1 standing 
3 630 367 663 481 12370 0 0 0 standing 
3 632 367 666 479 12371 0 0 1 standing 
3 634 367 669 478 12372 0 0 1 standing 
3 636 368 672 476 12373 0 0 1 standing 
3 638 368 675 475 12374 0 0 1 standing 
4 632 338 666 460 12355 0 0 0 standing 
4 629 343 662 461 12356 0 0 1 standing 
4 626 349 659 463 12357 0 0 1 standing 
4 624 355 656 465 12358 0 0 0 standing 
4 623 355 655 465 12359 0 0 1 standing 
4 623 355 655 465 12360 0 0 1 standing 
4 623 355 655 465 12361 0 0 1 standing 
4 622 356 654 465 12362 0 0 1 standing 
4 622 356 654 465 12363 0 0 1 standing 
4 622 356 654 466 12364 0 0 1 standing 
4 621 356 653 466 12365 0 0 1 standing 
4 621 357 653 466 12366 0 0 1 standing 
4 621 357 653 466 12367 0 0 1 standing 
4 620 357 652 466 12368 0 0 1 standing 
4 620 357 652 466 12369 0 0 1 standing 
4 620 358 652 467 12370 0 0 0 standing 
4 617 357 653 466 12371 0 0 1 standing 
4 614 356 654 465 12372 0 0 1 standing 
4 611 355 656 464 12373 0 0 1 standing 
4 608 354 657 463 12374 0 0 1 standing 
5 641 323 693 408 12355 0 0 0 standing 
5 639 324 691 409 12356 0 0 1 moving 
5 637 325 689 410 12357 0 0 1 moving 
5 635 327 687 412 12358 0 0 0 moving 
5 635 323 688 408 12359 0 0 1 moving 
5 636 320 689 405 12360 0 0 1 moving 
5 637 317 691 402 12361 0 0 0 moving 
5 637 316 689 401 12362 0 0 1 moving 
5 637 316 687 400 12363 0 0 1 moving 
5 637 316 686 400 12364 0 0 0 moving 
5 645 315 691 400 12365 0 0 1 moving 
5 653 314 696 400 12366 0 0 1 moving 
5 662 313 701 401 12367 0 0 0 moving 
5 664 313 702 403 12368 0 0 1 moving 
5 666 313 704 406 12369 0 0 1 moving 
5 668 314 706 409 12370 0 0 0 moving 
5 671 314 710 409 12371 0 0 1 moving 
5 675 314 714 409 12372 0 0 1 moving 
5 679 314 718 409 12373 0 0 1 moving 
5 683 314 722 409 12374 0 0 1 moving 
6 573 378 637 486 12355 0 0 0 moving 
6 572 382 636 489 12356 0 0 1 standing 
6 572 387 636 492 12357 0 0 1 standing 
6 572 392 636 496 12358 0 0 0 standing 
6 571 394 633 499 12359 0 0 1 standing 
6 571 396 630 502 12360 0 0 1 standing 
6 571 398 628 506 12361 0 0 0 standing 
6 571 398 627 505 12362 0 0 1 standing 
6 571 398 626 505 12363 0 0 1 standing 
6 571 398 625 505 12364 0 0 0 standing 
6 570 396 622 503 12365 0 0 1 standing 
6 569 394 620 502 12366 0 0 1 standing 
6 569 393 618 501 12367 0 0 0 standing 
6 566 395 615 505 12368 0 0 1 standing 
6 564 398 613 509 12369 0 0 1 standing 
6 562 401 611 514 12370 0 0 0 standing 
6 562 401 609 515 12371 0 0 1 standing 
6 563 401 608 516 12372 0 0 1 standing 
6 564 401 606 517 12373 0 0 1 standing 
6 565 401 605 518 12374 0 0 1 standing 
7 548 345 601 444 12355 0 0 0 standing 
7 543 346 593 445 12356 0 0 1 standing 
7 538 347 585 446 12357 0 0 1 standing 
7 533 349 577 448 12358 0 0 0 standing 
7 528 349 572 447 12359 0 0 1 standing 
7 524 350 567 446 12360 0 0 1 standing 
7 520 351 563 445 12361 0 0 0 standing 
7 512 350 559 445 12362 0 0 1 standing 
7 505 349 555 445 12363 0 0 1 standing 
7 498 348 552 446 12364 0 0 0 standing 
7 494 349 550 445 12365 0 0 1 standing 
7 490 351 549 445 12366 0 0 1 standing 
7 486 353 548 445 12367 0 0 0 standing 
7 486 353 545 445 12368 0 0 1 standing 
7 486 353 542 445 12369 0 0 1 standing 
7 486 353 540 445 12370 0 0 0 standing 
7 485 353 535 445 12371 0 0 1 standing 
7 484 353 531 445 12372 0 0 1 standing 
7 483 353 527 445 12373 0 0 1 standing 
7 482 353 523 445 12374 0 0 1 standing 
8 499 285 553 376 12355 0 0 0 standing 
8 502 286 556 376 12356 0 0 1 standing 
8 506 287 560 376 12357 0 0 1 standing 
8 510 288 564 377 12358 0 0 0 standing 
8 511 292 565 381 12359 0 0 1 standing 
8 513 296 566 385 12360 0 0 1 standing 
8 515 300 568 389 12361 0 0 0 standing 
8 515 301 568 390 12362 0 0 1 standing 
8 515 302 568 391 12363 0 0 1 standing 
8 515 304 568 393 12364 0 0 0 standing 
8 517 305 569 393 12365 0 0 1 standing 
8 519 306 571 394 12366 0 0 1 standing 
8 521 307 573 395 12367 0 0 0 standing 
8 523 309 574 398 12368 0 0 1 standing 
8 525 311 575 402 12369 0 0 1 standing 
8 527 313 576 406 12370 0 0 0 standing 
8 530 314 578 408 12371 0 0 1 standing 
8 534 315 580 410 12372 0 0 1 standing 
8 537 317 583 413 12373 0 0 1 standing 
8 541 318 585 415 12374 0 0 1 standing 
9 372 438 424 553 12355 0 0 0 standing 
9 378 436 434 551 12356 0 0 1 moving 
9 384 434 444 549 12357 0 0 1 moving 
9 391 433 455 547 12358 0 0 0 moving 
9 395 432 459 546 12359 0 0 1 moving 
9 399 432 463 546 12360 0 0 1 moving 
9 403 432 467 546 12361 0 0 0 moving 
9 406 429 467 543 12362 0 0 1 moving 
9 409 426 467 540 12363 0 0 1 moving 
9 413 424 468 538 12364 0 0 0 moving 
9 415 422 473 537 12365 0 0 1 moving 
9 417 420 478 537 12366 0 0 1 moving 
9 420 418 483 537 12367 0 0 0 moving 
9 422 417 486 536 12368 0 0 1 moving 
9 424 417 489 535 12369 0 0 1 moving 
9 426 417 493 535 12370 0 0 0 moving 
9 426 419 494 535 12371 0 0 1 moving 
9 427 421 496 536 12372 0 0 1 moving 
9 427 424 498 537 12373 0 0 1 moving 
9 428 426 500 538 12374 0 0 1 moving 
10 339 409 398 506 12355 0 0 0 moving 
10 348 409 401 506 12356 0 0 1 moving 
10 357 409 404 507 12357 0 0 1 moving 
10 366 410 408 508 12358 0 0 0 moving 
10 372 408 411 507 12359 0 0 1 moving 
10 378 407 414 506 12360 0 0 1 moving 
10 385 406 418 505 12361 0 0 0 moving 
10 388 404 421 506 12362 0 0 1 moving 
10 392 402 425 507 12363 0 0 1 moving 
10 396 401 429 509 12364 0 0 0 moving 
10 401 399 434 507 12365 0 0 1 moving 
10 407 397 440 505 12366 0 0 1 moving 
10 413 396 446 504 12367 0 0 0 moving 
10 417 396 450 504 12368 0 0 1 moving 
10 421 396 454 504 12369 0 0 1 moving 
10 425 396 458 504 12370 0 0 0 moving 
10 429 396 467 503 12371 0 0 1 moving 
10 434 397 476 502 12372 0 0 1 moving 
10 438 398 486 501 12373 0 0 1 moving 
10 443 399 495 500 12374 0 0 1 moving 
11 287 379 329 466 12355 0 0 0 moving 
11 288 381 331 468 12356 0 0 1 standing 
11 290 383 333 470 12357 0 0 1 standing 
11 292 386 336 473 12358 0 0 0 standing 
11 291 383 340 472 12359 0 0 1 standing 
11 291 380 345 471 12360 0 0 1 standing 
11 291 378 350 471 12361 0 0 0 standing 
11 294 375 348 468 12362 0 0 1 standing 
11 297 372 346 465 12363 0 0 1 standing 
11 301 369 345 463 12364 0 0 0 standing 
11 306 365 348 458 12365 0 0 1 standing 
11 312 361 352 454 12366 0 0 1 standing 
11 318 357 356 450 12367 0 0 0 standing 
11 321 356 361 449 12368 0 0 1 standing 
11 324 356 366 449 12369 0 0 1 standing 
11 327 356 371 449 12370 0 0 0 standing 
11 330 357 373 447 12371 0 0 1 standing 
11 333 358 375 446 12372 0 0 1 standing 
11 337 360 378 444 12373 0 0 1 standing 
11 340 361 380 443 12374 0 0 1 standing 
