0 280 447 331 576 31555 0 0 0 moving 
0 277 447 337 575 31556 0 0 1 moving 
0 274 448 343 574 31557 0 0 1 moving 
0 271 449 349 574 31558 0 0 0 moving 
0 264 450 347 574 31559 0 0 1 moving 
0 258 452 345 575 31560 0 0 1 moving 
0 252 454 343 575 31561 0 0 1 moving 
0 246 456 341 576 31562 0 0 1 moving 
0 240 458 340 577 31563 0 0 0 moving 
0 242 456 334 574 31564 0 0 1 moving 
0 244 454 328 572 31565 0 0 1 moving 
0 246 452 322 570 31566 0 0 1 moving 
0 248 451 316 568 31567 0 0 0 moving 
0 247 450 316 567 31568 0 0 1 moving 
0 247 450 316 567 31569 0 0 1 moving 
0 246 449 316 567 31570 0 0 1 moving 
0 246 449 316 567 31571 0 0 0 moving 
0 244 450 316 568 31572 0 0 1 moving 
0 242 452 316 569 31573 0 0 1 moving 
0 241 454 317 571 31574 0 0 0 moving 
1 378 364 420 454 31555 0 0 0 moving 
1 374 361 417 454 31556 0 0 1 standing 
1 370 358 415 454 31557 0 0 1 standing 
1 366 355 413 454 31558 0 0 1 standing 
1 363 353 411 454 31559 0 0 0 standing 
1 359 354 409 454 31560 0 0 1 standing 
1 355 356 408 454 31561 0 0 1 standing 
1 352 358 406 454 31562 0 0 1 standing 
1 348 360 405 454 31563 0 0 1 standing 
1 344 362 403 454 31564 0 0 1 standing 
1 341 364 402 455 31565 0 0 0 standing 
1 337 362 397 454 31566 0 0 1 standing 
1 333 361 392 454 31567 0 0 1 standing 
1 330 359 388 454 31568 0 0 1 standing 
1 326 358 383 454 31569 0 0 1 standing 
1 323 357 379 454 31570 0 0 0 standing 
1 321 359 376 454 31571 0 0 1 standing 
1 319 361 374 455 31572 0 0 1 standing 
1 317 364 371 456 31573 0 0 1 standing 
1 315 366 369 457 31574 0 0 1 standing 
2 437 316 508 405 31555 0 1 0 standing 
2 435 313 505 406 31556 0 1 1 spiking 
2 434 310 503 407 31557 0 1 1 spiking 
2 433 308 501 409 31558 0 1 1 spiking 
2 432 305 498 410 31559 0 1 1 spiking 
2 431 302 496 411 31560 0 1 1 spiking 
2 430 300 494 413 31561 0 1 0 spiking 
2 426 297 492 409 31562 0 1 1 spiking 
2 423 294 491 406 31563 0 1 1 spiking 
2 419 291 490 402 31564 0 1 1 spiking 
2 416 288 489 399 31565 0 1 1 spiking 
2 413 286 488 396 31566 0 1 0 spiking 
2 409 289 485 398 31567 0 1 1 spiking 
2 405 292 482 401 31568 0 1 1 spiking 
2 401 295 479 404 31569 0 1 1 spiking 
2 397 298 476 406 31570 0 1 1 spiking 
2 393 301 473 409 31571 0 1 1 spiking 
2 390 305 470 412 31572 0 1 0 spiking 
2 389 310 468 416 31573 0 1 1 spiking 
2 389 315 466 420 31574 0 1 1 spiking 
3 494 404 548 522 31555 0 0 1 spiking 
3 491 403 545 520 31556 0 0 1 moving 
3 487 403 541 519 31557 0 0 1 moving 
3 484 402 538 517 31558 0 0 1 moving 
3 481 402 535 516 31559 0 0 0 moving 
3 475 400 528 513 31560 0 0 1 moving 
3 469 399 522 510 31561 0 0 1 moving 
3 463 397 516 507 31562 0 0 1 moving 
3 457 396 510 504 31563 0 0 1 moving 
3 451 394 504 501 31564 0 0 1 moving 
3 445 393 498 498 31565 0 0 1 moving 
3 440 392 492 496 31566 0 0 0 moving 
3 432 390 489 492 31567 0 0 1 moving 
3 425 389 487 489 31568 0 0 1 moving 
3 418 388 485 486 31569 0 0 1 moving 
3 411 387 483 483 31570 0 0 0 moving 
3 404 388 476 483 31571 0 0 1 moving 
3 397 390 469 483 31572 0 0 1 moving 
3 390 391 462 484 31573 0 0 1 moving 
3 383 393 455 484 31574 0 0 1 moving 
4 611 342 647 434 31555 0 1 0 moving 
4 605 340 640 432 31556 0 1 1 blocking 
4 599 339 634 431 31557 0 1 1 blocking 
4 593 338 628 430 31558 0 1 1 blocking 
4 587 337 622 429 31559 0 1 0 blocking 
4 579 331 613 427 31560 0 1 1 blocking 
4 571 325 605 426 31561 0 1 1 blocking 
4 563 319 597 424 31562 0 1 1 blocking 
4 555 313 589 423 31563 0 1 1 blocking 
4 547 307 581 421 31564 0 1 1 blocking 
4 539 301 573 420 31565 0 1 1 blocking 
4 531 295 565 418 31566 0 1 1 blocking 
4 523 289 557 417 31567 0 1 0 blocking 
4 513 290 549 416 31568 0 1 1 blocking 
4 503 291 542 415 31569 0 1 1 blocking 
4 493 292 534 415 31570 0 1 1 blocking 
4 483 293 527 414 31571 0 1 1 blocking 
4 473 294 519 413 31572 0 1 1 blocking 
4 464 295 512 413 31573 0 1 0 blocking 
4 460 296 506 414 31574 0 1 1 blocking 
5 712 435 774 546 31555 0 0 1 blocking 
5 712 434 776 545 31556 0 0 1 standing 
5 713 434 779 545 31557 0 0 0 standing 
5 706 434 778 544 31558 0 0 1 standing 
5 700 434 778 544 31559 0 0 1 standing 
5 694 434 778 544 31560 0 0 0 standing 
5 694 433 771 544 31561 0 0 1 standing 
5 694 433 764 544 31562 0 0 1 standing 
5 694 432 757 544 31563 0 0 1 standing 
5 694 432 750 544 31564 0 0 1 standing 
5 694 432 743 545 31565 0 0 0 standing 
5 688 432 739 545 31566 0 0 1 standing 
5 683 433 735 545 31567 0 0 1 standing 
5 677 434 732 545 31568 0 0 1 standing 
5 672 435 728 545 31569 0 0 1 standing 
5 666 435 725 545 31570 0 0 1 standing 
5 661 436 721 545 31571 0 0 1 standing 
5 655 437 718 545 31572 0 0 1 standing 
5 650 438 714 545 31573 0 0 1 standing 
5 645 439 711 546 31574 0 0 0 standing 
6 828 350 882 441 31555 0 0 0 standing 
6 818 351 876 439 31556 0 0 1 moving 
6 808 352 870 438 31557 0 0 1 moving 
6 798 354 865 437 31558 0 0 0 moving 
6 788 352 858 436 31559 0 0 1 moving 
6 778 351 851 435 31560 0 0 1 moving 
6 768 350 844 434 31561 0 0 0 moving 
6 758 348 828 433 31562 0 0 1 moving 
6 748 347 812 432 31563 0 0 1 moving 
6 738 346 797 431 31564 0 0 0 moving 
6 725 346 783 431 31565 0 0 1 moving 
6 712 346 769 431 31566 0 0 1 moving 
6 700 346 756 432 31567 0 0 1 moving 
6 687 346 742 432 31568 0 0 1 moving 
6 674 346 728 432 31569 0 0 1 moving 
6 662 347 715 433 31570 0 0 0 moving 
6 653 348 705 434 31571 0 0 1 moving 
6 644 349 695 435 31572 0 0 1 moving 
6 635 350 686 436 31573 0 0 1 moving 
6 626 351 676 437 31574 0 0 1 moving 
7 950 406 1000 505 31555 0 0 0 moving 
7 942 405 992 504 31556 0 0 1 digging 
7 934 405 984 503 31557 0 0 1 digging 
7 926 404 976 502 31558 0 0 1 digging 
7 919 404 968 502 31559 0 0 1 digging 
7 911 404 961 501 31560 0 0 1 digging 
7 903 403 953 500 31561 0 0 1 digging 
7 896 403 945 500 31562 0 0 1 digging 
7 888 402 937 499 31563 0 0 1 digging 
7 880 402 929 498 31564 0 0 1 digging 
7 873 402 922 498 31565 0 0 0 digging 
7 865 402 915 497 31566 0 0 1 digging 
7 858 402 908 497 31567 0 0 1 digging 
7 851 402 902 497 31568 0 0 1 digging 
7 844 402 895 496 31569 0 0 1 digging 
7 837 402 888 496 31570 0 0 1 digging 
7 830 402 882 496 31571 0 0 1 digging 
7 823 402 875 495 31572 0 0 1 digging 
7 816 402 868 495 31573 0 0 1 digging 
7 809 402 862 495 31574 0 0 1 digging 
8 306 396 365 513 31555 0 0 1 digging 
8 300 397 358 514 31556 0 0 1 standing 
8 295 397 351 514 31557 0 0 1 standing 
8 289 398 344 515 31558 0 0 1 standing 
8 283 398 337 515 31559 0 0 1 standing 
8 278 399 330 516 31560 0 0 1 standing 
8 272 399 323 516 31561 0 0 1 standing 
8 267 400 317 517 31562 0 0 0 standing 
8 258 400 307 517 31563 0 0 1 standing 
8 249 400 297 517 31564 0 0 1 standing 
8 240 400 287 517 31565 0 0 0 standing 
8 231 401 279 518 31566 0 0 1 standing 
8 222 402 272 519 31567 0 0 1 standing 
8 213 403 265 520 31568 0 0 1 standing 
8 204 405 258 521 31569 0 0 1 standing 
8 195 406 250 522 31570 0 0 1 standing 
8 186 407 243 523 31571 0 0 1 standing 
8 177 408 236 524 31572 0 0 1 standing 
8 169 410 229 525 31573 0 0 0 standing 
8 162 412 221 527 31574 0 0 1 standing 
9 367 379 406 477 31555 0 0 0 standing 
9 352 378 396 478 31556 0 0 1 moving 
9 337 377 386 479 31557 0 0 1 moving 
9 323 376 376 480 31558 0 0 0 moving 
9 312 378 368 480 31559 0 0 1 moving 
9 301 380 361 481 31560 0 0 1 moving 
9 291 382 354 482 31561 0 0 0 moving 
9 277 383 342 482 31562 0 0 1 moving 
9 264 384 331 482 31563 0 0 1 moving 
9 250 385 320 482 31564 0 0 1 moving 
9 237 386 309 483 31565 0 0 0 moving 
9 228 384 299 483 31566 0 0 1 moving 
9 220 382 290 483 31567 0 0 1 moving 
9 212 380 280 484 31568 0 0 1 moving 
9 204 378 271 484 31569 0 0 1 moving 
9 196 376 261 484 31570 0 0 1 moving 
9 188 375 252 485 31571 0 0 0 moving 
9 185 376 248 486 31572 0 0 1 moving 
9 182 378 244 488 31573 0 0 1 moving 
9 179 380 240 490 31574 0 0 1 moving 
10 608 357 668 461 31555 0 1 0 moving 
10 602 355 657 455 31556 0 1 1 blocking 
10 596 353 646 449 31557 0 1 1 blocking 
10 590 352 636 443 31558 0 1 0 blocking 
10 582 347 628 443 31559 0 1 1 blocking 
10 574 343 620 443 31560 0 1 1 blocking 
10 566 338 612 443 31561 0 1 1 blocking 
10 559 334 604 443 31562 0 1 1 blocking 
10 551 329 596 443 31563 0 1 1 blocking 
10 543 325 588 443 31564 0 1 1 blocking 
10 536 321 581 444 31565 0 1 0 blocking 
10 525 315 572 437 31566 0 1 1 blocking 
10 514 310 563 431 31567 0 1 1 blocking 
10 503 304 554 425 31568 0 1 1 blocking 
10 493 299 545 419 31569 0 1 0 blocking 
10 487 300 540 419 31570 0 1 1 blocking 
10 482 301 536 419 31571 0 1 1 blocking 
10 477 303 531 419 31572 0 1 1 blocking 
10 472 304 527 419 31573 0 1 1 blocking 
10 466 305 523 419 31574 0 1 1 blocking 
11 875 463 934 563 31555 0 0 0 blocking 
11 867 463 926 562 31556 0 0 1 waiting 
11 859 463 918 561 31557 0 0 1 waiting 
11 851 463 910 560 31558 0 0 1 waiting 
11 844 463 902 559 31559 0 0 1 waiting 
11 836 463 894 558 31560 0 0 1 waiting 
11 828 463 886 557 31561 0 0 1 waiting 
11 820 463 878 556 31562 0 0 1 waiting 
11 813 463 871 555 31563 0 0 0 waiting 
11 805 460 863 553 31564 0 0 1 waiting 
11 798 457 856 551 31565 0 0 1 waiting 
11 790 454 849 549 31566 0 0 1 waiting 
11 783 451 842 548 31567 0 0 0 waiting 
11 775 450 836 546 31568 0 0 1 waiting 
11 768 449 830 545 31569 0 0 1 waiting 
11 760 449 824 544 31570 0 0 1 waiting 
11 753 448 818 543 31571 0 0 1 waiting 
11 746 448 813 542 31572 0 0 0 waiting 
11 741 449 810 542 31573 0 0 1 waiting 
11 736 450 807 543 31574 0 0 1 waiting 
