0 367 473 433 631 75985 0 1 0 spiking 
0 362 465 427 622 75986 0 1 1 spiking 
0 358 457 421 614 75987 0 1 1 spiking 
0 354 449 416 605 75988 0 1 1 spiking 
0 350 441 410 597 75989 0 1 1 spiking 
0 346 433 404 588 75990 0 1 1 spiking 
0 342 425 399 580 75991 0 1 0 spiking 
0 341 422 397 580 75992 0 1 1 spiking 
0 341 419 396 580 75993 0 1 1 spiking 
0 340 416 395 581 75994 0 1 1 spiking 
0 340 413 394 581 75995 0 1 1 spiking 
0 339 410 393 581 75996 0 1 1 spiking 
0 339 407 392 582 75997 0 1 0 spiking 
0 339 414 392 585 75998 0 1 1 spiking 
0 340 422 392 588 75999 0 1 1 spiking 
0 340 429 393 591 76000 0 1 1 spiking 
0 341 437 393 594 76001 0 1 1 spiking 
0 341 444 393 597 76002 0 1 1 spiking 
0 342 452 394 600 76003 0 1 1 spiking 
0 342 459 394 603 76004 0 1 1 spiking 
1 581 464 629 614 75985 0 1 0 spiking 
1 572 455 621 611 75986 0 1 1 blocking 
1 564 447 613 608 75987 0 1 1 blocking 
1 556 438 606 605 75988 0 1 1 blocking 
1 547 430 598 603 75989 0 1 1 blocking 
1 539 421 591 600 75990 0 1 1 blocking 
1 531 413 583 597 75991 0 1 1 blocking 
1 522 404 575 595 75992 0 1 1 blocking 
1 514 396 568 592 75993 0 1 1 blocking 
1 506 387 560 589 75994 0 1 1 blocking 
1 498 379 553 587 75995 0 1 0 blocking 
1 495 382 550 581 75996 0 1 1 blocking 
1 492 385 548 575 75997 0 1 1 blocking 
1 489 388 546 569 75998 0 1 1 blocking 
1 486 391 543 563 75999 0 1 1 blocking 
1 483 394 541 557 76000 0 1 1 blocking 
1 480 398 539 552 76001 0 1 0 blocking 
1 477 401 537 557 76002 0 1 1 blocking 
1 474 405 535 563 76003 0 1 1 blocking 
1 471 409 533 569 76004 0 1 1 blocking 
2 902 504 993 624 75985 0 0 0 blocking 
2 907 503 994 625 75986 0 0 1 standing 
2 912 503 995 626 75987 0 0 1 standing 
2 917 503 996 628 75988 0 0 0 standing 
2 914 504 992 627 75989 0 0 1 standing 
2 911 505 989 627 75990 0 0 1 standing 
2 909 507 986 627 75991 0 0 0 standing 
2 899 501 976 625 75992 0 0 1 standing 
2 890 496 967 623 75993 0 0 1 standing 
2 881 491 958 622 75994 0 0 0 standing 
2 881 487 962 618 75995 0 0 1 standing 
2 881 483 966 614 75996 0 0 1 standing 
2 881 479 970 610 75997 0 0 0 standing 
2 875 479 962 604 75998 0 0 1 standing 
2 870 480 954 599 75999 0 0 1 standing 
2 865 481 946 594 76000 0 0 0 standing 
2 852 479 942 593 76001 0 0 1 standing 
2 840 477 938 593 76002 0 0 1 standing 
2 827 476 935 592 76003 0 0 1 standing 
2 815 474 931 592 76004 0 0 1 standing 
3 1005 411 1068 540 75985 0 0 0 standing 
3 991 409 1060 539 75986 0 0 1 standing 
3 977 408 1052 538 75987 0 0 1 standing 
3 963 407 1044 538 75988 0 0 0 standing 
3 954 405 1032 534 75989 0 0 1 standing 
3 945 404 1020 531 75990 0 0 1 standing 
3 937 403 1009 528 75991 0 0 0 standing 
3 926 401 990 521 75992 0 0 1 standing 
3 916 399 971 515 75993 0 0 1 standing 
3 906 397 952 509 75994 0 0 0 standing 
3 895 395 942 507 75995 0 0 1 standing 
3 885 393 932 505 75996 0 0 1 standing 
3 875 391 922 503 75997 0 0 0 standing 
3 865 391 914 502 75998 0 0 1 standing 
3 856 391 906 502 75999 0 0 1 standing 
3 847 391 899 502 76000 0 0 0 standing 
3 839 391 891 502 76001 0 0 1 standing 
3 832 392 884 503 76002 0 0 1 standing 
3 825 392 877 503 76003 0 0 1 standing 
3 818 393 870 504 76004 0 0 1 standing 
4 841 377 910 484 75985 0 0 0 standing 
4 835 377 909 482 75986 0 0 1 standing 
4 829 377 908 480 75987 0 0 1 standing 
4 823 377 908 479 75988 0 0 0 standing 
4 816 376 905 479 75989 0 0 1 standing 
4 810 376 902 480 75990 0 0 1 standing 
4 804 376 900 481 75991 0 0 0 standing 
4 800 372 893 480 75992 0 0 1 standing 
4 796 368 886 479 75993 0 0 1 standing 
4 792 365 880 478 75994 0 0 0 standing 
4 798 363 876 476 75995 0 0 1 standing 
4 804 361 872 474 75996 0 0 1 standing 
4 810 359 869 472 75997 0 0 0 standing 
4 813 357 866 470 75998 0 0 1 standing 
4 816 356 863 468 75999 0 0 1 standing 
4 819 355 861 467 76000 0 0 0 standing 
4 817 355 866 468 76001 0 0 1 standing 
4 815 356 871 469 76002 0 0 1 standing 
4 814 356 876 470 76003 0 0 1 standing 
4 812 357 881 471 76004 0 0 1 standing 
5 606 385 662 477 75985 0 0 0 standing 
5 605 386 657 476 75986 0 0 1 standing 
5 605 387 652 476 75987 0 0 1 standing 
5 605 388 648 476 75988 0 0 0 standing 
5 600 387 644 478 75989 0 0 1 standing 
5 596 386 641 481 75990 0 0 1 standing 
5 592 385 638 484 75991 0 0 0 standing 
5 587 383 634 484 75992 0 0 1 standing 
5 582 381 631 484 75993 0 0 1 standing 
5 577 379 628 485 75994 0 0 0 standing 
5 575 379 628 484 75995 0 0 1 standing 
5 573 379 628 484 75996 0 0 1 standing 
5 572 379 629 484 75997 0 0 0 standing 
5 569 382 626 483 75998 0 0 1 standing 
5 567 385 624 482 75999 0 0 1 standing 
5 565 388 622 481 76000 0 0 0 standing 
5 562 389 620 482 76001 0 0 1 standing 
5 559 391 619 483 76002 0 0 1 standing 
5 557 392 618 484 76003 0 0 1 standing 
5 554 394 617 485 76004 0 0 1 standing 
6 571 418 621 567 75985 0 0 0 standing 
6 564 420 611 562 75986 0 0 1 blocking 
6 557 422 602 557 75987 0 0 1 blocking 
6 551 424 593 553 75988 0 0 0 blocking 
6 544 426 586 555 75989 0 0 1 blocking 
6 538 428 579 558 75990 0 0 1 blocking 
6 532 430 573 561 75991 0 0 0 blocking 
6 524 427 569 561 75992 0 0 1 blocking 
6 517 424 565 562 75993 0 0 1 blocking 
6 510 421 562 563 75994 0 0 0 blocking 
6 507 424 564 563 75995 0 0 1 blocking 
6 504 427 567 563 75996 0 0 1 blocking 
6 502 430 569 563 75997 0 0 1 blocking 
6 499 433 572 563 75998 0 0 1 blocking 
6 496 436 574 563 75999 0 0 1 blocking 
6 494 439 577 564 76000 0 0 0 blocking 
6 491 439 580 564 76001 0 0 1 blocking 
6 488 439 583 564 76002 0 0 1 blocking 
6 486 440 586 564 76003 0 0 0 blocking 
6 486 440 586 564 76004 0 0 1 blocking 
7 474 418 527 557 75985 0 0 0 blocking 
7 470 421 521 556 75986 0 0 1 standing 
7 467 424 515 556 75987 0 0 1 standing 
7 464 427 510 556 75988 0 0 0 standing 
7 456 423 504 555 75989 0 0 1 standing 
7 449 419 499 555 75990 0 0 1 standing 
7 442 416 494 555 75991 0 0 0 standing 
7 436 416 489 554 75992 0 0 1 standing 
7 430 416 485 553 75993 0 0 1 standing 
7 424 416 481 553 75994 0 0 0 standing 
7 419 417 474 554 75995 0 0 1 standing 
7 414 418 467 555 75996 0 0 1 standing 
7 410 419 461 556 75997 0 0 0 standing 
7 405 419 456 556 75998 0 0 1 standing 
7 400 419 452 557 75999 0 0 1 standing 
7 396 420 448 558 76000 0 0 0 standing 
7 393 420 447 556 76001 0 0 1 standing 
7 390 420 447 554 76002 0 0 1 standing 
7 387 420 447 552 76003 0 0 1 standing 
7 384 420 447 550 76004 0 0 1 standing 
8 338 448 381 561 75985 0 0 0 standing 
8 338 447 382 561 75986 0 0 1 standing 
8 338 446 384 561 75987 0 0 1 standing 
8 339 445 386 561 75988 0 0 0 standing 
8 342 442 389 564 75989 0 0 1 standing 
8 345 439 392 567 75990 0 0 1 standing 
8 348 436 395 571 75991 0 0 0 standing 
8 348 444 395 576 75992 0 0 1 standing 
8 348 452 395 582 75993 0 0 1 standing 
8 348 461 395 588 75994 0 0 0 standing 
8 345 460 392 587 75995 0 0 1 standing 
8 343 460 390 587 75996 0 0 1 standing 
8 341 460 388 587 75997 0 0 0 standing 
8 339 458 386 585 75998 0 0 1 standing 
8 337 456 384 583 75999 0 0 1 standing 
8 335 455 382 582 76000 0 0 0 standing 
8 334 455 380 580 76001 0 0 1 standing 
8 333 455 379 578 76002 0 0 1 standing 
8 332 456 378 576 76003 0 0 1 standing 
8 331 456 377 574 76004 0 0 1 standing 
9 357 382 402 496 75985 0 0 0 standing 
9 342 383 390 497 75986 0 0 1 standing 
9 327 384 378 498 75987 0 0 1 standing 
9 313 385 366 500 75988 0 0 0 standing 
9 300 387 355 501 75989 0 0 1 standing 
9 287 389 344 502 75990 0 0 1 standing 
9 274 391 333 504 75991 0 0 0 standing 
9 268 389 325 501 75992 0 0 1 standing 
9 262 387 317 499 75993 0 0 1 standing 
9 257 385 310 497 75994 0 0 0 standing 
9 249 382 302 497 75995 0 0 1 standing 
9 241 379 294 497 75996 0 0 1 standing 
9 234 377 287 498 75997 0 0 0 standing 
9 227 377 281 496 75998 0 0 1 standing 
9 220 378 276 494 75999 0 0 1 standing 
9 213 379 271 492 76000 0 0 0 standing 
9 207 380 266 491 76001 0 0 1 standing 
9 201 381 261 491 76002 0 0 1 standing 
9 195 383 257 491 76003 0 0 1 standing 
9 189 384 252 491 76004 0 0 1 standing 
10 374 349 427 455 75985 0 0 0 standing 
10 371 350 426 457 75986 0 0 1 standing 
10 368 351 425 459 75987 0 0 1 standing 
10 365 353 424 462 75988 0 0 0 standing 
10 364 354 423 463 75989 0 0 1 standing 
10 364 355 423 464 75990 0 0 1 standing 
10 364 356 423 465 75991 0 0 0 standing 
10 363 356 422 465 75992 0 0 1 standing 
10 362 356 421 465 75993 0 0 1 standing 
10 361 356 420 465 75994 0 0 0 standing 
10 363 357 419 466 75995 0 0 1 standing 
10 365 358 419 467 75996 0 0 1 standing 
10 367 360 419 468 75997 0 0 0 standing 
10 367 359 419 467 75998 0 0 1 standing 
10 368 358 420 466 75999 0 0 1 standing 
10 369 357 421 465 76000 0 0 0 standing 
10 370 357 420 465 76001 0 0 1 standing 
10 371 357 419 465 76002 0 0 1 standing 
10 372 358 418 465 76003 0 0 1 standing 
10 373 358 417 465 76004 0 0 1 standing 
11 239 412 292 530 75985 0 0 0 standing 
11 234 412 287 533 75986 0 0 1 standing 
11 229 412 282 536 75987 0 0 1 standing 
11 225 413 277 539 75988 0 0 0 standing 
11 217 412 267 537 75989 0 0 1 standing 
11 209 411 257 536 75990 0 0 1 standing 
11 202 410 248 535 75991 0 0 0 standing 
11 196 410 244 533 75992 0 0 1 standing 
11 190 410 241 532 75993 0 0 1 standing 
11 185 410 238 531 75994 0 0 0 standing 
11 179 410 234 535 75995 0 0 1 standing 
11 174 410 230 539 75996 0 0 1 standing 
11 169 410 227 543 75997 0 0 0 standing 
11 163 416 224 546 75998 0 0 1 standing 
11 158 422 221 550 75999 0 0 1 standing 
11 153 428 218 554 76000 0 0 0 standing 
11 150 429 216 554 76001 0 0 1 standing 
11 148 431 214 554 76002 0 0 1 standing 
11 145 433 213 555 76003 0 0 1 standing 
11 143 435 211 555 76004 0 0 1 standing 
