0 570 357 614 483 22455 0 1 0 setting 
0 569 350 613 478 22456 0 1 1 setting 
0 568 344 612 473 22457 0 1 1 setting 
0 567 338 611 469 22458 0 1 1 setting 
0 566 331 610 464 22459 0 1 1 setting 
0 565 325 609 459 22460 0 1 1 setting 
0 565 319 609 455 22461 0 1 0 setting 
0 563 322 608 455 22462 0 1 1 setting 
0 561 326 607 456 22463 0 1 1 setting 
0 560 330 607 457 22464 0 1 1 setting 
0 558 333 606 457 22465 0 1 1 setting 
0 557 337 605 458 22466 0 1 1 setting 
0 555 341 605 459 22467 0 1 1 setting 
0 554 345 604 460 22468 0 1 1 setting 
0 552 348 603 460 22469 0 1 1 setting 
0 551 352 603 461 22470 0 1 1 setting 
0 549 356 602 462 22471 0 1 1 setting 
0 548 360 602 463 22472 0 1 0 setting 
0 547 360 599 457 22473 0 1 1 setting 
0 546 361 596 451 22474 0 1 1 setting 
1 456 358 524 481 22455 0 1 0 setting 
1 460 360 527 484 22456 0 1 1 moving 
1 465 362 530 488 22457 0 1 1 moving 
1 469 364 534 492 22458 0 1 1 moving 
1 474 366 537 495 22459 0 1 1 moving 
1 478 368 541 499 22460 0 1 1 moving 
1 483 370 544 503 22461 0 1 1 moving 
1 488 373 548 507 22462 0 1 0 moving 
1 493 369 551 505 22463 0 1 1 moving 
1 498 366 555 503 22464 0 1 1 moving 
1 503 363 559 502 22465 0 1 1 moving 
1 508 360 563 500 22466 0 1 1 moving 
1 513 357 567 498 22467 0 1 1 moving 
1 518 354 571 497 22468 0 1 1 moving 
1 523 351 575 495 22469 0 1 1 moving 
1 528 348 579 494 22470 0 1 0 moving 
1 535 346 585 492 22471 0 1 1 moving 
1 542 344 592 490 22472 0 1 1 moving 
1 549 342 598 488 22473 0 1 1 moving 
1 556 340 605 486 22474 0 1 1 moving 
2 144 412 224 536 22455 0 1 0 moving 
2 151 411 231 535 22456 0 1 1 standing 
2 159 411 239 535 22457 0 1 1 standing 
2 166 410 247 535 22458 0 1 1 standing 
2 174 410 255 535 22459 0 1 1 standing 
2 181 409 262 534 22460 0 1 1 standing 
2 189 409 270 534 22461 0 1 1 standing 
2 197 408 278 534 22462 0 1 1 standing 
2 204 408 286 534 22463 0 1 1 standing 
2 212 407 293 533 22464 0 1 1 standing 
2 219 407 301 533 22465 0 1 1 standing 
2 227 406 309 533 22466 0 1 1 standing 
2 235 406 317 533 22467 0 1 0 standing 
2 244 406 325 533 22468 0 1 1 standing 
2 253 406 333 534 22469 0 1 1 standing 
2 262 406 341 535 22470 0 1 0 standing 
2 275 403 345 534 22471 0 1 1 standing 
2 288 401 349 533 22472 0 1 1 standing 
2 301 399 353 532 22473 0 1 1 standing 
2 315 397 358 531 22474 0 1 0 standing 
3 163 336 228 451 22455 0 1 0 standing 
3 171 335 239 450 22456 0 1 1 moving 
3 179 334 250 449 22457 0 1 1 moving 
3 187 334 261 448 22458 0 1 1 moving 
3 195 333 272 447 22459 0 1 1 moving 
3 203 332 283 446 22460 0 1 1 moving 
3 211 332 294 445 22461 0 1 1 moving 
3 219 331 305 445 22462 0 1 1 moving 
3 227 331 316 444 22463 0 1 1 moving 
3 235 330 327 443 22464 0 1 1 moving 
3 243 329 338 442 22465 0 1 1 moving 
3 251 329 349 441 22466 0 1 1 moving 
3 259 328 360 440 22467 0 1 1 moving 
3 268 328 372 440 22468 0 1 0 moving 
3 281 327 377 440 22469 0 1 1 moving 
3 294 327 382 440 22470 0 1 1 moving 
3 308 327 388 440 22471 0 1 1 moving 
3 321 327 393 440 22472 0 1 1 moving 
3 334 327 398 440 22473 0 1 1 moving 
3 348 327 404 441 22474 0 1 0 moving 
4 324 301 381 400 22455 0 0 1 moving 
4 329 301 387 399 22456 0 0 1 moving 
4 335 300 394 398 22457 0 0 1 moving 
4 340 300 400 397 22458 0 0 1 moving 
4 346 299 406 396 22459 0 0 1 moving 
4 351 299 413 395 22460 0 0 1 moving 
4 357 298 419 394 22461 0 0 1 moving 
4 363 298 426 393 22462 0 0 0 moving 
4 370 298 432 393 22463 0 0 1 moving 
4 378 299 439 394 22464 0 0 1 moving 
4 385 299 446 395 22465 0 0 1 moving 
4 393 300 452 396 22466 0 0 1 moving 
4 400 301 459 397 22467 0 0 1 moving 
4 408 301 466 398 22468 0 0 1 moving 
4 415 302 472 399 22469 0 0 1 moving 
4 423 302 479 400 22470 0 0 1 moving 
4 430 303 486 401 22471 0 0 1 moving 
4 438 304 493 402 22472 0 0 0 moving 
4 446 302 497 399 22473 0 0 1 moving 
4 454 301 501 396 22474 0 0 1 moving 
5 286 234 349 335 22455 0 1 1 moving 
5 289 234 354 334 22456 0 1 1 moving 
5 292 233 358 334 22457 0 1 1 moving 
5 295 233 363 333 22458 0 1 1 moving 
5 298 232 367 332 22459 0 1 1 moving 
5 301 232 371 331 22460 0 1 1 moving 
5 304 231 376 330 22461 0 1 1 moving 
5 307 231 380 329 22462 0 1 1 moving 
5 310 231 385 329 22463 0 1 0 moving 
5 321 231 390 328 22464 0 1 1 moving 
5 332 231 396 328 22465 0 1 1 moving 
5 343 231 402 328 22466 0 1 1 moving 
5 354 231 408 328 22467 0 1 1 moving 
5 365 232 414 328 22468 0 1 0 moving 
5 370 232 423 327 22469 0 1 1 moving 
5 375 232 433 327 22470 0 1 1 moving 
5 380 232 442 326 22471 0 1 1 moving 
5 386 232 452 326 22472 0 1 0 moving 
5 395 232 453 327 22473 0 1 1 moving 
5 404 233 454 328 22474 0 1 1 moving 
6 1068 311 1125 418 22455 0 0 1 moving 
6 1063 313 1120 419 22456 0 0 1 standing 
6 1057 316 1115 421 22457 0 0 1 standing 
6 1051 318 1110 422 22458 0 0 1 standing 
6 1046 321 1106 424 22459 0 0 0 standing 
6 1043 323 1102 427 22460 0 0 1 standing 
6 1041 325 1098 430 22461 0 0 1 standing 
6 1039 327 1094 434 22462 0 0 0 standing 
6 1036 329 1090 434 22463 0 0 1 standing 
6 1034 332 1087 434 22464 0 0 1 standing 
6 1032 335 1084 435 22465 0 0 0 standing 
6 1026 334 1081 434 22466 0 0 1 standing 
6 1021 334 1079 434 22467 0 0 1 standing 
6 1016 334 1076 433 22468 0 0 1 standing 
6 1011 333 1074 433 22469 0 0 1 standing 
6 1006 333 1071 432 22470 0 0 1 standing 
6 1001 333 1069 432 22471 0 0 1 standing 
6 996 332 1066 431 22472 0 0 1 standing 
6 991 332 1064 431 22473 0 0 1 standing 
6 986 332 1062 431 22474 0 0 0 standing 
7 953 419 1017 534 22455 0 0 1 standing 
7 955 421 1019 535 22456 0 0 1 waiting 
7 957 423 1021 537 22457 0 0 1 waiting 
7 958 425 1022 538 22458 0 0 1 waiting 
7 960 427 1024 539 22459 0 0 1 waiting 
7 962 429 1026 541 22460 0 0 1 waiting 
7 964 431 1028 542 22461 0 0 1 waiting 
7 965 433 1029 543 22462 0 0 1 waiting 
7 967 435 1031 545 22463 0 0 1 waiting 
7 969 437 1033 546 22464 0 0 1 waiting 
7 971 439 1035 548 22465 0 0 0 waiting 
7 972 441 1036 548 22466 0 0 1 waiting 
7 973 443 1037 549 22467 0 0 1 waiting 
7 974 446 1038 550 22468 0 0 1 waiting 
7 975 448 1039 551 22469 0 0 1 waiting 
7 976 451 1040 552 22470 0 0 0 waiting 
7 975 448 1038 551 22471 0 0 1 waiting 
7 974 445 1037 550 22472 0 0 1 waiting 
7 973 442 1035 549 22473 0 0 1 waiting 
7 972 440 1034 548 22474 0 0 0 waiting 
8 831 294 885 389 22455 0 0 1 waiting 
8 832 295 886 389 22456 0 0 0 waiting 
8 830 295 886 388 22457 0 0 1 waiting 
8 829 296 886 388 22458 0 0 1 waiting 
8 827 296 887 387 22459 0 0 1 waiting 
8 826 297 887 387 22460 0 0 1 waiting 
8 825 297 887 386 22461 0 0 1 waiting 
8 823 298 888 386 22462 0 0 1 waiting 
8 822 298 888 385 22463 0 0 1 waiting 
8 821 299 888 385 22464 0 0 1 waiting 
8 819 299 889 384 22465 0 0 1 waiting 
8 818 300 889 384 22466 0 0 1 waiting 
8 817 300 889 383 22467 0 0 1 waiting 
8 815 301 890 383 22468 0 0 1 waiting 
8 814 301 890 382 22469 0 0 1 waiting 
8 813 302 891 382 22470 0 0 0 waiting 
8 812 302 889 381 22471 0 0 1 waiting 
8 812 303 888 381 22472 0 0 1 waiting 
8 811 303 887 381 22473 0 0 1 waiting 
8 811 304 886 381 22474 0 0 0 waiting 
9 648 374 692 508 22455 0 0 0 waiting 
9 648 375 692 509 22456 0 0 1 blocking 
9 649 376 692 510 22457 0 0 1 blocking 
9 650 378 692 512 22458 0 0 1 blocking 
9 651 379 693 513 22459 0 0 1 blocking 
9 652 381 693 515 22460 0 0 1 blocking 
9 652 382 693 516 22461 0 0 1 blocking 
9 653 383 694 517 22462 0 0 1 blocking 
9 654 385 694 519 22463 0 0 1 blocking 
9 655 386 694 520 22464 0 0 1 blocking 
9 656 388 695 522 22465 0 0 0 blocking 
9 655 381 694 518 22466 0 0 1 blocking 
9 654 375 694 515 22467 0 0 1 blocking 
9 653 368 693 512 22468 0 0 1 blocking 
9 652 362 693 509 22469 0 0 1 blocking 
9 652 356 693 506 22470 0 0 1 blocking 
9 651 349 692 502 22471 0 0 1 blocking 
9 650 343 692 499 22472 0 0 1 blocking 
9 649 336 691 496 22473 0 0 1 blocking 
9 648 330 691 493 22474 0 0 1 blocking 
10 661 339 694 458 22455 0 0 0 blocking 
10 661 339 694 458 22456 0 0 1 standing 
10 661 340 694 458 22457 0 0 1 standing 
10 661 341 695 459 22458 0 0 1 standing 
10 662 341 695 459 22459 0 0 1 standing 
10 662 342 695 460 22460 0 0 1 standing 
10 662 343 696 460 22461 0 0 1 standing 
10 663 343 696 461 22462 0 0 1 standing 
10 663 344 696 461 22463 0 0 1 standing 
10 663 345 697 462 22464 0 0 1 standing 
10 664 346 697 462 22465 0 0 1 standing 
10 664 346 697 462 22466 0 0 1 standing 
10 664 347 698 463 22467 0 0 1 standing 
10 664 348 698 463 22468 0 0 1 standing 
10 665 348 698 464 22469 0 0 1 standing 
10 665 349 699 464 22470 0 0 1 standing 
10 665 350 699 465 22471 0 0 1 standing 
10 666 350 699 465 22472 0 0 1 standing 
10 666 351 700 466 22473 0 0 1 standing 
10 666 352 700 466 22474 0 0 1 standing 
11 657 284 696 381 22455 0 0 0 standing 
11 657 283 695 380 22456 0 0 1 standing 
11 657 282 695 379 22457 0 0 1 standing 
11 657 281 695 378 22458 0 0 1 standing 
11 657 280 695 377 22459 0 0 1 standing 
11 658 280 695 376 22460 0 0 1 standing 
11 658 279 694 375 22461 0 0 1 standing 
11 658 278 694 374 22462 0 0 1 standing 
11 658 277 694 373 22463 0 0 1 standing 
11 658 276 694 372 22464 0 0 1 standing 
11 659 276 694 372 22465 0 0 0 standing 
11 658 275 694 371 22466 0 0 1 standing 
11 658 274 694 371 22467 0 0 1 standing 
11 658 273 695 371 22468 0 0 1 standing 
11 657 272 695 371 22469 0 0 1 standing 
11 657 271 695 371 22470 0 0 1 standing 
11 657 270 696 371 22471 0 0 1 standing 
11 656 269 696 371 22472 0 0 1 standing 
11 656 268 696 371 22473 0 0 1 standing 
11 656 267 697 371 22474 0 0 0 standing 
