0 170 388 241 512 50045 0 1 0 standing 
0 174 387 245 512 50046 0 1 1 standing 
0 178 387 249 513 50047 0 1 1 standing 
0 182 387 253 513 50048 0 1 1 standing 
0 187 387 257 514 50049 0 1 1 standing 
0 191 387 262 514 50050 0 1 1 standing 
0 195 386 266 515 50051 0 1 1 standing 
0 200 386 270 515 50052 0 1 1 standing 
0 204 386 274 516 50053 0 1 1 standing 
0 208 386 278 516 50054 0 1 1 standing 
0 213 386 283 517 50055 0 1 0 standing 
0 218 385 288 518 50056 0 1 1 standing 
0 223 385 293 519 50057 0 1 1 standing 
0 228 385 298 520 50058 0 1 1 standing 
0 233 385 303 521 50059 0 1 1 standing 
0 239 385 308 522 50060 0 1 1 standing 
0 244 384 313 523 50061 0 1 1 standing 
0 249 384 318 524 50062 0 1 1 standing 
0 254 384 323 525 50063 0 1 1 standing 
0 259 384 328 526 50064 0 1 1 standing 
1 230 413 291 568 50045 0 1 0 standing 
1 233 411 294 566 50046 0 1 1 standing 
1 236 410 297 565 50047 0 1 1 standing 
1 239 409 300 564 50048 0 1 1 standing 
1 242 408 303 563 50049 0 1 1 standing 
1 246 407 307 562 50050 0 1 1 standing 
1 249 405 310 560 50051 0 1 1 standing 
1 252 404 313 559 50052 0 1 1 standing 
1 255 403 316 558 50053 0 1 1 standing 
1 258 402 319 557 50054 0 1 1 standing 
1 262 401 323 556 50055 0 1 0 standing 
1 265 400 326 555 50056 0 1 1 standing 
1 268 400 329 555 50057 0 1 1 standing 
1 271 400 332 555 50058 0 1 1 standing 
1 274 400 335 555 50059 0 1 1 standing 
1 278 400 339 555 50060 0 1 1 standing 
1 281 399 342 554 50061 0 1 1 standing 
1 284 399 345 554 50062 0 1 1 standing 
1 287 399 348 554 50063 0 1 1 standing 
1 290 399 351 554 50064 0 1 1 standing 
2 269 401 338 539 50045 0 1 0 standing 
2 272 401 340 539 50046 0 1 1 standing 
2 276 402 343 540 50047 0 1 1 standing 
2 280 403 345 541 50048 0 1 1 standing 
2 284 404 348 542 50049 0 1 1 standing 
2 288 405 350 543 50050 0 1 1 standing 
2 291 406 353 543 50051 0 1 1 standing 
2 295 407 355 544 50052 0 1 1 standing 
2 299 408 358 545 50053 0 1 1 standing 
2 303 409 360 546 50054 0 1 1 standing 
2 307 410 363 547 50055 0 1 0 standing 
2 311 409 365 547 50056 0 1 1 standing 
2 315 409 368 548 50057 0 1 1 standing 
2 319 409 370 549 50058 0 1 1 standing 
2 323 408 373 550 50059 0 1 1 standing 
2 327 408 376 551 50060 0 1 1 standing 
2 331 408 378 552 50061 0 1 1 standing 
2 335 407 381 553 50062 0 1 1 standing 
2 339 407 383 554 50063 0 1 1 standing 
2 343 407 386 555 50064 0 1 1 standing 
3 407 392 446 531 50045 0 1 0 standing 
3 409 391 448 530 50046 0 1 1 standing 
3 411 391 450 530 50047 0 1 1 standing 
3 413 391 452 530 50048 0 1 1 standing 
3 415 391 454 530 50049 0 1 1 standing 
3 417 391 456 530 50050 0 1 1 standing 
3 419 390 458 529 50051 0 1 1 standing 
3 421 390 460 529 50052 0 1 1 standing 
3 423 390 462 529 50053 0 1 1 standing 
3 425 390 464 529 50054 0 1 1 standing 
3 428 390 467 529 50055 0 1 0 standing 
3 425 390 464 529 50056 0 1 1 standing 
3 423 390 462 529 50057 0 1 1 standing 
3 421 390 460 529 50058 0 1 1 standing 
3 418 390 457 529 50059 0 1 1 standing 
3 416 390 455 529 50060 0 1 1 standing 
3 414 390 453 529 50061 0 1 1 standing 
3 411 390 450 529 50062 0 1 1 standing 
3 409 390 448 529 50063 0 1 1 standing 
3 407 390 446 529 50064 0 1 1 standing 
4 428 399 489 550 50045 0 1 0 standing 
4 426 398 487 549 50046 0 1 1 standing 
4 424 398 485 549 50047 0 1 1 standing 
4 422 398 483 549 50048 0 1 1 standing 
4 420 398 481 549 50049 0 1 1 standing 
4 418 398 479 549 50050 0 1 1 standing 
4 416 397 477 548 50051 0 1 1 standing 
4 414 397 475 548 50052 0 1 1 standing 
4 412 397 473 548 50053 0 1 1 standing 
4 410 397 471 548 50054 0 1 1 standing 
4 409 397 470 548 50055 0 1 0 standing 
4 407 397 469 548 50056 0 1 1 standing 
4 406 397 468 548 50057 0 1 1 standing 
4 404 397 467 548 50058 0 1 1 standing 
4 403 397 466 548 50059 0 1 1 standing 
4 402 397 465 548 50060 0 1 1 standing 
4 400 397 464 548 50061 0 1 1 standing 
4 399 397 463 548 50062 0 1 1 standing 
4 397 397 462 548 50063 0 1 1 standing 
4 396 397 461 548 50064 0 1 1 standing 
5 410 359 484 495 50045 0 1 0 standing 
5 408 359 482 495 50046 0 1 1 standing 
5 406 360 480 496 50047 0 1 1 standing 
5 405 360 479 496 50048 0 1 1 standing 
5 403 361 477 497 50049 0 1 1 standing 
5 402 361 476 497 50050 0 1 1 standing 
5 400 362 474 498 50051 0 1 1 standing 
5 398 362 472 498 50052 0 1 1 standing 
5 397 363 471 499 50053 0 1 1 standing 
5 395 363 469 499 50054 0 1 1 standing 
5 394 364 468 500 50055 0 1 1 standing 
5 392 364 466 500 50056 0 1 1 standing 
5 390 365 464 501 50057 0 1 1 standing 
5 389 365 463 501 50058 0 1 1 standing 
5 387 366 461 502 50059 0 1 1 standing 
5 386 366 460 502 50060 0 1 1 standing 
5 384 367 458 503 50061 0 1 1 standing 
5 382 367 456 503 50062 0 1 1 standing 
5 381 368 455 504 50063 0 1 1 standing 
5 379 368 453 504 50064 0 1 1 standing 
6 541 426 590 592 50045 0 0 0 standing 
6 544 427 597 593 50046 0 0 1 standing 
6 547 428 605 594 50047 0 0 1 standing 
6 550 430 613 595 50048 0 0 0 standing 
6 550 429 612 594 50049 0 0 1 standing 
6 551 428 611 593 50050 0 0 1 standing 
6 552 428 610 592 50051 0 0 0 standing 
6 556 428 612 592 50052 0 0 1 standing 
6 560 429 614 592 50053 0 0 1 standing 
6 564 430 617 593 50054 0 0 0 standing 
6 566 430 619 593 50055 0 0 1 standing 
6 568 430 622 593 50056 0 0 1 standing 
6 570 431 625 593 50057 0 0 0 standing 
6 573 431 628 593 50058 0 0 1 standing 
6 576 431 631 593 50059 0 0 1 standing 
6 580 432 635 594 50060 0 0 0 standing 
6 584 432 638 596 50061 0 0 1 standing 
6 588 432 642 599 50062 0 0 1 standing 
6 592 432 645 601 50063 0 0 1 standing 
6 596 432 649 604 50064 0 0 1 standing 
7 573 459 640 605 50045 0 0 0 standing 
7 577 459 642 606 50046 0 0 1 standing 
7 581 460 645 607 50047 0 0 1 standing 
7 586 461 648 609 50048 0 0 0 standing 
7 591 460 649 609 50049 0 0 1 standing 
7 596 459 651 609 50050 0 0 1 standing 
7 601 458 653 609 50051 0 0 0 standing 
7 609 458 658 610 50052 0 0 1 standing 
7 618 458 663 612 50053 0 0 1 standing 
7 627 458 669 614 50054 0 0 0 standing 
7 631 459 681 615 50055 0 0 1 standing 
7 635 460 694 616 50056 0 0 1 standing 
7 639 462 707 617 50057 0 0 0 standing 
7 641 463 714 618 50058 0 0 1 standing 
7 643 464 721 619 50059 0 0 1 standing 
7 645 466 728 620 50060 0 0 0 standing 
7 648 467 731 621 50061 0 0 1 standing 
7 652 468 735 623 50062 0 0 1 standing 
7 656 469 738 625 50063 0 0 1 standing 
7 660 470 742 627 50064 0 0 1 standing 
8 658 377 715 509 50045 0 0 0 standing 
8 661 377 717 512 50046 0 0 1 standing 
8 664 377 720 515 50047 0 0 1 standing 
8 667 377 723 519 50048 0 0 0 standing 
8 668 377 726 520 50049 0 0 1 standing 
8 670 378 729 521 50050 0 0 1 standing 
8 672 379 733 523 50051 0 0 0 standing 
8 674 379 737 524 50052 0 0 1 standing 
8 676 380 741 525 50053 0 0 1 standing 
8 679 381 746 527 50054 0 0 0 standing 
8 682 382 749 528 50055 0 0 1 standing 
8 685 384 752 530 50056 0 0 1 standing 
8 688 386 755 532 50057 0 0 0 standing 
8 691 386 757 533 50058 0 0 1 standing 
8 694 386 760 535 50059 0 0 1 standing 
8 697 386 763 537 50060 0 0 0 standing 
8 700 386 768 537 50061 0 0 1 standing 
8 704 387 774 537 50062 0 0 1 standing 
8 708 387 779 538 50063 0 0 1 standing 
8 712 388 785 538 50064 0 0 1 standing 
9 782 331 831 472 50045 0 0 0 standing 
9 784 331 832 473 50046 0 0 1 standing 
9 786 331 834 474 50047 0 0 1 standing 
9 788 331 836 475 50048 0 0 0 standing 
9 789 330 838 475 50049 0 0 1 standing 
9 790 329 841 475 50050 0 0 1 standing 
9 792 329 844 476 50051 0 0 0 standing 
9 794 329 846 476 50052 0 0 1 standing 
9 796 330 848 477 50053 0 0 1 standing 
9 799 331 851 478 50054 0 0 0 standing 
9 801 332 853 482 50055 0 0 1 standing 
9 804 333 855 486 50056 0 0 1 standing 
9 807 334 858 491 50057 0 0 0 standing 
9 810 336 861 493 50058 0 0 1 standing 
9 814 338 865 495 50059 0 0 1 standing 
9 818 340 869 497 50060 0 0 0 standing 
9 820 341 871 498 50061 0 0 1 standing 
9 823 343 874 500 50062 0 0 1 standing 
9 826 344 877 501 50063 0 0 1 standing 
9 829 346 880 503 50064 0 0 1 standing 
10 933 434 975 590 50045 0 0 0 standing 
10 935 434 977 588 50046 0 0 1 standing 
10 937 435 980 586 50047 0 0 1 standing 
10 940 436 983 585 50048 0 0 0 standing 
10 938 436 986 584 50049 0 0 1 standing 
10 936 436 989 583 50050 0 0 1 standing 
10 935 436 992 583 50051 0 0 0 standing 
10 938 436 995 583 50052 0 0 1 standing 
10 941 436 998 583 50053 0 0 1 standing 
10 944 437 1001 584 50054 0 0 0 standing 
10 947 437 1004 584 50055 0 0 1 standing 
10 950 437 1007 584 50056 0 0 1 standing 
10 953 438 1010 585 50057 0 0 0 standing 
10 952 439 1011 585 50058 0 0 1 standing 
10 951 440 1013 586 50059 0 0 1 standing 
10 950 441 1015 587 50060 0 0 0 standing 
10 949 439 1014 588 50061 0 0 1 standing 
10 948 438 1013 589 50062 0 0 1 standing 
10 947 437 1012 590 50063 0 0 1 standing 
10 946 436 1011 591 50064 0 0 1 standing 
11 956 379 1001 517 50045 0 0 0 standing 
11 956 380 1004 517 50046 0 0 1 standing 
11 956 381 1007 517 50047 0 0 1 standing 
11 956 382 1010 518 50048 0 0 0 standing 
11 949 383 1013 519 50049 0 0 1 standing 
11 943 384 1016 520 50050 0 0 1 standing 
11 937 386 1020 521 50051 0 0 0 standing 
11 939 386 1016 523 50052 0 0 1 standing 
11 942 386 1013 525 50053 0 0 1 standing 
11 945 387 1010 528 50054 0 0 0 standing 
11 943 386 1004 527 50055 0 0 1 standing 
11 941 385 999 526 50056 0 0 1 standing 
11 939 385 994 525 50057 0 0 0 standing 
11 936 386 993 528 50058 0 0 1 standing 
11 933 388 992 531 50059 0 0 1 standing 
11 931 390 992 535 50060 0 0 0 standing 
11 931 391 992 537 50061 0 0 1 standing 
11 932 392 992 539 50062 0 0 1 standing 
11 932 393 993 542 50063 0 0 1 standing 
11 933 394 993 544 50064 0 0 1 standing 
