0 692 279 738 424 11365 0 1 0 spiking 
0 697 278 744 420 11366 0 1 1 spiking 
0 703 277 751 416 11367 0 1 1 spiking 
0 709 277 758 412 11368 0 1 1 spiking 
0 715 276 765 408 11369 0 1 1 spiking 
0 721 276 772 405 11370 0 1 0 spiking 
0 723 274 776 408 11371 0 1 1 spiking 
0 726 273 780 412 11372 0 1 1 spiking 
0 728 272 784 416 11373 0 1 1 spiking 
0 731 271 788 420 11374 0 1 0 spiking 
0 736 277 791 421 11375 0 1 1 spiking 
0 741 284 794 423 11376 0 1 1 spiking 
0 746 290 798 425 11377 0 1 1 spiking 
0 751 297 801 427 11378 0 1 1 spiking 
0 756 303 804 429 11379 0 1 1 spiking 
0 761 310 808 431 11380 0 1 1 spiking 
0 766 316 811 433 11381 0 1 1 spiking 
0 771 323 815 435 11382 0 1 0 spiking 
0 777 320 818 435 11383 0 1 1 spiking 
0 783 318 822 436 11384 0 1 1 spiking 
1 94 421 158 550 11365 0 0 0 spiking 
1 95 421 161 550 11366 0 0 1 standing 
1 96 421 164 550 11367 0 0 1 standing 
1 97 422 167 550 11368 0 0 0 standing 
1 98 420 171 547 11369 0 0 1 standing 
1 100 419 176 544 11370 0 0 1 standing 
1 102 418 181 541 11371 0 0 0 standing 
1 107 415 187 540 11372 0 0 1 standing 
1 112 413 194 540 11373 0 0 1 standing 
1 118 411 201 540 11374 0 0 0 standing 
1 130 410 207 539 11375 0 0 1 standing 
1 142 410 213 539 11376 0 0 1 standing 
1 155 410 220 539 11377 0 0 0 standing 
1 164 411 229 538 11378 0 0 1 standing 
1 173 413 238 538 11379 0 0 1 standing 
1 183 415 247 538 11380 0 0 0 standing 
1 194 417 255 539 11381 0 0 1 standing 
1 205 420 264 541 11382 0 0 1 standing 
1 216 422 273 543 11383 0 0 1 standing 
1 227 425 282 545 11384 0 0 1 standing 
2 211 348 258 456 11365 0 0 0 standing 
2 212 348 260 455 11366 0 0 1 standing 
2 213 348 263 455 11367 0 0 1 standing 
2 214 348 266 455 11368 0 0 0 standing 
2 216 352 268 456 11369 0 0 1 standing 
2 218 356 270 458 11370 0 0 1 standing 
2 221 360 273 460 11371 0 0 0 standing 
2 223 361 275 461 11372 0 0 1 standing 
2 226 362 278 462 11373 0 0 1 standing 
2 229 364 281 464 11374 0 0 0 standing 
2 234 363 286 463 11375 0 0 1 standing 
2 239 363 291 462 11376 0 0 1 standing 
2 244 363 296 462 11377 0 0 0 standing 
2 249 366 302 463 11378 0 0 1 standing 
2 254 369 308 464 11379 0 0 1 standing 
2 260 373 315 466 11380 0 0 0 standing 
2 265 376 321 469 11381 0 0 1 standing 
2 271 380 327 472 11382 0 0 1 standing 
2 276 383 334 476 11383 0 0 1 standing 
2 282 387 340 479 11384 0 0 1 standing 
3 242 464 306 593 11365 0 0 0 standing 
3 243 464 307 593 11366 0 0 1 waiting 
3 245 464 309 593 11367 0 0 1 waiting 
3 247 465 311 594 11368 0 0 0 waiting 
3 247 466 314 592 11369 0 0 1 waiting 
3 247 467 318 591 11370 0 0 1 waiting 
3 248 468 322 590 11371 0 0 0 waiting 
3 251 467 325 589 11372 0 0 1 waiting 
3 255 466 329 588 11373 0 0 1 waiting 
3 259 466 333 588 11374 0 0 0 waiting 
3 262 465 336 589 11375 0 0 1 waiting 
3 265 464 339 591 11376 0 0 1 waiting 
3 268 464 342 593 11377 0 0 0 waiting 
3 274 463 345 592 11378 0 0 1 waiting 
3 280 463 348 591 11379 0 0 1 waiting 
3 287 463 352 591 11380 0 0 0 waiting 
3 290 466 355 591 11381 0 0 1 waiting 
3 294 469 358 591 11382 0 0 1 waiting 
3 297 472 362 591 11383 0 0 1 waiting 
3 301 475 365 591 11384 0 0 1 waiting 
4 474 459 538 593 11365 0 0 0 waiting 
4 476 457 540 591 11366 0 0 1 standing 
4 479 456 543 590 11367 0 0 1 standing 
4 482 455 546 589 11368 0 0 0 standing 
4 487 454 551 586 11369 0 0 1 standing 
4 492 453 556 583 11370 0 0 1 standing 
4 497 452 561 580 11371 0 0 0 standing 
4 504 451 566 579 11372 0 0 1 standing 
4 511 450 572 578 11373 0 0 1 standing 
4 519 450 578 578 11374 0 0 0 standing 
4 523 449 580 574 11375 0 0 1 standing 
4 527 448 582 570 11376 0 0 1 standing 
4 531 448 585 567 11377 0 0 0 standing 
4 536 449 591 569 11378 0 0 1 standing 
4 541 450 597 571 11379 0 0 1 standing 
4 546 451 604 574 11380 0 0 0 standing 
4 549 451 611 574 11381 0 0 1 standing 
4 553 451 618 574 11382 0 0 1 standing 
4 557 452 625 574 11383 0 0 1 standing 
4 561 452 632 574 11384 0 0 1 standing 
5 518 371 574 496 11365 0 0 0 standing 
5 519 370 574 494 11366 0 0 1 standing 
5 520 369 574 493 11367 0 0 1 standing 
5 521 368 575 492 11368 0 0 0 standing 
5 522 364 572 488 11369 0 0 1 standing 
5 523 360 570 484 11370 0 0 1 standing 
5 524 357 568 480 11371 0 0 0 standing 
5 525 353 569 476 11372 0 0 1 standing 
5 526 349 570 472 11373 0 0 1 standing 
5 527 346 571 469 11374 0 0 0 standing 
5 520 346 571 465 11375 0 0 1 standing 
5 514 346 571 462 11376 0 0 1 standing 
5 508 347 572 459 11377 0 0 0 standing 
5 508 347 573 458 11378 0 0 1 standing 
5 508 348 574 457 11379 0 0 1 standing 
5 508 348 575 457 11380 0 0 1 standing 
5 508 349 576 456 11381 0 0 1 standing 
5 508 349 577 455 11382 0 0 1 standing 
5 508 350 578 455 11383 0 0 1 standing 
5 508 350 579 454 11384 0 0 1 standing 
6 472 323 518 433 11365 0 0 0 standing 
6 471 323 518 432 11366 0 0 1 standing 
6 470 323 518 431 11367 0 0 1 standing 
6 470 323 519 431 11368 0 0 0 standing 
6 471 321 520 431 11369 0 0 1 standing 
6 472 319 521 431 11370 0 0 1 standing 
6 473 318 522 431 11371 0 0 0 standing 
6 473 316 522 429 11372 0 0 1 standing 
6 473 314 522 427 11373 0 0 1 standing 
6 473 313 522 426 11374 0 0 0 standing 
6 468 312 520 425 11375 0 0 1 standing 
6 463 311 518 424 11376 0 0 1 standing 
6 458 311 516 424 11377 0 0 0 standing 
6 454 312 517 422 11378 0 0 1 standing 
6 450 314 519 420 11379 0 0 1 standing 
6 447 316 521 419 11380 0 0 0 standing 
6 449 315 521 418 11381 0 0 1 standing 
6 451 314 521 417 11382 0 0 1 standing 
6 453 313 522 417 11383 0 0 0 standing 
6 453 313 522 417 11384 0 0 1 standing 
7 676 376 739 491 11365 0 0 0 standing 
7 675 376 738 491 11366 0 0 1 standing 
7 674 376 737 491 11367 0 0 1 standing 
7 674 376 737 491 11368 0 0 0 standing 
7 674 374 737 489 11369 0 0 1 standing 
7 674 372 737 487 11370 0 0 1 standing 
7 674 371 737 486 11371 0 0 0 standing 
7 677 368 735 482 11372 0 0 1 standing 
7 680 365 733 479 11373 0 0 1 standing 
7 684 363 731 476 11374 0 0 0 standing 
7 687 362 732 475 11375 0 0 1 standing 
7 690 361 734 474 11376 0 0 1 standing 
7 693 361 736 474 11377 0 0 0 standing 
7 695 360 738 474 11378 0 0 1 standing 
7 697 360 740 475 11379 0 0 1 standing 
7 699 360 742 475 11380 0 0 1 standing 
7 702 360 745 476 11381 0 0 1 standing 
7 704 360 747 477 11382 0 0 1 standing 
7 706 360 749 477 11383 0 0 1 standing 
7 708 360 751 478 11384 0 0 1 standing 
8 682 446 731 588 11365 0 0 0 standing 
8 684 444 733 586 11366 0 0 1 standing 
8 686 442 735 584 11367 0 0 1 standing 
8 689 441 738 583 11368 0 0 0 standing 
8 687 439 738 577 11369 0 0 1 standing 
8 685 438 738 572 11370 0 0 1 standing 
8 684 437 738 567 11371 0 0 0 standing 
8 684 436 737 569 11372 0 0 1 standing 
8 684 436 737 571 11373 0 0 1 standing 
8 684 436 737 574 11374 0 0 0 standing 
8 684 435 739 573 11375 0 0 1 standing 
8 684 434 741 573 11376 0 0 1 standing 
8 685 434 744 573 11377 0 0 0 standing 
8 685 433 745 572 11378 0 0 1 standing 
8 685 432 747 571 11379 0 0 1 standing 
8 685 432 749 570 11380 0 0 0 standing 
8 687 431 747 568 11381 0 0 1 standing 
8 689 431 745 567 11382 0 0 1 standing 
8 692 431 744 565 11383 0 0 1 standing 
8 694 431 742 564 11384 0 0 1 standing 
9 806 434 868 555 11365 0 0 0 standing 
9 809 434 871 556 11366 0 0 1 standing 
9 812 435 874 557 11367 0 0 1 standing 
9 816 436 878 558 11368 0 0 0 standing 
9 818 435 880 557 11369 0 0 1 standing 
9 821 434 883 556 11370 0 0 1 standing 
9 824 433 886 555 11371 0 0 0 standing 
9 830 434 887 554 11372 0 0 1 standing 
9 836 435 889 554 11373 0 0 1 standing 
9 843 436 891 554 11374 0 0 0 standing 
9 846 435 896 553 11375 0 0 1 standing 
9 850 435 901 553 11376 0 0 1 standing 
9 854 435 907 553 11377 0 0 0 standing 
9 857 435 910 553 11378 0 0 1 standing 
9 860 435 913 553 11379 0 0 1 standing 
9 864 436 917 554 11380 0 0 0 standing 
9 868 436 921 554 11381 0 0 1 standing 
9 872 436 925 554 11382 0 0 1 standing 
9 877 436 930 554 11383 0 0 1 standing 
9 881 436 934 554 11384 0 0 1 standing 
10 804 406 851 528 11365 0 0 0 standing 
10 805 405 852 528 11366 0 0 1 standing 
10 806 404 854 528 11367 0 0 1 standing 
10 808 404 856 528 11368 0 0 0 standing 
10 811 403 859 527 11369 0 0 1 standing 
10 814 403 862 527 11370 0 0 1 standing 
10 818 403 866 527 11371 0 0 0 standing 
10 819 399 867 523 11372 0 0 1 standing 
10 820 395 869 519 11373 0 0 1 standing 
10 822 392 871 516 11374 0 0 0 standing 
10 822 391 871 512 11375 0 0 1 standing 
10 822 390 871 508 11376 0 0 1 standing 
10 823 389 872 504 11377 0 0 0 standing 
10 826 389 875 504 11378 0 0 1 standing 
10 829 389 878 504 11379 0 0 1 standing 
10 833 390 882 505 11380 0 0 0 standing 
10 837 388 884 503 11381 0 0 1 standing 
10 841 387 886 501 11382 0 0 1 standing 
10 845 385 888 500 11383 0 0 1 standing 
10 849 384 890 498 11384 0 0 1 standing 
11 859 358 901 474 11365 0 0 0 standing 
11 861 358 903 473 11366 0 0 1 standing 
11 863 358 905 472 11367 0 0 1 standing 
11 865 358 907 472 11368 0 0 0 standing 
11 867 356 910 472 11369 0 0 1 standing 
11 870 355 913 473 11370 0 0 1 standing 
11 873 354 916 474 11371 0 0 0 standing 
11 876 353 918 473 11372 0 0 1 standing 
11 880 353 920 472 11373 0 0 1 standing 
11 884 353 922 472 11374 0 0 0 standing 
11 887 353 925 472 11375 0 0 1 standing 
11 890 353 928 472 11376 0 0 1 standing 
11 893 353 931 472 11377 0 0 0 standing 
11 896 353 934 472 11378 0 0 1 standing 
11 899 353 937 472 11379 0 0 1 standing 
11 903 353 941 472 11380 0 0 0 standing 
11 907 352 945 472 11381 0 0 1 standing 
11 911 351 949 472 11382 0 0 1 standing 
11 916 351 953 472 11383 0 0 1 standing 
11 920 350 957 472 11384 0 0 1 standing 
