0 809 442 877 569 59445 0 1 0 setting 
0 802 435 869 568 59446 0 1 1 setting 
0 795 428 862 568 59447 0 1 1 setting 
0 788 421 854 568 59448 0 1 1 setting 
0 782 414 847 568 59449 0 1 1 setting 
0 775 407 839 568 59450 0 1 1 setting 
0 768 400 832 568 59451 0 1 1 setting 
0 762 393 825 568 59452 0 1 0 setting 
0 756 387 819 563 59453 0 1 1 setting 
0 750 382 813 558 59454 0 1 1 setting 
0 744 376 808 553 59455 0 1 1 setting 
0 738 371 802 548 59456 0 1 1 setting 
0 733 366 797 543 59457 0 1 0 setting 
0 733 365 798 539 59458 0 1 1 setting 
0 733 364 799 535 59459 0 1 1 setting 
0 733 364 800 532 59460 0 1 0 setting 
0 736 370 804 534 59461 0 1 1 setting 
0 740 376 808 537 59462 0 1 1 setting 
0 743 382 813 539 59463 0 1 1 setting 
0 747 388 817 542 59464 0 1 1 setting 
1 929 405 995 493 59445 0 0 0 setting 
1 918 404 987 492 59446 0 0 1 standing 
1 908 404 979 491 59447 0 0 1 standing 
1 898 404 972 491 59448 0 0 0 standing 
1 889 404 966 491 59449 0 0 1 standing 
1 881 404 961 491 59450 0 0 1 standing 
1 873 405 956 492 59451 0 0 0 standing 
1 872 406 951 499 59452 0 0 1 standing 
1 871 407 946 507 59453 0 0 1 standing 
1 870 408 942 515 59454 0 0 0 standing 
1 870 412 941 520 59455 0 0 1 standing 
1 870 416 941 525 59456 0 0 1 standing 
1 870 420 941 531 59457 0 0 0 standing 
1 870 422 940 531 59458 0 0 1 standing 
1 870 424 940 531 59459 0 0 1 standing 
1 870 427 940 531 59460 0 0 0 standing 
1 876 427 946 531 59461 0 0 1 standing 
1 882 427 952 531 59462 0 0 1 standing 
1 889 427 959 531 59463 0 0 1 standing 
1 895 427 965 531 59464 0 0 1 standing 
2 700 340 763 451 59445 0 0 0 standing 
2 687 340 754 451 59446 0 0 1 standing 
2 675 341 746 452 59447 0 0 1 standing 
2 663 342 738 453 59448 0 0 0 standing 
2 654 341 732 452 59449 0 0 1 standing 
2 645 341 727 452 59450 0 0 1 standing 
2 636 341 722 452 59451 0 0 0 standing 
2 630 339 715 449 59452 0 0 1 standing 
2 624 337 708 446 59453 0 0 1 standing 
2 618 336 702 444 59454 0 0 0 standing 
2 614 336 700 441 59455 0 0 1 standing 
2 610 336 699 438 59456 0 0 1 standing 
2 607 337 698 436 59457 0 0 0 standing 
2 615 335 706 437 59458 0 0 1 standing 
2 623 333 714 438 59459 0 0 1 standing 
2 631 332 722 439 59460 0 0 0 standing 
2 643 328 730 438 59461 0 0 1 standing 
2 655 324 738 437 59462 0 0 1 standing 
2 667 320 746 437 59463 0 0 1 standing 
2 679 316 754 436 59464 0 0 1 standing 
3 482 383 554 514 59445 0 0 0 standing 
3 473 386 545 513 59446 0 0 1 moving 
3 465 389 536 512 59447 0 0 1 moving 
3 457 392 528 511 59448 0 0 0 moving 
3 449 393 522 512 59449 0 0 1 moving 
3 441 394 516 513 59450 0 0 1 moving 
3 434 395 510 514 59451 0 0 0 moving 
3 429 394 505 517 59452 0 0 1 moving 
3 425 393 500 520 59453 0 0 1 moving 
3 421 393 496 523 59454 0 0 0 moving 
3 411 392 491 522 59455 0 0 1 moving 
3 402 391 486 522 59456 0 0 1 moving 
3 393 391 481 522 59457 0 0 0 moving 
3 400 392 483 522 59458 0 0 1 moving 
3 407 393 486 522 59459 0 0 1 moving 
3 414 395 489 523 59460 0 0 1 moving 
3 421 396 492 523 59461 0 0 1 moving 
3 428 397 495 523 59462 0 0 1 moving 
3 435 399 498 524 59463 0 0 1 moving 
3 442 400 501 524 59464 0 0 1 moving 
4 477 350 541 467 59445 0 0 0 moving 
4 470 354 533 469 59446 0 0 1 standing 
4 463 358 525 472 59447 0 0 1 standing 
4 456 363 518 475 59448 0 0 0 standing 
4 448 364 510 476 59449 0 0 1 standing 
4 440 366 503 478 59450 0 0 1 standing 
4 433 368 496 480 59451 0 0 0 standing 
4 426 368 489 480 59452 0 0 1 standing 
4 419 368 482 480 59453 0 0 1 standing 
4 413 368 476 480 59454 0 0 0 standing 
4 412 370 475 481 59455 0 0 1 standing 
4 412 372 475 483 59456 0 0 1 standing 
4 412 374 475 485 59457 0 0 0 standing 
4 413 374 476 485 59458 0 0 1 standing 
4 414 374 477 485 59459 0 0 1 standing 
4 416 375 479 486 59460 0 0 0 standing 
4 421 374 484 487 59461 0 0 1 standing 
4 426 374 489 488 59462 0 0 1 standing 
4 431 374 494 490 59463 0 0 1 standing 
4 436 374 499 491 59464 0 0 1 standing 
5 486 323 539 422 59445 0 0 0 standing 
5 480 322 534 421 59446 0 0 1 standing 
5 475 321 529 420 59447 0 0 1 standing 
5 470 321 524 420 59448 0 0 0 standing 
5 463 321 520 420 59449 0 0 1 standing 
5 457 321 517 420 59450 0 0 1 standing 
5 451 322 514 420 59451 0 0 0 standing 
5 447 325 510 420 59452 0 0 1 standing 
5 444 328 507 421 59453 0 0 1 standing 
5 441 331 504 422 59454 0 0 0 standing 
5 437 331 500 422 59455 0 0 1 standing 
5 434 332 497 423 59456 0 0 1 standing 
5 431 333 494 424 59457 0 0 0 standing 
5 434 335 495 422 59458 0 0 1 standing 
5 437 337 496 420 59459 0 0 1 standing 
5 441 339 497 418 59460 0 0 0 standing 
5 449 341 504 426 59461 0 0 1 standing 
5 457 344 511 434 59462 0 0 1 standing 
5 465 346 518 442 59463 0 0 1 standing 
5 473 349 525 450 59464 0 0 1 standing 
6 130 496 218 648 59445 0 0 0 standing 
6 126 496 209 647 59446 0 0 1 standing 
6 123 496 200 647 59447 0 0 1 standing 
6 120 496 191 647 59448 0 0 0 standing 
6 111 494 182 647 59449 0 0 1 standing 
6 102 492 173 648 59450 0 0 1 standing 
6 93 490 164 649 59451 0 0 0 standing 
6 88 490 159 649 59452 0 0 1 standing 
6 83 490 154 649 59453 0 0 1 standing 
6 79 491 150 650 59454 0 0 0 standing 
6 77 492 145 651 59455 0 0 1 standing 
6 75 493 140 652 59456 0 0 1 standing 
6 73 495 136 654 59457 0 0 0 standing 
6 73 493 136 654 59458 0 0 1 standing 
6 73 491 136 654 59459 0 0 1 standing 
6 73 489 136 655 59460 0 0 0 standing 
6 78 486 139 652 59461 0 0 1 standing 
6 83 484 143 650 59462 0 0 1 standing 
6 88 482 146 648 59463 0 0 1 standing 
6 93 480 150 646 59464 0 0 1 standing 
7 150 410 193 525 59445 0 0 0 standing 
7 143 411 191 531 59446 0 0 1 standing 
7 136 413 190 537 59447 0 0 1 standing 
7 130 415 189 543 59448 0 0 0 standing 
7 122 415 181 543 59449 0 0 1 standing 
7 114 415 173 543 59450 0 0 1 standing 
7 106 416 165 544 59451 0 0 0 standing 
7 99 416 158 544 59452 0 0 1 standing 
7 93 417 152 544 59453 0 0 1 standing 
7 87 418 146 545 59454 0 0 0 standing 
7 81 418 139 545 59455 0 0 1 standing 
7 76 418 133 545 59456 0 0 1 standing 
7 71 419 127 546 59457 0 0 0 standing 
7 73 417 130 546 59458 0 0 1 standing 
7 75 416 133 546 59459 0 0 1 standing 
7 78 415 136 546 59460 0 0 1 standing 
7 80 414 140 547 59461 0 0 1 standing 
7 82 412 143 547 59462 0 0 1 standing 
7 85 411 146 547 59463 0 0 1 standing 
7 87 410 149 547 59464 0 0 1 standing 
8 202 367 257 482 59445 0 0 0 standing 
8 196 367 251 482 59446 0 0 1 standing 
8 191 368 246 483 59447 0 0 1 standing 
8 186 369 241 484 59448 0 0 0 standing 
8 183 370 238 485 59449 0 0 1 standing 
8 180 371 235 486 59450 0 0 1 standing 
8 178 372 233 487 59451 0 0 0 standing 
8 172 372 230 487 59452 0 0 1 standing 
8 167 372 228 487 59453 0 0 1 standing 
8 162 372 226 487 59454 0 0 0 standing 
8 158 373 222 487 59455 0 0 1 standing 
8 155 374 218 487 59456 0 0 1 standing 
8 152 376 214 487 59457 0 0 0 standing 
8 152 374 215 487 59458 0 0 1 standing 
8 153 373 216 487 59459 0 0 1 standing 
8 154 371 217 487 59460 0 0 1 standing 
8 155 370 218 487 59461 0 0 1 standing 
8 156 369 219 487 59462 0 0 1 standing 
8 157 367 220 487 59463 0 0 1 standing 
8 158 366 221 487 59464 0 0 1 standing 
9 352 412 410 551 59445 0 0 0 standing 
9 343 412 401 551 59446 0 0 1 standing 
9 335 412 393 551 59447 0 0 1 standing 
9 327 413 385 552 59448 0 0 0 standing 
9 319 412 377 551 59449 0 0 1 standing 
9 311 412 369 551 59450 0 0 1 standing 
9 304 412 362 551 59451 0 0 0 standing 
9 295 412 355 551 59452 0 0 1 standing 
9 286 413 348 551 59453 0 0 1 standing 
9 278 414 341 552 59454 0 0 0 standing 
9 272 415 337 553 59455 0 0 1 standing 
9 266 416 334 554 59456 0 0 1 standing 
9 260 417 331 555 59457 0 0 0 standing 
9 264 418 332 554 59458 0 0 1 standing 
9 268 420 334 553 59459 0 0 1 standing 
9 273 422 336 552 59460 0 0 0 standing 
9 283 420 342 551 59461 0 0 1 standing 
9 294 419 349 551 59462 0 0 1 standing 
9 304 417 356 550 59463 0 0 1 standing 
9 315 416 363 550 59464 0 0 1 standing 
10 419 370 470 493 59445 0 0 0 standing 
10 411 371 462 494 59446 0 0 1 standing 
10 403 372 454 495 59447 0 0 1 standing 
10 395 374 446 497 59448 0 0 0 standing 
10 387 371 439 498 59449 0 0 1 standing 
10 379 368 433 499 59450 0 0 1 standing 
10 372 366 427 500 59451 0 0 0 standing 
10 364 363 419 498 59452 0 0 1 standing 
10 356 361 411 496 59453 0 0 1 standing 
10 348 359 403 494 59454 0 0 0 standing 
10 343 358 396 493 59455 0 0 1 standing 
10 338 357 390 492 59456 0 0 1 standing 
10 333 357 384 492 59457 0 0 0 standing 
10 334 355 385 490 59458 0 0 1 standing 
10 335 353 386 488 59459 0 0 1 standing 
10 337 352 388 487 59460 0 0 0 standing 
10 343 351 392 487 59461 0 0 1 standing 
10 349 351 396 488 59462 0 0 1 standing 
10 355 351 400 488 59463 0 0 1 standing 
10 361 351 404 489 59464 0 0 1 standing 
11 381 310 437 420 59445 0 0 0 standing 
11 375 311 431 421 59446 0 0 1 standing 
11 369 312 425 422 59447 0 0 1 standing 
11 364 313 419 423 59448 0 0 0 standing 
11 357 312 412 422 59449 0 0 1 standing 
11 351 311 406 422 59450 0 0 1 standing 
11 345 311 400 422 59451 0 0 0 standing 
11 340 312 395 423 59452 0 0 1 standing 
11 336 313 391 424 59453 0 0 1 standing 
11 332 314 387 425 59454 0 0 0 standing 
11 328 313 383 424 59455 0 0 1 standing 
11 324 313 379 424 59456 0 0 1 standing 
11 321 313 376 424 59457 0 0 0 standing 
11 323 313 378 424 59458 0 0 1 standing 
11 326 313 381 424 59459 0 0 1 standing 
11 329 314 384 425 59460 0 0 0 standing 
11 336 314 391 427 59461 0 0 1 standing 
11 343 315 398 429 59462 0 0 1 standing 
11 350 316 405 432 59463 0 0 1 standing 
11 357 317 412 434 59464 0 0 1 standing 
