0 1013 440 1093 560 6085 0 1 0 digging 
0 1005 438 1084 559 6086 0 1 1 digging 
0 997 436 1075 558 6087 0 1 1 digging 
0 989 434 1066 558 6088 0 1 0 digging 
0 983 429 1061 556 6089 0 1 1 digging 
0 977 424 1056 554 6090 0 1 1 digging 
0 972 420 1051 553 6091 0 1 0 digging 
0 971 415 1047 551 6092 0 1 1 digging 
0 970 411 1044 550 6093 0 1 1 digging 
0 970 407 1041 549 6094 0 1 1 digging 
0 969 403 1037 547 6095 0 1 1 digging 
0 968 399 1034 546 6096 0 1 1 digging 
0 968 395 1031 545 6097 0 1 0 digging 
0 973 393 1031 544 6098 0 1 1 digging 
0 978 391 1032 544 6099 0 1 1 digging 
0 983 390 1033 544 6100 0 1 0 digging 
0 986 392 1037 543 6101 0 1 1 digging 
0 989 394 1041 542 6102 0 1 1 digging 
0 992 397 1045 542 6103 0 1 0 digging 
0 992 397 1044 541 6104 0 1 1 digging 
1 1071 405 1131 506 6085 0 0 0 digging 
1 1068 407 1127 505 6086 0 0 1 digging 
1 1065 409 1124 505 6087 0 0 1 digging 
1 1062 411 1121 505 6088 0 0 0 digging 
1 1057 411 1116 503 6089 0 0 1 digging 
1 1052 412 1111 501 6090 0 0 1 digging 
1 1048 413 1107 500 6091 0 0 0 digging 
1 1044 412 1103 498 6092 0 0 1 digging 
1 1041 411 1100 496 6093 0 0 1 digging 
1 1038 410 1097 494 6094 0 0 0 digging 
1 1037 408 1096 496 6095 0 0 1 digging 
1 1037 407 1096 498 6096 0 0 1 digging 
1 1037 406 1096 500 6097 0 0 0 digging 
1 1039 403 1096 499 6098 0 0 1 digging 
1 1042 401 1096 498 6099 0 0 1 digging 
1 1045 399 1097 498 6100 0 0 0 digging 
1 1045 397 1098 498 6101 0 0 1 digging 
1 1046 396 1099 498 6102 0 0 1 digging 
1 1047 395 1101 498 6103 0 0 0 digging 
1 1047 395 1101 498 6104 0 0 1 digging 
2 1008 300 1058 414 6085 0 0 0 digging 
2 1008 300 1057 414 6086 0 0 1 standing 
2 1008 300 1057 414 6087 0 0 1 standing 
2 1008 301 1057 414 6088 0 0 0 standing 
2 1004 300 1056 413 6089 0 0 1 standing 
2 1000 300 1056 413 6090 0 0 1 standing 
2 997 300 1056 413 6091 0 0 0 standing 
2 996 301 1055 414 6092 0 0 1 standing 
2 996 303 1055 416 6093 0 0 1 standing 
2 996 305 1055 418 6094 0 0 0 standing 
2 998 302 1055 417 6095 0 0 1 standing 
2 1000 300 1055 416 6096 0 0 1 standing 
2 1002 298 1056 416 6097 0 0 0 standing 
2 1009 299 1063 417 6098 0 0 1 standing 
2 1016 300 1070 418 6099 0 0 1 standing 
2 1023 302 1077 420 6100 0 0 0 standing 
2 1026 304 1080 421 6101 0 0 1 standing 
2 1029 307 1083 422 6102 0 0 1 standing 
2 1033 310 1087 423 6103 0 0 0 standing 
2 1033 310 1087 423 6104 0 0 1 standing 
3 822 320 887 445 6085 0 0 0 standing 
3 816 319 880 444 6086 0 0 1 standing 
3 810 319 873 443 6087 0 0 1 standing 
3 804 319 866 443 6088 0 0 0 standing 
3 801 322 865 446 6089 0 0 1 standing 
3 798 325 864 449 6090 0 0 1 standing 
3 796 328 863 452 6091 0 0 0 standing 
3 794 329 863 454 6092 0 0 1 standing 
3 792 330 863 456 6093 0 0 1 standing 
3 790 331 864 458 6094 0 0 0 standing 
3 798 330 863 458 6095 0 0 1 standing 
3 806 330 863 458 6096 0 0 1 standing 
3 814 330 863 458 6097 0 0 0 standing 
3 815 330 868 458 6098 0 0 1 standing 
3 817 330 873 458 6099 0 0 1 standing 
3 819 330 879 458 6100 0 0 0 standing 
3 822 331 883 459 6101 0 0 1 standing 
3 826 332 888 460 6102 0 0 1 standing 
3 830 333 893 461 6103 0 0 0 standing 
3 830 333 893 461 6104 0 0 1 standing 
4 667 328 746 424 6085 0 0 0 standing 
4 660 326 737 419 6086 0 0 1 standing 
4 653 324 728 415 6087 0 0 1 standing 
4 646 323 720 411 6088 0 0 0 standing 
4 641 320 711 410 6089 0 0 1 standing 
4 636 317 703 409 6090 0 0 1 standing 
4 631 315 695 409 6091 0 0 0 standing 
4 627 312 691 409 6092 0 0 1 standing 
4 624 309 687 409 6093 0 0 1 standing 
4 621 307 684 410 6094 0 0 0 standing 
4 623 306 683 409 6095 0 0 1 standing 
4 625 306 683 409 6096 0 0 1 standing 
4 628 306 683 409 6097 0 0 0 standing 
4 627 308 681 411 6098 0 0 1 standing 
4 626 310 680 413 6099 0 0 1 standing 
4 626 313 679 416 6100 0 0 0 standing 
4 628 313 683 415 6101 0 0 1 standing 
4 630 313 687 414 6102 0 0 1 standing 
4 632 314 692 414 6103 0 0 1 standing 
4 634 314 696 413 6104 0 0 1 standing 
5 756 239 803 356 6085 0 0 0 standing 
5 752 239 803 355 6086 0 0 1 standing 
5 749 239 803 354 6087 0 0 1 standing 
5 746 240 804 353 6088 0 0 0 standing 
5 741 239 804 352 6089 0 0 1 standing 
5 736 238 805 351 6090 0 0 1 standing 
5 732 238 806 351 6091 0 0 0 standing 
5 733 236 805 347 6092 0 0 1 standing 
5 734 234 804 343 6093 0 0 1 standing 
5 736 233 803 340 6094 0 0 0 standing 
5 746 230 807 337 6095 0 0 1 standing 
5 756 227 811 335 6096 0 0 1 standing 
5 767 224 816 333 6097 0 0 0 standing 
5 772 224 821 333 6098 0 0 1 standing 
5 777 224 826 333 6099 0 0 1 standing 
5 783 224 832 333 6100 0 0 0 standing 
5 787 226 842 334 6101 0 0 1 standing 
5 792 228 853 335 6102 0 0 1 standing 
5 796 230 863 336 6103 0 0 1 standing 
5 801 232 874 337 6104 0 0 1 standing 
6 582 376 628 498 6085 0 0 0 standing 
6 577 375 624 501 6086 0 0 1 standing 
6 573 375 620 504 6087 0 0 1 standing 
6 569 375 616 508 6088 0 0 0 standing 
6 565 377 612 510 6089 0 0 1 standing 
6 562 380 609 513 6090 0 0 1 standing 
6 559 383 606 516 6091 0 0 0 standing 
6 558 385 606 515 6092 0 0 1 standing 
6 558 387 606 514 6093 0 0 1 standing 
6 558 389 606 514 6094 0 0 0 standing 
6 559 388 605 520 6095 0 0 1 standing 
6 560 388 604 526 6096 0 0 1 standing 
6 561 388 604 532 6097 0 0 0 standing 
6 563 390 605 536 6098 0 0 1 standing 
6 565 392 606 540 6099 0 0 1 standing 
6 568 394 607 544 6100 0 0 0 standing 
6 568 397 607 543 6101 0 0 1 standing 
6 569 400 607 542 6102 0 0 1 standing 
6 570 403 608 542 6103 0 0 0 standing 
6 570 403 608 542 6104 0 0 1 standing 
7 604 336 657 471 6085 0 0 0 standing 
7 597 334 651 468 6086 0 0 1 blocking 
7 591 332 645 466 6087 0 0 1 blocking 
7 585 330 640 464 6088 0 0 0 blocking 
7 580 334 635 466 6089 0 0 1 blocking 
7 575 338 630 468 6090 0 0 1 blocking 
7 571 342 625 470 6091 0 0 0 blocking 
7 568 341 622 469 6092 0 0 1 blocking 
7 565 340 619 468 6093 0 0 1 blocking 
7 563 340 617 468 6094 0 0 0 blocking 
7 563 338 618 467 6095 0 0 1 blocking 
7 564 337 620 466 6096 0 0 1 blocking 
7 565 336 622 466 6097 0 0 1 blocking 
7 566 334 623 465 6098 0 0 1 blocking 
7 567 333 625 464 6099 0 0 1 blocking 
7 568 332 627 464 6100 0 0 1 blocking 
7 569 331 629 463 6101 0 0 1 blocking 
7 570 329 630 462 6102 0 0 1 blocking 
7 571 328 632 462 6103 0 0 1 blocking 
7 572 327 634 461 6104 0 0 1 blocking 
8 542 323 586 449 6085 0 0 0 blocking 
8 536 321 585 449 6086 0 0 1 standing 
8 531 319 584 450 6087 0 0 1 standing 
8 526 318 584 451 6088 0 0 0 standing 
8 523 315 583 450 6089 0 0 1 standing 
8 520 312 582 449 6090 0 0 1 standing 
8 517 310 582 449 6091 0 0 0 standing 
8 516 309 576 445 6092 0 0 1 standing 
8 516 308 570 441 6093 0 0 1 standing 
8 516 308 564 437 6094 0 0 0 standing 
8 519 304 565 435 6095 0 0 1 standing 
8 522 301 567 433 6096 0 0 1 standing 
8 526 298 569 432 6097 0 0 0 standing 
8 529 298 574 430 6098 0 0 1 standing 
8 532 298 579 428 6099 0 0 1 standing 
8 536 298 584 426 6100 0 0 0 standing 
8 538 298 586 426 6101 0 0 1 standing 
8 541 298 588 426 6102 0 0 1 standing 
8 544 298 590 426 6103 0 0 1 standing 
8 547 298 592 426 6104 0 0 1 standing 
9 412 324 451 438 6085 0 0 0 standing 
9 406 322 448 436 6086 0 0 1 standing 
9 401 320 446 434 6087 0 0 1 standing 
9 396 319 444 433 6088 0 0 0 standing 
9 391 318 440 432 6089 0 0 1 standing 
9 387 317 436 431 6090 0 0 1 standing 
9 383 317 432 430 6091 0 0 0 standing 
9 381 316 427 429 6092 0 0 1 standing 
9 379 315 422 428 6093 0 0 1 standing 
9 377 314 417 428 6094 0 0 0 standing 
9 378 313 417 427 6095 0 0 1 standing 
9 379 313 418 426 6096 0 0 1 standing 
9 380 313 419 426 6097 0 0 0 standing 
9 382 313 419 426 6098 0 0 1 standing 
9 384 314 420 427 6099 0 0 1 standing 
9 387 315 421 428 6100 0 0 0 standing 
9 386 313 422 428 6101 0 0 1 standing 
9 386 311 423 428 6102 0 0 1 standing 
9 386 309 425 428 6103 0 0 1 standing 
9 386 307 426 428 6104 0 0 1 standing 
10 287 320 354 440 6085 0 0 0 standing 
10 280 319 344 439 6086 0 0 1 standing 
10 273 319 334 438 6087 0 0 1 standing 
10 266 319 325 438 6088 0 0 0 standing 
10 259 319 318 438 6089 0 0 1 standing 
10 252 320 311 439 6090 0 0 1 standing 
10 245 321 304 440 6091 0 0 0 standing 
10 240 321 296 441 6092 0 0 1 standing 
10 235 321 288 442 6093 0 0 1 standing 
10 231 321 280 444 6094 0 0 0 standing 
10 231 320 276 447 6095 0 0 1 standing 
10 231 320 273 450 6096 0 0 1 standing 
10 231 320 270 453 6097 0 0 0 standing 
10 227 322 269 455 6098 0 0 1 standing 
10 224 325 269 457 6099 0 0 1 standing 
10 221 328 269 460 6100 0 0 0 standing 
10 221 329 268 460 6101 0 0 1 standing 
10 221 331 268 460 6102 0 0 1 standing 
10 221 333 268 460 6103 0 0 0 standing 
10 221 333 268 460 6104 0 0 1 standing 
11 67 440 176 556 6085 0 0 0 standing 
11 61 437 166 557 6086 0 0 1 standing 
11 56 435 157 559 6087 0 0 1 standing 
11 51 433 148 561 6088 0 0 0 standing 
11 54 431 144 559 6089 0 0 1 standing 
11 57 429 141 557 6090 0 0 1 standing 
11 61 428 138 555 6091 0 0 0 standing 
11 64 428 138 555 6092 0 0 1 standing 
11 67 428 138 555 6093 0 0 1 standing 
11 70 428 138 555 6094 0 0 0 standing 
11 69 428 144 555 6095 0 0 1 standing 
11 69 428 150 555 6096 0 0 1 standing 
11 69 428 157 555 6097 0 0 0 standing 
11 73 427 161 554 6098 0 0 1 standing 
11 78 426 166 553 6099 0 0 1 standing 
11 83 426 171 553 6100 0 0 0 standing 
11 93 424 175 551 6101 0 0 1 standing 
11 104 423 179 549 6102 0 0 1 standing 
11 115 422 183 547 6103 0 0 1 standing 
11 126 421 187 545 6104 0 0 1 standing 
