0 564 413 638 531 45755 0 1 0 standing 
0 574 412 645 530 45756 0 1 1 standing 
0 584 411 653 530 45757 0 1 1 standing 
0 594 411 661 529 45758 0 1 1 standing 
0 605 410 669 529 45759 0 1 1 standing 
0 615 410 677 528 45760 0 1 1 standing 
0 625 409 684 528 45761 0 1 1 standing 
0 636 408 692 527 45762 0 1 1 standing 
0 646 408 700 527 45763 0 1 1 standing 
0 656 407 708 526 45764 0 1 1 standing 
0 667 407 716 526 45765 0 1 0 standing 
0 675 407 724 526 45766 0 1 1 standing 
0 683 407 732 527 45767 0 1 1 standing 
0 692 407 740 528 45768 0 1 1 standing 
0 700 408 749 529 45769 0 1 1 standing 
0 709 408 757 530 45770 0 1 1 standing 
0 717 408 765 531 45771 0 1 1 standing 
0 725 409 774 532 45772 0 1 1 standing 
0 734 409 782 533 45773 0 1 1 standing 
0 742 409 790 534 45774 0 1 1 standing 
1 739 398 792 528 45755 0 1 0 standing 
1 745 398 797 527 45756 0 1 1 standing 
1 751 398 803 527 45757 0 1 1 standing 
1 757 398 809 527 45758 0 1 1 standing 
1 763 398 815 526 45759 0 1 1 standing 
1 769 399 821 526 45760 0 1 1 standing 
1 775 399 827 526 45761 0 1 1 standing 
1 781 399 833 525 45762 0 1 1 standing 
1 787 399 839 525 45763 0 1 1 standing 
1 793 399 845 525 45764 0 1 1 standing 
1 799 400 851 525 45765 0 1 0 standing 
1 804 400 855 525 45766 0 1 1 standing 
1 809 401 859 526 45767 0 1 1 standing 
1 814 401 863 526 45768 0 1 1 standing 
1 819 402 867 527 45769 0 1 1 standing 
1 824 403 871 527 45770 0 1 1 standing 
1 829 403 875 528 45771 0 1 1 standing 
1 834 404 879 528 45772 0 1 1 standing 
1 839 404 883 529 45773 0 1 1 standing 
1 844 405 887 529 45774 0 1 1 standing 
2 780 368 831 474 45755 0 1 0 standing 
2 786 368 837 475 45756 0 1 1 standing 
2 793 369 844 476 45757 0 1 1 standing 
2 800 370 851 477 45758 0 1 1 standing 
2 807 371 858 478 45759 0 1 1 standing 
2 814 372 865 479 45760 0 1 1 standing 
2 820 373 871 480 45761 0 1 1 standing 
2 827 374 878 481 45762 0 1 1 standing 
2 834 375 885 482 45763 0 1 1 standing 
2 841 376 892 483 45764 0 1 1 standing 
2 848 377 899 484 45765 0 1 0 standing 
2 852 378 903 485 45766 0 1 1 standing 
2 856 380 907 487 45767 0 1 1 standing 
2 861 381 912 488 45768 0 1 1 standing 
2 865 383 916 490 45769 0 1 1 standing 
2 870 384 921 492 45770 0 1 1 standing 
2 874 386 925 493 45771 0 1 1 standing 
2 878 387 929 495 45772 0 1 1 standing 
2 883 389 934 496 45773 0 1 1 standing 
2 887 390 938 498 45774 0 1 1 standing 
3 842 411 895 531 45755 0 1 0 standing 
3 845 410 897 530 45756 0 1 1 standing 
3 849 410 899 530 45757 0 1 1 standing 
3 853 410 901 530 45758 0 1 1 standing 
3 857 410 904 530 45759 0 1 1 standing 
3 861 410 906 530 45760 0 1 1 standing 
3 865 410 908 529 45761 0 1 1 standing 
3 869 410 911 529 45762 0 1 1 standing 
3 873 410 913 529 45763 0 1 1 standing 
3 877 410 915 529 45764 0 1 1 standing 
3 881 410 918 529 45765 0 1 0 standing 
3 881 410 918 529 45766 0 1 1 standing 
3 881 410 918 529 45767 0 1 1 standing 
3 881 410 918 529 45768 0 1 1 standing 
3 881 410 918 529 45769 0 1 1 standing 
3 881 410 918 529 45770 0 1 1 standing 
3 881 410 918 529 45771 0 1 1 standing 
3 881 410 918 529 45772 0 1 1 standing 
3 881 410 918 529 45773 0 1 1 standing 
3 881 410 918 529 45774 0 1 1 standing 
4 857 434 903 571 45755 0 1 0 standing 
4 857 434 903 569 45756 0 1 1 standing 
4 857 434 903 568 45757 0 1 1 standing 
4 857 434 903 567 45758 0 1 1 standing 
4 857 434 903 565 45759 0 1 1 standing 
4 857 434 903 564 45760 0 1 1 standing 
4 857 434 903 563 45761 0 1 1 standing 
4 857 434 903 561 45762 0 1 1 standing 
4 857 434 903 560 45763 0 1 1 standing 
4 857 434 903 559 45764 0 1 1 standing 
4 857 434 904 558 45765 0 1 0 standing 
4 858 433 905 557 45766 0 1 1 standing 
4 859 433 906 557 45767 0 1 1 standing 
4 860 433 907 557 45768 0 1 1 standing 
4 861 432 908 557 45769 0 1 1 standing 
4 863 432 910 557 45770 0 1 1 standing 
4 864 432 911 556 45771 0 1 1 standing 
4 865 431 912 556 45772 0 1 1 standing 
4 866 431 913 556 45773 0 1 1 standing 
4 867 431 914 556 45774 0 1 1 standing 
5 879 434 926 548 45755 0 1 0 standing 
5 881 434 928 548 45756 0 1 1 standing 
5 883 435 930 549 45757 0 1 1 standing 
5 885 435 932 550 45758 0 1 1 standing 
5 887 436 934 550 45759 0 1 1 standing 
5 890 437 937 551 45760 0 1 1 standing 
5 892 437 939 552 45761 0 1 1 standing 
5 894 438 941 552 45762 0 1 1 standing 
5 896 438 943 553 45763 0 1 1 standing 
5 898 439 945 554 45764 0 1 1 standing 
5 901 440 948 555 45765 0 1 0 standing 
5 903 439 950 554 45766 0 1 1 standing 
5 905 438 952 553 45767 0 1 1 standing 
5 908 437 955 552 45768 0 1 1 standing 
5 910 436 957 551 45769 0 1 1 standing 
5 913 435 960 550 45770 0 1 1 standing 
5 915 434 962 549 45771 0 1 1 standing 
5 917 433 964 548 45772 0 1 1 standing 
5 920 432 967 547 45773 0 1 1 standing 
5 922 431 969 546 45774 0 1 1 standing 
6 0 486 48 614 45755 0 0 0 standing 
6 1 486 49 614 45756 0 0 1 standing 
6 2 486 50 614 45757 0 0 1 standing 
6 3 486 51 614 45758 0 0 1 standing 
6 5 486 53 614 45759 0 0 1 standing 
6 6 486 54 614 45760 0 0 1 standing 
6 7 486 55 614 45761 0 0 1 standing 
6 8 486 56 614 45762 0 0 1 standing 
6 10 486 58 614 45763 0 0 1 standing 
6 11 486 59 614 45764 0 0 1 standing 
6 12 486 60 614 45765 0 0 1 standing 
6 13 486 61 614 45766 0 0 1 standing 
6 15 486 63 614 45767 0 0 1 standing 
6 16 486 64 614 45768 0 0 1 standing 
6 17 486 65 614 45769 0 0 1 standing 
6 18 486 66 614 45770 0 0 1 standing 
6 20 486 68 614 45771 0 0 1 standing 
6 21 486 69 614 45772 0 0 1 standing 
6 22 486 70 614 45773 0 0 1 standing 
6 23 486 71 614 45774 0 0 1 standing 
7 199 475 249 595 45755 0 0 0 standing 
7 201 474 251 594 45756 0 0 1 standing 
7 204 474 253 594 45757 0 0 1 standing 
7 206 473 256 593 45758 0 0 1 standing 
7 209 473 258 593 45759 0 0 1 standing 
7 211 472 261 592 45760 0 0 1 standing 
7 214 472 263 592 45761 0 0 1 standing 
7 216 471 265 591 45762 0 0 1 standing 
7 219 471 268 591 45763 0 0 1 standing 
7 221 470 270 590 45764 0 0 1 standing 
7 224 470 273 590 45765 0 0 0 standing 
7 226 469 274 589 45766 0 0 1 standing 
7 228 469 275 589 45767 0 0 1 standing 
7 230 469 277 589 45768 0 0 1 standing 
7 232 469 278 589 45769 0 0 1 standing 
7 234 469 280 589 45770 0 0 1 standing 
7 236 468 281 588 45771 0 0 1 standing 
7 238 468 282 588 45772 0 0 1 standing 
7 240 468 284 588 45773 0 0 1 standing 
7 242 468 285 588 45774 0 0 1 standing 
8 192 434 260 558 45755 0 0 0 standing 
8 194 434 260 558 45756 0 0 1 standing 
8 196 434 260 558 45757 0 0 1 standing 
8 199 434 260 558 45758 0 0 1 standing 
8 201 434 260 558 45759 0 0 1 standing 
8 204 434 261 558 45760 0 0 1 standing 
8 206 434 261 558 45761 0 0 1 standing 
8 208 434 261 558 45762 0 0 1 standing 
8 211 434 261 558 45763 0 0 1 standing 
8 213 434 261 558 45764 0 0 1 standing 
8 216 434 262 558 45765 0 0 0 standing 
8 216 434 262 558 45766 0 0 1 standing 
8 217 434 263 558 45767 0 0 1 standing 
8 217 434 263 559 45768 0 0 1 standing 
8 218 435 264 559 45769 0 0 1 standing 
8 219 435 265 560 45770 0 0 1 standing 
8 219 435 265 560 45771 0 0 1 standing 
8 220 436 266 560 45772 0 0 1 standing 
8 220 436 266 561 45773 0 0 1 standing 
8 221 436 267 561 45774 0 0 1 standing 
9 349 399 392 517 45755 0 0 0 standing 
9 348 398 392 516 45756 0 0 1 standing 
9 348 398 393 516 45757 0 0 1 standing 
9 347 398 394 516 45758 0 0 1 standing 
9 347 398 395 516 45759 0 0 1 standing 
9 346 398 396 516 45760 0 0 1 standing 
9 346 398 397 516 45761 0 0 1 standing 
9 345 398 398 516 45762 0 0 1 standing 
9 345 398 399 516 45763 0 0 1 standing 
9 344 398 400 516 45764 0 0 1 standing 
9 344 398 401 516 45765 0 0 0 standing 
9 343 398 399 515 45766 0 0 1 standing 
9 343 398 398 515 45767 0 0 1 standing 
9 343 398 397 515 45768 0 0 1 standing 
9 343 398 396 515 45769 0 0 1 standing 
9 343 398 395 515 45770 0 0 1 standing 
9 343 398 394 515 45771 0 0 1 standing 
9 343 398 393 515 45772 0 0 1 standing 
9 343 398 392 515 45773 0 0 1 standing 
9 343 398 391 515 45774 0 0 1 standing 
10 377 416 422 552 45755 0 0 0 standing 
10 379 415 424 551 45756 0 0 1 standing 
10 381 415 426 551 45757 0 0 1 standing 
10 383 414 428 550 45758 0 0 1 standing 
10 386 414 431 550 45759 0 0 1 standing 
10 388 413 433 550 45760 0 0 1 standing 
10 390 413 435 549 45761 0 0 1 standing 
10 393 412 438 549 45762 0 0 1 standing 
10 395 412 440 548 45763 0 0 1 standing 
10 397 411 442 548 45764 0 0 1 standing 
10 400 411 445 548 45765 0 0 0 standing 
10 400 411 447 548 45766 0 0 1 standing 
10 401 412 449 549 45767 0 0 1 standing 
10 402 413 451 550 45768 0 0 1 standing 
10 402 414 453 551 45769 0 0 1 standing 
10 403 415 455 552 45770 0 0 1 standing 
10 404 415 457 552 45771 0 0 1 standing 
10 404 416 459 553 45772 0 0 1 standing 
10 405 417 461 554 45773 0 0 1 standing 
10 406 418 463 555 45774 0 0 1 standing 
11 372 462 431 596 45755 0 0 0 standing 
11 377 462 436 596 45756 0 0 1 standing 
11 383 463 442 597 45757 0 0 1 standing 
11 388 463 447 598 45758 0 0 1 standing 
11 394 464 453 599 45759 0 0 1 standing 
11 400 464 459 600 45760 0 0 1 standing 
11 405 465 464 600 45761 0 0 1 standing 
11 411 465 470 601 45762 0 0 1 standing 
11 416 466 475 602 45763 0 0 1 standing 
11 422 466 481 603 45764 0 0 1 standing 
11 428 467 487 604 45765 0 0 0 standing 
11 434 466 492 603 45766 0 0 1 standing 
11 440 466 497 603 45767 0 0 1 standing 
11 446 465 502 602 45768 0 0 1 standing 
11 453 465 507 602 45769 0 0 1 standing 
11 459 464 512 601 45770 0 0 1 standing 
11 465 464 517 601 45771 0 0 1 standing 
11 472 463 522 600 45772 0 0 1 standing 
11 478 463 527 600 45773 0 0 1 standing 
11 484 462 532 599 45774 0 0 1 standing 
