0 650 353 710 516 19055 0 1 0 spiking 
0 652 351 711 510 19056 0 1 1 spiking 
0 654 349 713 504 19057 0 1 1 spiking 
0 657 347 715 498 19058 0 1 0 spiking 
0 660 344 718 495 19059 0 1 1 spiking 
0 663 341 721 493 19060 0 1 1 spiking 
0 666 338 724 490 19061 0 1 1 spiking 
0 669 335 727 488 19062 0 1 1 spiking 
0 673 332 731 486 19063 0 1 0 spiking 
0 680 336 738 487 19064 0 1 1 spiking 
0 687 340 745 488 19065 0 1 1 spiking 
0 694 344 752 489 19066 0 1 0 spiking 
0 696 348 753 490 19067 0 1 1 spiking 
0 698 352 755 492 19068 0 1 1 spiking 
0 700 357 757 494 19069 0 1 1 spiking 
0 702 361 759 495 19070 0 1 1 spiking 
0 704 365 761 497 19071 0 1 1 spiking 
0 706 370 763 499 19072 0 1 1 spiking 
0 708 374 765 500 19073 0 1 1 spiking 
0 710 378 767 502 19074 0 1 1 spiking 
1 525 384 574 534 19055 0 1 0 spiking 
1 531 377 581 529 19056 0 1 1 blocking 
1 538 371 589 525 19057 0 1 1 blocking 
1 545 364 596 520 19058 0 1 1 blocking 
1 551 358 604 516 19059 0 1 1 blocking 
1 558 351 611 512 19060 0 1 1 blocking 
1 565 345 619 507 19061 0 1 1 blocking 
1 571 338 626 503 19062 0 1 1 blocking 
1 578 332 634 498 19063 0 1 1 blocking 
1 585 325 641 494 19064 0 1 1 blocking 
1 592 319 649 490 19065 0 1 0 blocking 
1 598 323 656 493 19066 0 1 1 blocking 
1 605 327 663 496 19067 0 1 1 blocking 
1 612 331 670 500 19068 0 1 1 blocking 
1 618 335 677 503 19069 0 1 1 blocking 
1 625 339 684 506 19070 0 1 1 blocking 
1 632 344 691 510 19071 0 1 0 blocking 
1 635 348 693 513 19072 0 1 1 blocking 
1 638 353 696 517 19073 0 1 1 blocking 
1 641 357 699 521 19074 0 1 1 blocking 
2 537 375 583 509 19055 0 1 0 blocking 
2 543 368 589 505 19056 0 1 1 blocking 
2 550 362 596 501 19057 0 1 1 blocking 
2 557 356 603 498 19058 0 1 1 blocking 
2 564 350 610 494 19059 0 1 1 blocking 
2 571 344 617 491 19060 0 1 1 blocking 
2 578 337 623 487 19061 0 1 1 blocking 
2 585 331 630 483 19062 0 1 1 blocking 
2 592 325 637 480 19063 0 1 1 blocking 
2 599 319 644 476 19064 0 1 1 blocking 
2 606 313 651 473 19065 0 1 0 blocking 
2 611 318 656 478 19066 0 1 1 blocking 
2 617 324 662 483 19067 0 1 1 blocking 
2 622 330 668 488 19068 0 1 1 blocking 
2 628 335 673 493 19069 0 1 1 blocking 
2 634 341 679 498 19070 0 1 1 blocking 
2 639 347 685 503 19071 0 1 1 blocking 
2 645 352 690 508 19072 0 1 1 blocking 
2 650 358 696 513 19073 0 1 1 blocking 
2 656 364 702 518 19074 0 1 1 blocking 
3 592 401 678 487 19055 0 0 0 blocking 
3 597 400 683 487 19056 0 0 1 standing 
3 602 399 688 488 19057 0 0 1 standing 
3 608 398 693 489 19058 0 0 0 standing 
3 614 397 698 486 19059 0 0 1 standing 
3 620 396 703 483 19060 0 0 1 standing 
3 626 396 709 480 19061 0 0 0 standing 
3 635 395 720 482 19062 0 0 1 standing 
3 644 394 732 485 19063 0 0 1 standing 
3 654 393 744 488 19064 0 0 0 standing 
3 662 393 752 488 19065 0 0 1 standing 
3 670 393 760 488 19066 0 0 1 standing 
3 679 393 769 488 19067 0 0 0 standing 
3 686 389 776 488 19068 0 0 1 standing 
3 693 385 783 488 19069 0 0 1 standing 
3 700 382 791 489 19070 0 0 0 standing 
3 707 380 794 489 19071 0 0 1 standing 
3 714 379 798 489 19072 0 0 1 standing 
3 721 378 801 490 19073 0 0 1 standing 
3 728 377 805 490 19074 0 0 1 standing 
4 660 321 744 430 19055 0 0 0 standing 
4 665 320 741 428 19056 0 0 1 standing 
4 670 319 738 426 19057 0 0 1 standing 
4 676 318 735 425 19058 0 0 0 standing 
4 679 316 733 424 19059 0 0 1 standing 
4 682 314 731 424 19060 0 0 1 standing 
4 686 312 729 424 19061 0 0 0 standing 
4 691 312 734 419 19062 0 0 1 standing 
4 697 312 740 415 19063 0 0 1 standing 
4 703 312 746 411 19064 0 0 0 standing 
4 709 314 752 413 19065 0 0 1 standing 
4 716 316 759 415 19066 0 0 1 standing 
4 723 318 766 417 19067 0 0 0 standing 
4 726 319 769 418 19068 0 0 1 standing 
4 729 321 772 420 19069 0 0 1 standing 
4 732 323 775 422 19070 0 0 0 standing 
4 732 323 775 422 19071 0 0 1 standing 
4 732 324 775 422 19072 0 0 1 standing 
4 733 324 776 422 19073 0 0 1 standing 
4 733 325 776 422 19074 0 0 1 standing 
5 758 363 809 489 19055 0 0 0 standing 
5 762 366 812 493 19056 0 0 1 digging 
5 767 369 815 498 19057 0 0 1 digging 
5 772 372 819 503 19058 0 0 0 digging 
5 778 374 824 502 19059 0 0 1 digging 
5 784 376 829 501 19060 0 0 1 digging 
5 791 378 834 501 19061 0 0 0 digging 
5 799 378 842 501 19062 0 0 1 digging 
5 808 378 851 501 19063 0 0 1 digging 
5 817 378 860 501 19064 0 0 0 digging 
5 825 377 868 501 19065 0 0 1 digging 
5 833 377 876 502 19066 0 0 1 digging 
5 842 377 885 503 19067 0 0 0 digging 
5 849 377 892 503 19068 0 0 1 digging 
5 856 377 899 503 19069 0 0 1 digging 
5 864 377 907 503 19070 0 0 0 digging 
5 867 378 910 503 19071 0 0 1 digging 
5 870 379 913 503 19072 0 0 1 digging 
5 874 380 916 504 19073 0 0 1 digging 
5 877 381 919 504 19074 0 0 1 digging 
6 756 265 799 359 19055 0 0 0 digging 
6 763 265 803 358 19056 0 0 1 standing 
6 770 265 807 358 19057 0 0 1 standing 
6 777 266 812 358 19058 0 0 0 standing 
6 782 266 819 360 19059 0 0 1 standing 
6 787 266 827 362 19060 0 0 1 standing 
6 793 266 835 365 19061 0 0 0 standing 
6 801 267 845 366 19062 0 0 1 standing 
6 809 268 855 367 19063 0 0 1 standing 
6 818 270 865 369 19064 0 0 0 standing 
6 827 271 876 369 19065 0 0 1 standing 
6 836 272 887 370 19066 0 0 1 standing 
6 845 273 898 371 19067 0 0 0 standing 
6 853 273 906 372 19068 0 0 1 standing 
6 861 274 914 373 19069 0 0 1 standing 
6 869 275 922 374 19070 0 0 0 standing 
6 872 275 926 374 19071 0 0 1 standing 
6 875 275 930 375 19072 0 0 1 standing 
6 878 276 935 375 19073 0 0 1 standing 
6 881 276 939 376 19074 0 0 1 standing 
7 966 375 1012 467 19055 0 0 0 standing 
7 963 375 1014 468 19056 0 0 1 standing 
7 960 375 1016 469 19057 0 0 1 standing 
7 958 376 1018 470 19058 0 0 0 standing 
7 963 375 1020 470 19059 0 0 1 standing 
7 969 374 1023 471 19060 0 0 1 standing 
7 975 373 1026 472 19061 0 0 0 standing 
7 983 372 1030 472 19062 0 0 1 standing 
7 991 371 1035 472 19063 0 0 1 standing 
7 1000 371 1040 473 19064 0 0 0 standing 
7 1006 369 1047 473 19065 0 0 1 standing 
7 1013 368 1055 473 19066 0 0 1 standing 
7 1020 367 1063 473 19067 0 0 0 standing 
7 1022 367 1068 474 19068 0 0 1 standing 
7 1025 367 1073 475 19069 0 0 1 standing 
7 1028 367 1079 477 19070 0 0 0 standing 
7 1031 367 1080 477 19071 0 0 1 standing 
7 1034 367 1082 478 19072 0 0 1 standing 
7 1037 367 1083 478 19073 0 0 1 standing 
7 1040 367 1085 479 19074 0 0 1 standing 
8 408 301 465 402 19055 0 0 0 standing 
8 410 301 470 400 19056 0 0 1 standing 
8 413 301 475 398 19057 0 0 1 standing 
8 416 302 480 396 19058 0 0 0 standing 
8 421 302 487 396 19059 0 0 1 standing 
8 426 303 495 396 19060 0 0 1 standing 
8 432 304 503 396 19061 0 0 0 standing 
8 437 303 512 395 19062 0 0 1 standing 
8 442 303 521 394 19063 0 0 1 standing 
8 447 303 530 393 19064 0 0 0 standing 
8 456 303 537 393 19065 0 0 1 standing 
8 465 304 544 393 19066 0 0 1 standing 
8 474 305 551 394 19067 0 0 0 standing 
8 481 305 555 393 19068 0 0 1 standing 
8 488 305 559 393 19069 0 0 1 standing 
8 496 306 563 393 19070 0 0 0 standing 
8 497 307 564 394 19071 0 0 1 standing 
8 498 308 565 396 19072 0 0 1 standing 
8 500 310 567 398 19073 0 0 1 standing 
8 501 311 568 400 19074 0 0 1 standing 
9 290 313 374 406 19055 0 0 0 standing 
9 294 313 377 406 19056 0 0 1 waiting 
9 298 313 381 406 19057 0 0 1 waiting 
9 302 313 385 406 19058 0 0 0 waiting 
9 309 312 389 404 19059 0 0 1 waiting 
9 316 311 394 403 19060 0 0 1 waiting 
9 324 311 399 402 19061 0 0 0 waiting 
9 333 310 406 401 19062 0 0 1 waiting 
9 342 309 413 401 19063 0 0 1 waiting 
9 351 308 421 401 19064 0 0 0 waiting 
9 358 307 428 398 19065 0 0 1 waiting 
9 365 306 435 395 19066 0 0 1 waiting 
9 372 306 442 392 19067 0 0 0 waiting 
9 380 307 447 392 19068 0 0 1 waiting 
9 388 309 453 392 19069 0 0 1 waiting 
9 396 311 459 392 19070 0 0 0 waiting 
9 400 312 463 395 19071 0 0 1 waiting 
9 404 313 467 398 19072 0 0 1 waiting 
9 408 315 472 401 19073 0 0 1 waiting 
9 412 316 476 404 19074 0 0 1 waiting 
10 116 449 172 557 19055 0 0 0 waiting 
10 120 449 176 556 19056 0 0 1 waiting 
10 125 450 180 555 19057 0 0 1 waiting 
10 130 451 185 554 19058 0 0 0 waiting 
10 138 448 196 553 19059 0 0 1 waiting 
10 146 445 207 552 19060 0 0 1 waiting 
10 154 443 219 552 19061 0 0 0 waiting 
10 164 440 231 549 19062 0 0 1 waiting 
10 175 437 243 546 19063 0 0 1 waiting 
10 186 435 255 543 19064 0 0 0 waiting 
10 194 433 260 539 19065 0 0 1 waiting 
10 202 432 265 535 19066 0 0 1 waiting 
10 211 431 271 532 19067 0 0 0 waiting 
10 217 428 282 530 19068 0 0 1 waiting 
10 224 425 293 529 19069 0 0 1 waiting 
10 231 423 304 528 19070 0 0 0 waiting 
10 241 423 317 524 19071 0 0 1 waiting 
10 251 423 331 521 19072 0 0 1 waiting 
10 261 423 345 518 19073 0 0 1 waiting 
10 271 423 359 515 19074 0 0 1 waiting 
11 71 324 137 415 19055 0 0 0 waiting 
11 77 321 142 414 19056 0 0 1 waiting 
11 83 319 148 413 19057 0 0 1 waiting 
11 89 317 154 413 19058 0 0 0 waiting 
11 97 314 162 413 19059 0 0 1 waiting 
11 105 312 170 413 19060 0 0 1 waiting 
11 114 310 178 413 19061 0 0 0 waiting 
11 121 310 185 414 19062 0 0 1 waiting 
11 129 310 192 415 19063 0 0 1 waiting 
11 137 310 199 417 19064 0 0 0 waiting 
11 148 312 210 417 19065 0 0 1 waiting 
11 159 314 221 418 19066 0 0 1 waiting 
11 171 316 232 419 19067 0 0 0 waiting 
11 179 316 238 418 19068 0 0 1 waiting 
11 187 317 245 417 19069 0 0 1 waiting 
11 195 318 252 417 19070 0 0 0 waiting 
11 198 315 252 416 19071 0 0 1 waiting 
11 201 313 253 416 19072 0 0 1 waiting 
11 205 310 253 416 19073 0 0 1 waiting 
11 208 308 254 416 19074 0 0 1 waiting 
