0 771 379 821 511 71315 1 0 1 setting 
0 771 379 821 511 71316 1 0 1 setting 
0 771 379 821 511 71317 0 1 0 setting 
0 773 375 824 508 71318 0 1 1 setting 
0 775 372 828 505 71319 0 1 1 setting 
0 778 369 832 502 71320 0 1 0 setting 
0 780 361 834 504 71321 0 1 1 setting 
0 782 353 836 507 71322 0 1 1 setting 
0 785 346 839 510 71323 0 1 0 setting 
0 783 349 840 508 71324 0 1 1 setting 
0 781 353 841 506 71325 0 1 1 setting 
0 780 357 842 504 71326 0 1 1 setting 
0 778 360 843 502 71327 0 1 1 setting 
0 776 364 844 500 71328 0 1 1 setting 
0 775 368 845 499 71329 0 1 0 setting 
0 780 370 847 502 71330 0 1 1 setting 
0 785 372 849 506 71331 0 1 1 setting 
0 790 374 851 509 71332 0 1 1 setting 
0 795 376 854 513 71333 0 1 1 setting 
0 800 378 856 517 71334 0 1 1 setting 
1 1057 514 1121 668 71315 1 0 1 setting 
1 1057 514 1121 668 71316 1 0 1 standing 
1 1057 514 1121 668 71317 0 0 0 standing 
1 1055 512 1119 665 71318 0 0 1 standing 
1 1053 510 1118 662 71319 0 0 1 standing 
1 1051 508 1116 660 71320 0 0 1 standing 
1 1050 507 1115 657 71321 0 0 1 standing 
1 1048 505 1113 655 71322 0 0 1 standing 
1 1046 503 1112 652 71323 0 0 1 standing 
1 1044 501 1111 649 71324 0 0 1 standing 
1 1043 500 1109 647 71325 0 0 1 standing 
1 1041 498 1108 644 71326 0 0 1 standing 
1 1039 496 1106 642 71327 0 0 1 standing 
1 1037 494 1105 639 71328 0 0 1 standing 
1 1036 493 1104 637 71329 0 0 0 standing 
1 1035 491 1101 634 71330 0 0 1 standing 
1 1034 490 1099 632 71331 0 0 1 standing 
1 1034 489 1096 630 71332 0 0 1 standing 
1 1033 488 1094 628 71333 0 0 1 standing 
1 1032 487 1092 626 71334 0 0 1 standing 
2 730 443 780 573 71315 1 0 1 standing 
2 730 443 780 573 71316 1 0 1 standing 
2 730 443 780 573 71317 0 0 0 standing 
2 735 443 784 573 71318 0 0 1 standing 
2 741 444 788 573 71319 0 0 1 standing 
2 747 445 792 574 71320 0 0 0 standing 
2 753 444 799 574 71321 0 0 1 standing 
2 759 443 806 574 71322 0 0 1 standing 
2 765 443 813 574 71323 0 0 1 standing 
2 771 442 820 574 71324 0 0 1 standing 
2 777 441 827 574 71325 0 0 1 standing 
2 783 441 834 574 71326 0 0 1 standing 
2 789 440 841 574 71327 0 0 1 standing 
2 795 440 849 574 71328 0 0 0 standing 
2 803 440 856 574 71329 0 0 1 standing 
2 811 441 863 575 71330 0 0 1 standing 
2 820 442 871 576 71331 0 0 1 standing 
2 828 442 878 576 71332 0 0 1 standing 
2 837 443 885 577 71333 0 0 1 standing 
2 845 444 893 578 71334 0 0 1 standing 
3 654 454 705 587 71315 1 0 1 standing 
3 654 454 705 587 71316 1 0 1 standing 
3 654 454 705 587 71317 0 0 0 standing 
3 652 453 707 585 71318 0 0 1 standing 
3 650 452 709 584 71319 0 0 1 standing 
3 649 452 711 583 71320 0 0 1 standing 
3 647 451 713 581 71321 0 0 1 standing 
3 645 450 715 580 71322 0 0 1 standing 
3 644 450 718 579 71323 0 0 0 standing 
3 648 449 714 579 71324 0 0 1 standing 
3 652 449 710 579 71325 0 0 1 standing 
3 656 449 706 579 71326 0 0 1 standing 
3 660 449 702 579 71327 0 0 0 standing 
3 662 448 704 579 71328 0 0 1 standing 
3 664 448 707 579 71329 0 0 1 standing 
3 666 447 709 579 71330 0 0 1 standing 
3 668 447 712 579 71331 0 0 1 standing 
3 670 446 714 579 71332 0 0 1 standing 
3 672 446 717 579 71333 0 0 1 standing 
3 674 445 719 579 71334 0 0 1 standing 
4 535 413 574 527 71315 1 0 1 standing 
4 535 413 574 527 71316 1 0 1 standing 
4 535 413 574 527 71317 0 0 0 standing 
4 539 413 577 526 71318 0 0 1 standing 
4 544 414 580 526 71319 0 0 1 standing 
4 548 415 583 525 71320 0 0 1 standing 
4 553 415 586 525 71321 0 0 1 standing 
4 557 416 589 524 71322 0 0 1 standing 
4 562 417 593 524 71323 0 0 0 standing 
4 562 417 596 524 71324 0 0 1 standing 
4 563 418 599 524 71325 0 0 1 standing 
4 564 419 603 524 71326 0 0 1 standing 
4 565 420 606 524 71327 0 0 1 standing 
4 566 421 609 524 71328 0 0 1 standing 
4 567 422 613 524 71329 0 0 0 standing 
4 566 421 612 524 71330 0 0 1 standing 
4 566 420 611 524 71331 0 0 1 standing 
4 565 419 611 524 71332 0 0 1 standing 
4 565 418 610 524 71333 0 0 1 standing 
4 565 417 609 524 71334 0 0 1 standing 
5 272 407 318 515 71315 1 0 1 standing 
5 272 407 318 515 71316 1 0 1 standing 
5 272 407 318 515 71317 0 0 0 standing 
5 274 407 320 515 71318 0 0 1 standing 
5 277 407 322 515 71319 0 0 1 standing 
5 279 407 324 515 71320 0 0 1 standing 
5 282 408 327 516 71321 0 0 1 standing 
5 284 408 329 516 71322 0 0 1 standing 
5 287 408 331 516 71323 0 0 1 standing 
5 289 409 334 517 71324 0 0 1 standing 
5 292 409 336 517 71325 0 0 1 standing 
5 294 409 338 517 71326 0 0 1 standing 
5 297 410 341 518 71327 0 0 0 standing 
5 300 412 345 518 71328 0 0 1 standing 
5 304 414 350 518 71329 0 0 1 standing 
5 308 416 355 519 71330 0 0 1 standing 
5 311 418 359 519 71331 0 0 1 standing 
5 315 420 364 520 71332 0 0 1 standing 
5 319 422 369 520 71333 0 0 1 standing 
5 322 424 373 520 71334 0 0 1 standing 
6 145 485 210 599 71315 1 0 1 standing 
6 145 485 210 599 71316 1 0 1 standing 
6 145 485 210 599 71317 0 0 0 standing 
6 147 483 213 597 71318 0 0 1 standing 
6 150 482 217 596 71319 0 0 1 standing 
6 153 481 221 595 71320 0 0 0 standing 
6 158 480 226 595 71321 0 0 1 standing 
6 163 479 231 595 71322 0 0 1 standing 
6 168 478 236 596 71323 0 0 1 standing 
6 173 477 241 596 71324 0 0 1 standing 
6 178 477 247 596 71325 0 0 1 standing 
6 183 476 252 597 71326 0 0 1 standing 
6 188 475 257 597 71327 0 0 1 standing 
6 193 474 262 597 71328 0 0 1 standing 
6 199 474 268 598 71329 0 0 0 standing 
6 197 468 262 592 71330 0 0 1 standing 
6 195 462 257 586 71331 0 0 1 standing 
6 193 457 252 580 71332 0 0 1 standing 
6 191 451 247 575 71333 0 0 1 standing 
6 189 445 242 569 71334 0 0 1 standing 
7 610 445 679 563 71315 1 0 1 standing 
7 610 445 679 563 71316 1 0 1 standing 
7 610 445 679 563 71317 0 0 0 standing 
7 613 444 682 562 71318 0 0 1 standing 
7 617 444 685 562 71319 0 0 1 standing 
7 621 444 688 562 71320 0 0 1 standing 
7 625 444 691 561 71321 0 0 1 standing 
7 629 444 694 561 71322 0 0 1 standing 
7 632 443 697 561 71323 0 0 1 standing 
7 636 443 700 560 71324 0 0 1 standing 
7 640 443 703 560 71325 0 0 1 standing 
7 644 443 706 560 71326 0 0 1 standing 
7 648 443 709 560 71327 0 0 0 standing 
7 652 441 712 560 71328 0 0 1 standing 
7 656 439 715 560 71329 0 0 1 standing 
7 660 437 718 560 71330 0 0 1 standing 
7 664 435 721 561 71331 0 0 1 standing 
7 668 434 725 561 71332 0 0 1 standing 
7 672 432 728 561 71333 0 0 1 standing 
7 676 430 731 562 71334 0 0 1 standing 
8 620 403 664 513 71315 1 0 1 standing 
8 620 403 664 513 71316 1 0 1 standing 
8 620 403 664 513 71317 0 0 0 standing 
8 623 401 667 511 71318 0 0 1 standing 
8 626 399 670 510 71319 0 0 1 standing 
8 629 398 673 508 71320 0 0 1 standing 
8 633 396 677 507 71321 0 0 1 standing 
8 636 395 680 506 71322 0 0 1 standing 
8 639 393 683 504 71323 0 0 1 standing 
8 643 391 687 503 71324 0 0 1 standing 
8 646 390 690 501 71325 0 0 1 standing 
8 649 388 693 500 71326 0 0 1 standing 
8 653 387 697 499 71327 0 0 0 standing 
8 656 386 700 498 71328 0 0 1 standing 
8 660 385 704 497 71329 0 0 1 standing 
8 664 384 708 496 71330 0 0 1 standing 
8 667 383 711 495 71331 0 0 1 standing 
8 671 383 715 495 71332 0 0 1 standing 
8 675 382 719 494 71333 0 0 1 standing 
8 678 381 722 493 71334 0 0 1 standing 
9 469 449 527 577 71315 1 0 1 standing 
9 469 449 527 577 71316 1 0 1 standing 
9 469 449 527 577 71317 0 0 0 standing 
9 470 448 528 576 71318 0 0 1 standing 
9 471 447 529 575 71319 0 0 1 standing 
9 473 446 530 575 71320 0 0 1 standing 
9 474 445 531 574 71321 0 0 1 standing 
9 476 444 533 574 71322 0 0 0 standing 
9 477 443 534 573 71323 0 0 1 standing 
9 478 443 535 573 71324 0 0 1 standing 
9 480 442 537 573 71325 0 0 1 standing 
9 481 442 538 573 71326 0 0 1 standing 
9 483 442 540 573 71327 0 0 0 standing 
9 488 442 545 574 71328 0 0 1 standing 
9 493 442 551 575 71329 0 0 1 standing 
9 498 442 557 576 71330 0 0 1 standing 
9 503 443 562 577 71331 0 0 1 standing 
9 508 443 568 578 71332 0 0 1 standing 
9 513 443 574 579 71333 0 0 1 standing 
9 518 444 579 580 71334 0 0 1 standing 
10 469 402 536 503 71315 1 0 1 standing 
10 469 402 536 503 71316 1 0 1 standing 
10 469 402 536 503 71317 0 0 0 standing 
10 467 400 537 502 71318 0 0 1 standing 
10 466 399 538 501 71319 0 0 1 standing 
10 465 398 539 501 71320 0 0 0 standing 
10 467 396 539 500 71321 0 0 1 standing 
10 470 395 540 500 71322 0 0 1 standing 
10 473 394 541 500 71323 0 0 1 standing 
10 476 393 541 500 71324 0 0 1 standing 
10 479 392 542 500 71325 0 0 1 standing 
10 482 391 543 500 71326 0 0 1 standing 
10 485 390 544 500 71327 0 0 0 standing 
10 485 390 545 500 71328 0 0 1 standing 
10 485 390 546 500 71329 0 0 1 standing 
10 486 390 547 500 71330 0 0 1 standing 
10 486 391 549 500 71331 0 0 1 standing 
10 487 391 550 501 71332 0 0 1 standing 
10 487 391 551 501 71333 0 0 1 standing 
10 487 392 553 501 71334 0 0 1 standing 
11 74 429 133 541 71315 1 0 1 standing 
11 74 429 133 541 71316 1 0 1 standing 
11 74 429 133 541 71317 0 0 0 standing 
11 79 428 137 541 71318 0 0 1 standing 
11 85 428 142 542 71319 0 0 1 standing 
11 91 428 146 543 71320 0 0 1 standing 
11 97 428 151 544 71321 0 0 1 standing 
11 102 427 155 544 71322 0 0 1 standing 
11 108 427 160 545 71323 0 0 1 standing 
11 114 427 164 546 71324 0 0 1 standing 
11 120 427 169 547 71325 0 0 1 standing 
11 125 426 173 547 71326 0 0 1 standing 
11 131 426 178 548 71327 0 0 1 standing 
11 137 426 182 549 71328 0 0 1 standing 
11 143 426 187 550 71329 0 0 0 standing 
11 162 430 206 554 71330 0 0 1 standing 
11 182 435 226 559 71331 0 0 1 standing 
11 202 439 246 564 71332 0 0 1 standing 
11 222 444 266 569 71333 0 0 1 standing 
11 241 449 285 573 71334 0 0 1 standing 
