0 670 288 714 436 36115 0 1 0 spiking 
0 669 288 718 428 36116 0 1 1 spiking 
0 668 289 722 421 36117 0 1 1 spiking 
0 667 290 726 414 36118 0 1 1 spiking 
0 667 291 731 407 36119 0 1 0 spiking 
0 666 286 727 409 36120 0 1 1 spiking 
0 666 282 723 412 36121 0 1 1 spiking 
0 665 278 719 414 36122 0 1 1 spiking 
0 665 274 715 417 36123 0 1 0 spiking 
0 666 278 716 421 36124 0 1 1 spiking 
0 667 282 717 426 36125 0 1 1 spiking 
0 668 287 718 431 36126 0 1 1 spiking 
0 670 291 719 436 36127 0 1 1 spiking 
0 671 296 720 441 36128 0 1 1 spiking 
0 672 300 721 446 36129 0 1 1 spiking 
0 674 305 722 451 36130 0 1 0 spiking 
0 675 310 724 448 36131 0 1 1 spiking 
0 677 316 727 446 36132 0 1 1 spiking 
0 679 322 730 444 36133 0 1 1 spiking 
0 681 328 733 442 36134 0 1 0 spiking 
1 551 312 593 435 36115 0 1 0 spiking 
1 555 307 597 434 36116 0 1 1 blocking 
1 559 302 601 434 36117 0 1 1 blocking 
1 563 297 605 434 36118 0 1 1 blocking 
1 567 293 609 434 36119 0 1 1 blocking 
1 571 288 613 434 36120 0 1 1 blocking 
1 575 283 617 434 36121 0 1 1 blocking 
1 579 278 621 434 36122 0 1 1 blocking 
1 583 274 625 434 36123 0 1 1 blocking 
1 587 269 629 434 36124 0 1 1 blocking 
1 591 264 633 434 36125 0 1 1 blocking 
1 595 260 637 434 36126 0 1 0 blocking 
1 601 263 643 436 36127 0 1 1 blocking 
1 608 266 650 439 36128 0 1 1 blocking 
1 615 269 657 441 36129 0 1 1 blocking 
1 622 273 664 444 36130 0 1 0 blocking 
1 624 278 666 447 36131 0 1 1 blocking 
1 626 284 668 451 36132 0 1 1 blocking 
1 628 290 670 454 36133 0 1 1 blocking 
1 631 296 672 458 36134 0 1 0 blocking 
2 541 334 592 476 36115 0 1 0 blocking 
2 544 328 595 473 36116 0 1 1 blocking 
2 548 322 598 470 36117 0 1 1 blocking 
2 552 317 601 467 36118 0 1 1 blocking 
2 555 311 604 464 36119 0 1 1 blocking 
2 559 306 607 461 36120 0 1 1 blocking 
2 563 300 610 458 36121 0 1 1 blocking 
2 567 295 613 455 36122 0 1 1 blocking 
2 570 289 616 452 36123 0 1 1 blocking 
2 574 284 619 449 36124 0 1 1 blocking 
2 578 278 622 446 36125 0 1 1 blocking 
2 582 273 626 443 36126 0 1 0 blocking 
2 585 276 630 445 36127 0 1 1 blocking 
2 589 279 635 447 36128 0 1 1 blocking 
2 593 282 640 449 36129 0 1 1 blocking 
2 597 286 645 451 36130 0 1 1 blocking 
2 601 289 650 453 36131 0 1 1 blocking 
2 604 292 655 455 36132 0 1 1 blocking 
2 608 296 660 457 36133 0 1 1 blocking 
2 612 299 665 459 36134 0 1 1 blocking 
3 264 328 309 413 36115 0 0 0 blocking 
3 266 329 311 414 36116 0 0 1 standing 
3 269 330 314 415 36117 0 0 1 standing 
3 272 331 317 416 36118 0 0 0 standing 
3 276 329 321 415 36119 0 0 1 standing 
3 281 327 325 414 36120 0 0 1 standing 
3 286 325 330 414 36121 0 0 0 standing 
3 291 324 339 413 36122 0 0 1 standing 
3 297 323 348 412 36123 0 0 1 standing 
3 303 322 357 412 36124 0 0 0 standing 
3 309 323 365 414 36125 0 0 1 standing 
3 315 324 373 416 36126 0 0 1 standing 
3 322 325 381 418 36127 0 0 0 standing 
3 330 328 389 421 36128 0 0 1 standing 
3 339 331 398 424 36129 0 0 1 standing 
3 348 334 407 428 36130 0 0 0 standing 
3 353 337 412 427 36131 0 0 1 standing 
3 359 340 417 426 36132 0 0 1 standing 
3 365 343 423 425 36133 0 0 0 standing 
3 373 345 431 424 36134 0 0 1 standing 
4 159 395 216 491 36115 0 0 0 standing 
4 163 395 220 491 36116 0 0 1 digging 
4 167 395 224 492 36117 0 0 1 digging 
4 171 395 228 493 36118 0 0 0 digging 
4 176 391 230 492 36119 0 0 1 digging 
4 181 387 233 491 36120 0 0 1 digging 
4 187 383 236 491 36121 0 0 0 digging 
4 192 378 239 488 36122 0 0 1 digging 
4 198 373 243 485 36123 0 0 1 digging 
4 204 369 247 483 36124 0 0 0 digging 
4 210 367 253 481 36125 0 0 1 digging 
4 217 366 260 480 36126 0 0 1 digging 
4 224 365 267 479 36127 0 0 0 digging 
4 230 365 275 477 36128 0 0 1 digging 
4 236 366 283 475 36129 0 0 1 digging 
4 242 367 291 474 36130 0 0 0 digging 
4 247 367 296 475 36131 0 0 1 digging 
4 253 368 302 476 36132 0 0 1 digging 
4 259 369 308 478 36133 0 0 0 digging 
4 262 367 311 476 36134 0 0 1 digging 
5 267 436 342 558 36115 0 0 0 digging 
5 269 435 345 557 36116 0 0 1 digging 
5 272 434 349 556 36117 0 0 1 digging 
5 275 433 353 556 36118 0 0 0 digging 
5 277 433 355 554 36119 0 0 1 digging 
5 280 433 358 553 36120 0 0 1 digging 
5 283 433 361 552 36121 0 0 0 digging 
5 282 433 359 554 36122 0 0 1 digging 
5 282 433 357 556 36123 0 0 1 digging 
5 282 434 356 558 36124 0 0 0 digging 
5 284 436 361 560 36125 0 0 1 digging 
5 287 438 367 562 36126 0 0 1 digging 
5 290 440 373 564 36127 0 0 0 digging 
5 294 441 376 562 36128 0 0 1 digging 
5 299 442 379 560 36129 0 0 1 digging 
5 304 444 382 558 36130 0 0 0 digging 
5 309 441 390 558 36131 0 0 1 digging 
5 314 438 398 558 36132 0 0 1 digging 
5 319 435 406 558 36133 0 0 1 digging 
5 324 432 414 558 36134 0 0 1 digging 
6 537 414 579 545 36115 0 0 0 digging 
6 540 415 582 545 36116 0 0 1 standing 
6 543 416 585 545 36117 0 0 1 standing 
6 546 418 589 546 36118 0 0 0 standing 
6 548 421 591 549 36119 0 0 1 standing 
6 551 424 594 552 36120 0 0 1 standing 
6 554 428 597 556 36121 0 0 0 standing 
6 555 426 601 554 36122 0 0 1 standing 
6 557 424 605 552 36123 0 0 1 standing 
6 559 423 610 550 36124 0 0 1 standing 
6 560 421 614 548 36125 0 0 1 standing 
6 562 419 618 546 36126 0 0 1 standing 
6 564 418 623 545 36127 0 0 0 standing 
6 566 420 628 544 36128 0 0 1 standing 
6 568 422 633 544 36129 0 0 1 standing 
6 570 424 638 544 36130 0 0 1 standing 
6 572 426 643 544 36131 0 0 1 standing 
6 574 428 648 543 36132 0 0 1 standing 
6 576 430 653 543 36133 0 0 1 standing 
6 578 432 658 543 36134 0 0 1 standing 
7 633 280 677 408 36115 0 0 0 standing 
7 634 283 676 409 36116 0 0 1 spiking 
7 635 286 676 411 36117 0 0 1 spiking 
7 637 290 676 413 36118 0 0 0 spiking 
7 641 294 680 414 36119 0 0 1 spiking 
7 646 298 684 415 36120 0 0 1 spiking 
7 651 303 689 417 36121 0 0 0 spiking 
7 656 300 694 414 36122 0 0 1 spiking 
7 662 298 700 412 36123 0 0 1 spiking 
7 668 296 706 410 36124 0 0 0 spiking 
7 669 295 721 409 36125 0 0 1 spiking 
7 670 294 736 408 36126 0 0 1 spiking 
7 672 294 751 408 36127 0 0 0 spiking 
7 676 297 757 410 36128 0 0 1 spiking 
7 680 300 764 413 36129 0 0 1 spiking 
7 684 303 771 416 36130 0 0 0 spiking 
7 699 304 776 418 36131 0 0 1 spiking 
7 714 305 782 420 36132 0 0 1 spiking 
7 729 307 788 422 36133 0 0 0 spiking 
7 733 306 792 421 36134 0 0 1 spiking 
8 758 241 829 330 36115 0 0 0 spiking 
8 759 242 825 331 36116 0 0 1 standing 
8 761 244 821 333 36117 0 0 1 standing 
8 763 246 817 335 36118 0 0 0 standing 
8 761 246 811 336 36119 0 0 1 standing 
8 759 246 806 338 36120 0 0 1 standing 
8 758 246 801 340 36121 0 0 0 standing 
8 758 246 801 343 36122 0 0 1 standing 
8 759 246 801 346 36123 0 0 1 standing 
8 760 247 802 350 36124 0 0 0 standing 
8 762 246 804 349 36125 0 0 1 standing 
8 764 246 806 349 36126 0 0 1 standing 
8 766 246 808 349 36127 0 0 0 standing 
8 768 244 810 349 36128 0 0 1 standing 
8 770 242 813 349 36129 0 0 1 standing 
8 772 241 816 349 36130 0 0 0 standing 
8 775 242 818 350 36131 0 0 1 standing 
8 778 243 821 351 36132 0 0 1 standing 
8 781 244 824 353 36133 0 0 1 standing 
8 784 245 827 354 36134 0 0 1 standing 
9 841 291 888 390 36115 0 0 0 standing 
9 841 294 887 393 36116 0 0 1 standing 
9 841 297 886 396 36117 0 0 1 standing 
9 842 300 886 399 36118 0 0 0 standing 
9 840 302 884 401 36119 0 0 1 standing 
9 838 304 882 403 36120 0 0 1 standing 
9 837 306 881 405 36121 0 0 0 standing 
9 839 304 880 404 36122 0 0 1 standing 
9 841 302 879 404 36123 0 0 1 standing 
9 844 301 879 404 36124 0 0 0 standing 
9 842 300 881 403 36125 0 0 1 standing 
9 840 300 884 403 36126 0 0 1 standing 
9 839 300 887 403 36127 0 0 0 standing 
9 839 300 887 407 36128 0 0 1 standing 
9 839 300 887 411 36129 0 0 1 standing 
9 840 301 887 415 36130 0 0 0 standing 
9 843 305 891 417 36131 0 0 1 standing 
9 847 309 895 419 36132 0 0 1 standing 
9 851 313 899 422 36133 0 0 0 standing 
9 854 316 903 426 36134 0 0 1 standing 
10 872 394 909 505 36115 0 0 0 standing 
10 861 395 910 505 36116 0 0 1 standing 
10 851 396 912 506 36117 0 0 1 standing 
10 841 398 914 507 36118 0 0 0 standing 
10 837 398 912 507 36119 0 0 1 standing 
10 834 398 911 507 36120 0 0 1 standing 
10 831 399 910 508 36121 0 0 0 standing 
10 831 397 897 506 36122 0 0 1 standing 
10 831 395 885 504 36123 0 0 1 standing 
10 831 393 873 502 36124 0 0 0 standing 
10 825 390 867 499 36125 0 0 1 standing 
10 820 388 862 497 36126 0 0 1 standing 
10 815 386 857 495 36127 0 0 0 standing 
10 806 388 854 497 36128 0 0 1 standing 
10 798 391 852 500 36129 0 0 1 standing 
10 790 394 850 503 36130 0 0 0 standing 
10 783 395 846 501 36131 0 0 1 standing 
10 777 397 842 499 36132 0 0 1 standing 
10 771 399 839 498 36133 0 0 0 standing 
10 773 401 839 498 36134 0 0 1 standing 
11 874 499 942 638 36115 0 0 0 standing 
11 859 496 932 638 36116 0 0 1 moving 
11 844 493 922 638 36117 0 0 1 moving 
11 829 490 912 638 36118 0 0 0 moving 
11 822 487 908 633 36119 0 0 1 moving 
11 815 484 905 628 36120 0 0 1 moving 
11 808 481 902 623 36121 0 0 0 moving 
11 806 479 893 621 36122 0 0 1 moving 
11 804 477 884 619 36123 0 0 1 moving 
11 802 475 876 618 36124 0 0 0 moving 
11 801 470 870 615 36125 0 0 1 moving 
11 800 466 864 613 36126 0 0 1 moving 
11 800 462 859 611 36127 0 0 0 moving 
11 795 459 860 608 36128 0 0 1 moving 
11 790 457 861 605 36129 0 0 1 moving 
11 785 455 863 603 36130 0 0 0 moving 
11 781 456 859 604 36131 0 0 1 moving 
11 777 457 855 605 36132 0 0 1 moving 
11 773 458 852 606 36133 0 0 0 moving 
11 771 458 850 603 36134 0 0 1 moving 
