0 620 398 672 524 140075 0 1 0 setting 
0 624 394 676 523 140076 0 1 1 setting 
0 629 391 681 523 140077 0 1 1 setting 
0 634 388 686 523 140078 0 1 1 setting 
0 639 385 690 523 140079 0 1 1 setting 
0 644 382 695 523 140080 0 1 1 setting 
0 648 379 700 523 140081 0 1 1 setting 
0 653 376 704 523 140082 0 1 1 setting 
0 658 373 709 523 140083 0 1 1 setting 
0 663 370 714 523 140084 0 1 1 setting 
0 668 367 719 523 140085 0 1 0 setting 
0 671 372 725 526 140086 0 1 1 setting 
0 675 378 731 530 140087 0 1 1 setting 
0 679 384 737 534 140088 0 1 1 setting 
0 683 390 743 537 140089 0 1 1 setting 
0 687 396 750 541 140090 0 1 1 setting 
0 690 401 756 545 140091 0 1 1 setting 
0 694 407 762 548 140092 0 1 1 setting 
0 698 413 768 552 140093 0 1 1 setting 
0 702 419 774 556 140094 0 1 1 setting 
1 763 430 832 550 140075 0 1 0 setting 
1 756 431 828 552 140076 0 1 1 standing 
1 750 433 825 554 140077 0 1 1 standing 
1 743 435 822 556 140078 0 1 1 standing 
1 737 436 818 558 140079 0 1 1 standing 
1 730 438 815 560 140080 0 1 1 standing 
1 724 440 812 563 140081 0 1 0 standing 
1 717 441 800 565 140082 0 1 1 standing 
1 711 443 789 568 140083 0 1 1 standing 
1 704 445 777 571 140084 0 1 1 standing 
1 698 447 766 574 140085 0 1 0 standing 
1 696 440 766 570 140086 0 1 1 standing 
1 694 434 767 566 140087 0 1 1 standing 
1 692 428 768 562 140088 0 1 1 standing 
1 690 421 769 558 140089 0 1 1 standing 
1 689 415 770 554 140090 0 1 1 standing 
1 687 409 771 550 140091 0 1 1 standing 
1 685 402 772 546 140092 0 1 1 standing 
1 683 396 773 542 140093 0 1 1 standing 
1 681 390 774 538 140094 0 1 1 standing 
2 849 501 937 653 140075 0 1 0 standing 
2 848 501 936 653 140076 0 1 1 standing 
2 848 501 936 653 140077 0 1 1 standing 
2 847 502 935 654 140078 0 1 1 standing 
2 847 502 935 654 140079 0 1 1 standing 
2 847 503 935 655 140080 0 1 1 standing 
2 846 503 934 655 140081 0 1 1 standing 
2 846 503 934 655 140082 0 1 1 standing 
2 845 504 933 656 140083 0 1 1 standing 
2 845 504 933 656 140084 0 1 1 standing 
2 845 505 933 657 140085 0 1 0 standing 
2 841 505 932 657 140086 0 1 1 standing 
2 838 505 931 657 140087 0 1 1 standing 
2 835 506 931 657 140088 0 1 1 standing 
2 832 506 930 657 140089 0 1 1 standing 
2 829 506 929 658 140090 0 1 1 standing 
2 826 507 929 658 140091 0 1 1 standing 
2 823 507 928 658 140092 0 1 1 standing 
2 820 507 927 658 140093 0 1 1 standing 
2 817 508 927 659 140094 0 1 0 standing 
3 924 372 983 481 140075 0 0 0 standing 
3 924 373 983 480 140076 0 0 1 standing 
3 924 375 984 479 140077 0 0 1 standing 
3 924 377 985 478 140078 0 0 0 standing 
3 919 375 985 478 140079 0 0 1 standing 
3 914 373 986 478 140080 0 0 1 standing 
3 909 372 987 479 140081 0 0 0 standing 
3 907 369 982 477 140082 0 0 1 standing 
3 906 367 977 475 140083 0 0 1 standing 
3 905 365 972 474 140084 0 0 0 standing 
3 902 364 962 473 140085 0 0 1 standing 
3 899 363 952 472 140086 0 0 1 standing 
3 896 362 943 471 140087 0 0 0 standing 
3 893 364 940 473 140088 0 0 1 standing 
3 890 366 937 475 140089 0 0 1 standing 
3 887 368 934 477 140090 0 0 0 standing 
3 882 369 934 477 140091 0 0 1 standing 
3 877 370 934 477 140092 0 0 1 standing 
3 873 372 934 477 140093 0 0 1 standing 
3 868 373 934 477 140094 0 0 1 standing 
4 991 405 1039 506 140075 0 0 0 standing 
4 990 406 1039 507 140076 0 0 1 standing 
4 989 408 1039 508 140077 0 0 1 standing 
4 989 410 1040 510 140078 0 0 0 standing 
4 986 408 1038 508 140079 0 0 1 standing 
4 984 407 1036 507 140080 0 0 1 standing 
4 982 406 1035 506 140081 0 0 0 standing 
4 980 404 1031 504 140082 0 0 1 standing 
4 979 402 1028 502 140083 0 0 1 standing 
4 978 401 1025 500 140084 0 0 0 standing 
4 978 402 1025 501 140085 0 0 1 standing 
4 978 403 1025 502 140086 0 0 1 standing 
4 978 405 1025 503 140087 0 0 0 standing 
4 980 408 1027 506 140088 0 0 1 standing 
4 983 411 1030 509 140089 0 0 1 standing 
4 986 415 1033 513 140090 0 0 0 standing 
4 988 416 1035 516 140091 0 0 1 standing 
4 990 417 1037 520 140092 0 0 1 standing 
4 992 418 1039 523 140093 0 0 1 standing 
4 994 419 1041 527 140094 0 0 1 standing 
5 1000 420 1078 540 140075 0 0 0 standing 
5 999 422 1078 538 140076 0 0 1 moving 
5 998 424 1079 537 140077 0 0 1 moving 
5 997 427 1080 536 140078 0 0 0 moving 
5 995 427 1080 534 140079 0 0 1 moving 
5 993 427 1081 532 140080 0 0 1 moving 
5 992 428 1082 531 140081 0 0 0 moving 
5 984 427 1074 531 140082 0 0 1 moving 
5 976 426 1066 531 140083 0 0 1 moving 
5 969 425 1058 532 140084 0 0 0 moving 
5 968 425 1053 535 140085 0 0 1 moving 
5 967 425 1048 538 140086 0 0 1 moving 
5 966 425 1043 541 140087 0 0 0 moving 
5 966 425 1039 541 140088 0 0 1 moving 
5 967 425 1036 542 140089 0 0 1 moving 
5 968 426 1033 543 140090 0 0 0 moving 
5 965 428 1028 544 140091 0 0 1 moving 
5 962 430 1024 546 140092 0 0 1 moving 
5 959 432 1020 548 140093 0 0 1 moving 
5 956 434 1016 550 140094 0 0 1 moving 
6 124 446 182 546 140075 0 0 0 moving 
6 124 446 182 546 140076 0 0 1 waiting 
6 124 447 182 547 140077 0 0 1 waiting 
6 124 448 182 548 140078 0 0 0 waiting 
6 123 449 181 548 140079 0 0 1 waiting 
6 122 450 180 549 140080 0 0 1 waiting 
6 121 451 179 550 140081 0 0 0 waiting 
6 120 449 178 550 140082 0 0 1 waiting 
6 119 447 178 551 140083 0 0 1 waiting 
6 119 445 178 552 140084 0 0 0 waiting 
6 120 445 179 552 140085 0 0 1 waiting 
6 121 445 180 552 140086 0 0 1 waiting 
6 123 445 182 552 140087 0 0 0 waiting 
6 119 448 181 555 140088 0 0 1 waiting 
6 115 451 180 558 140089 0 0 1 waiting 
6 111 455 179 561 140090 0 0 0 waiting 
6 112 456 180 560 140091 0 0 1 waiting 
6 114 457 181 559 140092 0 0 1 waiting 
6 115 458 182 559 140093 0 0 1 waiting 
6 117 459 183 558 140094 0 0 1 waiting 
7 270 387 339 482 140075 0 0 0 waiting 
7 272 386 339 482 140076 0 0 1 waiting 
7 275 386 339 482 140077 0 0 1 waiting 
7 278 386 339 482 140078 0 0 0 waiting 
7 279 386 340 482 140079 0 0 1 waiting 
7 280 386 341 482 140080 0 0 1 waiting 
7 282 386 343 482 140081 0 0 0 waiting 
7 282 385 343 481 140082 0 0 1 waiting 
7 283 385 344 481 140083 0 0 1 waiting 
7 284 385 345 481 140084 0 0 0 waiting 
7 285 386 348 481 140085 0 0 1 waiting 
7 287 388 351 481 140086 0 0 1 waiting 
7 289 390 354 481 140087 0 0 0 waiting 
7 289 390 355 481 140088 0 0 1 waiting 
7 290 390 356 482 140089 0 0 1 waiting 
7 291 391 357 483 140090 0 0 0 waiting 
7 292 390 359 483 140091 0 0 1 waiting 
7 293 390 361 484 140092 0 0 1 waiting 
7 294 390 364 485 140093 0 0 1 waiting 
7 295 390 366 486 140094 0 0 1 waiting 
8 269 465 320 606 140075 0 0 0 waiting 
8 266 466 318 605 140076 0 0 1 standing 
8 264 468 316 605 140077 0 0 1 standing 
8 262 470 315 605 140078 0 0 0 standing 
8 262 468 317 604 140079 0 0 1 standing 
8 263 466 319 603 140080 0 0 1 standing 
8 264 465 321 603 140081 0 0 0 standing 
8 263 463 320 605 140082 0 0 1 standing 
8 262 462 319 608 140083 0 0 1 standing 
8 261 461 319 611 140084 0 0 0 standing 
8 262 461 319 611 140085 0 0 1 standing 
8 263 462 320 612 140086 0 0 1 standing 
8 265 463 321 613 140087 0 0 0 standing 
8 265 467 321 613 140088 0 0 1 standing 
8 266 471 321 614 140089 0 0 1 standing 
8 267 475 322 615 140090 0 0 0 standing 
8 266 476 322 615 140091 0 0 1 standing 
8 265 477 323 615 140092 0 0 1 standing 
8 265 478 324 615 140093 0 0 1 standing 
8 264 479 325 615 140094 0 0 1 standing 
9 517 460 567 606 140075 0 0 0 standing 
9 519 460 569 606 140076 0 0 1 standing 
9 522 460 572 606 140077 0 0 1 standing 
9 525 461 575 607 140078 0 0 0 standing 
9 525 462 575 606 140079 0 0 1 standing 
9 525 464 575 605 140080 0 0 1 standing 
9 526 466 575 604 140081 0 0 0 standing 
9 528 467 577 605 140082 0 0 1 standing 
9 530 468 579 606 140083 0 0 1 standing 
9 533 470 582 607 140084 0 0 0 standing 
9 534 471 583 608 140085 0 0 1 standing 
9 536 472 585 609 140086 0 0 1 standing 
9 538 473 587 610 140087 0 0 1 standing 
9 539 474 588 611 140088 0 0 1 standing 
9 541 475 590 612 140089 0 0 1 standing 
9 543 476 592 613 140090 0 0 0 standing 
9 546 476 595 613 140091 0 0 1 standing 
9 549 477 598 614 140092 0 0 1 standing 
9 552 478 601 615 140093 0 0 1 standing 
9 555 479 604 616 140094 0 0 1 standing 
10 537 413 580 551 140075 0 0 0 standing 
10 538 412 580 551 140076 0 0 1 standing 
10 539 412 581 551 140077 0 0 1 standing 
10 541 412 582 551 140078 0 0 0 standing 
10 542 411 583 550 140079 0 0 1 standing 
10 544 411 585 550 140080 0 0 1 standing 
10 546 411 587 550 140081 0 0 0 standing 
10 547 412 588 551 140082 0 0 1 standing 
10 549 413 589 552 140083 0 0 1 standing 
10 551 415 590 554 140084 0 0 0 standing 
10 554 417 593 556 140085 0 0 1 standing 
10 557 419 596 558 140086 0 0 1 standing 
10 560 421 599 560 140087 0 0 1 standing 
10 563 423 602 562 140088 0 0 1 standing 
10 566 425 605 564 140089 0 0 1 standing 
10 570 427 609 566 140090 0 0 0 standing 
10 572 427 611 566 140091 0 0 1 standing 
10 575 427 614 566 140092 0 0 1 standing 
10 577 427 616 566 140093 0 0 1 standing 
10 580 427 619 566 140094 0 0 1 standing 
11 537 391 575 511 140075 0 0 0 standing 
11 538 390 577 510 140076 0 0 1 standing 
11 540 389 579 509 140077 0 0 1 standing 
11 542 389 581 509 140078 0 0 0 standing 
11 543 388 582 508 140079 0 0 1 standing 
11 544 388 583 508 140080 0 0 1 standing 
11 546 388 585 508 140081 0 0 0 standing 
11 546 387 585 507 140082 0 0 1 standing 
11 547 386 586 506 140083 0 0 1 standing 
11 548 385 587 505 140084 0 0 0 standing 
11 546 385 588 505 140085 0 0 1 standing 
11 545 386 589 506 140086 0 0 1 standing 
11 543 387 591 507 140087 0 0 1 standing 
11 542 388 592 507 140088 0 0 1 standing 
11 540 389 593 508 140089 0 0 1 standing 
11 539 390 595 509 140090 0 0 0 standing 
11 541 392 597 509 140091 0 0 1 standing 
11 543 394 599 510 140092 0 0 1 standing 
11 545 397 601 511 140093 0 0 1 standing 
11 547 399 603 512 140094 0 0 1 standing 
