0 1192 306 1264 451 32230 1 0 0 standing 
0 1192 306 1264 451 32231 1 0 1 standing 
0 1192 306 1264 451 32232 1 0 1 standing 
0 1192 306 1264 451 32233 1 0 1 standing 
0 1192 306 1264 451 32234 1 0 1 standing 
0 1192 306 1264 451 32235 1 0 1 standing 
0 1192 306 1264 451 32236 1 0 1 standing 
0 1192 306 1264 451 32237 1 0 1 standing 
0 1192 306 1264 451 32238 1 0 1 standing 
0 1192 306 1264 451 32239 1 0 1 standing 
0 1192 306 1264 451 32240 1 0 1 standing 
0 1192 306 1264 451 32241 1 0 1 standing 
0 1192 306 1264 451 32242 1 0 1 standing 
0 1192 306 1264 451 32243 1 0 1 standing 
0 1192 306 1264 451 32244 1 0 1 standing 
0 1192 306 1264 451 32245 1 0 1 standing 
0 1192 306 1264 451 32246 1 0 1 standing 
0 1192 306 1264 451 32247 1 0 1 standing 
0 1192 306 1264 451 32248 1 0 1 standing 
0 1192 306 1264 451 32249 1 0 1 standing 
1 1213 398 1277 566 32230 0 0 0 standing 
1 1216 398 1277 566 32231 0 0 1 standing 
1 1219 398 1277 566 32232 0 0 1 standing 
1 1222 398 1277 566 32233 0 0 1 standing 
1 1225 399 1277 567 32234 0 0 1 standing 
1 1228 399 1278 567 32235 0 0 1 standing 
1 1231 399 1278 567 32236 0 0 1 standing 
1 1234 400 1278 568 32237 0 0 1 standing 
1 1237 400 1278 568 32238 0 0 1 standing 
1 1240 400 1278 568 32239 0 0 1 standing 
1 1244 401 1279 569 32240 0 0 0 standing 
1 1241 402 1279 570 32241 0 0 1 standing 
1 1239 404 1279 572 32242 0 0 1 standing 
1 1237 406 1279 574 32243 0 0 1 standing 
1 1234 408 1279 576 32244 0 0 1 standing 
1 1232 410 1279 578 32245 0 0 1 standing 
1 1230 412 1279 579 32246 0 0 1 standing 
1 1227 414 1279 581 32247 0 0 1 standing 
1 1225 416 1279 583 32248 0 0 1 standing 
1 1223 418 1279 585 32249 0 0 1 standing 
2 1112 355 1178 517 32230 0 0 0 standing 
2 1116 353 1185 515 32231 0 0 1 standing 
2 1120 351 1192 513 32232 0 0 1 standing 
2 1124 349 1199 511 32233 0 0 1 standing 
2 1129 347 1206 509 32234 0 0 0 standing 
2 1126 345 1206 507 32235 0 0 1 standing 
2 1124 343 1207 505 32236 0 0 1 standing 
2 1122 342 1207 503 32237 0 0 1 standing 
2 1120 340 1208 501 32238 0 0 1 standing 
2 1118 338 1208 499 32239 0 0 1 standing 
2 1116 337 1209 498 32240 0 0 0 standing 
2 1108 334 1199 496 32241 0 0 1 standing 
2 1100 332 1189 495 32242 0 0 1 standing 
2 1093 330 1179 494 32243 0 0 1 standing 
2 1085 328 1169 492 32244 0 0 1 standing 
2 1078 326 1159 491 32245 0 0 1 standing 
2 1070 324 1149 490 32246 0 0 1 standing 
2 1063 322 1139 489 32247 0 0 1 standing 
2 1055 319 1129 487 32248 0 0 1 standing 
2 1047 317 1119 486 32249 0 0 1 standing 
3 913 406 974 593 32230 0 0 0 standing 
3 917 405 978 593 32231 0 0 1 standing 
3 922 405 983 593 32232 0 0 1 standing 
3 926 404 987 594 32233 0 0 1 standing 
3 931 404 992 594 32234 0 0 1 standing 
3 936 404 997 595 32235 0 0 0 standing 
3 935 402 996 594 32236 0 0 1 standing 
3 934 401 995 593 32237 0 0 1 standing 
3 933 399 994 593 32238 0 0 1 standing 
3 932 398 993 592 32239 0 0 1 standing 
3 932 397 992 592 32240 0 0 0 standing 
3 930 394 990 589 32241 0 0 1 standing 
3 928 391 988 586 32242 0 0 1 standing 
3 927 388 987 583 32243 0 0 1 standing 
3 925 385 985 580 32244 0 0 1 standing 
3 923 382 983 577 32245 0 0 1 standing 
3 922 379 982 574 32246 0 0 0 standing 
3 918 380 978 575 32247 0 0 1 standing 
3 914 382 974 577 32248 0 0 1 standing 
3 910 384 970 579 32249 0 0 1 standing 
4 650 370 745 533 32230 0 0 0 standing 
4 651 371 746 534 32231 0 0 1 standing 
4 653 372 748 535 32232 0 0 1 standing 
4 655 374 750 537 32233 0 0 1 standing 
4 657 375 752 538 32234 0 0 1 standing 
4 659 377 754 540 32235 0 0 1 standing 
4 661 378 756 541 32236 0 0 1 standing 
4 663 379 758 542 32237 0 0 1 standing 
4 665 381 760 544 32238 0 0 1 standing 
4 667 382 762 545 32239 0 0 1 standing 
4 669 384 764 547 32240 0 0 0 standing 
4 666 386 762 548 32241 0 0 1 standing 
4 663 388 760 550 32242 0 0 1 standing 
4 661 390 758 552 32243 0 0 1 standing 
4 658 392 757 554 32244 0 0 1 standing 
4 655 394 755 555 32245 0 0 1 standing 
4 653 396 753 557 32246 0 0 1 standing 
4 650 398 751 559 32247 0 0 1 standing 
4 648 400 750 561 32248 0 0 0 standing 
4 638 400 745 562 32249 0 0 1 standing 
5 361 314 441 439 32230 0 0 0 standing 
5 363 312 446 439 32231 0 0 1 standing 
5 366 311 451 440 32232 0 0 1 standing 
5 369 310 456 441 32233 0 0 1 standing 
5 372 308 461 441 32234 0 0 1 standing 
5 375 307 467 442 32235 0 0 1 standing 
5 378 306 472 443 32236 0 0 1 standing 
5 381 304 477 443 32237 0 0 1 standing 
5 384 303 482 444 32238 0 0 1 standing 
5 387 302 487 445 32239 0 0 1 standing 
5 390 301 493 446 32240 0 0 0 standing 
5 388 301 491 446 32241 0 0 1 standing 
5 386 302 489 447 32242 0 0 1 standing 
5 384 303 487 448 32243 0 0 1 standing 
5 382 304 485 449 32244 0 0 1 standing 
5 381 305 484 450 32245 0 0 1 standing 
5 379 306 482 451 32246 0 0 1 standing 
5 377 307 480 452 32247 0 0 1 standing 
5 375 308 478 453 32248 0 0 1 standing 
5 373 309 476 454 32249 0 0 1 standing 
6 943 320 1015 446 32230 0 0 0 standing 
6 946 316 1018 446 32231 0 0 1 standing 
6 949 313 1021 446 32232 0 0 1 standing 
6 952 310 1024 446 32233 0 0 1 standing 
6 955 307 1027 446 32234 0 0 1 standing 
6 958 304 1030 446 32235 0 0 1 standing 
6 961 301 1033 446 32236 0 0 1 standing 
6 964 298 1036 446 32237 0 0 1 standing 
6 967 295 1039 446 32238 0 0 1 standing 
6 970 292 1042 446 32239 0 0 1 standing 
6 974 289 1045 446 32240 0 0 0 standing 
6 975 288 1049 446 32241 0 0 1 standing 
6 977 288 1053 446 32242 0 0 1 standing 
6 978 287 1057 446 32243 0 0 1 standing 
6 980 287 1061 446 32244 0 0 1 standing 
6 982 286 1065 446 32245 0 0 1 standing 
6 983 286 1069 446 32246 0 0 1 standing 
6 985 285 1073 446 32247 0 0 1 standing 
6 987 285 1077 447 32248 0 0 0 standing 
6 995 281 1085 447 32249 0 0 1 standing 
7 937 331 1001 478 32230 0 0 0 standing 
7 940 331 1004 479 32231 0 0 1 standing 
7 944 331 1007 480 32232 0 0 1 standing 
7 947 331 1011 481 32233 0 0 1 standing 
7 951 331 1014 482 32234 0 0 1 standing 
7 954 331 1018 484 32235 0 0 1 standing 
7 958 331 1021 485 32236 0 0 1 standing 
7 961 331 1024 486 32237 0 0 1 standing 
7 965 331 1028 487 32238 0 0 1 standing 
7 968 331 1031 488 32239 0 0 1 standing 
7 972 332 1035 490 32240 0 0 0 standing 
7 967 331 1030 489 32241 0 0 1 standing 
7 962 331 1025 489 32242 0 0 1 standing 
7 958 330 1021 488 32243 0 0 1 standing 
7 953 330 1016 488 32244 0 0 1 standing 
7 949 330 1012 488 32245 0 0 1 standing 
7 944 329 1007 487 32246 0 0 1 standing 
7 939 329 1002 487 32247 0 0 1 standing 
7 935 328 998 486 32248 0 0 1 standing 
7 930 328 993 486 32249 0 0 1 standing 
8 832 307 889 449 32230 0 0 0 standing 
8 830 306 891 448 32231 0 0 1 moving 
8 828 306 894 448 32232 0 0 1 moving 
8 826 306 896 448 32233 0 0 1 moving 
8 824 306 899 448 32234 0 0 1 moving 
8 823 306 901 448 32235 0 0 1 moving 
8 821 306 904 447 32236 0 0 1 moving 
8 819 306 906 447 32237 0 0 1 moving 
8 817 306 909 447 32238 0 0 1 moving 
8 815 306 911 447 32239 0 0 1 moving 
8 814 306 914 447 32240 0 0 0 moving 
8 801 306 899 448 32241 0 0 1 moving 
8 788 306 884 450 32242 0 0 1 moving 
8 776 307 869 451 32243 0 0 1 moving 
8 763 307 855 453 32244 0 0 1 moving 
8 751 308 840 455 32245 0 0 1 moving 
8 738 308 825 456 32246 0 0 1 moving 
8 725 308 811 458 32247 0 0 1 moving 
8 713 309 796 459 32248 0 0 1 moving 
8 700 309 781 461 32249 0 0 1 moving 
9 815 287 869 448 32230 0 0 0 moving 
9 812 285 869 446 32231 0 0 1 moving 
9 809 283 869 444 32232 0 0 1 moving 
9 806 281 870 442 32233 0 0 1 moving 
9 803 279 870 440 32234 0 0 1 moving 
9 800 278 871 438 32235 0 0 1 moving 
9 797 276 871 436 32236 0 0 1 moving 
9 794 274 871 434 32237 0 0 1 moving 
9 791 272 872 432 32238 0 0 1 moving 
9 788 270 872 430 32239 0 0 1 moving 
9 786 269 873 429 32240 0 0 0 moving 
9 774 268 861 426 32241 0 0 1 moving 
9 762 267 849 423 32242 0 0 1 moving 
9 751 266 837 420 32243 0 0 1 moving 
9 739 266 826 417 32244 0 0 1 moving 
9 728 265 814 414 32245 0 0 1 moving 
9 716 264 802 411 32246 0 0 1 moving 
9 704 264 791 408 32247 0 0 1 moving 
9 693 263 779 405 32248 0 0 1 moving 
9 681 262 767 402 32249 0 0 1 moving 
10 221 358 314 494 32230 0 1 0 moving 
10 224 359 320 492 32231 0 1 1 falling 
10 227 361 327 491 32232 0 1 1 falling 
10 231 362 333 489 32233 0 1 1 falling 
10 234 364 340 488 32234 0 1 1 falling 
10 238 365 347 486 32235 0 1 1 falling 
10 241 367 353 485 32236 0 1 1 falling 
10 244 368 360 483 32237 0 1 1 falling 
10 248 370 366 482 32238 0 1 1 falling 
10 251 371 373 480 32239 0 1 1 falling 
10 255 373 380 479 32240 0 1 0 falling 
10 252 372 374 479 32241 0 1 1 falling 
10 249 372 369 479 32242 0 1 1 falling 
10 246 372 364 480 32243 0 1 1 falling 
10 243 371 359 480 32244 0 1 1 falling 
10 240 371 354 480 32245 0 1 1 falling 
10 237 371 349 481 32246 0 1 1 falling 
10 234 370 343 481 32247 0 1 1 falling 
10 231 370 338 482 32248 0 1 1 falling 
10 228 370 333 482 32249 0 1 1 falling 
11 254 392 367 559 32230 0 0 0 falling 
11 253 391 371 560 32231 0 0 1 standing 
11 252 391 375 561 32232 0 0 1 standing 
11 251 390 379 562 32233 0 0 1 standing 
11 250 390 383 563 32234 0 0 0 standing 
11 249 389 370 564 32235 0 0 1 standing 
11 248 389 357 566 32236 0 0 1 standing 
11 247 388 344 567 32237 0 0 1 standing 
11 246 388 331 569 32238 0 0 1 standing 
11 245 387 318 570 32239 0 0 1 standing 
11 245 387 306 572 32240 0 0 0 standing 
11 232 389 299 575 32241 0 0 1 standing 
11 219 391 292 579 32242 0 0 1 standing 
11 206 393 285 583 32243 0 0 1 standing 
11 193 395 278 586 32244 0 0 1 standing 
11 180 397 271 590 32245 0 0 1 standing 
11 168 400 265 594 32246 0 0 0 standing 
11 159 399 252 595 32247 0 0 1 standing 
11 150 398 240 596 32248 0 0 1 standing 
11 141 397 227 597 32249 0 0 1 standing 
