0 312 353 356 461 31310 0 0 0 standing 
0 312 351 355 460 31311 0 0 1 standing 
0 312 350 355 460 31312 0 0 1 standing 
0 312 348 355 460 31313 0 0 1 standing 
0 312 347 354 459 31314 0 0 1 standing 
0 312 345 354 459 31315 0 0 1 standing 
0 312 344 354 459 31316 0 0 1 standing 
0 312 343 354 459 31317 0 0 0 standing 
0 311 344 354 460 31318 0 0 1 standing 
0 311 345 354 461 31319 0 0 1 standing 
0 311 347 354 462 31320 0 0 0 standing 
0 311 347 353 462 31321 0 0 1 standing 
0 311 348 353 463 31322 0 0 1 standing 
0 311 349 353 463 31323 0 0 1 standing 
0 311 349 353 464 31324 0 0 1 standing 
0 311 350 353 464 31325 0 0 1 standing 
0 311 351 353 465 31326 0 0 1 standing 
0 311 351 353 465 31327 0 0 1 standing 
0 311 352 353 466 31328 0 0 1 standing 
0 311 353 353 466 31329 0 0 1 standing 
1 411 314 454 399 31310 0 0 0 standing 
1 412 315 455 400 31311 0 0 1 waiting 
1 413 316 456 401 31312 0 0 1 waiting 
1 414 317 457 402 31313 0 0 1 waiting 
1 416 319 459 404 31314 0 0 0 waiting 
1 416 319 459 404 31315 0 0 1 waiting 
1 416 319 459 404 31316 0 0 1 waiting 
1 416 320 459 405 31317 0 0 1 waiting 
1 416 320 459 405 31318 0 0 1 waiting 
1 416 321 459 406 31319 0 0 0 waiting 
1 417 322 460 407 31320 0 0 1 waiting 
1 419 323 462 409 31321 0 0 1 waiting 
1 421 324 463 410 31322 0 0 1 waiting 
1 423 326 465 412 31323 0 0 0 waiting 
1 423 326 465 412 31324 0 0 1 waiting 
1 424 326 466 413 31325 0 0 1 waiting 
1 424 326 466 414 31326 0 0 1 waiting 
1 425 326 467 415 31327 0 0 1 waiting 
1 425 326 467 416 31328 0 0 1 waiting 
1 426 326 468 417 31329 0 0 1 waiting 
2 582 344 654 420 31310 0 1 0 waiting 
2 582 346 653 420 31311 0 1 1 moving 
2 583 348 653 420 31312 0 1 1 moving 
2 583 350 653 420 31313 0 1 1 moving 
2 584 352 653 420 31314 0 1 1 moving 
2 585 355 653 421 31315 0 1 0 moving 
2 581 358 652 423 31316 0 1 1 moving 
2 577 362 651 425 31317 0 1 1 moving 
2 573 366 650 427 31318 0 1 0 moving 
2 569 366 642 427 31319 0 1 1 moving 
2 565 367 634 427 31320 0 1 1 moving 
2 561 368 626 428 31321 0 1 1 moving 
2 557 368 618 428 31322 0 1 1 moving 
2 553 369 610 428 31323 0 1 1 moving 
2 550 370 602 429 31324 0 1 0 moving 
2 544 367 602 427 31325 0 1 1 moving 
2 539 365 602 425 31326 0 1 1 moving 
2 534 363 603 424 31327 0 1 0 moving 
2 529 360 600 422 31328 0 1 1 moving 
2 525 357 598 421 31329 0 1 1 moving 
3 708 300 748 400 31310 0 0 0 moving 
3 707 298 747 400 31311 0 0 1 standing 
3 707 297 747 400 31312 0 0 1 standing 
3 707 296 747 400 31313 0 0 1 standing 
3 707 294 747 400 31314 0 0 1 standing 
3 707 293 747 400 31315 0 0 1 standing 
3 707 292 747 400 31316 0 0 0 standing 
3 706 292 746 401 31317 0 0 1 standing 
3 705 292 745 402 31318 0 0 1 standing 
3 704 292 744 403 31319 0 0 1 standing 
3 704 292 743 404 31320 0 0 0 standing 
3 703 294 742 406 31321 0 0 1 standing 
3 703 296 742 408 31322 0 0 1 standing 
3 702 298 741 410 31323 0 0 1 standing 
3 702 300 741 412 31324 0 0 0 standing 
3 700 299 739 411 31325 0 0 1 standing 
3 699 298 738 410 31326 0 0 1 standing 
3 698 298 737 410 31327 0 0 1 standing 
3 696 297 735 409 31328 0 0 1 standing 
3 695 296 734 408 31329 0 0 1 standing 
4 770 273 810 385 31310 0 0 0 standing 
4 770 274 810 385 31311 0 0 1 standing 
4 770 276 810 386 31312 0 0 1 standing 
4 770 277 810 386 31313 0 0 1 standing 
4 771 279 811 387 31314 0 0 0 standing 
4 773 280 812 386 31315 0 0 1 standing 
4 775 281 814 386 31316 0 0 1 standing 
4 777 282 816 386 31317 0 0 1 standing 
4 779 283 818 386 31318 0 0 1 standing 
4 781 284 820 386 31319 0 0 1 standing 
4 783 285 822 386 31320 0 0 0 standing 
4 786 284 825 385 31321 0 0 1 standing 
4 789 284 828 385 31322 0 0 1 standing 
4 792 284 831 385 31323 0 0 1 standing 
4 795 284 834 385 31324 0 0 1 standing 
4 798 284 837 385 31325 0 0 1 standing 
4 801 284 840 385 31326 0 0 1 standing 
4 804 284 843 385 31327 0 0 1 standing 
4 807 284 846 385 31328 0 0 1 standing 
4 810 284 849 385 31329 0 0 1 standing 
5 1002 358 1036 475 31310 0 0 0 standing 
5 1002 358 1036 475 31311 0 0 1 standing 
5 1002 358 1036 475 31312 0 0 1 standing 
5 1002 358 1036 475 31313 0 0 1 standing 
5 1002 359 1036 476 31314 0 0 1 standing 
5 1003 359 1037 476 31315 0 0 1 standing 
5 1003 359 1037 476 31316 0 0 1 standing 
5 1003 360 1037 477 31317 0 0 1 standing 
5 1003 360 1037 477 31318 0 0 1 standing 
5 1003 360 1037 477 31319 0 0 1 standing 
5 1004 361 1038 478 31320 0 0 0 standing 
5 1004 363 1038 480 31321 0 0 1 standing 
5 1004 365 1038 482 31322 0 0 1 standing 
5 1005 367 1039 484 31323 0 0 1 standing 
5 1005 369 1039 486 31324 0 0 1 standing 
5 1006 371 1040 488 31325 0 0 0 standing 
5 1006 371 1040 488 31326 0 0 1 standing 
5 1006 371 1040 488 31327 0 0 1 standing 
5 1006 371 1040 488 31328 0 0 1 standing 
5 1006 371 1040 488 31329 0 0 1 standing 
6 414 394 465 498 31310 0 0 0 standing 
6 416 392 467 496 31311 0 0 1 standing 
6 418 391 469 495 31312 0 0 1 standing 
6 420 390 471 494 31313 0 0 0 standing 
6 419 389 470 494 31314 0 0 1 standing 
6 418 388 469 495 31315 0 0 1 standing 
6 418 387 468 495 31316 0 0 1 standing 
6 417 386 467 496 31317 0 0 1 standing 
6 417 386 467 497 31318 0 0 0 standing 
6 415 384 464 496 31319 0 0 1 standing 
6 413 383 462 496 31320 0 0 1 standing 
6 411 382 460 496 31321 0 0 1 standing 
6 409 381 458 496 31322 0 0 0 standing 
6 407 380 456 498 31323 0 0 1 standing 
6 406 380 454 500 31324 0 0 1 standing 
6 404 379 452 502 31325 0 0 1 standing 
6 403 379 451 504 31326 0 0 0 standing 
6 402 379 450 502 31327 0 0 1 standing 
6 402 380 450 501 31328 0 0 1 standing 
6 401 381 450 500 31329 0 0 1 standing 
7 659 354 696 463 31310 0 0 0 standing 
7 658 353 695 463 31311 0 0 1 standing 
7 658 352 695 463 31312 0 0 1 standing 
7 658 351 695 463 31313 0 0 1 standing 
7 658 350 695 463 31314 0 0 0 standing 
7 656 348 693 462 31315 0 0 1 standing 
7 655 347 692 461 31316 0 0 1 standing 
7 654 346 690 461 31317 0 0 1 standing 
7 652 344 689 460 31318 0 0 1 standing 
7 651 343 687 460 31319 0 0 1 standing 
7 650 342 686 459 31320 0 0 1 standing 
7 649 341 685 459 31321 0 0 0 standing 
7 646 341 682 458 31322 0 0 1 standing 
7 644 341 680 457 31323 0 0 1 standing 
7 642 341 678 457 31324 0 0 1 standing 
7 640 341 676 456 31325 0 0 1 standing 
7 638 341 674 455 31326 0 0 1 standing 
7 636 342 672 455 31327 0 0 0 standing 
7 635 340 671 455 31328 0 0 1 standing 
7 634 338 670 455 31329 0 0 1 standing 
8 711 351 743 472 31310 0 0 0 standing 
8 709 349 741 471 31311 0 0 1 standing 
8 708 348 740 470 31312 0 0 1 standing 
8 707 347 738 469 31313 0 0 1 standing 
8 705 346 737 468 31314 0 0 1 standing 
8 704 345 736 467 31315 0 0 1 standing 
8 703 343 734 466 31316 0 0 1 standing 
8 701 342 733 465 31317 0 0 1 standing 
8 700 341 731 464 31318 0 0 1 standing 
8 699 340 730 463 31319 0 0 1 standing 
8 698 339 729 463 31320 0 0 0 standing 
8 697 338 728 462 31321 0 0 1 standing 
8 697 338 728 462 31322 0 0 1 standing 
8 696 337 727 461 31323 0 0 1 standing 
8 696 337 727 461 31324 0 0 1 standing 
8 695 336 726 460 31325 0 0 1 standing 
8 695 336 726 460 31326 0 0 1 standing 
8 694 335 725 459 31327 0 0 1 standing 
8 694 335 725 459 31328 0 0 1 standing 
8 693 334 724 458 31329 0 0 1 standing 
9 761 342 802 458 31310 0 0 0 standing 
9 760 340 801 456 31311 0 0 1 standing 
9 759 339 800 455 31312 0 0 1 standing 
9 758 338 799 453 31313 0 0 1 standing 
9 757 337 798 452 31314 0 0 0 standing 
9 756 336 797 450 31315 0 0 1 standing 
9 756 335 797 449 31316 0 0 1 standing 
9 756 334 796 448 31317 0 0 1 standing 
9 755 333 796 446 31318 0 0 1 standing 
9 755 332 795 445 31319 0 0 1 standing 
9 755 332 795 444 31320 0 0 0 standing 
9 756 331 796 443 31321 0 0 1 standing 
9 757 331 797 443 31322 0 0 1 standing 
9 759 331 798 443 31323 0 0 1 standing 
9 760 331 799 443 31324 0 0 1 standing 
9 762 331 800 442 31325 0 0 1 standing 
9 763 331 802 442 31326 0 0 1 standing 
9 764 330 803 442 31327 0 0 1 standing 
9 766 330 804 442 31328 0 0 1 standing 
9 767 330 805 441 31329 0 0 1 standing 
10 647 397 684 488 31310 0 1 0 standing 
10 643 397 681 486 31311 0 1 1 falling 
10 639 397 679 485 31312 0 1 1 falling 
10 635 397 676 484 31313 0 1 1 falling 
10 631 397 674 483 31314 0 1 1 falling 
10 627 398 672 482 31315 0 1 0 falling 
10 620 399 674 481 31316 0 1 1 falling 
10 614 400 677 481 31317 0 1 1 falling 
10 608 402 680 481 31318 0 1 1 falling 
10 602 403 683 481 31319 0 1 1 falling 
10 596 405 686 481 31320 0 1 0 falling 
10 586 403 678 481 31321 0 1 1 falling 
10 576 401 671 481 31322 0 1 1 falling 
10 566 399 664 482 31323 0 1 1 falling 
10 556 397 657 482 31324 0 1 1 falling 
10 546 395 650 482 31325 0 1 1 falling 
10 536 394 643 483 31326 0 1 0 falling 
10 533 397 638 478 31327 0 1 1 falling 
10 531 401 633 474 31328 0 1 1 falling 
10 529 405 629 470 31329 0 1 1 falling 
11 748 412 786 546 31310 0 0 0 falling 
11 747 410 785 545 31311 0 0 1 standing 
11 746 408 784 545 31312 0 0 1 standing 
11 745 406 783 544 31313 0 0 1 standing 
11 744 404 782 544 31314 0 0 1 standing 
11 743 402 781 543 31315 0 0 1 standing 
11 743 401 780 543 31316 0 0 0 standing 
11 742 401 779 542 31317 0 0 1 standing 
11 741 402 778 542 31318 0 0 1 standing 
11 740 402 777 542 31319 0 0 1 standing 
11 740 403 777 542 31320 0 0 0 standing 
11 739 401 776 540 31321 0 0 1 standing 
11 739 399 776 538 31322 0 0 1 standing 
11 738 397 776 536 31323 0 0 1 standing 
11 738 395 776 534 31324 0 0 1 standing 
11 738 393 776 532 31325 0 0 1 standing 
11 737 391 775 530 31326 0 0 1 standing 
11 737 389 775 528 31327 0 0 1 standing 
11 736 387 775 526 31328 0 0 1 standing 
11 736 385 775 524 31329 0 0 1 standing 
