0 396 441 439 513 12430 0 1 0 digging 
0 404 439 447 512 12431 0 1 1 digging 
0 412 438 455 512 12432 0 1 1 digging 
0 421 436 463 511 12433 0 1 1 digging 
0 429 435 471 511 12434 0 1 1 digging 
0 438 434 480 511 12435 0 1 0 digging 
0 439 431 482 507 12436 0 1 1 digging 
0 441 428 484 503 12437 0 1 1 digging 
0 443 426 486 500 12438 0 1 1 digging 
0 445 423 488 496 12439 0 1 1 digging 
0 447 421 490 493 12440 0 1 0 digging 
0 444 420 487 492 12441 0 1 1 digging 
0 442 420 485 492 12442 0 1 1 digging 
0 440 420 483 492 12443 0 1 1 digging 
0 438 420 481 492 12444 0 1 1 digging 
0 436 420 479 492 12445 0 1 1 digging 
0 433 420 476 492 12446 0 1 1 digging 
0 431 420 474 492 12447 0 1 1 digging 
0 429 420 472 492 12448 0 1 1 digging 
0 427 420 470 492 12449 0 1 1 digging 
1 636 432 679 524 12430 0 0 0 digging 
1 644 433 686 525 12431 0 0 1 standing 
1 652 435 693 527 12432 0 0 1 standing 
1 660 436 701 528 12433 0 0 1 standing 
1 668 438 708 530 12434 0 0 1 standing 
1 676 439 715 531 12435 0 0 1 standing 
1 684 441 723 533 12436 0 0 0 standing 
1 684 440 724 532 12437 0 0 1 standing 
1 685 440 726 532 12438 0 0 1 standing 
1 685 440 727 532 12439 0 0 1 standing 
1 686 440 729 532 12440 0 0 0 standing 
1 684 440 727 532 12441 0 0 1 standing 
1 682 441 725 533 12442 0 0 1 standing 
1 680 441 723 533 12443 0 0 1 standing 
1 678 442 721 534 12444 0 0 1 standing 
1 676 442 719 534 12445 0 0 1 standing 
1 674 443 717 535 12446 0 0 1 standing 
1 672 443 715 535 12447 0 0 1 standing 
1 670 444 713 536 12448 0 0 1 standing 
1 668 444 711 536 12449 0 0 1 standing 
2 519 426 566 523 12430 0 0 0 standing 
2 525 425 572 523 12431 0 0 1 standing 
2 531 424 579 523 12432 0 0 1 standing 
2 537 424 586 523 12433 0 0 0 standing 
2 541 422 589 522 12434 0 0 1 standing 
2 545 421 592 521 12435 0 0 1 standing 
2 549 420 596 520 12436 0 0 0 standing 
2 546 421 594 521 12437 0 0 1 standing 
2 543 422 592 523 12438 0 0 1 standing 
2 541 424 590 524 12439 0 0 1 standing 
2 538 425 588 526 12440 0 0 1 standing 
2 536 427 586 528 12441 0 0 0 standing 
2 534 427 585 529 12442 0 0 1 standing 
2 533 428 584 530 12443 0 0 1 standing 
2 532 429 584 531 12444 0 0 1 standing 
2 531 430 583 532 12445 0 0 1 standing 
2 529 430 582 533 12446 0 0 1 standing 
2 528 431 582 534 12447 0 0 1 standing 
2 527 432 581 535 12448 0 0 1 standing 
2 526 433 580 536 12449 0 0 1 standing 
3 683 428 724 525 12430 0 0 0 standing 
3 692 428 733 525 12431 0 0 1 standing 
3 701 429 742 526 12432 0 0 1 standing 
3 711 430 751 527 12433 0 0 0 standing 
3 717 428 756 525 12434 0 0 1 standing 
3 723 427 762 524 12435 0 0 1 standing 
3 729 426 768 523 12436 0 0 0 standing 
3 731 425 769 522 12437 0 0 1 standing 
3 733 424 771 521 12438 0 0 1 standing 
3 735 423 772 520 12439 0 0 1 standing 
3 737 422 774 519 12440 0 0 0 standing 
3 735 422 772 519 12441 0 0 1 standing 
3 734 422 771 519 12442 0 0 1 standing 
3 732 422 769 519 12443 0 0 1 standing 
3 731 422 768 519 12444 0 0 1 standing 
3 730 422 767 519 12445 0 0 1 standing 
3 728 422 765 519 12446 0 0 1 standing 
3 727 422 764 519 12447 0 0 1 standing 
3 725 422 762 519 12448 0 0 1 standing 
3 724 422 761 519 12449 0 0 1 standing 
4 862 412 907 515 12430 0 0 0 standing 
4 870 412 915 514 12431 0 0 1 standing 
4 879 412 924 514 12432 0 0 1 standing 
4 888 413 933 514 12433 0 0 1 standing 
4 897 413 942 513 12434 0 0 1 standing 
4 906 413 951 513 12435 0 0 1 standing 
4 915 414 960 513 12436 0 0 0 standing 
4 916 412 961 511 12437 0 0 1 standing 
4 918 411 963 509 12438 0 0 1 standing 
4 920 410 964 507 12439 0 0 1 standing 
4 922 409 966 506 12440 0 0 0 standing 
4 921 407 965 504 12441 0 0 1 standing 
4 920 406 964 503 12442 0 0 1 standing 
4 919 405 963 502 12443 0 0 1 standing 
4 918 404 962 501 12444 0 0 1 standing 
4 917 403 961 500 12445 0 0 1 standing 
4 916 402 960 499 12446 0 0 1 standing 
4 915 401 959 498 12447 0 0 1 standing 
4 914 400 958 497 12448 0 0 1 standing 
4 913 399 957 496 12449 0 0 1 standing 
5 964 468 1004 572 12430 0 0 0 standing 
5 972 469 1013 573 12431 0 0 1 standing 
5 981 470 1023 575 12432 0 0 1 standing 
5 990 472 1033 576 12433 0 0 1 standing 
5 999 473 1042 578 12434 0 0 1 standing 
5 1008 474 1052 579 12435 0 0 1 standing 
5 1017 476 1062 581 12436 0 0 0 standing 
5 1017 477 1063 582 12437 0 0 1 standing 
5 1018 479 1065 584 12438 0 0 1 standing 
5 1018 481 1066 586 12439 0 0 1 standing 
5 1019 483 1068 588 12440 0 0 0 standing 
5 1015 482 1064 587 12441 0 0 1 standing 
5 1012 481 1061 586 12442 0 0 1 standing 
5 1009 481 1058 586 12443 0 0 1 standing 
5 1006 480 1055 585 12444 0 0 1 standing 
5 1003 480 1052 585 12445 0 0 1 standing 
5 999 479 1048 584 12446 0 0 1 standing 
5 996 478 1045 583 12447 0 0 1 standing 
5 993 478 1042 583 12448 0 0 1 standing 
5 990 477 1039 582 12449 0 0 1 standing 
6 379 475 420 575 12430 0 0 0 standing 
6 386 475 427 575 12431 0 0 1 standing 
6 393 475 434 576 12432 0 0 1 standing 
6 401 476 442 576 12433 0 0 1 standing 
6 408 476 449 577 12434 0 0 1 standing 
6 416 477 457 578 12435 0 0 0 standing 
6 418 474 459 575 12436 0 0 1 standing 
6 421 472 462 573 12437 0 0 1 standing 
6 423 470 464 571 12438 0 0 1 standing 
6 426 468 467 569 12439 0 0 1 standing 
6 429 466 470 567 12440 0 0 0 standing 
6 428 466 469 567 12441 0 0 1 standing 
6 427 466 468 567 12442 0 0 1 standing 
6 426 466 467 567 12443 0 0 1 standing 
6 425 466 466 567 12444 0 0 1 standing 
6 425 467 466 568 12445 0 0 1 standing 
6 424 467 465 568 12446 0 0 1 standing 
6 423 467 464 568 12447 0 0 1 standing 
6 422 467 463 568 12448 0 0 1 standing 
6 421 467 462 568 12449 0 0 1 standing 
7 365 416 408 494 12430 0 0 0 standing 
7 369 415 412 493 12431 0 0 1 standing 
7 374 414 417 492 12432 0 0 1 standing 
7 379 414 422 492 12433 0 0 1 standing 
7 383 413 426 491 12434 0 0 1 standing 
7 388 413 431 491 12435 0 0 1 standing 
7 393 412 436 490 12436 0 0 1 standing 
7 398 412 441 490 12437 0 0 0 standing 
7 399 410 442 488 12438 0 0 1 standing 
7 401 408 444 486 12439 0 0 1 standing 
7 403 406 446 484 12440 0 0 0 standing 
7 400 406 443 486 12441 0 0 1 standing 
7 398 407 441 488 12442 0 0 1 standing 
7 396 408 439 491 12443 0 0 1 standing 
7 394 408 436 493 12444 0 0 1 standing 
7 392 409 434 496 12445 0 0 1 standing 
7 389 410 432 498 12446 0 0 1 standing 
7 387 410 429 500 12447 0 0 1 standing 
7 385 411 427 503 12448 0 0 1 standing 
7 383 412 425 505 12449 0 0 1 standing 
8 476 370 522 452 12430 0 0 0 standing 
8 480 369 526 450 12431 0 0 1 standing 
8 484 368 530 449 12432 0 0 1 standing 
8 488 367 534 448 12433 0 0 1 standing 
8 493 367 538 447 12434 0 0 1 standing 
8 497 366 543 446 12435 0 0 1 standing 
8 501 365 547 444 12436 0 0 1 standing 
8 506 365 551 443 12437 0 0 1 standing 
8 510 364 555 442 12438 0 0 1 standing 
8 514 363 559 441 12439 0 0 1 standing 
8 519 363 564 440 12440 0 0 0 standing 
8 517 361 562 439 12441 0 0 1 standing 
8 515 360 560 438 12442 0 0 1 standing 
8 513 359 558 437 12443 0 0 1 standing 
8 511 358 556 436 12444 0 0 1 standing 
8 510 357 555 435 12445 0 0 1 standing 
8 508 356 553 434 12446 0 0 1 standing 
8 506 355 551 433 12447 0 0 1 standing 
8 504 354 549 432 12448 0 0 1 standing 
8 502 353 547 431 12449 0 0 1 standing 
9 701 433 744 539 12430 0 0 0 standing 
9 704 433 747 539 12431 0 0 1 standing 
9 708 434 751 540 12432 0 0 1 standing 
9 712 434 755 541 12433 0 0 1 standing 
9 716 435 758 542 12434 0 0 1 standing 
9 720 436 762 543 12435 0 0 1 standing 
9 724 436 766 544 12436 0 0 1 standing 
9 728 437 769 545 12437 0 0 1 standing 
9 732 437 773 546 12438 0 0 1 standing 
9 736 438 777 547 12439 0 0 1 standing 
9 740 439 781 548 12440 0 0 0 standing 
9 739 440 780 549 12441 0 0 1 standing 
9 738 441 779 550 12442 0 0 1 standing 
9 737 442 778 551 12443 0 0 1 standing 
9 736 443 777 552 12444 0 0 1 standing 
9 735 445 776 554 12445 0 0 1 standing 
9 734 446 775 555 12446 0 0 1 standing 
9 733 447 774 556 12447 0 0 1 standing 
9 732 448 773 557 12448 0 0 1 standing 
9 731 449 772 558 12449 0 0 1 standing 
10 724 405 767 514 12430 0 0 0 standing 
10 727 404 769 512 12431 0 0 1 standing 
10 730 404 772 510 12432 0 0 1 standing 
10 733 403 775 509 12433 0 0 1 standing 
10 736 403 778 507 12434 0 0 1 standing 
10 739 402 781 506 12435 0 0 1 standing 
10 742 402 784 504 12436 0 0 1 standing 
10 745 401 787 503 12437 0 0 1 standing 
10 748 401 790 501 12438 0 0 1 standing 
10 752 401 793 500 12439 0 0 0 standing 
10 749 400 790 499 12440 0 0 1 standing 
10 746 399 787 498 12441 0 0 1 standing 
10 744 398 785 497 12442 0 0 1 standing 
10 741 398 782 496 12443 0 0 1 standing 
10 738 397 779 495 12444 0 0 1 standing 
10 736 396 777 495 12445 0 0 1 standing 
10 733 395 774 494 12446 0 0 1 standing 
10 730 395 771 493 12447 0 0 1 standing 
10 728 394 769 492 12448 0 0 1 standing 
10 725 393 766 491 12449 0 0 1 standing 
