0 348 350 393 477 30640 0 1 0 digging 
0 350 350 396 477 30641 0 1 1 digging 
0 353 350 400 477 30642 0 1 1 digging 
0 356 350 404 477 30643 0 1 1 digging 
0 359 350 407 477 30644 0 1 1 digging 
0 362 350 411 477 30645 0 1 1 digging 
0 364 350 415 477 30646 0 1 1 digging 
0 367 350 418 477 30647 0 1 1 digging 
0 370 350 422 477 30648 0 1 1 digging 
0 373 350 426 477 30649 0 1 1 digging 
0 376 351 430 477 30650 0 1 0 digging 
0 384 348 438 475 30651 0 1 1 digging 
0 393 346 447 474 30652 0 1 1 digging 
0 402 344 456 473 30653 0 1 1 digging 
0 411 341 464 472 30654 0 1 1 digging 
0 420 339 473 471 30655 0 1 1 digging 
0 429 337 482 470 30656 0 1 0 digging 
0 434 336 487 470 30657 0 1 1 digging 
0 440 335 493 470 30658 0 1 1 digging 
0 445 334 498 470 30659 0 1 1 digging 
1 447 337 498 465 30640 0 0 0 digging 
1 446 337 501 464 30641 0 0 1 waiting 
1 446 337 504 463 30642 0 0 1 waiting 
1 446 337 507 463 30643 0 0 1 waiting 
1 446 337 510 462 30644 0 0 1 waiting 
1 446 338 514 461 30645 0 0 1 waiting 
1 446 338 517 461 30646 0 0 1 waiting 
1 446 338 520 460 30647 0 0 1 waiting 
1 446 338 523 459 30648 0 0 1 waiting 
1 446 339 527 459 30649 0 0 0 waiting 
1 458 336 531 458 30650 0 0 1 waiting 
1 471 334 536 457 30651 0 0 1 waiting 
1 483 331 541 456 30652 0 0 1 waiting 
1 496 329 546 456 30653 0 0 0 waiting 
1 499 324 557 453 30654 0 0 1 waiting 
1 502 319 568 450 30655 0 0 1 waiting 
1 505 314 579 447 30656 0 0 1 waiting 
1 509 310 590 444 30657 0 0 0 waiting 
1 513 308 590 443 30658 0 0 1 waiting 
1 517 307 590 442 30659 0 0 1 waiting 
2 618 333 671 456 30640 0 0 0 waiting 
2 611 332 669 456 30641 0 0 1 standing 
2 604 331 668 456 30642 0 0 1 standing 
2 598 330 667 456 30643 0 0 1 standing 
2 591 329 666 456 30644 0 0 1 standing 
2 584 328 665 456 30645 0 0 1 standing 
2 578 328 664 456 30646 0 0 0 standing 
2 577 325 660 454 30647 0 0 1 standing 
2 576 322 656 452 30648 0 0 1 standing 
2 576 319 652 450 30649 0 0 0 standing 
2 583 317 653 449 30650 0 0 1 standing 
2 591 316 655 448 30651 0 0 1 standing 
2 599 315 657 447 30652 0 0 1 standing 
2 607 314 659 447 30653 0 0 0 standing 
2 609 313 667 446 30654 0 0 1 standing 
2 612 312 675 445 30655 0 0 1 standing 
2 615 312 683 444 30656 0 0 1 standing 
2 617 311 691 443 30657 0 0 1 standing 
2 620 310 699 442 30658 0 0 1 standing 
2 623 310 707 442 30659 0 0 0 standing 
3 716 325 761 476 30640 0 0 0 standing 
3 716 327 761 476 30641 0 0 1 blocking 
3 716 330 762 477 30642 0 0 1 blocking 
3 717 333 762 477 30643 0 0 1 blocking 
3 717 336 763 478 30644 0 0 1 blocking 
3 717 339 763 478 30645 0 0 1 blocking 
3 718 342 764 479 30646 0 0 0 blocking 
3 720 342 766 479 30647 0 0 1 blocking 
3 722 342 769 479 30648 0 0 1 blocking 
3 724 342 771 479 30649 0 0 1 blocking 
3 726 343 774 479 30650 0 0 0 blocking 
3 735 341 783 476 30651 0 0 1 blocking 
3 745 340 792 474 30652 0 0 1 blocking 
3 754 338 801 472 30653 0 0 1 blocking 
3 764 337 811 470 30654 0 0 0 blocking 
3 771 337 818 469 30655 0 0 1 blocking 
3 779 337 826 469 30656 0 0 1 blocking 
3 786 337 833 468 30657 0 0 1 blocking 
3 794 338 841 468 30658 0 0 0 blocking 
3 796 338 843 468 30659 0 0 1 blocking 
4 775 314 816 464 30640 0 0 0 blocking 
4 778 315 820 463 30641 0 0 1 standing 
4 782 316 825 462 30642 0 0 1 standing 
4 786 317 830 461 30643 0 0 1 standing 
4 790 318 834 460 30644 0 0 1 standing 
4 794 319 839 459 30645 0 0 1 standing 
4 798 320 844 458 30646 0 0 1 standing 
4 802 322 849 458 30647 0 0 0 standing 
4 807 321 855 455 30648 0 0 1 standing 
4 813 321 861 453 30649 0 0 1 standing 
4 819 321 868 451 30650 0 0 0 standing 
4 831 320 880 452 30651 0 0 1 standing 
4 843 319 892 453 30652 0 0 1 standing 
4 855 319 904 454 30653 0 0 1 standing 
4 867 318 916 455 30654 0 0 1 standing 
4 880 318 929 456 30655 0 0 0 standing 
4 888 316 936 456 30656 0 0 1 standing 
4 896 315 944 456 30657 0 0 1 standing 
4 904 314 952 456 30658 0 0 1 standing 
4 912 313 960 456 30659 0 0 1 standing 
5 949 301 996 439 30640 0 0 0 standing 
5 952 300 999 438 30641 0 0 1 standing 
5 955 300 1002 438 30642 0 0 1 standing 
5 958 300 1005 438 30643 0 0 1 standing 
5 961 300 1008 438 30644 0 0 1 standing 
5 964 300 1011 438 30645 0 0 1 standing 
5 967 300 1014 438 30646 0 0 1 standing 
5 970 300 1017 438 30647 0 0 1 standing 
5 973 300 1020 438 30648 0 0 1 standing 
5 976 300 1023 438 30649 0 0 1 standing 
5 979 300 1026 438 30650 0 0 0 standing 
5 990 300 1037 438 30651 0 0 1 standing 
5 1001 300 1048 438 30652 0 0 1 standing 
5 1012 300 1059 438 30653 0 0 1 standing 
5 1024 301 1071 439 30654 0 0 0 standing 
5 1032 302 1079 440 30655 0 0 1 standing 
5 1040 303 1087 441 30656 0 0 1 standing 
5 1048 304 1095 442 30657 0 0 1 standing 
5 1056 305 1103 443 30658 0 0 1 standing 
5 1065 307 1112 445 30659 0 0 0 standing 
6 1186 387 1231 527 30640 0 0 0 standing 
6 1185 387 1232 527 30641 0 0 1 waiting 
6 1185 387 1233 527 30642 0 0 1 waiting 
6 1185 388 1234 528 30643 0 0 1 waiting 
6 1185 388 1235 528 30644 0 0 1 waiting 
6 1185 389 1237 529 30645 0 0 0 waiting 
6 1183 392 1237 532 30646 0 0 1 waiting 
6 1182 396 1237 536 30647 0 0 1 waiting 
6 1181 400 1237 539 30648 0 0 1 waiting 
6 1180 404 1238 543 30649 0 0 0 waiting 
6 1188 404 1246 543 30650 0 0 1 waiting 
6 1197 405 1254 543 30651 0 0 1 waiting 
6 1206 405 1262 543 30652 0 0 1 waiting 
6 1215 406 1271 544 30653 0 0 0 waiting 
6 1224 406 1273 544 30654 0 0 1 waiting 
6 1233 406 1275 544 30655 0 0 1 waiting 
6 1243 407 1278 545 30656 0 0 0 waiting 
6 1249 407 1278 545 30657 0 0 1 waiting 
6 1256 407 1278 545 30658 0 0 1 waiting 
6 1262 407 1278 545 30659 0 0 1 waiting 
7 366 451 423 570 30640 0 0 0 waiting 
7 369 450 425 570 30641 0 0 1 standing 
7 372 450 427 571 30642 0 0 1 standing 
7 375 449 429 572 30643 0 0 1 standing 
7 378 449 431 573 30644 0 0 1 standing 
7 381 449 433 574 30645 0 0 0 standing 
7 384 447 435 573 30646 0 0 1 standing 
7 388 446 438 573 30647 0 0 1 standing 
7 391 444 441 572 30648 0 0 1 standing 
7 395 443 444 572 30649 0 0 1 standing 
7 399 442 447 572 30650 0 0 0 standing 
7 407 441 456 570 30651 0 0 1 standing 
7 416 440 466 569 30652 0 0 1 standing 
7 425 440 475 567 30653 0 0 1 standing 
7 434 439 485 566 30654 0 0 1 standing 
7 443 438 494 564 30655 0 0 1 standing 
7 452 438 504 563 30656 0 0 0 standing 
7 457 439 518 563 30657 0 0 1 standing 
7 463 440 532 563 30658 0 0 1 standing 
7 469 442 546 563 30659 0 0 0 standing 
8 701 359 754 521 30640 0 0 0 standing 
8 704 362 756 524 30641 0 0 1 blocking 
8 707 366 759 527 30642 0 0 1 blocking 
8 711 370 761 530 30643 0 0 1 blocking 
8 714 373 764 534 30644 0 0 1 blocking 
8 718 377 766 537 30645 0 0 1 blocking 
8 721 381 769 540 30646 0 0 1 blocking 
8 724 384 771 544 30647 0 0 1 blocking 
8 728 388 774 547 30648 0 0 1 blocking 
8 731 392 776 550 30649 0 0 1 blocking 
8 735 396 779 554 30650 0 0 0 blocking 
8 742 398 787 554 30651 0 0 1 blocking 
8 750 401 795 554 30652 0 0 1 blocking 
8 758 404 804 554 30653 0 0 1 blocking 
8 766 407 812 554 30654 0 0 1 blocking 
8 774 410 821 554 30655 0 0 0 blocking 
8 778 410 826 551 30656 0 0 1 blocking 
8 782 410 831 549 30657 0 0 1 blocking 
8 786 411 836 546 30658 0 0 1 blocking 
8 790 411 841 544 30659 0 0 1 blocking 
9 779 328 817 482 30640 0 0 0 blocking 
9 781 329 819 483 30641 0 0 1 standing 
9 784 330 822 484 30642 0 0 1 standing 
9 786 331 824 485 30643 0 0 1 standing 
9 789 333 827 487 30644 0 0 1 standing 
9 791 334 829 488 30645 0 0 1 standing 
9 794 335 832 489 30646 0 0 1 standing 
9 796 337 834 491 30647 0 0 1 standing 
9 799 338 837 492 30648 0 0 1 standing 
9 801 339 839 493 30649 0 0 1 standing 
9 804 341 842 495 30650 0 0 0 standing 
9 814 341 852 495 30651 0 0 1 standing 
9 825 342 863 496 30652 0 0 1 standing 
9 835 342 873 496 30653 0 0 1 standing 
9 846 343 884 497 30654 0 0 0 standing 
9 853 342 891 496 30655 0 0 1 standing 
9 860 342 898 496 30656 0 0 1 standing 
9 868 341 906 495 30657 0 0 1 standing 
9 875 341 913 495 30658 0 0 1 standing 
9 883 341 921 495 30659 0 0 0 standing 
10 899 381 953 542 30640 0 0 0 standing 
10 898 383 952 543 30641 0 0 1 standing 
10 897 385 952 545 30642 0 0 1 standing 
10 896 388 951 546 30643 0 0 1 standing 
10 896 390 951 548 30644 0 0 1 standing 
10 895 392 950 549 30645 0 0 1 standing 
10 894 395 950 551 30646 0 0 1 standing 
10 893 397 949 552 30647 0 0 1 standing 
10 893 400 949 554 30648 0 0 0 standing 
10 898 398 954 553 30649 0 0 1 standing 
10 903 397 959 552 30650 0 0 1 standing 
10 908 395 964 551 30651 0 0 1 standing 
10 913 394 969 551 30652 0 0 0 standing 
10 921 390 977 548 30653 0 0 1 standing 
10 929 387 985 545 30654 0 0 1 standing 
10 938 384 993 543 30655 0 0 1 standing 
10 946 380 1001 540 30656 0 0 1 standing 
10 954 377 1009 537 30657 0 0 1 standing 
10 963 374 1018 535 30658 0 0 0 standing 
10 971 371 1026 532 30659 0 0 1 standing 
11 821 378 860 547 30640 0 0 0 standing 
11 817 380 857 545 30641 0 0 1 standing 
11 813 383 854 544 30642 0 0 1 standing 
11 810 385 852 543 30643 0 0 1 standing 
11 806 388 849 542 30644 0 0 1 standing 
11 802 390 846 541 30645 0 0 1 standing 
11 799 393 844 540 30646 0 0 0 standing 
11 796 400 842 543 30647 0 0 1 standing 
11 794 407 841 546 30648 0 0 1 standing 
11 792 414 840 549 30649 0 0 1 standing 
11 790 421 839 553 30650 0 0 0 standing 
11 798 419 847 552 30651 0 0 1 standing 
11 807 418 856 551 30652 0 0 1 standing 
11 816 417 865 550 30653 0 0 1 standing 
11 825 416 873 549 30654 0 0 1 standing 
11 834 415 882 548 30655 0 0 1 standing 
11 843 414 891 548 30656 0 0 0 standing 
11 852 410 900 545 30657 0 0 1 standing 
11 861 407 909 542 30658 0 0 1 standing 
11 870 403 918 539 30659 0 0 1 standing 
