0 351 336 412 453 12285 0 0 0 waiting 
0 349 335 410 452 12286 0 0 1 waiting 
0 347 334 408 452 12287 0 0 1 waiting 
0 346 333 407 452 12288 0 0 1 waiting 
0 344 332 405 452 12289 0 0 1 waiting 
0 343 332 404 452 12290 0 0 1 waiting 
0 341 331 402 451 12291 0 0 1 waiting 
0 339 330 400 451 12292 0 0 1 waiting 
0 338 329 399 451 12293 0 0 1 waiting 
0 336 328 397 451 12294 0 0 1 waiting 
0 335 328 396 451 12295 0 0 0 waiting 
0 334 325 395 448 12296 0 0 1 waiting 
0 333 323 394 446 12297 0 0 1 waiting 
0 332 320 393 443 12298 0 0 1 waiting 
0 331 318 392 441 12299 0 0 0 waiting 
0 330 318 390 441 12300 0 0 1 waiting 
0 329 318 389 441 12301 0 0 1 waiting 
0 328 319 387 441 12302 0 0 1 waiting 
0 327 319 386 441 12303 0 0 1 waiting 
0 326 319 384 441 12304 0 0 1 waiting 
1 493 310 544 437 12285 0 0 0 waiting 
1 494 311 545 437 12286 0 0 1 standing 
1 496 312 547 438 12287 0 0 1 standing 
1 497 314 548 439 12288 0 0 1 standing 
1 499 315 550 440 12289 0 0 1 standing 
1 501 316 551 441 12290 0 0 1 standing 
1 502 318 553 442 12291 0 0 1 standing 
1 504 319 554 443 12292 0 0 1 standing 
1 506 321 556 444 12293 0 0 0 standing 
1 504 320 556 443 12294 0 0 1 standing 
1 502 319 556 443 12295 0 0 1 standing 
1 501 319 556 443 12296 0 0 1 standing 
1 499 318 556 442 12297 0 0 1 standing 
1 497 317 556 442 12298 0 0 1 standing 
1 496 317 557 442 12299 0 0 0 standing 
1 494 317 557 442 12300 0 0 1 standing 
1 492 317 558 442 12301 0 0 1 standing 
1 491 317 559 442 12302 0 0 1 standing 
1 489 317 559 442 12303 0 0 1 standing 
1 487 317 560 442 12304 0 0 1 standing 
2 408 274 467 373 12285 0 1 0 standing 
2 405 277 470 371 12286 0 1 1 falling 
2 403 280 473 370 12287 0 1 1 falling 
2 400 283 476 369 12288 0 1 1 falling 
2 398 287 479 368 12289 0 1 1 falling 
2 395 290 482 367 12290 0 1 1 falling 
2 393 293 485 366 12291 0 1 1 falling 
2 391 297 488 365 12292 0 1 0 falling 
2 394 300 492 365 12293 0 1 1 falling 
2 398 303 497 365 12294 0 1 1 falling 
2 401 306 502 365 12295 0 1 1 falling 
2 405 309 507 366 12296 0 1 1 falling 
2 408 312 511 366 12297 0 1 1 falling 
2 412 315 516 366 12298 0 1 1 falling 
2 415 318 521 366 12299 0 1 1 falling 
2 419 321 526 367 12300 0 1 0 falling 
2 419 321 526 367 12301 0 1 1 falling 
2 419 321 526 367 12302 0 1 1 falling 
2 419 321 526 367 12303 0 1 1 falling 
2 419 321 526 367 12304 0 1 1 falling 
3 628 221 657 370 12285 0 0 0 falling 
3 628 221 657 370 12286 0 0 1 blocking 
3 628 222 657 371 12287 0 0 1 blocking 
3 628 223 657 372 12288 0 0 1 blocking 
3 628 223 657 372 12289 0 0 1 blocking 
3 628 224 657 373 12290 0 0 1 blocking 
3 628 225 657 374 12291 0 0 1 blocking 
3 628 225 657 374 12292 0 0 1 blocking 
3 628 226 657 375 12293 0 0 1 blocking 
3 628 227 657 376 12294 0 0 1 blocking 
3 628 228 657 377 12295 0 0 0 blocking 
3 628 234 658 377 12296 0 0 1 blocking 
3 628 241 659 378 12297 0 0 1 blocking 
3 628 247 660 378 12298 0 0 1 blocking 
3 628 254 661 379 12299 0 0 0 blocking 
3 628 254 662 379 12300 0 0 1 blocking 
3 628 255 664 380 12301 0 0 1 blocking 
3 628 256 666 380 12302 0 0 1 blocking 
3 628 257 667 381 12303 0 0 1 blocking 
3 628 258 669 381 12304 0 0 1 blocking 
4 807 398 906 519 12285 0 0 0 blocking 
4 808 396 905 518 12286 0 0 1 waiting 
4 809 395 904 518 12287 0 0 1 waiting 
4 810 393 904 517 12288 0 0 1 waiting 
4 811 392 903 517 12289 0 0 1 waiting 
4 812 390 902 517 12290 0 0 1 waiting 
4 813 389 902 516 12291 0 0 1 waiting 
4 814 387 901 516 12292 0 0 1 waiting 
4 816 386 901 516 12293 0 0 0 waiting 
4 823 385 903 516 12294 0 0 1 waiting 
4 831 385 905 517 12295 0 0 1 waiting 
4 839 385 908 518 12296 0 0 0 waiting 
4 839 384 908 519 12297 0 0 1 waiting 
4 839 384 908 520 12298 0 0 1 waiting 
4 840 384 909 522 12299 0 0 0 waiting 
4 840 383 909 522 12300 0 0 1 waiting 
4 840 382 909 522 12301 0 0 1 waiting 
4 840 381 909 523 12302 0 0 1 waiting 
4 840 380 909 523 12303 0 0 1 waiting 
4 840 379 909 523 12304 0 0 1 waiting 
5 1051 266 1108 376 12285 0 0 0 waiting 
5 1050 266 1107 375 12286 0 0 1 standing 
5 1049 266 1106 375 12287 0 0 1 standing 
5 1048 266 1105 374 12288 0 0 1 standing 
5 1047 267 1104 374 12289 0 0 1 standing 
5 1046 267 1103 374 12290 0 0 1 standing 
5 1045 267 1102 373 12291 0 0 1 standing 
5 1044 268 1101 373 12292 0 0 1 standing 
5 1043 268 1100 372 12293 0 0 1 standing 
5 1042 268 1099 372 12294 0 0 1 standing 
5 1041 269 1098 372 12295 0 0 0 standing 
5 1037 270 1097 372 12296 0 0 1 standing 
5 1034 271 1096 373 12297 0 0 1 standing 
5 1031 272 1095 374 12298 0 0 1 standing 
5 1028 273 1094 375 12299 0 0 1 standing 
5 1025 274 1094 376 12300 0 0 1 standing 
5 1022 275 1093 376 12301 0 0 1 standing 
5 1019 276 1092 377 12302 0 0 1 standing 
5 1016 277 1091 378 12303 0 0 1 standing 
5 1013 278 1090 379 12304 0 0 1 standing 
6 460 315 512 390 12285 0 1 0 standing 
6 459 315 511 390 12286 0 1 1 digging 
6 458 315 511 391 12287 0 1 1 digging 
6 457 315 511 392 12288 0 1 1 digging 
6 456 315 511 393 12289 0 1 1 digging 
6 456 316 511 394 12290 0 1 1 digging 
6 455 316 511 394 12291 0 1 1 digging 
6 454 316 511 395 12292 0 1 1 digging 
6 453 316 511 396 12293 0 1 1 digging 
6 452 316 511 397 12294 0 1 1 digging 
6 452 317 511 398 12295 0 1 0 digging 
6 450 315 509 398 12296 0 1 1 digging 
6 449 314 508 398 12297 0 1 1 digging 
6 447 313 506 398 12298 0 1 1 digging 
6 446 311 505 398 12299 0 1 1 digging 
6 445 310 504 398 12300 0 1 1 digging 
6 443 309 502 398 12301 0 1 1 digging 
6 442 307 501 398 12302 0 1 1 digging 
6 440 306 499 398 12303 0 1 1 digging 
6 439 305 498 398 12304 0 1 1 digging 
7 524 381 577 511 12285 0 0 0 digging 
7 526 379 579 508 12286 0 0 1 standing 
7 528 377 582 505 12287 0 0 1 standing 
7 530 376 585 502 12288 0 0 1 standing 
7 532 374 587 499 12289 0 0 1 standing 
7 534 372 590 496 12290 0 0 1 standing 
7 536 371 593 494 12291 0 0 0 standing 
7 537 372 593 495 12292 0 0 1 standing 
7 538 374 594 497 12293 0 0 1 standing 
7 539 375 595 498 12294 0 0 1 standing 
7 540 377 596 500 12295 0 0 1 standing 
7 541 379 597 502 12296 0 0 0 standing 
7 541 379 597 502 12297 0 0 1 standing 
7 541 379 597 502 12298 0 0 1 standing 
7 541 379 597 502 12299 0 0 1 standing 
7 541 379 597 502 12300 0 0 1 standing 
7 541 379 597 502 12301 0 0 1 standing 
7 541 379 597 502 12302 0 0 1 standing 
7 541 379 597 502 12303 0 0 1 standing 
7 541 379 597 502 12304 0 0 1 standing 
8 552 238 605 351 12285 0 0 0 standing 
8 553 243 605 354 12286 0 0 1 standing 
8 554 248 606 358 12287 0 0 1 standing 
8 555 253 606 361 12288 0 0 1 standing 
8 556 258 607 365 12289 0 0 1 standing 
8 557 263 607 368 12290 0 0 1 standing 
8 559 269 608 372 12291 0 0 0 standing 
8 559 270 607 372 12292 0 0 1 standing 
8 560 271 607 373 12293 0 0 1 standing 
8 561 272 606 374 12294 0 0 1 standing 
8 562 274 606 375 12295 0 0 0 standing 
8 560 273 605 374 12296 0 0 1 standing 
8 558 272 605 373 12297 0 0 1 standing 
8 556 271 604 372 12298 0 0 1 standing 
8 555 270 604 371 12299 0 0 1 standing 
8 553 270 604 371 12300 0 0 1 standing 
8 551 269 603 370 12301 0 0 1 standing 
8 550 268 603 369 12302 0 0 1 standing 
8 548 267 602 368 12303 0 0 1 standing 
8 546 266 602 367 12304 0 0 1 standing 
9 622 207 663 362 12285 0 0 0 standing 
9 622 209 663 363 12286 0 0 1 blocking 
9 622 212 663 365 12287 0 0 1 blocking 
9 622 215 663 367 12288 0 0 1 blocking 
9 622 217 663 368 12289 0 0 1 blocking 
9 622 220 663 370 12290 0 0 1 blocking 
9 622 223 663 372 12291 0 0 1 blocking 
9 622 225 663 373 12292 0 0 1 blocking 
9 622 228 663 375 12293 0 0 1 blocking 
9 622 231 663 377 12294 0 0 1 blocking 
9 623 234 664 379 12295 0 0 0 blocking 
9 626 235 667 376 12296 0 0 1 blocking 
9 629 237 671 374 12297 0 0 1 blocking 
9 632 238 675 372 12298 0 0 1 blocking 
9 635 240 679 369 12299 0 0 1 blocking 
9 638 241 683 367 12300 0 0 1 blocking 
9 641 243 687 365 12301 0 0 1 blocking 
9 644 244 691 362 12302 0 0 1 blocking 
9 647 246 695 360 12303 0 0 1 blocking 
9 650 247 699 358 12304 0 0 1 blocking 
10 770 281 825 395 12285 0 0 0 blocking 
10 768 280 822 394 12286 0 0 1 standing 
10 767 279 820 394 12287 0 0 1 standing 
10 766 278 818 393 12288 0 0 1 standing 
10 764 277 815 393 12289 0 0 1 standing 
10 763 276 813 392 12290 0 0 1 standing 
10 762 276 811 392 12291 0 0 0 standing 
10 762 275 810 391 12292 0 0 1 standing 
10 762 274 809 391 12293 0 0 1 standing 
10 762 273 808 390 12294 0 0 1 standing 
10 762 273 807 390 12295 0 0 0 standing 
10 762 273 807 390 12296 0 0 1 standing 
10 762 273 807 390 12297 0 0 1 standing 
10 762 273 807 390 12298 0 0 1 standing 
10 762 273 807 390 12299 0 0 1 standing 
10 762 273 807 390 12300 0 0 1 standing 
10 762 273 807 390 12301 0 0 1 standing 
10 762 273 807 390 12302 0 0 1 standing 
10 762 273 807 390 12303 0 0 1 standing 
10 762 273 807 390 12304 0 0 1 standing 
11 961 403 1033 535 12285 0 0 0 standing 
11 959 401 1030 534 12286 0 0 1 standing 
11 958 399 1028 533 12287 0 0 1 standing 
11 957 397 1026 532 12288 0 0 1 standing 
11 955 395 1024 531 12289 0 0 1 standing 
11 954 393 1022 530 12290 0 0 1 standing 
11 953 391 1020 529 12291 0 0 0 standing 
11 953 387 1020 526 12292 0 0 1 standing 
11 954 383 1020 523 12293 0 0 1 standing 
11 955 379 1020 520 12294 0 0 1 standing 
11 956 376 1020 518 12295 0 0 0 standing 
11 957 374 1021 516 12296 0 0 1 standing 
11 958 372 1022 515 12297 0 0 1 standing 
11 959 370 1023 513 12298 0 0 1 standing 
11 960 369 1024 512 12299 0 0 1 standing 
11 962 367 1025 511 12300 0 0 1 standing 
11 963 365 1026 509 12301 0 0 1 standing 
11 964 364 1027 508 12302 0 0 1 standing 
11 965 362 1028 506 12303 0 0 1 standing 
11 966 360 1029 505 12304 0 0 1 standing 
