0 497 277 582 464 60724 0 0 0 standing 
0 498 279 585 463 60725 0 0 1 standing 
0 499 282 589 463 60726 0 0 1 standing 
0 500 285 593 463 60727 0 0 1 standing 
0 501 288 597 462 60728 0 0 1 standing 
0 502 291 601 462 60729 0 0 1 standing 
0 503 293 604 462 60730 0 0 1 standing 
0 504 296 608 461 60731 0 0 1 standing 
0 505 299 612 461 60732 0 0 1 standing 
0 506 302 616 461 60733 0 0 1 standing 
0 508 305 620 461 60734 0 0 0 standing 
0 513 304 622 460 60735 0 0 1 standing 
0 519 304 625 460 60736 0 0 1 standing 
0 525 304 628 460 60737 0 0 1 standing 
0 531 304 631 459 60738 0 0 1 standing 
0 537 304 634 459 60739 0 0 1 standing 
0 542 303 637 459 60740 0 0 1 standing 
0 548 303 640 458 60741 0 0 1 standing 
0 554 303 643 458 60742 0 0 1 standing 
0 560 303 646 458 60743 0 0 1 standing 
1 763 405 907 548 60724 0 0 0 standing 
1 759 406 901 547 60725 0 0 1 falling 
1 756 408 896 547 60726 0 0 1 falling 
1 753 410 891 546 60727 0 0 1 falling 
1 750 412 885 546 60728 0 0 1 falling 
1 747 414 880 545 60729 0 0 1 falling 
1 744 415 875 545 60730 0 0 1 falling 
1 741 417 869 544 60731 0 0 1 falling 
1 738 419 864 544 60732 0 0 1 falling 
1 735 421 859 543 60733 0 0 1 falling 
1 732 423 854 543 60734 0 0 0 falling 
1 734 420 856 542 60735 0 0 1 falling 
1 737 418 859 542 60736 0 0 1 falling 
1 739 416 861 542 60737 0 0 1 falling 
1 742 413 864 542 60738 0 0 1 falling 
1 745 411 866 542 60739 0 0 1 falling 
1 747 409 869 542 60740 0 0 1 falling 
1 750 406 871 542 60741 0 0 1 falling 
1 752 404 874 542 60742 0 0 1 falling 
1 755 402 876 542 60743 0 0 1 falling 
2 725 293 816 434 60724 0 0 0 falling 
2 723 292 814 434 60725 0 0 1 standing 
2 721 292 812 435 60726 0 0 1 standing 
2 719 292 810 436 60727 0 0 1 standing 
2 717 292 808 437 60728 0 0 1 standing 
2 716 292 806 438 60729 0 0 1 standing 
2 714 292 804 438 60730 0 0 1 standing 
2 712 292 802 439 60731 0 0 1 standing 
2 710 292 800 440 60732 0 0 1 standing 
2 708 292 798 441 60733 0 0 1 standing 
2 707 292 797 442 60734 0 0 0 standing 
2 704 291 794 441 60735 0 0 1 standing 
2 701 290 791 440 60736 0 0 1 standing 
2 699 289 789 439 60737 0 0 1 standing 
2 696 288 786 438 60738 0 0 1 standing 
2 694 288 784 438 60739 0 0 1 standing 
2 691 287 781 437 60740 0 0 1 standing 
2 688 286 778 436 60741 0 0 1 standing 
2 686 285 776 435 60742 0 0 1 standing 
2 683 284 773 434 60743 0 0 1 standing 
3 241 339 323 476 60724 0 0 0 standing 
3 238 337 318 474 60725 0 0 1 standing 
3 235 336 314 473 60726 0 0 1 standing 
3 232 334 310 471 60727 0 0 1 standing 
3 229 333 305 470 60728 0 0 1 standing 
3 226 332 301 468 60729 0 0 1 standing 
3 223 330 297 467 60730 0 0 1 standing 
3 220 329 292 465 60731 0 0 1 standing 
3 217 327 288 464 60732 0 0 1 standing 
3 214 326 284 462 60733 0 0 1 standing 
3 212 325 280 461 60734 0 0 0 standing 
3 205 325 275 461 60735 0 0 1 standing 
3 199 326 270 461 60736 0 0 1 standing 
3 193 326 265 462 60737 0 0 1 standing 
3 187 327 260 462 60738 0 0 1 standing 
3 181 327 255 463 60739 0 0 1 standing 
3 174 328 250 463 60740 0 0 1 standing 
3 168 328 245 463 60741 0 0 1 standing 
3 162 329 240 464 60742 0 0 1 standing 
3 156 329 235 464 60743 0 0 1 standing 
4 364 218 452 364 60724 0 0 0 standing 
4 363 220 449 366 60725 0 0 1 standing 
4 362 222 447 368 60726 0 0 1 standing 
4 362 225 444 370 60727 0 0 1 standing 
4 361 227 442 373 60728 0 0 1 standing 
4 361 230 440 375 60729 0 0 1 standing 
4 360 232 437 377 60730 0 0 1 standing 
4 359 234 435 380 60731 0 0 1 standing 
4 359 237 432 382 60732 0 0 1 standing 
4 358 239 430 384 60733 0 0 1 standing 
4 358 242 428 387 60734 0 0 0 standing 
4 357 243 427 388 60735 0 0 1 standing 
4 356 244 426 389 60736 0 0 1 standing 
4 355 245 425 390 60737 0 0 1 standing 
4 354 246 424 391 60738 0 0 1 standing 
4 353 247 423 392 60739 0 0 1 standing 
4 352 248 422 393 60740 0 0 1 standing 
4 351 249 421 394 60741 0 0 1 standing 
4 350 250 420 395 60742 0 0 1 standing 
4 349 251 419 396 60743 0 0 1 standing 
5 335 416 403 596 60724 0 0 0 standing 
5 335 415 403 595 60725 0 0 1 standing 
5 335 414 403 594 60726 0 0 1 standing 
5 335 413 403 593 60727 0 0 1 standing 
5 336 412 404 592 60728 0 0 1 standing 
5 336 411 404 591 60729 0 0 1 standing 
5 336 410 404 590 60730 0 0 1 standing 
5 337 409 405 589 60731 0 0 1 standing 
5 337 408 405 588 60732 0 0 1 standing 
5 337 407 405 587 60733 0 0 1 standing 
5 338 407 406 587 60734 0 0 0 standing 
5 338 406 406 586 60735 0 0 1 standing 
5 339 405 407 585 60736 0 0 1 standing 
5 340 404 408 584 60737 0 0 1 standing 
5 340 403 408 583 60738 0 0 1 standing 
5 341 402 409 582 60739 0 0 1 standing 
5 342 401 410 581 60740 0 0 1 standing 
5 342 400 410 580 60741 0 0 1 standing 
5 343 399 411 579 60742 0 0 1 standing 
5 344 398 412 578 60743 0 0 1 standing 
6 246 302 323 448 60724 0 0 0 standing 
6 248 301 325 447 60725 0 0 1 standing 
6 250 301 327 447 60726 0 0 1 standing 
6 252 301 329 447 60727 0 0 1 standing 
6 255 300 332 446 60728 0 0 1 standing 
6 257 300 334 446 60729 0 0 1 standing 
6 259 300 336 446 60730 0 0 1 standing 
6 262 299 339 445 60731 0 0 1 standing 
6 264 299 341 445 60732 0 0 1 standing 
6 266 299 343 445 60733 0 0 1 standing 
6 269 299 346 445 60734 0 0 0 standing 
6 266 298 343 444 60735 0 0 1 standing 
6 264 298 341 444 60736 0 0 1 standing 
6 261 297 338 443 60737 0 0 1 standing 
6 259 297 336 443 60738 0 0 1 standing 
6 256 297 333 443 60739 0 0 1 standing 
6 254 296 331 442 60740 0 0 1 standing 
6 251 296 328 442 60741 0 0 1 standing 
6 249 295 326 441 60742 0 0 1 standing 
6 246 295 323 441 60743 0 0 1 standing 
7 361 367 433 543 60724 0 0 0 standing 
7 359 368 431 544 60725 0 0 1 standing 
7 357 369 429 545 60726 0 0 1 standing 
7 355 370 427 546 60727 0 0 1 standing 
7 353 371 425 547 60728 0 0 1 standing 
7 352 372 424 548 60729 0 0 1 standing 
7 350 373 422 549 60730 0 0 1 standing 
7 348 374 420 550 60731 0 0 1 standing 
7 346 375 418 551 60732 0 0 1 standing 
7 344 376 416 552 60733 0 0 1 standing 
7 343 378 415 554 60734 0 0 0 standing 
7 343 375 414 552 60735 0 0 1 standing 
7 343 372 414 550 60736 0 0 1 standing 
7 343 370 414 548 60737 0 0 1 standing 
7 343 367 414 546 60738 0 0 1 standing 
7 343 365 414 544 60739 0 0 1 standing 
7 343 362 414 542 60740 0 0 1 standing 
7 343 359 414 540 60741 0 0 1 standing 
7 343 357 414 538 60742 0 0 1 standing 
7 343 354 414 536 60743 0 0 1 standing 
8 311 361 398 495 60724 0 0 0 standing 
8 306 362 393 497 60725 0 0 1 standing 
8 301 363 388 499 60726 0 0 1 standing 
8 296 364 383 501 60727 0 0 1 standing 
8 291 365 378 503 60728 0 0 1 standing 
8 286 366 373 505 60729 0 0 1 standing 
8 281 367 368 507 60730 0 0 1 standing 
8 276 368 363 509 60731 0 0 1 standing 
8 271 369 358 511 60732 0 0 1 standing 
8 266 370 353 513 60733 0 0 1 standing 
8 262 371 348 516 60734 0 0 0 standing 
8 257 370 343 515 60735 0 0 1 standing 
8 252 370 338 515 60736 0 0 1 standing 
8 247 370 333 515 60737 0 0 1 standing 
8 243 369 329 514 60738 0 0 1 standing 
8 238 369 324 514 60739 0 0 1 standing 
8 233 369 319 514 60740 0 0 1 standing 
8 229 368 315 513 60741 0 0 1 standing 
8 224 368 310 513 60742 0 0 1 standing 
8 219 368 305 513 60743 0 0 1 standing 
9 614 399 725 558 60724 0 1 0 standing 
9 612 402 725 558 60725 0 1 1 digging 
9 610 405 725 558 60726 0 1 1 digging 
9 609 408 725 559 60727 0 1 1 digging 
9 607 411 725 559 60728 0 1 1 digging 
9 606 414 725 560 60729 0 1 1 digging 
9 604 418 725 560 60730 0 1 1 digging 
9 603 421 725 561 60731 0 1 1 digging 
9 601 424 725 561 60732 0 1 1 digging 
9 600 427 725 562 60733 0 1 1 digging 
9 598 430 725 562 60734 0 1 1 digging 
9 597 434 726 563 60735 0 1 0 digging 
9 596 435 725 563 60736 0 1 1 digging 
9 595 437 724 563 60737 0 1 1 digging 
9 594 438 723 563 60738 0 1 1 digging 
9 593 440 722 563 60739 0 1 1 digging 
9 592 441 721 564 60740 0 1 1 digging 
9 591 443 720 564 60741 0 1 1 digging 
9 590 444 719 564 60742 0 1 1 digging 
9 589 446 718 564 60743 0 1 1 digging 
10 898 362 1013 523 60724 0 0 0 digging 
10 896 362 1011 523 60725 0 0 1 standing 
10 894 362 1009 523 60726 0 0 1 standing 
10 892 362 1007 523 60727 0 0 1 standing 
10 890 362 1005 523 60728 0 0 1 standing 
10 888 362 1003 523 60729 0 0 1 standing 
10 886 362 1001 523 60730 0 0 1 standing 
10 884 362 999 523 60731 0 0 1 standing 
10 882 362 997 523 60732 0 0 1 standing 
10 880 362 995 523 60733 0 0 1 standing 
10 878 363 993 524 60734 0 0 0 standing 
10 878 362 991 523 60735 0 0 1 standing 
10 879 361 989 522 60736 0 0 1 standing 
10 879 360 987 521 60737 0 0 1 standing 
10 880 359 986 520 60738 0 0 1 standing 
10 880 359 984 519 60739 0 0 1 standing 
10 881 358 982 518 60740 0 0 1 standing 
10 881 357 981 517 60741 0 0 1 standing 
10 882 356 979 516 60742 0 0 1 standing 
10 882 355 977 515 60743 0 0 1 standing 
11 460 195 523 372 60724 0 0 0 standing 
11 459 200 522 376 60725 0 0 1 standing 
11 458 206 521 380 60726 0 0 1 standing 
11 457 212 520 384 60727 0 0 1 standing 
11 456 217 519 388 60728 0 0 1 standing 
11 456 223 518 393 60729 0 0 1 standing 
11 455 229 517 397 60730 0 0 1 standing 
11 454 234 516 401 60731 0 0 1 standing 
11 453 240 515 405 60732 0 0 1 standing 
11 452 246 514 409 60733 0 0 1 standing 
11 452 252 514 414 60734 0 0 0 standing 
11 452 252 515 414 60735 0 0 1 standing 
11 453 252 517 414 60736 0 0 1 standing 
11 454 252 519 414 60737 0 0 1 standing 
11 455 253 521 414 60738 0 0 1 standing 
11 456 253 522 415 60739 0 0 1 standing 
11 457 253 524 415 60740 0 0 1 standing 
11 457 253 526 415 60741 0 0 1 standing 
11 458 254 528 415 60742 0 0 1 standing 
11 459 254 529 415 60743 0 0 1 standing 
