0 868 308 936 478 51440 0 1 0 setting 
0 861 304 929 477 51441 0 1 1 setting 
0 855 301 922 477 51442 0 1 1 setting 
0 849 298 915 476 51443 0 1 1 setting 
0 843 295 908 476 51444 0 1 1 setting 
0 837 292 901 475 51445 0 1 1 setting 
0 831 289 894 475 51446 0 1 1 setting 
0 825 286 887 474 51447 0 1 1 setting 
0 819 283 880 474 51448 0 1 1 setting 
0 813 280 873 473 51449 0 1 1 setting 
0 807 277 866 473 51450 0 1 0 setting 
0 801 289 859 476 51451 0 1 1 setting 
0 796 301 853 480 51452 0 1 1 setting 
0 790 314 847 484 51453 0 1 1 setting 
0 785 326 841 488 51454 0 1 1 setting 
0 780 339 835 492 51455 0 1 0 setting 
0 780 337 836 491 51456 0 1 1 setting 
0 781 335 838 490 51457 0 1 1 setting 
0 782 334 839 489 51458 0 1 1 setting 
0 783 332 841 488 51459 0 1 1 setting 
1 1024 370 1121 513 51440 0 0 0 setting 
1 1011 368 1108 511 51441 0 0 1 standing 
1 998 366 1096 509 51442 0 0 1 standing 
1 985 364 1084 508 51443 0 0 0 standing 
1 980 359 1070 506 51444 0 0 1 standing 
1 975 354 1057 505 51445 0 0 1 standing 
1 970 350 1044 504 51446 0 0 0 standing 
1 959 347 1033 501 51447 0 0 1 standing 
1 948 344 1022 498 51448 0 0 1 standing 
1 938 341 1012 495 51449 0 0 0 standing 
1 929 344 1009 493 51450 0 0 1 standing 
1 920 347 1006 491 51451 0 0 1 standing 
1 911 350 1004 490 51452 0 0 0 standing 
1 909 350 1002 490 51453 0 0 1 standing 
1 907 351 1000 491 51454 0 0 1 standing 
1 906 352 999 492 51455 0 0 0 standing 
1 908 352 995 492 51456 0 0 1 standing 
1 910 353 991 492 51457 0 0 1 standing 
1 912 353 987 492 51458 0 0 1 standing 
1 914 354 983 492 51459 0 0 1 standing 
2 917 431 982 584 51440 0 0 0 standing 
2 911 429 976 582 51441 0 0 1 standing 
2 906 428 971 581 51442 0 0 1 standing 
2 901 427 966 580 51443 0 0 0 standing 
2 895 423 962 576 51444 0 0 1 standing 
2 889 420 959 572 51445 0 0 1 standing 
2 884 417 956 569 51446 0 0 0 standing 
2 876 416 948 568 51447 0 0 1 standing 
2 869 415 941 568 51448 0 0 1 standing 
2 862 414 934 568 51449 0 0 0 standing 
2 857 414 929 568 51450 0 0 1 standing 
2 852 414 924 568 51451 0 0 1 standing 
2 848 415 920 569 51452 0 0 0 standing 
2 849 415 920 569 51453 0 0 1 standing 
2 851 415 920 569 51454 0 0 1 standing 
2 853 415 920 569 51455 0 0 1 standing 
2 855 415 920 569 51456 0 0 1 standing 
2 856 415 920 569 51457 0 0 1 standing 
2 858 415 920 569 51458 0 0 1 standing 
2 860 415 920 569 51459 0 0 1 standing 
3 713 419 788 563 51440 0 0 0 standing 
3 703 421 783 565 51441 0 0 1 standing 
3 693 423 778 567 51442 0 0 1 standing 
3 684 426 773 569 51443 0 0 0 standing 
3 679 427 771 572 51444 0 0 1 standing 
3 674 428 770 575 51445 0 0 1 standing 
3 670 430 769 578 51446 0 0 0 standing 
3 671 430 775 580 51447 0 0 1 standing 
3 673 430 782 582 51448 0 0 1 standing 
3 675 431 789 584 51449 0 0 0 standing 
3 684 430 788 585 51450 0 0 1 standing 
3 694 430 787 586 51451 0 0 1 standing 
3 704 430 786 588 51452 0 0 0 standing 
3 709 432 787 595 51453 0 0 1 standing 
3 715 435 788 603 51454 0 0 1 standing 
3 721 438 790 611 51455 0 0 0 standing 
3 729 440 798 612 51456 0 0 1 standing 
3 737 442 806 613 51457 0 0 1 standing 
3 746 445 815 615 51458 0 0 1 standing 
3 754 447 823 616 51459 0 0 1 standing 
4 702 348 796 481 51440 0 0 0 standing 
4 693 351 787 484 51441 0 0 1 moving 
4 684 354 778 487 51442 0 0 1 moving 
4 675 358 769 491 51443 0 0 0 moving 
4 667 358 755 491 51444 0 0 1 moving 
4 660 358 741 492 51445 0 0 1 moving 
4 653 359 728 493 51446 0 0 0 moving 
4 647 354 722 493 51447 0 0 1 moving 
4 642 350 716 493 51448 0 0 1 moving 
4 637 346 711 493 51449 0 0 0 moving 
4 640 345 711 486 51450 0 0 1 moving 
4 643 345 711 479 51451 0 0 1 moving 
4 647 345 711 473 51452 0 0 0 moving 
4 649 343 725 471 51453 0 0 1 moving 
4 651 342 739 470 51454 0 0 1 moving 
4 654 341 753 469 51455 0 0 0 moving 
4 659 338 758 466 51456 0 0 1 moving 
4 665 335 764 463 51457 0 0 1 moving 
4 670 332 769 460 51458 0 0 1 moving 
4 676 329 775 457 51459 0 0 1 moving 
5 615 362 718 529 51440 0 0 0 moving 
5 605 368 708 530 51441 0 0 1 standing 
5 596 375 699 531 51442 0 0 1 standing 
5 587 382 690 532 51443 0 0 0 standing 
5 581 379 674 532 51444 0 0 1 standing 
5 575 376 659 532 51445 0 0 1 standing 
5 570 374 644 533 51446 0 0 0 standing 
5 572 373 643 532 51447 0 0 1 standing 
5 575 373 643 531 51448 0 0 1 standing 
5 578 373 643 531 51449 0 0 0 standing 
5 581 375 646 531 51450 0 0 1 standing 
5 585 378 649 532 51451 0 0 1 standing 
5 589 381 653 533 51452 0 0 0 standing 
5 590 383 668 535 51453 0 0 1 standing 
5 592 385 683 538 51454 0 0 1 standing 
5 594 388 698 541 51455 0 0 0 standing 
5 602 387 700 539 51456 0 0 1 standing 
5 610 387 702 538 51457 0 0 1 standing 
5 618 386 705 536 51458 0 0 1 standing 
5 626 386 707 535 51459 0 0 1 standing 
6 218 466 290 621 51440 0 0 0 standing 
6 210 467 282 622 51441 0 0 1 standing 
6 202 469 274 624 51442 0 0 1 standing 
6 194 471 266 626 51443 0 0 0 standing 
6 182 470 254 624 51444 0 0 1 standing 
6 170 469 242 623 51445 0 0 1 standing 
6 159 468 231 622 51446 0 0 0 standing 
6 151 463 218 619 51447 0 0 1 standing 
6 143 458 206 616 51448 0 0 1 standing 
6 135 454 194 613 51449 0 0 0 standing 
6 123 453 189 611 51450 0 0 1 standing 
6 112 452 184 610 51451 0 0 1 standing 
6 101 451 179 609 51452 0 0 0 standing 
6 97 451 175 609 51453 0 0 1 standing 
6 93 451 172 609 51454 0 0 1 standing 
6 90 451 169 609 51455 0 0 0 standing 
6 87 451 165 609 51456 0 0 1 standing 
6 84 451 161 609 51457 0 0 1 standing 
6 81 451 157 609 51458 0 0 1 standing 
6 78 451 153 609 51459 0 0 1 standing 
7 225 391 293 528 51440 0 0 0 standing 
7 215 392 283 529 51441 0 0 1 standing 
7 206 393 274 531 51442 0 0 1 standing 
7 197 394 265 533 51443 0 0 0 standing 
7 188 392 258 533 51444 0 0 1 standing 
7 179 390 251 533 51445 0 0 1 standing 
7 170 389 244 533 51446 0 0 0 standing 
7 158 387 237 533 51447 0 0 1 standing 
7 146 385 230 533 51448 0 0 1 standing 
7 135 384 224 533 51449 0 0 0 standing 
7 129 384 207 533 51450 0 0 1 standing 
7 123 384 190 533 51451 0 0 1 standing 
7 117 384 174 533 51452 0 0 0 standing 
7 108 384 170 533 51453 0 0 1 standing 
7 99 384 167 533 51454 0 0 1 standing 
7 90 384 164 533 51455 0 0 0 standing 
7 84 383 155 532 51456 0 0 1 standing 
7 79 382 147 531 51457 0 0 1 standing 
7 73 382 138 530 51458 0 0 1 standing 
7 68 381 130 529 51459 0 0 1 standing 
8 365 375 446 521 51440 0 0 0 standing 
8 359 375 438 520 51441 0 0 1 standing 
8 354 375 430 520 51442 0 0 1 standing 
8 349 376 422 520 51443 0 0 0 standing 
8 341 373 414 520 51444 0 0 1 standing 
8 334 370 407 520 51445 0 0 1 standing 
8 327 368 400 520 51446 0 0 0 standing 
8 320 367 385 517 51447 0 0 1 standing 
8 313 367 370 514 51448 0 0 1 standing 
8 306 367 355 512 51449 0 0 0 standing 
8 297 368 351 514 51450 0 0 1 standing 
8 289 369 347 516 51451 0 0 1 standing 
8 281 370 344 518 51452 0 0 0 standing 
8 277 367 340 518 51453 0 0 1 standing 
8 273 364 336 519 51454 0 0 1 standing 
8 269 361 332 520 51455 0 0 0 standing 
8 265 358 328 516 51456 0 0 1 standing 
8 261 356 324 513 51457 0 0 1 standing 
8 257 354 320 510 51458 0 0 1 standing 
8 253 352 316 507 51459 0 0 1 standing 
9 492 420 560 579 51440 0 0 0 standing 
9 482 419 550 578 51441 0 0 1 standing 
9 472 419 540 578 51442 0 0 1 standing 
9 462 419 530 578 51443 0 0 0 standing 
9 455 417 523 578 51444 0 0 1 standing 
9 448 415 516 579 51445 0 0 1 standing 
9 442 413 510 580 51446 0 0 0 standing 
9 436 413 503 580 51447 0 0 1 standing 
9 430 413 496 580 51448 0 0 1 standing 
9 425 413 490 581 51449 0 0 0 standing 
9 423 414 488 582 51450 0 0 1 standing 
9 422 415 487 583 51451 0 0 1 standing 
9 421 416 486 584 51452 0 0 0 standing 
9 420 413 482 583 51453 0 0 1 standing 
9 419 410 479 582 51454 0 0 1 standing 
9 419 407 476 582 51455 0 0 0 standing 
9 421 408 478 583 51456 0 0 1 standing 
9 424 409 481 584 51457 0 0 1 standing 
9 427 410 484 585 51458 0 0 0 standing 
9 427 410 484 585 51459 0 0 1 standing 
10 520 381 589 534 51440 0 0 0 standing 
10 513 378 582 532 51441 0 0 1 standing 
10 506 376 575 530 51442 0 0 1 standing 
10 500 374 569 528 51443 0 0 0 standing 
10 490 375 559 531 51444 0 0 1 standing 
10 480 376 549 535 51445 0 0 1 standing 
10 471 377 540 539 51446 0 0 0 standing 
10 466 378 535 540 51447 0 0 1 standing 
10 461 379 530 541 51448 0 0 1 standing 
10 457 380 526 543 51449 0 0 0 standing 
10 452 379 521 542 51450 0 0 1 standing 
10 447 378 516 541 51451 0 0 1 standing 
10 442 377 511 540 51452 0 0 0 standing 
10 443 376 507 539 51453 0 0 1 standing 
10 444 375 503 538 51454 0 0 1 standing 
10 445 374 499 538 51455 0 0 0 standing 
10 446 374 500 538 51456 0 0 1 standing 
10 448 374 502 538 51457 0 0 1 standing 
10 449 374 503 538 51458 0 0 1 standing 
10 451 374 505 538 51459 0 0 1 standing 
11 524 350 583 492 51440 0 0 0 standing 
11 518 349 577 491 51441 0 0 1 standing 
11 512 348 571 490 51442 0 0 1 standing 
11 506 348 565 490 51443 0 0 0 standing 
11 499 348 558 491 51444 0 0 1 standing 
11 493 349 552 492 51445 0 0 1 standing 
11 487 350 546 493 51446 0 0 0 standing 
11 481 350 540 493 51447 0 0 1 standing 
11 476 350 535 493 51448 0 0 1 standing 
11 471 350 530 493 51449 0 0 0 standing 
11 466 348 525 491 51450 0 0 1 standing 
11 461 347 520 490 51451 0 0 1 standing 
11 457 346 516 489 51452 0 0 0 standing 
11 455 346 514 489 51453 0 0 1 standing 
11 453 346 512 489 51454 0 0 1 standing 
11 451 347 510 490 51455 0 0 0 standing 
11 452 346 511 489 51456 0 0 1 standing 
11 453 346 512 489 51457 0 0 1 standing 
11 454 346 513 489 51458 0 0 1 standing 
11 455 346 514 489 51459 0 0 1 standing 
