0 890 374 963 498 27670 0 1 0 digging 
0 894 377 967 498 27671 0 1 1 digging 
0 898 380 972 499 27672 0 1 1 digging 
0 902 383 977 500 27673 0 1 0 digging 
0 898 386 976 501 27674 0 1 1 digging 
0 894 389 975 502 27675 0 1 1 digging 
0 891 393 974 503 27676 0 1 0 digging 
0 886 394 968 503 27677 0 1 1 digging 
0 882 396 962 504 27678 0 1 1 digging 
0 878 398 957 505 27679 0 1 0 digging 
0 875 402 969 504 27680 0 1 1 digging 
0 873 407 981 503 27681 0 1 1 digging 
0 871 412 994 502 27682 0 1 0 digging 
0 873 415 989 504 27683 0 1 1 digging 
0 875 418 985 506 27684 0 1 1 digging 
0 877 421 981 508 27685 0 1 0 digging 
0 879 424 984 510 27686 0 1 1 digging 
0 882 427 988 513 27687 0 1 1 digging 
0 884 431 992 515 27688 0 1 1 digging 
0 887 434 996 518 27689 0 1 1 digging 
1 1091 429 1156 558 27670 0 0 0 digging 
1 1088 429 1157 556 27671 0 0 1 waiting 
1 1085 430 1159 555 27672 0 0 1 waiting 
1 1083 431 1161 554 27673 0 0 0 waiting 
1 1079 432 1159 555 27674 0 0 1 waiting 
1 1076 433 1157 556 27675 0 0 1 waiting 
1 1073 434 1156 558 27676 0 0 0 waiting 
1 1067 433 1149 558 27677 0 0 1 waiting 
1 1061 432 1143 559 27678 0 0 1 waiting 
1 1055 431 1137 560 27679 0 0 0 waiting 
1 1053 425 1129 557 27680 0 0 1 waiting 
1 1052 419 1122 554 27681 0 0 1 waiting 
1 1051 413 1115 552 27682 0 0 0 waiting 
1 1045 411 1114 550 27683 0 0 1 waiting 
1 1039 409 1113 548 27684 0 0 1 waiting 
1 1034 408 1112 546 27685 0 0 0 waiting 
1 1033 410 1110 543 27686 0 0 1 waiting 
1 1032 412 1109 540 27687 0 0 1 waiting 
1 1031 414 1108 537 27688 0 0 1 waiting 
1 1030 416 1107 534 27689 0 0 1 waiting 
2 1002 501 1094 633 27670 0 0 0 waiting 
2 1002 501 1096 633 27671 0 0 1 standing 
2 1002 501 1098 633 27672 0 0 1 standing 
2 1002 501 1101 633 27673 0 0 0 standing 
2 1010 501 1101 635 27674 0 0 1 standing 
2 1018 502 1102 637 27675 0 0 1 standing 
2 1026 503 1103 640 27676 0 0 0 standing 
2 1024 501 1097 641 27677 0 0 1 standing 
2 1023 499 1092 643 27678 0 0 1 standing 
2 1022 498 1087 645 27679 0 0 0 standing 
2 1020 493 1086 642 27680 0 0 1 standing 
2 1018 488 1086 639 27681 0 0 1 standing 
2 1017 483 1086 636 27682 0 0 0 standing 
2 1015 481 1089 634 27683 0 0 1 standing 
2 1013 479 1092 632 27684 0 0 1 standing 
2 1012 478 1096 630 27685 0 0 0 standing 
2 1008 476 1092 628 27686 0 0 1 standing 
2 1005 474 1088 627 27687 0 0 1 standing 
2 1001 473 1084 625 27688 0 0 1 standing 
2 998 471 1080 624 27689 0 0 1 standing 
3 714 393 798 508 27670 0 0 0 standing 
3 708 394 796 509 27671 0 0 1 standing 
3 702 396 794 510 27672 0 0 1 standing 
3 697 398 792 511 27673 0 0 0 standing 
3 692 401 786 511 27674 0 0 1 standing 
3 687 404 781 511 27675 0 0 1 standing 
3 682 407 776 512 27676 0 0 0 standing 
3 678 407 772 512 27677 0 0 1 standing 
3 674 408 768 513 27678 0 0 1 standing 
3 670 409 764 514 27679 0 0 0 standing 
3 664 406 760 512 27680 0 0 1 standing 
3 659 404 756 511 27681 0 0 1 standing 
3 654 402 752 510 27682 0 0 0 standing 
3 650 401 748 510 27683 0 0 1 standing 
3 646 401 744 510 27684 0 0 1 standing 
3 642 401 741 510 27685 0 0 0 standing 
3 638 400 731 510 27686 0 0 1 standing 
3 635 399 721 510 27687 0 0 1 standing 
3 632 398 712 511 27688 0 0 0 standing 
3 632 398 712 511 27689 0 0 1 standing 
4 611 399 643 588 27670 0 0 0 standing 
4 599 395 640 584 27671 0 0 1 blocking 
4 587 391 637 580 27672 0 0 1 blocking 
4 576 388 635 576 27673 0 0 0 blocking 
4 571 388 630 576 27674 0 0 1 blocking 
4 566 388 625 576 27675 0 0 1 blocking 
4 562 388 621 577 27676 0 0 0 blocking 
4 559 394 614 582 27677 0 0 1 blocking 
4 556 400 608 588 27678 0 0 1 blocking 
4 554 406 602 594 27679 0 0 0 blocking 
4 551 414 600 602 27680 0 0 1 blocking 
4 549 423 598 611 27681 0 0 1 blocking 
4 547 432 596 620 27682 0 0 0 blocking 
4 544 441 593 620 27683 0 0 1 blocking 
4 541 451 590 620 27684 0 0 1 blocking 
4 538 461 587 620 27685 0 0 0 blocking 
4 539 463 588 620 27686 0 0 1 blocking 
4 540 465 589 620 27687 0 0 1 blocking 
4 541 467 590 620 27688 0 0 1 blocking 
4 542 469 591 620 27689 0 0 1 blocking 
5 603 395 636 561 27670 0 0 0 blocking 
5 602 394 635 556 27671 0 0 1 blocking 
5 601 394 634 552 27672 0 0 1 blocking 
5 601 394 634 548 27673 0 0 0 blocking 
5 595 395 636 547 27674 0 0 1 blocking 
5 589 396 639 546 27675 0 0 1 blocking 
5 583 398 642 545 27676 0 0 0 blocking 
5 577 398 645 538 27677 0 0 1 blocking 
5 572 398 648 532 27678 0 0 1 blocking 
5 567 398 651 526 27679 0 0 0 blocking 
5 558 401 647 536 27680 0 0 1 blocking 
5 549 404 643 546 27681 0 0 1 blocking 
5 541 408 640 557 27682 0 0 0 blocking 
5 537 415 632 557 27683 0 0 1 blocking 
5 534 422 625 557 27684 0 0 1 blocking 
5 531 430 618 558 27685 0 0 0 blocking 
5 529 436 606 568 27686 0 0 1 blocking 
5 527 442 594 578 27687 0 0 1 blocking 
5 525 448 582 588 27688 0 0 1 blocking 
5 523 454 570 598 27689 0 0 1 blocking 
6 509 433 572 581 27670 0 0 0 blocking 
6 499 436 569 583 27671 0 0 1 standing 
6 490 439 567 585 27672 0 0 1 standing 
6 481 443 565 587 27673 0 0 0 standing 
6 476 446 563 584 27674 0 0 1 standing 
6 471 450 561 581 27675 0 0 1 standing 
6 466 454 559 578 27676 0 0 0 standing 
6 461 454 554 578 27677 0 0 1 standing 
6 456 454 550 578 27678 0 0 1 standing 
6 452 455 546 579 27679 0 0 0 standing 
6 447 452 541 581 27680 0 0 1 standing 
6 442 450 536 583 27681 0 0 1 standing 
6 437 448 531 585 27682 0 0 0 standing 
6 435 443 529 580 27683 0 0 1 standing 
6 434 438 528 575 27684 0 0 1 standing 
6 433 433 527 570 27685 0 0 0 standing 
6 434 431 518 570 27686 0 0 1 standing 
6 435 429 509 570 27687 0 0 1 standing 
6 436 427 500 570 27688 0 0 1 standing 
6 437 425 491 570 27689 0 0 1 standing 
7 418 416 476 584 27670 0 0 0 standing 
7 420 416 478 584 27671 0 0 1 jumping 
7 423 416 481 584 27672 0 0 1 jumping 
7 426 416 484 584 27673 0 0 0 jumping 
7 425 416 486 590 27674 0 0 1 jumping 
7 424 416 488 597 27675 0 0 1 jumping 
7 423 416 491 604 27676 0 0 0 jumping 
7 425 429 495 611 27677 0 0 1 jumping 
7 428 443 499 618 27678 0 0 1 jumping 
7 431 457 504 626 27679 0 0 0 jumping 
7 432 464 501 626 27680 0 0 1 jumping 
7 433 471 499 627 27681 0 0 1 jumping 
7 434 479 497 628 27682 0 0 0 jumping 
7 431 478 493 627 27683 0 0 1 jumping 
7 429 478 489 626 27684 0 0 1 jumping 
7 427 478 486 626 27685 0 0 0 jumping 
7 424 476 483 627 27686 0 0 1 jumping 
7 421 474 480 628 27687 0 0 1 jumping 
7 419 472 477 629 27688 0 0 1 jumping 
7 416 470 474 630 27689 0 0 1 jumping 
8 443 371 508 495 27670 0 0 0 jumping 
8 440 371 505 494 27671 0 0 1 standing 
8 438 372 502 493 27672 0 0 1 standing 
8 436 373 500 492 27673 0 0 0 standing 
8 437 374 496 493 27674 0 0 1 standing 
8 439 375 493 494 27675 0 0 1 standing 
8 441 377 490 495 27676 0 0 0 standing 
8 439 376 488 494 27677 0 0 1 standing 
8 437 375 486 493 27678 0 0 1 standing 
8 436 374 485 493 27679 0 0 0 standing 
8 434 372 483 491 27680 0 0 1 standing 
8 432 371 481 490 27681 0 0 1 standing 
8 430 370 479 489 27682 0 0 0 standing 
8 427 370 476 489 27683 0 0 1 standing 
8 425 370 474 489 27684 0 0 1 standing 
8 423 370 472 489 27685 0 0 0 standing 
8 421 369 470 488 27686 0 0 1 standing 
8 419 369 468 488 27687 0 0 1 standing 
8 418 369 467 488 27688 0 0 0 standing 
8 418 369 467 488 27689 0 0 1 standing 
9 322 393 374 519 27670 0 0 0 standing 
9 323 394 375 520 27671 0 0 1 standing 
9 324 396 376 521 27672 0 0 1 standing 
9 325 398 377 522 27673 0 0 0 standing 
9 322 403 383 527 27674 0 0 1 standing 
9 320 408 390 532 27675 0 0 1 standing 
9 318 414 397 538 27676 0 0 0 standing 
9 316 417 393 541 27677 0 0 1 standing 
9 315 421 390 545 27678 0 0 1 standing 
9 314 425 387 549 27679 0 0 0 standing 
9 309 425 382 549 27680 0 0 1 standing 
9 305 425 378 549 27681 0 0 1 standing 
9 301 425 374 549 27682 0 0 0 standing 
9 295 423 361 547 27683 0 0 1 standing 
9 290 421 349 545 27684 0 0 1 standing 
9 285 419 337 543 27685 0 0 0 standing 
9 278 419 331 543 27686 0 0 1 standing 
9 272 419 326 543 27687 0 0 1 standing 
9 265 419 321 543 27688 0 0 1 standing 
9 259 419 316 543 27689 0 0 1 standing 
10 248 458 326 578 27670 0 0 0 standing 
10 251 459 324 580 27671 0 0 1 waiting 
10 254 461 322 582 27672 0 0 1 waiting 
10 257 463 321 585 27673 0 0 0 waiting 
10 257 466 321 588 27674 0 0 1 waiting 
10 257 469 321 591 27675 0 0 1 waiting 
10 257 473 321 595 27676 0 0 0 waiting 
10 253 475 317 597 27677 0 0 1 waiting 
10 250 478 314 600 27678 0 0 1 waiting 
10 247 481 311 603 27679 0 0 0 waiting 
10 242 480 306 603 27680 0 0 1 waiting 
10 238 480 302 603 27681 0 0 1 waiting 
10 234 480 298 603 27682 0 0 0 waiting 
10 230 478 291 603 27683 0 0 1 waiting 
10 226 476 284 603 27684 0 0 1 waiting 
10 223 474 278 603 27685 0 0 0 waiting 
10 219 471 274 603 27686 0 0 1 waiting 
10 215 468 270 603 27687 0 0 1 waiting 
10 212 465 266 603 27688 0 0 1 waiting 
10 208 462 262 603 27689 0 0 1 waiting 
11 133 419 202 559 27670 0 0 0 waiting 
11 126 419 196 558 27671 0 0 1 standing 
11 119 419 191 558 27672 0 0 1 standing 
11 112 419 186 558 27673 0 0 0 standing 
11 106 417 177 559 27674 0 0 1 standing 
11 101 416 168 561 27675 0 0 1 standing 
11 96 415 160 563 27676 0 0 0 standing 
11 88 415 152 567 27677 0 0 1 standing 
11 80 415 144 571 27678 0 0 1 standing 
11 73 416 136 575 27679 0 0 0 standing 
11 65 417 131 576 27680 0 0 1 standing 
11 57 418 127 577 27681 0 0 1 standing 
11 50 420 123 579 27682 0 0 0 standing 
11 47 420 118 577 27683 0 0 1 standing 
11 44 420 114 576 27684 0 0 1 standing 
11 41 421 110 575 27685 0 0 0 standing 
11 36 421 105 575 27686 0 0 1 standing 
11 31 421 100 575 27687 0 0 1 standing 
11 27 421 96 575 27688 0 0 0 standing 
11 27 421 96 575 27689 0 0 1 standing 
