0 737 428 809 541 19670 0 1 0 standing 
0 736 426 805 537 19671 0 1 1 standing 
0 735 424 802 533 19672 0 1 1 standing 
0 734 422 799 529 19673 0 1 1 standing 
0 733 420 796 525 19674 0 1 1 standing 
0 732 418 793 521 19675 0 1 1 standing 
0 731 416 790 517 19676 0 1 1 standing 
0 730 414 787 513 19677 0 1 0 standing 
0 721 413 780 511 19678 0 1 1 standing 
0 713 413 774 509 19679 0 1 1 standing 
0 705 413 768 508 19680 0 1 0 standing 
0 703 406 766 506 19681 0 1 1 standing 
0 702 399 765 505 19682 0 1 1 standing 
0 700 392 763 504 19683 0 1 1 standing 
0 699 386 762 503 19684 0 1 0 standing 
0 697 386 760 501 19685 0 1 1 standing 
0 696 387 759 500 19686 0 1 1 standing 
0 695 387 758 499 19687 0 1 1 standing 
0 693 388 756 498 19688 0 1 1 standing 
0 692 388 755 497 19689 0 1 1 standing 
1 615 388 679 492 19670 0 1 0 standing 
1 617 380 678 488 19671 0 1 1 setting 
1 619 372 677 485 19672 0 1 1 setting 
1 621 364 676 481 19673 0 1 1 setting 
1 624 357 675 478 19674 0 1 0 setting 
1 626 355 675 478 19675 0 1 1 setting 
1 629 353 675 478 19676 0 1 1 setting 
1 631 352 675 478 19677 0 1 1 setting 
1 634 350 675 478 19678 0 1 1 setting 
1 636 348 675 478 19679 0 1 1 setting 
1 639 347 675 478 19680 0 1 0 setting 
1 639 351 675 482 19681 0 1 1 setting 
1 640 356 675 487 19682 0 1 1 setting 
1 640 361 675 492 19683 0 1 1 setting 
1 641 366 676 497 19684 0 1 0 setting 
1 641 370 676 496 19685 0 1 1 setting 
1 642 375 677 496 19686 0 1 1 setting 
1 642 380 677 495 19687 0 1 1 setting 
1 643 385 678 495 19688 0 1 1 setting 
1 643 390 678 494 19689 0 1 1 setting 
2 763 349 835 425 19670 0 1 0 setting 
2 761 348 833 424 19671 0 1 1 standing 
2 759 348 831 424 19672 0 1 1 standing 
2 758 348 830 424 19673 0 1 1 standing 
2 756 348 828 424 19674 0 1 1 standing 
2 755 348 827 424 19675 0 1 1 standing 
2 753 348 825 424 19676 0 1 1 standing 
2 751 348 823 424 19677 0 1 1 standing 
2 750 348 822 424 19678 0 1 1 standing 
2 748 348 820 424 19679 0 1 1 standing 
2 747 348 819 424 19680 0 1 0 standing 
2 743 346 813 424 19681 0 1 1 standing 
2 740 344 808 424 19682 0 1 1 standing 
2 737 342 802 424 19683 0 1 1 standing 
2 734 341 797 425 19684 0 1 0 standing 
2 730 342 791 425 19685 0 1 1 standing 
2 727 344 785 425 19686 0 1 1 standing 
2 724 346 780 426 19687 0 1 1 standing 
2 721 348 774 426 19688 0 1 1 standing 
2 718 350 768 426 19689 0 1 1 standing 
3 1055 503 1114 631 19670 0 0 0 standing 
3 1062 503 1121 631 19671 0 0 1 standing 
3 1069 503 1128 632 19672 0 0 1 standing 
3 1077 504 1135 633 19673 0 0 0 standing 
3 1083 505 1143 635 19674 0 0 1 standing 
3 1089 507 1151 637 19675 0 0 1 standing 
3 1095 509 1159 639 19676 0 0 0 standing 
3 1099 513 1166 641 19677 0 0 1 standing 
3 1104 517 1173 643 19678 0 0 1 standing 
3 1109 522 1181 645 19679 0 0 0 standing 
3 1110 525 1183 648 19680 0 0 1 standing 
3 1112 528 1185 651 19681 0 0 1 standing 
3 1114 531 1188 654 19682 0 0 0 standing 
3 1112 527 1188 652 19683 0 0 1 standing 
3 1111 524 1188 650 19684 0 0 1 standing 
3 1110 521 1189 649 19685 0 0 0 standing 
3 1108 519 1183 647 19686 0 0 1 standing 
3 1107 517 1177 645 19687 0 0 1 standing 
3 1106 515 1172 643 19688 0 0 1 standing 
3 1105 513 1166 641 19689 0 0 1 standing 
4 825 522 894 646 19670 0 0 0 standing 
4 824 523 896 647 19671 0 0 1 moving 
4 824 524 899 648 19672 0 0 1 moving 
4 824 525 902 649 19673 0 0 0 moving 
4 821 524 901 648 19674 0 0 1 moving 
4 818 523 900 647 19675 0 0 1 moving 
4 816 523 899 646 19676 0 0 0 moving 
4 813 523 891 646 19677 0 0 1 moving 
4 810 523 883 646 19678 0 0 1 moving 
4 808 523 875 646 19679 0 0 0 moving 
4 802 521 873 645 19680 0 0 1 moving 
4 797 520 871 644 19681 0 0 1 moving 
4 792 519 870 643 19682 0 0 0 moving 
4 784 516 865 641 19683 0 0 1 moving 
4 776 513 861 639 19684 0 0 1 moving 
4 769 510 857 638 19685 0 0 0 moving 
4 767 509 849 635 19686 0 0 1 moving 
4 765 509 842 632 19687 0 0 1 moving 
4 763 508 835 630 19688 0 0 1 moving 
4 761 508 828 627 19689 0 0 1 moving 
5 902 404 964 503 19670 0 0 0 moving 
5 903 404 962 501 19671 0 0 1 standing 
5 904 405 960 500 19672 0 0 1 standing 
5 906 406 959 499 19673 0 0 0 standing 
5 907 405 952 498 19674 0 0 1 standing 
5 908 405 945 498 19675 0 0 1 standing 
5 909 405 938 498 19676 0 0 0 standing 
5 902 403 937 498 19677 0 0 1 standing 
5 895 401 937 498 19678 0 0 1 standing 
5 889 400 937 498 19679 0 0 0 standing 
5 885 400 938 497 19680 0 0 1 standing 
5 882 401 940 497 19681 0 0 1 standing 
5 879 402 942 497 19682 0 0 0 standing 
5 880 401 938 496 19683 0 0 1 standing 
5 881 401 934 495 19684 0 0 1 standing 
5 883 401 931 495 19685 0 0 0 standing 
5 880 401 925 496 19686 0 0 1 standing 
5 877 401 920 497 19687 0 0 1 standing 
5 875 401 914 498 19688 0 0 1 standing 
5 872 401 909 499 19689 0 0 1 standing 
6 237 429 281 543 19670 0 0 0 standing 
6 241 428 285 542 19671 0 0 1 standing 
6 245 428 289 542 19672 0 0 1 standing 
6 249 428 293 542 19673 0 0 0 standing 
6 250 427 294 541 19674 0 0 1 standing 
6 252 427 296 541 19675 0 0 1 standing 
6 254 427 298 541 19676 0 0 0 standing 
6 256 427 300 541 19677 0 0 1 standing 
6 258 427 302 541 19678 0 0 1 standing 
6 260 428 304 542 19679 0 0 0 standing 
6 261 428 305 539 19680 0 0 1 standing 
6 262 428 306 537 19681 0 0 1 standing 
6 264 428 307 535 19682 0 0 0 standing 
6 266 428 309 535 19683 0 0 1 standing 
6 268 428 311 535 19684 0 0 1 standing 
6 270 428 314 535 19685 0 0 0 standing 
6 271 428 315 535 19686 0 0 1 standing 
6 272 428 316 535 19687 0 0 1 standing 
6 274 428 318 535 19688 0 0 0 standing 
6 274 428 318 535 19689 0 0 1 standing 
7 310 383 354 480 19670 0 0 0 standing 
7 312 383 356 481 19671 0 0 1 standing 
7 314 383 358 482 19672 0 0 1 standing 
7 316 384 360 483 19673 0 0 0 standing 
7 318 383 360 481 19674 0 0 1 standing 
7 320 383 360 479 19675 0 0 1 standing 
7 322 383 360 477 19676 0 0 0 standing 
7 324 384 362 478 19677 0 0 1 standing 
7 326 385 364 479 19678 0 0 1 standing 
7 328 386 366 480 19679 0 0 0 standing 
7 329 386 367 480 19680 0 0 1 standing 
7 331 386 369 480 19681 0 0 1 standing 
7 333 387 371 481 19682 0 0 0 standing 
7 335 387 373 481 19683 0 0 1 standing 
7 337 387 376 481 19684 0 0 1 standing 
7 340 387 379 481 19685 0 0 0 standing 
7 340 388 379 480 19686 0 0 1 standing 
7 341 390 379 479 19687 0 0 1 standing 
7 341 391 380 479 19688 0 0 1 standing 
7 342 393 380 478 19689 0 0 1 standing 
8 344 470 407 573 19670 0 0 0 standing 
8 342 470 405 571 19671 0 0 1 standing 
8 340 470 403 569 19672 0 0 1 standing 
8 339 470 401 568 19673 0 0 0 standing 
8 340 469 398 569 19674 0 0 1 standing 
8 342 468 395 570 19675 0 0 1 standing 
8 344 468 393 571 19676 0 0 0 standing 
8 342 468 392 573 19677 0 0 1 standing 
8 340 468 391 575 19678 0 0 1 standing 
8 339 469 391 578 19679 0 0 0 standing 
8 334 471 389 579 19680 0 0 1 standing 
8 329 473 387 581 19681 0 0 1 standing 
8 324 475 386 583 19682 0 0 0 standing 
8 323 476 386 584 19683 0 0 1 standing 
8 322 477 386 586 19684 0 0 1 standing 
8 322 479 387 588 19685 0 0 0 standing 
8 326 477 388 585 19686 0 0 1 standing 
8 330 476 389 582 19687 0 0 1 standing 
8 335 475 390 580 19688 0 0 1 standing 
8 339 474 391 577 19689 0 0 1 standing 
9 555 460 630 578 19670 0 0 0 standing 
9 558 460 632 578 19671 0 0 1 standing 
9 561 461 634 578 19672 0 0 1 standing 
9 564 462 637 579 19673 0 0 0 standing 
9 566 462 639 580 19674 0 0 1 standing 
9 568 463 641 581 19675 0 0 1 standing 
9 571 464 644 583 19676 0 0 0 standing 
9 573 464 646 583 19677 0 0 1 standing 
9 575 465 648 584 19678 0 0 1 standing 
9 578 466 651 585 19679 0 0 0 standing 
9 579 465 650 584 19680 0 0 1 standing 
9 580 465 649 584 19681 0 0 1 standing 
9 582 465 649 584 19682 0 0 0 standing 
9 583 466 650 585 19683 0 0 1 standing 
9 585 467 652 586 19684 0 0 1 standing 
9 587 469 654 588 19685 0 0 0 standing 
9 587 469 651 586 19686 0 0 1 standing 
9 587 469 649 584 19687 0 0 1 standing 
9 588 469 646 582 19688 0 0 1 standing 
9 588 469 644 580 19689 0 0 1 standing 
10 570 396 619 530 19670 0 0 0 standing 
10 572 396 621 529 19671 0 0 1 blocking 
10 574 396 623 529 19672 0 0 1 blocking 
10 576 396 625 529 19673 0 0 0 blocking 
10 580 397 629 530 19674 0 0 1 blocking 
10 584 398 633 531 19675 0 0 1 blocking 
10 588 400 637 533 19676 0 0 0 blocking 
10 588 401 637 534 19677 0 0 1 blocking 
10 588 402 637 535 19678 0 0 1 blocking 
10 588 403 637 536 19679 0 0 0 blocking 
10 589 408 638 531 19680 0 0 1 blocking 
10 590 413 639 527 19681 0 0 1 blocking 
10 592 419 640 523 19682 0 0 0 blocking 
10 593 418 641 522 19683 0 0 1 blocking 
10 594 417 642 521 19684 0 0 1 blocking 
10 596 417 644 521 19685 0 0 0 blocking 
10 596 414 644 518 19686 0 0 1 blocking 
10 596 412 644 516 19687 0 0 1 blocking 
10 596 410 644 514 19688 0 0 1 blocking 
10 596 408 644 512 19689 0 0 1 blocking 
11 566 387 609 497 19670 0 0 0 blocking 
11 567 387 610 497 19671 0 0 1 standing 
11 569 387 612 497 19672 0 0 1 standing 
11 571 387 614 497 19673 0 0 0 standing 
11 574 387 617 497 19674 0 0 1 standing 
11 577 387 620 497 19675 0 0 1 standing 
11 580 387 624 497 19676 0 0 0 standing 
11 581 384 625 494 19677 0 0 1 standing 
11 582 382 626 492 19678 0 0 1 standing 
11 584 380 628 490 19679 0 0 0 standing 
11 585 381 629 490 19680 0 0 1 standing 
11 586 382 630 491 19681 0 0 1 standing 
11 588 383 632 492 19682 0 0 0 standing 
11 582 382 631 491 19683 0 0 1 standing 
11 577 382 631 490 19684 0 0 1 standing 
11 572 382 631 490 19685 0 0 0 standing 
11 577 381 634 488 19686 0 0 1 standing 
11 582 380 637 487 19687 0 0 1 standing 
11 587 379 640 486 19688 0 0 1 standing 
11 592 378 643 485 19689 0 0 1 standing 
