0 780 408 860 508 79840 0 1 0 digging 
0 778 407 858 507 79841 0 1 1 digging 
0 777 406 857 506 79842 0 1 1 digging 
0 775 405 855 505 79843 0 1 1 digging 
0 774 404 854 504 79844 0 1 1 digging 
0 773 404 853 504 79845 0 1 0 digging 
0 775 403 855 503 79846 0 1 1 digging 
0 777 402 857 502 79847 0 1 1 digging 
0 779 402 859 502 79848 0 1 1 digging 
0 781 401 861 501 79849 0 1 1 digging 
0 783 400 863 500 79850 0 1 1 digging 
0 785 400 865 500 79851 0 1 1 digging 
0 787 399 867 499 79852 0 1 1 digging 
0 790 398 870 498 79853 0 1 1 digging 
0 792 398 872 498 79854 0 1 1 digging 
0 794 397 874 497 79855 0 1 1 digging 
0 796 396 876 496 79856 0 1 1 digging 
0 798 396 878 496 79857 0 1 1 digging 
0 800 395 880 495 79858 0 1 1 digging 
0 802 394 882 494 79859 0 1 1 digging 
1 860 495 930 672 79840 0 0 0 digging 
1 863 495 932 672 79841 0 0 1 standing 
1 866 496 935 672 79842 0 0 1 standing 
1 869 497 938 672 79843 0 0 1 standing 
1 872 498 941 672 79844 0 0 1 standing 
1 875 499 944 672 79845 0 0 1 standing 
1 878 500 947 672 79846 0 0 1 standing 
1 881 501 950 672 79847 0 0 1 standing 
1 884 502 953 672 79848 0 0 1 standing 
1 887 503 956 672 79849 0 0 1 standing 
1 890 504 959 673 79850 0 0 0 standing 
1 891 503 962 673 79851 0 0 1 standing 
1 893 503 965 673 79852 0 0 1 standing 
1 894 502 968 673 79853 0 0 1 standing 
1 896 502 971 673 79854 0 0 1 standing 
1 898 502 975 674 79855 0 0 1 standing 
1 899 501 978 674 79856 0 0 1 standing 
1 901 501 981 674 79857 0 0 1 standing 
1 902 500 984 674 79858 0 0 1 standing 
1 904 500 987 674 79859 0 0 1 standing 
2 804 422 877 565 79840 0 0 0 standing 
2 806 421 878 564 79841 0 0 1 standing 
2 808 421 880 564 79842 0 0 1 standing 
2 811 421 881 564 79843 0 0 1 standing 
2 813 421 883 563 79844 0 0 1 standing 
2 816 421 885 563 79845 0 0 1 standing 
2 818 420 886 563 79846 0 0 1 standing 
2 820 420 888 562 79847 0 0 1 standing 
2 823 420 889 562 79848 0 0 1 standing 
2 825 420 891 562 79849 0 0 1 standing 
2 828 420 893 562 79850 0 0 0 standing 
2 829 419 895 562 79851 0 0 1 standing 
2 831 418 898 562 79852 0 0 1 standing 
2 833 417 900 562 79853 0 0 1 standing 
2 835 417 903 562 79854 0 0 1 standing 
2 837 416 906 562 79855 0 0 1 standing 
2 839 415 908 562 79856 0 0 1 standing 
2 841 415 911 562 79857 0 0 1 standing 
2 843 414 913 562 79858 0 0 1 standing 
2 845 413 916 562 79859 0 0 1 standing 
3 973 439 1051 591 79840 0 0 0 standing 
3 970 438 1048 590 79841 0 0 1 standing 
3 967 438 1045 590 79842 0 0 1 standing 
3 964 438 1042 590 79843 0 0 1 standing 
3 961 437 1039 589 79844 0 0 1 standing 
3 959 437 1037 589 79845 0 0 1 standing 
3 956 437 1034 589 79846 0 0 1 standing 
3 953 436 1031 588 79847 0 0 1 standing 
3 950 436 1028 588 79848 0 0 1 standing 
3 947 436 1025 588 79849 0 0 1 standing 
3 945 436 1023 588 79850 0 0 0 standing 
3 946 434 1021 587 79851 0 0 1 standing 
3 948 433 1019 587 79852 0 0 1 standing 
3 949 432 1017 586 79853 0 0 1 standing 
3 951 431 1015 586 79854 0 0 1 standing 
3 952 430 1013 585 79855 0 0 1 standing 
3 954 429 1011 585 79856 0 0 1 standing 
3 955 428 1009 584 79857 0 0 1 standing 
3 957 427 1007 584 79858 0 0 1 standing 
3 958 426 1005 583 79859 0 0 1 standing 
4 757 318 801 428 79840 0 0 0 standing 
4 759 317 803 427 79841 0 0 1 standing 
4 761 316 805 426 79842 0 0 1 standing 
4 763 316 807 426 79843 0 0 1 standing 
4 765 315 809 425 79844 0 0 1 standing 
4 767 315 811 425 79845 0 0 1 standing 
4 769 314 813 424 79846 0 0 1 standing 
4 771 313 815 423 79847 0 0 1 standing 
4 773 313 817 423 79848 0 0 1 standing 
4 775 312 819 422 79849 0 0 1 standing 
4 778 312 822 422 79850 0 0 0 standing 
4 779 311 824 421 79851 0 0 1 standing 
4 781 310 827 420 79852 0 0 1 standing 
4 783 310 829 419 79853 0 0 1 standing 
4 785 309 832 419 79854 0 0 1 standing 
4 787 309 835 418 79855 0 0 1 standing 
4 789 308 837 417 79856 0 0 1 standing 
4 791 307 840 417 79857 0 0 1 standing 
4 793 307 842 416 79858 0 0 1 standing 
4 795 306 845 415 79859 0 0 1 standing 
5 556 394 604 504 79840 0 0 0 standing 
5 556 393 604 503 79841 0 0 1 standing 
5 557 393 605 503 79842 0 0 1 standing 
5 558 393 606 503 79843 0 0 1 standing 
5 559 393 607 503 79844 0 0 1 standing 
5 560 393 608 503 79845 0 0 1 standing 
5 561 392 609 502 79846 0 0 1 standing 
5 562 392 610 502 79847 0 0 1 standing 
5 563 392 611 502 79848 0 0 1 standing 
5 564 392 612 502 79849 0 0 1 standing 
5 565 392 613 502 79850 0 0 0 standing 
5 566 390 615 501 79851 0 0 1 standing 
5 568 389 617 501 79852 0 0 1 standing 
5 569 388 619 500 79853 0 0 1 standing 
5 571 387 622 500 79854 0 0 1 standing 
5 573 386 624 500 79855 0 0 1 standing 
5 574 385 626 499 79856 0 0 1 standing 
5 576 384 629 499 79857 0 0 1 standing 
5 577 383 631 498 79858 0 0 1 standing 
5 579 382 633 498 79859 0 0 1 standing 
6 451 445 491 586 79840 0 0 0 standing 
6 452 444 493 585 79841 0 0 1 standing 
6 453 444 495 584 79842 0 0 1 standing 
6 455 443 497 584 79843 0 0 1 standing 
6 456 443 499 583 79844 0 0 1 standing 
6 458 442 502 583 79845 0 0 1 standing 
6 459 442 504 582 79846 0 0 1 standing 
6 460 441 506 581 79847 0 0 1 standing 
6 462 441 508 581 79848 0 0 1 standing 
6 463 440 510 580 79849 0 0 1 standing 
6 465 440 513 580 79850 0 0 0 standing 
6 466 439 515 579 79851 0 0 1 standing 
6 468 439 517 578 79852 0 0 1 standing 
6 469 438 520 578 79853 0 0 1 standing 
6 471 438 522 577 79854 0 0 1 standing 
6 472 437 525 577 79855 0 0 1 standing 
6 474 437 527 576 79856 0 0 1 standing 
6 475 436 529 575 79857 0 0 1 standing 
6 477 436 532 575 79858 0 0 1 standing 
6 478 435 534 574 79859 0 0 1 standing 
7 468 400 514 540 79840 0 0 0 standing 
7 469 399 515 539 79841 0 0 1 standing 
7 470 399 516 539 79842 0 0 1 standing 
7 471 398 517 538 79843 0 0 1 standing 
7 472 398 518 538 79844 0 0 1 standing 
7 473 398 519 538 79845 0 0 1 standing 
7 474 397 520 537 79846 0 0 1 standing 
7 475 397 521 537 79847 0 0 1 standing 
7 476 396 522 536 79848 0 0 1 standing 
7 477 396 523 536 79849 0 0 1 standing 
7 478 396 524 536 79850 0 0 0 standing 
7 479 395 525 536 79851 0 0 1 standing 
7 480 394 527 536 79852 0 0 1 standing 
7 482 393 529 536 79853 0 0 1 standing 
7 483 392 531 536 79854 0 0 1 standing 
7 485 392 533 536 79855 0 0 1 standing 
7 486 391 535 536 79856 0 0 1 standing 
7 487 390 537 536 79857 0 0 1 standing 
7 489 389 539 536 79858 0 0 1 standing 
7 490 388 541 536 79859 0 0 1 standing 
8 383 364 448 478 79840 0 0 0 standing 
8 390 364 452 478 79841 0 0 1 standing 
8 398 365 457 479 79842 0 0 1 standing 
8 405 366 462 479 79843 0 0 1 standing 
8 413 366 467 480 79844 0 0 1 standing 
8 421 367 472 481 79845 0 0 1 standing 
8 428 368 477 481 79846 0 0 1 standing 
8 436 368 482 482 79847 0 0 1 standing 
8 443 369 487 482 79848 0 0 1 standing 
8 451 370 492 483 79849 0 0 1 standing 
8 459 371 497 484 79850 0 0 0 standing 
8 462 369 501 482 79851 0 0 1 standing 
8 466 368 506 481 79852 0 0 1 standing 
8 470 367 511 480 79853 0 0 1 standing 
8 474 366 516 478 79854 0 0 1 standing 
8 478 365 521 477 79855 0 0 1 standing 
8 481 363 525 476 79856 0 0 1 standing 
8 485 362 530 474 79857 0 0 1 standing 
8 489 361 535 473 79858 0 0 1 standing 
8 493 360 540 472 79859 0 0 1 standing 
9 237 372 277 493 79840 0 0 0 standing 
9 236 371 276 492 79841 0 0 1 standing 
9 236 371 276 491 79842 0 0 1 standing 
9 236 370 276 490 79843 0 0 1 standing 
9 236 370 276 489 79844 0 0 1 standing 
9 236 369 276 488 79845 0 0 1 standing 
9 236 369 275 487 79846 0 0 1 standing 
9 236 368 275 486 79847 0 0 1 standing 
9 236 368 275 485 79848 0 0 1 standing 
9 236 367 275 484 79849 0 0 1 standing 
9 236 367 275 483 79850 0 0 0 standing 
9 236 366 275 482 79851 0 0 1 standing 
9 237 365 276 481 79852 0 0 1 standing 
9 237 364 276 480 79853 0 0 1 standing 
9 238 363 277 479 79854 0 0 1 standing 
9 239 362 278 478 79855 0 0 1 standing 
9 239 361 278 477 79856 0 0 1 standing 
9 240 360 279 476 79857 0 0 1 standing 
9 240 359 279 475 79858 0 0 1 standing 
9 241 358 280 474 79859 0 0 1 standing 
10 166 465 243 614 79840 0 0 0 standing 
10 169 464 244 613 79841 0 0 1 standing 
10 172 463 245 612 79842 0 0 1 standing 
10 175 462 246 611 79843 0 0 1 standing 
10 179 461 248 610 79844 0 0 1 standing 
10 182 461 249 609 79845 0 0 1 standing 
10 185 460 250 608 79846 0 0 1 standing 
10 189 459 252 607 79847 0 0 1 standing 
10 192 458 253 606 79848 0 0 1 standing 
10 195 457 254 605 79849 0 0 1 standing 
10 199 457 256 605 79850 0 0 0 standing 
10 199 456 258 604 79851 0 0 1 standing 
10 200 455 260 603 79852 0 0 1 standing 
10 201 454 262 602 79853 0 0 1 standing 
10 202 453 264 601 79854 0 0 1 standing 
10 203 453 266 600 79855 0 0 1 standing 
10 204 452 268 599 79856 0 0 1 standing 
10 205 451 270 598 79857 0 0 1 standing 
10 206 450 272 597 79858 0 0 1 standing 
10 207 449 274 596 79859 0 0 1 standing 
11 174 431 227 543 79840 0 0 0 standing 
11 172 431 225 544 79841 0 0 1 standing 
11 170 431 223 546 79842 0 0 1 standing 
11 168 431 221 548 79843 0 0 1 standing 
11 166 431 219 550 79844 0 0 1 standing 
11 164 431 217 552 79845 0 0 1 standing 
11 162 431 215 554 79846 0 0 1 standing 
11 160 431 213 556 79847 0 0 1 standing 
11 158 431 211 558 79848 0 0 1 standing 
11 156 431 209 560 79849 0 0 1 standing 
11 155 431 207 562 79850 0 0 0 standing 
11 153 431 206 562 79851 0 0 1 standing 
11 151 431 205 562 79852 0 0 1 standing 
11 149 431 204 562 79853 0 0 1 standing 
11 147 432 203 562 79854 0 0 1 standing 
11 145 432 202 563 79855 0 0 1 standing 
11 143 432 201 563 79856 0 0 1 standing 
11 141 433 200 563 79857 0 0 1 standing 
11 139 433 199 563 79858 0 0 1 standing 
11 137 433 198 563 79859 0 0 1 standing 
