0 789 441 846 609 15220 0 1 0 digging 
0 780 450 837 613 15221 0 1 1 digging 
0 771 459 829 618 15222 0 1 1 digging 
0 763 468 821 623 15223 0 1 0 digging 
0 754 466 812 623 15224 0 1 1 digging 
0 746 464 804 623 15225 0 1 1 digging 
0 737 462 796 623 15226 0 1 1 digging 
0 729 461 787 623 15227 0 1 1 digging 
0 720 459 779 623 15228 0 1 1 digging 
0 712 457 771 623 15229 0 1 1 digging 
0 704 456 763 624 15230 0 1 0 digging 
0 694 456 759 622 15231 0 1 1 digging 
0 685 456 756 620 15232 0 1 1 digging 
0 676 456 753 619 15233 0 1 0 digging 
0 668 458 751 619 15234 0 1 1 digging 
0 660 461 749 620 15235 0 1 1 digging 
0 652 463 747 620 15236 0 1 1 digging 
0 644 466 746 621 15237 0 1 1 digging 
0 636 468 744 621 15238 0 1 1 digging 
0 628 471 742 622 15239 0 1 1 digging 
1 995 469 1069 599 15220 0 0 0 digging 
1 989 470 1062 599 15221 0 0 1 waiting 
1 984 472 1056 600 15222 0 0 1 waiting 
1 979 474 1049 600 15223 0 0 1 waiting 
1 974 476 1043 601 15224 0 0 0 waiting 
1 965 474 1033 600 15225 0 0 1 waiting 
1 956 473 1023 599 15226 0 0 1 waiting 
1 947 472 1013 599 15227 0 0 0 waiting 
1 937 470 1002 597 15228 0 0 1 waiting 
1 927 468 991 596 15229 0 0 1 waiting 
1 918 466 981 595 15230 0 0 0 waiting 
1 905 463 970 593 15231 0 0 1 waiting 
1 893 461 959 592 15232 0 0 1 waiting 
1 881 458 948 591 15233 0 0 1 waiting 
1 869 456 937 590 15234 0 0 0 waiting 
1 861 455 928 589 15235 0 0 1 waiting 
1 854 454 919 588 15236 0 0 1 waiting 
1 847 453 911 588 15237 0 0 1 waiting 
1 840 452 902 587 15238 0 0 1 waiting 
1 833 451 893 586 15239 0 0 1 waiting 
2 1078 326 1184 439 15220 0 0 0 waiting 
2 1077 327 1178 439 15221 0 0 1 standing 
2 1077 328 1173 440 15222 0 0 1 standing 
2 1077 329 1168 440 15223 0 0 1 standing 
2 1077 330 1163 441 15224 0 0 0 standing 
2 1069 330 1155 441 15225 0 0 1 standing 
2 1061 330 1147 441 15226 0 0 1 standing 
2 1053 331 1139 441 15227 0 0 0 standing 
2 1041 330 1127 440 15228 0 0 1 standing 
2 1029 329 1115 439 15229 0 0 1 standing 
2 1018 329 1104 438 15230 0 0 0 standing 
2 1004 326 1092 438 15231 0 0 1 standing 
2 991 323 1081 438 15232 0 0 1 standing 
2 977 320 1070 438 15233 0 0 1 standing 
2 964 318 1059 438 15234 0 0 0 standing 
2 950 318 1043 437 15235 0 0 1 standing 
2 936 318 1028 437 15236 0 0 1 standing 
2 922 318 1013 437 15237 0 0 1 standing 
2 908 318 997 436 15238 0 0 1 standing 
2 894 318 982 436 15239 0 0 1 standing 
3 970 414 1052 538 15220 0 0 0 standing 
3 964 414 1047 540 15221 0 0 1 waiting 
3 958 415 1042 542 15222 0 0 1 waiting 
3 952 415 1037 544 15223 0 0 1 waiting 
3 947 416 1032 546 15224 0 0 0 waiting 
3 938 415 1024 546 15225 0 0 1 waiting 
3 929 414 1016 547 15226 0 0 1 waiting 
3 920 413 1008 548 15227 0 0 1 waiting 
3 911 412 1000 548 15228 0 0 1 waiting 
3 902 411 992 549 15229 0 0 1 waiting 
3 894 411 985 550 15230 0 0 0 waiting 
3 883 409 974 549 15231 0 0 1 waiting 
3 872 408 964 548 15232 0 0 1 waiting 
3 861 406 953 547 15233 0 0 1 waiting 
3 850 405 943 547 15234 0 0 0 waiting 
3 848 401 936 545 15235 0 0 1 waiting 
3 846 398 930 543 15236 0 0 1 waiting 
3 844 395 924 541 15237 0 0 1 waiting 
3 842 392 917 539 15238 0 0 1 waiting 
3 840 389 911 537 15239 0 0 1 waiting 
4 786 400 871 549 15220 0 0 0 waiting 
4 781 401 865 549 15221 0 0 1 waiting 
4 776 402 860 549 15222 0 0 1 waiting 
4 771 403 855 549 15223 0 0 1 waiting 
4 766 405 850 550 15224 0 0 0 waiting 
4 757 406 841 551 15225 0 0 1 waiting 
4 749 407 833 552 15226 0 0 1 waiting 
4 741 408 825 554 15227 0 0 0 waiting 
4 731 407 815 553 15228 0 0 1 waiting 
4 721 406 805 552 15229 0 0 1 waiting 
4 712 405 796 551 15230 0 0 0 waiting 
4 711 403 787 549 15231 0 0 1 waiting 
4 710 401 779 548 15232 0 0 1 waiting 
4 709 399 770 547 15233 0 0 1 waiting 
4 709 397 762 546 15234 0 0 0 waiting 
4 701 395 755 545 15235 0 0 1 waiting 
4 694 394 748 545 15236 0 0 1 waiting 
4 687 392 742 545 15237 0 0 1 waiting 
4 679 391 735 544 15238 0 0 1 waiting 
4 672 389 728 544 15239 0 0 1 waiting 
5 813 327 891 470 15220 0 0 0 waiting 
5 807 326 885 470 15221 0 0 1 standing 
5 801 326 880 470 15222 0 0 1 standing 
5 795 326 875 470 15223 0 0 1 standing 
5 789 326 870 471 15224 0 0 0 standing 
5 779 324 859 470 15225 0 0 1 standing 
5 769 323 848 469 15226 0 0 1 standing 
5 759 321 838 469 15227 0 0 1 standing 
5 749 320 827 468 15228 0 0 1 standing 
5 739 318 816 467 15229 0 0 1 standing 
5 729 317 806 467 15230 0 0 0 standing 
5 719 317 793 465 15231 0 0 1 standing 
5 709 317 781 464 15232 0 0 1 standing 
5 699 317 769 462 15233 0 0 1 standing 
5 689 318 757 461 15234 0 0 0 standing 
5 680 317 751 460 15235 0 0 1 standing 
5 672 316 745 459 15236 0 0 1 standing 
5 664 315 739 458 15237 0 0 1 standing 
5 656 314 733 457 15238 0 0 1 standing 
5 648 313 727 456 15239 0 0 1 standing 
6 463 336 537 467 15220 0 0 0 standing 
6 453 334 526 467 15221 0 0 1 moving 
6 443 333 516 467 15222 0 0 1 moving 
6 433 331 505 467 15223 0 0 1 moving 
6 424 330 495 467 15224 0 0 0 moving 
6 413 330 486 466 15225 0 0 1 moving 
6 403 331 477 466 15226 0 0 1 moving 
6 393 332 468 466 15227 0 0 0 moving 
6 380 333 457 462 15228 0 0 1 moving 
6 367 334 446 459 15229 0 0 1 moving 
6 354 335 435 456 15230 0 0 0 moving 
6 342 337 427 456 15231 0 0 1 moving 
6 331 340 420 456 15232 0 0 1 moving 
6 320 343 413 456 15233 0 0 1 moving 
6 309 346 406 456 15234 0 0 0 moving 
6 309 344 407 455 15235 0 0 1 moving 
6 310 343 408 454 15236 0 0 1 moving 
6 310 341 409 454 15237 0 0 1 moving 
6 311 340 410 453 15238 0 0 1 moving 
6 311 338 411 452 15239 0 0 1 moving 
7 290 360 388 474 15220 0 0 0 moving 
7 283 357 379 472 15221 0 0 1 standing 
7 277 354 370 471 15222 0 0 1 standing 
7 271 351 361 469 15223 0 0 1 standing 
7 265 349 353 468 15224 0 0 0 standing 
7 252 349 338 467 15225 0 0 1 standing 
7 239 349 323 466 15226 0 0 1 standing 
7 226 350 309 465 15227 0 0 0 standing 
7 214 350 299 464 15228 0 0 1 standing 
7 202 350 289 463 15229 0 0 1 standing 
7 191 350 280 463 15230 0 0 0 standing 
7 185 348 272 462 15231 0 0 1 standing 
7 179 347 264 462 15232 0 0 1 standing 
7 173 346 256 462 15233 0 0 1 standing 
7 167 345 248 462 15234 0 0 0 standing 
7 165 345 243 464 15235 0 0 1 standing 
7 163 345 239 467 15236 0 0 1 standing 
7 161 346 234 470 15237 0 0 1 standing 
7 159 346 230 473 15238 0 0 1 standing 
7 157 346 225 476 15239 0 0 1 standing 
8 703 401 745 591 15220 0 0 0 standing 
8 698 417 739 600 15221 0 0 1 standing 
8 693 434 734 609 15222 0 0 1 standing 
8 688 450 729 618 15223 0 0 1 standing 
8 684 467 724 628 15224 0 0 0 standing 
8 672 467 713 630 15225 0 0 1 standing 
8 661 468 702 632 15226 0 0 1 standing 
8 650 469 691 634 15227 0 0 0 standing 
8 636 469 677 635 15228 0 0 1 standing 
8 623 469 664 636 15229 0 0 1 standing 
8 610 469 651 638 15230 0 0 0 standing 
8 596 470 640 639 15231 0 0 1 standing 
8 583 472 629 640 15232 0 0 1 standing 
8 570 474 618 641 15233 0 0 1 standing 
8 557 476 607 642 15234 0 0 0 standing 
8 545 476 596 640 15235 0 0 1 standing 
8 534 477 586 639 15236 0 0 1 standing 
8 523 478 576 638 15237 0 0 1 standing 
8 511 479 566 636 15238 0 0 1 standing 
8 500 480 556 635 15239 0 0 1 standing 
9 609 371 739 589 15220 0 0 0 standing 
9 605 381 731 585 15221 0 0 1 standing 
9 602 392 724 582 15222 0 0 1 standing 
9 598 403 717 579 15223 0 0 1 standing 
9 595 414 710 576 15224 0 0 0 standing 
9 594 425 700 586 15225 0 0 1 standing 
9 593 436 690 597 15226 0 0 1 standing 
9 593 448 680 608 15227 0 0 0 standing 
9 589 449 672 614 15228 0 0 1 standing 
9 585 450 664 620 15229 0 0 1 standing 
9 581 451 656 626 15230 0 0 0 standing 
9 566 450 641 626 15231 0 0 1 standing 
9 551 450 626 627 15232 0 0 1 standing 
9 536 449 611 627 15233 0 0 1 standing 
9 521 449 596 628 15234 0 0 0 standing 
9 513 446 584 627 15235 0 0 1 standing 
9 505 444 572 626 15236 0 0 1 standing 
9 497 442 560 625 15237 0 0 1 standing 
9 489 439 548 624 15238 0 0 1 standing 
9 481 437 536 623 15239 0 0 1 standing 
10 192 485 254 632 15220 0 0 0 standing 
10 186 484 250 625 15221 0 0 1 waiting 
10 180 483 246 618 15222 0 0 1 waiting 
10 174 482 242 611 15223 0 0 1 waiting 
10 169 481 238 604 15224 0 0 0 waiting 
10 161 477 228 604 15225 0 0 1 waiting 
10 153 473 218 605 15226 0 0 1 waiting 
10 145 470 209 606 15227 0 0 0 waiting 
10 135 468 196 609 15228 0 0 1 waiting 
10 125 466 183 612 15229 0 0 1 waiting 
10 116 464 171 615 15230 0 0 0 waiting 
10 104 464 160 613 15231 0 0 1 waiting 
10 93 464 150 612 15232 0 0 1 waiting 
10 81 464 139 610 15233 0 0 1 waiting 
10 70 465 129 609 15234 0 0 0 waiting 
10 64 461 125 608 15235 0 0 1 waiting 
10 58 458 122 608 15236 0 0 1 waiting 
10 52 455 119 608 15237 0 0 1 waiting 
10 46 452 116 608 15238 0 0 1 waiting 
10 40 449 113 608 15239 0 0 1 waiting 
11 52 436 138 569 15220 0 0 0 waiting 
11 46 436 130 569 15221 0 0 1 waiting 
11 40 436 123 569 15222 0 0 1 waiting 
11 34 436 116 569 15223 0 0 1 waiting 
11 29 437 109 570 15224 0 0 0 waiting 
11 21 433 94 570 15225 0 0 1 waiting 
11 13 430 80 570 15226 0 0 1 waiting 
11 6 427 66 571 15227 0 0 0 waiting 
11 4 422 55 561 15228 0 0 1 waiting 
11 2 417 45 551 15229 0 0 1 waiting 
11 1 413 35 541 15230 1 0 0 waiting 
11 1 413 35 541 15231 1 0 1 waiting 
11 1 413 35 541 15232 1 0 1 waiting 
11 1 413 35 541 15233 1 0 1 waiting 
11 1 413 35 541 15234 1 0 1 waiting 
11 1 413 35 541 15235 1 0 1 waiting 
11 1 413 35 541 15236 1 0 1 waiting 
11 1 413 35 541 15237 1 0 1 waiting 
11 1 413 35 541 15238 1 0 1 waiting 
11 1 413 35 541 15239 1 0 1 waiting 
