0 785 547 845 639 30155 0 1 0 spiking 
0 787 536 845 636 30156 0 1 1 spiking 
0 789 526 846 634 30157 0 1 1 spiking 
0 791 515 847 631 30158 0 1 1 spiking 
0 793 505 848 629 30159 0 1 1 spiking 
0 796 495 849 627 30160 0 1 0 spiking 
0 794 493 849 622 30161 0 1 1 spiking 
0 792 492 849 617 30162 0 1 1 spiking 
0 790 491 850 612 30163 0 1 1 spiking 
0 788 489 850 607 30164 0 1 1 spiking 
0 786 488 851 602 30165 0 1 1 spiking 
0 784 487 851 597 30166 0 1 1 spiking 
0 783 486 852 593 30167 0 1 0 spiking 
0 782 490 852 591 30168 0 1 1 spiking 
0 781 495 852 589 30169 0 1 1 spiking 
0 781 500 852 588 30170 0 1 0 spiking 
0 780 505 853 597 30171 0 1 1 spiking 
0 780 510 854 606 30172 0 1 1 spiking 
0 780 516 855 616 30173 0 1 1 spiking 
0 780 521 856 625 30174 0 1 1 spiking 
1 629 542 670 633 30155 0 1 0 spiking 
1 634 533 676 628 30156 0 1 1 blocking 
1 640 525 683 624 30157 0 1 1 blocking 
1 646 516 690 620 30158 0 1 1 blocking 
1 651 508 697 615 30159 0 1 1 blocking 
1 657 500 704 611 30160 0 1 1 blocking 
1 663 491 710 607 30161 0 1 1 blocking 
1 668 483 717 602 30162 0 1 1 blocking 
1 674 474 724 598 30163 0 1 1 blocking 
1 680 466 731 594 30164 0 1 1 blocking 
1 686 458 738 590 30165 0 1 0 blocking 
1 687 457 744 589 30166 0 1 1 blocking 
1 688 457 750 588 30167 0 1 1 blocking 
1 689 456 756 588 30168 0 1 1 blocking 
1 690 456 762 587 30169 0 1 1 blocking 
1 692 456 768 587 30170 0 1 0 blocking 
1 695 461 766 592 30171 0 1 1 blocking 
1 698 466 764 597 30172 0 1 1 blocking 
1 701 472 763 603 30173 0 1 1 blocking 
1 704 477 761 608 30174 0 1 1 blocking 
2 631 485 667 576 30155 0 1 0 blocking 
2 637 480 672 573 30156 0 1 1 blocking 
2 643 476 678 570 30157 0 1 1 blocking 
2 649 471 684 567 30158 0 1 1 blocking 
2 655 467 690 565 30159 0 1 1 blocking 
2 661 462 696 562 30160 0 1 1 blocking 
2 667 458 702 559 30161 0 1 1 blocking 
2 673 453 708 557 30162 0 1 1 blocking 
2 679 449 714 554 30163 0 1 1 blocking 
2 685 444 720 551 30164 0 1 1 blocking 
2 691 440 726 549 30165 0 1 0 blocking 
2 693 440 729 549 30166 0 1 1 blocking 
2 695 441 733 549 30167 0 1 1 blocking 
2 697 441 737 550 30168 0 1 1 blocking 
2 700 442 741 550 30169 0 1 1 blocking 
2 702 443 745 551 30170 0 1 1 blocking 
2 704 443 749 551 30171 0 1 1 blocking 
2 707 444 753 551 30172 0 1 1 blocking 
2 709 444 757 552 30173 0 1 1 blocking 
2 711 445 761 552 30174 0 1 1 blocking 
3 245 467 292 562 30155 0 0 0 blocking 
3 245 466 295 560 30156 0 0 1 waiting 
3 245 466 298 558 30157 0 0 1 waiting 
3 245 466 302 556 30158 0 0 0 waiting 
3 245 465 305 554 30159 0 0 1 waiting 
3 245 464 308 553 30160 0 0 1 waiting 
3 246 463 311 552 30161 0 0 0 waiting 
3 251 462 316 551 30162 0 0 1 waiting 
3 256 462 321 551 30163 0 0 1 waiting 
3 261 462 326 551 30164 0 0 0 waiting 
3 267 461 332 550 30165 0 0 1 waiting 
3 273 460 338 549 30166 0 0 1 waiting 
3 279 459 344 548 30167 0 0 0 waiting 
3 287 457 350 546 30168 0 0 1 waiting 
3 295 456 356 544 30169 0 0 1 waiting 
3 303 455 363 543 30170 0 0 0 waiting 
3 307 456 367 544 30171 0 0 1 waiting 
3 312 457 372 545 30172 0 0 1 waiting 
3 317 458 377 547 30173 0 0 0 waiting 
3 319 457 375 546 30174 0 0 1 waiting 
4 366 431 434 508 30155 0 0 0 waiting 
4 373 431 438 505 30156 0 0 1 waiting 
4 381 431 442 503 30157 0 0 1 waiting 
4 389 431 446 501 30158 0 0 0 waiting 
4 393 430 451 500 30159 0 0 1 waiting 
4 397 430 457 500 30160 0 0 1 waiting 
4 402 430 463 500 30161 0 0 0 waiting 
4 408 429 469 499 30162 0 0 1 waiting 
4 415 428 476 498 30163 0 0 1 waiting 
4 422 428 483 498 30164 0 0 0 waiting 
4 427 426 490 499 30165 0 0 1 waiting 
4 432 424 497 500 30166 0 0 1 waiting 
4 438 422 504 501 30167 0 0 0 waiting 
4 442 423 509 499 30168 0 0 1 waiting 
4 447 424 514 497 30169 0 0 1 waiting 
4 452 425 519 496 30170 0 0 0 waiting 
4 454 424 521 495 30171 0 0 1 waiting 
4 456 424 523 495 30172 0 0 1 waiting 
4 459 424 526 495 30173 0 0 0 waiting 
4 459 425 524 495 30174 0 0 1 waiting 
5 339 530 427 634 30155 0 0 0 waiting 
5 341 530 426 632 30156 0 0 1 waiting 
5 344 530 425 631 30157 0 0 1 waiting 
5 347 530 424 630 30158 0 0 0 waiting 
5 351 529 419 628 30159 0 0 1 waiting 
5 355 528 414 627 30160 0 0 1 waiting 
5 360 527 410 626 30161 0 0 0 waiting 
5 363 524 412 626 30162 0 0 1 waiting 
5 366 522 415 626 30163 0 0 1 waiting 
5 370 520 418 627 30164 0 0 0 waiting 
5 370 521 422 628 30165 0 0 1 waiting 
5 370 523 426 630 30166 0 0 1 waiting 
5 371 525 430 632 30167 0 0 0 waiting 
5 376 524 435 630 30168 0 0 1 waiting 
5 382 523 440 628 30169 0 0 1 waiting 
5 388 523 446 627 30170 0 0 0 waiting 
5 390 523 448 627 30171 0 0 1 waiting 
5 393 523 451 627 30172 0 0 1 waiting 
5 396 523 454 627 30173 0 0 0 waiting 
5 397 523 455 627 30174 0 0 1 waiting 
6 584 432 663 495 30155 0 0 0 waiting 
6 589 430 664 495 30156 0 0 1 waiting 
6 594 428 665 496 30157 0 0 1 waiting 
6 599 426 666 497 30158 0 0 0 waiting 
6 602 424 662 495 30159 0 0 1 waiting 
6 605 422 658 493 30160 0 0 1 waiting 
6 609 420 655 491 30161 0 0 0 waiting 
6 610 419 657 492 30162 0 0 1 waiting 
6 611 418 659 494 30163 0 0 1 waiting 
6 612 418 661 496 30164 0 0 0 waiting 
6 609 418 658 497 30165 0 0 1 waiting 
6 606 418 656 498 30166 0 0 1 waiting 
6 603 419 654 500 30167 0 0 0 waiting 
6 597 421 654 499 30168 0 0 1 waiting 
6 591 423 654 498 30169 0 0 1 waiting 
6 585 425 654 498 30170 0 0 0 waiting 
6 585 427 654 498 30171 0 0 1 waiting 
6 586 429 654 498 30172 0 0 1 waiting 
6 587 431 655 498 30173 0 0 0 waiting 
6 587 431 655 498 30174 0 0 1 waiting 
7 737 418 769 516 30155 0 0 0 waiting 
7 740 420 771 514 30156 0 0 1 standing 
7 743 422 774 512 30157 0 0 1 standing 
7 746 425 777 511 30158 0 0 0 standing 
7 748 423 781 510 30159 0 0 1 standing 
7 750 422 786 509 30160 0 0 1 standing 
7 753 421 791 509 30161 0 0 0 standing 
7 758 421 794 509 30162 0 0 1 standing 
7 764 421 797 510 30163 0 0 1 standing 
7 770 422 800 511 30164 0 0 0 standing 
7 773 423 806 511 30165 0 0 1 standing 
7 777 424 812 512 30166 0 0 1 standing 
7 781 425 818 513 30167 0 0 0 standing 
7 785 427 822 515 30168 0 0 1 standing 
7 790 429 827 517 30169 0 0 1 standing 
7 795 431 832 519 30170 0 0 0 standing 
7 797 432 835 520 30171 0 0 1 standing 
7 800 433 838 521 30172 0 0 1 standing 
7 803 435 841 523 30173 0 0 0 standing 
7 804 435 839 523 30174 0 0 1 standing 
8 756 396 790 466 30155 0 0 0 standing 
8 756 395 790 465 30156 0 0 1 standing 
8 756 395 790 465 30157 0 0 1 standing 
8 757 395 790 465 30158 0 0 0 standing 
8 762 395 793 464 30159 0 0 1 standing 
8 767 395 796 464 30160 0 0 1 standing 
8 772 395 800 464 30161 0 0 0 standing 
8 770 393 803 468 30162 0 0 1 standing 
8 769 391 806 472 30163 0 0 1 standing 
8 768 390 810 477 30164 0 0 0 standing 
8 772 390 814 477 30165 0 0 1 standing 
8 777 390 819 477 30166 0 0 1 standing 
8 782 390 824 477 30167 0 0 0 standing 
8 786 389 827 476 30168 0 0 1 standing 
8 791 388 830 475 30169 0 0 1 standing 
8 796 388 834 475 30170 0 0 0 standing 
8 799 389 836 473 30171 0 0 1 standing 
8 802 390 839 472 30172 0 0 1 standing 
8 805 391 842 471 30173 0 0 0 standing 
8 805 391 842 474 30174 0 0 1 standing 
9 803 397 844 494 30155 0 0 0 standing 
9 811 396 851 491 30156 0 0 1 standing 
9 820 395 858 488 30157 0 0 1 standing 
9 829 395 865 485 30158 0 0 0 standing 
9 837 396 873 485 30159 0 0 1 standing 
9 845 397 882 485 30160 0 0 1 standing 
9 854 398 891 486 30161 0 0 0 standing 
9 861 398 898 484 30162 0 0 1 standing 
9 868 399 905 482 30163 0 0 1 standing 
9 875 400 912 481 30164 0 0 0 standing 
9 880 395 918 479 30165 0 0 1 standing 
9 886 391 924 477 30166 0 0 1 standing 
9 892 387 931 475 30167 0 0 0 standing 
9 895 388 936 473 30168 0 0 1 standing 
9 898 389 941 472 30169 0 0 1 standing 
9 901 390 947 471 30170 0 0 0 standing 
9 904 392 953 468 30171 0 0 1 standing 
9 907 394 959 465 30172 0 0 1 standing 
9 910 396 965 463 30173 0 0 0 standing 
9 912 395 963 463 30174 0 0 1 standing 
10 827 504 884 606 30155 0 0 0 standing 
10 827 506 885 606 30156 0 0 1 waiting 
10 828 508 886 607 30157 0 0 1 waiting 
10 829 511 888 608 30158 0 0 0 waiting 
10 833 512 892 610 30159 0 0 1 waiting 
10 837 513 897 612 30160 0 0 1 waiting 
10 842 515 902 614 30161 0 0 0 waiting 
10 847 515 906 613 30162 0 0 1 waiting 
10 852 515 911 612 30163 0 0 1 waiting 
10 857 515 916 612 30164 0 0 0 waiting 
10 863 515 922 611 30165 0 0 1 waiting 
10 869 516 928 610 30166 0 0 1 waiting 
10 876 517 934 610 30167 0 0 0 waiting 
10 880 516 938 609 30168 0 0 1 waiting 
10 884 515 942 608 30169 0 0 1 waiting 
10 889 514 947 607 30170 0 0 0 waiting 
10 895 513 950 608 30171 0 0 1 waiting 
10 901 513 953 610 30172 0 0 1 waiting 
10 908 513 957 612 30173 0 0 0 waiting 
10 907 514 956 612 30174 0 0 1 waiting 
11 949 475 982 571 30155 0 0 0 waiting 
11 953 474 986 571 30156 0 0 1 standing 
11 958 473 991 571 30157 0 0 1 standing 
11 963 473 996 572 30158 0 0 0 standing 
11 967 473 1003 572 30159 0 0 1 standing 
11 972 474 1010 572 30160 0 0 1 standing 
11 977 475 1017 572 30161 0 0 0 standing 
11 982 476 1022 571 30162 0 0 1 standing 
11 987 478 1027 570 30163 0 0 1 standing 
11 993 480 1032 570 30164 0 0 0 standing 
11 998 478 1037 571 30165 0 0 1 standing 
11 1004 476 1042 572 30166 0 0 1 standing 
11 1010 475 1048 573 30167 0 0 0 standing 
11 1016 475 1054 573 30168 0 0 1 standing 
11 1023 475 1061 573 30169 0 0 1 standing 
11 1030 475 1068 573 30170 0 0 0 standing 
11 1033 476 1072 572 30171 0 0 1 standing 
11 1036 478 1076 571 30172 0 0 1 standing 
11 1039 480 1080 570 30173 0 0 0 standing 
11 1039 480 1080 570 30174 0 0 1 standing 
