0 190 404 245 552 82780 0 0 0 standing 
0 197 401 252 549 82781 0 0 1 standing 
0 205 398 259 546 82782 0 0 1 standing 
0 213 396 267 544 82783 0 0 0 standing 
0 216 395 270 542 82784 0 0 1 standing 
0 220 394 273 541 82785 0 0 1 standing 
0 223 393 276 540 82786 0 0 1 standing 
0 227 392 279 539 82787 0 0 1 standing 
0 231 391 283 538 82788 0 0 0 standing 
0 231 391 283 537 82789 0 0 1 standing 
0 232 391 284 537 82790 0 0 1 standing 
0 232 391 284 537 82791 0 0 1 standing 
0 233 392 285 537 82792 0 0 0 standing 
0 233 392 284 536 82793 0 0 1 standing 
0 233 392 284 536 82794 0 0 1 standing 
0 233 392 284 535 82795 0 0 1 standing 
0 233 392 284 535 82796 0 0 0 standing 
0 231 392 282 534 82797 0 0 1 standing 
0 229 392 280 534 82798 0 0 1 standing 
0 227 392 278 533 82799 0 0 1 standing 
1 268 463 329 592 82780 0 0 0 standing 
1 273 461 344 590 82781 0 0 1 standing 
1 279 459 360 588 82782 0 0 1 standing 
1 284 457 376 587 82783 0 0 1 standing 
1 290 455 392 585 82784 0 0 1 standing 
1 296 453 408 584 82785 0 0 0 standing 
1 316 452 417 584 82786 0 0 1 standing 
1 336 451 427 584 82787 0 0 1 standing 
1 356 451 436 584 82788 0 0 1 standing 
1 376 450 446 584 82789 0 0 1 standing 
1 396 450 456 584 82790 0 0 0 standing 
1 406 450 466 584 82791 0 0 1 standing 
1 417 450 476 585 82792 0 0 1 standing 
1 427 450 486 585 82793 0 0 1 standing 
1 438 450 497 586 82794 0 0 0 standing 
1 440 449 499 586 82795 0 0 1 standing 
1 443 449 502 586 82796 0 0 1 standing 
1 446 449 505 587 82797 0 0 1 standing 
1 448 449 507 587 82798 0 0 1 standing 
1 451 449 510 587 82799 0 0 1 standing 
2 382 378 440 477 82780 0 1 0 standing 
2 390 380 458 476 82781 0 1 1 falling 
2 398 382 477 475 82782 0 1 1 falling 
2 406 384 496 474 82783 0 1 1 falling 
2 414 386 515 473 82784 0 1 1 falling 
2 423 388 534 473 82785 0 1 0 falling 
2 442 392 536 475 82786 0 1 1 falling 
2 462 396 538 477 82787 0 1 1 falling 
2 482 400 541 479 82788 0 1 0 falling 
2 489 400 547 479 82789 0 1 1 falling 
2 496 401 553 479 82790 0 1 1 falling 
2 503 402 559 480 82791 0 1 1 falling 
2 510 403 565 480 82792 0 1 1 falling 
2 517 404 571 480 82793 0 1 1 falling 
2 525 405 577 481 82794 0 1 0 falling 
2 528 403 579 481 82795 0 1 1 falling 
2 531 401 582 482 82796 0 1 1 falling 
2 535 400 584 483 82797 0 1 1 falling 
2 538 398 587 483 82798 0 1 1 falling 
2 541 396 589 484 82799 0 1 1 falling 
3 497 414 549 541 82780 0 0 0 falling 
3 502 413 557 540 82781 0 0 1 standing 
3 507 413 566 539 82782 0 0 1 standing 
3 513 412 574 538 82783 0 0 1 standing 
3 518 412 583 537 82784 0 0 1 standing 
3 524 412 592 536 82785 0 0 0 standing 
3 527 410 592 538 82786 0 0 1 standing 
3 531 408 593 540 82787 0 0 1 standing 
3 534 407 593 543 82788 0 0 1 standing 
3 538 405 594 545 82789 0 0 1 standing 
3 542 404 595 548 82790 0 0 0 standing 
3 540 405 594 551 82791 0 0 1 standing 
3 539 407 593 554 82792 0 0 1 standing 
3 537 408 592 557 82793 0 0 1 standing 
3 536 410 591 560 82794 0 0 0 standing 
3 532 412 588 560 82795 0 0 1 standing 
3 528 414 585 561 82796 0 0 1 standing 
3 524 416 582 561 82797 0 0 1 standing 
3 521 419 579 562 82798 0 0 0 standing 
3 517 419 575 561 82799 0 0 1 standing 
4 685 347 724 482 82780 0 0 0 standing 
4 687 345 727 479 82781 0 0 1 standing 
4 690 344 730 477 82782 0 0 1 standing 
4 692 342 733 475 82783 0 0 1 standing 
4 695 341 736 473 82784 0 0 0 standing 
4 693 341 734 472 82785 0 0 1 standing 
4 691 341 733 471 82786 0 0 1 standing 
4 689 341 731 470 82787 0 0 1 standing 
4 687 341 730 469 82788 0 0 1 standing 
4 685 341 728 468 82789 0 0 1 standing 
4 684 342 727 468 82790 0 0 0 standing 
4 679 340 722 466 82791 0 0 1 standing 
4 674 338 718 464 82792 0 0 1 standing 
4 669 336 714 462 82793 0 0 1 standing 
4 664 334 710 460 82794 0 0 1 standing 
4 659 332 706 459 82795 0 0 0 standing 
4 650 333 698 457 82796 0 0 1 standing 
4 642 334 691 456 82797 0 0 1 standing 
4 634 335 684 454 82798 0 0 1 standing 
4 625 336 677 453 82799 0 0 1 standing 
5 773 388 820 534 82780 0 0 0 standing 
5 776 388 822 534 82781 0 0 1 standing 
5 780 388 825 534 82782 0 0 1 standing 
5 783 389 828 534 82783 0 0 1 standing 
5 787 389 830 534 82784 0 0 1 standing 
5 790 389 833 534 82785 0 0 1 standing 
5 794 390 836 535 82786 0 0 0 standing 
5 796 390 837 535 82787 0 0 1 standing 
5 798 390 838 535 82788 0 0 1 standing 
5 800 390 839 535 82789 0 0 1 standing 
5 802 390 841 535 82790 0 0 0 standing 
5 800 390 839 535 82791 0 0 1 standing 
5 799 390 838 535 82792 0 0 1 standing 
5 797 390 836 535 82793 0 0 1 standing 
5 796 390 835 535 82794 0 0 1 standing 
5 795 390 834 535 82795 0 0 1 standing 
5 793 390 832 535 82796 0 0 1 standing 
5 792 390 831 535 82797 0 0 1 standing 
5 791 390 830 535 82798 0 0 0 standing 
5 791 390 830 535 82799 0 0 1 standing 
6 829 360 867 476 82780 0 0 0 standing 
6 831 357 869 477 82781 0 0 1 standing 
6 834 355 871 478 82782 0 0 1 standing 
6 836 353 874 479 82783 0 0 1 standing 
6 839 351 876 480 82784 0 0 1 standing 
6 842 349 879 482 82785 0 0 0 standing 
6 844 352 881 482 82786 0 0 1 standing 
6 846 356 883 482 82787 0 0 1 standing 
6 848 360 885 483 82788 0 0 1 standing 
6 850 364 887 483 82789 0 0 1 standing 
6 852 368 890 484 82790 0 0 0 standing 
6 855 367 894 484 82791 0 0 1 standing 
6 859 366 898 484 82792 0 0 1 standing 
6 863 365 902 484 82793 0 0 1 standing 
6 867 364 906 484 82794 0 0 1 standing 
6 870 363 910 484 82795 0 0 1 standing 
6 874 362 915 485 82796 0 0 1 standing 
6 878 361 919 485 82797 0 0 1 standing 
6 882 360 923 485 82798 0 0 1 standing 
6 885 359 927 485 82799 0 0 1 standing 
7 999 398 1044 535 82780 0 0 0 standing 
7 1010 398 1056 535 82781 0 0 1 standing 
7 1021 398 1068 535 82782 0 0 1 standing 
7 1033 398 1081 535 82783 0 0 0 standing 
7 1041 398 1090 535 82784 0 0 1 standing 
7 1049 399 1099 536 82785 0 0 1 standing 
7 1057 400 1108 536 82786 0 0 1 standing 
7 1065 400 1117 537 82787 0 0 1 standing 
7 1073 401 1126 537 82788 0 0 1 standing 
7 1081 402 1135 538 82789 0 0 1 standing 
7 1090 403 1145 539 82790 0 0 0 standing 
7 1096 402 1149 539 82791 0 0 1 standing 
7 1103 402 1153 539 82792 0 0 1 standing 
7 1109 402 1157 539 82793 0 0 1 standing 
7 1116 402 1161 539 82794 0 0 0 standing 
7 1117 402 1164 540 82795 0 0 1 standing 
7 1119 403 1167 541 82796 0 0 1 standing 
7 1121 403 1171 543 82797 0 0 1 standing 
7 1123 404 1174 544 82798 0 0 1 standing 
7 1125 404 1177 545 82799 0 0 1 standing 
8 1205 463 1252 601 82780 0 0 0 standing 
8 1205 464 1253 601 82781 0 0 1 standing 
8 1205 465 1254 601 82782 0 0 1 standing 
8 1205 466 1255 601 82783 0 0 1 standing 
8 1205 467 1257 601 82784 0 0 0 standing 
8 1203 467 1256 600 82785 0 0 1 standing 
8 1201 468 1255 599 82786 0 0 1 standing 
8 1199 468 1254 598 82787 0 0 1 standing 
8 1198 469 1254 598 82788 0 0 0 standing 
8 1193 469 1248 598 82789 0 0 1 standing 
8 1188 469 1242 598 82790 0 0 1 standing 
8 1183 470 1236 598 82791 0 0 1 standing 
8 1178 470 1230 598 82792 0 0 1 standing 
8 1173 471 1225 599 82793 0 0 0 standing 
8 1165 470 1216 598 82794 0 0 1 standing 
8 1157 470 1208 598 82795 0 0 1 standing 
8 1150 470 1200 597 82796 0 0 1 standing 
8 1142 470 1192 597 82797 0 0 1 standing 
8 1134 470 1184 597 82798 0 0 1 standing 
8 1127 470 1176 596 82799 0 0 1 standing 
9 687 352 733 490 82780 0 0 0 standing 
9 688 355 734 490 82781 0 0 1 standing 
9 690 358 735 490 82782 0 0 1 standing 
9 691 361 736 490 82783 0 0 1 standing 
9 693 364 738 491 82784 0 0 0 standing 
9 692 363 737 492 82785 0 0 1 standing 
9 691 362 736 493 82786 0 0 1 standing 
9 690 362 735 494 82787 0 0 1 standing 
9 689 361 734 495 82788 0 0 1 standing 
9 688 361 734 497 82789 0 0 0 standing 
9 684 362 730 498 82790 0 0 1 standing 
9 681 363 727 499 82791 0 0 1 standing 
9 678 365 724 500 82792 0 0 1 standing 
9 675 366 720 501 82793 0 0 1 standing 
9 672 367 717 502 82794 0 0 1 standing 
9 669 369 714 503 82795 0 0 0 standing 
9 663 369 708 503 82796 0 0 1 standing 
9 658 369 703 503 82797 0 0 1 standing 
9 653 369 698 503 82798 0 0 1 standing 
9 647 370 692 503 82799 0 0 1 standing 
10 771 437 820 592 82780 0 0 0 standing 
10 775 435 823 590 82781 0 0 1 standing 
10 779 433 826 589 82782 0 0 1 standing 
10 783 431 829 587 82783 0 0 1 standing 
10 787 429 832 586 82784 0 0 1 standing 
10 791 427 835 585 82785 0 0 0 standing 
10 793 428 838 585 82786 0 0 1 standing 
10 795 429 841 586 82787 0 0 1 standing 
10 797 430 844 586 82788 0 0 1 standing 
10 799 431 847 587 82789 0 0 0 standing 
10 800 430 847 585 82790 0 0 1 standing 
10 801 429 847 584 82791 0 0 1 standing 
10 802 428 847 583 82792 0 0 1 standing 
10 803 427 848 582 82793 0 0 0 standing 
10 801 426 846 581 82794 0 0 1 standing 
10 799 426 845 581 82795 0 0 1 standing 
10 797 426 843 581 82796 0 0 1 standing 
10 795 426 842 581 82797 0 0 1 standing 
10 793 426 841 581 82798 0 0 0 standing 
10 790 426 838 581 82799 0 0 1 standing 
11 822 386 864 506 82780 0 0 0 standing 
11 822 385 863 505 82781 0 0 1 standing 
11 822 384 863 505 82782 0 0 1 standing 
11 823 383 862 505 82783 0 0 1 standing 
11 823 382 862 504 82784 0 0 1 standing 
11 824 381 861 504 82785 0 0 1 standing 
11 824 380 861 504 82786 0 0 1 standing 
11 825 379 861 504 82787 0 0 0 standing 
11 824 378 859 504 82788 0 0 1 standing 
11 823 377 857 504 82789 0 0 1 standing 
11 822 377 856 504 82790 0 0 0 standing 
11 818 376 852 504 82791 0 0 1 standing 
11 815 376 849 504 82792 0 0 1 standing 
11 812 375 846 504 82793 0 0 1 standing 
11 809 375 843 504 82794 0 0 1 standing 
11 806 374 839 504 82795 0 0 1 standing 
11 803 374 836 504 82796 0 0 1 standing 
11 800 373 833 504 82797 0 0 1 standing 
11 797 373 830 504 82798 0 0 1 standing 
11 794 373 827 504 82799 0 0 0 standing 
