0 747 434 796 618 35255 0 0 0 standing 
0 751 433 800 617 35256 0 0 1 standing 
0 756 433 805 617 35257 0 0 1 standing 
0 760 432 809 616 35258 0 0 1 standing 
0 765 432 814 616 35259 0 0 1 standing 
0 770 431 819 615 35260 0 0 1 standing 
0 774 431 823 615 35261 0 0 1 standing 
0 779 430 828 614 35262 0 0 1 standing 
0 783 430 832 614 35263 0 0 1 standing 
0 788 429 837 613 35264 0 0 1 standing 
0 793 429 842 613 35265 0 0 0 standing 
0 796 428 845 612 35266 0 0 1 standing 
0 800 428 849 612 35267 0 0 1 standing 
0 804 428 853 612 35268 0 0 1 standing 
0 807 427 856 611 35269 0 0 1 standing 
0 811 427 860 611 35270 0 0 1 standing 
0 815 427 864 611 35271 0 0 1 standing 
0 818 426 867 610 35272 0 0 1 standing 
0 822 426 871 610 35273 0 0 1 standing 
0 826 426 875 610 35274 0 0 1 standing 
1 1009 413 1050 572 35255 0 0 0 standing 
1 1011 412 1052 571 35256 0 0 1 standing 
1 1014 412 1055 571 35257 0 0 1 standing 
1 1017 412 1058 571 35258 0 0 1 standing 
1 1019 412 1060 571 35259 0 0 1 standing 
1 1022 412 1063 571 35260 0 0 1 standing 
1 1025 412 1066 571 35261 0 0 1 standing 
1 1027 412 1068 571 35262 0 0 1 standing 
1 1030 412 1071 571 35263 0 0 1 standing 
1 1033 412 1074 571 35264 0 0 1 standing 
1 1036 412 1077 571 35265 0 0 0 standing 
1 1038 412 1079 571 35266 0 0 1 standing 
1 1040 412 1081 571 35267 0 0 1 standing 
1 1043 412 1084 571 35268 0 0 1 standing 
1 1045 412 1086 571 35269 0 0 1 standing 
1 1048 412 1089 571 35270 0 0 1 standing 
1 1050 412 1091 571 35271 0 0 1 standing 
1 1052 412 1093 571 35272 0 0 1 standing 
1 1055 412 1096 571 35273 0 0 1 standing 
1 1057 412 1098 571 35274 0 0 1 standing 
2 669 393 719 547 35255 0 0 0 standing 
2 673 393 723 547 35256 0 0 1 standing 
2 677 393 727 547 35257 0 0 1 standing 
2 681 393 731 547 35258 0 0 1 standing 
2 685 393 735 547 35259 0 0 1 standing 
2 690 393 740 547 35260 0 0 1 standing 
2 694 393 744 547 35261 0 0 1 standing 
2 698 393 748 547 35262 0 0 1 standing 
2 702 393 752 547 35263 0 0 1 standing 
2 706 393 756 547 35264 0 0 1 standing 
2 711 394 761 548 35265 0 0 0 standing 
2 715 394 765 548 35266 0 0 1 standing 
2 719 394 769 548 35267 0 0 1 standing 
2 723 394 773 548 35268 0 0 1 standing 
2 728 394 778 548 35269 0 0 1 standing 
2 732 394 782 548 35270 0 0 1 standing 
2 736 394 786 548 35271 0 0 1 standing 
2 741 394 791 548 35272 0 0 1 standing 
2 745 394 795 548 35273 0 0 1 standing 
2 749 394 799 548 35274 0 0 1 standing 
3 271 402 320 551 35255 0 1 0 standing 
3 272 399 321 550 35256 0 1 1 standing 
3 273 397 322 549 35257 0 1 1 standing 
3 274 394 323 548 35258 0 1 1 standing 
3 275 392 324 548 35259 0 1 1 standing 
3 277 389 325 547 35260 0 1 1 standing 
3 278 387 326 546 35261 0 1 1 standing 
3 279 384 327 546 35262 0 1 1 standing 
3 280 382 328 545 35263 0 1 1 standing 
3 281 379 329 544 35264 0 1 1 standing 
3 283 377 331 544 35265 0 1 0 standing 
3 284 376 332 543 35266 0 1 1 standing 
3 286 376 334 543 35267 0 1 1 standing 
3 287 376 335 543 35268 0 1 1 standing 
3 289 375 337 542 35269 0 1 1 standing 
3 290 375 338 542 35270 0 1 1 standing 
3 292 375 340 542 35271 0 1 1 standing 
3 293 374 341 541 35272 0 1 1 standing 
3 295 374 343 541 35273 0 1 1 standing 
3 296 374 344 541 35274 0 1 1 standing 
4 415 359 454 483 35255 0 1 0 standing 
4 413 359 452 483 35256 0 1 1 standing 
4 412 359 451 483 35257 0 1 1 standing 
4 411 359 450 483 35258 0 1 1 standing 
4 409 359 448 483 35259 0 1 1 standing 
4 408 359 447 483 35260 0 1 1 standing 
4 407 359 446 483 35261 0 1 1 standing 
4 405 359 444 483 35262 0 1 1 standing 
4 404 359 443 483 35263 0 1 1 standing 
4 403 359 442 483 35264 0 1 1 standing 
4 402 359 441 483 35265 0 1 0 standing 
4 400 359 439 483 35266 0 1 1 standing 
4 399 359 438 484 35267 0 1 1 standing 
4 398 359 437 485 35268 0 1 1 standing 
4 397 360 436 485 35269 0 1 1 standing 
4 396 360 435 486 35270 0 1 1 standing 
4 395 360 433 487 35271 0 1 1 standing 
4 394 361 432 487 35272 0 1 1 standing 
4 393 361 431 488 35273 0 1 1 standing 
4 392 361 430 489 35274 0 1 1 standing 
5 310 346 348 484 35255 0 1 0 standing 
5 310 346 348 484 35256 0 1 1 standing 
5 310 346 348 484 35257 0 1 1 standing 
5 310 346 348 484 35258 0 1 1 standing 
5 310 346 348 484 35259 0 1 1 standing 
5 311 346 349 484 35260 0 1 1 standing 
5 311 346 349 484 35261 0 1 1 standing 
5 311 346 349 484 35262 0 1 1 standing 
5 311 346 349 484 35263 0 1 1 standing 
5 311 346 349 484 35264 0 1 1 standing 
5 312 346 350 484 35265 0 1 0 standing 
5 312 346 350 485 35266 0 1 1 standing 
5 312 347 350 487 35267 0 1 1 standing 
5 312 348 350 489 35268 0 1 1 standing 
5 312 349 350 491 35269 0 1 1 standing 
5 312 350 350 493 35270 0 1 1 standing 
5 312 350 350 495 35271 0 1 1 standing 
5 312 351 350 497 35272 0 1 1 standing 
5 312 352 350 499 35273 0 1 1 standing 
5 312 353 350 501 35274 0 1 1 standing 
6 751 362 798 503 35255 0 0 0 standing 
6 753 361 800 502 35256 0 0 1 standing 
6 755 361 803 502 35257 0 0 1 standing 
6 757 361 805 502 35258 0 0 1 standing 
6 759 360 808 502 35259 0 0 1 standing 
6 762 360 810 502 35260 0 0 1 standing 
6 764 360 813 502 35261 0 0 1 standing 
6 766 359 815 502 35262 0 0 1 standing 
6 768 359 818 502 35263 0 0 1 standing 
6 770 359 820 502 35264 0 0 1 standing 
6 773 359 823 502 35265 0 0 0 standing 
6 776 358 826 501 35266 0 0 1 standing 
6 780 358 830 501 35267 0 0 1 standing 
6 783 358 833 501 35268 0 0 1 standing 
6 787 358 837 501 35269 0 0 1 standing 
6 791 358 841 501 35270 0 0 1 standing 
6 794 357 844 500 35271 0 0 1 standing 
6 798 357 848 500 35272 0 0 1 standing 
6 801 357 851 500 35273 0 0 1 standing 
6 805 357 855 500 35274 0 0 1 standing 
7 1105 372 1157 520 35255 0 0 0 standing 
7 1107 371 1159 520 35256 0 0 1 standing 
7 1110 370 1162 520 35257 0 0 1 standing 
7 1113 369 1164 520 35258 0 0 1 standing 
7 1115 368 1167 520 35259 0 0 1 standing 
7 1118 368 1170 520 35260 0 0 1 standing 
7 1121 367 1172 520 35261 0 0 1 standing 
7 1123 366 1175 520 35262 0 0 1 standing 
7 1126 365 1177 520 35263 0 0 1 standing 
7 1129 364 1180 520 35264 0 0 1 standing 
7 1132 364 1183 521 35265 0 0 0 standing 
7 1132 362 1182 521 35266 0 0 1 standing 
7 1132 360 1182 521 35267 0 0 1 standing 
7 1132 358 1182 521 35268 0 0 1 standing 
7 1132 357 1182 521 35269 0 0 1 standing 
7 1132 355 1182 521 35270 0 0 1 standing 
7 1132 353 1182 521 35271 0 0 1 standing 
7 1132 352 1182 521 35272 0 0 1 standing 
7 1132 350 1182 521 35273 0 0 1 standing 
7 1132 348 1182 521 35274 0 0 1 standing 
8 1007 330 1050 483 35255 0 0 0 standing 
8 1008 330 1051 483 35256 0 0 1 standing 
8 1009 330 1052 483 35257 0 0 1 standing 
8 1010 330 1053 483 35258 0 0 1 standing 
8 1011 331 1054 484 35259 0 0 1 standing 
8 1013 331 1056 484 35260 0 0 1 standing 
8 1014 331 1057 484 35261 0 0 1 standing 
8 1015 332 1058 485 35262 0 0 1 standing 
8 1016 332 1059 485 35263 0 0 1 standing 
8 1017 332 1060 485 35264 0 0 1 standing 
8 1019 333 1062 486 35265 0 0 0 standing 
8 1019 332 1062 486 35266 0 0 1 standing 
8 1019 332 1062 487 35267 0 0 1 standing 
8 1020 332 1062 488 35268 0 0 1 standing 
8 1020 332 1062 489 35269 0 0 1 standing 
8 1021 332 1063 490 35270 0 0 1 standing 
8 1021 331 1063 491 35271 0 0 1 standing 
8 1021 331 1063 492 35272 0 0 1 standing 
8 1022 331 1063 493 35273 0 0 1 standing 
8 1022 331 1063 494 35274 0 0 1 standing 
9 436 425 485 592 35255 0 1 0 standing 
9 432 424 481 591 35256 0 1 1 standing 
9 428 424 477 591 35257 0 1 1 standing 
9 424 423 473 590 35258 0 1 1 standing 
9 420 423 469 590 35259 0 1 1 standing 
9 416 422 465 589 35260 0 1 1 standing 
9 412 422 461 589 35261 0 1 1 standing 
9 408 421 457 588 35262 0 1 1 standing 
9 404 421 453 588 35263 0 1 1 standing 
9 400 420 449 587 35264 0 1 1 standing 
9 396 420 445 587 35265 0 1 0 standing 
9 393 416 442 583 35266 0 1 1 standing 
9 391 412 440 580 35267 0 1 1 standing 
9 389 408 438 577 35268 0 1 1 standing 
9 387 404 436 574 35269 0 1 1 standing 
9 385 400 434 571 35270 0 1 1 standing 
9 383 396 431 568 35271 0 1 1 standing 
9 381 392 429 565 35272 0 1 1 standing 
9 379 388 427 562 35273 0 1 1 standing 
9 377 384 425 559 35274 0 1 1 standing 
10 464 357 505 523 35255 0 1 0 standing 
10 462 357 503 522 35256 0 1 1 standing 
10 461 357 502 522 35257 0 1 1 standing 
10 460 357 501 522 35258 0 1 1 standing 
10 458 357 500 522 35259 0 1 1 standing 
10 457 357 499 522 35260 0 1 1 standing 
10 456 357 498 522 35261 0 1 1 standing 
10 454 357 496 522 35262 0 1 1 standing 
10 453 357 495 522 35263 0 1 1 standing 
10 452 357 494 522 35264 0 1 1 standing 
10 451 357 493 522 35265 0 1 1 standing 
10 449 357 492 522 35266 0 1 1 standing 
10 448 357 491 522 35267 0 1 1 standing 
10 447 357 490 522 35268 0 1 1 standing 
10 445 357 488 522 35269 0 1 1 standing 
10 444 357 487 522 35270 0 1 1 standing 
10 443 357 486 522 35271 0 1 1 standing 
10 441 357 485 522 35272 0 1 1 standing 
10 440 357 484 522 35273 0 1 1 standing 
10 439 357 483 522 35274 0 1 1 standing 
11 239 380 296 517 35255 0 1 0 standing 
11 243 379 299 517 35256 0 1 1 standing 
11 247 378 302 517 35257 0 1 1 standing 
11 251 377 305 517 35258 0 1 1 standing 
11 255 376 308 517 35259 0 1 1 standing 
11 260 375 311 517 35260 0 1 1 standing 
11 264 374 314 517 35261 0 1 1 standing 
11 268 373 317 517 35262 0 1 1 standing 
11 272 372 320 517 35263 0 1 1 standing 
11 276 371 323 517 35264 0 1 1 standing 
11 281 370 327 517 35265 0 1 0 standing 
11 283 370 329 518 35266 0 1 1 standing 
11 286 370 332 520 35267 0 1 1 standing 
11 289 371 334 521 35268 0 1 1 standing 
11 291 371 337 523 35269 0 1 1 standing 
11 294 372 340 524 35270 0 1 1 standing 
11 297 372 342 526 35271 0 1 1 standing 
11 299 372 345 527 35272 0 1 1 standing 
11 302 373 347 529 35273 0 1 1 standing 
11 305 373 350 530 35274 0 1 1 standing 
