0 855 452 942 571 121250 0 1 0 digging 
0 848 452 933 570 121251 0 1 1 digging 
0 841 452 925 569 121252 0 1 1 digging 
0 834 452 917 568 121253 0 1 1 digging 
0 827 452 909 567 121254 0 1 1 digging 
0 820 453 901 567 121255 0 1 0 digging 
0 817 447 898 567 121256 0 1 1 digging 
0 814 441 895 567 121257 0 1 1 digging 
0 811 435 892 567 121258 0 1 1 digging 
0 808 429 889 567 121259 0 1 1 digging 
0 805 424 886 567 121260 0 1 0 digging 
0 804 425 884 566 121261 0 1 1 digging 
0 804 426 882 566 121262 0 1 1 digging 
0 803 427 881 566 121263 0 1 1 digging 
0 803 428 879 565 121264 0 1 1 digging 
0 802 430 878 565 121265 0 1 1 digging 
0 802 431 876 565 121266 0 1 1 digging 
0 801 432 874 564 121267 0 1 1 digging 
0 801 433 873 564 121268 0 1 1 digging 
0 800 434 871 564 121269 0 1 1 digging 
1 707 433 775 571 121250 0 0 0 digging 
1 707 435 786 570 121251 0 0 1 standing 
1 707 438 797 569 121252 0 0 1 standing 
1 708 441 808 569 121253 0 0 0 standing 
1 708 443 807 570 121254 0 0 1 standing 
1 709 445 807 572 121255 0 0 1 standing 
1 710 447 807 574 121256 0 0 1 standing 
1 711 450 807 576 121257 0 0 0 standing 
1 709 445 805 575 121258 0 0 1 standing 
1 707 441 804 574 121259 0 0 1 standing 
1 705 437 803 573 121260 0 0 0 standing 
1 704 436 797 574 121261 0 0 1 standing 
1 704 436 792 575 121262 0 0 1 standing 
1 704 436 787 577 121263 0 0 1 standing 
1 703 435 782 578 121264 0 0 1 standing 
1 703 435 777 579 121265 0 0 1 standing 
1 703 435 772 581 121266 0 0 0 standing 
1 703 435 773 581 121267 0 0 1 standing 
1 704 435 775 581 121268 0 0 1 standing 
1 705 435 776 581 121269 0 0 1 standing 
2 1033 400 1093 529 121250 0 0 0 standing 
2 1029 399 1086 527 121251 0 0 1 standing 
2 1025 398 1079 525 121252 0 0 1 standing 
2 1022 398 1073 524 121253 0 0 0 standing 
2 1018 398 1069 523 121254 0 0 1 standing 
2 1015 399 1066 523 121255 0 0 1 standing 
2 1012 400 1063 523 121256 0 0 1 standing 
2 1009 401 1060 523 121257 0 0 1 standing 
2 1005 401 1057 522 121258 0 0 1 standing 
2 1002 402 1054 522 121259 0 0 1 standing 
2 999 403 1051 522 121260 0 0 1 standing 
2 996 404 1048 522 121261 0 0 0 standing 
2 992 404 1049 522 121262 0 0 1 standing 
2 989 404 1050 522 121263 0 0 1 standing 
2 985 404 1052 522 121264 0 0 1 standing 
2 982 404 1053 522 121265 0 0 1 standing 
2 979 405 1055 522 121266 0 0 0 standing 
2 981 405 1056 522 121267 0 0 1 standing 
2 983 405 1057 522 121268 0 0 1 standing 
2 985 405 1058 522 121269 0 0 1 standing 
3 776 350 825 467 121250 0 0 0 standing 
3 768 350 814 468 121251 0 0 1 standing 
3 760 350 804 469 121252 0 0 1 standing 
3 753 350 794 470 121253 0 0 0 standing 
3 746 352 791 470 121254 0 0 1 standing 
3 739 355 789 470 121255 0 0 1 standing 
3 732 357 786 470 121256 0 0 1 standing 
3 726 360 784 471 121257 0 0 0 standing 
3 722 359 780 470 121258 0 0 1 standing 
3 719 358 777 469 121259 0 0 1 standing 
3 716 357 773 468 121260 0 0 1 standing 
3 713 357 770 467 121261 0 0 0 standing 
3 711 356 770 466 121262 0 0 1 standing 
3 710 355 771 465 121263 0 0 1 standing 
3 709 355 772 465 121264 0 0 1 standing 
3 708 354 773 464 121265 0 0 1 standing 
3 707 354 774 463 121266 0 0 1 standing 
3 706 353 775 463 121267 0 0 1 standing 
3 705 353 776 462 121268 0 0 1 standing 
3 704 352 777 461 121269 0 0 1 standing 
4 556 299 600 447 121250 0 0 0 standing 
4 548 298 595 446 121251 0 0 1 blocking 
4 540 297 591 445 121252 0 0 1 blocking 
4 532 296 587 444 121253 0 0 0 blocking 
4 530 294 594 441 121254 0 0 1 blocking 
4 529 293 601 439 121255 0 0 1 blocking 
4 528 291 608 437 121256 0 0 1 blocking 
4 527 290 615 435 121257 0 0 0 blocking 
4 528 295 613 439 121258 0 0 1 blocking 
4 529 301 612 444 121259 0 0 1 blocking 
4 530 307 610 448 121260 0 0 1 blocking 
4 531 313 609 453 121261 0 0 0 blocking 
4 530 322 602 458 121262 0 0 1 blocking 
4 529 331 596 463 121263 0 0 1 blocking 
4 529 341 590 468 121264 0 0 0 blocking 
4 527 343 587 466 121265 0 0 1 blocking 
4 526 345 585 464 121266 0 0 1 blocking 
4 524 348 583 462 121267 0 0 1 blocking 
4 523 350 581 460 121268 0 0 1 blocking 
4 521 352 579 458 121269 0 0 1 blocking 
5 554 284 597 435 121250 0 0 0 blocking 
5 551 286 593 433 121251 0 0 1 blocking 
5 548 289 589 432 121252 0 0 1 blocking 
5 545 292 585 431 121253 0 0 0 blocking 
5 541 296 586 438 121254 0 0 1 blocking 
5 537 301 587 445 121255 0 0 1 blocking 
5 533 306 588 452 121256 0 0 1 blocking 
5 530 311 589 460 121257 0 0 0 blocking 
5 527 316 586 459 121258 0 0 1 blocking 
5 524 322 583 458 121259 0 0 1 blocking 
5 521 328 580 458 121260 0 0 0 blocking 
5 519 329 578 459 121261 0 0 1 blocking 
5 518 331 577 460 121262 0 0 1 blocking 
5 517 333 576 461 121263 0 0 1 blocking 
5 516 335 575 462 121264 0 0 0 blocking 
5 518 335 579 462 121265 0 0 1 blocking 
5 521 335 583 463 121266 0 0 1 blocking 
5 523 336 587 463 121267 0 0 1 blocking 
5 526 336 591 464 121268 0 0 1 blocking 
5 528 336 595 464 121269 0 0 1 blocking 
6 438 410 497 530 121250 0 0 0 blocking 
6 435 409 496 530 121251 0 0 1 standing 
6 432 409 496 531 121252 0 0 1 standing 
6 429 409 495 531 121253 0 0 1 standing 
6 426 408 495 532 121254 0 0 1 standing 
6 423 408 494 532 121255 0 0 1 standing 
6 421 408 494 533 121256 0 0 1 standing 
6 418 408 493 533 121257 0 0 1 standing 
6 415 407 493 534 121258 0 0 1 standing 
6 412 407 492 534 121259 0 0 1 standing 
6 409 407 492 535 121260 0 0 1 standing 
6 407 407 492 536 121261 0 0 0 standing 
6 411 406 491 535 121262 0 0 1 standing 
6 416 405 490 534 121263 0 0 1 standing 
6 420 404 489 533 121264 0 0 1 standing 
6 425 403 489 532 121265 0 0 1 standing 
6 429 402 488 531 121266 0 0 1 standing 
6 434 401 487 530 121267 0 0 1 standing 
6 439 400 487 529 121268 0 0 0 standing 
6 439 400 487 529 121269 0 0 1 standing 
7 384 468 481 623 121250 0 0 0 standing 
7 383 471 476 621 121251 0 0 1 waiting 
7 383 474 472 620 121252 0 0 1 waiting 
7 383 477 468 619 121253 0 0 0 waiting 
7 380 477 465 619 121254 0 0 1 waiting 
7 377 478 463 619 121255 0 0 1 waiting 
7 374 479 461 619 121256 0 0 1 waiting 
7 372 480 459 620 121257 0 0 0 waiting 
7 369 476 457 620 121258 0 0 1 waiting 
7 367 473 455 620 121259 0 0 1 waiting 
7 365 470 453 620 121260 0 0 1 waiting 
7 363 467 451 620 121261 0 0 0 waiting 
7 362 465 449 619 121262 0 0 1 waiting 
7 361 464 447 619 121263 0 0 1 waiting 
7 360 463 445 619 121264 0 0 1 waiting 
7 359 461 444 618 121265 0 0 1 waiting 
7 358 460 442 618 121266 0 0 1 waiting 
7 357 459 440 618 121267 0 0 1 waiting 
7 356 458 439 618 121268 0 0 0 waiting 
7 356 458 439 618 121269 0 0 1 waiting 
8 364 416 414 559 121250 0 0 0 waiting 
8 357 418 410 559 121251 0 0 1 waiting 
8 350 420 407 559 121252 0 0 1 waiting 
8 343 422 404 559 121253 0 0 0 waiting 
8 340 425 401 556 121254 0 0 1 waiting 
8 337 429 398 554 121255 0 0 1 waiting 
8 334 432 395 552 121256 0 0 1 waiting 
8 331 436 392 550 121257 0 0 0 waiting 
8 328 437 391 553 121258 0 0 1 waiting 
8 325 438 390 557 121259 0 0 1 waiting 
8 323 440 389 561 121260 0 0 0 waiting 
8 321 437 384 561 121261 0 0 1 waiting 
8 320 435 380 561 121262 0 0 1 waiting 
8 319 433 376 562 121263 0 0 1 waiting 
8 317 430 372 562 121264 0 0 1 waiting 
8 316 428 368 562 121265 0 0 1 waiting 
8 315 426 364 563 121266 0 0 0 waiting 
8 314 427 364 563 121267 0 0 1 waiting 
8 314 428 364 564 121268 0 0 1 waiting 
8 313 429 364 564 121269 0 0 1 waiting 
9 447 299 504 429 121250 0 0 0 waiting 
9 444 301 502 430 121251 0 0 1 standing 
9 442 303 500 432 121252 0 0 1 standing 
9 440 305 499 434 121253 0 0 0 standing 
9 437 310 496 438 121254 0 0 1 standing 
9 434 315 493 442 121255 0 0 1 standing 
9 431 320 490 446 121256 0 0 1 standing 
9 428 325 487 451 121257 0 0 0 standing 
9 423 329 484 454 121258 0 0 1 standing 
9 418 333 481 457 121259 0 0 1 standing 
9 413 337 478 460 121260 0 0 1 standing 
9 409 342 475 463 121261 0 0 0 standing 
9 407 343 471 464 121262 0 0 1 standing 
9 405 344 468 465 121263 0 0 1 standing 
9 404 345 465 466 121264 0 0 1 standing 
9 402 346 462 467 121265 0 0 1 standing 
9 401 347 459 468 121266 0 0 0 standing 
9 399 347 457 468 121267 0 0 1 standing 
9 397 347 456 468 121268 0 0 1 standing 
9 395 347 455 468 121269 0 0 1 standing 
10 343 360 387 474 121250 0 0 0 standing 
10 341 362 385 474 121251 0 0 1 waiting 
10 340 364 383 474 121252 0 0 1 waiting 
10 339 366 382 475 121253 0 0 0 waiting 
10 337 367 379 475 121254 0 0 1 waiting 
10 335 368 376 475 121255 0 0 1 waiting 
10 333 369 373 475 121256 0 0 1 waiting 
10 331 371 371 476 121257 0 0 0 waiting 
10 327 369 365 473 121258 0 0 1 waiting 
10 324 368 360 471 121259 0 0 1 waiting 
10 321 366 354 469 121260 0 0 1 waiting 
10 318 365 349 467 121261 0 0 0 waiting 
10 313 363 346 468 121262 0 0 1 waiting 
10 308 361 344 470 121263 0 0 1 waiting 
10 303 359 341 472 121264 0 0 1 waiting 
10 298 357 339 474 121265 0 0 1 waiting 
10 293 355 336 476 121266 0 0 1 waiting 
10 288 353 334 478 121267 0 0 1 waiting 
10 283 352 332 480 121268 0 0 0 waiting 
10 283 352 332 480 121269 0 0 1 waiting 
11 264 405 324 543 121250 0 0 0 waiting 
11 261 407 321 544 121251 0 0 1 digging 
11 258 409 318 546 121252 0 0 1 digging 
11 255 412 315 548 121253 0 0 0 digging 
11 251 412 311 547 121254 0 0 1 digging 
11 248 413 308 547 121255 0 0 1 digging 
11 245 413 305 546 121256 0 0 1 digging 
11 242 414 301 546 121257 0 0 1 digging 
11 239 414 298 545 121258 0 0 1 digging 
11 236 415 295 545 121259 0 0 1 digging 
11 233 416 292 545 121260 0 0 0 digging 
11 229 413 290 544 121261 0 0 1 digging 
11 226 411 288 544 121262 0 0 1 digging 
11 223 409 286 543 121263 0 0 1 digging 
11 219 407 284 543 121264 0 0 1 digging 
11 216 405 282 542 121265 0 0 1 digging 
11 213 403 281 542 121266 0 0 0 digging 
11 211 402 274 541 121267 0 0 1 digging 
11 209 402 268 541 121268 0 0 1 digging 
11 207 401 261 540 121269 0 0 1 digging 
