0 572 460 634 637 49590 0 1 0 setting 
0 575 462 637 635 49591 0 1 1 setting 
0 578 465 640 633 49592 0 1 1 setting 
0 581 468 643 631 49593 0 1 1 setting 
0 585 471 646 630 49594 0 1 0 setting 
0 586 465 650 624 49595 0 1 1 setting 
0 588 460 655 619 49596 0 1 1 setting 
0 589 455 659 613 49597 0 1 1 setting 
0 591 450 664 608 49598 0 1 0 setting 
0 590 446 663 606 49599 0 1 1 setting 
0 590 443 663 605 49600 0 1 1 setting 
0 589 439 663 604 49601 0 1 1 setting 
0 589 436 663 603 49602 0 1 1 setting 
0 588 433 662 602 49603 0 1 1 setting 
0 588 429 662 601 49604 0 1 1 setting 
0 587 426 662 600 49605 0 1 1 setting 
0 587 423 662 599 49606 0 1 0 setting 
0 585 437 660 603 49607 0 1 1 setting 
0 583 451 658 607 49608 0 1 1 setting 
0 582 465 656 612 49609 0 1 0 setting 
1 714 376 788 507 49590 0 0 0 setting 
1 717 376 788 509 49591 0 0 1 standing 
1 721 376 789 511 49592 0 0 1 standing 
1 725 376 790 513 49593 0 0 0 standing 
1 728 374 791 516 49594 0 0 1 standing 
1 732 372 792 519 49595 0 0 1 standing 
1 736 370 793 523 49596 0 0 0 standing 
1 736 371 795 524 49597 0 0 1 standing 
1 736 372 797 525 49598 0 0 1 standing 
1 736 374 800 527 49599 0 0 0 standing 
1 738 370 803 527 49600 0 0 1 standing 
1 740 367 807 528 49601 0 0 1 standing 
1 742 364 811 529 49602 0 0 0 standing 
1 742 363 812 528 49603 0 0 1 standing 
1 743 362 813 528 49604 0 0 1 standing 
1 744 362 814 528 49605 0 0 0 standing 
1 744 365 820 527 49606 0 0 1 standing 
1 745 368 827 527 49607 0 0 1 standing 
1 746 371 834 527 49608 0 0 1 standing 
1 747 374 841 527 49609 0 0 1 standing 
2 979 430 1080 573 49590 0 0 0 standing 
2 974 431 1069 575 49591 0 0 1 standing 
2 969 432 1058 578 49592 0 0 1 standing 
2 964 433 1047 581 49593 0 0 0 standing 
2 959 433 1044 584 49594 0 0 1 standing 
2 955 433 1042 588 49595 0 0 1 standing 
2 951 433 1040 592 49596 0 0 0 standing 
2 945 435 1030 594 49597 0 0 1 standing 
2 939 437 1020 596 49598 0 0 1 standing 
2 933 439 1011 598 49599 0 0 0 standing 
2 919 440 1003 597 49600 0 0 1 standing 
2 905 441 995 596 49601 0 0 1 standing 
2 892 442 987 596 49602 0 0 0 standing 
2 892 441 982 596 49603 0 0 1 standing 
2 892 440 978 596 49604 0 0 1 standing 
2 892 440 974 597 49605 0 0 0 standing 
2 886 443 971 598 49606 0 0 1 standing 
2 881 446 968 600 49607 0 0 1 standing 
2 875 450 965 602 49608 0 0 1 standing 
2 870 453 962 604 49609 0 0 1 standing 
3 572 421 629 569 49590 0 0 0 standing 
3 574 419 631 567 49591 0 0 1 standing 
3 576 417 633 566 49592 0 0 1 standing 
3 578 416 635 565 49593 0 0 0 standing 
3 579 415 636 564 49594 0 0 1 standing 
3 581 415 638 564 49595 0 0 1 standing 
3 583 415 640 564 49596 0 0 0 standing 
3 584 413 642 562 49597 0 0 1 standing 
3 585 411 644 560 49598 0 0 1 standing 
3 587 409 646 559 49599 0 0 0 standing 
3 587 409 646 559 49600 0 0 1 standing 
3 587 410 646 560 49601 0 0 1 standing 
3 587 411 646 561 49602 0 0 1 standing 
3 587 411 646 561 49603 0 0 1 standing 
3 587 412 646 562 49604 0 0 1 standing 
3 587 413 646 563 49605 0 0 1 standing 
3 587 413 646 563 49606 0 0 1 standing 
3 587 414 646 564 49607 0 0 1 standing 
3 587 415 646 565 49608 0 0 0 standing 
3 587 415 646 565 49609 0 0 1 standing 
4 675 549 849 627 49590 0 0 0 standing 
4 674 546 845 626 49591 0 0 1 falling 
4 673 544 841 625 49592 0 0 1 falling 
4 673 542 838 624 49593 0 0 0 falling 
4 674 542 829 623 49594 0 0 1 falling 
4 675 542 821 623 49595 0 0 1 falling 
4 676 542 813 623 49596 0 0 0 falling 
4 677 541 806 624 49597 0 0 1 falling 
4 678 541 800 625 49598 0 0 1 falling 
4 679 541 794 626 49599 0 0 0 falling 
4 678 540 789 624 49600 0 0 1 falling 
4 678 539 785 622 49601 0 0 1 falling 
4 678 538 781 620 49602 0 0 0 falling 
4 680 531 780 620 49603 0 0 1 falling 
4 682 524 779 621 49604 0 0 1 falling 
4 684 517 778 622 49605 0 0 0 falling 
4 683 513 778 621 49606 0 0 1 falling 
4 682 509 778 620 49607 0 0 1 falling 
4 681 505 778 619 49608 0 0 1 falling 
4 680 501 778 618 49609 0 0 1 falling 
5 456 394 505 576 49590 0 0 0 falling 
5 457 393 507 576 49591 0 0 1 standing 
5 458 392 510 576 49592 0 0 1 standing 
5 460 391 513 577 49593 0 0 0 standing 
5 462 390 514 578 49594 0 0 1 standing 
5 464 389 516 579 49595 0 0 1 standing 
5 466 389 518 580 49596 0 0 0 standing 
5 465 390 521 581 49597 0 0 1 standing 
5 465 391 525 582 49598 0 0 1 standing 
5 465 392 529 583 49599 0 0 0 standing 
5 465 391 529 582 49600 0 0 1 standing 
5 465 391 530 582 49601 0 0 1 standing 
5 466 391 530 582 49602 0 0 1 standing 
5 466 390 531 581 49603 0 0 1 standing 
5 466 390 531 581 49604 0 0 1 standing 
5 467 390 532 581 49605 0 0 0 standing 
5 466 390 531 580 49606 0 0 1 standing 
5 466 391 530 579 49607 0 0 1 standing 
5 466 392 530 579 49608 0 0 0 standing 
5 466 392 530 579 49609 0 0 1 standing 
6 434 369 500 519 49590 0 0 0 standing 
6 435 368 500 518 49591 0 0 1 standing 
6 436 368 500 518 49592 0 0 1 standing 
6 437 368 500 518 49593 0 0 1 standing 
6 438 368 500 518 49594 0 0 1 standing 
6 439 368 501 517 49595 0 0 1 standing 
6 440 368 501 517 49596 0 0 1 standing 
6 441 368 501 517 49597 0 0 1 standing 
6 442 368 501 517 49598 0 0 1 standing 
6 444 368 502 517 49599 0 0 0 standing 
6 444 368 502 520 49600 0 0 1 standing 
6 445 368 503 524 49601 0 0 1 standing 
6 446 368 504 528 49602 0 0 1 standing 
6 446 368 504 532 49603 0 0 1 standing 
6 447 368 505 536 49604 0 0 1 standing 
6 448 368 506 540 49605 0 0 0 standing 
6 448 368 506 540 49606 0 0 1 standing 
6 448 368 506 541 49607 0 0 1 standing 
6 448 369 506 542 49608 0 0 1 standing 
6 448 369 506 543 49609 0 0 1 standing 
7 255 414 336 568 49590 0 0 0 standing 
7 256 412 335 568 49591 0 0 1 standing 
7 257 411 335 569 49592 0 0 1 standing 
7 259 410 335 570 49593 0 0 0 standing 
7 257 409 331 570 49594 0 0 1 standing 
7 255 409 327 570 49595 0 0 1 standing 
7 253 409 324 570 49596 0 0 0 standing 
7 250 409 321 572 49597 0 0 1 standing 
7 247 409 318 574 49598 0 0 1 standing 
7 245 409 316 576 49599 0 0 0 standing 
7 240 410 315 576 49600 0 0 1 standing 
7 235 411 314 577 49601 0 0 1 standing 
7 230 412 314 578 49602 0 0 0 standing 
7 227 412 314 578 49603 0 0 1 standing 
7 225 412 314 579 49604 0 0 1 standing 
7 223 413 314 580 49605 0 0 0 standing 
7 223 413 313 580 49606 0 0 1 standing 
7 223 413 312 580 49607 0 0 1 standing 
7 223 414 312 580 49608 0 0 1 standing 
7 223 414 311 580 49609 0 0 1 standing 
8 249 376 308 524 49590 0 0 0 standing 
8 245 375 306 517 49591 0 0 1 standing 
8 241 374 304 510 49592 0 0 1 standing 
8 237 373 303 504 49593 0 0 0 standing 
8 236 372 305 506 49594 0 0 1 standing 
8 235 371 308 509 49595 0 0 1 standing 
8 234 370 311 512 49596 0 0 0 standing 
8 233 368 310 510 49597 0 0 1 standing 
8 233 366 310 509 49598 0 0 1 standing 
8 233 365 310 508 49599 0 0 0 standing 
8 230 364 307 507 49600 0 0 1 standing 
8 228 363 305 506 49601 0 0 1 standing 
8 226 362 303 506 49602 0 0 0 standing 
8 223 361 297 505 49603 0 0 1 standing 
8 221 361 291 504 49604 0 0 1 standing 
8 219 361 285 503 49605 0 0 0 standing 
8 217 363 283 503 49606 0 0 1 standing 
8 215 365 281 503 49607 0 0 1 standing 
8 214 368 279 504 49608 0 0 0 standing 
8 214 368 279 504 49609 0 0 1 standing 
9 447 339 499 467 49590 0 0 0 standing 
9 449 338 501 466 49591 0 0 1 standing 
9 451 338 503 465 49592 0 0 1 standing 
9 454 338 506 465 49593 0 0 0 standing 
9 455 337 507 464 49594 0 0 1 standing 
9 456 336 508 463 49595 0 0 1 standing 
9 458 335 510 462 49596 0 0 0 standing 
9 455 335 509 461 49597 0 0 1 standing 
9 452 335 509 461 49598 0 0 1 standing 
9 450 335 508 461 49599 0 0 1 standing 
9 447 335 508 460 49600 0 0 1 standing 
9 444 335 507 460 49601 0 0 1 standing 
9 442 335 507 460 49602 0 0 0 standing 
9 441 338 505 473 49603 0 0 1 standing 
9 440 341 504 487 49604 0 0 1 standing 
9 439 344 503 501 49605 0 0 0 standing 
9 437 343 501 500 49606 0 0 1 standing 
9 436 342 500 500 49607 0 0 1 standing 
9 435 342 499 500 49608 0 0 0 standing 
9 435 342 499 500 49609 0 0 1 standing 
10 1 418 68 580 49590 0 0 0 standing 
10 0 417 68 580 49591 0 0 1 standing 
10 0 416 69 580 49592 0 0 1 standing 
10 0 415 70 581 49593 0 0 0 standing 
10 0 413 70 579 49594 0 0 1 standing 
10 0 411 70 577 49595 0 0 1 standing 
10 0 410 70 575 49596 0 0 0 standing 
10 1 410 71 575 49597 0 0 1 standing 
10 2 410 73 575 49598 0 0 1 standing 
10 3 410 75 575 49599 0 0 0 standing 
10 4 408 75 571 49600 0 0 1 standing 
10 5 406 75 568 49601 0 0 1 standing 
10 6 404 76 565 49602 0 0 0 standing 
10 6 404 76 565 49603 0 0 1 standing 
10 6 404 76 565 49604 0 0 1 standing 
10 6 404 76 565 49605 0 0 1 standing 
10 6 404 76 565 49606 0 0 1 standing 
10 6 404 76 565 49607 0 0 1 standing 
10 6 404 76 565 49608 0 0 1 standing 
10 6 404 76 565 49609 0 0 1 standing 
11 768 299 853 462 49590 0 0 0 standing 
11 775 299 863 460 49591 0 0 1 moving 
11 782 300 873 458 49592 0 0 1 moving 
11 790 301 883 456 49593 0 0 0 moving 
11 794 302 891 454 49594 0 0 1 moving 
11 798 303 899 452 49595 0 0 1 moving 
11 802 305 908 451 49596 0 0 0 moving 
11 813 304 915 451 49597 0 0 1 moving 
11 824 304 923 451 49598 0 0 1 moving 
11 836 304 931 451 49599 0 0 0 moving 
11 843 304 932 451 49600 0 0 1 moving 
11 851 305 934 451 49601 0 0 1 moving 
11 859 306 936 451 49602 0 0 0 moving 
11 856 306 934 451 49603 0 0 1 moving 
11 854 306 932 451 49604 0 0 1 moving 
11 851 306 931 452 49605 0 0 1 moving 
11 849 306 929 452 49606 0 0 1 moving 
11 847 306 927 452 49607 0 0 1 moving 
11 844 306 926 453 49608 0 0 1 moving 
11 842 306 924 453 49609 0 0 1 moving 
