0 196 382 248 511 14890 0 0 0 standing 
0 202 382 254 512 14891 0 0 1 standing 
0 208 382 260 513 14892 0 0 1 standing 
0 215 382 266 514 14893 0 0 1 standing 
0 221 382 273 515 14894 0 0 1 standing 
0 228 382 279 517 14895 0 0 1 standing 
0 234 382 285 518 14896 0 0 1 standing 
0 240 382 292 519 14897 0 0 1 standing 
0 247 382 298 520 14898 0 0 1 standing 
0 253 382 304 521 14899 0 0 1 standing 
0 260 382 311 523 14900 0 0 0 standing 
0 262 383 315 523 14901 0 0 1 standing 
0 264 384 319 524 14902 0 0 1 standing 
0 267 385 323 525 14903 0 0 1 standing 
0 269 386 327 526 14904 0 0 1 standing 
0 272 387 331 527 14905 0 0 0 standing 
0 276 388 333 528 14906 0 0 1 standing 
0 280 389 335 529 14907 0 0 1 standing 
0 284 390 338 531 14908 0 0 1 standing 
0 288 391 340 532 14909 0 0 1 standing 
1 214 287 269 388 14890 0 1 0 standing 
1 217 289 273 387 14891 0 1 1 falling 
1 220 291 277 387 14892 0 1 1 falling 
1 223 293 281 387 14893 0 1 1 falling 
1 227 295 286 387 14894 0 1 1 falling 
1 230 297 290 387 14895 0 1 1 falling 
1 233 299 294 387 14896 0 1 1 falling 
1 237 301 299 387 14897 0 1 1 falling 
1 240 303 303 387 14898 0 1 1 falling 
1 243 305 307 387 14899 0 1 1 falling 
1 247 307 312 387 14900 0 1 0 falling 
1 246 306 310 387 14901 0 1 1 falling 
1 246 305 309 388 14902 0 1 1 falling 
1 246 304 307 388 14903 0 1 1 falling 
1 246 303 306 389 14904 0 1 1 falling 
1 246 302 304 389 14905 0 1 1 falling 
1 246 301 303 390 14906 0 1 1 falling 
1 246 300 302 391 14907 0 1 0 falling 
1 246 300 302 391 14908 0 1 1 falling 
1 246 300 302 391 14909 0 1 1 falling 
2 478 247 529 359 14890 0 0 0 falling 
2 478 248 529 359 14891 0 0 1 moving 
2 478 250 529 359 14892 0 0 1 moving 
2 478 252 529 359 14893 0 0 1 moving 
2 479 254 529 359 14894 0 0 1 moving 
2 479 256 530 360 14895 0 0 1 moving 
2 479 257 530 360 14896 0 0 1 moving 
2 480 259 530 360 14897 0 0 1 moving 
2 480 261 530 360 14898 0 0 1 moving 
2 480 263 530 360 14899 0 0 1 moving 
2 481 265 531 361 14900 0 0 0 moving 
2 478 265 529 364 14901 0 0 1 moving 
2 475 266 528 367 14902 0 0 1 moving 
2 472 266 526 371 14903 0 0 1 moving 
2 469 267 525 374 14904 0 0 1 moving 
2 467 268 524 378 14905 0 0 0 moving 
2 462 270 519 379 14906 0 0 1 moving 
2 458 273 515 380 14907 0 0 1 moving 
2 453 276 510 381 14908 0 0 1 moving 
2 449 279 506 382 14909 0 0 1 moving 
3 650 340 704 478 14890 0 0 0 moving 
3 653 341 707 478 14891 0 0 1 standing 
3 657 342 710 479 14892 0 0 1 standing 
3 660 343 713 480 14893 0 0 1 standing 
3 664 344 716 481 14894 0 0 1 standing 
3 668 345 719 482 14895 0 0 1 standing 
3 671 346 722 483 14896 0 0 1 standing 
3 675 347 725 484 14897 0 0 1 standing 
3 678 348 728 485 14898 0 0 1 standing 
3 682 349 731 486 14899 0 0 1 standing 
3 686 351 735 487 14900 0 0 0 standing 
3 685 352 734 488 14901 0 0 1 standing 
3 685 353 734 489 14902 0 0 1 standing 
3 684 354 733 490 14903 0 0 1 standing 
3 684 355 733 491 14904 0 0 1 standing 
3 684 357 733 493 14905 0 0 1 standing 
3 683 358 732 494 14906 0 0 1 standing 
3 683 359 732 495 14907 0 0 1 standing 
3 682 360 731 496 14908 0 0 1 standing 
3 682 361 731 497 14909 0 0 1 standing 
4 627 273 663 394 14890 0 0 0 standing 
4 632 272 668 392 14891 0 0 1 standing 
4 637 272 673 390 14892 0 0 1 standing 
4 642 272 678 389 14893 0 0 1 standing 
4 647 272 683 387 14894 0 0 1 standing 
4 652 272 688 386 14895 0 0 1 standing 
4 657 271 693 384 14896 0 0 1 standing 
4 662 271 698 382 14897 0 0 1 standing 
4 667 271 703 381 14898 0 0 1 standing 
4 672 271 708 379 14899 0 0 1 standing 
4 678 271 713 378 14900 0 0 0 standing 
4 678 271 713 378 14901 0 0 1 standing 
4 678 271 714 378 14902 0 0 1 standing 
4 678 272 715 378 14903 0 0 1 standing 
4 678 272 716 378 14904 0 0 1 standing 
4 679 273 717 379 14905 0 0 0 standing 
4 678 272 717 378 14906 0 0 1 standing 
4 677 272 717 377 14907 0 0 1 standing 
4 677 271 717 377 14908 0 0 1 standing 
4 676 271 717 376 14909 0 0 1 standing 
5 1056 305 1112 422 14890 0 0 0 standing 
5 1060 305 1116 422 14891 0 0 1 standing 
5 1065 305 1121 423 14892 0 0 1 standing 
5 1069 305 1125 424 14893 0 0 1 standing 
5 1074 306 1130 424 14894 0 0 1 standing 
5 1079 306 1134 425 14895 0 0 1 standing 
5 1083 306 1139 426 14896 0 0 1 standing 
5 1088 307 1143 426 14897 0 0 1 standing 
5 1092 307 1148 427 14898 0 0 1 standing 
5 1097 307 1152 428 14899 0 0 1 standing 
5 1102 308 1157 429 14900 0 0 0 standing 
5 1102 309 1157 430 14901 0 0 1 standing 
5 1103 310 1158 431 14902 0 0 1 standing 
5 1104 311 1159 432 14903 0 0 1 standing 
5 1105 312 1160 433 14904 0 0 1 standing 
5 1106 313 1161 434 14905 0 0 0 standing 
5 1106 315 1161 436 14906 0 0 1 standing 
5 1106 318 1161 439 14907 0 0 1 standing 
5 1106 320 1161 441 14908 0 0 1 standing 
5 1106 323 1161 444 14909 0 0 1 standing 
6 192 336 252 415 14890 0 1 0 standing 
6 195 335 254 417 14891 0 1 1 waiting 
6 199 334 256 419 14892 0 1 1 waiting 
6 202 334 259 421 14893 0 1 1 waiting 
6 206 333 261 423 14894 0 1 1 waiting 
6 209 333 264 425 14895 0 1 1 waiting 
6 213 332 266 427 14896 0 1 1 waiting 
6 216 331 268 429 14897 0 1 1 waiting 
6 220 331 271 431 14898 0 1 1 waiting 
6 223 330 273 433 14899 0 1 1 waiting 
6 227 330 276 435 14900 0 1 0 waiting 
6 222 329 273 435 14901 0 1 1 waiting 
6 218 329 271 435 14902 0 1 1 waiting 
6 214 329 269 436 14903 0 1 1 waiting 
6 209 328 266 436 14904 0 1 1 waiting 
6 205 328 264 436 14905 0 1 1 waiting 
6 201 328 262 437 14906 0 1 0 waiting 
6 201 328 262 437 14907 0 1 1 waiting 
6 201 328 262 437 14908 0 1 1 waiting 
6 201 328 262 437 14909 0 1 1 waiting 
7 340 233 386 343 14890 0 0 0 waiting 
7 343 231 389 341 14891 0 0 1 standing 
7 346 230 392 339 14892 0 0 1 standing 
7 349 229 395 337 14893 0 0 1 standing 
7 352 228 398 335 14894 0 0 1 standing 
7 356 227 401 333 14895 0 0 1 standing 
7 359 226 404 331 14896 0 0 1 standing 
7 362 225 407 329 14897 0 0 1 standing 
7 365 224 410 327 14898 0 0 1 standing 
7 368 223 413 325 14899 0 0 1 standing 
7 372 222 416 324 14900 0 0 0 standing 
7 371 221 418 322 14901 0 0 1 standing 
7 371 220 420 321 14902 0 0 1 standing 
7 371 219 422 320 14903 0 0 1 standing 
7 371 218 424 319 14904 0 0 0 standing 
7 371 217 422 318 14905 0 0 1 standing 
7 371 216 421 317 14906 0 0 1 standing 
7 371 215 420 317 14907 0 0 1 standing 
7 371 214 418 316 14908 0 0 1 standing 
7 371 213 417 315 14909 0 0 1 standing 
8 506 303 545 411 14890 0 0 0 standing 
8 513 305 554 413 14891 0 0 1 standing 
8 520 308 564 416 14892 0 0 1 standing 
8 527 310 573 418 14893 0 0 1 standing 
8 535 313 583 421 14894 0 0 1 standing 
8 542 316 592 423 14895 0 0 1 standing 
8 549 318 602 426 14896 0 0 1 standing 
8 557 321 611 428 14897 0 0 1 standing 
8 564 323 621 431 14898 0 0 1 standing 
8 571 326 630 433 14899 0 0 1 standing 
8 579 329 640 436 14900 0 0 0 standing 
8 581 327 641 437 14901 0 0 1 standing 
8 583 326 642 438 14902 0 0 1 standing 
8 585 325 643 439 14903 0 0 1 standing 
8 587 324 644 441 14904 0 0 0 standing 
8 589 329 645 444 14905 0 0 1 standing 
8 591 334 646 447 14906 0 0 1 standing 
8 593 339 648 450 14907 0 0 1 standing 
8 595 344 649 453 14908 0 0 1 standing 
8 597 349 650 456 14909 0 0 1 standing 
9 617 319 658 446 14890 0 0 0 standing 
9 621 318 662 445 14891 0 0 1 standing 
9 626 317 667 444 14892 0 0 1 standing 
9 630 317 671 444 14893 0 0 1 standing 
9 635 316 676 443 14894 0 0 1 standing 
9 640 315 681 442 14895 0 0 1 standing 
9 644 315 685 442 14896 0 0 1 standing 
9 649 314 690 441 14897 0 0 1 standing 
9 654 313 695 440 14898 0 0 1 standing 
9 658 313 699 440 14899 0 0 1 standing 
9 663 312 704 439 14900 0 0 1 standing 
9 668 312 709 439 14901 0 0 0 standing 
9 669 311 710 438 14902 0 0 1 standing 
9 670 310 711 437 14903 0 0 1 standing 
9 671 310 712 437 14904 0 0 1 standing 
9 672 309 713 436 14905 0 0 1 standing 
9 673 309 714 436 14906 0 0 1 standing 
9 674 308 715 435 14907 0 0 1 standing 
9 675 308 716 435 14908 0 0 1 standing 
9 676 307 717 434 14909 0 0 1 standing 
10 839 291 888 412 14890 0 0 0 standing 
10 842 289 891 410 14891 0 0 1 standing 
10 846 288 895 409 14892 0 0 1 standing 
10 850 287 899 408 14893 0 0 1 standing 
10 854 286 903 407 14894 0 0 1 standing 
10 858 285 907 406 14895 0 0 1 standing 
10 861 283 910 404 14896 0 0 1 standing 
10 865 282 914 403 14897 0 0 1 standing 
10 869 281 918 402 14898 0 0 1 standing 
10 873 280 922 401 14899 0 0 1 standing 
10 877 279 926 400 14900 0 0 0 standing 
10 877 278 926 399 14901 0 0 1 standing 
10 878 277 926 398 14902 0 0 1 standing 
10 878 277 926 397 14903 0 0 1 standing 
10 879 276 927 397 14904 0 0 1 standing 
10 879 276 927 396 14905 0 0 1 standing 
10 880 275 927 395 14906 0 0 1 standing 
10 880 274 928 395 14907 0 0 1 standing 
10 881 274 928 394 14908 0 0 1 standing 
10 881 273 928 393 14909 0 0 1 standing 
11 1037 262 1095 369 14890 0 0 0 standing 
11 1043 262 1100 368 14891 0 0 1 standing 
11 1049 262 1105 368 14892 0 0 1 standing 
11 1055 262 1110 367 14893 0 0 1 standing 
11 1061 262 1115 367 14894 0 0 1 standing 
11 1067 263 1120 367 14895 0 0 0 standing 
11 1069 263 1123 367 14896 0 0 1 standing 
11 1072 263 1126 368 14897 0 0 1 standing 
11 1075 263 1129 368 14898 0 0 1 standing 
11 1078 263 1132 369 14899 0 0 1 standing 
11 1081 264 1135 370 14900 0 0 0 standing 
11 1080 264 1134 372 14901 0 0 1 standing 
11 1079 265 1133 374 14902 0 0 1 standing 
11 1078 266 1132 376 14903 0 0 1 standing 
11 1078 266 1131 378 14904 0 0 1 standing 
11 1077 267 1130 380 14905 0 0 1 standing 
11 1076 268 1129 382 14906 0 0 1 standing 
11 1076 268 1128 384 14907 0 0 1 standing 
11 1075 269 1127 386 14908 0 0 1 standing 
11 1074 270 1126 388 14909 0 0 1 standing 
