0 463 271 510 385 27185 0 1 0 spiking 
0 459 265 506 381 27186 0 1 1 spiking 
0 455 259 502 378 27187 0 1 1 spiking 
0 451 253 498 375 27188 0 1 1 spiking 
0 447 247 494 372 27189 0 1 1 spiking 
0 443 242 490 369 27190 0 1 1 spiking 
0 439 236 486 366 27191 0 1 1 spiking 
0 435 230 482 363 27192 0 1 1 spiking 
0 431 224 478 360 27193 0 1 1 spiking 
0 427 218 474 357 27194 0 1 1 spiking 
0 424 213 470 354 27195 0 1 0 spiking 
0 423 219 469 356 27196 0 1 1 spiking 
0 423 225 469 358 27197 0 1 1 spiking 
0 423 231 468 360 27198 0 1 1 spiking 
0 422 237 468 362 27199 0 1 1 spiking 
0 422 244 468 364 27200 0 1 1 spiking 
0 422 250 467 366 27201 0 1 1 spiking 
0 421 256 467 368 27202 0 1 1 spiking 
0 421 262 466 370 27203 0 1 1 spiking 
0 421 268 466 372 27204 0 1 1 spiking 
1 594 336 638 425 27185 0 1 0 spiking 
1 585 328 629 420 27186 0 1 1 blocking 
1 577 320 620 416 27187 0 1 1 blocking 
1 568 312 612 412 27188 0 1 1 blocking 
1 560 304 603 408 27189 0 1 1 blocking 
1 551 296 595 404 27190 0 1 1 blocking 
1 543 288 586 400 27191 0 1 1 blocking 
1 534 280 577 396 27192 0 1 1 blocking 
1 526 272 569 392 27193 0 1 1 blocking 
1 517 264 560 388 27194 0 1 1 blocking 
1 509 256 552 384 27195 0 1 0 blocking 
1 505 256 548 384 27196 0 1 1 blocking 
1 501 257 544 385 27197 0 1 1 blocking 
1 497 258 540 386 27198 0 1 1 blocking 
1 493 259 536 387 27199 0 1 1 blocking 
1 489 260 532 388 27200 0 1 1 blocking 
1 485 261 528 389 27201 0 1 1 blocking 
1 481 262 524 390 27202 0 1 1 blocking 
1 477 263 520 391 27203 0 1 1 blocking 
1 473 264 516 392 27204 0 1 1 blocking 
2 603 314 637 421 27185 0 1 0 blocking 
2 594 307 628 416 27186 0 1 1 blocking 
2 586 300 620 412 27187 0 1 1 blocking 
2 578 293 611 407 27188 0 1 1 blocking 
2 569 286 603 403 27189 0 1 1 blocking 
2 561 280 595 398 27190 0 1 1 blocking 
2 553 273 586 394 27191 0 1 1 blocking 
2 544 266 578 389 27192 0 1 1 blocking 
2 536 259 569 385 27193 0 1 1 blocking 
2 528 252 561 380 27194 0 1 1 blocking 
2 520 246 553 376 27195 0 1 0 blocking 
2 515 246 552 376 27196 0 1 1 blocking 
2 511 247 552 377 27197 0 1 1 blocking 
2 507 248 551 377 27198 0 1 1 blocking 
2 502 248 551 378 27199 0 1 1 blocking 
2 498 249 550 379 27200 0 1 1 blocking 
2 494 250 550 379 27201 0 1 1 blocking 
2 489 250 549 380 27202 0 1 1 blocking 
2 485 251 549 380 27203 0 1 1 blocking 
2 481 252 548 381 27204 0 1 1 blocking 
3 590 303 632 407 27185 0 1 0 blocking 
3 582 296 624 403 27186 0 1 1 blocking 
3 574 289 616 400 27187 0 1 1 blocking 
3 566 283 608 396 27188 0 1 1 blocking 
3 559 276 600 393 27189 0 1 1 blocking 
3 551 270 593 390 27190 0 1 1 blocking 
3 543 263 585 386 27191 0 1 1 blocking 
3 536 256 577 383 27192 0 1 1 blocking 
3 528 250 569 379 27193 0 1 1 blocking 
3 520 243 561 376 27194 0 1 1 blocking 
3 513 237 554 373 27195 0 1 0 blocking 
3 508 238 549 374 27196 0 1 1 blocking 
3 504 239 545 375 27197 0 1 1 blocking 
3 499 240 540 376 27198 0 1 1 blocking 
3 495 241 536 377 27199 0 1 1 blocking 
3 491 242 532 378 27200 0 1 1 blocking 
3 486 243 527 379 27201 0 1 1 blocking 
3 482 244 523 380 27202 0 1 1 blocking 
3 477 245 518 381 27203 0 1 1 blocking 
3 473 246 514 382 27204 0 1 1 blocking 
4 500 334 551 445 27185 0 0 0 blocking 
4 495 332 543 440 27186 0 0 1 standing 
4 490 331 535 435 27187 0 0 1 standing 
4 485 330 527 431 27188 0 0 0 standing 
4 478 329 520 428 27189 0 0 1 standing 
4 472 328 513 426 27190 0 0 1 standing 
4 466 328 507 424 27191 0 0 0 standing 
4 458 327 498 423 27192 0 0 1 standing 
4 450 327 490 423 27193 0 0 1 standing 
4 442 327 482 423 27194 0 0 0 standing 
4 434 324 477 423 27195 0 0 1 standing 
4 427 322 472 423 27196 0 0 1 standing 
4 420 320 467 423 27197 0 0 0 standing 
4 416 320 463 423 27198 0 0 1 standing 
4 412 320 459 423 27199 0 0 1 standing 
4 409 321 456 423 27200 0 0 0 standing 
4 407 321 458 423 27201 0 0 1 standing 
4 405 322 460 423 27202 0 0 1 standing 
4 403 323 462 424 27203 0 0 0 standing 
4 403 323 462 424 27204 0 0 1 standing 
5 841 308 889 397 27185 0 0 0 standing 
5 827 309 880 398 27186 0 0 1 moving 
5 813 310 872 399 27187 0 0 1 moving 
5 800 311 864 400 27188 0 0 0 moving 
5 785 310 854 399 27189 0 0 1 moving 
5 771 309 845 399 27190 0 0 1 moving 
5 757 308 836 399 27191 0 0 0 moving 
5 748 308 822 398 27192 0 0 1 moving 
5 739 308 809 397 27193 0 0 1 moving 
5 731 308 796 397 27194 0 0 0 moving 
5 723 308 784 398 27195 0 0 1 moving 
5 715 308 772 400 27196 0 0 1 moving 
5 708 308 760 402 27197 0 0 0 moving 
5 700 310 752 402 27198 0 0 1 moving 
5 692 312 744 402 27199 0 0 1 moving 
5 684 314 736 402 27200 0 0 0 moving 
5 680 314 732 403 27201 0 0 1 moving 
5 676 314 728 405 27202 0 0 1 moving 
5 672 314 724 407 27203 0 0 1 moving 
5 668 314 720 409 27204 0 0 1 moving 
6 1031 378 1081 480 27185 0 0 0 moving 
6 1022 378 1072 481 27186 0 0 1 digging 
6 1013 378 1064 482 27187 0 0 1 digging 
6 1004 379 1056 484 27188 0 0 0 digging 
6 995 379 1047 484 27189 0 0 1 digging 
6 986 379 1038 484 27190 0 0 1 digging 
6 977 379 1030 484 27191 0 0 0 digging 
6 967 379 1020 484 27192 0 0 1 digging 
6 957 379 1010 484 27193 0 0 1 digging 
6 948 380 1001 485 27194 0 0 0 digging 
6 938 379 994 484 27195 0 0 1 digging 
6 929 378 987 484 27196 0 0 1 digging 
6 920 377 980 484 27197 0 0 0 digging 
6 912 378 977 482 27198 0 0 1 digging 
6 905 379 975 481 27199 0 0 1 digging 
6 898 380 973 480 27200 0 0 0 digging 
6 890 381 963 481 27201 0 0 1 digging 
6 883 383 954 482 27202 0 0 1 digging 
6 876 384 944 484 27203 0 0 1 digging 
6 869 386 935 485 27204 0 0 1 digging 
7 819 437 885 543 27185 0 0 0 digging 
7 808 435 873 543 27186 0 0 1 standing 
7 797 433 862 544 27187 0 0 1 standing 
7 786 431 851 545 27188 0 0 0 standing 
7 776 428 841 544 27189 0 0 1 standing 
7 766 426 831 543 27190 0 0 1 standing 
7 756 424 821 542 27191 0 0 0 standing 
7 747 423 812 539 27192 0 0 1 standing 
7 739 422 804 536 27193 0 0 1 standing 
7 731 421 796 534 27194 0 0 0 standing 
7 719 421 788 535 27195 0 0 1 standing 
7 708 421 780 536 27196 0 0 1 standing 
7 697 421 773 538 27197 0 0 0 standing 
7 691 422 767 539 27198 0 0 1 standing 
7 686 423 762 540 27199 0 0 1 standing 
7 681 424 757 541 27200 0 0 0 standing 
7 678 422 752 536 27201 0 0 1 standing 
7 676 421 747 531 27202 0 0 1 standing 
7 674 420 742 526 27203 0 0 1 standing 
7 672 419 737 521 27204 0 0 1 standing 
8 384 447 441 566 27185 0 0 0 standing 
8 380 445 437 564 27186 0 0 1 standing 
8 376 444 433 563 27187 0 0 1 standing 
8 372 443 429 562 27188 0 0 0 standing 
8 367 440 422 560 27189 0 0 1 standing 
8 362 438 416 558 27190 0 0 1 standing 
8 358 436 410 556 27191 0 0 0 standing 
8 353 436 404 553 27192 0 0 1 standing 
8 348 436 399 550 27193 0 0 1 standing 
8 343 436 394 547 27194 0 0 0 standing 
8 338 435 397 547 27195 0 0 1 standing 
8 333 434 400 547 27196 0 0 1 standing 
8 328 433 404 547 27197 0 0 0 standing 
8 325 430 401 546 27198 0 0 1 standing 
8 322 427 398 545 27199 0 0 1 standing 
8 319 425 395 545 27200 0 0 0 standing 
8 318 423 394 543 27201 0 0 1 standing 
8 318 421 394 542 27202 0 0 1 standing 
8 317 419 394 541 27203 0 0 1 standing 
8 317 417 394 540 27204 0 0 1 standing 
9 406 364 447 466 27185 0 0 0 standing 
9 401 363 444 462 27186 0 0 1 waiting 
9 396 362 441 459 27187 0 0 1 waiting 
9 392 362 439 456 27188 0 0 0 waiting 
9 385 362 438 454 27189 0 0 1 waiting 
9 379 362 437 453 27190 0 0 1 waiting 
9 373 362 436 452 27191 0 0 0 waiting 
9 368 361 429 452 27192 0 0 1 waiting 
9 363 361 423 452 27193 0 0 1 waiting 
9 358 361 417 452 27194 0 0 0 waiting 
9 350 359 409 452 27195 0 0 1 waiting 
9 342 357 401 452 27196 0 0 1 waiting 
9 335 356 394 452 27197 0 0 0 waiting 
9 333 354 389 450 27198 0 0 1 waiting 
9 332 353 384 448 27199 0 0 1 waiting 
9 331 352 379 447 27200 0 0 0 waiting 
9 329 352 381 446 27201 0 0 1 waiting 
9 328 352 384 446 27202 0 0 1 waiting 
9 327 352 386 445 27203 0 0 1 waiting 
9 326 352 389 445 27204 0 0 1 waiting 
10 278 341 319 424 27185 0 0 0 waiting 
10 268 340 309 425 27186 0 0 1 waiting 
10 258 340 299 426 27187 0 0 1 waiting 
10 248 340 290 428 27188 0 0 0 waiting 
10 240 339 281 428 27189 0 0 1 waiting 
10 232 338 273 428 27190 0 0 1 waiting 
10 224 337 265 428 27191 0 0 0 waiting 
10 215 337 256 429 27192 0 0 1 waiting 
10 206 337 247 430 27193 0 0 1 waiting 
10 197 337 238 432 27194 0 0 0 waiting 
10 188 337 229 432 27195 0 0 1 waiting 
10 180 337 221 432 27196 0 0 1 waiting 
10 172 337 213 432 27197 0 0 0 waiting 
10 167 337 208 432 27198 0 0 1 waiting 
10 162 337 203 433 27199 0 0 1 waiting 
10 158 338 199 434 27200 0 0 0 waiting 
10 154 339 195 435 27201 0 0 1 waiting 
10 150 340 191 436 27202 0 0 1 waiting 
10 146 341 187 437 27203 0 0 0 waiting 
10 146 341 187 437 27204 0 0 1 waiting 
11 178 373 229 472 27185 0 0 0 waiting 
11 168 375 224 474 27186 0 0 1 moving 
11 159 377 219 476 27187 0 0 1 moving 
11 150 379 214 478 27188 0 0 0 moving 
11 142 379 206 478 27189 0 0 1 moving 
11 134 379 198 479 27190 0 0 1 moving 
11 126 379 190 480 27191 0 0 0 moving 
11 118 378 182 480 27192 0 0 1 moving 
11 110 377 175 480 27193 0 0 1 moving 
11 103 376 168 481 27194 0 0 0 moving 
11 102 375 162 480 27195 0 0 1 moving 
11 101 374 156 479 27196 0 0 1 moving 
11 100 374 151 479 27197 0 0 0 moving 
11 97 374 148 479 27198 0 0 1 moving 
11 94 374 145 479 27199 0 0 1 moving 
11 91 374 142 479 27200 0 0 0 moving 
11 88 374 144 477 27201 0 0 1 moving 
11 85 375 146 476 27202 0 0 1 moving 
11 83 376 148 475 27203 0 0 0 moving 
11 83 376 148 475 27204 0 0 1 moving 
