0 252 397 295 531 12050 0 0 0 standing 
0 256 397 301 532 12051 0 0 1 standing 
0 260 398 307 534 12052 0 0 1 standing 
0 264 399 313 536 12053 0 0 1 standing 
0 268 400 319 538 12054 0 0 0 standing 
0 268 400 323 540 12055 0 0 1 standing 
0 269 401 327 542 12056 0 0 1 standing 
0 269 401 331 544 12057 0 0 1 standing 
0 270 402 335 547 12058 0 0 0 standing 
0 271 405 336 550 12059 0 0 1 standing 
0 272 408 338 554 12060 0 0 1 standing 
0 273 411 340 557 12061 0 0 1 standing 
0 275 414 342 561 12062 0 0 1 standing 
0 276 417 344 564 12063 0 0 1 standing 
0 277 420 346 568 12064 0 0 1 standing 
0 279 423 348 572 12065 0 0 0 standing 
0 281 421 350 570 12066 0 0 1 standing 
0 284 420 353 569 12067 0 0 1 standing 
0 286 418 355 567 12068 0 0 1 standing 
0 289 417 358 566 12069 0 0 1 standing 
1 235 307 292 395 12050 0 1 0 standing 
1 236 306 293 395 12051 0 1 1 digging 
1 237 305 294 396 12052 0 1 1 digging 
1 239 304 296 396 12053 0 1 1 digging 
1 240 303 297 397 12054 0 1 1 digging 
1 241 302 298 397 12055 0 1 1 digging 
1 243 302 300 398 12056 0 1 0 digging 
1 241 301 298 398 12057 0 1 1 digging 
1 239 300 296 398 12058 0 1 1 digging 
1 237 299 294 399 12059 0 1 1 digging 
1 235 298 292 399 12060 0 1 1 digging 
1 233 297 290 399 12061 0 1 1 digging 
1 232 296 288 400 12062 0 1 1 digging 
1 230 295 286 400 12063 0 1 1 digging 
1 228 294 284 400 12064 0 1 1 digging 
1 226 293 282 401 12065 0 1 1 digging 
1 224 292 280 401 12066 0 1 1 digging 
1 223 291 279 402 12067 0 1 0 digging 
1 223 291 279 402 12068 0 1 1 digging 
1 223 291 279 402 12069 0 1 1 digging 
2 492 259 565 366 12050 0 0 0 digging 
2 492 261 560 368 12051 0 0 1 moving 
2 493 263 555 371 12052 0 0 1 moving 
2 494 265 550 373 12053 0 0 1 moving 
2 495 268 545 376 12054 0 0 0 moving 
2 488 270 542 379 12055 0 0 1 moving 
2 482 272 540 382 12056 0 0 1 moving 
2 475 274 537 385 12057 0 0 1 moving 
2 469 277 535 389 12058 0 0 0 moving 
2 466 277 531 390 12059 0 0 1 moving 
2 463 278 528 392 12060 0 0 1 moving 
2 460 278 525 393 12061 0 0 1 moving 
2 457 279 522 395 12062 0 0 1 moving 
2 454 279 519 396 12063 0 0 1 moving 
2 451 280 516 398 12064 0 0 1 moving 
2 448 281 513 400 12065 0 0 0 moving 
2 447 285 510 405 12066 0 0 1 moving 
2 446 289 508 411 12067 0 0 1 moving 
2 446 293 506 416 12068 0 0 1 moving 
2 445 297 504 422 12069 0 0 1 moving 
3 689 344 733 488 12050 0 0 0 moving 
3 692 341 736 485 12051 0 0 1 standing 
3 695 339 739 483 12052 0 0 1 standing 
3 698 337 742 480 12053 0 0 1 standing 
3 701 335 745 478 12054 0 0 0 standing 
3 700 332 744 475 12055 0 0 1 standing 
3 700 330 744 472 12056 0 0 1 standing 
3 699 328 744 469 12057 0 0 1 standing 
3 699 325 743 466 12058 0 0 1 standing 
3 698 323 743 463 12059 0 0 1 standing 
3 698 321 743 461 12060 0 0 0 standing 
3 697 320 742 460 12061 0 0 1 standing 
3 697 320 742 459 12062 0 0 1 standing 
3 697 319 741 459 12063 0 0 1 standing 
3 697 319 741 458 12064 0 0 1 standing 
3 697 318 740 458 12065 0 0 1 standing 
3 697 318 740 457 12066 0 0 1 standing 
3 697 317 739 456 12067 0 0 1 standing 
3 697 317 739 456 12068 0 0 1 standing 
3 697 316 738 455 12069 0 0 1 standing 
4 1077 307 1144 423 12050 0 0 0 standing 
4 1077 308 1143 424 12051 0 0 1 standing 
4 1078 309 1143 426 12052 0 0 1 standing 
4 1078 310 1143 428 12053 0 0 1 standing 
4 1079 311 1143 430 12054 0 0 0 standing 
4 1078 312 1141 431 12055 0 0 1 standing 
4 1077 313 1139 433 12056 0 0 1 standing 
4 1076 314 1137 435 12057 0 0 1 standing 
4 1075 315 1135 437 12058 0 0 1 standing 
4 1074 316 1133 439 12059 0 0 1 standing 
4 1073 317 1132 441 12060 0 0 0 standing 
4 1071 319 1130 443 12061 0 0 1 standing 
4 1070 321 1128 446 12062 0 0 1 standing 
4 1068 323 1126 448 12063 0 0 1 standing 
4 1067 325 1124 451 12064 0 0 1 standing 
4 1066 327 1123 454 12065 0 0 0 standing 
4 1064 328 1121 456 12066 0 0 1 standing 
4 1062 330 1119 458 12067 0 0 1 standing 
4 1061 331 1117 461 12068 0 0 1 standing 
4 1059 333 1115 463 12069 0 0 1 standing 
5 903 285 952 410 12050 0 0 0 standing 
5 906 284 955 409 12051 0 0 1 standing 
5 910 283 959 408 12052 0 0 1 standing 
5 913 282 962 407 12053 0 0 1 standing 
5 917 282 966 407 12054 0 0 0 standing 
5 917 281 966 406 12055 0 0 1 standing 
5 917 280 966 405 12056 0 0 1 standing 
5 918 280 967 405 12057 0 0 1 standing 
5 918 279 967 404 12058 0 0 1 standing 
5 918 278 967 403 12059 0 0 1 standing 
5 919 278 968 403 12060 0 0 0 standing 
5 919 278 968 401 12061 0 0 1 standing 
5 919 278 968 400 12062 0 0 1 standing 
5 919 278 968 398 12063 0 0 1 standing 
5 919 278 968 397 12064 0 0 1 standing 
5 920 278 969 395 12065 0 0 1 standing 
5 920 278 969 394 12066 0 0 1 standing 
5 920 278 969 392 12067 0 0 1 standing 
5 920 278 969 391 12068 0 0 1 standing 
5 920 278 969 389 12069 0 0 1 standing 
6 224 346 274 456 12050 0 0 0 standing 
6 228 345 278 456 12051 0 0 1 waiting 
6 233 345 282 456 12052 0 0 1 waiting 
6 237 344 286 456 12053 0 0 1 waiting 
6 242 344 291 456 12054 0 0 0 waiting 
6 242 343 291 455 12055 0 0 1 waiting 
6 243 342 292 454 12056 0 0 1 waiting 
6 243 341 292 453 12057 0 0 1 waiting 
6 244 340 293 453 12058 0 0 0 waiting 
6 245 340 294 453 12059 0 0 1 waiting 
6 247 340 296 453 12060 0 0 1 waiting 
6 248 340 297 453 12061 0 0 1 waiting 
6 250 340 299 453 12062 0 0 1 waiting 
6 251 340 300 453 12063 0 0 1 waiting 
6 253 340 302 453 12064 0 0 1 waiting 
6 254 340 303 453 12065 0 0 1 waiting 
6 256 340 305 453 12066 0 0 1 waiting 
6 257 340 306 453 12067 0 0 1 waiting 
6 259 340 308 453 12068 0 0 1 waiting 
6 260 340 309 453 12069 0 0 1 waiting 
7 397 233 452 342 12050 0 0 0 waiting 
7 398 230 453 339 12051 0 0 1 standing 
7 400 227 454 336 12052 0 0 1 standing 
7 402 224 455 333 12053 0 0 1 standing 
7 404 222 456 331 12054 0 0 0 standing 
7 402 220 453 329 12055 0 0 1 standing 
7 400 219 450 328 12056 0 0 1 standing 
7 398 218 447 326 12057 0 0 1 standing 
7 396 217 445 325 12058 0 0 0 standing 
7 394 216 443 324 12059 0 0 1 standing 
7 392 216 441 323 12060 0 0 1 standing 
7 390 215 439 322 12061 0 0 1 standing 
7 389 215 438 321 12062 0 0 1 standing 
7 387 214 436 320 12063 0 0 1 standing 
7 385 214 434 320 12064 0 0 1 standing 
7 383 213 432 319 12065 0 0 1 standing 
7 382 213 431 318 12066 0 0 1 standing 
7 380 212 429 317 12067 0 0 1 standing 
7 378 212 427 316 12068 0 0 1 standing 
7 376 211 425 315 12069 0 0 1 standing 
8 593 333 655 453 12050 0 0 0 standing 
8 598 335 659 452 12051 0 0 1 standing 
8 603 337 663 452 12052 0 0 1 standing 
8 608 339 667 452 12053 0 0 1 standing 
8 614 342 671 452 12054 0 0 0 standing 
8 615 342 671 453 12055 0 0 1 standing 
8 617 342 672 455 12056 0 0 1 standing 
8 618 343 673 457 12057 0 0 1 standing 
8 620 343 674 459 12058 0 0 1 standing 
8 621 343 675 461 12059 0 0 1 standing 
8 623 344 676 463 12060 0 0 0 standing 
8 623 344 676 463 12061 0 0 1 standing 
8 623 345 676 464 12062 0 0 1 standing 
8 623 345 676 464 12063 0 0 1 standing 
8 624 346 677 465 12064 0 0 1 standing 
8 624 346 677 465 12065 0 0 1 standing 
8 624 347 677 466 12066 0 0 1 standing 
8 625 347 678 466 12067 0 0 1 standing 
8 625 348 678 467 12068 0 0 1 standing 
8 625 348 678 467 12069 0 0 1 standing 
9 726 356 783 499 12050 0 0 0 standing 
9 726 356 782 499 12051 0 0 1 standing 
9 726 357 781 499 12052 0 0 1 standing 
9 726 357 780 499 12053 0 0 1 standing 
9 727 358 780 499 12054 0 0 0 standing 
9 726 358 779 499 12055 0 0 1 standing 
9 725 359 779 499 12056 0 0 1 standing 
9 724 360 779 499 12057 0 0 1 standing 
9 723 361 778 499 12058 0 0 1 standing 
9 722 362 778 499 12059 0 0 1 standing 
9 721 363 778 499 12060 0 0 0 standing 
9 719 364 776 501 12061 0 0 1 standing 
9 718 366 775 503 12062 0 0 1 standing 
9 717 368 774 506 12063 0 0 1 standing 
9 716 370 773 508 12064 0 0 1 standing 
9 715 372 772 511 12065 0 0 1 standing 
9 713 374 770 513 12066 0 0 1 standing 
9 712 376 769 515 12067 0 0 1 standing 
9 711 378 768 518 12068 0 0 1 standing 
9 710 380 767 520 12069 0 0 1 standing 
10 686 263 724 388 12050 0 0 0 standing 
10 688 263 726 388 12051 0 0 1 standing 
10 691 263 729 388 12052 0 0 1 standing 
10 693 263 731 388 12053 0 0 1 standing 
10 696 264 734 389 12054 0 0 0 standing 
10 697 264 735 389 12055 0 0 1 standing 
10 698 264 736 389 12056 0 0 1 standing 
10 699 264 737 389 12057 0 0 1 standing 
10 700 264 738 389 12058 0 0 1 standing 
10 701 264 739 389 12059 0 0 1 standing 
10 702 265 740 390 12060 0 0 0 standing 
10 701 264 739 389 12061 0 0 1 standing 
10 701 264 739 389 12062 0 0 1 standing 
10 700 264 738 389 12063 0 0 1 standing 
10 700 264 738 389 12064 0 0 1 standing 
10 699 264 737 389 12065 0 0 1 standing 
10 699 264 737 389 12066 0 0 1 standing 
10 698 264 736 389 12067 0 0 1 standing 
10 698 264 736 389 12068 0 0 1 standing 
10 697 264 735 389 12069 0 0 1 standing 
11 1097 273 1150 385 12050 0 0 0 standing 
11 1098 274 1151 386 12051 0 0 1 standing 
11 1099 276 1152 388 12052 0 0 1 standing 
11 1100 277 1153 390 12053 0 0 1 standing 
11 1101 279 1154 392 12054 0 0 1 standing 
11 1103 280 1155 394 12055 0 0 1 standing 
11 1104 282 1156 396 12056 0 0 1 standing 
11 1105 283 1157 398 12057 0 0 1 standing 
11 1106 285 1158 400 12058 0 0 1 standing 
11 1107 286 1159 402 12059 0 0 1 standing 
11 1109 288 1161 404 12060 0 0 0 standing 
11 1107 288 1159 405 12061 0 0 1 standing 
11 1105 289 1157 406 12062 0 0 1 standing 
11 1103 290 1155 407 12063 0 0 1 standing 
11 1101 291 1153 408 12064 0 0 1 standing 
11 1099 292 1152 410 12065 0 0 0 standing 
11 1098 292 1151 411 12066 0 0 1 standing 
11 1097 293 1150 412 12067 0 0 1 standing 
11 1096 293 1149 413 12068 0 0 1 standing 
11 1095 294 1148 414 12069 0 0 1 standing 
