0 915 438 993 567 31060 0 1 0 digging 
0 916 438 994 567 31061 0 1 1 digging 
0 917 439 995 568 31062 0 1 1 digging 
0 918 439 996 568 31063 0 1 1 digging 
0 920 440 998 569 31064 0 1 1 digging 
0 921 440 999 569 31065 0 1 1 digging 
0 922 441 1000 570 31066 0 1 1 digging 
0 924 441 1002 570 31067 0 1 1 digging 
0 925 442 1003 571 31068 0 1 1 digging 
0 926 442 1004 571 31069 0 1 1 digging 
0 928 443 1006 572 31070 0 1 0 digging 
0 930 436 1008 570 31071 0 1 1 digging 
0 932 430 1010 568 31072 0 1 1 digging 
0 934 423 1012 566 31073 0 1 1 digging 
0 937 417 1015 565 31074 0 1 0 digging 
0 939 414 1017 563 31075 0 1 1 digging 
0 942 412 1020 562 31076 0 1 1 digging 
0 944 410 1023 561 31077 0 1 1 digging 
0 947 407 1025 560 31078 0 1 1 digging 
0 949 405 1028 559 31079 0 1 1 digging 
1 1051 374 1114 519 31060 0 0 0 digging 
1 1051 374 1115 518 31061 0 0 1 standing 
1 1051 374 1117 517 31062 0 0 1 standing 
1 1051 374 1118 517 31063 0 0 1 standing 
1 1051 374 1120 516 31064 0 0 1 standing 
1 1052 375 1122 516 31065 0 0 0 standing 
1 1051 375 1120 515 31066 0 0 1 standing 
1 1051 375 1118 515 31067 0 0 1 standing 
1 1050 375 1116 515 31068 0 0 1 standing 
1 1050 376 1115 515 31069 0 0 0 standing 
1 1047 375 1114 514 31070 0 0 1 standing 
1 1044 375 1114 514 31071 0 0 1 standing 
1 1042 375 1114 514 31072 0 0 1 standing 
1 1039 375 1113 513 31073 0 0 1 standing 
1 1036 375 1113 513 31074 0 0 1 standing 
1 1034 375 1113 513 31075 0 0 1 standing 
1 1031 375 1113 513 31076 0 0 1 standing 
1 1028 375 1112 512 31077 0 0 1 standing 
1 1026 375 1112 512 31078 0 0 1 standing 
1 1023 375 1112 512 31079 0 0 1 standing 
2 917 490 1017 675 31060 0 0 0 standing 
2 917 492 1016 676 31061 0 0 1 standing 
2 917 494 1016 677 31062 0 0 1 standing 
2 918 496 1015 678 31063 0 0 1 standing 
2 918 498 1015 679 31064 0 0 1 standing 
2 919 500 1015 681 31065 0 0 0 standing 
2 920 497 1014 680 31066 0 0 1 standing 
2 921 495 1013 680 31067 0 0 1 standing 
2 922 492 1012 679 31068 0 0 1 standing 
2 923 490 1012 679 31069 0 0 0 standing 
2 925 491 1014 680 31070 0 0 1 standing 
2 928 493 1017 681 31071 0 0 1 standing 
2 931 495 1020 683 31072 0 0 1 standing 
2 933 496 1022 684 31073 0 0 1 standing 
2 936 498 1025 685 31074 0 0 1 standing 
2 939 500 1028 687 31075 0 0 0 standing 
2 936 499 1030 686 31076 0 0 1 standing 
2 933 498 1033 685 31077 0 0 1 standing 
2 930 497 1036 684 31078 0 0 1 standing 
2 927 496 1039 683 31079 0 0 1 standing 
3 818 323 871 441 31060 0 0 0 standing 
3 823 322 879 441 31061 0 0 1 standing 
3 829 322 888 441 31062 0 0 1 standing 
3 834 322 896 441 31063 0 0 1 standing 
3 840 322 905 441 31064 0 0 1 standing 
3 846 322 914 441 31065 0 0 0 standing 
3 851 322 916 441 31066 0 0 1 standing 
3 856 322 918 441 31067 0 0 1 standing 
3 861 323 920 441 31068 0 0 1 standing 
3 866 323 922 441 31069 0 0 1 standing 
3 871 324 924 442 31070 0 0 0 standing 
3 876 323 930 441 31071 0 0 1 standing 
3 882 322 936 441 31072 0 0 1 standing 
3 888 321 943 441 31073 0 0 1 standing 
3 894 320 949 441 31074 0 0 1 standing 
3 900 320 956 441 31075 0 0 0 standing 
3 906 323 962 441 31076 0 0 1 standing 
3 912 326 968 441 31077 0 0 1 standing 
3 918 329 974 442 31078 0 0 1 standing 
3 924 332 980 442 31079 0 0 1 standing 
4 769 310 821 436 31060 0 0 0 standing 
4 773 310 825 434 31061 0 0 1 standing 
4 777 310 830 432 31062 0 0 1 standing 
4 781 310 835 431 31063 0 0 1 standing 
4 785 310 839 429 31064 0 0 1 standing 
4 789 310 844 428 31065 0 0 1 standing 
4 793 310 849 426 31066 0 0 1 standing 
4 797 310 853 424 31067 0 0 1 standing 
4 801 310 858 423 31068 0 0 1 standing 
4 805 310 863 421 31069 0 0 1 standing 
4 810 310 868 420 31070 0 0 0 standing 
4 810 307 869 421 31071 0 0 1 standing 
4 811 304 871 422 31072 0 0 1 standing 
4 811 301 872 423 31073 0 0 1 standing 
4 812 298 874 425 31074 0 0 0 standing 
4 813 300 876 426 31075 0 0 1 standing 
4 814 303 879 427 31076 0 0 1 standing 
4 815 306 881 428 31077 0 0 1 standing 
4 816 309 884 429 31078 0 0 1 standing 
4 817 312 886 430 31079 0 0 1 standing 
5 586 384 639 532 31060 0 0 0 standing 
5 587 383 640 532 31061 0 0 1 standing 
5 589 383 642 532 31062 0 0 1 standing 
5 591 383 644 532 31063 0 0 1 standing 
5 593 383 645 532 31064 0 0 1 standing 
5 595 383 647 532 31065 0 0 1 standing 
5 597 383 649 532 31066 0 0 1 standing 
5 599 383 650 532 31067 0 0 1 standing 
5 601 383 652 532 31068 0 0 1 standing 
5 603 383 654 532 31069 0 0 1 standing 
5 605 383 656 532 31070 0 0 0 standing 
5 607 382 659 530 31071 0 0 1 standing 
5 610 382 662 528 31072 0 0 1 standing 
5 612 382 665 527 31073 0 0 1 standing 
5 615 381 669 525 31074 0 0 1 standing 
5 617 381 672 524 31075 0 0 1 standing 
5 620 381 675 522 31076 0 0 1 standing 
5 622 380 679 520 31077 0 0 1 standing 
5 625 380 682 519 31078 0 0 1 standing 
5 627 380 685 517 31079 0 0 1 standing 
6 87 437 166 592 31060 0 0 0 standing 
6 91 436 168 591 31061 0 0 1 standing 
6 96 436 170 591 31062 0 0 1 standing 
6 101 435 172 591 31063 0 0 1 standing 
6 106 435 174 591 31064 0 0 1 standing 
6 111 434 177 591 31065 0 0 1 standing 
6 116 434 179 590 31066 0 0 1 standing 
6 121 433 181 590 31067 0 0 1 standing 
6 126 433 183 590 31068 0 0 1 standing 
6 131 432 185 590 31069 0 0 1 standing 
6 136 432 188 590 31070 0 0 0 standing 
6 140 432 192 590 31071 0 0 1 standing 
6 144 432 196 590 31072 0 0 1 standing 
6 148 432 200 590 31073 0 0 1 standing 
6 153 433 204 591 31074 0 0 0 standing 
6 156 432 208 590 31075 0 0 1 standing 
6 160 432 212 590 31076 0 0 1 standing 
6 164 432 216 590 31077 0 0 1 standing 
6 168 431 220 589 31078 0 0 1 standing 
6 172 431 224 589 31079 0 0 1 standing 
7 151 346 207 463 31060 0 0 0 standing 
7 148 346 205 463 31061 0 0 1 standing 
7 145 346 204 463 31062 0 0 1 standing 
7 143 346 202 463 31063 0 0 1 standing 
7 140 346 201 463 31064 0 0 1 standing 
7 138 347 200 463 31065 0 0 1 standing 
7 135 347 198 463 31066 0 0 1 standing 
7 132 347 197 463 31067 0 0 1 standing 
7 130 347 195 463 31068 0 0 1 standing 
7 127 347 194 463 31069 0 0 1 standing 
7 125 348 193 464 31070 0 0 0 standing 
7 128 347 193 463 31071 0 0 1 standing 
7 131 347 194 462 31072 0 0 1 standing 
7 134 346 194 461 31073 0 0 1 standing 
7 137 346 195 460 31074 0 0 0 standing 
7 134 345 195 459 31075 0 0 1 standing 
7 132 345 196 458 31076 0 0 1 standing 
7 130 345 196 458 31077 0 0 1 standing 
7 127 344 197 457 31078 0 0 1 standing 
7 125 344 197 456 31079 0 0 1 standing 
8 477 435 526 593 31060 0 0 0 standing 
8 478 435 527 593 31061 0 0 1 standing 
8 480 435 529 593 31062 0 0 1 standing 
8 481 435 530 593 31063 0 0 1 standing 
8 483 435 532 593 31064 0 0 1 standing 
8 485 436 534 594 31065 0 0 1 standing 
8 486 436 535 594 31066 0 0 1 standing 
8 488 436 537 594 31067 0 0 1 standing 
8 489 436 538 594 31068 0 0 1 standing 
8 491 436 540 594 31069 0 0 1 standing 
8 493 437 542 595 31070 0 0 0 standing 
8 493 435 543 591 31071 0 0 1 standing 
8 494 434 544 588 31072 0 0 1 standing 
8 494 432 545 584 31073 0 0 1 standing 
8 495 431 546 581 31074 0 0 0 standing 
8 497 433 549 581 31075 0 0 1 standing 
8 500 435 552 581 31076 0 0 1 standing 
8 503 438 556 582 31077 0 0 1 standing 
8 505 440 559 582 31078 0 0 1 standing 
8 508 442 562 582 31079 0 0 1 standing 
9 483 394 535 535 31060 0 0 0 standing 
9 484 393 536 535 31061 0 0 1 standing 
9 486 393 538 536 31062 0 0 1 standing 
9 488 393 540 536 31063 0 0 1 standing 
9 490 392 541 537 31064 0 0 1 standing 
9 492 392 543 537 31065 0 0 1 standing 
9 494 392 545 538 31066 0 0 1 standing 
9 496 391 546 538 31067 0 0 1 standing 
9 498 391 548 539 31068 0 0 1 standing 
9 500 391 550 539 31069 0 0 1 standing 
9 502 391 552 540 31070 0 0 0 standing 
9 504 391 554 539 31071 0 0 1 standing 
9 507 391 557 539 31072 0 0 1 standing 
9 510 392 560 538 31073 0 0 1 standing 
9 513 392 562 538 31074 0 0 1 standing 
9 516 393 565 537 31075 0 0 1 standing 
9 518 393 568 537 31076 0 0 1 standing 
9 521 393 570 536 31077 0 0 1 standing 
9 524 394 573 536 31078 0 0 1 standing 
9 527 394 576 535 31079 0 0 1 standing 
10 509 336 543 488 31060 0 0 0 standing 
10 510 335 544 487 31061 0 0 1 standing 
10 512 334 545 486 31062 0 0 1 standing 
10 513 333 547 485 31063 0 0 1 standing 
10 515 332 548 484 31064 0 0 1 standing 
10 517 331 550 483 31065 0 0 1 standing 
10 518 330 551 482 31066 0 0 1 standing 
10 520 329 552 481 31067 0 0 1 standing 
10 521 328 554 480 31068 0 0 1 standing 
10 523 327 555 479 31069 0 0 1 standing 
10 525 326 557 478 31070 0 0 0 standing 
10 526 326 560 476 31071 0 0 1 standing 
10 528 327 564 475 31072 0 0 1 standing 
10 530 328 567 474 31073 0 0 1 standing 
10 532 329 571 472 31074 0 0 1 standing 
10 534 330 574 471 31075 0 0 1 standing 
10 535 331 578 470 31076 0 0 1 standing 
10 537 332 581 468 31077 0 0 1 standing 
10 539 333 585 467 31078 0 0 1 standing 
10 541 334 588 466 31079 0 0 1 standing 
11 59 381 123 523 31060 0 0 0 standing 
11 58 381 121 523 31061 0 0 1 standing 
11 57 381 120 524 31062 0 0 1 standing 
11 56 381 119 525 31063 0 0 1 standing 
11 55 381 117 526 31064 0 0 1 standing 
11 54 381 116 526 31065 0 0 1 standing 
11 53 381 115 527 31066 0 0 1 standing 
11 52 381 113 528 31067 0 0 1 standing 
11 51 381 112 529 31068 0 0 1 standing 
11 50 381 111 530 31069 0 0 0 standing 
11 50 380 112 529 31070 0 0 1 standing 
11 51 380 113 529 31071 0 0 1 standing 
11 52 380 114 529 31072 0 0 1 standing 
11 53 380 115 529 31073 0 0 1 standing 
11 54 380 116 529 31074 0 0 1 standing 
11 55 380 117 528 31075 0 0 1 standing 
11 56 380 118 528 31076 0 0 1 standing 
11 57 380 119 528 31077 0 0 1 standing 
11 58 380 120 528 31078 0 0 1 standing 
11 59 380 121 528 31079 0 0 1 standing 
