0 334 389 371 467 9920 0 0 0 standing 
0 337 389 374 467 9921 0 0 1 standing 
0 340 389 377 467 9922 0 0 1 standing 
0 343 389 380 467 9923 0 0 1 standing 
0 346 389 383 467 9924 0 0 1 standing 
0 349 389 386 467 9925 0 0 1 standing 
0 352 389 389 467 9926 0 0 1 standing 
0 355 389 392 467 9927 0 0 1 standing 
0 358 389 395 467 9928 0 0 1 standing 
0 361 389 398 467 9929 0 0 1 standing 
0 364 389 401 467 9930 0 0 0 standing 
0 366 388 404 466 9931 0 0 1 standing 
0 369 388 408 465 9932 0 0 1 standing 
0 372 387 411 465 9933 0 0 1 standing 
0 375 387 415 464 9934 0 0 1 standing 
0 378 386 419 464 9935 0 0 1 standing 
0 381 386 422 463 9936 0 0 1 standing 
0 384 385 426 462 9937 0 0 1 standing 
0 387 385 429 462 9938 0 0 1 standing 
0 390 384 433 461 9939 0 0 1 standing 
1 384 415 417 507 9920 0 0 0 standing 
1 385 416 418 508 9921 0 0 1 standing 
1 386 417 419 509 9922 0 0 1 standing 
1 387 419 420 511 9923 0 0 1 standing 
1 388 420 421 512 9924 0 0 1 standing 
1 389 422 422 514 9925 0 0 1 standing 
1 390 423 423 515 9926 0 0 1 standing 
1 391 424 424 516 9927 0 0 1 standing 
1 392 426 425 518 9928 0 0 1 standing 
1 393 427 426 519 9929 0 0 1 standing 
1 394 429 427 521 9930 0 0 0 standing 
1 393 430 426 524 9931 0 0 1 standing 
1 393 431 426 527 9932 0 0 1 standing 
1 393 433 425 530 9933 0 0 1 standing 
1 393 434 425 533 9934 0 0 1 standing 
1 393 436 425 537 9935 0 0 0 standing 
1 393 437 425 536 9936 0 0 1 standing 
1 393 439 425 536 9937 0 0 1 standing 
1 393 440 425 536 9938 0 0 1 standing 
1 393 442 425 536 9939 0 0 1 standing 
2 451 359 496 445 9920 0 0 0 standing 
2 454 359 499 445 9921 0 0 1 standing 
2 458 359 503 445 9922 0 0 1 standing 
2 461 359 506 445 9923 0 0 1 standing 
2 465 359 510 445 9924 0 0 1 standing 
2 468 360 513 446 9925 0 0 1 standing 
2 472 360 517 446 9926 0 0 1 standing 
2 475 360 520 446 9927 0 0 1 standing 
2 479 360 524 446 9928 0 0 1 standing 
2 482 360 527 446 9929 0 0 1 standing 
2 486 361 531 447 9930 0 0 0 standing 
2 487 361 534 446 9931 0 0 1 standing 
2 489 361 538 446 9932 0 0 1 standing 
2 490 361 541 446 9933 0 0 1 standing 
2 492 362 545 446 9934 0 0 0 standing 
2 497 362 544 448 9935 0 0 1 standing 
2 503 363 544 450 9936 0 0 1 standing 
2 509 364 544 453 9937 0 0 0 standing 
2 514 364 544 452 9938 0 0 1 standing 
2 520 365 545 451 9939 0 0 1 standing 
3 558 391 582 478 9920 0 0 0 standing 
3 558 392 582 479 9921 0 0 1 standing 
3 558 393 582 480 9922 0 0 1 standing 
3 558 394 582 481 9923 0 0 1 standing 
3 558 395 582 482 9924 0 0 1 standing 
3 558 396 582 483 9925 0 0 1 standing 
3 558 397 582 484 9926 0 0 1 standing 
3 558 398 582 485 9927 0 0 1 standing 
3 558 399 582 486 9928 0 0 1 standing 
3 558 400 582 487 9929 0 0 1 standing 
3 558 401 583 489 9930 0 0 0 standing 
3 558 401 583 489 9931 0 0 1 standing 
3 559 402 584 490 9932 0 0 1 standing 
3 560 402 585 490 9933 0 0 1 standing 
3 560 403 585 491 9934 0 0 1 standing 
3 561 404 586 492 9935 0 0 1 standing 
3 562 404 587 492 9936 0 0 1 standing 
3 562 405 587 493 9937 0 0 1 standing 
3 563 405 588 493 9938 0 0 1 standing 
3 564 406 589 494 9939 0 0 1 standing 
4 663 393 695 468 9920 0 1 0 standing 
4 663 394 696 467 9921 0 1 1 digging 
4 663 396 697 467 9922 0 1 1 digging 
4 664 397 698 467 9923 0 1 1 digging 
4 664 399 700 466 9924 0 1 1 digging 
4 664 400 701 466 9925 0 1 1 digging 
4 665 402 702 466 9926 0 1 1 digging 
4 665 403 703 466 9927 0 1 1 digging 
4 665 405 705 465 9928 0 1 1 digging 
4 666 406 706 465 9929 0 1 1 digging 
4 666 408 707 465 9930 0 1 1 digging 
4 667 410 709 465 9931 0 1 0 digging 
4 669 408 711 465 9932 0 1 1 digging 
4 672 406 713 466 9933 0 1 1 digging 
4 674 404 716 467 9934 0 1 1 digging 
4 677 402 718 467 9935 0 1 1 digging 
4 679 401 721 468 9936 0 1 1 digging 
4 682 399 723 469 9937 0 1 1 digging 
4 684 397 725 469 9938 0 1 1 digging 
4 687 395 728 470 9939 0 1 1 digging 
5 888 417 935 496 9920 0 0 1 digging 
5 889 416 936 495 9921 0 0 1 standing 
5 890 416 937 495 9922 0 0 1 standing 
5 891 415 937 494 9923 0 0 1 standing 
5 892 415 938 494 9924 0 0 1 standing 
5 893 414 939 493 9925 0 0 1 standing 
5 894 414 940 493 9926 0 0 1 standing 
5 895 413 940 492 9927 0 0 1 standing 
5 896 413 941 492 9928 0 0 1 standing 
5 897 412 942 491 9929 0 0 1 standing 
5 898 412 943 491 9930 0 0 0 standing 
5 900 411 944 491 9931 0 0 1 standing 
5 903 410 946 491 9932 0 0 1 standing 
5 906 410 948 491 9933 0 0 1 standing 
5 909 409 950 492 9934 0 0 1 standing 
5 912 409 952 492 9935 0 0 1 standing 
5 914 408 954 492 9936 0 0 1 standing 
5 917 407 956 493 9937 0 0 1 standing 
5 920 407 958 493 9938 0 0 1 standing 
5 923 406 960 493 9939 0 0 1 standing 
6 847 472 889 551 9920 0 0 0 standing 
6 846 471 888 550 9921 0 0 1 standing 
6 846 471 888 550 9922 0 0 1 standing 
6 845 470 887 549 9923 0 0 1 standing 
6 845 470 887 549 9924 0 0 1 standing 
6 845 470 887 549 9925 0 0 1 standing 
6 844 469 886 548 9926 0 0 1 standing 
6 844 469 886 548 9927 0 0 1 standing 
6 843 468 885 547 9928 0 0 1 standing 
6 843 468 885 547 9929 0 0 1 standing 
6 843 468 885 547 9930 0 0 0 standing 
6 843 466 884 546 9931 0 0 1 standing 
6 843 465 884 546 9932 0 0 1 standing 
6 844 464 884 546 9933 0 0 1 standing 
6 844 463 884 546 9934 0 0 1 standing 
6 845 462 884 546 9935 0 0 1 standing 
6 845 460 884 546 9936 0 0 1 standing 
6 845 459 884 546 9937 0 0 1 standing 
6 846 458 884 546 9938 0 0 1 standing 
6 846 457 884 546 9939 0 0 1 standing 
7 507 423 566 513 9920 0 0 0 standing 
7 508 423 565 513 9921 0 0 1 standing 
7 509 423 565 514 9922 0 0 1 standing 
7 510 424 565 515 9923 0 0 1 standing 
7 512 424 565 516 9924 0 0 1 standing 
7 513 425 565 517 9925 0 0 1 standing 
7 514 425 564 517 9926 0 0 1 standing 
7 516 425 564 518 9927 0 0 1 standing 
7 517 426 564 519 9928 0 0 1 standing 
7 518 426 564 520 9929 0 0 1 standing 
7 520 427 564 521 9930 0 0 0 standing 
7 516 426 563 520 9931 0 0 1 standing 
7 512 426 562 519 9932 0 0 1 standing 
7 509 425 561 519 9933 0 0 1 standing 
7 505 425 560 518 9934 0 0 1 standing 
7 501 424 559 517 9935 0 0 1 standing 
7 498 424 559 517 9936 0 0 0 standing 
7 494 423 551 516 9937 0 0 1 standing 
7 491 423 543 516 9938 0 0 1 standing 
7 487 422 535 516 9939 0 0 1 standing 
8 780 382 821 461 9920 0 0 0 standing 
8 777 382 819 461 9921 0 0 1 standing 
8 774 383 817 461 9922 0 0 1 standing 
8 772 383 815 462 9923 0 0 1 standing 
8 769 384 813 462 9924 0 0 1 standing 
8 767 384 811 463 9925 0 0 1 standing 
8 764 385 809 463 9926 0 0 1 standing 
8 761 385 807 463 9927 0 0 1 standing 
8 759 386 805 464 9928 0 0 1 standing 
8 756 386 803 464 9929 0 0 1 standing 
8 754 387 801 465 9930 0 0 0 standing 
8 751 387 798 465 9931 0 0 1 standing 
8 748 387 795 466 9932 0 0 1 standing 
8 745 387 792 467 9933 0 0 1 standing 
8 742 388 789 467 9934 0 0 1 standing 
8 739 388 786 468 9935 0 0 1 standing 
8 736 388 783 469 9936 0 0 1 standing 
8 733 389 780 469 9937 0 0 1 standing 
8 730 389 777 470 9938 0 0 1 standing 
8 727 389 774 471 9939 0 0 1 standing 
9 635 415 697 508 9920 0 0 0 standing 
9 635 415 698 507 9921 0 0 1 standing 
9 636 415 700 507 9922 0 0 1 standing 
9 637 416 702 507 9923 0 0 0 standing 
9 643 416 704 507 9924 0 0 1 standing 
9 650 417 706 508 9925 0 0 1 standing 
9 657 418 708 509 9926 0 0 1 standing 
9 663 418 710 510 9927 0 0 1 standing 
9 670 419 712 511 9928 0 0 1 standing 
9 677 420 714 512 9929 0 0 1 standing 
9 684 421 717 513 9930 0 0 0 standing 
9 688 421 721 513 9931 0 0 1 standing 
9 692 421 726 514 9932 0 0 1 standing 
9 696 421 731 515 9933 0 0 1 standing 
9 700 421 736 515 9934 0 0 1 standing 
9 705 421 741 516 9935 0 0 1 standing 
9 709 421 746 517 9936 0 0 1 standing 
9 713 421 751 517 9937 0 0 1 standing 
9 717 421 756 518 9938 0 0 1 standing 
9 721 421 761 519 9939 0 0 1 standing 
10 540 430 579 540 9920 0 0 0 standing 
10 541 429 580 539 9921 0 0 1 standing 
10 542 429 581 539 9922 0 0 1 standing 
10 543 428 582 538 9923 0 0 1 standing 
10 545 428 584 538 9924 0 0 1 standing 
10 546 428 585 538 9925 0 0 1 standing 
10 547 427 586 537 9926 0 0 1 standing 
10 549 427 588 537 9927 0 0 1 standing 
10 550 426 589 536 9928 0 0 1 standing 
10 551 426 590 536 9929 0 0 1 standing 
10 553 426 592 536 9930 0 0 0 standing 
10 553 426 592 536 9931 0 0 1 standing 
10 554 426 592 536 9932 0 0 1 standing 
10 555 426 592 536 9933 0 0 1 standing 
10 556 427 592 536 9934 0 0 1 standing 
10 557 427 593 537 9935 0 0 1 standing 
10 558 427 593 537 9936 0 0 1 standing 
10 559 428 593 537 9937 0 0 1 standing 
10 560 428 593 537 9938 0 0 1 standing 
10 561 428 593 537 9939 0 0 1 standing 
11 675 449 714 538 9920 0 0 0 standing 
11 678 450 718 540 9921 0 0 1 standing 
11 682 451 722 543 9922 0 0 1 standing 
11 686 452 726 546 9923 0 0 1 standing 
11 690 453 730 548 9924 0 0 1 standing 
11 694 454 735 551 9925 0 0 1 standing 
11 697 455 739 554 9926 0 0 1 standing 
11 701 456 743 556 9927 0 0 1 standing 
11 705 457 747 559 9928 0 0 1 standing 
11 709 458 751 562 9929 0 0 1 standing 
11 713 459 756 565 9930 0 0 0 standing 
11 716 461 759 567 9931 0 0 1 standing 
11 719 463 762 569 9932 0 0 1 standing 
11 723 465 765 571 9933 0 0 1 standing 
11 726 467 769 573 9934 0 0 1 standing 
11 730 469 772 575 9935 0 0 1 standing 
11 733 471 775 577 9936 0 0 1 standing 
11 736 473 779 579 9937 0 0 1 standing 
11 740 475 782 581 9938 0 0 1 standing 
11 743 477 785 583 9939 0 0 1 standing 
