0 7 394 82 530 28410 1 0 0 standing 
0 7 394 82 530 28411 1 0 1 standing 
0 7 394 82 530 28412 1 0 1 standing 
0 7 394 82 530 28413 1 0 1 standing 
0 7 394 82 530 28414 1 0 1 standing 
0 7 394 82 530 28415 1 0 1 standing 
0 7 394 82 530 28416 1 0 1 standing 
0 7 394 82 530 28417 0 0 0 standing 
0 12 393 81 530 28418 0 0 1 standing 
0 17 393 81 531 28419 0 0 1 standing 
0 23 393 81 532 28420 0 0 0 standing 
0 32 391 89 529 28421 0 0 1 standing 
0 42 389 98 527 28422 0 0 1 standing 
0 52 387 107 525 28423 0 0 1 standing 
0 61 385 116 523 28424 0 0 1 standing 
0 71 383 125 521 28425 0 0 1 standing 
0 81 381 133 519 28426 0 0 1 standing 
0 90 379 142 517 28427 0 0 1 standing 
0 100 377 151 515 28428 0 0 1 standing 
0 110 375 160 513 28429 0 0 1 standing 
1 199 450 291 598 28410 0 0 0 standing 
1 193 449 284 597 28411 0 0 1 moving 
1 188 448 277 597 28412 0 0 1 moving 
1 183 448 271 596 28413 0 0 1 moving 
1 178 447 264 596 28414 0 0 1 moving 
1 173 447 258 596 28415 0 0 0 moving 
1 175 446 258 596 28416 0 0 1 moving 
1 177 445 259 596 28417 0 0 1 moving 
1 179 445 260 596 28418 0 0 1 moving 
1 181 444 261 596 28419 0 0 1 moving 
1 184 444 262 596 28420 0 0 0 moving 
1 193 442 269 593 28421 0 0 1 moving 
1 202 440 277 591 28422 0 0 1 moving 
1 211 438 285 588 28423 0 0 1 moving 
1 220 436 293 586 28424 0 0 1 moving 
1 230 434 301 583 28425 0 0 1 moving 
1 239 432 309 581 28426 0 0 1 moving 
1 248 430 317 578 28427 0 0 1 moving 
1 257 428 325 576 28428 0 0 1 moving 
1 266 426 333 573 28429 0 0 1 moving 
2 216 371 279 477 28410 0 0 0 moving 
2 216 370 278 476 28411 0 0 1 waiting 
2 217 370 277 475 28412 0 0 1 waiting 
2 217 370 277 474 28413 0 0 1 waiting 
2 218 370 276 473 28414 0 0 1 waiting 
2 218 370 276 472 28415 0 0 1 waiting 
2 219 369 275 471 28416 0 0 1 waiting 
2 219 369 274 470 28417 0 0 1 waiting 
2 220 369 274 469 28418 0 0 1 waiting 
2 220 369 273 468 28419 0 0 1 waiting 
2 221 369 273 467 28420 0 0 0 waiting 
2 224 369 277 468 28421 0 0 1 waiting 
2 228 369 281 470 28422 0 0 1 waiting 
2 232 369 285 471 28423 0 0 1 waiting 
2 236 369 289 473 28424 0 0 1 waiting 
2 240 369 294 474 28425 0 0 1 waiting 
2 243 369 298 476 28426 0 0 1 waiting 
2 247 369 302 477 28427 0 0 1 waiting 
2 251 369 306 479 28428 0 0 1 waiting 
2 255 369 310 480 28429 0 0 1 waiting 
3 408 446 460 602 28410 0 0 0 waiting 
3 408 443 461 599 28411 0 0 1 standing 
3 409 441 463 597 28412 0 0 1 standing 
3 410 438 464 595 28413 0 0 1 standing 
3 411 436 466 593 28414 0 0 1 standing 
3 412 434 468 590 28415 0 0 1 standing 
3 413 431 469 588 28416 0 0 1 standing 
3 414 429 471 586 28417 0 0 1 standing 
3 415 427 473 584 28418 0 0 0 standing 
3 420 425 477 582 28419 0 0 1 standing 
3 426 424 481 581 28420 0 0 1 standing 
3 431 423 486 579 28421 0 0 1 standing 
3 437 421 490 578 28422 0 0 1 standing 
3 442 420 494 576 28423 0 0 1 standing 
3 448 419 499 575 28424 0 0 1 standing 
3 454 417 503 574 28425 0 0 1 standing 
3 459 416 507 572 28426 0 0 1 standing 
3 465 415 512 571 28427 0 0 1 standing 
3 470 413 516 569 28428 0 0 1 standing 
3 476 412 520 568 28429 0 0 1 standing 
4 328 380 394 505 28410 0 0 0 standing 
4 335 379 399 503 28411 0 0 1 standing 
4 343 379 404 502 28412 0 0 1 standing 
4 351 379 409 501 28413 0 0 1 standing 
4 358 378 414 500 28414 0 0 1 standing 
4 366 378 419 499 28415 0 0 1 standing 
4 374 378 424 497 28416 0 0 1 standing 
4 381 377 429 496 28417 0 0 1 standing 
4 389 377 434 495 28418 0 0 1 standing 
4 397 377 439 494 28419 0 0 1 standing 
4 405 377 445 493 28420 0 0 0 standing 
4 409 376 451 495 28421 0 0 1 standing 
4 414 376 457 497 28422 0 0 1 standing 
4 418 376 463 499 28423 0 0 1 standing 
4 423 376 469 501 28424 0 0 1 standing 
4 427 376 476 503 28425 0 0 1 standing 
4 432 375 482 505 28426 0 0 1 standing 
4 436 375 488 507 28427 0 0 1 standing 
4 441 375 494 509 28428 0 0 1 standing 
4 445 375 500 511 28429 0 0 1 standing 
5 382 335 439 459 28410 0 0 0 standing 
5 384 335 440 460 28411 0 0 1 standing 
5 387 336 441 461 28412 0 0 1 standing 
5 390 337 442 462 28413 0 0 1 standing 
5 392 338 443 463 28414 0 0 1 standing 
5 395 339 445 464 28415 0 0 1 standing 
5 398 340 446 465 28416 0 0 1 standing 
5 400 341 447 466 28417 0 0 1 standing 
5 403 342 448 467 28418 0 0 1 standing 
5 406 343 449 468 28419 0 0 1 standing 
5 409 344 451 470 28420 0 0 0 standing 
5 415 344 457 470 28421 0 0 1 standing 
5 421 345 464 471 28422 0 0 1 standing 
5 427 346 471 471 28423 0 0 1 standing 
5 433 346 478 472 28424 0 0 1 standing 
5 440 347 485 473 28425 0 0 1 standing 
5 446 348 492 473 28426 0 0 1 standing 
5 452 348 499 474 28427 0 0 1 standing 
5 458 349 506 474 28428 0 0 1 standing 
5 464 350 513 475 28429 0 0 1 standing 
6 493 350 551 497 28410 0 0 0 standing 
6 493 353 549 498 28411 0 0 1 standing 
6 493 356 547 500 28412 0 0 1 standing 
6 493 360 545 502 28413 0 0 1 standing 
6 493 363 543 504 28414 0 0 1 standing 
6 493 366 541 506 28415 0 0 1 standing 
6 493 370 539 508 28416 0 0 1 standing 
6 493 373 537 510 28417 0 0 1 standing 
6 493 377 536 512 28418 0 0 0 standing 
6 497 377 541 513 28419 0 0 1 standing 
6 502 378 546 514 28420 0 0 1 standing 
6 506 379 551 516 28421 0 0 1 standing 
6 511 380 556 517 28422 0 0 1 standing 
6 515 380 561 519 28423 0 0 1 standing 
6 520 381 566 520 28424 0 0 1 standing 
6 524 382 571 521 28425 0 0 1 standing 
6 529 383 576 523 28426 0 0 1 standing 
6 533 383 581 524 28427 0 0 1 standing 
6 538 384 586 526 28428 0 0 1 standing 
6 542 385 591 527 28429 0 0 1 standing 
7 493 334 537 466 28410 0 0 0 standing 
7 492 340 539 469 28411 0 0 1 standing 
7 491 346 541 473 28412 0 0 1 standing 
7 490 352 544 477 28413 0 0 1 standing 
7 489 358 546 481 28414 0 0 1 standing 
7 488 364 548 485 28415 0 0 1 standing 
7 487 370 551 489 28416 0 0 1 standing 
7 486 376 553 493 28417 0 0 1 standing 
7 486 383 556 497 28418 0 0 0 standing 
7 491 383 561 497 28419 0 0 1 standing 
7 496 383 566 497 28420 0 0 1 standing 
7 502 383 571 497 28421 0 0 1 standing 
7 507 383 577 497 28422 0 0 1 standing 
7 512 383 582 497 28423 0 0 1 standing 
7 518 384 587 498 28424 0 0 1 standing 
7 523 384 592 498 28425 0 0 1 standing 
7 528 384 598 498 28426 0 0 1 standing 
7 534 384 603 498 28427 0 0 1 standing 
7 539 384 608 498 28428 0 0 1 standing 
7 544 384 613 498 28429 0 0 1 standing 
8 564 417 641 547 28410 1 0 1 standing 
8 559 417 639 548 28411 1 0 1 digging 
8 555 418 638 549 28412 0 1 0 digging 
8 563 417 642 547 28413 0 1 1 digging 
8 572 417 647 546 28414 0 1 1 digging 
8 580 416 651 544 28415 0 1 1 digging 
8 589 416 656 543 28416 0 1 1 digging 
8 597 416 660 541 28417 0 1 1 digging 
8 606 415 665 540 28418 0 1 1 digging 
8 614 415 669 538 28419 0 1 1 digging 
8 623 415 674 537 28420 0 1 0 digging 
8 630 412 681 533 28421 0 1 1 digging 
8 638 409 688 529 28422 0 1 1 digging 
8 646 407 696 526 28423 0 1 1 digging 
8 653 404 703 522 28424 0 1 1 digging 
8 661 402 711 519 28425 0 1 1 digging 
8 669 399 718 515 28426 0 1 1 digging 
8 676 396 725 511 28427 0 1 1 digging 
8 684 394 733 508 28428 0 1 1 digging 
8 692 391 740 504 28429 0 1 1 digging 
9 749 431 842 530 28410 0 1 0 digging 
9 744 431 829 530 28411 0 1 1 digging 
9 740 431 816 530 28412 0 1 1 digging 
9 736 431 803 530 28413 0 1 1 digging 
9 732 431 790 530 28414 0 1 0 digging 
9 728 431 786 531 28415 0 1 1 digging 
9 724 431 783 532 28416 0 1 1 digging 
9 720 431 779 533 28417 0 1 1 digging 
9 716 432 776 534 28418 0 1 0 digging 
9 719 429 779 532 28419 0 1 1 digging 
9 722 427 782 531 28420 0 1 1 digging 
9 725 425 785 530 28421 0 1 1 digging 
9 728 423 788 529 28422 0 1 1 digging 
9 731 421 791 528 28423 0 1 0 digging 
9 737 418 797 527 28424 0 1 1 digging 
9 743 416 803 526 28425 0 1 1 digging 
9 749 414 809 525 28426 0 1 1 digging 
9 755 412 815 524 28427 0 1 1 digging 
9 761 410 821 523 28428 0 1 1 digging 
9 767 408 827 522 28429 0 1 1 digging 
10 857 352 925 463 28410 0 0 0 digging 
10 853 352 923 463 28411 0 0 1 standing 
10 850 352 922 463 28412 0 0 1 standing 
10 847 352 921 463 28413 0 0 1 standing 
10 844 352 920 463 28414 0 0 0 standing 
10 843 352 921 463 28415 0 0 1 standing 
10 842 352 922 463 28416 0 0 1 standing 
10 841 352 923 463 28417 0 0 1 standing 
10 840 352 924 463 28418 0 0 1 standing 
10 839 352 925 463 28419 0 0 1 standing 
10 838 352 926 463 28420 0 0 0 standing 
10 843 351 929 463 28421 0 0 1 standing 
10 848 351 933 464 28422 0 0 1 standing 
10 853 350 937 465 28423 0 0 1 standing 
10 858 350 940 466 28424 0 0 1 standing 
10 863 350 944 467 28425 0 0 1 standing 
10 868 349 948 467 28426 0 0 1 standing 
10 873 349 951 468 28427 0 0 1 standing 
10 878 348 955 469 28428 0 0 1 standing 
10 883 348 959 470 28429 0 0 1 standing 
11 941 362 1006 496 28410 0 0 0 standing 
11 940 361 1000 495 28411 0 0 1 standing 
11 939 361 994 495 28412 0 0 1 standing 
11 938 361 988 494 28413 0 0 1 standing 
11 937 361 983 494 28414 0 0 0 standing 
11 936 361 987 494 28415 0 0 1 standing 
11 936 361 991 495 28416 0 0 1 standing 
11 935 361 995 495 28417 0 0 1 standing 
11 935 362 1000 496 28418 0 0 0 standing 
11 940 361 1004 495 28419 0 0 1 standing 
11 945 361 1009 495 28420 0 0 1 standing 
11 951 361 1014 495 28421 0 0 1 standing 
11 956 361 1019 495 28422 0 0 1 standing 
11 961 361 1024 495 28423 0 0 1 standing 
11 967 361 1029 495 28424 0 0 1 standing 
11 972 361 1034 494 28425 0 0 1 standing 
11 977 361 1039 494 28426 0 0 1 standing 
11 983 361 1044 494 28427 0 0 1 standing 
11 988 361 1049 494 28428 0 0 1 standing 
11 993 361 1054 494 28429 0 0 1 standing 
