0 943 315 1020 462 51685 0 1 0 spiking 
0 942 313 1017 459 51686 0 1 1 spiking 
0 942 311 1015 456 51687 0 1 1 spiking 
0 942 310 1013 453 51688 0 1 1 spiking 
0 942 308 1011 451 51689 0 1 1 spiking 
0 942 306 1008 448 51690 0 1 1 spiking 
0 942 305 1006 445 51691 0 1 1 spiking 
0 942 303 1004 442 51692 0 1 1 spiking 
0 942 302 1002 440 51693 0 1 0 spiking 
0 940 306 1000 444 51694 0 1 1 spiking 
0 939 310 998 448 51695 0 1 1 spiking 
0 937 314 996 452 51696 0 1 1 spiking 
0 936 318 995 457 51697 0 1 1 spiking 
0 934 322 993 461 51698 0 1 1 spiking 
0 933 326 991 465 51699 0 1 1 spiking 
0 931 330 989 469 51700 0 1 1 spiking 
0 930 334 988 474 51701 0 1 1 spiking 
0 928 338 986 478 51702 0 1 1 spiking 
0 927 342 984 482 51703 0 1 1 spiking 
0 925 346 982 486 51704 0 1 1 spiking 
1 649 376 698 494 51685 0 0 0 spiking 
1 655 368 706 491 51686 0 0 1 blocking 
1 661 361 714 488 51687 0 0 1 blocking 
1 667 354 722 485 51688 0 0 1 blocking 
1 673 347 730 482 51689 0 0 1 blocking 
1 679 340 738 479 51690 0 0 1 blocking 
1 685 332 746 476 51691 0 0 1 blocking 
1 691 325 754 473 51692 0 0 1 blocking 
1 697 318 762 470 51693 0 0 1 blocking 
1 703 311 770 467 51694 0 0 1 blocking 
1 710 304 779 465 51695 0 1 0 blocking 
1 713 306 783 467 51696 0 1 1 blocking 
1 717 309 787 470 51697 0 1 1 blocking 
1 721 312 791 472 51698 0 1 1 blocking 
1 725 314 795 475 51699 0 1 1 blocking 
1 729 317 799 478 51700 0 1 1 blocking 
1 732 320 803 480 51701 0 1 1 blocking 
1 736 322 807 483 51702 0 1 1 blocking 
1 740 325 811 485 51703 0 1 1 blocking 
1 744 328 815 488 51704 0 1 1 blocking 
2 661 355 709 475 51685 0 1 0 blocking 
2 666 349 715 471 51686 0 1 1 blocking 
2 672 343 722 468 51687 0 1 1 blocking 
2 677 337 728 464 51688 0 1 1 blocking 
2 683 332 735 461 51689 0 1 1 blocking 
2 689 326 742 458 51690 0 1 1 blocking 
2 694 320 748 454 51691 0 1 1 blocking 
2 700 315 755 451 51692 0 1 1 blocking 
2 705 309 761 447 51693 0 1 1 blocking 
2 711 303 768 444 51694 0 1 1 blocking 
2 717 298 775 441 51695 0 1 0 blocking 
2 722 300 779 445 51696 0 1 1 blocking 
2 728 302 784 450 51697 0 1 1 blocking 
2 734 305 789 455 51698 0 1 1 blocking 
2 739 307 794 459 51699 0 1 1 blocking 
2 745 310 799 464 51700 0 1 1 blocking 
2 751 312 803 469 51701 0 1 1 blocking 
2 756 314 808 473 51702 0 1 1 blocking 
2 762 317 813 478 51703 0 1 1 blocking 
2 768 319 818 483 51704 0 1 1 blocking 
3 291 355 359 468 51685 0 0 0 blocking 
3 296 359 364 467 51686 0 0 1 waiting 
3 301 364 369 467 51687 0 0 1 waiting 
3 306 368 374 466 51688 0 0 1 waiting 
3 311 373 379 466 51689 0 0 0 waiting 
3 317 374 382 468 51690 0 0 1 waiting 
3 324 375 386 470 51691 0 0 1 waiting 
3 331 376 390 473 51692 0 0 0 waiting 
3 335 377 394 474 51693 0 0 1 waiting 
3 339 378 398 476 51694 0 0 1 waiting 
3 343 380 402 478 51695 0 0 0 waiting 
3 347 379 405 479 51696 0 0 1 waiting 
3 352 378 408 480 51697 0 0 1 waiting 
3 357 378 411 481 51698 0 0 0 waiting 
3 362 378 414 481 51699 0 0 1 waiting 
3 367 378 418 482 51700 0 0 1 waiting 
3 373 379 422 483 51701 0 0 0 waiting 
3 378 380 428 482 51702 0 0 1 waiting 
3 383 381 435 481 51703 0 0 1 waiting 
3 389 383 442 481 51704 0 0 0 waiting 
4 746 398 798 542 51685 0 0 0 waiting 
4 747 397 800 541 51686 0 0 1 standing 
4 749 397 802 541 51687 0 0 1 standing 
4 750 396 804 541 51688 0 0 1 standing 
4 752 396 806 541 51689 0 0 0 standing 
4 758 394 808 536 51690 0 0 1 standing 
4 764 392 811 532 51691 0 0 1 standing 
4 771 390 814 528 51692 0 0 0 standing 
4 777 391 820 526 51693 0 0 1 standing 
4 784 392 826 524 51694 0 0 1 standing 
4 791 394 833 523 51695 0 0 0 standing 
4 791 396 841 521 51696 0 0 1 standing 
4 791 398 850 520 51697 0 0 1 standing 
4 791 400 859 519 51698 0 0 0 standing 
4 795 403 865 519 51699 0 0 1 standing 
4 800 407 871 519 51700 0 0 1 standing 
4 805 411 877 519 51701 0 0 0 standing 
4 810 409 883 519 51702 0 0 1 standing 
4 816 408 889 519 51703 0 0 1 standing 
4 822 407 896 520 51704 0 0 0 standing 
5 891 458 969 630 51685 0 0 0 standing 
5 890 458 964 628 51686 0 0 1 standing 
5 889 458 960 626 51687 0 0 1 standing 
5 888 458 955 624 51688 0 0 1 standing 
5 887 459 951 623 51689 0 0 0 standing 
5 890 455 950 623 51690 0 0 1 standing 
5 893 452 950 623 51691 0 0 1 standing 
5 896 449 950 623 51692 0 0 0 standing 
5 898 452 952 622 51693 0 0 1 standing 
5 900 455 954 622 51694 0 0 1 standing 
5 903 458 957 622 51695 0 0 0 standing 
5 903 456 957 619 51696 0 0 1 standing 
5 904 455 958 617 51697 0 0 1 standing 
5 905 454 959 615 51698 0 0 1 standing 
5 906 452 960 612 51699 0 0 1 standing 
5 907 451 961 610 51700 0 0 1 standing 
5 908 450 962 608 51701 0 0 0 standing 
5 909 449 964 607 51702 0 0 1 standing 
5 910 449 967 607 51703 0 0 1 standing 
5 911 448 969 606 51704 0 0 1 standing 
6 997 399 1079 499 51685 0 0 0 standing 
6 996 397 1075 497 51686 0 0 1 moving 
6 996 396 1072 495 51687 0 0 1 moving 
6 995 394 1068 493 51688 0 0 1 moving 
6 995 393 1065 492 51689 0 0 0 moving 
6 990 393 1064 491 51690 0 0 1 moving 
6 985 393 1064 491 51691 0 0 1 moving 
6 981 393 1064 491 51692 0 0 0 moving 
6 985 391 1066 494 51693 0 0 1 moving 
6 989 389 1069 497 51694 0 0 1 moving 
6 994 388 1072 501 51695 0 0 0 moving 
6 996 390 1063 505 51696 0 0 1 moving 
6 998 392 1055 509 51697 0 0 1 moving 
6 1000 395 1047 514 51698 0 0 0 moving 
6 994 397 1045 514 51699 0 0 1 moving 
6 988 400 1043 515 51700 0 0 1 moving 
6 983 403 1042 516 51701 0 0 0 moving 
6 987 405 1043 517 51702 0 0 1 moving 
6 991 408 1044 519 51703 0 0 1 moving 
6 995 411 1045 521 51704 0 0 1 moving 
7 1024 425 1106 563 51685 0 0 0 moving 
7 1034 426 1112 563 51686 0 0 1 standing 
7 1045 427 1118 563 51687 0 0 1 standing 
7 1056 428 1124 563 51688 0 0 1 standing 
7 1067 430 1131 564 51689 0 0 0 standing 
7 1080 430 1144 564 51690 0 0 1 standing 
7 1093 430 1157 564 51691 0 0 1 standing 
7 1106 430 1170 564 51692 0 0 0 standing 
7 1119 433 1183 567 51693 0 0 1 standing 
7 1133 437 1197 571 51694 0 0 1 standing 
7 1147 441 1211 575 51695 0 0 0 standing 
7 1157 446 1229 581 51696 0 0 1 standing 
7 1167 451 1247 587 51697 0 0 1 standing 
7 1177 457 1266 594 51698 0 0 0 standing 
7 1188 462 1269 596 51699 0 0 1 standing 
7 1200 467 1272 598 51700 0 0 1 standing 
7 1212 473 1276 600 51701 0 0 0 standing 
7 1221 471 1276 599 51702 0 0 1 standing 
7 1231 470 1277 598 51703 0 0 1 standing 
7 1241 469 1278 598 51704 0 0 0 standing 
8 1013 455 1124 595 51685 0 0 0 standing 
8 1016 456 1127 596 51686 0 0 1 standing 
8 1020 458 1130 597 51687 0 0 1 standing 
8 1023 459 1133 598 51688 0 0 1 standing 
8 1027 461 1136 599 51689 0 0 0 standing 
8 1032 461 1136 600 51690 0 0 1 standing 
8 1037 462 1136 601 51691 0 0 1 standing 
8 1042 463 1137 602 51692 0 0 0 standing 
8 1048 464 1135 605 51693 0 0 1 standing 
8 1054 466 1133 608 51694 0 0 1 standing 
8 1060 468 1132 611 51695 0 0 0 standing 
8 1063 469 1133 612 51696 0 0 1 standing 
8 1066 470 1134 613 51697 0 0 1 standing 
8 1069 471 1136 614 51698 0 0 0 standing 
8 1075 470 1139 615 51699 0 0 1 standing 
8 1081 470 1142 616 51700 0 0 1 standing 
8 1087 470 1146 618 51701 0 0 0 standing 
8 1093 469 1151 618 51702 0 0 1 standing 
8 1100 468 1157 618 51703 0 0 1 standing 
8 1107 467 1162 618 51704 0 0 1 standing 
9 558 436 631 580 51685 0 0 0 standing 
9 556 437 631 580 51686 0 0 1 standing 
9 554 439 631 580 51687 0 0 1 standing 
9 552 440 631 580 51688 0 0 1 standing 
9 550 442 632 581 51689 0 0 0 standing 
9 552 440 631 580 51690 0 0 1 standing 
9 554 439 630 580 51691 0 0 1 standing 
9 556 438 630 580 51692 0 0 0 standing 
9 559 438 632 575 51693 0 0 1 standing 
9 562 438 635 571 51694 0 0 1 standing 
9 566 438 638 567 51695 0 0 0 standing 
9 568 437 644 561 51696 0 0 1 standing 
9 570 437 650 556 51697 0 0 1 standing 
9 573 437 656 551 51698 0 0 0 standing 
9 575 439 658 550 51699 0 0 1 standing 
9 578 442 661 549 51700 0 0 1 standing 
9 581 445 664 549 51701 0 0 0 standing 
9 585 445 665 550 51702 0 0 1 standing 
9 590 445 666 551 51703 0 0 1 standing 
9 595 445 667 552 51704 0 0 1 standing 
10 244 480 336 583 51685 0 0 0 standing 
10 249 480 341 582 51686 0 0 1 digging 
10 254 481 346 582 51687 0 0 1 digging 
10 259 482 351 582 51688 0 0 1 digging 
10 264 483 356 582 51689 0 0 0 digging 
10 270 485 361 582 51690 0 0 1 digging 
10 276 487 366 582 51691 0 0 1 digging 
10 283 489 372 583 51692 0 0 0 digging 
10 289 489 376 584 51693 0 0 1 digging 
10 295 489 380 586 51694 0 0 1 digging 
10 301 489 385 588 51695 0 0 0 digging 
10 307 489 388 588 51696 0 0 1 digging 
10 314 489 391 588 51697 0 0 1 digging 
10 321 490 395 589 51698 0 0 0 digging 
10 326 487 398 588 51699 0 0 1 digging 
10 331 484 402 588 51700 0 0 1 digging 
10 337 481 406 588 51701 0 0 0 digging 
10 343 478 416 588 51702 0 0 1 digging 
10 350 475 426 589 51703 0 0 1 digging 
10 357 473 436 590 51704 0 0 0 digging 
11 160 429 240 547 51685 0 0 0 digging 
11 166 429 242 546 51686 0 0 1 waiting 
11 173 429 245 545 51687 0 0 1 waiting 
11 179 429 247 544 51688 0 0 1 waiting 
11 186 430 250 544 51689 0 0 0 waiting 
11 192 429 253 544 51690 0 0 1 waiting 
11 199 428 256 545 51691 0 0 1 waiting 
11 206 428 260 546 51692 0 0 0 waiting 
11 212 426 266 545 51693 0 0 1 waiting 
11 219 424 272 545 51694 0 0 1 waiting 
11 226 423 279 545 51695 0 0 0 waiting 
11 231 424 284 544 51696 0 0 1 waiting 
11 237 425 290 543 51697 0 0 1 waiting 
11 243 426 296 543 51698 0 0 0 waiting 
11 247 425 302 543 51699 0 0 1 waiting 
11 251 425 308 543 51700 0 0 1 waiting 
11 256 425 315 544 51701 0 0 0 waiting 
11 263 424 320 543 51702 0 0 1 waiting 
11 270 424 326 543 51703 0 0 1 waiting 
11 278 424 332 543 51704 0 0 0 waiting 
