0 334 385 428 507 30455 0 1 0 standing 
0 338 383 430 505 30456 0 1 1 standing 
0 343 382 432 504 30457 0 1 1 standing 
0 348 381 434 503 30458 0 1 1 standing 
0 352 379 436 502 30459 0 1 1 standing 
0 357 378 438 501 30460 0 1 1 standing 
0 362 377 440 499 30461 0 1 1 standing 
0 366 375 442 498 30462 0 1 1 standing 
0 371 374 444 497 30463 0 1 1 standing 
0 376 373 446 496 30464 0 1 1 standing 
0 381 372 448 495 30465 0 1 0 standing 
0 382 370 447 493 30466 0 1 1 standing 
0 383 369 447 492 30467 0 1 1 standing 
0 384 367 447 490 30468 0 1 1 standing 
0 386 366 446 489 30469 0 1 1 standing 
0 387 364 446 487 30470 0 1 1 standing 
0 388 363 446 486 30471 0 1 1 standing 
0 390 361 445 484 30472 0 1 1 standing 
0 391 360 445 483 30473 0 1 1 standing 
0 392 358 445 481 30474 0 1 1 standing 
1 389 331 434 459 30455 0 1 0 standing 
1 389 331 434 459 30456 0 1 1 standing 
1 389 331 434 459 30457 0 1 1 standing 
1 389 331 434 459 30458 0 1 1 standing 
1 390 332 435 460 30459 0 1 1 standing 
1 390 332 435 460 30460 0 1 1 standing 
1 390 332 435 460 30461 0 1 1 standing 
1 391 332 436 461 30462 0 1 1 standing 
1 391 333 436 461 30463 0 1 1 standing 
1 391 333 436 461 30464 0 1 1 standing 
1 392 333 437 462 30465 0 1 1 standing 
1 392 333 437 462 30466 0 1 1 standing 
1 392 334 437 462 30467 0 1 1 standing 
1 392 334 437 462 30468 0 1 1 standing 
1 393 334 438 463 30469 0 1 1 standing 
1 393 334 438 463 30470 0 1 1 standing 
1 393 335 438 463 30471 0 1 1 standing 
1 394 335 439 464 30472 0 1 1 standing 
1 394 335 439 464 30473 0 1 1 standing 
1 394 335 439 464 30474 0 1 1 standing 
2 404 331 456 447 30455 0 1 0 standing 
2 404 331 456 447 30456 0 1 1 standing 
2 405 332 456 448 30457 0 1 1 standing 
2 406 333 456 448 30458 0 1 1 standing 
2 407 333 456 449 30459 0 1 1 standing 
2 408 334 456 450 30460 0 1 1 standing 
2 409 335 456 450 30461 0 1 1 standing 
2 410 335 456 451 30462 0 1 1 standing 
2 411 336 456 451 30463 0 1 1 standing 
2 412 337 456 452 30464 0 1 1 standing 
2 413 338 457 453 30465 0 1 0 standing 
2 413 338 457 453 30466 0 1 1 standing 
2 413 338 457 453 30467 0 1 1 standing 
2 413 338 457 453 30468 0 1 1 standing 
2 414 338 457 453 30469 0 1 1 standing 
2 414 338 458 453 30470 0 1 1 standing 
2 414 338 458 453 30471 0 1 1 standing 
2 415 338 458 453 30472 0 1 1 standing 
2 415 338 458 453 30473 0 1 1 standing 
2 415 338 458 453 30474 0 1 1 standing 
3 440 365 543 499 30455 0 1 0 standing 
3 440 364 541 498 30456 0 1 1 standing 
3 441 364 540 498 30457 0 1 1 standing 
3 441 364 538 497 30458 0 1 1 standing 
3 442 363 537 497 30459 0 1 1 standing 
3 442 363 535 497 30460 0 1 1 standing 
3 443 363 534 496 30461 0 1 1 standing 
3 443 362 532 496 30462 0 1 1 standing 
3 444 362 531 495 30463 0 1 1 standing 
3 444 362 529 495 30464 0 1 1 standing 
3 445 362 528 495 30465 0 1 0 standing 
3 444 361 525 494 30466 0 1 1 standing 
3 444 360 523 493 30467 0 1 1 standing 
3 444 359 520 492 30468 0 1 1 standing 
3 443 359 518 491 30469 0 1 1 standing 
3 443 358 516 491 30470 0 1 1 standing 
3 443 357 513 490 30471 0 1 1 standing 
3 442 357 511 489 30472 0 1 1 standing 
3 442 356 508 488 30473 0 1 1 standing 
3 442 355 506 487 30474 0 1 1 standing 
4 461 324 515 440 30455 0 1 0 standing 
4 460 324 512 440 30456 0 1 1 standing 
4 459 324 510 440 30457 0 1 1 standing 
4 458 324 508 440 30458 0 1 1 standing 
4 457 325 505 440 30459 0 1 1 standing 
4 457 325 503 440 30460 0 1 1 standing 
4 456 325 501 440 30461 0 1 1 standing 
4 455 326 498 440 30462 0 1 1 standing 
4 454 326 496 440 30463 0 1 1 standing 
4 453 326 494 440 30464 0 1 1 standing 
4 453 327 492 441 30465 0 1 0 standing 
4 451 327 490 441 30466 0 1 1 standing 
4 450 327 489 441 30467 0 1 1 standing 
4 449 327 488 441 30468 0 1 1 standing 
4 448 327 487 441 30469 0 1 1 standing 
4 447 327 486 441 30470 0 1 1 standing 
4 446 327 485 441 30471 0 1 1 standing 
4 445 327 484 441 30472 0 1 1 standing 
4 444 327 483 441 30473 0 1 1 standing 
4 443 327 482 441 30474 0 1 1 standing 
5 505 332 581 459 30455 0 1 0 standing 
5 503 332 575 459 30456 0 1 1 standing 
5 501 332 569 459 30457 0 1 1 standing 
5 499 332 563 459 30458 0 1 1 standing 
5 497 332 557 459 30459 0 1 1 standing 
5 496 333 551 459 30460 0 1 1 standing 
5 494 333 545 459 30461 0 1 1 standing 
5 492 333 539 459 30462 0 1 1 standing 
5 490 333 533 459 30463 0 1 1 standing 
5 488 333 527 459 30464 0 1 1 standing 
5 487 334 522 460 30465 0 1 0 standing 
5 484 333 519 459 30466 0 1 1 standing 
5 482 333 517 459 30467 0 1 1 standing 
5 479 333 514 459 30468 0 1 1 standing 
5 477 333 512 459 30469 0 1 1 standing 
5 475 333 510 459 30470 0 1 1 standing 
5 472 332 507 458 30471 0 1 1 standing 
5 470 332 505 458 30472 0 1 1 standing 
5 467 332 502 458 30473 0 1 1 standing 
5 465 332 500 458 30474 0 1 1 standing 
6 978 352 1053 496 30455 0 0 0 standing 
6 982 353 1052 497 30456 0 0 1 standing 
6 987 355 1052 498 30457 0 0 1 standing 
6 992 357 1052 500 30458 0 0 0 standing 
6 995 358 1051 501 30459 0 0 1 standing 
6 998 360 1051 502 30460 0 0 1 standing 
6 1001 362 1051 504 30461 0 0 0 standing 
6 1003 362 1051 504 30462 0 0 1 standing 
6 1005 362 1051 504 30463 0 0 1 standing 
6 1008 363 1052 504 30464 0 0 0 standing 
6 1007 364 1057 505 30465 0 0 1 standing 
6 1007 365 1062 506 30466 0 0 1 standing 
6 1007 367 1067 507 30467 0 0 0 standing 
6 1007 367 1071 509 30468 0 0 1 standing 
6 1007 368 1075 511 30469 0 0 1 standing 
6 1008 369 1079 513 30470 0 0 0 standing 
6 1010 369 1080 513 30471 0 0 1 standing 
6 1013 370 1082 514 30472 0 0 1 standing 
6 1015 371 1084 514 30473 0 0 1 standing 
6 1018 372 1086 515 30474 0 0 1 standing 
7 901 396 958 537 30455 0 0 0 standing 
7 895 396 962 536 30456 0 0 1 standing 
7 889 396 966 536 30457 0 0 1 standing 
7 883 396 970 536 30458 0 0 0 standing 
7 879 395 970 535 30459 0 0 1 standing 
7 875 394 971 534 30460 0 0 1 standing 
7 872 394 972 533 30461 0 0 0 standing 
7 871 393 968 530 30462 0 0 1 standing 
7 871 392 965 528 30463 0 0 1 standing 
7 871 391 962 526 30464 0 0 0 standing 
7 875 391 954 525 30465 0 0 1 standing 
7 879 391 947 525 30466 0 0 1 standing 
7 884 391 940 525 30467 0 0 0 standing 
7 885 388 938 524 30468 0 0 1 standing 
7 886 386 937 523 30469 0 0 1 standing 
7 887 384 936 523 30470 0 0 0 standing 
7 885 383 936 522 30471 0 0 1 standing 
7 883 383 936 522 30472 0 0 1 standing 
7 882 383 936 521 30473 0 0 1 standing 
7 880 383 936 521 30474 0 0 1 standing 
8 823 335 889 422 30455 0 0 0 standing 
8 823 335 888 421 30456 0 0 1 falling 
8 824 335 888 421 30457 0 0 1 falling 
8 825 335 888 421 30458 0 0 0 falling 
8 823 335 886 421 30459 0 0 1 falling 
8 821 335 884 421 30460 0 0 1 falling 
8 819 335 882 421 30461 0 0 0 falling 
8 816 334 880 421 30462 0 0 1 falling 
8 813 333 878 421 30463 0 0 1 falling 
8 811 332 876 421 30464 0 0 0 falling 
8 810 332 875 421 30465 0 0 1 falling 
8 810 332 875 421 30466 0 0 1 falling 
8 810 332 875 421 30467 0 0 0 falling 
8 811 333 875 422 30468 0 0 1 falling 
8 812 334 875 423 30469 0 0 1 falling 
8 814 336 875 424 30470 0 0 0 falling 
8 813 336 875 424 30471 0 0 1 falling 
8 812 337 875 424 30472 0 0 1 falling 
8 811 337 876 425 30473 0 0 1 falling 
8 810 338 876 425 30474 0 0 1 falling 
9 768 270 812 395 30455 0 0 0 falling 
9 768 270 812 395 30456 0 0 1 standing 
9 769 270 813 395 30457 0 0 1 standing 
9 770 270 814 395 30458 0 0 0 standing 
9 772 271 815 396 30459 0 0 1 standing 
9 775 272 817 397 30460 0 0 1 standing 
9 778 274 819 398 30461 0 0 0 standing 
9 779 274 820 398 30462 0 0 1 standing 
9 780 274 821 398 30463 0 0 1 standing 
9 781 274 822 398 30464 0 0 1 standing 
9 782 274 823 398 30465 0 0 1 standing 
9 783 274 824 398 30466 0 0 1 standing 
9 784 274 825 398 30467 0 0 0 standing 
9 784 274 825 398 30468 0 0 1 standing 
9 785 274 825 398 30469 0 0 1 standing 
9 786 274 825 398 30470 0 0 1 standing 
9 786 274 825 398 30471 0 0 1 standing 
9 787 274 825 398 30472 0 0 1 standing 
9 788 275 825 398 30473 0 0 0 standing 
9 788 275 825 398 30474 0 0 1 standing 
10 685 359 764 432 30455 0 0 0 standing 
10 685 359 762 431 30456 0 0 1 falling 
10 685 359 761 431 30457 0 0 1 falling 
10 685 359 760 431 30458 0 0 0 falling 
10 683 358 757 431 30459 0 0 1 falling 
10 681 357 755 432 30460 0 0 1 falling 
10 679 356 753 433 30461 0 0 0 falling 
10 680 356 751 432 30462 0 0 1 falling 
10 681 356 749 432 30463 0 0 1 falling 
10 682 356 748 432 30464 0 0 0 falling 
10 681 355 745 432 30465 0 0 1 falling 
10 681 354 743 432 30466 0 0 1 falling 
10 680 353 741 433 30467 0 0 1 falling 
10 680 352 738 433 30468 0 0 1 falling 
10 679 351 736 433 30469 0 0 1 falling 
10 679 351 734 434 30470 0 0 0 falling 
10 679 352 734 435 30471 0 0 1 falling 
10 680 353 735 436 30472 0 0 1 falling 
10 681 354 736 437 30473 0 0 0 falling 
10 681 354 736 437 30474 0 0 1 falling 
11 694 261 743 383 30455 0 0 0 falling 
11 694 261 739 383 30456 0 0 1 standing 
11 695 262 736 383 30457 0 0 1 standing 
11 696 263 733 384 30458 0 0 0 standing 
11 695 263 732 384 30459 0 0 1 standing 
11 694 263 731 384 30460 0 0 1 standing 
11 694 263 731 384 30461 0 0 0 standing 
11 692 264 731 387 30462 0 0 1 standing 
11 690 265 731 391 30463 0 0 1 standing 
11 688 267 731 395 30464 0 0 0 standing 
11 688 267 732 394 30465 0 0 1 standing 
11 688 267 734 394 30466 0 0 1 standing 
11 688 267 736 394 30467 0 0 0 standing 
11 687 266 735 393 30468 0 0 1 standing 
11 686 266 734 393 30469 0 0 1 standing 
11 685 266 733 393 30470 0 0 1 standing 
11 685 266 733 393 30471 0 0 1 standing 
11 684 266 732 393 30472 0 0 1 standing 
11 683 266 731 393 30473 0 0 1 standing 
11 682 266 730 393 30474 0 0 1 standing 
