0 387 440 424 529 33590 0 1 0 standing 
0 389 439 426 528 33591 0 1 1 standing 
0 392 439 429 528 33592 0 1 1 standing 
0 395 439 431 528 33593 0 1 1 standing 
0 398 438 434 527 33594 0 1 1 standing 
0 401 438 437 527 33595 0 1 1 standing 
0 403 438 439 527 33596 0 1 1 standing 
0 406 437 442 526 33597 0 1 1 standing 
0 409 437 444 526 33598 0 1 1 standing 
0 412 437 447 526 33599 0 1 1 standing 
0 415 437 450 526 33600 0 1 0 standing 
0 416 437 451 526 33601 0 1 1 standing 
0 418 438 453 527 33602 0 1 1 standing 
0 420 439 455 528 33603 0 1 1 standing 
0 421 439 456 529 33604 0 1 1 standing 
0 423 440 458 530 33605 0 1 1 standing 
0 425 441 460 531 33606 0 1 1 standing 
0 426 441 461 532 33607 0 1 1 standing 
0 428 442 463 533 33608 0 1 1 standing 
0 430 443 465 534 33609 0 1 1 standing 
1 389 480 429 571 33590 0 1 0 standing 
1 391 478 431 569 33591 0 1 1 standing 
1 393 477 433 568 33592 0 1 1 standing 
1 396 476 436 567 33593 0 1 1 standing 
1 398 474 438 565 33594 0 1 1 standing 
1 401 473 441 564 33595 0 1 1 standing 
1 403 472 443 563 33596 0 1 1 standing 
1 405 470 445 561 33597 0 1 1 standing 
1 408 469 448 560 33598 0 1 1 standing 
1 410 468 450 559 33599 0 1 1 standing 
1 413 467 453 558 33600 0 1 0 standing 
1 414 466 454 557 33601 0 1 1 standing 
1 416 465 455 556 33602 0 1 1 standing 
1 418 465 457 556 33603 0 1 1 standing 
1 419 464 458 555 33604 0 1 1 standing 
1 421 464 460 555 33605 0 1 1 standing 
1 423 463 461 554 33606 0 1 1 standing 
1 424 462 462 553 33607 0 1 1 standing 
1 426 462 464 553 33608 0 1 1 standing 
1 428 461 465 552 33609 0 1 1 standing 
2 430 446 471 531 33590 0 1 0 standing 
2 431 446 472 531 33591 0 1 1 standing 
2 433 446 474 531 33592 0 1 1 standing 
2 435 446 476 531 33593 0 1 1 standing 
2 436 446 477 531 33594 0 1 1 standing 
2 438 447 479 532 33595 0 1 1 standing 
2 440 447 481 532 33596 0 1 1 standing 
2 441 447 482 532 33597 0 1 1 standing 
2 443 447 484 532 33598 0 1 1 standing 
2 445 447 486 532 33599 0 1 1 standing 
2 447 448 488 533 33600 0 1 0 standing 
2 447 448 488 533 33601 0 1 1 standing 
2 447 448 488 533 33602 0 1 1 standing 
2 447 448 488 533 33603 0 1 1 standing 
2 447 448 488 533 33604 0 1 1 standing 
2 447 448 488 533 33605 0 1 1 standing 
2 447 448 488 533 33606 0 1 1 standing 
2 447 448 488 533 33607 0 1 1 standing 
2 447 448 488 533 33608 0 1 1 standing 
2 447 448 488 533 33609 0 1 1 standing 
3 488 415 529 500 33590 0 1 0 standing 
3 488 415 528 501 33591 0 1 1 standing 
3 488 416 528 502 33592 0 1 1 standing 
3 488 417 527 503 33593 0 1 1 standing 
3 488 418 527 504 33594 0 1 1 standing 
3 488 419 526 505 33595 0 1 1 standing 
3 488 420 526 506 33596 0 1 1 standing 
3 488 421 525 507 33597 0 1 1 standing 
3 488 422 525 508 33598 0 1 1 standing 
3 488 423 524 509 33599 0 1 1 standing 
3 489 424 524 511 33600 0 1 0 standing 
3 489 424 524 511 33601 0 1 1 standing 
3 489 425 524 512 33602 0 1 1 standing 
3 489 425 524 512 33603 0 1 1 standing 
3 489 426 524 513 33604 0 1 1 standing 
3 489 427 524 514 33605 0 1 1 standing 
3 489 427 524 514 33606 0 1 1 standing 
3 489 428 524 515 33607 0 1 1 standing 
3 489 428 524 515 33608 0 1 1 standing 
3 489 429 524 516 33609 0 1 1 standing 
4 470 453 516 551 33590 0 1 0 standing 
4 469 452 515 550 33591 0 1 1 standing 
4 469 451 514 549 33592 0 1 1 standing 
4 469 450 513 548 33593 0 1 1 standing 
4 468 450 512 548 33594 0 1 1 standing 
4 468 449 511 547 33595 0 1 1 standing 
4 468 448 510 546 33596 0 1 1 standing 
4 467 448 509 546 33597 0 1 1 standing 
4 467 447 508 545 33598 0 1 1 standing 
4 467 446 507 544 33599 0 1 1 standing 
4 467 446 506 544 33600 0 1 0 standing 
4 467 446 506 544 33601 0 1 1 standing 
4 467 446 506 544 33602 0 1 1 standing 
4 467 446 506 544 33603 0 1 1 standing 
4 467 446 506 544 33604 0 1 1 standing 
4 467 446 506 544 33605 0 1 1 standing 
4 467 446 506 544 33606 0 1 1 standing 
4 467 446 506 544 33607 0 1 1 standing 
4 467 446 506 544 33608 0 1 1 standing 
4 467 446 506 544 33609 0 1 1 standing 
5 508 452 557 536 33590 0 1 0 standing 
5 507 450 555 535 33591 0 1 1 standing 
5 507 449 554 534 33592 0 1 1 standing 
5 507 448 553 534 33593 0 1 1 standing 
5 506 446 552 533 33594 0 1 1 standing 
5 506 445 551 533 33595 0 1 1 standing 
5 506 444 549 532 33596 0 1 1 standing 
5 505 442 548 531 33597 0 1 1 standing 
5 505 441 547 531 33598 0 1 1 standing 
5 505 440 546 530 33599 0 1 1 standing 
5 505 439 545 530 33600 0 1 0 standing 
5 505 439 545 530 33601 0 1 1 standing 
5 505 439 545 530 33602 0 1 1 standing 
5 505 439 545 530 33603 0 1 1 standing 
5 505 439 545 530 33604 0 1 1 standing 
5 505 439 545 530 33605 0 1 1 standing 
5 505 439 545 530 33606 0 1 1 standing 
5 505 439 545 530 33607 0 1 1 standing 
5 505 439 545 530 33608 0 1 1 standing 
5 505 439 545 530 33609 0 1 1 standing 
6 907 442 958 541 33590 0 0 0 standing 
6 910 442 961 541 33591 0 0 1 standing 
6 913 442 964 541 33592 0 0 1 standing 
6 916 443 967 542 33593 0 0 0 standing 
6 920 443 970 542 33594 0 0 1 standing 
6 925 443 973 542 33595 0 0 1 standing 
6 930 443 976 543 33596 0 0 0 standing 
6 933 443 979 543 33597 0 0 1 standing 
6 936 443 982 543 33598 0 0 1 standing 
6 940 444 986 543 33599 0 0 0 standing 
6 941 441 987 541 33600 0 0 1 standing 
6 942 439 989 540 33601 0 0 1 standing 
6 944 437 991 539 33602 0 0 0 standing 
6 948 437 995 539 33603 0 0 1 standing 
6 952 437 999 539 33604 0 0 1 standing 
6 956 437 1003 539 33605 0 0 0 standing 
6 959 437 1004 538 33606 0 0 1 standing 
6 963 437 1006 538 33607 0 0 1 standing 
6 966 437 1007 538 33608 0 0 1 standing 
6 970 437 1009 538 33609 0 0 1 standing 
7 848 397 896 488 33590 0 0 0 standing 
7 847 396 895 487 33591 0 0 1 standing 
7 847 396 895 487 33592 0 0 1 standing 
7 847 396 895 487 33593 0 0 0 standing 
7 849 395 895 486 33594 0 0 1 standing 
7 852 395 895 485 33595 0 0 1 standing 
7 855 395 895 485 33596 0 0 0 standing 
7 856 395 895 485 33597 0 0 1 standing 
7 857 395 895 485 33598 0 0 1 standing 
7 858 396 895 486 33599 0 0 0 standing 
7 858 396 895 486 33600 0 0 1 standing 
7 859 396 896 486 33601 0 0 1 standing 
7 860 396 897 486 33602 0 0 0 standing 
7 860 396 897 486 33603 0 0 1 standing 
7 860 397 897 486 33604 0 0 1 standing 
7 860 398 897 487 33605 0 0 0 standing 
7 860 398 897 487 33606 0 0 1 standing 
7 860 398 898 487 33607 0 0 1 standing 
7 861 398 899 487 33608 0 0 1 standing 
7 861 398 900 487 33609 0 0 1 standing 
8 787 472 828 568 33590 0 0 0 standing 
8 790 471 831 567 33591 0 0 1 standing 
8 793 470 834 566 33592 0 0 1 standing 
8 797 470 838 566 33593 0 0 0 standing 
8 798 469 839 565 33594 0 0 1 standing 
8 800 469 841 565 33595 0 0 1 standing 
8 802 469 843 565 33596 0 0 0 standing 
8 806 469 844 565 33597 0 0 1 standing 
8 810 469 845 566 33598 0 0 1 standing 
8 814 469 846 567 33599 0 0 0 standing 
8 816 469 847 567 33600 0 0 1 standing 
8 818 469 848 567 33601 0 0 1 standing 
8 820 469 850 567 33602 0 0 0 standing 
8 820 468 853 566 33603 0 0 1 standing 
8 820 468 856 565 33604 0 0 1 standing 
8 821 468 859 565 33605 0 0 0 standing 
8 823 467 861 564 33606 0 0 1 standing 
8 825 467 863 564 33607 0 0 1 standing 
8 828 466 866 563 33608 0 0 1 standing 
8 830 466 868 563 33609 0 0 1 standing 
9 723 430 780 475 33590 0 0 0 standing 
9 727 430 781 475 33591 0 0 1 falling 
9 732 430 782 475 33592 0 0 1 falling 
9 737 430 783 475 33593 0 0 0 falling 
9 740 429 784 474 33594 0 0 1 falling 
9 743 428 785 473 33595 0 0 1 falling 
9 747 427 786 472 33596 0 0 0 falling 
9 750 426 789 471 33597 0 0 1 falling 
9 754 426 793 471 33598 0 0 1 falling 
9 758 426 797 471 33599 0 0 0 falling 
9 758 425 797 470 33600 0 0 1 falling 
9 759 425 798 470 33601 0 0 1 falling 
9 760 424 799 470 33602 0 0 1 falling 
9 760 424 799 470 33603 0 0 1 falling 
9 761 423 800 470 33604 0 0 1 falling 
9 762 423 801 470 33605 0 0 0 falling 
9 762 421 803 470 33606 0 0 1 falling 
9 762 420 805 470 33607 0 0 1 falling 
9 762 418 807 470 33608 0 0 1 falling 
9 762 417 809 470 33609 0 0 1 falling 
10 633 489 679 607 33590 0 0 0 falling 
10 637 489 685 607 33591 0 0 1 standing 
10 641 489 691 607 33592 0 0 1 standing 
10 645 490 698 607 33593 0 0 0 standing 
10 647 490 701 604 33594 0 0 1 standing 
10 649 490 704 601 33595 0 0 1 standing 
10 651 490 707 598 33596 0 0 0 standing 
10 654 490 710 598 33597 0 0 1 standing 
10 657 490 713 598 33598 0 0 1 standing 
10 660 491 716 599 33599 0 0 0 standing 
10 665 489 718 597 33600 0 0 1 standing 
10 671 488 720 595 33601 0 0 1 standing 
10 677 487 723 594 33602 0 0 0 standing 
10 680 487 726 594 33603 0 0 1 standing 
10 683 487 729 594 33604 0 0 1 standing 
10 686 488 732 595 33605 0 0 0 standing 
10 687 487 735 595 33606 0 0 1 standing 
10 688 486 739 595 33607 0 0 1 standing 
10 690 485 743 595 33608 0 0 1 standing 
10 691 484 747 595 33609 0 0 1 standing 
11 617 464 660 576 33590 0 0 0 standing 
11 619 463 662 575 33591 0 0 1 standing 
11 621 462 664 574 33592 0 0 1 standing 
11 624 462 667 574 33593 0 0 0 standing 
11 628 461 668 568 33594 0 0 1 standing 
11 632 460 669 563 33595 0 0 1 standing 
11 637 460 670 558 33596 0 0 0 standing 
11 641 460 673 559 33597 0 0 1 standing 
11 645 460 676 560 33598 0 0 1 standing 
11 650 461 680 562 33599 0 0 0 standing 
11 653 459 686 562 33600 0 0 1 standing 
11 656 458 692 563 33601 0 0 1 standing 
11 659 457 699 564 33602 0 0 0 standing 
11 660 456 703 563 33603 0 0 1 standing 
11 662 456 708 563 33604 0 0 1 standing 
11 664 456 713 563 33605 0 0 0 standing 
11 666 457 715 563 33606 0 0 1 standing 
11 669 458 718 564 33607 0 0 1 standing 
11 672 459 721 565 33608 0 0 1 standing 
11 675 460 724 566 33609 0 0 1 standing 
