0 585 444 634 554 19355 0 1 0 setting 
0 583 442 632 553 19356 0 1 1 setting 
0 582 441 631 552 19357 0 1 1 setting 
0 581 439 630 551 19358 0 1 1 setting 
0 580 438 628 550 19359 0 1 1 setting 
0 579 436 627 549 19360 0 1 1 setting 
0 578 435 626 548 19361 0 1 1 setting 
0 577 434 625 548 19362 0 1 0 setting 
0 575 428 623 543 19363 0 1 1 setting 
0 573 423 621 538 19364 0 1 1 setting 
0 572 418 620 533 19365 0 1 0 setting 
0 566 420 613 533 19366 0 1 1 setting 
0 560 423 607 534 19367 0 1 1 setting 
0 554 426 600 534 19368 0 1 1 setting 
0 549 428 594 535 19369 0 1 1 setting 
0 543 431 587 535 19370 0 1 1 setting 
0 537 434 581 536 19371 0 1 1 setting 
0 532 437 575 537 19372 0 1 0 setting 
0 526 440 566 536 19373 0 1 1 setting 
0 521 443 558 535 19374 0 1 1 setting 
1 475 472 524 565 19355 0 1 0 setting 
1 477 471 530 564 19356 0 1 1 moving 
1 480 471 536 563 19357 0 1 1 moving 
1 483 471 542 562 19358 0 1 0 moving 
1 490 470 550 561 19359 0 1 1 moving 
1 497 469 558 560 19360 0 1 1 moving 
1 504 468 566 559 19361 0 1 1 moving 
1 511 467 574 559 19362 0 1 0 moving 
1 518 468 574 559 19363 0 1 1 moving 
1 525 469 575 559 19364 0 1 1 moving 
1 533 471 576 559 19365 0 1 0 moving 
1 533 468 573 560 19366 0 1 1 moving 
1 533 466 571 561 19367 0 1 1 moving 
1 534 464 569 563 19368 0 1 0 moving 
1 529 458 564 559 19369 0 1 1 moving 
1 525 453 560 556 19370 0 1 1 moving 
1 520 448 555 553 19371 0 1 1 moving 
1 516 443 551 550 19372 0 1 0 moving 
1 511 438 547 545 19373 0 1 1 moving 
1 507 433 543 540 19374 0 1 1 moving 
2 371 358 414 432 19355 0 1 0 moving 
2 368 360 416 432 19356 0 1 1 moving 
2 365 362 418 433 19357 0 1 1 moving 
2 362 364 421 434 19358 0 1 0 moving 
2 364 362 422 431 19359 0 1 1 moving 
2 366 360 423 428 19360 0 1 1 moving 
2 368 358 424 425 19361 0 1 1 moving 
2 371 357 426 423 19362 0 1 0 moving 
2 373 355 432 421 19363 0 1 1 moving 
2 376 354 438 419 19364 0 1 1 moving 
2 379 353 445 417 19365 0 1 0 moving 
2 377 353 442 417 19366 0 1 1 moving 
2 375 353 439 417 19367 0 1 1 moving 
2 374 354 436 417 19368 0 1 0 moving 
2 375 355 432 418 19369 0 1 1 moving 
2 377 357 429 420 19370 0 1 1 moving 
2 379 359 426 422 19371 0 1 1 moving 
2 381 361 423 424 19372 0 1 0 moving 
2 378 361 423 424 19373 0 1 1 moving 
2 376 361 424 424 19374 0 1 1 moving 
3 288 451 336 545 19355 0 1 0 moving 
3 287 451 339 544 19356 0 1 1 moving 
3 286 451 343 543 19357 0 1 1 moving 
3 285 451 347 542 19358 0 1 0 moving 
3 285 449 348 539 19359 0 1 1 moving 
3 286 447 349 536 19360 0 1 1 moving 
3 287 445 350 533 19361 0 1 1 moving 
3 288 444 351 530 19362 0 1 0 moving 
3 293 442 353 527 19363 0 1 1 moving 
3 298 440 355 524 19364 0 1 1 moving 
3 303 439 358 522 19365 0 1 0 moving 
3 300 436 358 520 19366 0 1 1 moving 
3 297 434 358 519 19367 0 1 1 moving 
3 295 432 359 518 19368 0 1 0 moving 
3 296 432 357 517 19369 0 1 1 moving 
3 298 433 356 517 19370 0 1 1 moving 
3 300 433 354 517 19371 0 1 1 moving 
3 302 434 353 517 19372 0 1 0 moving 
3 299 435 359 516 19373 0 1 1 moving 
3 296 436 366 515 19374 0 1 1 moving 
4 327 391 351 467 19355 0 0 0 moving 
4 326 389 353 466 19356 0 0 1 moving 
4 326 387 355 465 19357 0 0 1 moving 
4 326 385 357 464 19358 0 0 0 moving 
4 325 385 359 465 19359 0 0 1 moving 
4 325 385 362 466 19360 0 0 1 moving 
4 325 385 364 467 19361 0 0 1 moving 
4 325 385 367 468 19362 0 0 0 moving 
4 325 385 368 465 19363 0 0 1 moving 
4 325 385 369 462 19364 0 0 1 moving 
4 325 385 370 460 19365 0 0 0 moving 
4 325 385 368 460 19366 0 0 1 moving 
4 325 386 366 461 19367 0 0 1 moving 
4 325 387 364 462 19368 0 0 0 moving 
4 323 386 362 461 19369 0 0 1 moving 
4 321 386 360 461 19370 0 0 1 moving 
4 320 386 358 460 19371 0 0 1 moving 
4 318 385 357 460 19372 0 0 1 moving 
4 317 385 355 459 19373 0 0 1 moving 
4 315 385 353 459 19374 0 0 1 moving 
5 247 431 283 522 19355 0 0 0 moving 
5 246 430 283 521 19356 0 0 1 standing 
5 245 430 283 520 19357 0 0 1 standing 
5 244 430 284 520 19358 0 0 0 standing 
5 243 429 282 521 19359 0 0 1 standing 
5 242 429 281 522 19360 0 0 1 standing 
5 241 428 280 523 19361 0 0 1 standing 
5 240 428 279 524 19362 0 0 0 standing 
5 239 429 275 523 19363 0 0 1 standing 
5 238 431 272 522 19364 0 0 1 standing 
5 238 433 269 522 19365 0 0 0 standing 
5 232 432 267 524 19366 0 0 1 standing 
5 226 431 265 526 19367 0 0 1 standing 
5 221 430 263 528 19368 0 0 0 standing 
5 215 432 258 529 19369 0 0 1 standing 
5 210 435 253 530 19370 0 0 1 standing 
5 205 437 248 531 19371 0 0 1 standing 
5 199 440 243 532 19372 0 0 1 standing 
5 194 442 238 533 19373 0 0 1 standing 
5 189 445 233 534 19374 0 0 1 standing 
6 673 462 710 564 19355 0 0 0 standing 
6 671 461 709 563 19356 0 0 1 standing 
6 669 461 708 563 19357 0 0 1 standing 
6 668 461 708 563 19358 0 0 0 standing 
6 666 460 706 563 19359 0 0 1 standing 
6 665 460 705 564 19360 0 0 1 standing 
6 663 459 703 565 19361 0 0 1 standing 
6 662 459 702 566 19362 0 0 0 standing 
6 661 459 698 564 19363 0 0 1 standing 
6 660 459 695 562 19364 0 0 1 standing 
6 659 459 692 560 19365 0 0 0 standing 
6 653 460 686 559 19366 0 0 1 standing 
6 647 461 681 559 19367 0 0 1 standing 
6 641 462 676 559 19368 0 0 1 standing 
6 635 463 671 558 19369 0 0 1 standing 
6 629 464 666 558 19370 0 0 1 standing 
6 623 465 661 558 19371 0 0 1 standing 
6 618 467 656 558 19372 0 0 0 standing 
6 614 468 653 558 19373 0 0 1 standing 
6 610 469 650 559 19374 0 0 1 standing 
7 679 420 718 508 19355 0 0 0 standing 
7 678 420 716 508 19356 0 0 1 standing 
7 677 421 714 508 19357 0 0 1 standing 
7 676 421 713 508 19358 0 0 1 standing 
7 675 422 711 508 19359 0 0 1 standing 
7 675 422 710 509 19360 0 0 1 standing 
7 674 423 708 509 19361 0 0 1 standing 
7 673 423 706 509 19362 0 0 1 standing 
7 672 424 705 509 19363 0 0 1 standing 
7 671 424 703 509 19364 0 0 1 standing 
7 671 425 702 510 19365 0 0 0 standing 
7 664 423 695 508 19366 0 0 1 standing 
7 657 421 688 506 19367 0 0 1 standing 
7 650 419 681 504 19368 0 0 1 standing 
7 644 417 675 502 19369 0 0 1 standing 
7 637 415 668 500 19370 0 0 1 standing 
7 630 413 661 498 19371 0 0 1 standing 
7 624 411 655 496 19372 0 0 1 standing 
7 617 409 648 494 19373 0 0 1 standing 
7 610 407 641 492 19374 0 0 1 standing 
8 674 371 712 456 19355 0 0 0 standing 
8 672 369 709 455 19356 0 0 1 standing 
8 670 368 706 454 19357 0 0 1 standing 
8 669 367 704 454 19358 0 0 0 standing 
8 667 366 702 453 19359 0 0 1 standing 
8 665 366 700 452 19360 0 0 1 standing 
8 664 366 698 452 19361 0 0 1 standing 
8 662 366 696 451 19362 0 0 1 standing 
8 661 366 694 451 19363 0 0 1 standing 
8 659 366 692 450 19364 0 0 1 standing 
8 658 366 691 450 19365 0 0 0 standing 
8 651 366 684 450 19366 0 0 1 standing 
8 645 366 678 450 19367 0 0 1 standing 
8 639 366 672 450 19368 0 0 1 standing 
8 633 366 666 450 19369 0 0 1 standing 
8 627 366 660 450 19370 0 0 1 standing 
8 621 366 654 450 19371 0 0 1 standing 
8 615 366 648 450 19372 0 0 1 standing 
8 609 366 642 450 19373 0 0 1 standing 
8 603 366 636 450 19374 0 0 1 standing 
9 839 408 876 483 19355 0 0 0 standing 
9 837 408 874 482 19356 0 0 1 standing 
9 835 408 873 482 19357 0 0 1 standing 
9 833 408 872 482 19358 0 0 0 standing 
9 831 408 869 482 19359 0 0 1 standing 
9 829 408 867 482 19360 0 0 1 standing 
9 827 408 865 482 19361 0 0 1 standing 
9 825 408 863 482 19362 0 0 1 standing 
9 823 408 861 482 19363 0 0 1 standing 
9 821 408 859 482 19364 0 0 1 standing 
9 820 408 857 482 19365 0 0 0 standing 
9 814 407 851 482 19366 0 0 1 standing 
9 809 406 845 482 19367 0 0 1 standing 
9 803 406 840 482 19368 0 0 1 standing 
9 798 405 834 482 19369 0 0 1 standing 
9 792 405 829 482 19370 0 0 1 standing 
9 787 404 823 482 19371 0 0 1 standing 
9 781 403 817 482 19372 0 0 1 standing 
9 776 403 812 482 19373 0 0 1 standing 
9 770 402 806 482 19374 0 0 1 standing 
10 956 422 997 498 19355 0 0 0 standing 
10 953 421 996 499 19356 0 0 1 waiting 
10 951 421 995 500 19357 0 0 1 waiting 
10 949 421 995 501 19358 0 0 0 waiting 
10 947 421 992 500 19359 0 0 1 waiting 
10 945 421 990 500 19360 0 0 1 waiting 
10 943 421 987 500 19361 0 0 1 waiting 
10 942 422 985 500 19362 0 0 0 waiting 
10 940 421 982 499 19363 0 0 1 waiting 
10 938 421 979 498 19364 0 0 1 waiting 
10 936 421 977 497 19365 0 0 0 waiting 
10 929 420 971 497 19366 0 0 1 waiting 
10 923 420 965 497 19367 0 0 1 waiting 
10 917 420 959 497 19368 0 0 1 waiting 
10 911 420 953 498 19369 0 0 1 waiting 
10 905 420 947 498 19370 0 0 1 waiting 
10 899 420 941 498 19371 0 0 1 waiting 
10 893 420 936 499 19372 0 0 0 waiting 
10 887 420 929 498 19373 0 0 1 waiting 
10 881 420 923 497 19374 0 0 1 waiting 
11 1075 481 1127 581 19355 0 0 0 waiting 
11 1067 481 1119 583 19356 0 0 1 standing 
11 1060 481 1111 585 19357 0 0 1 standing 
11 1053 481 1103 587 19358 0 0 0 standing 
11 1043 481 1095 586 19359 0 0 1 standing 
11 1034 482 1088 586 19360 0 0 1 standing 
11 1024 482 1081 586 19361 0 0 1 standing 
11 1015 483 1074 586 19362 0 0 0 standing 
11 1011 482 1062 584 19363 0 0 1 standing 
11 1007 481 1050 582 19364 0 0 1 standing 
11 1003 481 1039 580 19365 0 0 0 standing 
11 984 479 1030 579 19366 0 0 1 standing 
11 965 477 1021 579 19367 0 0 1 standing 
11 946 475 1013 579 19368 0 0 0 standing 
11 936 474 1001 577 19369 0 0 1 standing 
11 926 473 989 576 19370 0 0 1 standing 
11 916 472 977 575 19371 0 0 1 standing 
11 906 472 966 574 19372 0 0 0 standing 
11 901 472 953 573 19373 0 0 1 standing 
11 896 473 940 573 19374 0 0 1 standing 
