0 778 248 812 357 3100 0 1 0 spiking 
0 777 245 812 355 3101 0 1 1 spiking 
0 777 243 813 353 3102 0 1 1 spiking 
0 777 241 813 352 3103 0 1 1 spiking 
0 776 239 814 350 3104 0 1 1 spiking 
0 776 237 814 348 3105 0 1 1 spiking 
0 776 235 815 347 3106 0 1 0 spiking 
0 778 233 816 349 3107 0 1 1 spiking 
0 780 231 817 352 3108 0 1 1 spiking 
0 782 229 818 354 3109 0 1 1 spiking 
0 785 227 819 357 3110 0 1 0 spiking 
0 787 234 821 362 3111 0 1 1 spiking 
0 790 242 824 367 3112 0 1 1 spiking 
0 793 249 827 372 3113 0 1 1 spiking 
0 796 257 830 378 3114 0 1 1 spiking 
0 799 264 832 383 3115 0 1 1 spiking 
0 802 272 835 388 3116 0 1 1 spiking 
0 805 279 838 393 3117 0 1 1 spiking 
0 808 287 841 399 3118 0 1 0 spiking 
0 808 287 843 398 3119 0 1 1 spiking 
1 601 300 638 382 3100 0 1 0 spiking 
1 604 296 641 382 3101 0 1 1 blocking 
1 608 292 645 382 3102 0 1 1 blocking 
1 612 288 649 382 3103 0 1 1 blocking 
1 616 285 652 382 3104 0 1 1 blocking 
1 620 281 656 382 3105 0 1 1 blocking 
1 623 277 660 382 3106 0 1 1 blocking 
1 627 274 663 382 3107 0 1 1 blocking 
1 631 270 667 382 3108 0 1 1 blocking 
1 635 266 671 382 3109 0 1 1 blocking 
1 639 263 675 382 3110 0 1 0 blocking 
1 642 260 683 381 3111 0 1 1 blocking 
1 646 258 692 380 3112 0 1 1 blocking 
1 650 255 700 379 3113 0 1 1 blocking 
1 654 253 709 378 3114 0 1 0 blocking 
1 655 257 713 380 3115 0 1 1 blocking 
1 657 261 718 383 3116 0 1 1 blocking 
1 659 265 722 385 3117 0 1 1 blocking 
1 661 269 727 388 3118 0 1 0 blocking 
1 670 269 731 388 3119 0 1 1 blocking 
2 583 318 632 415 3100 0 1 0 blocking 
2 589 312 638 413 3101 0 1 1 blocking 
2 595 307 644 412 3102 0 1 1 blocking 
2 601 302 650 410 3103 0 1 1 blocking 
2 607 296 656 409 3104 0 1 1 blocking 
2 613 291 662 408 3105 0 1 1 blocking 
2 619 286 668 406 3106 0 1 1 blocking 
2 625 280 674 405 3107 0 1 1 blocking 
2 631 275 680 403 3108 0 1 1 blocking 
2 637 270 686 402 3109 0 1 1 blocking 
2 644 265 692 401 3110 0 1 0 blocking 
2 647 265 696 399 3111 0 1 1 blocking 
2 651 266 701 398 3112 0 1 1 blocking 
2 654 266 706 396 3113 0 1 1 blocking 
2 658 267 711 395 3114 0 1 1 blocking 
2 662 267 715 394 3115 0 1 1 blocking 
2 665 268 720 392 3116 0 1 1 blocking 
2 669 268 725 391 3117 0 1 1 blocking 
2 673 269 730 390 3118 0 1 0 blocking 
2 679 274 733 392 3119 0 1 1 blocking 
3 199 365 248 460 3100 0 0 0 blocking 
3 202 365 251 460 3101 0 0 1 digging 
3 205 366 254 461 3102 0 0 1 digging 
3 208 367 257 462 3103 0 0 0 digging 
3 211 367 260 462 3104 0 0 1 digging 
3 214 368 263 463 3105 0 0 1 digging 
3 218 369 267 464 3106 0 0 0 digging 
3 221 366 270 464 3107 0 0 1 digging 
3 224 364 273 464 3108 0 0 1 digging 
3 228 362 276 464 3109 0 0 0 digging 
3 233 360 281 464 3110 0 0 1 digging 
3 239 358 286 464 3111 0 0 1 digging 
3 245 357 292 465 3112 0 0 0 digging 
3 249 360 297 466 3113 0 0 1 digging 
3 254 363 302 467 3114 0 0 1 digging 
3 259 367 307 469 3115 0 0 0 digging 
3 265 367 313 467 3116 0 0 1 digging 
3 271 368 319 466 3117 0 0 1 digging 
3 278 368 326 465 3118 0 0 1 digging 
3 284 369 332 464 3119 0 0 1 digging 
4 292 305 333 378 3100 0 0 0 digging 
4 295 305 337 378 3101 0 0 1 waiting 
4 299 305 341 378 3102 0 0 1 waiting 
4 303 305 346 378 3103 0 0 0 waiting 
4 307 305 348 378 3104 0 0 1 waiting 
4 311 305 350 378 3105 0 0 1 waiting 
4 315 306 352 379 3106 0 0 0 waiting 
4 320 305 357 380 3107 0 0 1 waiting 
4 325 305 363 381 3108 0 0 1 waiting 
4 331 305 369 383 3109 0 0 0 waiting 
4 336 304 374 383 3110 0 0 1 waiting 
4 341 304 379 383 3111 0 0 1 waiting 
4 346 304 384 384 3112 0 0 0 waiting 
4 351 304 391 383 3113 0 0 1 waiting 
4 356 304 398 383 3114 0 0 1 waiting 
4 362 305 406 383 3115 0 0 0 waiting 
4 367 307 414 384 3116 0 0 1 waiting 
4 373 310 423 385 3117 0 0 1 waiting 
4 379 313 431 386 3118 0 0 1 waiting 
4 385 316 440 387 3119 0 0 1 waiting 
5 296 424 346 521 3100 0 0 0 waiting 
5 299 422 348 521 3101 0 0 1 standing 
5 302 420 351 522 3102 0 0 1 standing 
5 306 419 354 523 3103 0 0 0 standing 
5 306 417 354 521 3104 0 0 1 standing 
5 307 416 355 519 3105 0 0 1 standing 
5 308 415 356 518 3106 0 0 0 standing 
5 310 412 354 517 3107 0 0 1 standing 
5 312 410 353 516 3108 0 0 1 standing 
5 314 408 352 516 3109 0 0 0 standing 
5 313 409 356 517 3110 0 0 1 standing 
5 312 411 360 519 3111 0 0 1 standing 
5 311 413 364 521 3112 0 0 0 standing 
5 314 414 370 520 3113 0 0 1 standing 
5 317 415 376 519 3114 0 0 1 standing 
5 321 416 383 518 3115 0 0 0 standing 
5 328 414 390 516 3116 0 0 1 standing 
5 336 412 397 515 3117 0 0 1 standing 
5 343 411 404 513 3118 0 0 1 standing 
5 351 409 411 512 3119 0 0 1 standing 
6 484 404 561 508 3100 0 0 0 standing 
6 485 403 561 507 3101 0 0 1 standing 
6 486 403 561 506 3102 0 0 1 standing 
6 488 403 561 506 3103 0 0 0 standing 
6 491 402 556 505 3104 0 0 1 standing 
6 495 401 552 504 3105 0 0 1 standing 
6 499 401 548 504 3106 0 0 0 standing 
6 497 400 547 503 3107 0 0 1 standing 
6 495 399 547 503 3108 0 0 1 standing 
6 493 399 547 503 3109 0 0 0 standing 
6 494 400 550 502 3110 0 0 1 standing 
6 496 401 553 501 3111 0 0 1 standing 
6 498 402 556 501 3112 0 0 0 standing 
6 503 401 561 500 3113 0 0 1 standing 
6 508 400 566 499 3114 0 0 1 standing 
6 513 400 571 499 3115 0 0 0 standing 
6 516 400 576 499 3116 0 0 1 standing 
6 519 401 581 499 3117 0 0 1 standing 
6 522 401 586 500 3118 0 0 1 standing 
6 525 402 591 500 3119 0 0 1 standing 
7 746 338 784 425 3100 0 0 0 standing 
7 742 336 782 426 3101 0 0 1 standing 
7 738 335 780 427 3102 0 0 1 standing 
7 734 334 778 428 3103 0 0 0 standing 
7 735 334 779 428 3104 0 0 1 standing 
7 737 334 781 428 3105 0 0 1 standing 
7 739 334 783 428 3106 0 0 0 standing 
7 740 332 784 428 3107 0 0 1 standing 
7 741 330 785 428 3108 0 0 1 standing 
7 743 329 787 428 3109 0 0 0 standing 
7 746 330 790 429 3110 0 0 1 standing 
7 749 331 793 430 3111 0 0 1 standing 
7 752 333 796 432 3112 0 0 0 standing 
7 755 331 799 430 3113 0 0 1 standing 
7 758 329 802 428 3114 0 0 1 standing 
7 762 328 806 427 3115 0 0 0 standing 
7 766 328 809 426 3116 0 0 1 standing 
7 771 328 813 426 3117 0 0 1 standing 
7 776 328 816 426 3118 0 0 1 standing 
7 781 328 820 426 3119 0 0 1 standing 
8 806 455 864 583 3100 0 0 0 standing 
8 799 453 858 578 3101 0 0 1 moving 
8 793 451 852 573 3102 0 0 1 moving 
8 787 450 846 568 3103 0 0 0 moving 
8 785 447 841 567 3104 0 0 1 moving 
8 784 445 837 566 3105 0 0 1 moving 
8 783 443 833 566 3106 0 0 0 moving 
8 781 442 829 562 3107 0 0 1 moving 
8 779 441 825 558 3108 0 0 1 moving 
8 778 440 821 554 3109 0 0 0 moving 
8 774 436 820 550 3110 0 0 1 moving 
8 770 432 820 546 3111 0 0 1 moving 
8 766 429 820 543 3112 0 0 0 moving 
8 762 426 821 540 3113 0 0 1 moving 
8 759 424 822 537 3114 0 0 1 moving 
8 756 422 823 534 3115 0 0 0 moving 
8 759 421 822 532 3116 0 0 1 moving 
8 763 420 821 531 3117 0 0 1 moving 
8 766 419 820 529 3118 0 0 1 moving 
8 770 418 819 528 3119 0 0 1 moving 
9 844 395 901 511 3100 0 0 0 moving 
9 840 393 899 511 3101 0 0 1 standing 
9 837 391 897 512 3102 0 0 1 standing 
9 834 390 896 513 3103 0 0 0 standing 
9 835 388 892 508 3104 0 0 1 standing 
9 837 386 889 503 3105 0 0 1 standing 
9 839 385 886 498 3106 0 0 0 standing 
9 837 382 884 495 3107 0 0 1 standing 
9 835 380 882 493 3108 0 0 1 standing 
9 833 378 881 491 3109 0 0 0 standing 
9 827 375 882 486 3110 0 0 1 standing 
9 821 373 883 482 3111 0 0 1 standing 
9 816 371 884 478 3112 0 0 0 standing 
9 817 372 886 475 3113 0 0 1 standing 
9 818 374 888 473 3114 0 0 1 standing 
9 819 376 891 471 3115 0 0 0 standing 
9 822 375 892 470 3116 0 0 1 standing 
9 826 375 893 470 3117 0 0 1 standing 
9 829 375 894 469 3118 0 0 1 standing 
9 833 375 895 469 3119 0 0 1 standing 
10 932 356 969 471 3100 0 0 0 standing 
10 934 354 971 469 3101 0 0 1 standing 
10 936 352 973 467 3102 0 0 1 standing 
10 939 351 976 466 3103 0 0 0 standing 
10 942 347 979 462 3104 0 0 1 standing 
10 945 343 982 458 3105 0 0 1 standing 
10 949 340 986 455 3106 0 0 0 standing 
10 953 337 991 450 3107 0 0 1 standing 
10 958 334 996 445 3108 0 0 1 standing 
10 963 332 1001 441 3109 0 0 0 standing 
10 969 333 1005 442 3110 0 0 1 standing 
10 975 335 1010 443 3111 0 0 1 standing 
10 981 337 1015 445 3112 0 0 0 standing 
10 986 337 1020 445 3113 0 0 1 standing 
10 991 337 1025 445 3114 0 0 1 standing 
10 996 337 1030 445 3115 0 0 0 standing 
10 1002 333 1035 440 3116 0 0 1 standing 
10 1009 329 1041 435 3117 0 0 1 standing 
10 1015 325 1046 431 3118 0 0 1 standing 
10 1022 321 1052 426 3119 0 0 1 standing 
11 966 400 1028 505 3100 0 0 0 standing 
11 965 398 1024 503 3101 0 0 1 moving 
11 965 396 1020 501 3102 0 0 1 moving 
11 965 395 1017 499 3103 0 0 0 moving 
11 956 393 1020 498 3104 0 0 1 moving 
11 947 391 1023 498 3105 0 0 1 moving 
11 938 390 1026 498 3106 0 0 0 moving 
11 939 388 1019 493 3107 0 0 1 moving 
11 940 386 1012 488 3108 0 0 1 moving 
11 942 385 1006 483 3109 0 0 0 moving 
11 944 383 1004 480 3110 0 0 1 moving 
11 946 382 1003 477 3111 0 0 1 moving 
11 948 381 1002 474 3112 0 0 0 moving 
11 946 380 1002 475 3113 0 0 1 moving 
11 944 380 1002 476 3114 0 0 1 moving 
11 943 380 1002 478 3115 0 0 0 moving 
11 939 380 1000 476 3116 0 0 1 moving 
11 935 380 998 474 3117 0 0 1 moving 
11 932 380 996 472 3118 0 0 1 moving 
11 928 380 994 470 3119 0 0 1 moving 
