0 230 474 283 576 9560 0 0 0 waiting 
0 238 474 293 576 9561 0 0 1 waiting 
0 247 475 304 576 9562 0 0 1 waiting 
0 255 476 314 576 9563 0 0 1 waiting 
0 264 477 325 576 9564 0 0 1 waiting 
0 273 478 336 576 9565 0 0 0 waiting 
0 277 478 337 576 9566 0 0 1 waiting 
0 282 479 339 576 9567 0 0 1 waiting 
0 286 480 340 576 9568 0 0 1 waiting 
0 291 481 342 576 9569 0 0 1 waiting 
0 296 482 344 577 9570 0 0 0 waiting 
0 302 483 350 578 9571 0 0 1 waiting 
0 309 485 357 580 9572 0 0 1 waiting 
0 316 486 364 581 9573 0 0 1 waiting 
0 323 488 371 583 9574 0 0 1 waiting 
0 330 490 378 585 9575 0 0 0 waiting 
0 332 489 380 584 9576 0 0 1 waiting 
0 335 489 383 584 9577 0 0 1 waiting 
0 338 489 386 584 9578 0 0 1 waiting 
0 341 489 389 584 9579 0 0 1 waiting 
1 244 418 277 520 9560 0 0 0 waiting 
1 245 419 278 521 9561 0 0 1 standing 
1 246 421 279 523 9562 0 0 1 standing 
1 247 422 280 524 9563 0 0 1 standing 
1 248 424 281 526 9564 0 0 1 standing 
1 249 425 282 527 9565 0 0 1 standing 
1 250 427 283 529 9566 0 0 1 standing 
1 251 428 284 530 9567 0 0 1 standing 
1 252 430 285 532 9568 0 0 1 standing 
1 253 431 286 533 9569 0 0 1 standing 
1 254 433 287 535 9570 0 0 0 standing 
1 252 434 288 535 9571 0 0 1 standing 
1 251 435 289 536 9572 0 0 1 standing 
1 250 437 290 537 9573 0 0 0 standing 
1 251 439 290 539 9574 0 0 1 standing 
1 253 441 291 542 9575 0 0 1 standing 
1 255 444 292 545 9576 0 0 0 standing 
1 257 445 293 546 9577 0 0 1 standing 
1 260 446 295 547 9578 0 0 1 standing 
1 262 447 296 548 9579 0 0 1 standing 
2 337 387 386 458 9560 0 0 1 standing 
2 337 387 386 458 9561 0 0 1 moving 
2 336 388 385 459 9562 0 0 1 moving 
2 335 388 384 459 9563 0 0 1 moving 
2 335 389 384 459 9564 0 0 1 moving 
2 334 389 383 460 9565 0 0 1 moving 
2 333 390 382 460 9566 0 0 1 moving 
2 333 390 382 460 9567 0 0 1 moving 
2 332 391 381 460 9568 0 0 1 moving 
2 331 391 380 461 9569 0 0 1 moving 
2 331 392 380 461 9570 0 0 1 moving 
2 330 392 379 461 9571 0 0 1 moving 
2 330 393 379 462 9572 0 0 0 moving 
2 327 393 380 463 9573 0 0 1 moving 
2 325 394 382 465 9574 0 0 1 moving 
2 323 395 383 466 9575 0 0 1 moving 
2 321 396 385 468 9576 0 0 0 moving 
2 322 396 384 468 9577 0 0 1 moving 
2 323 397 383 468 9578 0 0 1 moving 
2 324 397 382 468 9579 0 0 1 moving 
3 526 385 560 481 9560 0 0 0 moving 
3 526 385 560 480 9561 0 0 1 waiting 
3 527 386 561 480 9562 0 0 1 waiting 
3 528 386 561 480 9563 0 0 1 waiting 
3 528 387 562 480 9564 0 0 1 waiting 
3 529 388 563 480 9565 0 0 1 waiting 
3 530 388 563 480 9566 0 0 1 waiting 
3 530 389 564 480 9567 0 0 1 waiting 
3 531 389 564 480 9568 0 0 1 waiting 
3 532 390 565 480 9569 0 0 1 waiting 
3 533 391 566 480 9570 0 0 0 waiting 
3 533 390 567 478 9571 0 0 1 waiting 
3 533 390 568 477 9572 0 0 1 waiting 
3 533 390 569 476 9573 0 0 1 waiting 
3 533 390 570 475 9574 0 0 1 waiting 
3 533 390 572 474 9575 0 0 1 waiting 
3 533 390 573 473 9576 0 0 1 waiting 
3 533 390 574 472 9577 0 0 1 waiting 
3 533 390 575 471 9578 0 0 1 waiting 
3 533 390 576 470 9579 0 0 1 waiting 
4 614 382 658 485 9560 0 1 1 waiting 
4 619 381 662 486 9561 0 1 0 setting 
4 620 380 664 485 9562 0 1 1 setting 
4 622 379 666 485 9563 0 1 1 setting 
4 624 378 669 485 9564 0 1 1 setting 
4 626 377 671 485 9565 0 1 1 setting 
4 628 376 673 485 9566 0 1 1 setting 
4 630 376 676 485 9567 0 1 0 setting 
4 631 379 675 488 9568 0 1 1 setting 
4 633 383 674 492 9569 0 1 1 setting 
4 635 387 673 496 9570 0 1 0 setting 
4 637 390 678 496 9571 0 1 1 setting 
4 640 393 684 497 9572 0 1 1 setting 
4 642 397 689 498 9573 0 1 1 setting 
4 645 400 695 499 9574 0 1 1 setting 
4 647 404 701 500 9575 0 1 1 setting 
4 650 407 706 501 9576 0 1 1 setting 
4 652 410 712 502 9577 0 1 1 setting 
4 655 414 717 503 9578 0 1 1 setting 
4 657 417 723 504 9579 0 1 1 setting 
5 758 347 814 419 9560 0 0 0 setting 
5 755 347 809 419 9561 0 0 1 moving 
5 752 348 805 420 9562 0 0 1 moving 
5 749 349 801 421 9563 0 0 1 moving 
5 747 350 797 421 9564 0 0 1 moving 
5 744 351 793 422 9565 0 0 1 moving 
5 741 351 788 423 9566 0 0 1 moving 
5 739 352 784 423 9567 0 0 1 moving 
5 736 353 780 424 9568 0 0 1 moving 
5 733 354 776 425 9569 0 0 1 moving 
5 731 355 772 426 9570 0 0 0 moving 
5 727 355 768 427 9571 0 0 1 moving 
5 724 355 765 428 9572 0 0 1 moving 
5 721 355 762 429 9573 0 0 1 moving 
5 718 356 759 430 9574 0 0 1 moving 
5 715 356 756 431 9575 0 0 1 moving 
5 711 356 752 432 9576 0 0 1 moving 
5 708 357 749 433 9577 0 0 1 moving 
5 705 357 746 434 9578 0 0 1 moving 
5 702 357 743 435 9579 0 0 1 moving 
6 687 417 744 522 9560 0 1 0 moving 
6 680 419 738 522 9561 0 1 1 standing 
6 674 421 732 522 9562 0 1 1 standing 
6 668 423 727 523 9563 0 1 1 standing 
6 662 425 721 523 9564 0 1 1 standing 
6 656 427 716 524 9565 0 1 0 standing 
6 654 424 712 523 9566 0 1 1 standing 
6 652 421 708 522 9567 0 1 1 standing 
6 650 418 705 522 9568 0 1 0 standing 
6 646 415 702 520 9569 0 1 1 standing 
6 642 413 699 519 9570 0 1 1 standing 
6 638 410 696 517 9571 0 1 1 standing 
6 634 408 693 516 9572 0 1 1 standing 
6 630 406 691 515 9573 0 1 0 standing 
6 629 403 689 514 9574 0 1 1 standing 
6 629 400 687 514 9575 0 1 1 standing 
6 628 397 685 514 9576 0 1 1 standing 
6 628 394 683 514 9577 0 1 1 standing 
6 627 391 681 514 9578 0 1 1 standing 
6 627 389 680 514 9579 0 1 0 standing 
7 824 413 868 497 9560 0 0 0 standing 
7 821 413 864 497 9561 0 0 1 standing 
7 818 413 860 497 9562 0 0 1 standing 
7 815 413 856 497 9563 0 0 1 standing 
7 813 413 852 497 9564 0 0 1 standing 
7 810 414 849 497 9565 0 0 1 standing 
7 807 414 845 497 9566 0 0 1 standing 
7 805 414 841 497 9567 0 0 1 standing 
7 802 414 837 497 9568 0 0 1 standing 
7 799 414 833 497 9569 0 0 1 standing 
7 797 415 830 498 9570 0 0 0 standing 
7 791 416 828 499 9571 0 0 1 standing 
7 785 417 826 501 9572 0 0 1 standing 
7 779 418 824 502 9573 0 0 1 standing 
7 773 419 822 504 9574 0 0 0 standing 
7 773 418 819 503 9575 0 0 1 standing 
7 774 418 817 502 9576 0 0 1 standing 
7 774 418 815 502 9577 0 0 1 standing 
7 775 417 813 501 9578 0 0 1 standing 
7 775 417 811 500 9579 0 0 1 standing 
8 1009 557 1070 608 9560 0 0 0 standing 
8 1012 558 1073 609 9561 0 0 1 falling 
8 1016 560 1076 611 9562 0 0 1 falling 
8 1020 562 1079 612 9563 0 0 1 falling 
8 1024 563 1082 614 9564 0 0 1 falling 
8 1028 565 1085 616 9565 0 0 1 falling 
8 1031 567 1088 617 9566 0 0 1 falling 
8 1035 568 1091 619 9567 0 0 1 falling 
8 1039 570 1094 620 9568 0 0 1 falling 
8 1043 572 1097 622 9569 0 0 1 falling 
8 1047 574 1100 624 9570 0 0 0 falling 
8 1047 572 1100 624 9571 0 0 1 falling 
8 1047 571 1100 624 9572 0 0 1 falling 
8 1047 570 1100 624 9573 0 0 1 falling 
8 1047 568 1100 624 9574 0 0 1 falling 
8 1047 567 1100 624 9575 0 0 1 falling 
8 1047 566 1100 624 9576 0 0 1 falling 
8 1047 564 1100 624 9577 0 0 1 falling 
8 1047 563 1100 624 9578 0 0 1 falling 
8 1047 562 1100 624 9579 0 0 1 falling 
9 796 521 849 634 9560 0 1 0 falling 
9 791 521 847 633 9561 0 1 1 moving 
9 787 521 845 632 9562 0 1 1 moving 
9 783 522 843 632 9563 0 1 1 moving 
9 778 522 841 631 9564 0 1 1 moving 
9 774 523 839 631 9565 0 1 1 moving 
9 770 523 837 630 9566 0 1 1 moving 
9 766 524 836 630 9567 0 1 0 moving 
9 763 523 832 628 9568 0 1 1 moving 
9 761 523 828 627 9569 0 1 1 moving 
9 759 523 824 626 9570 0 1 0 moving 
9 754 521 820 624 9571 0 1 1 moving 
9 750 520 816 623 9572 0 1 1 moving 
9 745 519 812 622 9573 0 1 1 moving 
9 741 518 808 620 9574 0 1 1 moving 
9 736 517 804 619 9575 0 1 1 moving 
9 732 516 800 618 9576 0 1 0 moving 
9 727 514 793 617 9577 0 1 1 moving 
9 722 513 787 616 9578 0 1 1 moving 
9 717 512 781 615 9579 0 1 1 moving 
10 534 423 570 519 9560 0 0 0 moving 
10 534 424 570 520 9561 0 0 1 waiting 
10 535 425 571 521 9562 0 0 1 waiting 
10 536 426 572 522 9563 0 0 1 waiting 
10 537 428 573 524 9564 0 0 1 waiting 
10 538 429 574 525 9565 0 0 1 waiting 
10 538 430 574 526 9566 0 0 1 waiting 
10 539 432 575 528 9567 0 0 1 waiting 
10 540 433 576 529 9568 0 0 1 waiting 
10 541 434 577 530 9569 0 0 1 waiting 
10 542 436 578 532 9570 0 0 0 waiting 
10 543 427 579 528 9571 0 0 1 waiting 
10 544 418 580 524 9572 0 0 1 waiting 
10 545 410 581 521 9573 0 0 1 waiting 
10 546 401 582 517 9574 0 0 1 waiting 
10 548 393 584 514 9575 0 0 0 waiting 
10 550 395 586 511 9576 0 0 1 waiting 
10 552 397 588 508 9577 0 0 1 waiting 
10 554 399 590 505 9578 0 0 1 waiting 
10 556 401 592 502 9579 0 0 1 waiting 
11 526 439 565 552 9560 0 0 0 waiting 
11 526 439 565 553 9561 0 0 1 standing 
11 527 440 565 555 9562 0 0 1 standing 
11 528 441 566 556 9563 0 0 1 standing 
11 528 442 566 558 9564 0 0 1 standing 
11 529 443 566 559 9565 0 0 1 standing 
11 530 444 567 561 9566 0 0 0 standing 
11 531 446 568 562 9567 0 0 1 standing 
11 532 449 570 564 9568 0 0 1 standing 
11 533 452 571 566 9569 0 0 1 standing 
11 534 455 573 568 9570 0 0 0 standing 
11 536 449 575 564 9571 0 0 1 standing 
11 538 444 577 561 9572 0 0 1 standing 
11 540 439 579 558 9573 0 0 1 standing 
11 542 434 581 555 9574 0 0 1 standing 
11 544 429 583 552 9575 0 0 1 standing 
11 546 424 585 549 9576 0 0 1 standing 
11 548 419 587 546 9577 0 0 1 standing 
11 550 414 589 543 9578 0 0 1 standing 
11 552 409 591 540 9579 0 0 1 standing 
