0 155 369 238 594 29500 0 1 0 standing 
0 164 367 250 581 29501 0 1 1 standing 
0 174 366 262 568 29502 0 1 1 standing 
0 183 365 274 555 29503 0 1 1 standing 
0 193 364 287 543 29504 0 1 0 standing 
0 203 363 295 547 29505 0 1 1 standing 
0 213 362 303 551 29506 0 1 1 standing 
0 223 361 311 555 29507 0 1 1 standing 
0 233 360 319 559 29508 0 1 1 standing 
0 243 359 327 563 29509 0 1 1 standing 
0 253 358 335 567 29510 0 1 0 standing 
0 261 369 344 574 29511 0 1 1 standing 
0 269 381 353 581 29512 0 1 1 standing 
0 278 393 362 589 29513 0 1 0 standing 
0 277 397 362 588 29514 0 1 1 standing 
0 277 401 363 588 29515 0 1 1 standing 
0 277 405 363 588 29516 0 1 1 standing 
0 277 409 364 587 29517 0 1 1 standing 
0 277 413 364 587 29518 0 1 1 standing 
0 277 417 365 587 29519 0 1 1 standing 
1 580 429 635 595 29500 0 1 0 standing 
1 573 421 630 589 29501 0 1 1 blocking 
1 567 413 625 583 29502 0 1 1 blocking 
1 561 405 621 577 29503 0 1 1 blocking 
1 555 397 616 571 29504 0 1 1 blocking 
1 549 389 612 565 29505 0 1 1 blocking 
1 543 381 607 559 29506 0 1 1 blocking 
1 537 373 602 553 29507 0 1 1 blocking 
1 531 365 598 547 29508 0 1 1 blocking 
1 525 357 593 541 29509 0 1 1 blocking 
1 519 349 589 535 29510 0 1 0 blocking 
1 515 355 586 539 29511 0 1 1 blocking 
1 511 362 583 543 29512 0 1 1 blocking 
1 507 369 580 547 29513 0 1 1 blocking 
1 504 376 578 551 29514 0 1 1 blocking 
1 500 382 575 555 29515 0 1 1 blocking 
1 496 389 572 559 29516 0 1 1 blocking 
1 492 396 569 563 29517 0 1 1 blocking 
1 489 403 567 567 29518 0 1 1 blocking 
1 485 409 564 571 29519 0 1 1 blocking 
2 563 410 624 579 29500 0 1 0 blocking 
2 558 401 620 572 29501 0 1 1 blocking 
2 553 393 616 565 29502 0 1 1 blocking 
2 548 385 612 558 29503 0 1 1 blocking 
2 543 377 608 551 29504 0 1 1 blocking 
2 538 369 604 545 29505 0 1 1 blocking 
2 533 360 600 538 29506 0 1 1 blocking 
2 528 352 596 531 29507 0 1 1 blocking 
2 523 344 592 524 29508 0 1 1 blocking 
2 518 336 588 517 29509 0 1 1 blocking 
2 514 328 585 511 29510 0 1 0 blocking 
2 510 334 581 515 29511 0 1 1 blocking 
2 507 340 578 519 29512 0 1 1 blocking 
2 503 346 574 523 29513 0 1 1 blocking 
2 500 352 571 528 29514 0 1 1 blocking 
2 496 358 567 532 29515 0 1 1 blocking 
2 493 364 564 536 29516 0 1 1 blocking 
2 489 370 560 540 29517 0 1 1 blocking 
2 486 376 557 545 29518 0 1 1 blocking 
2 482 382 553 549 29519 0 1 1 blocking 
3 101 350 178 481 29500 0 0 0 blocking 
3 93 351 170 483 29501 0 0 1 standing 
3 85 352 163 485 29502 0 0 1 standing 
3 78 354 156 487 29503 0 0 0 standing 
3 74 352 152 487 29504 0 0 1 standing 
3 70 351 149 487 29505 0 0 1 standing 
3 67 350 146 488 29506 0 0 0 standing 
3 64 345 137 486 29507 0 0 1 standing 
3 61 340 129 485 29508 0 0 1 standing 
3 58 336 121 484 29509 0 0 0 standing 
3 52 334 113 485 29510 0 0 1 standing 
3 46 332 106 486 29511 0 0 1 standing 
3 41 331 99 488 29512 0 0 0 standing 
3 32 334 92 488 29513 0 0 1 standing 
3 24 337 85 488 29514 0 0 1 standing 
3 16 341 79 489 29515 0 0 0 standing 
3 12 340 71 488 29516 0 0 1 standing 
3 9 340 64 488 29517 0 0 1 standing 
3 6 339 57 488 29518 0 0 1 standing 
3 3 339 50 488 29519 0 0 1 standing 
4 147 400 214 566 29500 0 0 0 standing 
4 144 401 211 564 29501 0 0 1 standing 
4 141 403 208 562 29502 0 0 1 standing 
4 138 405 206 560 29503 0 0 0 standing 
4 136 405 204 563 29504 0 0 1 standing 
4 134 405 202 566 29505 0 0 1 standing 
4 133 405 201 569 29506 0 0 0 standing 
4 129 404 195 568 29507 0 0 1 standing 
4 125 403 189 567 29508 0 0 1 standing 
4 121 403 184 566 29509 0 0 0 standing 
4 116 404 177 570 29510 0 0 1 standing 
4 111 405 171 574 29511 0 0 1 standing 
4 106 406 165 579 29512 0 0 0 standing 
4 101 408 159 579 29513 0 0 1 standing 
4 96 411 154 579 29514 0 0 1 standing 
4 91 414 149 579 29515 0 0 0 standing 
4 83 415 141 580 29516 0 0 1 standing 
4 75 416 133 581 29517 0 0 1 standing 
4 67 417 126 582 29518 0 0 1 standing 
4 59 418 118 583 29519 0 0 1 standing 
5 283 394 354 561 29500 0 0 0 standing 
5 280 399 350 560 29501 0 0 1 standing 
5 277 404 346 559 29502 0 0 1 standing 
5 274 410 343 558 29503 0 0 0 standing 
5 269 407 338 555 29504 0 0 1 standing 
5 265 405 334 553 29505 0 0 1 standing 
5 261 403 330 551 29506 0 0 0 standing 
5 256 404 325 544 29507 0 0 1 standing 
5 251 406 320 538 29508 0 0 1 standing 
5 247 408 316 532 29509 0 0 0 standing 
5 242 409 311 533 29510 0 0 1 standing 
5 238 411 307 535 29511 0 0 1 standing 
5 234 413 303 537 29512 0 0 0 standing 
5 228 413 296 536 29513 0 0 1 standing 
5 223 413 289 536 29514 0 0 1 standing 
5 218 413 283 536 29515 0 0 0 standing 
5 211 411 276 535 29516 0 0 1 standing 
5 204 409 269 535 29517 0 0 1 standing 
5 197 408 262 534 29518 0 0 1 standing 
5 190 406 255 534 29519 0 0 1 standing 
6 441 329 496 451 29500 0 0 0 standing 
6 441 327 495 450 29501 0 0 1 standing 
6 441 326 495 449 29502 0 0 1 standing 
6 441 325 495 448 29503 0 0 0 standing 
6 439 328 498 450 29504 0 0 1 standing 
6 437 332 501 452 29505 0 0 1 standing 
6 436 336 504 454 29506 0 0 0 standing 
6 431 335 499 452 29507 0 0 1 standing 
6 426 334 495 450 29508 0 0 1 standing 
6 422 334 491 448 29509 0 0 0 standing 
6 419 333 488 451 29510 0 0 1 standing 
6 416 333 485 454 29511 0 0 1 standing 
6 414 333 482 457 29512 0 0 0 standing 
6 409 331 477 454 29513 0 0 1 standing 
6 404 330 472 451 29514 0 0 1 standing 
6 400 329 467 449 29515 0 0 0 standing 
6 396 329 461 452 29516 0 0 1 standing 
6 393 330 455 456 29517 0 0 1 standing 
6 389 331 449 459 29518 0 0 1 standing 
6 386 332 443 463 29519 0 0 1 standing 
7 461 384 526 530 29500 0 0 0 standing 
7 461 383 523 531 29501 0 0 1 standing 
7 461 382 520 533 29502 0 0 1 standing 
7 461 381 518 535 29503 0 0 0 standing 
7 457 381 516 535 29504 0 0 1 standing 
7 454 382 515 535 29505 0 0 1 standing 
7 451 383 514 536 29506 0 0 0 standing 
7 446 383 512 536 29507 0 0 1 standing 
7 441 383 510 537 29508 0 0 1 standing 
7 436 384 508 538 29509 0 0 0 standing 
7 428 385 506 538 29510 0 0 1 standing 
7 421 386 504 539 29511 0 0 1 standing 
7 414 387 502 540 29512 0 0 0 standing 
7 409 388 497 541 29513 0 0 1 standing 
7 404 389 492 542 29514 0 0 1 standing 
7 400 390 488 543 29515 0 0 0 standing 
7 395 391 483 545 29516 0 0 1 standing 
7 390 393 478 547 29517 0 0 1 standing 
7 385 395 473 549 29518 0 0 1 standing 
7 380 397 468 551 29519 0 0 1 standing 
8 612 346 671 471 29500 0 0 0 standing 
8 609 345 668 472 29501 0 0 1 standing 
8 606 345 665 473 29502 0 0 1 standing 
8 603 345 662 475 29503 0 0 0 standing 
8 602 345 661 475 29504 0 0 1 standing 
8 602 345 661 475 29505 0 0 1 standing 
8 602 346 661 476 29506 0 0 0 standing 
8 599 346 658 476 29507 0 0 1 standing 
8 596 347 655 476 29508 0 0 1 standing 
8 594 348 653 477 29509 0 0 0 standing 
8 588 354 651 478 29510 0 0 1 standing 
8 582 360 650 479 29511 0 0 1 standing 
8 576 366 649 481 29512 0 0 0 standing 
8 571 367 647 485 29513 0 0 1 standing 
8 566 368 646 489 29514 0 0 1 standing 
8 561 370 645 494 29515 0 0 0 standing 
8 564 372 639 495 29516 0 0 1 standing 
8 567 374 634 496 29517 0 0 1 standing 
8 570 377 628 497 29518 0 0 1 standing 
8 573 379 623 498 29519 0 0 1 standing 
9 933 340 1013 453 29500 0 0 0 standing 
9 927 340 1007 453 29501 0 0 1 standing 
9 922 340 1002 453 29502 0 0 1 standing 
9 917 341 997 454 29503 0 0 0 standing 
9 912 339 992 452 29504 0 0 1 standing 
9 907 337 987 450 29505 0 0 1 standing 
9 903 336 983 449 29506 0 0 0 standing 
9 897 336 977 449 29507 0 0 1 standing 
9 892 336 972 449 29508 0 0 1 standing 
9 887 336 967 449 29509 0 0 0 standing 
9 880 336 960 449 29510 0 0 1 standing 
9 874 336 954 449 29511 0 0 1 standing 
9 868 337 948 450 29512 0 0 0 standing 
9 861 339 940 449 29513 0 0 1 standing 
9 854 342 933 448 29514 0 0 1 standing 
9 847 345 926 448 29515 0 0 0 standing 
9 840 345 919 449 29516 0 0 1 standing 
9 833 346 912 451 29517 0 0 1 standing 
9 827 346 906 452 29518 0 0 1 standing 
9 820 347 899 454 29519 0 0 1 standing 
10 1063 389 1144 493 29500 0 0 0 standing 
10 1062 388 1146 492 29501 0 0 1 standing 
10 1061 387 1148 491 29502 0 0 1 standing 
10 1061 387 1150 490 29503 0 0 0 standing 
10 1061 385 1150 490 29504 0 0 1 standing 
10 1061 383 1150 490 29505 0 0 1 standing 
10 1062 382 1151 490 29506 0 0 0 standing 
10 1062 379 1144 489 29507 0 0 1 standing 
10 1062 377 1137 488 29508 0 0 1 standing 
10 1062 375 1131 488 29509 0 0 0 standing 
10 1058 375 1127 486 29510 0 0 1 standing 
10 1055 375 1124 484 29511 0 0 1 standing 
10 1052 375 1121 483 29512 0 0 0 standing 
10 1049 374 1120 488 29513 0 0 1 standing 
10 1046 373 1119 493 29514 0 0 1 standing 
10 1044 372 1118 499 29515 0 0 0 standing 
10 1035 371 1111 498 29516 0 0 1 standing 
10 1027 370 1105 497 29517 0 0 1 standing 
10 1018 369 1098 497 29518 0 0 1 standing 
10 1010 368 1092 496 29519 0 0 1 standing 
11 1118 465 1229 601 29500 0 0 0 standing 
11 1117 469 1225 600 29501 0 0 1 digging 
11 1116 473 1221 600 29502 0 0 1 digging 
11 1115 478 1218 600 29503 0 0 0 digging 
11 1113 476 1213 598 29504 0 0 1 digging 
11 1112 474 1208 596 29505 0 0 1 digging 
11 1111 473 1203 595 29506 0 0 0 digging 
11 1107 471 1199 594 29507 0 0 1 digging 
11 1104 469 1196 594 29508 0 0 1 digging 
11 1101 467 1193 594 29509 0 0 0 digging 
11 1093 467 1196 590 29510 0 0 1 digging 
11 1086 468 1199 586 29511 0 0 1 digging 
11 1079 469 1202 583 29512 0 0 0 digging 
11 1062 469 1194 583 29513 0 0 1 digging 
11 1045 469 1186 583 29514 0 0 1 digging 
11 1029 469 1178 583 29515 0 0 0 digging 
11 1021 468 1155 580 29516 0 0 1 digging 
11 1013 467 1132 577 29517 0 0 1 digging 
11 1005 467 1109 574 29518 0 0 1 digging 
11 997 466 1086 571 29519 0 0 1 digging 
