0 717 442 769 542 49130 0 1 0 setting 
0 716 438 768 540 49131 0 1 1 setting 
0 715 435 767 539 49132 0 1 1 setting 
0 714 432 766 538 49133 0 1 1 setting 
0 714 429 765 536 49134 0 1 1 setting 
0 713 426 765 535 49135 0 1 1 setting 
0 712 422 764 534 49136 0 1 1 setting 
0 712 419 763 532 49137 0 1 1 setting 
0 711 416 762 531 49138 0 1 1 setting 
0 710 413 761 530 49139 0 1 1 setting 
0 710 410 761 529 49140 0 1 0 setting 
0 708 416 760 530 49141 0 1 1 setting 
0 706 422 759 531 49142 0 1 1 setting 
0 704 428 758 532 49143 0 1 1 setting 
0 702 434 757 534 49144 0 1 0 setting 
0 703 439 755 535 49145 0 1 1 setting 
0 704 444 754 536 49146 0 1 1 setting 
0 705 449 753 537 49147 0 1 1 setting 
0 706 454 751 538 49148 0 1 1 setting 
0 707 459 750 539 49149 0 1 1 setting 
1 975 420 1015 511 49130 0 0 0 setting 
1 969 420 1018 511 49131 0 0 1 standing 
1 963 420 1021 511 49132 0 0 1 standing 
1 958 421 1024 511 49133 0 0 0 standing 
1 958 421 1023 512 49134 0 0 1 standing 
1 959 421 1023 513 49135 0 0 1 standing 
1 960 421 1023 514 49136 0 0 0 standing 
1 961 421 1019 514 49137 0 0 1 standing 
1 963 421 1016 514 49138 0 0 1 standing 
1 965 422 1013 514 49139 0 0 0 standing 
1 962 420 1006 513 49140 0 0 1 standing 
1 959 418 1000 513 49141 0 0 1 standing 
1 956 417 994 513 49142 0 0 0 standing 
1 954 419 993 516 49143 0 0 1 standing 
1 953 421 992 519 49144 0 0 1 standing 
1 952 423 991 522 49145 0 0 0 standing 
1 950 424 989 522 49146 0 0 1 standing 
1 948 425 987 523 49147 0 0 1 standing 
1 946 426 985 524 49148 0 0 1 standing 
1 944 427 983 525 49149 0 0 1 standing 
2 827 393 864 475 49130 0 0 0 standing 
2 830 392 867 476 49131 0 0 1 standing 
2 833 391 871 477 49132 0 0 1 standing 
2 836 391 875 479 49133 0 0 0 standing 
2 838 391 877 479 49134 0 0 1 standing 
2 841 391 880 479 49135 0 0 1 standing 
2 844 391 883 479 49136 0 0 0 standing 
2 846 391 885 479 49137 0 0 1 standing 
2 848 391 887 479 49138 0 0 1 standing 
2 851 392 890 480 49139 0 0 0 standing 
2 854 392 893 480 49140 0 0 1 standing 
2 858 393 897 481 49141 0 0 1 standing 
2 862 394 901 482 49142 0 0 0 standing 
2 864 393 903 481 49143 0 0 1 standing 
2 867 392 906 480 49144 0 0 1 standing 
2 870 391 909 479 49145 0 0 0 standing 
2 871 391 910 479 49146 0 0 1 standing 
2 873 391 912 479 49147 0 0 1 standing 
2 874 391 913 479 49148 0 0 1 standing 
2 876 391 915 479 49149 0 0 1 standing 
3 745 386 788 462 49130 0 0 0 standing 
3 751 387 794 461 49131 0 0 1 moving 
3 758 389 800 460 49132 0 0 1 moving 
3 765 391 807 460 49133 0 0 0 moving 
3 768 391 810 460 49134 0 0 1 moving 
3 771 391 813 460 49135 0 0 1 moving 
3 774 391 816 460 49136 0 0 0 moving 
3 776 390 818 459 49137 0 0 1 moving 
3 778 389 820 458 49138 0 0 1 moving 
3 780 388 822 457 49139 0 0 0 moving 
3 782 389 825 457 49140 0 0 1 moving 
3 785 390 829 458 49141 0 0 1 moving 
3 788 391 833 459 49142 0 0 0 moving 
3 788 391 834 461 49143 0 0 1 moving 
3 788 391 836 463 49144 0 0 1 moving 
3 788 392 838 465 49145 0 0 0 moving 
3 786 392 838 465 49146 0 0 1 moving 
3 785 393 838 466 49147 0 0 1 moving 
3 784 394 838 466 49148 0 0 1 moving 
3 783 395 838 467 49149 0 0 1 moving 
4 653 441 710 532 49130 0 0 0 moving 
4 655 440 708 531 49131 0 0 1 standing 
4 657 439 706 530 49132 0 0 1 standing 
4 660 439 704 529 49133 0 0 0 standing 
4 660 437 701 530 49134 0 0 1 standing 
4 660 435 698 531 49135 0 0 1 standing 
4 660 433 695 533 49136 0 0 0 standing 
4 656 435 695 534 49137 0 0 1 standing 
4 652 437 695 536 49138 0 0 1 standing 
4 649 439 695 538 49139 0 0 0 standing 
4 646 441 695 542 49140 0 0 1 standing 
4 643 444 696 547 49141 0 0 1 standing 
4 641 447 697 552 49142 0 0 0 standing 
4 642 449 700 555 49143 0 0 1 standing 
4 644 451 703 559 49144 0 0 1 standing 
4 646 453 707 563 49145 0 0 0 standing 
4 651 453 709 563 49146 0 0 1 standing 
4 656 453 711 563 49147 0 0 1 standing 
4 661 453 714 563 49148 0 0 1 standing 
4 666 453 716 563 49149 0 0 1 standing 
5 607 409 640 506 49130 0 0 0 standing 
5 610 410 643 507 49131 0 0 1 standing 
5 613 411 646 508 49132 0 0 1 standing 
5 616 412 649 509 49133 0 0 0 standing 
5 618 412 652 508 49134 0 0 1 standing 
5 620 412 655 508 49135 0 0 1 standing 
5 623 412 658 508 49136 0 0 0 standing 
5 625 411 660 507 49137 0 0 1 standing 
5 628 411 663 507 49138 0 0 1 standing 
5 631 411 666 507 49139 0 0 0 standing 
5 634 411 669 510 49140 0 0 1 standing 
5 637 412 672 514 49141 0 0 1 standing 
5 641 413 675 518 49142 0 0 0 standing 
5 643 415 677 520 49143 0 0 1 standing 
5 645 417 679 522 49144 0 0 1 standing 
5 648 420 682 525 49145 0 0 0 standing 
5 649 420 683 525 49146 0 0 1 standing 
5 650 420 684 525 49147 0 0 1 standing 
5 651 420 685 525 49148 0 0 1 standing 
5 652 420 686 525 49149 0 0 1 standing 
6 166 437 195 535 49130 0 0 0 standing 
6 167 437 196 535 49131 0 0 1 standing 
6 169 437 198 535 49132 0 0 1 standing 
6 171 437 200 535 49133 0 0 0 standing 
6 171 436 202 534 49134 0 0 1 standing 
6 171 436 204 533 49135 0 0 1 standing 
6 172 436 207 532 49136 0 0 0 standing 
6 175 436 210 532 49137 0 0 1 standing 
6 178 436 213 532 49138 0 0 1 standing 
6 181 436 216 532 49139 0 0 0 standing 
6 182 435 217 532 49140 0 0 1 standing 
6 183 434 218 533 49141 0 0 1 standing 
6 185 434 219 534 49142 0 0 0 standing 
6 187 435 222 534 49143 0 0 1 standing 
6 189 436 225 535 49144 0 0 1 standing 
6 191 437 228 536 49145 0 0 0 standing 
6 193 438 230 537 49146 0 0 1 standing 
6 195 439 233 538 49147 0 0 1 standing 
6 197 440 235 539 49148 0 0 1 standing 
6 199 441 238 540 49149 0 0 1 standing 
7 229 510 272 617 49130 0 0 0 standing 
7 231 511 274 616 49131 0 0 1 standing 
7 233 512 276 616 49132 0 0 1 standing 
7 236 513 278 616 49133 0 0 0 standing 
7 238 512 280 616 49134 0 0 1 standing 
7 240 511 282 616 49135 0 0 1 standing 
7 243 511 284 617 49136 0 0 0 standing 
7 246 510 287 616 49137 0 0 1 standing 
7 249 509 290 615 49138 0 0 1 standing 
7 253 508 294 614 49139 0 0 0 standing 
7 254 508 295 614 49140 0 0 1 standing 
7 255 508 296 614 49141 0 0 1 standing 
7 257 508 298 614 49142 0 0 0 standing 
7 259 509 301 613 49143 0 0 1 standing 
7 262 511 305 612 49144 0 0 1 standing 
7 265 513 309 611 49145 0 0 0 standing 
7 266 513 311 611 49146 0 0 1 standing 
7 267 513 313 612 49147 0 0 1 standing 
7 268 513 315 612 49148 0 0 1 standing 
7 269 513 317 613 49149 0 0 1 standing 
8 349 398 379 480 49130 0 0 0 standing 
8 351 397 380 480 49131 0 0 1 standing 
8 353 397 382 481 49132 0 0 1 standing 
8 355 397 384 481 49133 0 0 1 standing 
8 357 396 386 482 49134 0 0 1 standing 
8 359 396 388 482 49135 0 0 1 standing 
8 361 396 390 483 49136 0 0 0 standing 
8 362 395 391 482 49137 0 0 1 standing 
8 364 394 393 481 49138 0 0 1 standing 
8 365 393 394 480 49139 0 0 1 standing 
8 367 392 396 479 49140 0 0 1 standing 
8 368 391 397 478 49141 0 0 1 standing 
8 370 391 399 478 49142 0 0 0 standing 
8 368 391 400 476 49143 0 0 1 standing 
8 366 391 401 474 49144 0 0 1 standing 
8 365 391 403 473 49145 0 0 0 standing 
8 364 391 405 472 49146 0 0 1 standing 
8 363 391 407 472 49147 0 0 1 standing 
8 362 391 409 471 49148 0 0 1 standing 
8 361 391 411 471 49149 0 0 1 standing 
9 527 457 572 554 49130 0 0 0 standing 
9 532 459 573 557 49131 0 0 1 standing 
9 537 461 574 560 49132 0 0 1 standing 
9 542 463 576 563 49133 0 0 0 standing 
9 545 463 579 563 49134 0 0 1 standing 
9 548 463 582 563 49135 0 0 1 standing 
9 552 464 586 564 49136 0 0 0 standing 
9 555 464 589 564 49137 0 0 1 standing 
9 559 464 593 564 49138 0 0 1 standing 
9 563 465 597 565 49139 0 0 0 standing 
9 565 465 599 565 49140 0 0 1 standing 
9 567 465 601 565 49141 0 0 1 standing 
9 570 465 604 565 49142 0 0 1 standing 
9 572 465 606 565 49143 0 0 1 standing 
9 574 465 608 565 49144 0 0 1 standing 
9 577 466 611 566 49145 0 0 0 standing 
9 579 466 615 564 49146 0 0 1 standing 
9 581 466 619 562 49147 0 0 1 standing 
9 583 466 623 560 49148 0 0 1 standing 
9 585 466 627 558 49149 0 0 1 standing 
10 547 421 592 531 49130 0 0 0 standing 
10 550 424 595 534 49131 0 0 1 standing 
10 553 427 598 537 49132 0 0 1 standing 
10 556 430 601 540 49133 0 0 0 standing 
10 559 430 603 536 49134 0 0 1 standing 
10 562 430 606 532 49135 0 0 1 standing 
10 565 430 609 529 49136 0 0 0 standing 
10 567 431 611 530 49137 0 0 1 standing 
10 569 432 613 531 49138 0 0 1 standing 
10 572 434 616 533 49139 0 0 0 standing 
10 573 435 615 533 49140 0 0 1 standing 
10 574 437 614 533 49141 0 0 1 standing 
10 575 439 614 534 49142 0 0 1 standing 
10 576 441 613 534 49143 0 0 1 standing 
10 577 443 612 534 49144 0 0 1 standing 
10 578 445 612 535 49145 0 0 0 standing 
10 580 443 614 533 49146 0 0 1 standing 
10 582 441 616 531 49147 0 0 1 standing 
10 585 440 619 530 49148 0 0 1 standing 
10 587 438 621 528 49149 0 0 1 standing 
11 554 418 587 504 49130 0 0 0 standing 
11 556 417 589 506 49131 0 0 1 standing 
11 559 417 591 509 49132 0 0 1 standing 
11 562 417 594 512 49133 0 0 0 standing 
11 565 417 597 512 49134 0 0 1 standing 
11 569 417 601 512 49135 0 0 1 standing 
11 573 417 605 512 49136 0 0 0 standing 
11 574 416 606 511 49137 0 0 1 standing 
11 575 416 607 511 49138 0 0 1 standing 
11 577 416 609 511 49139 0 0 0 standing 
11 578 415 610 510 49140 0 0 1 standing 
11 580 415 612 510 49141 0 0 1 standing 
11 582 415 614 510 49142 0 0 1 standing 
11 583 415 615 510 49143 0 0 1 standing 
11 585 415 617 510 49144 0 0 1 standing 
11 587 415 619 510 49145 0 0 0 standing 
11 588 412 620 507 49146 0 0 1 standing 
11 589 410 621 505 49147 0 0 1 standing 
11 591 408 623 503 49148 0 0 0 standing 
11 591 408 623 503 49149 0 0 1 standing 
