0 144 553 225 722 33890 0 1 0 standing 
0 154 552 235 721 33891 0 1 1 standing 
0 165 551 246 720 33892 0 1 1 standing 
0 176 550 257 719 33893 0 1 1 standing 
0 186 549 267 718 33894 0 1 1 standing 
0 197 548 278 717 33895 0 1 1 standing 
0 208 547 289 716 33896 0 1 1 standing 
0 218 546 299 715 33897 0 1 1 standing 
0 229 545 310 714 33898 0 1 1 standing 
0 240 544 321 713 33899 0 1 1 standing 
0 251 544 332 713 33900 0 1 0 standing 
0 264 542 346 711 33901 0 1 1 standing 
0 277 540 360 709 33902 0 1 1 standing 
0 290 538 374 707 33903 0 1 1 standing 
0 304 536 388 705 33904 0 1 1 standing 
0 317 534 403 704 33905 0 1 1 standing 
0 330 532 417 702 33906 0 1 1 standing 
0 344 530 431 700 33907 0 1 1 standing 
0 357 528 445 698 33908 0 1 1 standing 
0 370 526 459 696 33909 0 1 1 standing 
1 452 622 520 795 33890 0 1 0 standing 
1 458 619 525 794 33891 0 1 1 standing 
1 465 616 531 794 33892 0 1 1 standing 
1 471 613 536 793 33893 0 1 1 standing 
1 478 610 542 793 33894 0 1 1 standing 
1 484 608 548 792 33895 0 1 1 standing 
1 491 605 553 792 33896 0 1 1 standing 
1 497 602 559 791 33897 0 1 1 standing 
1 504 599 564 791 33898 0 1 1 standing 
1 510 596 570 790 33899 0 1 1 standing 
1 517 594 576 790 33900 0 1 0 standing 
1 525 590 584 786 33901 0 1 1 standing 
1 533 587 593 783 33902 0 1 1 standing 
1 542 584 601 780 33903 0 1 1 standing 
1 550 581 610 776 33904 0 1 1 standing 
1 559 578 618 773 33905 0 1 1 standing 
1 567 574 627 770 33906 0 1 1 standing 
1 575 571 635 766 33907 0 1 1 standing 
1 584 568 644 763 33908 0 1 1 standing 
1 592 565 652 760 33909 0 1 1 standing 
2 502 523 560 696 33890 0 1 0 standing 
2 507 523 565 696 33891 0 1 1 standing 
2 512 524 570 697 33892 0 1 1 standing 
2 517 525 575 698 33893 0 1 1 standing 
2 523 525 581 698 33894 0 1 1 standing 
2 528 526 586 699 33895 0 1 1 standing 
2 533 527 591 700 33896 0 1 1 standing 
2 539 527 597 700 33897 0 1 1 standing 
2 544 528 602 701 33898 0 1 1 standing 
2 549 529 607 702 33899 0 1 1 standing 
2 555 530 613 703 33900 0 1 0 standing 
2 562 529 620 702 33901 0 1 1 standing 
2 570 528 628 701 33902 0 1 1 standing 
2 578 527 636 700 33903 0 1 1 standing 
2 585 526 644 699 33904 0 1 1 standing 
2 593 526 652 699 33905 0 1 1 standing 
2 601 525 660 698 33906 0 1 1 standing 
2 608 524 668 697 33907 0 1 1 standing 
2 616 523 676 696 33908 0 1 1 standing 
2 624 522 684 695 33909 0 1 1 standing 
3 552 421 616 564 33890 0 1 0 standing 
3 555 422 619 563 33891 0 1 1 standing 
3 559 424 623 562 33892 0 1 1 standing 
3 563 425 626 562 33893 0 1 1 standing 
3 566 427 630 561 33894 0 1 1 standing 
3 570 429 634 561 33895 0 1 1 standing 
3 574 430 637 560 33896 0 1 1 standing 
3 577 432 641 559 33897 0 1 1 standing 
3 581 433 644 559 33898 0 1 1 standing 
3 585 435 648 558 33899 0 1 1 standing 
3 589 437 652 558 33900 0 1 0 standing 
3 594 438 656 560 33901 0 1 1 standing 
3 600 440 661 562 33902 0 1 1 standing 
3 605 442 666 564 33903 0 1 1 standing 
3 611 444 671 566 33904 0 1 1 standing 
3 616 446 676 569 33905 0 1 1 standing 
3 622 448 681 571 33906 0 1 1 standing 
3 627 450 686 573 33907 0 1 1 standing 
3 633 452 691 575 33908 0 1 1 standing 
3 638 454 696 577 33909 0 1 1 standing 
4 570 507 656 683 33890 0 1 0 standing 
4 574 507 660 683 33891 0 1 1 standing 
4 579 508 664 684 33892 0 1 1 standing 
4 584 508 668 684 33893 0 1 1 standing 
4 588 509 672 685 33894 0 1 1 standing 
4 593 510 677 685 33895 0 1 1 standing 
4 598 510 681 686 33896 0 1 1 standing 
4 602 511 685 686 33897 0 1 1 standing 
4 607 511 689 687 33898 0 1 1 standing 
4 612 512 693 687 33899 0 1 1 standing 
4 617 513 698 688 33900 0 1 0 standing 
4 622 513 702 688 33901 0 1 1 standing 
4 628 513 706 688 33902 0 1 1 standing 
4 633 513 710 688 33903 0 1 1 standing 
4 639 513 714 688 33904 0 1 1 standing 
4 644 514 718 688 33905 0 1 1 standing 
4 650 514 722 688 33906 0 1 1 standing 
4 655 514 726 688 33907 0 1 1 standing 
4 661 514 730 688 33908 0 1 1 standing 
4 666 514 734 688 33909 0 1 1 standing 
5 609 590 726 753 33890 0 1 0 standing 
5 609 585 722 749 33891 0 1 1 standing 
5 610 581 719 746 33892 0 1 1 standing 
5 611 577 716 743 33893 0 1 1 standing 
5 612 573 713 740 33894 0 1 1 standing 
5 613 569 710 737 33895 0 1 1 standing 
5 613 565 707 734 33896 0 1 1 standing 
5 614 561 704 731 33897 0 1 1 standing 
5 615 557 701 728 33898 0 1 1 standing 
5 616 553 698 725 33899 0 1 1 standing 
5 617 549 695 722 33900 0 1 0 standing 
5 618 547 695 720 33901 0 1 1 standing 
5 620 546 695 719 33902 0 1 1 standing 
5 622 545 695 718 33903 0 1 1 standing 
5 624 544 695 717 33904 0 1 1 standing 
5 626 543 695 716 33905 0 1 1 standing 
5 628 542 695 715 33906 0 1 1 standing 
5 630 541 695 714 33907 0 1 1 standing 
5 632 540 695 713 33908 0 1 1 standing 
5 634 539 695 712 33909 0 1 1 standing 
6 760 621 839 842 33890 0 0 0 standing 
6 765 623 841 841 33891 0 0 1 standing 
6 770 626 843 840 33892 0 0 1 standing 
6 776 629 845 840 33893 0 0 0 standing 
6 782 630 851 841 33894 0 0 1 standing 
6 788 631 857 842 33895 0 0 1 standing 
6 794 633 863 844 33896 0 0 0 standing 
6 803 633 873 839 33897 0 0 1 standing 
6 812 633 884 835 33898 0 0 1 standing 
6 821 633 895 831 33899 0 0 0 standing 
6 832 633 906 831 33900 0 0 1 standing 
6 843 633 917 831 33901 0 0 1 standing 
6 854 633 928 831 33902 0 0 0 standing 
6 862 633 938 831 33903 0 0 1 standing 
6 870 633 948 831 33904 0 0 1 standing 
6 879 634 959 831 33905 0 0 0 standing 
6 886 634 965 831 33906 0 0 1 standing 
6 893 634 972 831 33907 0 0 1 standing 
6 900 635 978 831 33908 0 0 1 standing 
6 907 635 985 831 33909 0 0 1 standing 
7 797 686 880 908 33890 0 0 0 standing 
7 810 684 886 906 33891 0 0 1 standing 
7 824 682 893 904 33892 0 0 1 standing 
7 838 681 900 902 33893 0 0 0 standing 
7 846 684 914 904 33894 0 0 1 standing 
7 855 687 928 907 33895 0 0 1 standing 
7 864 690 943 910 33896 0 0 0 standing 
7 873 695 963 917 33897 0 0 1 standing 
7 882 701 984 924 33898 0 0 1 standing 
7 892 707 1005 931 33899 0 0 0 standing 
7 900 709 1016 932 33900 0 0 1 standing 
7 908 711 1028 934 33901 0 0 1 standing 
7 916 714 1040 936 33902 0 0 0 standing 
7 928 714 1048 938 33903 0 0 1 standing 
7 941 715 1057 940 33904 0 0 1 standing 
7 954 716 1066 943 33905 0 0 0 standing 
7 971 716 1075 943 33906 0 0 1 standing 
7 988 717 1084 943 33907 0 0 1 standing 
7 1005 718 1093 944 33908 0 0 1 standing 
7 1022 719 1102 944 33909 0 0 1 standing 
8 940 418 1009 575 33890 0 0 0 standing 
8 944 418 1013 575 33891 0 0 1 standing 
8 948 418 1017 575 33892 0 0 1 standing 
8 952 418 1021 575 33893 0 0 0 standing 
8 959 416 1027 575 33894 0 0 1 standing 
8 966 414 1034 575 33895 0 0 1 standing 
8 973 413 1041 575 33896 0 0 0 standing 
8 987 412 1052 571 33897 0 0 1 standing 
8 1001 411 1063 567 33898 0 0 1 standing 
8 1016 410 1075 564 33899 0 0 0 standing 
8 1026 408 1086 564 33900 0 0 1 standing 
8 1036 406 1098 564 33901 0 0 1 standing 
8 1047 405 1110 564 33902 0 0 0 standing 
8 1057 405 1124 563 33903 0 0 1 standing 
8 1067 405 1138 562 33904 0 0 1 standing 
8 1078 405 1153 561 33905 0 0 0 standing 
8 1087 405 1163 561 33906 0 0 1 standing 
8 1096 405 1173 561 33907 0 0 1 standing 
8 1106 405 1183 561 33908 0 0 1 standing 
8 1115 405 1193 561 33909 0 0 1 standing 
9 1117 459 1194 619 33890 0 0 0 standing 
9 1122 459 1199 619 33891 0 0 1 standing 
9 1127 460 1204 620 33892 0 0 1 standing 
9 1132 461 1209 621 33893 0 0 0 standing 
9 1138 462 1214 623 33894 0 0 1 standing 
9 1144 463 1219 625 33895 0 0 1 standing 
9 1151 465 1225 627 33896 0 0 0 standing 
9 1160 467 1234 630 33897 0 0 1 standing 
9 1169 469 1243 633 33898 0 0 1 standing 
9 1179 472 1252 637 33899 0 0 0 standing 
9 1190 472 1261 638 33900 0 0 1 standing 
9 1202 472 1271 640 33901 0 0 1 standing 
9 1214 473 1281 642 33902 0 0 0 standing 
9 1223 474 1290 642 33903 0 0 1 standing 
9 1233 475 1299 642 33904 0 0 1 standing 
9 1243 477 1309 642 33905 0 0 0 standing 
9 1251 478 1317 644 33906 0 0 1 standing 
9 1259 480 1325 647 33907 0 0 1 standing 
9 1267 482 1333 650 33908 0 0 1 standing 
9 1275 484 1341 653 33909 0 0 1 standing 
10 1247 468 1346 626 33890 0 0 0 standing 
10 1251 467 1345 623 33891 0 0 1 standing 
10 1255 466 1344 621 33892 0 0 1 standing 
10 1260 465 1344 619 33893 0 0 0 standing 
10 1266 465 1347 617 33894 0 0 1 standing 
10 1272 466 1350 616 33895 0 0 1 standing 
10 1278 467 1354 615 33896 0 0 0 standing 
10 1286 469 1364 615 33897 0 0 1 standing 
10 1294 472 1374 615 33898 0 0 1 standing 
10 1303 475 1384 616 33899 0 0 0 standing 
10 1314 481 1394 617 33900 0 0 1 standing 
10 1325 487 1405 619 33901 0 0 1 standing 
10 1336 493 1416 621 33902 0 0 0 standing 
10 1346 495 1426 621 33903 0 0 1 standing 
10 1357 497 1436 622 33904 0 0 1 standing 
10 1368 499 1447 623 33905 0 0 0 standing 
10 1377 497 1455 623 33906 0 0 1 standing 
10 1386 495 1463 624 33907 0 0 1 standing 
10 1396 494 1471 624 33908 0 0 1 standing 
10 1405 492 1479 625 33909 0 0 1 standing 
11 1327 618 1400 812 33890 0 0 0 standing 
11 1331 618 1403 810 33891 0 0 1 standing 
11 1335 618 1407 809 33892 0 0 1 standing 
11 1339 619 1411 808 33893 0 0 0 standing 
11 1345 618 1417 809 33894 0 0 1 standing 
11 1351 617 1423 811 33895 0 0 1 standing 
11 1358 617 1429 813 33896 0 0 0 standing 
11 1367 618 1437 813 33897 0 0 1 standing 
11 1376 619 1446 813 33898 0 0 1 standing 
11 1385 620 1455 814 33899 0 0 0 standing 
11 1393 620 1463 814 33900 0 0 1 standing 
11 1402 620 1472 814 33901 0 0 1 standing 
11 1411 620 1481 814 33902 0 0 0 standing 
11 1420 620 1490 814 33903 0 0 1 standing 
11 1429 620 1499 814 33904 0 0 1 standing 
11 1438 620 1508 814 33905 0 0 0 standing 
11 1444 620 1515 815 33906 0 0 1 standing 
11 1451 621 1522 816 33907 0 0 1 standing 
11 1457 621 1529 817 33908 0 0 1 standing 
11 1464 622 1536 818 33909 0 0 1 standing 
