0 1061 565 1142 771 19745 0 1 0 spiking 
0 1059 562 1138 768 19746 0 1 1 spiking 
0 1057 560 1135 765 19747 0 1 1 spiking 
0 1056 558 1131 763 19748 0 1 1 spiking 
0 1054 555 1128 760 19749 0 1 1 spiking 
0 1053 553 1125 758 19750 0 1 1 spiking 
0 1051 551 1121 755 19751 0 1 1 spiking 
0 1049 548 1118 752 19752 0 1 1 spiking 
0 1048 546 1114 750 19753 0 1 1 spiking 
0 1046 544 1111 747 19754 0 1 1 spiking 
0 1045 542 1108 745 19755 0 1 0 spiking 
0 1048 553 1111 749 19756 0 1 1 spiking 
0 1052 564 1115 754 19757 0 1 1 spiking 
0 1056 575 1119 759 19758 0 1 1 spiking 
0 1059 586 1122 764 19759 0 1 1 spiking 
0 1063 597 1126 769 19760 0 1 1 spiking 
0 1067 608 1130 773 19761 0 1 1 spiking 
0 1070 619 1133 778 19762 0 1 1 spiking 
0 1074 630 1137 783 19763 0 1 1 spiking 
0 1078 641 1141 788 19764 0 1 1 spiking 
1 882 647 943 807 19745 0 1 0 spiking 
1 887 638 948 805 19746 0 1 1 blocking 
1 892 630 953 804 19747 0 1 1 blocking 
1 898 622 958 803 19748 0 1 1 blocking 
1 903 614 964 802 19749 0 1 1 blocking 
1 909 606 969 801 19750 0 1 1 blocking 
1 914 598 974 799 19751 0 1 1 blocking 
1 919 590 980 798 19752 0 1 1 blocking 
1 925 582 985 797 19753 0 1 1 blocking 
1 930 574 990 796 19754 0 1 1 blocking 
1 936 566 996 795 19755 0 1 0 blocking 
1 945 564 1004 791 19756 0 1 1 blocking 
1 954 562 1013 787 19757 0 1 1 blocking 
1 963 560 1022 783 19758 0 1 1 blocking 
1 972 558 1031 779 19759 0 1 1 blocking 
1 981 556 1040 775 19760 0 1 0 blocking 
1 981 555 1041 776 19761 0 1 1 blocking 
1 982 555 1042 778 19762 0 1 1 blocking 
1 983 554 1043 779 19763 0 1 1 blocking 
1 984 554 1044 781 19764 0 1 1 blocking 
2 901 591 959 767 19745 0 1 0 blocking 
2 906 584 964 761 19746 0 1 1 blocking 
2 911 577 969 756 19747 0 1 1 blocking 
2 917 570 975 751 19748 0 1 1 blocking 
2 922 564 980 746 19749 0 1 1 blocking 
2 928 557 986 741 19750 0 1 1 blocking 
2 933 550 991 736 19751 0 1 1 blocking 
2 938 544 996 731 19752 0 1 1 blocking 
2 944 537 1002 726 19753 0 1 1 blocking 
2 949 530 1007 721 19754 0 1 1 blocking 
2 955 524 1013 716 19755 0 1 0 blocking 
2 961 529 1024 721 19756 0 1 1 blocking 
2 967 535 1036 726 19757 0 1 1 blocking 
2 973 541 1048 731 19758 0 1 1 blocking 
2 979 547 1060 737 19759 0 1 0 blocking 
2 985 553 1061 743 19760 0 1 1 blocking 
2 991 559 1063 749 19761 0 1 1 blocking 
2 998 565 1065 755 19762 0 1 1 blocking 
2 1004 571 1067 761 19763 0 1 1 blocking 
2 1010 577 1069 767 19764 0 1 1 blocking 
3 386 615 451 755 19745 0 0 0 blocking 
3 388 615 453 755 19746 0 0 1 waiting 
3 390 615 455 755 19747 0 0 1 waiting 
3 392 615 457 755 19748 0 0 0 waiting 
3 395 615 460 755 19749 0 0 1 waiting 
3 399 615 464 755 19750 0 0 1 waiting 
3 403 615 468 755 19751 0 0 0 waiting 
3 409 614 474 754 19752 0 0 1 waiting 
3 415 614 480 754 19753 0 0 1 waiting 
3 421 614 486 754 19754 0 0 0 waiting 
3 428 615 493 756 19755 0 0 1 waiting 
3 435 616 500 758 19756 0 0 1 waiting 
3 443 617 507 760 19757 0 0 0 waiting 
3 451 618 514 759 19758 0 0 1 waiting 
3 459 619 522 759 19759 0 0 1 waiting 
3 467 620 530 759 19760 0 0 0 waiting 
3 472 621 536 758 19761 0 0 1 waiting 
3 478 622 543 757 19762 0 0 1 waiting 
3 483 623 550 756 19763 0 0 1 waiting 
3 489 624 557 755 19764 0 0 1 waiting 
4 546 658 595 819 19745 0 0 0 waiting 
4 551 660 601 820 19746 0 0 1 waiting 
4 556 663 608 822 19747 0 0 1 waiting 
4 561 666 615 824 19748 0 0 0 waiting 
4 565 667 623 823 19749 0 0 1 waiting 
4 570 668 631 823 19750 0 0 1 waiting 
4 575 669 639 823 19751 0 0 0 waiting 
4 583 671 648 824 19752 0 0 1 waiting 
4 591 674 657 825 19753 0 0 1 waiting 
4 599 677 666 826 19754 0 0 0 waiting 
4 607 677 675 825 19755 0 0 1 waiting 
4 616 678 684 824 19756 0 0 1 waiting 
4 625 679 694 823 19757 0 0 0 waiting 
4 634 678 704 821 19758 0 0 1 waiting 
4 643 677 714 820 19759 0 0 1 waiting 
4 652 676 724 819 19760 0 0 0 waiting 
4 658 675 731 818 19761 0 0 1 waiting 
4 664 675 738 818 19762 0 0 1 waiting 
4 670 675 745 818 19763 0 0 1 waiting 
4 676 675 752 818 19764 0 0 1 waiting 
5 561 556 621 673 19745 0 0 0 waiting 
5 562 556 622 673 19746 0 0 1 waiting 
5 564 557 624 674 19747 0 0 1 waiting 
5 566 558 626 675 19748 0 0 0 waiting 
5 569 557 629 674 19749 0 0 1 waiting 
5 573 556 633 673 19750 0 0 1 waiting 
5 577 556 637 673 19751 0 0 0 waiting 
5 579 557 642 674 19752 0 0 1 waiting 
5 582 558 648 676 19753 0 0 1 waiting 
5 585 559 654 678 19754 0 0 0 waiting 
5 591 559 663 676 19755 0 0 1 waiting 
5 597 559 672 674 19756 0 0 1 waiting 
5 604 559 682 673 19757 0 0 0 waiting 
5 614 559 692 673 19758 0 0 1 waiting 
5 624 560 703 673 19759 0 0 1 waiting 
5 635 561 714 673 19760 0 0 0 waiting 
5 640 560 718 673 19761 0 0 1 waiting 
5 646 560 723 673 19762 0 0 1 waiting 
5 651 559 727 673 19763 0 0 1 waiting 
5 657 559 732 673 19764 0 0 1 waiting 
6 890 529 944 673 19745 0 0 0 waiting 
6 892 527 946 671 19746 0 0 1 standing 
6 895 525 949 669 19747 0 0 1 standing 
6 898 524 952 668 19748 0 0 0 standing 
6 903 525 957 666 19749 0 0 1 standing 
6 908 526 962 664 19750 0 0 1 standing 
6 914 528 967 662 19751 0 0 0 standing 
6 916 530 969 660 19752 0 0 1 standing 
6 919 532 972 659 19753 0 0 1 standing 
6 922 534 975 658 19754 0 0 0 standing 
6 923 532 978 658 19755 0 0 1 standing 
6 924 530 981 658 19756 0 0 1 standing 
6 926 529 984 658 19757 0 0 0 standing 
6 934 527 992 657 19758 0 0 1 standing 
6 942 525 1000 657 19759 0 0 1 standing 
6 950 523 1009 657 19760 0 0 0 standing 
6 950 523 1010 656 19761 0 0 1 standing 
6 950 523 1011 656 19762 0 0 1 standing 
6 950 523 1012 656 19763 0 0 1 standing 
6 950 523 1013 656 19764 0 0 1 standing 
7 995 524 1049 681 19745 0 0 0 standing 
7 999 529 1055 686 19746 0 0 1 standing 
7 1004 534 1061 692 19747 0 0 1 standing 
7 1009 540 1068 698 19748 0 0 0 standing 
7 1012 546 1075 697 19749 0 0 1 standing 
7 1016 552 1082 696 19750 0 0 1 standing 
7 1020 558 1089 696 19751 0 0 0 standing 
7 1025 559 1107 694 19752 0 0 1 standing 
7 1030 561 1125 693 19753 0 0 1 standing 
7 1036 563 1144 692 19754 0 0 0 standing 
7 1060 563 1152 689 19755 0 0 1 standing 
7 1085 564 1160 687 19756 0 0 1 standing 
7 1110 565 1169 685 19757 0 0 0 standing 
7 1122 564 1182 683 19758 0 0 1 standing 
7 1134 563 1195 681 19759 0 0 1 standing 
7 1146 562 1209 680 19760 0 0 0 standing 
7 1153 562 1221 680 19761 0 0 1 standing 
7 1161 563 1234 680 19762 0 0 1 standing 
7 1168 564 1246 680 19763 0 0 1 standing 
7 1176 565 1259 680 19764 0 0 1 standing 
8 1101 488 1205 603 19745 0 0 0 standing 
8 1099 488 1201 601 19746 0 0 1 moving 
8 1097 488 1197 599 19747 0 0 1 moving 
8 1095 488 1194 597 19748 0 0 0 moving 
8 1096 489 1184 601 19749 0 0 1 moving 
8 1097 491 1175 606 19750 0 0 1 moving 
8 1099 493 1166 611 19751 0 0 0 moving 
8 1096 492 1164 610 19752 0 0 1 moving 
8 1094 491 1162 610 19753 0 0 1 moving 
8 1092 491 1160 609 19754 0 0 1 moving 
8 1089 490 1158 609 19755 0 0 1 moving 
8 1087 489 1156 608 19756 0 0 1 moving 
8 1085 489 1154 608 19757 0 0 0 moving 
8 1092 488 1157 611 19758 0 0 1 moving 
8 1099 487 1160 614 19759 0 0 1 moving 
8 1106 486 1164 618 19760 0 0 0 moving 
8 1104 487 1164 619 19761 0 0 1 moving 
8 1103 488 1165 621 19762 0 0 1 moving 
8 1101 490 1165 623 19763 0 0 1 moving 
8 1100 491 1166 625 19764 0 0 1 moving 
9 1247 604 1391 739 19745 0 0 0 moving 
9 1238 607 1379 735 19746 0 0 1 standing 
9 1230 610 1367 731 19747 0 0 1 standing 
9 1222 613 1355 727 19748 0 0 0 standing 
9 1226 612 1339 727 19749 0 0 1 standing 
9 1230 611 1324 728 19750 0 0 1 standing 
9 1235 611 1309 729 19751 0 0 0 standing 
9 1235 610 1306 736 19752 0 0 1 standing 
9 1236 609 1304 744 19753 0 0 1 standing 
9 1237 608 1302 752 19754 0 0 0 standing 
9 1240 607 1303 751 19755 0 0 1 standing 
9 1243 606 1304 750 19756 0 0 1 standing 
9 1246 605 1306 749 19757 0 0 0 standing 
9 1250 608 1309 754 19758 0 0 1 standing 
9 1254 611 1312 759 19759 0 0 1 standing 
9 1258 615 1316 764 19760 0 0 0 standing 
9 1259 619 1317 767 19761 0 0 1 standing 
9 1260 623 1318 770 19762 0 0 1 standing 
9 1261 627 1319 773 19763 0 0 1 standing 
9 1262 631 1320 776 19764 0 0 1 standing 
10 1327 551 1385 680 19745 0 0 0 standing 
10 1331 553 1393 682 19746 0 0 1 standing 
10 1335 556 1401 685 19747 0 0 1 standing 
10 1340 559 1409 688 19748 0 0 0 standing 
10 1345 561 1414 689 19749 0 0 1 standing 
10 1350 563 1419 690 19750 0 0 1 standing 
10 1356 566 1425 691 19751 0 0 0 standing 
10 1364 565 1432 691 19752 0 0 1 standing 
10 1373 564 1439 691 19753 0 0 1 standing 
10 1382 563 1446 691 19754 0 0 0 standing 
10 1388 564 1454 691 19755 0 0 1 standing 
10 1394 565 1462 691 19756 0 0 1 standing 
10 1401 566 1470 691 19757 0 0 0 standing 
10 1409 567 1478 694 19758 0 0 1 standing 
10 1418 569 1486 697 19759 0 0 1 standing 
10 1427 571 1495 701 19760 0 0 0 standing 
10 1432 576 1498 705 19761 0 0 1 standing 
10 1438 582 1502 710 19762 0 0 1 standing 
10 1444 587 1506 714 19763 0 0 1 standing 
10 1450 593 1510 719 19764 0 0 1 standing 
11 1196 744 1304 898 19745 0 0 0 standing 
11 1175 743 1294 897 19746 0 0 1 standing 
11 1155 742 1284 896 19747 0 0 1 standing 
11 1135 741 1274 896 19748 0 0 0 standing 
11 1133 740 1267 896 19749 0 0 1 standing 
11 1131 739 1260 896 19750 0 0 1 standing 
11 1130 738 1254 897 19751 0 0 0 standing 
11 1128 735 1237 897 19752 0 0 1 standing 
11 1126 733 1220 898 19753 0 0 1 standing 
11 1124 731 1203 899 19754 0 0 0 standing 
11 1119 728 1202 896 19755 0 0 1 standing 
11 1114 725 1202 893 19756 0 0 1 standing 
11 1109 723 1202 891 19757 0 0 0 standing 
11 1116 720 1204 890 19758 0 0 1 standing 
11 1124 718 1207 889 19759 0 0 1 standing 
11 1132 716 1210 889 19760 0 0 0 standing 
11 1129 714 1210 887 19761 0 0 1 standing 
11 1126 712 1211 885 19762 0 0 1 standing 
11 1123 710 1212 883 19763 0 0 1 standing 
11 1120 708 1213 881 19764 0 0 1 standing 
