0 1121 552 1217 769 29875 0 1 0 spiking 
0 1123 545 1218 762 29876 0 1 1 spiking 
0 1125 538 1220 755 29877 0 1 1 spiking 
0 1127 531 1222 748 29878 0 1 1 spiking 
0 1129 524 1224 741 29879 0 1 1 spiking 
0 1131 517 1226 735 29880 0 1 1 spiking 
0 1133 510 1228 728 29881 0 1 1 spiking 
0 1135 503 1230 721 29882 0 1 1 spiking 
0 1137 496 1232 714 29883 0 1 1 spiking 
0 1139 490 1234 708 29884 0 1 0 spiking 
0 1149 496 1242 712 29885 0 1 1 spiking 
0 1160 502 1250 716 29886 0 1 1 spiking 
0 1171 508 1259 720 29887 0 1 1 spiking 
0 1181 514 1267 724 29888 0 1 1 spiking 
0 1192 520 1275 728 29889 0 1 1 spiking 
0 1203 527 1284 732 29890 0 1 0 spiking 
0 1209 536 1287 738 29891 0 1 1 spiking 
0 1215 546 1290 745 29892 0 1 1 spiking 
0 1221 555 1293 752 29893 0 1 1 spiking 
0 1227 565 1296 759 29894 0 1 1 spiking 
1 887 540 950 733 29875 0 1 0 spiking 
1 899 534 961 732 29876 0 1 1 blocking 
1 911 529 973 731 29877 0 1 1 blocking 
1 924 524 985 730 29878 0 1 1 blocking 
1 936 518 997 730 29879 0 1 1 blocking 
1 949 513 1009 729 29880 0 1 1 blocking 
1 961 508 1021 728 29881 0 1 1 blocking 
1 973 502 1033 728 29882 0 1 1 blocking 
1 986 497 1045 727 29883 0 1 1 blocking 
1 998 492 1057 726 29884 0 1 1 blocking 
1 1011 487 1069 726 29885 0 1 0 blocking 
1 1032 487 1090 726 29886 0 1 1 blocking 
1 1053 487 1111 726 29887 0 1 1 blocking 
1 1075 487 1133 726 29888 0 1 1 blocking 
1 1096 487 1154 726 29889 0 1 1 blocking 
1 1118 488 1176 727 29890 0 1 0 blocking 
1 1131 494 1189 733 29891 0 1 1 blocking 
1 1144 500 1202 739 29892 0 1 1 blocking 
1 1158 506 1216 745 29893 0 1 1 blocking 
1 1171 512 1229 751 29894 0 1 1 blocking 
2 822 642 912 855 29875 0 1 0 blocking 
2 837 642 926 854 29876 0 1 1 standing 
2 852 643 940 854 29877 0 1 1 standing 
2 868 643 954 853 29878 0 1 1 standing 
2 883 644 968 853 29879 0 1 1 standing 
2 899 644 982 852 29880 0 1 1 standing 
2 914 645 996 852 29881 0 1 1 standing 
2 929 645 1010 851 29882 0 1 1 standing 
2 945 646 1024 851 29883 0 1 1 standing 
2 960 646 1038 850 29884 0 1 1 standing 
2 976 647 1053 850 29885 0 1 0 standing 
2 997 630 1072 842 29886 0 1 1 standing 
2 1018 613 1091 835 29887 0 1 1 standing 
2 1040 596 1110 828 29888 0 1 1 standing 
2 1061 579 1129 821 29889 0 1 1 standing 
2 1083 563 1149 814 29890 0 1 0 standing 
2 1093 562 1161 807 29891 0 1 1 standing 
2 1103 561 1173 800 29892 0 1 1 standing 
2 1113 561 1186 793 29893 0 1 1 standing 
2 1123 560 1198 786 29894 0 1 1 standing 
3 317 554 386 758 29875 0 0 0 standing 
3 325 555 394 756 29876 0 0 1 waiting 
3 334 556 402 755 29877 0 0 1 waiting 
3 343 557 411 754 29878 0 0 0 waiting 
3 355 561 425 755 29879 0 0 1 waiting 
3 367 565 439 756 29880 0 0 1 waiting 
3 379 569 453 757 29881 0 0 0 waiting 
3 397 570 471 753 29882 0 0 1 waiting 
3 415 571 489 749 29883 0 0 1 waiting 
3 433 573 508 746 29884 0 0 0 waiting 
3 451 573 528 740 29885 0 0 1 waiting 
3 469 573 549 735 29886 0 0 1 waiting 
3 487 573 570 730 29887 0 0 0 waiting 
3 511 570 593 727 29888 0 0 1 waiting 
3 535 568 616 724 29889 0 0 1 waiting 
3 559 566 639 721 29890 0 0 0 waiting 
3 571 566 651 719 29891 0 0 1 waiting 
3 583 566 663 718 29892 0 0 1 waiting 
3 595 566 675 717 29893 0 0 1 waiting 
3 607 566 687 716 29894 0 0 1 waiting 
4 442 494 500 683 29875 0 0 0 waiting 
4 451 496 512 682 29876 0 0 1 waiting 
4 460 499 524 681 29877 0 0 1 waiting 
4 469 502 537 680 29878 0 0 0 waiting 
4 483 502 554 678 29879 0 0 1 waiting 
4 497 502 571 676 29880 0 0 1 waiting 
4 511 502 588 674 29881 0 0 0 waiting 
4 528 498 607 670 29882 0 0 1 waiting 
4 545 495 626 667 29883 0 0 1 waiting 
4 562 492 645 664 29884 0 0 0 waiting 
4 578 487 664 661 29885 0 0 1 waiting 
4 594 483 683 658 29886 0 0 1 waiting 
4 610 479 702 655 29887 0 0 0 waiting 
4 634 480 730 653 29888 0 0 1 waiting 
4 658 481 758 651 29889 0 0 1 waiting 
4 682 482 786 649 29890 0 0 0 waiting 
4 696 486 800 647 29891 0 0 1 waiting 
4 710 490 814 645 29892 0 0 1 waiting 
4 724 494 828 643 29893 0 0 0 waiting 
4 724 494 828 643 29894 0 0 1 waiting 
5 490 663 596 851 29875 0 0 0 waiting 
5 497 662 603 850 29876 0 0 1 digging 
5 504 661 610 849 29877 0 0 1 digging 
5 511 660 618 848 29878 0 0 0 digging 
5 522 658 627 846 29879 0 0 1 digging 
5 533 656 636 844 29880 0 0 1 digging 
5 544 654 645 842 29881 0 0 0 digging 
5 558 651 657 838 29882 0 0 1 digging 
5 572 648 669 834 29883 0 0 1 digging 
5 586 645 682 830 29884 0 0 0 digging 
5 601 641 695 831 29885 0 0 1 digging 
5 617 638 708 833 29886 0 0 1 digging 
5 633 635 721 835 29887 0 0 0 digging 
5 654 636 736 833 29888 0 0 1 digging 
5 675 637 752 831 29889 0 0 1 digging 
5 697 638 768 829 29890 0 0 0 digging 
5 707 639 783 827 29891 0 0 1 digging 
5 718 640 799 825 29892 0 0 1 digging 
5 729 641 815 823 29893 0 0 0 digging 
5 729 641 815 823 29894 0 0 1 digging 
6 1630 533 1707 685 29875 0 0 0 digging 
6 1628 530 1705 685 29876 0 0 1 standing 
6 1626 528 1703 685 29877 0 0 1 standing 
6 1624 526 1701 686 29878 0 0 0 standing 
6 1619 526 1704 684 29879 0 0 1 standing 
6 1614 526 1707 683 29880 0 0 1 standing 
6 1609 527 1710 682 29881 0 0 0 standing 
6 1623 529 1712 688 29882 0 0 1 standing 
6 1637 531 1714 694 29883 0 0 1 standing 
6 1651 533 1716 700 29884 0 0 0 standing 
6 1660 532 1729 702 29885 0 0 1 standing 
6 1669 532 1742 704 29886 0 0 1 standing 
6 1678 532 1755 707 29887 0 0 0 standing 
6 1696 532 1771 706 29888 0 0 1 standing 
6 1714 532 1787 706 29889 0 0 1 standing 
6 1732 533 1804 706 29890 0 0 0 standing 
6 1738 532 1808 708 29891 0 0 1 standing 
6 1744 531 1813 710 29892 0 0 1 standing 
6 1750 530 1818 712 29893 0 0 0 standing 
6 1747 531 1822 713 29894 0 0 1 standing 
7 886 459 947 623 29875 0 0 0 standing 
7 893 458 952 622 29876 0 0 1 standing 
7 900 458 957 622 29877 0 0 1 standing 
7 907 458 963 622 29878 0 0 0 standing 
7 919 458 974 622 29879 0 0 1 standing 
7 931 458 985 622 29880 0 0 1 standing 
7 943 458 997 622 29881 0 0 0 standing 
7 958 455 1012 619 29882 0 0 1 standing 
7 973 453 1027 617 29883 0 0 1 standing 
7 989 451 1042 615 29884 0 0 0 standing 
7 1006 448 1059 612 29885 0 0 1 standing 
7 1023 446 1076 610 29886 0 0 1 standing 
7 1041 444 1094 608 29887 0 0 0 standing 
7 1062 442 1115 606 29888 0 0 1 standing 
7 1083 440 1136 604 29889 0 0 1 standing 
7 1104 438 1157 602 29890 0 0 0 standing 
7 1114 439 1169 600 29891 0 0 1 standing 
7 1124 441 1182 598 29892 0 0 1 standing 
7 1135 442 1195 596 29893 0 0 1 standing 
7 1145 444 1208 594 29894 0 0 1 standing 
8 1054 434 1123 650 29875 0 0 0 standing 
8 1062 442 1129 655 29876 0 0 1 spiking 
8 1070 450 1136 661 29877 0 0 1 spiking 
8 1078 458 1143 667 29878 0 0 0 spiking 
8 1084 469 1151 668 29879 0 0 1 spiking 
8 1090 480 1159 669 29880 0 0 1 spiking 
8 1096 491 1167 670 29881 0 0 0 spiking 
8 1110 490 1184 669 29882 0 0 1 spiking 
8 1124 489 1201 668 29883 0 0 1 spiking 
8 1138 488 1218 667 29884 0 0 0 spiking 
8 1157 485 1237 664 29885 0 0 1 spiking 
8 1176 483 1256 662 29886 0 0 1 spiking 
8 1195 481 1275 660 29887 0 0 0 spiking 
8 1218 478 1309 657 29888 0 0 1 spiking 
8 1241 476 1343 655 29889 0 0 1 spiking 
8 1264 474 1377 653 29890 0 0 0 spiking 
8 1278 474 1391 653 29891 0 0 1 spiking 
8 1293 474 1405 654 29892 0 0 1 spiking 
8 1308 474 1419 655 29893 0 0 1 spiking 
8 1323 474 1433 656 29894 0 0 1 spiking 
9 1174 432 1276 581 29875 0 0 0 spiking 
9 1163 429 1276 578 29876 0 0 1 moving 
9 1152 426 1276 575 29877 0 0 1 moving 
9 1141 424 1276 572 29878 0 0 0 moving 
9 1151 419 1274 567 29879 0 0 1 moving 
9 1161 415 1273 563 29880 0 0 1 moving 
9 1171 411 1272 559 29881 0 0 0 moving 
9 1177 413 1278 561 29882 0 0 1 moving 
9 1183 415 1284 563 29883 0 0 1 moving 
9 1189 417 1291 565 29884 0 0 0 moving 
9 1192 411 1290 565 29885 0 0 1 moving 
9 1195 405 1290 565 29886 0 0 1 moving 
9 1198 399 1290 566 29887 0 0 0 moving 
9 1213 397 1302 564 29888 0 0 1 moving 
9 1229 396 1315 563 29889 0 0 1 moving 
9 1245 395 1328 562 29890 0 0 0 moving 
9 1255 394 1336 561 29891 0 0 1 moving 
9 1265 393 1344 560 29892 0 0 1 moving 
9 1275 392 1353 559 29893 0 0 1 moving 
9 1285 391 1361 558 29894 0 0 1 moving 
10 1286 743 1387 932 29875 0 0 0 moving 
10 1272 741 1392 932 29876 0 0 1 moving 
10 1259 739 1398 933 29877 0 0 1 moving 
10 1246 738 1404 934 29878 0 0 0 moving 
10 1245 733 1401 925 29879 0 0 1 moving 
10 1244 729 1398 916 29880 0 0 1 moving 
10 1243 725 1395 907 29881 0 0 0 moving 
10 1253 722 1394 900 29882 0 0 1 moving 
10 1263 720 1393 893 29883 0 0 1 moving 
10 1273 718 1392 887 29884 0 0 0 moving 
10 1263 714 1386 885 29885 0 0 1 moving 
10 1253 710 1380 883 29886 0 0 1 moving 
10 1243 706 1375 881 29887 0 0 0 moving 
10 1250 703 1389 879 29888 0 0 1 moving 
10 1257 700 1404 878 29889 0 0 1 moving 
10 1264 698 1419 877 29890 0 0 0 moving 
10 1276 697 1424 876 29891 0 0 1 moving 
10 1288 696 1429 875 29892 0 0 1 moving 
10 1300 695 1435 874 29893 0 0 0 moving 
10 1309 692 1434 875 29894 0 0 1 moving 
11 1403 549 1532 714 29875 0 0 0 moving 
11 1405 549 1523 712 29876 0 0 1 moving 
11 1408 549 1515 711 29877 0 0 1 moving 
11 1411 550 1507 710 29878 0 0 0 moving 
11 1396 547 1512 708 29879 0 0 1 moving 
11 1381 545 1517 707 29880 0 0 1 moving 
11 1366 543 1522 706 29881 0 0 0 moving 
11 1377 541 1512 706 29882 0 0 1 moving 
11 1388 539 1503 706 29883 0 0 1 moving 
11 1399 537 1494 706 29884 0 0 0 moving 
11 1405 531 1494 708 29885 0 0 1 moving 
11 1411 526 1494 710 29886 0 0 1 moving 
11 1417 521 1494 712 29887 0 0 0 moving 
11 1418 520 1504 711 29888 0 0 1 moving 
11 1419 519 1514 710 29889 0 0 1 moving 
11 1420 518 1524 709 29890 0 0 0 moving 
11 1419 523 1526 713 29891 0 0 1 moving 
11 1419 528 1528 718 29892 0 0 1 moving 
11 1419 534 1530 723 29893 0 0 1 moving 
11 1419 539 1532 728 29894 0 0 1 moving 
