0 978 477 1053 600 116275 0 1 0 digging 
0 980 470 1054 593 116276 0 1 1 digging 
0 983 464 1055 586 116277 0 1 1 digging 
0 986 457 1057 580 116278 0 1 1 digging 
0 989 451 1058 573 116279 0 1 1 digging 
0 992 445 1060 567 116280 0 1 0 digging 
0 995 443 1062 565 116281 0 1 1 digging 
0 999 441 1064 563 116282 0 1 1 digging 
0 1003 439 1067 561 116283 0 1 1 digging 
0 1007 437 1069 559 116284 0 1 1 digging 
0 1011 436 1072 558 116285 0 1 0 digging 
0 1015 438 1080 560 116286 0 1 1 digging 
0 1019 441 1088 563 116287 0 1 1 digging 
0 1023 443 1096 565 116288 0 1 1 digging 
0 1028 446 1105 568 116289 0 1 1 digging 
0 1032 448 1113 570 116290 0 1 1 digging 
0 1036 451 1121 573 116291 0 1 1 digging 
0 1041 453 1130 575 116292 0 1 1 digging 
0 1045 456 1138 578 116293 0 1 1 digging 
0 1049 458 1146 580 116294 0 1 1 digging 
1 841 476 889 616 116275 0 0 0 digging 
1 840 475 889 614 116276 0 0 1 moving 
1 839 474 889 612 116277 0 0 1 moving 
1 839 473 890 610 116278 0 0 1 moving 
1 838 472 890 608 116279 0 0 1 moving 
1 838 471 891 606 116280 0 0 1 moving 
1 837 470 891 604 116281 0 0 1 moving 
1 836 469 891 602 116282 0 0 1 moving 
1 836 468 892 600 116283 0 0 1 moving 
1 835 467 892 598 116284 0 0 1 moving 
1 835 467 893 597 116285 0 0 0 moving 
1 834 464 892 591 116286 0 0 1 moving 
1 833 462 891 586 116287 0 0 1 moving 
1 833 460 890 581 116288 0 0 0 moving 
1 830 458 888 579 116289 0 0 1 moving 
1 828 457 886 578 116290 0 0 1 moving 
1 826 456 885 577 116291 0 0 0 moving 
1 825 456 884 577 116292 0 0 1 moving 
1 824 456 883 577 116293 0 0 1 moving 
1 823 456 882 577 116294 0 0 0 moving 
2 1005 497 1059 614 116275 0 0 0 moving 
2 1007 497 1062 615 116276 0 0 1 standing 
2 1010 497 1065 617 116277 0 0 1 standing 
2 1012 497 1068 619 116278 0 0 1 standing 
2 1015 498 1071 620 116279 0 0 1 standing 
2 1017 498 1074 622 116280 0 0 1 standing 
2 1020 498 1077 624 116281 0 0 1 standing 
2 1022 499 1080 625 116282 0 0 1 standing 
2 1025 499 1083 627 116283 0 0 1 standing 
2 1027 499 1086 629 116284 0 0 1 standing 
2 1030 500 1090 631 116285 0 0 0 standing 
2 1030 500 1090 634 116286 0 0 1 standing 
2 1031 500 1090 637 116287 0 0 1 standing 
2 1032 501 1091 641 116288 0 0 0 standing 
2 1032 501 1093 641 116289 0 0 1 standing 
2 1033 501 1096 641 116290 0 0 1 standing 
2 1034 502 1099 641 116291 0 0 0 standing 
2 1035 503 1102 641 116292 0 0 1 standing 
2 1037 504 1106 642 116293 0 0 1 standing 
2 1039 505 1110 643 116294 0 0 0 standing 
3 969 439 1017 539 116275 0 0 0 standing 
3 968 438 1016 538 116276 0 0 1 standing 
3 967 437 1016 538 116277 0 0 1 standing 
3 966 436 1015 538 116278 0 0 1 standing 
3 966 435 1015 537 116279 0 0 1 standing 
3 965 434 1015 537 116280 0 0 1 standing 
3 964 433 1014 537 116281 0 0 1 standing 
3 964 432 1014 536 116282 0 0 1 standing 
3 963 431 1013 536 116283 0 0 1 standing 
3 962 430 1013 536 116284 0 0 1 standing 
3 962 430 1013 536 116285 0 0 0 standing 
3 959 428 1012 536 116286 0 0 1 standing 
3 956 427 1011 537 116287 0 0 1 standing 
3 953 426 1011 538 116288 0 0 0 standing 
3 954 425 1012 536 116289 0 0 1 standing 
3 955 425 1013 534 116290 0 0 1 standing 
3 957 425 1015 532 116291 0 0 0 standing 
3 954 423 1009 530 116292 0 0 1 standing 
3 951 421 1003 528 116293 0 0 1 standing 
3 948 420 998 526 116294 0 0 0 standing 
4 785 406 844 507 116275 0 0 0 standing 
4 787 404 844 506 116276 0 0 1 standing 
4 790 403 845 505 116277 0 0 1 standing 
4 793 401 846 504 116278 0 0 1 standing 
4 796 400 847 504 116279 0 0 1 standing 
4 799 399 848 503 116280 0 0 1 standing 
4 801 397 849 502 116281 0 0 1 standing 
4 804 396 850 502 116282 0 0 1 standing 
4 807 394 851 501 116283 0 0 1 standing 
4 810 393 852 500 116284 0 0 1 standing 
4 813 392 853 500 116285 0 0 0 standing 
4 813 390 853 498 116286 0 0 1 standing 
4 813 389 853 497 116287 0 0 1 standing 
4 814 388 854 496 116288 0 0 0 standing 
4 813 388 853 496 116289 0 0 1 standing 
4 813 388 853 496 116290 0 0 1 standing 
4 813 388 853 496 116291 0 0 0 standing 
4 815 385 853 490 116292 0 0 1 standing 
4 817 382 854 485 116293 0 0 1 standing 
4 820 380 855 480 116294 0 0 0 standing 
5 633 446 697 560 116275 0 0 0 standing 
5 629 444 693 559 116276 0 0 1 standing 
5 626 443 690 558 116277 0 0 1 standing 
5 622 442 687 557 116278 0 0 1 standing 
5 619 441 684 556 116279 0 0 1 standing 
5 616 440 681 555 116280 0 0 1 standing 
5 612 438 677 554 116281 0 0 1 standing 
5 609 437 674 553 116282 0 0 1 standing 
5 605 436 671 552 116283 0 0 1 standing 
5 602 435 668 551 116284 0 0 1 standing 
5 599 434 665 550 116285 0 0 0 standing 
5 599 432 662 546 116286 0 0 1 standing 
5 599 431 659 543 116287 0 0 1 standing 
5 600 430 657 540 116288 0 0 0 standing 
5 603 427 656 537 116289 0 0 1 standing 
5 606 424 655 534 116290 0 0 1 standing 
5 609 421 655 531 116291 0 0 0 standing 
5 610 421 656 531 116292 0 0 1 standing 
5 611 421 657 532 116293 0 0 1 standing 
5 613 422 658 533 116294 0 0 0 standing 
6 487 466 536 598 116275 0 0 0 standing 
6 490 465 538 598 116276 0 0 1 standing 
6 493 464 540 598 116277 0 0 1 standing 
6 496 464 542 598 116278 0 0 1 standing 
6 499 463 544 598 116279 0 0 1 standing 
6 502 463 546 598 116280 0 0 1 standing 
6 505 462 548 598 116281 0 0 1 standing 
6 508 461 550 598 116282 0 0 1 standing 
6 511 461 552 598 116283 0 0 1 standing 
6 514 460 554 598 116284 0 0 1 standing 
6 517 460 556 599 116285 0 0 0 standing 
6 520 461 559 603 116286 0 0 1 standing 
6 523 463 562 607 116287 0 0 1 standing 
6 527 465 566 612 116288 0 0 0 standing 
6 527 465 566 612 116289 0 0 1 standing 
6 527 465 566 612 116290 0 0 1 standing 
6 527 465 566 612 116291 0 0 1 standing 
6 527 465 566 612 116292 0 0 1 standing 
6 527 465 566 612 116293 0 0 1 standing 
6 527 465 566 612 116294 0 0 1 standing 
7 281 499 344 618 116275 0 0 0 standing 
7 279 498 342 617 116276 0 0 1 standing 
7 278 497 341 616 116277 0 0 1 standing 
7 277 496 340 615 116278 0 0 1 standing 
7 276 495 338 614 116279 0 0 1 standing 
7 275 494 337 614 116280 0 0 1 standing 
7 273 493 336 613 116281 0 0 1 standing 
7 272 492 334 612 116282 0 0 1 standing 
7 271 491 333 611 116283 0 0 1 standing 
7 270 490 332 610 116284 0 0 1 standing 
7 269 490 331 610 116285 0 0 0 standing 
7 267 490 331 609 116286 0 0 1 standing 
7 266 490 331 609 116287 0 0 1 standing 
7 265 490 332 609 116288 0 0 0 standing 
7 263 488 330 608 116289 0 0 1 standing 
7 261 486 328 608 116290 0 0 1 standing 
7 259 485 326 608 116291 0 0 0 standing 
7 259 485 326 608 116292 0 0 1 standing 
7 259 485 326 608 116293 0 0 1 standing 
7 259 485 326 608 116294 0 0 1 standing 
8 105 414 167 528 116275 0 0 0 standing 
8 106 413 166 528 116276 0 0 1 standing 
8 107 413 166 528 116277 0 0 1 standing 
8 108 412 166 528 116278 0 0 1 standing 
8 109 412 166 528 116279 0 0 1 standing 
8 110 412 166 528 116280 0 0 1 standing 
8 111 411 165 528 116281 0 0 1 standing 
8 112 411 165 528 116282 0 0 1 standing 
8 113 410 165 528 116283 0 0 1 standing 
8 114 410 165 528 116284 0 0 1 standing 
8 116 410 165 528 116285 0 0 0 standing 
8 115 410 164 529 116286 0 0 1 standing 
8 114 410 163 530 116287 0 0 1 standing 
8 113 410 162 531 116288 0 0 0 standing 
8 114 411 166 532 116289 0 0 1 standing 
8 115 413 170 533 116290 0 0 1 standing 
8 116 415 174 534 116291 0 0 0 standing 
8 116 415 174 534 116292 0 0 1 standing 
8 117 415 175 534 116293 0 0 1 standing 
8 118 415 176 534 116294 0 0 0 standing 
9 340 419 385 530 116275 0 0 0 standing 
9 337 417 382 528 116276 0 0 1 standing 
9 335 416 379 527 116277 0 0 1 standing 
9 333 415 376 526 116278 0 0 1 standing 
9 331 414 373 525 116279 0 0 1 standing 
9 329 413 371 524 116280 0 0 1 standing 
9 326 412 368 523 116281 0 0 1 standing 
9 324 411 365 522 116282 0 0 1 standing 
9 322 410 362 521 116283 0 0 1 standing 
9 320 409 359 520 116284 0 0 1 standing 
9 318 408 357 519 116285 0 0 0 standing 
9 316 408 355 519 116286 0 0 1 standing 
9 314 408 353 519 116287 0 0 1 standing 
9 313 408 352 519 116288 0 0 0 standing 
9 312 405 351 516 116289 0 0 1 standing 
9 311 403 350 513 116290 0 0 1 standing 
9 310 401 349 510 116291 0 0 0 standing 
9 309 400 348 508 116292 0 0 1 standing 
9 308 400 347 506 116293 0 0 1 standing 
9 308 400 346 505 116294 0 0 0 standing 
10 528 430 575 576 116275 0 0 0 standing 
10 527 430 572 575 116276 0 0 1 standing 
10 527 430 570 575 116277 0 0 1 standing 
10 526 430 568 574 116278 0 0 1 standing 
10 526 430 566 574 116279 0 0 1 standing 
10 525 430 564 573 116280 0 0 1 standing 
10 525 430 561 573 116281 0 0 1 standing 
10 524 430 559 572 116282 0 0 1 standing 
10 524 430 557 572 116283 0 0 1 standing 
10 523 430 555 571 116284 0 0 1 standing 
10 523 430 553 571 116285 0 0 0 standing 
10 524 429 554 569 116286 0 0 1 standing 
10 525 428 556 567 116287 0 0 1 standing 
10 526 427 558 565 116288 0 0 1 standing 
10 527 426 560 563 116289 0 0 1 standing 
10 528 426 562 561 116290 0 0 1 standing 
10 529 425 564 559 116291 0 0 1 standing 
10 530 424 566 557 116292 0 0 1 standing 
10 531 423 568 555 116293 0 0 1 standing 
10 533 423 570 554 116294 0 0 0 standing 
11 566 418 594 550 116275 0 0 0 standing 
11 565 417 593 549 116276 0 0 1 blocking 
11 564 416 592 548 116277 0 0 1 blocking 
11 563 415 591 547 116278 0 0 1 blocking 
11 562 415 590 546 116279 0 0 1 blocking 
11 561 414 589 545 116280 0 0 1 blocking 
11 560 413 588 544 116281 0 0 1 blocking 
11 559 413 587 543 116282 0 0 1 blocking 
11 558 412 586 542 116283 0 0 1 blocking 
11 557 411 585 541 116284 0 0 1 blocking 
11 557 411 585 541 116285 0 0 0 blocking 
11 556 410 584 539 116286 0 0 1 blocking 
11 556 409 584 538 116287 0 0 1 blocking 
11 555 409 584 536 116288 0 0 1 blocking 
11 555 408 584 535 116289 0 0 1 blocking 
11 554 407 583 533 116290 0 0 1 blocking 
11 554 407 583 532 116291 0 0 1 blocking 
11 553 406 583 530 116292 0 0 1 blocking 
11 553 405 583 529 116293 0 0 1 blocking 
11 553 405 583 528 116294 0 0 0 blocking 
