0 813 702 904 901 19225 0 1 0 setting 
0 818 706 907 900 19226 0 1 1 setting 
0 824 711 910 900 19227 0 1 1 setting 
0 830 716 913 900 19228 0 1 1 setting 
0 835 720 916 900 19229 0 1 1 setting 
0 841 725 919 900 19230 0 1 1 setting 
0 847 730 922 900 19231 0 1 0 setting 
0 846 724 926 899 19232 0 1 1 setting 
0 845 719 930 899 19233 0 1 1 setting 
0 845 714 934 899 19234 0 1 1 setting 
0 844 709 938 899 19235 0 1 1 setting 
0 844 704 942 899 19236 0 1 0 setting 
0 847 711 946 898 19237 0 1 1 setting 
0 851 719 950 897 19238 0 1 1 setting 
0 855 727 955 896 19239 0 1 1 setting 
0 858 734 959 895 19240 0 1 1 setting 
0 862 742 963 895 19241 0 1 1 setting 
0 866 750 968 894 19242 0 1 1 setting 
0 869 757 972 893 19243 0 1 1 setting 
0 873 765 976 892 19244 0 1 1 setting 
1 924 613 999 836 19225 0 0 0 setting 
1 930 613 1006 836 19226 0 0 1 blocking 
1 937 613 1013 836 19227 0 0 1 blocking 
1 943 613 1020 836 19228 0 0 1 blocking 
1 950 613 1028 836 19229 0 0 0 blocking 
1 960 621 1032 843 19230 0 0 1 blocking 
1 970 629 1036 850 19231 0 0 1 blocking 
1 980 638 1040 857 19232 0 0 0 blocking 
1 984 647 1041 856 19233 0 0 1 blocking 
1 988 656 1043 855 19234 0 0 1 blocking 
1 992 665 1045 854 19235 0 0 1 blocking 
1 997 674 1047 853 19236 0 0 0 blocking 
1 997 673 1047 856 19237 0 0 1 blocking 
1 997 673 1048 859 19238 0 0 1 blocking 
1 997 673 1049 862 19239 0 0 1 blocking 
1 998 673 1050 865 19240 0 0 0 blocking 
1 998 672 1051 861 19241 0 0 1 blocking 
1 998 672 1052 857 19242 0 0 1 blocking 
1 999 672 1053 853 19243 0 0 1 blocking 
1 999 672 1054 849 19244 0 0 1 blocking 
2 777 571 873 710 19225 0 0 0 blocking 
2 781 572 877 711 19226 0 0 1 standing 
2 785 574 882 713 19227 0 0 1 standing 
2 789 576 886 715 19228 0 0 1 standing 
2 793 577 891 716 19229 0 0 1 standing 
2 797 579 895 718 19230 0 0 1 standing 
2 801 581 900 720 19231 0 0 1 standing 
2 805 583 905 722 19232 0 0 0 standing 
2 807 582 902 722 19233 0 0 1 standing 
2 809 581 899 722 19234 0 0 1 standing 
2 811 580 896 722 19235 0 0 1 standing 
2 813 579 893 722 19236 0 0 1 standing 
2 815 579 890 723 19237 0 0 0 standing 
2 815 578 891 721 19238 0 0 1 standing 
2 815 578 892 720 19239 0 0 1 standing 
2 815 577 893 718 19240 0 0 1 standing 
2 815 577 894 717 19241 0 0 1 standing 
2 815 577 895 716 19242 0 0 0 standing 
2 815 574 896 713 19243 0 0 1 standing 
2 815 571 898 710 19244 0 0 1 standing 
3 626 748 718 921 19225 0 0 0 standing 
3 632 749 722 921 19226 0 0 1 digging 
3 638 751 726 922 19227 0 0 1 digging 
3 644 752 730 922 19228 0 0 1 digging 
3 651 754 735 923 19229 0 0 0 digging 
3 654 755 739 922 19230 0 0 1 digging 
3 658 757 743 921 19231 0 0 1 digging 
3 661 759 747 921 19232 0 0 1 digging 
3 665 760 752 920 19233 0 0 1 digging 
3 668 762 756 920 19234 0 0 1 digging 
3 672 764 760 919 19235 0 0 1 digging 
3 676 766 765 919 19236 0 0 0 digging 
3 679 765 768 918 19237 0 0 1 digging 
3 683 764 771 918 19238 0 0 1 digging 
3 687 764 774 918 19239 0 0 1 digging 
3 691 763 777 917 19240 0 0 1 digging 
3 694 763 780 917 19241 0 0 1 digging 
3 698 762 783 917 19242 0 0 1 digging 
3 702 762 786 916 19243 0 0 1 digging 
3 706 761 789 916 19244 0 0 1 digging 
4 533 673 616 810 19225 0 0 0 digging 
4 536 676 619 811 19226 0 0 1 waiting 
4 539 680 622 813 19227 0 0 1 waiting 
4 543 684 626 815 19228 0 0 1 waiting 
4 546 688 629 816 19229 0 0 1 waiting 
4 549 691 632 818 19230 0 0 1 waiting 
4 553 695 636 820 19231 0 0 1 waiting 
4 556 699 639 821 19232 0 0 1 waiting 
4 559 703 642 823 19233 0 0 1 waiting 
4 563 707 646 825 19234 0 0 0 waiting 
4 565 705 646 826 19235 0 0 1 waiting 
4 567 703 647 828 19236 0 0 1 waiting 
4 569 702 648 829 19237 0 0 1 waiting 
4 571 700 649 831 19238 0 0 1 waiting 
4 573 698 649 833 19239 0 0 1 waiting 
4 575 697 650 834 19240 0 0 1 waiting 
4 577 695 651 836 19241 0 0 1 waiting 
4 580 694 652 838 19242 0 0 0 waiting 
4 585 691 654 835 19243 0 0 1 waiting 
4 590 688 656 832 19244 0 0 1 waiting 
5 588 586 662 684 19225 0 0 0 waiting 
5 594 587 669 684 19226 0 0 1 standing 
5 600 588 677 684 19227 0 0 1 standing 
5 607 590 685 684 19228 0 0 0 standing 
5 609 590 689 686 19229 0 0 1 standing 
5 611 591 693 689 19230 0 0 1 standing 
5 613 592 697 692 19231 0 0 1 standing 
5 615 592 701 695 19232 0 0 1 standing 
5 618 593 705 697 19233 0 0 1 standing 
5 620 594 709 700 19234 0 0 1 standing 
5 622 594 713 703 19235 0 0 1 standing 
5 624 595 717 706 19236 0 0 1 standing 
5 627 596 722 709 19237 0 0 0 standing 
5 628 597 721 710 19238 0 0 1 standing 
5 629 599 720 711 19239 0 0 1 standing 
5 630 600 719 713 19240 0 0 1 standing 
5 631 602 719 714 19241 0 0 1 standing 
5 632 603 718 716 19242 0 0 1 standing 
5 633 605 717 717 19243 0 0 1 standing 
5 635 607 717 719 19244 0 0 0 standing 
6 1008 639 1067 846 19225 0 0 0 standing 
6 1010 651 1071 853 19226 0 0 1 standing 
6 1013 664 1076 860 19227 0 0 1 standing 
6 1016 677 1081 868 19228 0 0 1 standing 
6 1019 689 1085 875 19229 0 0 1 standing 
6 1022 702 1090 882 19230 0 0 1 standing 
6 1025 715 1095 890 19231 0 0 0 standing 
6 1030 716 1102 889 19232 0 0 1 standing 
6 1035 717 1109 889 19233 0 0 1 standing 
6 1040 719 1116 889 19234 0 0 1 standing 
6 1045 720 1123 889 19235 0 0 1 standing 
6 1050 722 1130 889 19236 0 0 0 standing 
6 1062 722 1142 891 19237 0 0 1 standing 
6 1074 722 1155 893 19238 0 0 1 standing 
6 1087 723 1168 896 19239 0 0 1 standing 
6 1099 723 1181 898 19240 0 0 1 standing 
6 1111 723 1193 900 19241 0 0 1 standing 
6 1124 724 1206 903 19242 0 0 1 standing 
6 1136 724 1219 905 19243 0 0 1 standing 
6 1149 725 1232 908 19244 0 0 0 standing 
7 1185 716 1278 889 19225 0 0 0 standing 
7 1184 718 1277 890 19226 0 0 1 waiting 
7 1183 720 1276 891 19227 0 0 1 waiting 
7 1182 722 1275 893 19228 0 0 1 waiting 
7 1181 725 1275 894 19229 0 0 1 waiting 
7 1180 727 1274 896 19230 0 0 1 waiting 
7 1179 729 1273 897 19231 0 0 1 waiting 
7 1178 732 1273 899 19232 0 0 0 waiting 
7 1182 730 1276 898 19233 0 0 1 waiting 
7 1186 729 1280 897 19234 0 0 1 waiting 
7 1190 727 1283 896 19235 0 0 1 waiting 
7 1194 726 1287 895 19236 0 0 1 waiting 
7 1198 725 1291 894 19237 0 0 0 waiting 
7 1203 722 1295 892 19238 0 0 1 waiting 
7 1209 719 1299 890 19239 0 0 1 waiting 
7 1215 716 1303 889 19240 0 0 1 waiting 
7 1221 713 1307 887 19241 0 0 1 waiting 
7 1227 711 1312 886 19242 0 0 0 waiting 
7 1238 707 1322 883 19243 0 0 1 waiting 
7 1249 703 1332 881 19244 0 0 1 waiting 
8 1131 634 1202 767 19225 0 0 0 waiting 
8 1129 633 1206 766 19226 0 0 1 moving 
8 1127 632 1210 766 19227 0 0 1 moving 
8 1126 632 1214 766 19228 0 0 1 moving 
8 1124 631 1218 766 19229 0 0 1 moving 
8 1123 631 1223 766 19230 0 0 0 moving 
8 1125 634 1219 768 19231 0 0 1 moving 
8 1127 637 1215 771 19232 0 0 1 moving 
8 1129 641 1211 774 19233 0 0 0 moving 
8 1126 642 1206 779 19234 0 0 1 moving 
8 1124 644 1201 784 19235 0 0 1 moving 
8 1122 646 1196 789 19236 0 0 0 moving 
8 1121 643 1193 790 19237 0 0 1 moving 
8 1121 641 1191 791 19238 0 0 1 moving 
8 1121 639 1189 792 19239 0 0 1 moving 
8 1121 637 1187 793 19240 0 0 1 moving 
8 1121 635 1185 794 19241 0 0 1 moving 
8 1121 633 1183 795 19242 0 0 1 moving 
8 1121 631 1181 796 19243 0 0 1 moving 
8 1121 629 1179 797 19244 0 0 0 moving 
9 1130 562 1198 691 19225 0 0 0 moving 
9 1131 565 1202 692 19226 0 0 1 standing 
9 1133 569 1206 693 19227 0 0 1 standing 
9 1135 572 1210 695 19228 0 0 1 standing 
9 1137 576 1214 696 19229 0 0 1 standing 
9 1138 579 1219 698 19230 0 0 1 standing 
9 1140 583 1223 699 19231 0 0 1 standing 
9 1142 586 1227 701 19232 0 0 1 standing 
9 1144 590 1231 702 19233 0 0 1 standing 
9 1146 594 1236 704 19234 0 0 0 standing 
9 1149 591 1235 703 19235 0 0 1 standing 
9 1152 589 1235 703 19236 0 0 1 standing 
9 1155 587 1235 703 19237 0 0 1 standing 
9 1158 585 1235 703 19238 0 0 1 standing 
9 1161 583 1235 703 19239 0 0 1 standing 
9 1164 581 1235 702 19240 0 0 1 standing 
9 1167 579 1235 702 19241 0 0 1 standing 
9 1170 577 1235 702 19242 0 0 1 standing 
9 1173 575 1235 702 19243 0 0 1 standing 
9 1176 573 1235 702 19244 0 0 0 standing 
10 1331 582 1382 720 19225 0 0 0 standing 
10 1335 582 1387 720 19226 0 0 1 standing 
10 1340 582 1392 720 19227 0 0 1 standing 
10 1345 582 1397 720 19228 0 0 0 standing 
10 1345 584 1398 720 19229 0 0 1 standing 
10 1345 587 1400 720 19230 0 0 1 standing 
10 1346 589 1401 721 19231 0 0 1 standing 
10 1346 592 1403 721 19232 0 0 1 standing 
10 1346 594 1404 721 19233 0 0 1 standing 
10 1347 597 1406 722 19234 0 0 0 standing 
10 1350 596 1407 723 19235 0 0 1 standing 
10 1353 595 1409 724 19236 0 0 1 standing 
10 1356 594 1411 726 19237 0 0 1 standing 
10 1359 594 1413 727 19238 0 0 1 standing 
10 1362 593 1414 728 19239 0 0 1 standing 
10 1365 592 1416 730 19240 0 0 1 standing 
10 1368 591 1418 731 19241 0 0 1 standing 
10 1372 591 1420 733 19242 0 0 0 standing 
10 1375 590 1422 735 19243 0 0 1 standing 
10 1378 590 1424 737 19244 0 0 1 standing 
11 1424 633 1486 770 19225 0 0 0 standing 
11 1416 633 1482 770 19226 0 0 1 moving 
11 1409 633 1478 770 19227 0 0 1 moving 
11 1402 633 1474 771 19228 0 0 1 moving 
11 1395 633 1470 771 19229 0 0 1 moving 
11 1388 634 1466 772 19230 0 0 1 moving 
11 1381 634 1462 772 19231 0 0 1 moving 
11 1374 634 1458 773 19232 0 0 1 moving 
11 1367 634 1454 773 19233 0 0 1 moving 
11 1360 635 1451 774 19234 0 0 0 moving 
11 1355 634 1444 775 19235 0 0 1 moving 
11 1350 634 1438 777 19236 0 0 1 moving 
11 1345 634 1431 778 19237 0 0 1 moving 
11 1340 634 1425 780 19238 0 0 1 moving 
11 1335 633 1419 781 19239 0 0 1 moving 
11 1330 633 1412 783 19240 0 0 1 moving 
11 1325 633 1406 784 19241 0 0 1 moving 
11 1320 633 1400 786 19242 0 0 0 moving 
11 1325 634 1400 787 19243 0 0 1 moving 
11 1330 635 1401 788 19244 0 0 1 moving 
