0 306 415 401 570 38135 0 1 0 spiking 
0 318 411 409 558 38136 0 1 1 spiking 
0 331 407 418 546 38137 0 1 1 spiking 
0 344 404 427 535 38138 0 1 0 spiking 
0 349 401 429 531 38139 0 1 1 spiking 
0 354 398 432 528 38140 0 1 1 spiking 
0 359 396 434 525 38141 0 1 1 spiking 
0 364 393 437 521 38142 0 1 1 spiking 
0 369 391 439 518 38143 0 1 1 spiking 
0 374 388 442 515 38144 0 1 1 spiking 
0 380 386 445 512 38145 0 1 0 spiking 
0 382 393 448 519 38146 0 1 1 spiking 
0 385 400 452 526 38147 0 1 1 spiking 
0 388 407 456 533 38148 0 1 1 spiking 
0 391 415 460 540 38149 0 1 1 spiking 
0 394 422 464 547 38150 0 1 1 spiking 
0 397 429 468 554 38151 0 1 1 spiking 
0 400 436 472 561 38152 0 1 1 spiking 
0 403 444 476 569 38153 0 1 0 spiking 
0 403 444 476 569 38154 0 1 1 spiking 
1 597 437 636 558 38135 0 1 0 spiking 
1 591 429 630 552 38136 0 1 1 blocking 
1 585 422 625 546 38137 0 1 1 blocking 
1 579 415 620 541 38138 0 1 1 blocking 
1 573 408 614 535 38139 0 1 1 blocking 
1 567 401 609 530 38140 0 1 1 blocking 
1 561 393 604 524 38141 0 1 1 blocking 
1 555 386 598 518 38142 0 1 1 blocking 
1 549 379 593 513 38143 0 1 1 blocking 
1 543 372 588 507 38144 0 1 1 blocking 
1 538 365 583 502 38145 0 1 0 blocking 
1 534 369 581 507 38146 0 1 1 blocking 
1 530 373 580 512 38147 0 1 1 blocking 
1 527 378 578 518 38148 0 1 1 blocking 
1 523 382 577 523 38149 0 1 1 blocking 
1 520 387 575 529 38150 0 1 1 blocking 
1 516 391 574 534 38151 0 1 1 blocking 
1 512 395 572 539 38152 0 1 1 blocking 
1 509 400 571 545 38153 0 1 1 blocking 
1 505 404 569 550 38154 0 1 1 blocking 
2 590 392 633 522 38135 0 1 0 blocking 
2 583 382 629 517 38136 0 1 1 blocking 
2 577 373 625 513 38137 0 1 1 blocking 
2 571 364 621 508 38138 0 1 1 blocking 
2 565 355 618 504 38139 0 1 0 blocking 
2 559 354 616 500 38140 0 1 1 blocking 
2 553 353 614 496 38141 0 1 1 blocking 
2 547 352 612 492 38142 0 1 1 blocking 
2 541 351 610 488 38143 0 1 1 blocking 
2 535 350 608 484 38144 0 1 1 blocking 
2 530 350 607 480 38145 0 1 0 blocking 
2 528 357 606 487 38146 0 1 1 blocking 
2 527 364 605 494 38147 0 1 1 blocking 
2 525 371 604 501 38148 0 1 1 blocking 
2 524 378 603 508 38149 0 1 1 blocking 
2 523 385 602 515 38150 0 1 1 blocking 
2 521 392 601 522 38151 0 1 1 blocking 
2 520 399 600 529 38152 0 1 1 blocking 
2 518 406 599 536 38153 0 1 1 blocking 
2 517 413 598 543 38154 0 1 1 blocking 
3 312 409 358 504 38135 0 0 0 blocking 
3 311 409 361 507 38136 0 0 1 standing 
3 311 409 364 510 38137 0 0 1 standing 
3 311 410 368 514 38138 0 0 0 standing 
3 309 410 366 515 38139 0 0 1 standing 
3 307 410 364 516 38140 0 0 1 standing 
3 306 410 363 518 38141 0 0 0 standing 
3 303 408 360 518 38142 0 0 1 standing 
3 300 406 358 518 38143 0 0 1 standing 
3 297 404 356 518 38144 0 0 0 standing 
3 293 405 349 518 38145 0 0 1 standing 
3 290 407 342 518 38146 0 0 1 standing 
3 287 409 336 518 38147 0 0 0 standing 
3 283 413 331 523 38148 0 0 1 standing 
3 279 417 326 529 38149 0 0 1 standing 
3 275 421 322 535 38150 0 0 0 standing 
3 271 422 318 536 38151 0 0 1 standing 
3 267 423 315 537 38152 0 0 1 standing 
3 264 424 312 538 38153 0 0 1 standing 
3 260 425 309 539 38154 0 0 1 standing 
4 334 346 367 454 38135 0 0 0 standing 
4 330 343 363 452 38136 0 0 1 standing 
4 326 341 359 450 38137 0 0 1 standing 
4 322 339 356 448 38138 0 0 0 standing 
4 319 338 353 447 38139 0 0 1 standing 
4 316 337 350 446 38140 0 0 1 standing 
4 313 336 347 445 38141 0 0 0 standing 
4 306 336 343 445 38142 0 0 1 standing 
4 299 336 339 445 38143 0 0 1 standing 
4 293 336 336 445 38144 0 0 0 standing 
4 285 338 329 448 38145 0 0 1 standing 
4 277 340 323 451 38146 0 0 1 standing 
4 269 342 317 454 38147 0 0 0 standing 
4 263 345 311 457 38148 0 0 1 standing 
4 257 348 306 460 38149 0 0 1 standing 
4 252 352 301 464 38150 0 0 0 standing 
4 246 353 295 465 38151 0 0 1 standing 
4 240 354 289 466 38152 0 0 1 standing 
4 235 355 284 468 38153 0 0 1 standing 
4 229 356 278 469 38154 0 0 1 standing 
5 464 344 511 434 38135 0 0 0 standing 
5 460 342 507 432 38136 0 0 1 waiting 
5 456 341 504 431 38137 0 0 1 waiting 
5 453 340 501 430 38138 0 0 0 waiting 
5 446 338 497 428 38139 0 0 1 waiting 
5 440 337 493 426 38140 0 0 1 waiting 
5 434 336 489 425 38141 0 0 0 waiting 
5 429 334 484 423 38142 0 0 1 waiting 
5 425 333 479 422 38143 0 0 1 waiting 
5 421 332 475 421 38144 0 0 0 waiting 
5 416 332 470 421 38145 0 0 1 waiting 
5 411 332 465 421 38146 0 0 1 waiting 
5 406 333 460 422 38147 0 0 0 waiting 
5 400 333 454 423 38148 0 0 1 waiting 
5 394 333 448 424 38149 0 0 1 waiting 
5 389 333 442 426 38150 0 0 0 waiting 
5 384 332 437 426 38151 0 0 1 waiting 
5 379 331 432 426 38152 0 0 1 waiting 
5 374 330 427 426 38153 0 0 1 waiting 
5 369 329 422 426 38154 0 0 1 waiting 
6 519 336 562 440 38135 0 0 0 waiting 
6 515 332 557 438 38136 0 0 1 standing 
6 512 329 552 436 38137 0 0 1 standing 
6 509 326 547 434 38138 0 0 0 standing 
6 505 322 543 434 38139 0 0 1 standing 
6 502 319 540 434 38140 0 0 1 standing 
6 499 316 537 435 38141 0 0 0 standing 
6 493 314 533 433 38142 0 0 1 standing 
6 487 313 529 431 38143 0 0 1 standing 
6 482 312 526 430 38144 0 0 0 standing 
6 475 312 519 431 38145 0 0 1 standing 
6 468 313 512 432 38146 0 0 1 standing 
6 462 314 506 433 38147 0 0 0 standing 
6 455 314 499 433 38148 0 0 1 standing 
6 449 314 493 433 38149 0 0 1 standing 
6 443 314 487 433 38150 0 0 0 standing 
6 436 315 481 434 38151 0 0 1 standing 
6 429 316 475 435 38152 0 0 1 standing 
6 423 318 470 437 38153 0 0 1 standing 
6 416 319 464 438 38154 0 0 1 standing 
7 513 286 552 380 38135 0 0 0 standing 
7 510 284 550 378 38136 0 0 1 standing 
7 507 283 549 377 38137 0 0 1 standing 
7 504 282 548 376 38138 0 0 0 standing 
7 500 281 547 380 38139 0 0 1 standing 
7 496 280 546 384 38140 0 0 1 standing 
7 492 280 546 388 38141 0 0 0 standing 
7 489 281 543 389 38142 0 0 1 standing 
7 486 282 540 391 38143 0 0 1 standing 
7 484 284 538 393 38144 0 0 0 standing 
7 483 282 533 391 38145 0 0 1 standing 
7 482 281 528 390 38146 0 0 1 standing 
7 481 280 524 389 38147 0 0 0 standing 
7 478 280 521 389 38148 0 0 1 standing 
7 475 280 518 389 38149 0 0 1 standing 
7 473 280 516 389 38150 0 0 0 standing 
7 469 281 512 391 38151 0 0 1 standing 
7 465 282 508 393 38152 0 0 1 standing 
7 461 283 504 395 38153 0 0 1 standing 
7 457 284 500 397 38154 0 0 1 standing 
8 617 346 656 451 38135 0 0 0 standing 
8 616 347 655 450 38136 0 0 1 standing 
8 616 348 654 449 38137 0 0 1 standing 
8 616 349 654 448 38138 0 0 0 standing 
8 612 347 656 446 38139 0 0 1 standing 
8 608 345 658 445 38140 0 0 1 standing 
8 604 344 661 444 38141 0 0 0 standing 
8 604 345 662 447 38142 0 0 1 standing 
8 605 347 663 450 38143 0 0 1 standing 
8 606 349 664 454 38144 0 0 0 standing 
8 602 351 660 456 38145 0 0 1 standing 
8 599 354 657 459 38146 0 0 1 standing 
8 596 357 654 462 38147 0 0 0 standing 
8 591 357 649 462 38148 0 0 1 standing 
8 587 357 645 462 38149 0 0 1 standing 
8 583 358 641 462 38150 0 0 0 standing 
8 577 357 638 461 38151 0 0 1 standing 
8 572 356 635 461 38152 0 0 1 standing 
8 567 355 632 460 38153 0 0 1 standing 
8 562 354 629 460 38154 0 0 1 standing 
9 844 346 909 433 38135 0 0 0 standing 
9 840 344 905 430 38136 0 0 1 digging 
9 837 342 901 427 38137 0 0 1 digging 
9 834 341 897 424 38138 0 0 0 digging 
9 830 339 893 422 38139 0 0 1 digging 
9 827 337 890 420 38140 0 0 1 digging 
9 824 336 887 419 38141 0 0 0 digging 
9 819 336 882 419 38142 0 0 1 digging 
9 814 336 877 419 38143 0 0 1 digging 
9 810 336 873 419 38144 0 0 0 digging 
9 803 337 866 418 38145 0 0 1 digging 
9 797 338 860 418 38146 0 0 1 digging 
9 791 339 854 418 38147 0 0 0 digging 
9 786 337 849 418 38148 0 0 1 digging 
9 781 336 845 418 38149 0 0 1 digging 
9 777 335 841 418 38150 0 0 0 digging 
9 772 333 837 418 38151 0 0 1 digging 
9 767 332 833 418 38152 0 0 1 digging 
9 762 331 829 418 38153 0 0 1 digging 
9 757 330 825 418 38154 0 0 1 digging 
10 931 460 999 579 38135 0 0 0 digging 
10 929 458 998 575 38136 0 0 1 waiting 
10 928 456 997 572 38137 0 0 1 waiting 
10 927 455 996 569 38138 0 0 0 waiting 
10 924 453 993 567 38139 0 0 1 waiting 
10 921 451 990 565 38140 0 0 1 waiting 
10 919 449 988 563 38141 0 0 0 waiting 
10 918 447 985 560 38142 0 0 1 waiting 
10 917 445 982 558 38143 0 0 1 waiting 
10 916 443 980 556 38144 0 0 0 waiting 
10 915 443 978 557 38145 0 0 1 waiting 
10 914 443 976 559 38146 0 0 1 waiting 
10 914 443 974 561 38147 0 0 0 waiting 
10 910 444 968 561 38148 0 0 1 waiting 
10 907 446 962 561 38149 0 0 1 waiting 
10 904 448 957 561 38150 0 0 0 waiting 
10 900 447 953 561 38151 0 0 1 waiting 
10 896 446 949 561 38152 0 0 1 waiting 
10 893 445 945 561 38153 0 0 1 waiting 
10 889 444 941 561 38154 0 0 1 waiting 
11 994 381 1062 478 38135 0 0 0 waiting 
11 989 379 1057 476 38136 0 0 1 waiting 
11 985 378 1053 475 38137 0 0 1 waiting 
11 981 377 1049 474 38138 0 0 0 waiting 
11 980 373 1046 472 38139 0 0 1 waiting 
11 980 369 1043 470 38140 0 0 1 waiting 
11 980 366 1040 468 38141 0 0 0 waiting 
11 979 365 1037 468 38142 0 0 1 waiting 
11 978 365 1034 468 38143 0 0 1 waiting 
11 977 365 1031 468 38144 0 0 0 waiting 
11 973 366 1027 469 38145 0 0 1 waiting 
11 969 367 1023 470 38146 0 0 1 waiting 
11 965 368 1019 471 38147 0 0 0 waiting 
11 958 368 1012 469 38148 0 0 1 waiting 
11 951 368 1005 468 38149 0 0 1 waiting 
11 945 368 998 467 38150 0 0 0 waiting 
11 937 366 991 466 38151 0 0 1 waiting 
11 929 365 985 465 38152 0 0 1 waiting 
11 922 364 978 464 38153 0 0 1 waiting 
11 914 363 972 463 38154 0 0 1 waiting 
