0 481 218 556 409 77175 0 1 0 spiking 
0 480 219 556 407 77176 0 1 1 spiking 
0 480 221 556 405 77177 0 1 1 spiking 
0 480 223 556 403 77178 0 1 1 spiking 
0 480 224 556 402 77179 0 1 1 spiking 
0 480 226 556 400 77180 0 1 1 spiking 
0 480 228 556 398 77181 0 1 1 spiking 
0 480 229 556 397 77182 0 1 1 spiking 
0 480 231 556 395 77183 0 1 1 spiking 
0 480 233 556 393 77184 0 1 1 spiking 
0 480 235 557 392 77185 0 1 0 spiking 
0 475 241 550 396 77186 0 1 1 spiking 
0 470 247 543 401 77187 0 1 1 spiking 
0 465 254 536 405 77188 0 1 1 spiking 
0 460 260 529 410 77189 0 1 1 spiking 
0 456 267 523 415 77190 0 1 0 spiking 
0 452 269 517 415 77191 0 1 1 spiking 
0 448 272 511 415 77192 0 1 1 spiking 
0 444 274 506 415 77193 0 1 1 spiking 
0 440 277 500 415 77194 0 1 1 spiking 
1 626 296 672 455 77175 0 1 0 spiking 
1 621 291 667 450 77176 0 1 1 blocking 
1 617 286 663 445 77177 0 1 1 blocking 
1 612 281 659 440 77178 0 1 1 blocking 
1 608 276 654 436 77179 0 1 1 blocking 
1 604 272 650 431 77180 0 1 1 blocking 
1 599 267 646 426 77181 0 1 1 blocking 
1 595 262 641 422 77182 0 1 1 blocking 
1 590 257 637 417 77183 0 1 1 blocking 
1 586 252 633 412 77184 0 1 1 blocking 
1 582 248 629 408 77185 0 1 0 blocking 
1 578 250 625 411 77186 0 1 1 blocking 
1 574 253 622 415 77187 0 1 1 blocking 
1 570 255 619 419 77188 0 1 1 blocking 
1 566 258 616 423 77189 0 1 1 blocking 
1 562 261 613 427 77190 0 1 1 blocking 
1 558 263 609 431 77191 0 1 1 blocking 
1 554 266 606 435 77192 0 1 1 blocking 
1 550 268 603 439 77193 0 1 1 blocking 
1 546 271 600 443 77194 0 1 1 blocking 
2 630 277 681 444 77175 0 1 0 blocking 
2 626 273 677 440 77176 0 1 1 blocking 
2 622 270 673 437 77177 0 1 1 blocking 
2 618 267 669 434 77178 0 1 1 blocking 
2 615 263 666 430 77179 0 1 1 blocking 
2 611 260 662 427 77180 0 1 1 blocking 
2 607 257 658 424 77181 0 1 1 blocking 
2 604 253 655 420 77182 0 1 1 blocking 
2 600 250 651 417 77183 0 1 1 blocking 
2 596 247 647 414 77184 0 1 1 blocking 
2 593 244 644 411 77185 0 1 0 blocking 
2 588 247 639 414 77186 0 1 1 blocking 
2 583 250 635 417 77187 0 1 1 blocking 
2 578 254 631 420 77188 0 1 1 blocking 
2 573 257 626 424 77189 0 1 1 blocking 
2 568 261 622 427 77190 0 1 1 blocking 
2 563 264 618 430 77191 0 1 1 blocking 
2 558 267 613 434 77192 0 1 1 blocking 
2 553 271 609 437 77193 0 1 1 blocking 
2 548 274 605 440 77194 0 1 1 blocking 
3 722 444 836 573 77175 0 0 0 blocking 
3 724 445 835 576 77176 0 0 1 standing 
3 726 446 834 580 77177 0 0 1 standing 
3 729 448 834 584 77178 0 0 0 standing 
3 734 448 833 583 77179 0 0 1 standing 
3 739 448 833 583 77180 0 0 1 standing 
3 745 448 833 583 77181 0 0 0 standing 
3 747 450 840 585 77182 0 0 1 standing 
3 749 452 848 588 77183 0 0 1 standing 
3 751 454 856 591 77184 0 0 0 standing 
3 751 456 860 591 77185 0 0 1 standing 
3 751 458 865 592 77186 0 0 1 standing 
3 751 461 870 593 77187 0 0 0 standing 
3 750 462 867 593 77188 0 0 1 standing 
3 749 463 864 593 77189 0 0 1 standing 
3 749 464 862 594 77190 0 0 0 standing 
3 744 462 851 594 77191 0 0 1 standing 
3 740 461 840 594 77192 0 0 1 standing 
3 735 460 830 594 77193 0 0 1 standing 
3 731 459 819 594 77194 0 0 1 standing 
4 869 345 952 463 77175 0 0 0 standing 
4 859 345 934 464 77176 0 0 1 standing 
4 849 346 916 465 77177 0 0 1 standing 
4 839 347 898 466 77178 0 0 0 standing 
4 823 347 887 466 77179 0 0 1 standing 
4 808 347 876 466 77180 0 0 1 standing 
4 793 347 865 466 77181 0 0 0 standing 
4 790 345 854 464 77182 0 0 1 standing 
4 788 344 843 462 77183 0 0 1 standing 
4 786 343 833 461 77184 0 0 0 standing 
4 773 344 822 463 77185 0 0 1 standing 
4 760 345 811 466 77186 0 0 1 standing 
4 748 346 801 469 77187 0 0 0 standing 
4 739 346 793 472 77188 0 0 1 standing 
4 730 346 786 475 77189 0 0 1 standing 
4 721 346 779 478 77190 0 0 0 standing 
4 713 344 770 476 77191 0 0 1 standing 
4 706 343 762 475 77192 0 0 1 standing 
4 698 342 754 474 77193 0 0 1 standing 
4 691 341 746 473 77194 0 0 1 standing 
5 983 478 1070 617 77175 0 0 0 standing 
5 978 477 1066 616 77176 0 0 1 standing 
5 974 476 1062 615 77177 0 0 1 standing 
5 970 476 1058 614 77178 0 0 0 standing 
5 967 475 1055 614 77179 0 0 1 standing 
5 964 475 1052 614 77180 0 0 1 standing 
5 962 475 1049 614 77181 0 0 0 standing 
5 957 473 1044 613 77182 0 0 1 standing 
5 952 471 1040 613 77183 0 0 1 standing 
5 947 469 1036 613 77184 0 0 0 standing 
5 942 469 1031 613 77185 0 0 1 standing 
5 937 469 1026 613 77186 0 0 1 standing 
5 932 470 1021 614 77187 0 0 0 standing 
5 931 472 1020 613 77188 0 0 1 standing 
5 931 474 1019 613 77189 0 0 1 standing 
5 931 476 1019 613 77190 0 0 0 standing 
5 921 475 1013 610 77191 0 0 1 standing 
5 912 474 1007 608 77192 0 0 1 standing 
5 902 473 1002 606 77193 0 0 1 standing 
5 893 472 996 604 77194 0 0 1 standing 
6 1232 430 1278 595 77175 0 0 0 standing 
6 1227 433 1277 594 77176 0 0 1 standing 
6 1222 436 1277 593 77177 0 0 1 standing 
6 1217 439 1277 593 77178 0 0 0 standing 
6 1210 440 1274 592 77179 0 0 1 standing 
6 1204 441 1271 591 77180 0 0 1 standing 
6 1198 442 1268 591 77181 0 0 0 standing 
6 1192 442 1260 590 77182 0 0 1 standing 
6 1186 442 1252 590 77183 0 0 1 standing 
6 1180 442 1244 590 77184 0 0 0 standing 
6 1172 444 1237 593 77185 0 0 1 standing 
6 1165 446 1230 597 77186 0 0 1 standing 
6 1158 448 1223 601 77187 0 0 0 standing 
6 1150 451 1219 603 77188 0 0 1 standing 
6 1142 454 1215 605 77189 0 0 1 standing 
6 1135 457 1211 608 77190 0 0 0 standing 
6 1126 459 1202 608 77191 0 0 1 standing 
6 1118 462 1194 608 77192 0 0 1 standing 
6 1109 465 1186 608 77193 0 0 1 standing 
6 1101 468 1178 608 77194 0 0 1 standing 
7 457 351 524 484 77175 0 0 0 standing 
7 457 350 523 483 77176 0 0 1 standing 
7 457 349 523 482 77177 0 0 1 standing 
7 457 349 523 482 77178 0 0 0 standing 
7 456 348 520 484 77179 0 0 1 standing 
7 455 347 517 486 77180 0 0 1 standing 
7 455 346 514 488 77181 0 0 0 standing 
7 452 347 509 493 77182 0 0 1 standing 
7 450 348 505 499 77183 0 0 1 standing 
7 448 350 501 505 77184 0 0 0 standing 
7 444 352 497 507 77185 0 0 1 standing 
7 441 354 494 509 77186 0 0 1 standing 
7 438 356 491 511 77187 0 0 0 standing 
7 434 354 489 509 77188 0 0 1 standing 
7 430 353 487 507 77189 0 0 1 standing 
7 427 352 486 505 77190 0 0 0 standing 
7 424 353 486 505 77191 0 0 1 standing 
7 421 354 487 506 77192 0 0 1 standing 
7 418 356 488 506 77193 0 0 1 standing 
7 415 357 489 507 77194 0 0 1 standing 
8 433 417 518 557 77175 0 0 0 standing 
8 431 413 512 554 77176 0 0 1 standing 
8 429 410 507 552 77177 0 0 1 standing 
8 427 407 502 550 77178 0 0 0 standing 
8 426 405 497 544 77179 0 0 1 standing 
8 425 403 493 538 77180 0 0 1 standing 
8 424 401 489 532 77181 0 0 0 standing 
8 417 399 478 530 77182 0 0 1 standing 
8 410 397 468 528 77183 0 0 1 standing 
8 403 395 458 526 77184 0 0 0 standing 
8 395 395 455 522 77185 0 0 1 standing 
8 387 395 452 518 77186 0 0 1 standing 
8 379 395 449 514 77187 0 0 0 standing 
8 373 397 441 514 77188 0 0 1 standing 
8 367 399 433 514 77189 0 0 1 standing 
8 361 401 425 514 77190 0 0 0 standing 
8 355 399 419 517 77191 0 0 1 standing 
8 350 398 413 521 77192 0 0 1 standing 
8 344 397 408 524 77193 0 0 1 standing 
8 339 396 402 528 77194 0 0 1 standing 
9 375 449 445 598 77175 0 0 0 standing 
9 375 448 452 594 77176 0 0 1 standing 
9 376 447 459 591 77177 0 0 1 standing 
9 377 446 466 588 77178 0 0 0 standing 
9 376 445 469 587 77179 0 0 1 standing 
9 375 444 473 586 77180 0 0 1 standing 
9 375 443 477 586 77181 0 0 0 standing 
9 377 440 472 582 77182 0 0 1 standing 
9 379 437 468 579 77183 0 0 1 standing 
9 382 434 464 576 77184 0 0 0 standing 
9 386 432 460 575 77185 0 0 1 standing 
9 390 431 457 574 77186 0 0 1 standing 
9 395 430 454 573 77187 0 0 0 standing 
9 392 430 459 573 77188 0 0 1 standing 
9 390 430 464 573 77189 0 0 1 standing 
9 388 431 470 574 77190 0 0 0 standing 
9 383 432 470 572 77191 0 0 1 standing 
9 379 433 471 571 77192 0 0 1 standing 
9 375 434 472 569 77193 0 0 1 standing 
9 371 435 473 568 77194 0 0 1 standing 
10 301 348 363 481 77175 0 0 0 standing 
10 298 346 371 481 77176 0 0 1 standing 
10 296 345 379 481 77177 0 0 1 standing 
10 294 344 388 482 77178 0 0 0 standing 
10 296 342 386 479 77179 0 0 1 standing 
10 299 340 385 476 77180 0 0 1 standing 
10 302 338 384 474 77181 0 0 0 standing 
10 308 336 383 472 77182 0 0 1 standing 
10 315 335 382 471 77183 0 0 1 standing 
10 322 334 381 470 77184 0 0 0 standing 
10 328 334 383 468 77185 0 0 1 standing 
10 334 334 385 467 77186 0 0 1 standing 
10 340 335 387 466 77187 0 0 0 standing 
10 338 337 389 462 77188 0 0 1 standing 
10 336 340 391 458 77189 0 0 1 standing 
10 334 343 393 454 77190 0 0 0 standing 
10 331 344 402 457 77191 0 0 1 standing 
10 328 345 412 460 77192 0 0 1 standing 
10 325 346 421 463 77193 0 0 1 standing 
10 322 347 431 466 77194 0 0 1 standing 
11 199 395 258 539 77175 0 0 0 standing 
11 199 393 258 537 77176 0 0 1 standing 
11 199 391 258 535 77177 0 0 1 standing 
11 199 389 258 534 77178 0 0 0 standing 
11 199 388 254 531 77179 0 0 1 standing 
11 200 387 250 528 77180 0 0 1 standing 
11 201 386 247 525 77181 0 0 0 standing 
11 200 384 246 524 77182 0 0 1 standing 
11 200 382 245 524 77183 0 0 1 standing 
11 200 380 245 524 77184 0 0 0 standing 
11 195 379 244 520 77185 0 0 1 standing 
11 191 379 243 517 77186 0 0 1 standing 
11 187 379 242 514 77187 0 0 0 standing 
11 184 380 238 516 77188 0 0 1 standing 
11 181 381 234 518 77189 0 0 1 standing 
11 178 383 231 520 77190 0 0 0 standing 
11 173 383 227 519 77191 0 0 1 standing 
11 168 383 223 518 77192 0 0 1 standing 
11 163 383 219 517 77193 0 0 1 standing 
11 158 383 215 516 77194 0 0 1 standing 
