0 1051 351 1113 439 11260 0 1 0 digging 
0 1042 349 1104 437 11261 0 1 1 digging 
0 1034 348 1096 436 11262 0 1 1 digging 
0 1025 346 1087 434 11263 0 1 1 digging 
0 1017 345 1079 433 11264 0 1 1 digging 
0 1008 344 1070 432 11265 0 1 1 digging 
0 1000 342 1062 430 11266 0 1 1 digging 
0 991 341 1053 429 11267 0 1 1 digging 
0 983 339 1045 427 11268 0 1 1 digging 
0 974 338 1036 426 11269 0 1 1 digging 
0 966 337 1028 425 11270 0 1 0 digging 
0 961 331 1022 422 11271 0 1 1 digging 
0 956 325 1017 419 11272 0 1 1 digging 
0 951 319 1012 416 11273 0 1 0 digging 
0 951 319 1012 415 11274 0 1 1 digging 
0 951 320 1012 414 11275 0 1 1 digging 
0 951 320 1012 413 11276 0 1 1 digging 
0 951 321 1012 413 11277 0 1 1 digging 
0 951 321 1012 412 11278 0 1 1 digging 
0 951 322 1012 411 11279 0 1 1 digging 
1 858 392 908 509 11260 0 0 0 digging 
1 850 389 900 508 11261 0 0 1 standing 
1 843 386 892 508 11262 0 0 1 standing 
1 835 383 884 507 11263 0 0 1 standing 
1 828 381 877 507 11264 0 0 0 standing 
1 822 378 871 503 11265 0 0 1 standing 
1 816 376 865 499 11266 0 0 1 standing 
1 810 374 859 495 11267 0 0 1 standing 
1 804 372 853 492 11268 0 0 0 standing 
1 796 370 845 489 11269 0 0 1 standing 
1 788 368 837 487 11270 0 0 1 standing 
1 780 366 829 484 11271 0 0 1 standing 
1 773 365 821 482 11272 0 0 0 standing 
1 769 362 814 479 11273 0 0 1 standing 
1 765 359 807 477 11274 0 0 1 standing 
1 761 357 801 475 11275 0 0 0 standing 
1 757 355 800 471 11276 0 0 1 standing 
1 754 353 799 467 11277 0 0 1 standing 
1 751 351 798 463 11278 0 0 1 standing 
1 748 350 798 460 11279 0 0 0 standing 
2 1081 385 1129 486 11260 0 0 0 standing 
2 1073 384 1120 485 11261 0 0 1 standing 
2 1066 384 1111 484 11262 0 0 1 standing 
2 1058 383 1102 483 11263 0 0 1 standing 
2 1051 383 1094 483 11264 0 0 1 standing 
2 1043 382 1085 482 11265 0 0 1 standing 
2 1036 382 1076 481 11266 0 0 1 standing 
2 1028 381 1067 480 11267 0 0 1 standing 
2 1021 381 1059 480 11268 0 0 0 standing 
2 1004 381 1050 480 11269 0 0 1 standing 
2 988 381 1042 481 11270 0 0 1 standing 
2 972 381 1034 481 11271 0 0 1 standing 
2 956 382 1026 482 11272 0 0 0 standing 
2 951 381 1020 485 11273 0 0 1 standing 
2 947 381 1014 488 11274 0 0 1 standing 
2 943 381 1009 491 11275 0 0 0 standing 
2 942 383 1006 493 11276 0 0 1 standing 
2 941 386 1003 495 11277 0 0 1 standing 
2 940 389 1001 497 11278 0 0 1 standing 
2 939 392 998 499 11279 0 0 1 standing 
3 1149 287 1193 387 11260 0 0 0 standing 
3 1138 285 1181 382 11261 0 0 1 standing 
3 1128 283 1170 378 11262 0 0 1 standing 
3 1118 281 1158 373 11263 0 0 1 standing 
3 1108 280 1147 369 11264 0 0 0 standing 
3 1097 278 1136 367 11265 0 0 1 standing 
3 1087 276 1126 365 11266 0 0 1 standing 
3 1076 275 1115 363 11267 0 0 1 standing 
3 1066 273 1105 361 11268 0 0 1 standing 
3 1055 271 1094 359 11269 0 0 1 standing 
3 1045 270 1084 357 11270 0 0 1 standing 
3 1034 268 1073 355 11271 0 0 1 standing 
3 1024 267 1063 353 11272 0 0 0 standing 
3 1017 265 1054 352 11273 0 0 1 standing 
3 1011 264 1045 352 11274 0 0 1 standing 
3 1005 263 1036 352 11275 0 0 0 standing 
3 1000 262 1033 351 11276 0 0 1 standing 
3 995 262 1030 351 11277 0 0 1 standing 
3 990 262 1027 350 11278 0 0 1 standing 
3 985 262 1024 350 11279 0 0 1 standing 
4 1043 314 1095 393 11260 0 0 0 standing 
4 1034 313 1086 392 11261 0 0 1 standing 
4 1025 313 1077 392 11262 0 0 1 standing 
4 1016 312 1068 391 11263 0 0 1 standing 
4 1007 312 1059 391 11264 0 0 0 standing 
4 997 309 1049 389 11265 0 0 1 standing 
4 988 306 1039 388 11266 0 0 1 standing 
4 978 304 1030 386 11267 0 0 1 standing 
4 969 301 1020 385 11268 0 0 1 standing 
4 959 298 1010 384 11269 0 0 1 standing 
4 950 296 1001 382 11270 0 0 1 standing 
4 940 293 991 381 11271 0 0 1 standing 
4 931 291 982 380 11272 0 0 0 standing 
4 923 289 974 377 11273 0 0 1 standing 
4 916 287 966 374 11274 0 0 1 standing 
4 909 286 959 371 11275 0 0 0 standing 
4 905 286 956 370 11276 0 0 1 standing 
4 902 286 953 369 11277 0 0 1 standing 
4 898 287 950 368 11278 0 0 1 standing 
4 895 287 947 367 11279 0 0 1 standing 
5 773 291 822 390 11260 0 0 0 standing 
5 762 291 813 390 11261 0 0 1 standing 
5 751 292 805 391 11262 0 0 1 standing 
5 740 292 797 391 11263 0 0 1 standing 
5 730 293 789 392 11264 0 0 0 standing 
5 720 293 777 392 11265 0 0 1 standing 
5 710 293 766 392 11266 0 0 1 standing 
5 700 293 754 392 11267 0 0 1 standing 
5 690 293 743 392 11268 0 0 1 standing 
5 680 293 731 392 11269 0 0 1 standing 
5 671 293 720 392 11270 0 0 0 standing 
5 661 293 710 392 11271 0 0 1 standing 
5 652 293 701 393 11272 0 0 1 standing 
5 643 294 691 394 11273 0 0 1 standing 
5 634 294 682 395 11274 0 0 1 standing 
5 625 295 673 396 11275 0 0 0 standing 
5 620 295 668 396 11276 0 0 1 standing 
5 615 296 664 396 11277 0 0 1 standing 
5 611 296 659 396 11278 0 0 1 standing 
5 606 297 655 396 11279 0 0 1 standing 
6 438 358 485 464 11260 0 0 0 standing 
6 429 358 476 464 11261 0 0 1 standing 
6 421 358 468 465 11262 0 0 1 standing 
6 413 358 460 466 11263 0 0 1 standing 
6 405 358 452 467 11264 0 0 0 standing 
6 395 358 442 468 11265 0 0 1 standing 
6 386 359 433 469 11266 0 0 1 standing 
6 376 359 424 470 11267 0 0 1 standing 
6 367 360 415 471 11268 0 0 1 standing 
6 357 360 405 472 11269 0 0 1 standing 
6 348 361 396 473 11270 0 0 1 standing 
6 338 361 387 474 11271 0 0 1 standing 
6 329 362 378 475 11272 0 0 0 standing 
6 321 361 371 475 11273 0 0 1 standing 
6 313 360 364 475 11274 0 0 1 standing 
6 306 359 358 476 11275 0 0 0 standing 
6 301 358 353 475 11276 0 0 1 standing 
6 297 357 349 474 11277 0 0 1 standing 
6 293 356 345 473 11278 0 0 1 standing 
6 289 355 341 472 11279 0 0 0 standing 
7 670 356 721 476 11260 0 0 0 standing 
7 661 356 711 476 11261 0 0 1 standing 
7 653 356 701 476 11262 0 0 1 standing 
7 644 356 691 476 11263 0 0 1 standing 
7 636 356 681 476 11264 0 0 1 standing 
7 627 356 671 476 11265 0 0 1 standing 
7 619 357 661 476 11266 0 0 1 standing 
7 611 357 651 476 11267 0 0 1 standing 
7 602 357 641 476 11268 0 0 1 standing 
7 594 357 631 476 11269 0 0 1 standing 
7 585 357 621 476 11270 0 0 1 standing 
7 577 357 611 476 11271 0 0 1 standing 
7 569 358 602 476 11272 0 0 0 standing 
7 560 359 595 476 11273 0 0 1 standing 
7 552 361 588 477 11274 0 0 1 standing 
7 544 363 581 478 11275 0 0 0 standing 
7 540 363 577 478 11276 0 0 1 standing 
7 536 364 574 478 11277 0 0 1 standing 
7 532 365 570 478 11278 0 0 1 standing 
7 528 366 567 478 11279 0 0 1 standing 
8 523 342 566 450 11260 0 0 0 standing 
8 514 343 556 453 11261 0 0 1 standing 
8 506 344 546 456 11262 0 0 1 standing 
8 497 345 536 459 11263 0 0 1 standing 
8 489 346 526 463 11264 0 0 0 standing 
8 478 349 516 466 11265 0 0 1 standing 
8 467 352 506 469 11266 0 0 1 standing 
8 456 355 496 472 11267 0 0 1 standing 
8 446 358 487 475 11268 0 0 0 standing 
8 435 359 478 476 11269 0 0 1 standing 
8 424 360 469 477 11270 0 0 1 standing 
8 413 361 460 478 11271 0 0 1 standing 
8 403 363 451 480 11272 0 0 0 standing 
8 391 362 439 480 11273 0 0 1 standing 
8 380 362 427 480 11274 0 0 1 standing 
8 369 362 416 480 11275 0 0 0 standing 
8 362 365 411 483 11276 0 0 1 standing 
8 356 369 407 486 11277 0 0 1 standing 
8 349 372 402 489 11278 0 0 1 standing 
8 343 376 398 492 11279 0 0 1 standing 
9 660 315 721 436 11260 0 0 0 standing 
9 651 314 712 435 11261 0 0 1 standing 
9 643 313 703 435 11262 0 0 1 standing 
9 635 312 694 434 11263 0 0 1 standing 
9 627 312 685 434 11264 0 0 0 standing 
9 618 311 676 434 11265 0 0 1 standing 
9 610 311 667 434 11266 0 0 1 standing 
9 602 311 658 434 11267 0 0 1 standing 
9 594 311 649 435 11268 0 0 1 standing 
9 585 310 640 435 11269 0 0 1 standing 
9 577 310 631 435 11270 0 0 1 standing 
9 569 310 622 435 11271 0 0 1 standing 
9 561 310 614 436 11272 0 0 0 standing 
9 553 311 607 437 11273 0 0 1 standing 
9 546 312 601 439 11274 0 0 1 standing 
9 539 313 595 441 11275 0 0 0 standing 
9 535 312 591 440 11276 0 0 1 standing 
9 531 311 587 439 11277 0 0 1 standing 
9 528 311 584 438 11278 0 0 1 standing 
9 524 310 580 437 11279 0 0 1 standing 
10 629 307 668 416 11260 0 0 0 standing 
10 622 305 661 416 11261 0 0 1 standing 
10 616 304 654 417 11262 0 0 1 standing 
10 610 302 647 418 11263 0 0 1 standing 
10 604 301 640 419 11264 0 0 0 standing 
10 596 300 630 417 11265 0 0 1 standing 
10 588 300 621 416 11266 0 0 1 standing 
10 581 300 612 415 11267 0 0 1 standing 
10 573 300 603 413 11268 0 0 1 standing 
10 565 300 594 412 11269 0 0 1 standing 
10 558 300 585 411 11270 0 0 0 standing 
10 552 299 579 410 11271 0 0 1 standing 
10 546 299 573 410 11272 0 0 1 standing 
10 541 299 568 410 11273 0 0 1 standing 
10 535 299 562 410 11274 0 0 1 standing 
10 530 299 557 410 11275 0 0 0 standing 
10 527 298 554 410 11276 0 0 1 standing 
10 524 298 552 410 11277 0 0 1 standing 
10 522 298 549 410 11278 0 0 1 standing 
10 519 298 547 410 11279 0 0 1 standing 
11 241 335 301 470 11260 0 0 0 standing 
11 238 338 295 470 11261 0 0 1 moving 
11 235 342 289 470 11262 0 0 1 moving 
11 232 346 283 470 11263 0 0 1 moving 
11 230 350 278 470 11264 0 0 0 moving 
11 221 349 269 471 11265 0 0 1 moving 
11 212 348 260 472 11266 0 0 1 moving 
11 203 347 251 473 11267 0 0 1 moving 
11 195 347 243 474 11268 0 0 0 moving 
11 189 344 235 472 11269 0 0 1 moving 
11 183 342 228 470 11270 0 0 1 moving 
11 177 340 220 468 11271 0 0 1 moving 
11 171 338 213 466 11272 0 0 0 moving 
11 165 335 209 463 11273 0 0 1 moving 
11 159 333 205 461 11274 0 0 1 moving 
11 153 331 202 459 11275 0 0 0 moving 
11 149 327 200 455 11276 0 0 1 moving 
11 145 323 198 451 11277 0 0 1 moving 
11 141 319 197 448 11278 0 0 1 moving 
11 137 315 195 444 11279 0 0 1 moving 
