0 577 412 631 501 121290 0 1 0 falling 
0 579 418 632 503 121291 0 1 1 falling 
0 581 425 634 506 121292 0 1 1 falling 
0 583 431 636 509 121293 0 1 1 falling 
0 585 438 637 511 121294 0 1 1 falling 
0 587 444 639 514 121295 0 1 1 falling 
0 589 451 641 517 121296 0 1 1 falling 
0 592 458 643 520 121297 0 1 0 falling 
0 593 458 644 529 121298 0 1 1 falling 
0 594 458 646 539 121299 0 1 1 falling 
0 596 458 648 549 121300 0 1 0 falling 
0 596 457 649 549 121301 0 1 1 falling 
0 597 457 651 550 121302 0 1 1 falling 
0 597 457 653 551 121303 0 1 1 falling 
0 598 457 654 552 121304 0 1 1 falling 
0 599 457 656 553 121305 0 1 1 falling 
0 599 457 658 553 121306 0 1 1 falling 
0 600 457 659 554 121307 0 1 1 falling 
0 600 457 661 555 121308 0 1 1 falling 
0 601 457 663 556 121309 0 1 1 falling 
1 798 460 905 574 121290 0 0 0 falling 
1 794 458 894 572 121291 0 0 1 waiting 
1 791 457 884 570 121292 0 0 1 waiting 
1 788 456 873 568 121293 0 0 1 waiting 
1 785 455 863 567 121294 0 0 0 waiting 
1 783 456 858 569 121295 0 0 1 waiting 
1 782 457 853 571 121296 0 0 1 waiting 
1 780 459 848 574 121297 0 0 1 waiting 
1 779 460 843 576 121298 0 0 1 waiting 
1 778 462 839 579 121299 0 0 0 waiting 
1 775 462 836 579 121300 0 0 1 waiting 
1 773 463 833 580 121301 0 0 1 waiting 
1 770 463 830 580 121302 0 0 1 waiting 
1 768 464 827 581 121303 0 0 1 waiting 
1 766 465 825 582 121304 0 0 0 waiting 
1 767 462 826 582 121305 0 0 1 waiting 
1 768 459 827 582 121306 0 0 1 waiting 
1 769 456 828 582 121307 0 0 0 waiting 
1 769 455 828 585 121308 0 0 1 waiting 
1 770 455 829 588 121309 0 0 1 waiting 
2 976 407 1066 530 121290 0 0 0 waiting 
2 976 405 1060 529 121291 0 0 1 standing 
2 976 404 1055 528 121292 0 0 1 standing 
2 976 402 1050 527 121293 0 0 1 standing 
2 976 401 1045 527 121294 0 0 0 standing 
2 970 402 1037 527 121295 0 0 1 standing 
2 964 404 1030 528 121296 0 0 1 standing 
2 958 406 1022 528 121297 0 0 1 standing 
2 952 408 1015 529 121298 0 0 1 standing 
2 946 410 1008 530 121299 0 0 0 standing 
2 946 412 1009 533 121300 0 0 1 standing 
2 946 414 1011 537 121301 0 0 1 standing 
2 946 416 1013 541 121302 0 0 1 standing 
2 946 418 1015 545 121303 0 0 1 standing 
2 946 420 1017 549 121304 0 0 0 standing 
2 946 417 1014 549 121305 0 0 1 standing 
2 947 414 1011 549 121306 0 0 1 standing 
2 947 411 1008 550 121307 0 0 1 standing 
2 948 408 1005 550 121308 0 0 1 standing 
2 948 405 1002 550 121309 0 0 1 standing 
3 776 364 817 480 121290 0 0 0 standing 
3 777 364 818 480 121291 0 0 1 standing 
3 779 365 820 481 121292 0 0 1 standing 
3 781 365 822 481 121293 0 0 1 standing 
3 783 366 824 482 121294 0 0 0 standing 
3 784 368 827 485 121295 0 0 1 standing 
3 786 370 831 488 121296 0 0 1 standing 
3 788 372 835 491 121297 0 0 1 standing 
3 790 374 839 494 121298 0 0 1 standing 
3 792 377 843 497 121299 0 0 0 standing 
3 794 377 844 498 121300 0 0 1 standing 
3 797 378 846 499 121301 0 0 1 standing 
3 800 378 847 500 121302 0 0 1 standing 
3 803 379 849 501 121303 0 0 1 standing 
3 806 380 851 503 121304 0 0 0 standing 
3 808 379 852 502 121305 0 0 1 standing 
3 811 378 853 502 121306 0 0 1 standing 
3 813 377 854 502 121307 0 0 1 standing 
3 816 376 855 502 121308 0 0 1 standing 
3 818 375 856 502 121309 0 0 1 standing 
4 671 459 728 575 121290 0 0 0 standing 
4 666 459 726 570 121291 0 0 1 digging 
4 661 459 724 566 121292 0 0 1 digging 
4 656 459 722 562 121293 0 0 1 digging 
4 651 460 720 558 121294 0 0 0 digging 
4 646 458 719 558 121295 0 0 1 digging 
4 642 456 718 559 121296 0 0 1 digging 
4 638 455 717 559 121297 0 0 1 digging 
4 634 453 716 560 121298 0 0 1 digging 
4 630 451 715 560 121299 0 0 1 digging 
4 626 450 715 561 121300 0 0 0 digging 
4 628 444 716 561 121301 0 0 1 digging 
4 630 439 718 561 121302 0 0 1 digging 
4 632 433 719 561 121303 0 0 1 digging 
4 635 428 721 561 121304 0 0 0 digging 
4 637 414 720 560 121305 0 0 1 digging 
4 639 400 719 560 121306 0 0 1 digging 
4 641 386 719 560 121307 0 0 0 digging 
4 646 382 722 554 121308 0 0 1 digging 
4 652 378 725 548 121309 0 0 1 digging 
5 604 352 671 461 121290 0 0 0 digging 
5 606 351 673 461 121291 0 0 1 standing 
5 609 350 675 462 121292 0 0 1 standing 
5 611 349 678 463 121293 0 0 1 standing 
5 614 349 680 463 121294 0 0 1 standing 
5 616 348 683 464 121295 0 0 1 standing 
5 619 347 685 465 121296 0 0 1 standing 
5 621 347 687 465 121297 0 0 1 standing 
5 624 346 690 466 121298 0 0 1 standing 
5 626 345 692 467 121299 0 0 1 standing 
5 629 345 695 468 121300 0 0 0 standing 
5 634 346 697 468 121301 0 0 1 standing 
5 639 347 700 468 121302 0 0 1 standing 
5 644 348 703 468 121303 0 0 1 standing 
5 649 350 706 468 121304 0 0 0 standing 
5 653 350 706 468 121305 0 0 1 standing 
5 657 350 706 468 121306 0 0 1 standing 
5 661 350 706 469 121307 0 0 0 standing 
5 660 350 705 469 121308 0 0 1 standing 
5 659 350 705 470 121309 0 0 1 standing 
6 491 367 531 538 121290 0 0 0 standing 
6 493 367 534 537 121291 0 0 1 blocking 
6 496 368 537 537 121292 0 0 1 blocking 
6 498 369 540 537 121293 0 0 1 blocking 
6 501 370 543 537 121294 0 0 0 blocking 
6 504 370 547 536 121295 0 0 1 blocking 
6 507 370 551 535 121296 0 0 1 blocking 
6 511 370 556 534 121297 0 0 1 blocking 
6 514 370 560 533 121298 0 0 1 blocking 
6 518 371 565 533 121299 0 0 0 blocking 
6 519 373 565 533 121300 0 0 1 blocking 
6 520 376 565 533 121301 0 0 1 blocking 
6 522 379 565 534 121302 0 0 1 blocking 
6 523 382 565 534 121303 0 0 1 blocking 
6 525 385 565 535 121304 0 0 0 blocking 
6 527 388 566 536 121305 0 0 1 blocking 
6 530 391 567 537 121306 0 0 1 blocking 
6 533 395 568 538 121307 0 0 0 blocking 
6 532 398 569 540 121308 0 0 1 blocking 
6 531 401 570 542 121309 0 0 1 blocking 
7 339 423 399 563 121290 0 0 0 blocking 
7 340 422 401 562 121291 0 0 1 standing 
7 342 422 404 562 121292 0 0 1 standing 
7 344 422 406 562 121293 0 0 1 standing 
7 345 422 409 562 121294 0 0 1 standing 
7 347 422 412 562 121295 0 0 1 standing 
7 349 422 414 561 121296 0 0 1 standing 
7 350 422 417 561 121297 0 0 1 standing 
7 352 422 419 561 121298 0 0 1 standing 
7 354 422 422 561 121299 0 0 1 standing 
7 356 422 425 561 121300 0 0 0 standing 
7 357 422 427 561 121301 0 0 1 standing 
7 359 423 430 562 121302 0 0 1 standing 
7 361 424 433 562 121303 0 0 1 standing 
7 363 425 436 563 121304 0 0 0 standing 
7 364 425 438 563 121305 0 0 1 standing 
7 365 426 440 564 121306 0 0 1 standing 
7 366 426 443 565 121307 0 0 1 standing 
7 367 427 445 565 121308 0 0 1 standing 
7 368 427 447 566 121309 0 0 1 standing 
8 192 394 243 539 121290 0 0 0 standing 
8 193 393 244 538 121291 0 0 1 standing 
8 195 393 245 537 121292 0 0 1 standing 
8 197 392 246 536 121293 0 0 1 standing 
8 198 392 248 535 121294 0 0 1 standing 
8 200 392 249 535 121295 0 0 1 standing 
8 202 391 250 534 121296 0 0 1 standing 
8 203 391 252 533 121297 0 0 1 standing 
8 205 390 253 532 121298 0 0 1 standing 
8 207 390 254 531 121299 0 0 1 standing 
8 209 390 256 531 121300 0 0 0 standing 
8 207 391 255 532 121301 0 0 1 standing 
8 206 392 254 533 121302 0 0 1 standing 
8 204 393 253 534 121303 0 0 1 standing 
8 203 395 253 535 121304 0 0 0 standing 
8 200 396 253 533 121305 0 0 1 standing 
8 197 398 253 531 121306 0 0 1 standing 
8 195 400 254 530 121307 0 0 0 standing 
8 187 401 255 529 121308 0 0 1 standing 
8 180 403 256 528 121309 0 0 1 standing 
9 444 438 499 603 121290 0 0 0 standing 
9 447 437 501 601 121291 0 0 1 standing 
9 451 437 504 600 121292 0 0 1 standing 
9 454 436 506 599 121293 0 0 1 standing 
9 458 436 509 598 121294 0 0 0 standing 
9 460 436 513 597 121295 0 0 1 standing 
9 462 436 517 597 121296 0 0 1 standing 
9 465 436 521 597 121297 0 0 1 standing 
9 467 436 525 597 121298 0 0 1 standing 
9 470 436 529 597 121299 0 0 0 standing 
9 468 436 529 597 121300 0 0 1 standing 
9 466 437 530 597 121301 0 0 1 standing 
9 465 438 531 597 121302 0 0 1 standing 
9 463 439 532 597 121303 0 0 1 standing 
9 462 440 533 598 121304 0 0 0 standing 
9 461 442 535 599 121305 0 0 1 standing 
9 460 445 537 600 121306 0 0 1 standing 
9 460 448 539 601 121307 0 0 0 standing 
9 457 447 539 599 121308 0 0 1 standing 
9 455 446 539 597 121309 0 0 1 standing 
10 441 341 491 472 121290 0 0 0 standing 
10 441 340 493 470 121291 0 0 1 standing 
10 442 340 496 469 121292 0 0 1 standing 
10 443 340 498 468 121293 0 0 1 standing 
10 444 340 501 467 121294 0 0 0 standing 
10 446 340 503 466 121295 0 0 1 standing 
10 449 340 505 466 121296 0 0 1 standing 
10 451 341 508 466 121297 0 0 1 standing 
10 454 341 510 465 121298 0 0 1 standing 
10 456 341 512 465 121299 0 0 1 standing 
10 459 342 515 465 121300 0 0 0 standing 
10 459 342 514 466 121301 0 0 1 standing 
10 460 343 514 468 121302 0 0 1 standing 
10 460 344 513 470 121303 0 0 1 standing 
10 461 345 513 472 121304 0 0 0 standing 
10 457 347 516 472 121305 0 0 1 standing 
10 454 349 519 472 121306 0 0 1 standing 
10 451 351 522 473 121307 0 0 0 standing 
10 448 352 522 471 121308 0 0 1 standing 
10 446 353 522 469 121309 0 0 1 standing 
11 238 361 307 487 121290 0 0 0 standing 
11 239 361 303 485 121291 0 0 1 standing 
11 241 361 299 484 121292 0 0 1 standing 
11 242 361 295 483 121293 0 0 1 standing 
11 244 361 292 482 121294 0 0 0 standing 
11 240 361 291 482 121295 0 0 1 standing 
11 236 362 290 483 121296 0 0 1 standing 
11 232 363 290 483 121297 0 0 1 standing 
11 228 363 289 484 121298 0 0 1 standing 
11 224 364 288 484 121299 0 0 1 standing 
11 220 365 288 485 121300 0 0 0 standing 
11 221 365 287 484 121301 0 0 1 standing 
11 222 366 286 484 121302 0 0 1 standing 
11 223 366 285 483 121303 0 0 1 standing 
11 224 367 284 483 121304 0 0 0 standing 
11 220 369 279 483 121305 0 0 1 standing 
11 217 371 274 484 121306 0 0 1 standing 
11 214 374 270 485 121307 0 0 0 standing 
11 203 374 266 485 121308 0 0 1 standing 
11 193 374 262 485 121309 0 0 1 standing 
