0 735 456 811 555 11065 0 1 0 falling 
0 735 455 808 553 11066 0 1 1 falling 
0 735 455 806 551 11067 0 1 1 falling 
0 735 454 803 549 11068 0 1 1 falling 
0 735 454 801 547 11069 0 1 0 falling 
0 735 453 808 545 11070 0 1 1 falling 
0 735 453 815 544 11071 0 1 1 falling 
0 735 452 822 543 11072 0 1 1 falling 
0 735 452 829 541 11073 0 1 1 falling 
0 735 451 836 540 11074 0 1 1 falling 
0 735 451 843 539 11075 0 1 0 falling 
0 735 451 847 537 11076 0 1 1 falling 
0 735 452 851 535 11077 0 1 1 falling 
0 735 453 855 534 11078 0 1 1 falling 
0 735 454 859 532 11079 0 1 1 falling 
0 735 455 864 531 11080 0 1 0 falling 
0 743 455 868 528 11081 0 1 1 falling 
0 751 456 872 525 11082 0 1 1 falling 
0 760 457 876 523 11083 0 1 1 falling 
0 768 458 880 520 11084 0 1 1 falling 
1 827 365 878 466 11065 0 0 0 falling 
1 821 366 875 465 11066 0 0 1 standing 
1 816 367 872 465 11067 0 0 1 standing 
1 811 368 869 465 11068 0 0 0 standing 
1 813 366 866 466 11069 0 0 1 standing 
1 816 365 864 467 11070 0 0 1 standing 
1 819 364 862 468 11071 0 0 0 standing 
1 820 361 863 468 11072 0 0 1 standing 
1 821 359 864 468 11073 0 0 1 standing 
1 823 357 866 469 11074 0 0 0 standing 
1 820 354 867 467 11075 0 0 1 standing 
1 817 352 868 465 11076 0 0 1 standing 
1 815 350 870 463 11077 0 0 0 standing 
1 809 352 872 463 11078 0 0 1 standing 
1 803 354 874 463 11079 0 0 1 standing 
1 798 356 876 463 11080 0 0 0 standing 
1 800 356 877 462 11081 0 0 1 standing 
1 802 356 878 462 11082 0 0 1 standing 
1 804 357 879 461 11083 0 0 1 standing 
1 806 357 880 461 11084 0 0 1 standing 
2 666 334 714 414 11065 0 0 0 standing 
2 660 335 709 414 11066 0 0 1 waiting 
2 654 336 704 414 11067 0 0 1 waiting 
2 649 337 699 415 11068 0 0 0 waiting 
2 647 336 698 414 11069 0 0 1 waiting 
2 645 336 698 414 11070 0 0 1 waiting 
2 644 336 698 414 11071 0 0 0 waiting 
2 643 334 699 414 11072 0 0 1 waiting 
2 643 333 701 414 11073 0 0 1 waiting 
2 642 331 703 414 11074 0 0 1 waiting 
2 642 330 705 414 11075 0 0 1 waiting 
2 641 328 707 414 11076 0 0 1 waiting 
2 641 327 709 414 11077 0 0 0 waiting 
2 642 327 706 414 11078 0 0 1 waiting 
2 643 327 704 415 11079 0 0 1 waiting 
2 644 328 702 416 11080 0 0 0 waiting 
2 641 330 702 416 11081 0 0 1 waiting 
2 638 332 703 416 11082 0 0 1 waiting 
2 636 334 703 417 11083 0 0 1 waiting 
2 633 336 704 417 11084 0 0 1 waiting 
3 598 441 683 560 11065 0 0 0 waiting 
3 600 440 683 559 11066 0 0 1 standing 
3 602 440 683 559 11067 0 0 1 standing 
3 604 440 683 559 11068 0 0 1 standing 
3 606 440 683 559 11069 0 0 1 standing 
3 608 440 683 559 11070 0 0 1 standing 
3 611 440 683 559 11071 0 0 0 standing 
3 618 438 687 558 11072 0 0 1 standing 
3 625 436 691 558 11073 0 0 1 standing 
3 632 434 696 558 11074 0 0 0 standing 
3 632 435 703 561 11075 0 0 1 standing 
3 632 437 710 564 11076 0 0 1 standing 
3 633 439 718 568 11077 0 0 0 standing 
3 636 439 721 570 11078 0 0 1 standing 
3 640 439 724 572 11079 0 0 1 standing 
3 644 439 728 574 11080 0 0 0 standing 
3 648 440 728 574 11081 0 0 1 standing 
3 653 442 729 575 11082 0 0 1 standing 
3 658 444 729 575 11083 0 0 1 standing 
3 663 446 730 576 11084 0 0 1 standing 
4 414 278 478 411 11065 0 0 0 standing 
4 414 278 477 410 11066 0 0 1 jumping 
4 414 278 477 410 11067 0 0 1 jumping 
4 414 278 477 410 11068 0 0 0 jumping 
4 411 280 472 414 11069 0 0 1 jumping 
4 408 282 468 418 11070 0 0 1 jumping 
4 406 284 464 423 11071 0 0 0 jumping 
4 406 286 462 423 11072 0 0 1 jumping 
4 406 288 460 423 11073 0 0 1 jumping 
4 406 291 459 424 11074 0 0 0 jumping 
4 404 294 457 424 11075 0 0 1 jumping 
4 402 298 455 424 11076 0 0 1 jumping 
4 401 302 453 424 11077 0 0 0 jumping 
4 401 304 453 423 11078 0 0 1 jumping 
4 402 307 453 423 11079 0 0 1 jumping 
4 403 309 454 422 11080 0 0 1 jumping 
4 404 312 454 422 11081 0 0 1 jumping 
4 405 314 454 421 11082 0 0 1 jumping 
4 406 317 455 421 11083 0 0 1 jumping 
4 407 319 455 420 11084 0 0 1 jumping 
5 403 265 458 378 11065 0 0 0 jumping 
5 402 266 460 379 11066 0 0 1 jumping 
5 401 267 462 381 11067 0 0 1 jumping 
5 400 269 465 383 11068 0 0 0 jumping 
5 398 272 457 388 11069 0 0 1 jumping 
5 396 275 449 393 11070 0 0 1 jumping 
5 394 279 442 398 11071 0 0 0 jumping 
5 396 281 445 400 11072 0 0 1 jumping 
5 399 284 448 403 11073 0 0 1 jumping 
5 402 287 451 406 11074 0 0 0 jumping 
5 402 292 451 411 11075 0 0 1 jumping 
5 402 297 451 416 11076 0 0 1 jumping 
5 402 303 451 422 11077 0 0 0 jumping 
5 401 302 456 422 11078 0 0 1 jumping 
5 401 301 462 423 11079 0 0 1 jumping 
5 401 300 468 424 11080 0 0 0 jumping 
5 402 301 470 418 11081 0 0 1 jumping 
5 403 302 473 412 11082 0 0 1 jumping 
5 404 303 475 406 11083 0 0 1 jumping 
5 405 304 478 400 11084 0 0 1 jumping 
6 332 420 383 555 11065 0 0 0 jumping 
6 329 417 380 552 11066 0 0 1 standing 
6 327 414 377 549 11067 0 0 1 standing 
6 325 412 375 547 11068 0 0 0 standing 
6 324 409 374 544 11069 0 0 1 standing 
6 323 406 373 541 11070 0 0 1 standing 
6 323 404 373 539 11071 0 0 0 standing 
6 326 401 376 536 11072 0 0 1 standing 
6 329 398 379 533 11073 0 0 1 standing 
6 332 396 382 530 11074 0 0 0 standing 
6 335 392 383 522 11075 0 0 1 standing 
6 338 388 384 515 11076 0 0 1 standing 
6 341 384 385 508 11077 0 0 0 standing 
6 341 383 387 505 11078 0 0 1 standing 
6 342 383 389 502 11079 0 0 1 standing 
6 343 383 392 500 11080 0 0 0 standing 
6 344 383 393 500 11081 0 0 1 standing 
6 345 384 394 500 11082 0 0 1 standing 
6 346 384 395 500 11083 0 0 1 standing 
6 347 385 396 500 11084 0 0 1 standing 
7 318 285 376 404 11065 0 0 0 standing 
7 318 290 375 409 11066 0 0 1 standing 
7 318 296 374 414 11067 0 0 1 standing 
7 319 302 373 420 11068 0 0 0 standing 
7 317 304 371 419 11069 0 0 1 standing 
7 315 307 369 419 11070 0 0 1 standing 
7 313 310 367 419 11071 0 0 0 standing 
7 312 307 366 417 11072 0 0 1 standing 
7 312 304 366 416 11073 0 0 1 standing 
7 312 301 366 415 11074 0 0 0 standing 
7 311 299 365 412 11075 0 0 1 standing 
7 311 298 364 409 11076 0 0 1 standing 
7 311 297 364 406 11077 0 0 0 standing 
7 313 297 363 405 11078 0 0 1 standing 
7 316 297 362 405 11079 0 0 1 standing 
7 319 297 361 405 11080 0 0 0 standing 
7 318 298 361 404 11081 0 0 1 standing 
7 318 299 361 403 11082 0 0 1 standing 
7 318 300 361 402 11083 0 0 1 standing 
7 318 301 361 401 11084 0 0 1 standing 
8 269 354 324 466 11065 0 0 0 standing 
8 267 356 322 468 11066 0 0 1 standing 
8 266 358 321 470 11067 0 0 1 standing 
8 265 360 320 473 11068 0 0 0 standing 
8 262 361 317 473 11069 0 0 1 standing 
8 260 362 314 473 11070 0 0 1 standing 
8 258 364 312 473 11071 0 0 0 standing 
8 259 363 311 472 11072 0 0 1 standing 
8 260 363 311 471 11073 0 0 1 standing 
8 262 363 311 471 11074 0 0 0 standing 
8 261 361 310 471 11075 0 0 1 standing 
8 261 359 309 471 11076 0 0 1 standing 
8 261 358 309 471 11077 0 0 0 standing 
8 259 357 307 473 11078 0 0 1 standing 
8 257 357 305 476 11079 0 0 1 standing 
8 256 357 304 479 11080 0 0 0 standing 
8 255 358 302 481 11081 0 0 1 standing 
8 255 360 301 484 11082 0 0 1 standing 
8 255 362 300 487 11083 0 0 1 standing 
8 255 364 299 490 11084 0 0 1 standing 
9 193 335 242 443 11065 0 0 0 standing 
9 192 334 241 443 11066 0 0 1 standing 
9 192 333 240 443 11067 0 0 1 standing 
9 191 332 240 443 11068 0 0 1 standing 
9 191 331 239 443 11069 0 0 1 standing 
9 190 330 239 443 11070 0 0 1 standing 
9 190 329 238 443 11071 0 0 1 standing 
9 189 328 238 443 11072 0 0 1 standing 
9 189 327 237 443 11073 0 0 1 standing 
9 189 326 237 443 11074 0 0 0 standing 
9 185 323 235 443 11075 0 0 1 standing 
9 182 320 234 444 11076 0 0 1 standing 
9 179 318 233 445 11077 0 0 0 standing 
9 177 318 232 445 11078 0 0 1 standing 
9 175 318 232 445 11079 0 0 1 standing 
9 173 318 232 446 11080 0 0 0 standing 
9 170 320 231 445 11081 0 0 1 standing 
9 168 322 231 444 11082 0 0 1 standing 
9 165 324 230 443 11083 0 0 1 standing 
9 163 326 230 442 11084 0 0 1 standing 
10 124 476 196 611 11065 0 0 0 standing 
10 116 479 190 614 11066 0 0 1 waiting 
10 108 483 184 618 11067 0 0 1 waiting 
10 101 487 179 622 11068 0 0 0 waiting 
10 97 492 177 626 11069 0 0 1 waiting 
10 94 497 175 630 11070 0 0 1 waiting 
10 91 503 174 635 11071 0 0 0 waiting 
10 93 506 173 635 11072 0 0 1 waiting 
10 95 509 172 636 11073 0 0 1 waiting 
10 98 512 172 637 11074 0 0 0 waiting 
10 96 510 172 636 11075 0 0 1 waiting 
10 95 509 173 636 11076 0 0 1 waiting 
10 94 508 174 636 11077 0 0 0 waiting 
10 93 505 167 635 11078 0 0 1 waiting 
10 92 502 160 634 11079 0 0 1 waiting 
10 91 499 153 633 11080 0 0 0 waiting 
10 80 500 148 634 11081 0 0 1 waiting 
10 69 501 144 635 11082 0 0 1 waiting 
10 59 503 140 636 11083 0 0 1 waiting 
10 48 504 136 637 11084 0 0 1 waiting 
11 84 411 139 511 11065 0 0 0 waiting 
11 81 412 136 512 11066 0 0 1 digging 
11 78 413 133 513 11067 0 0 1 digging 
11 76 415 130 514 11068 0 0 0 digging 
11 75 415 129 514 11069 0 0 1 digging 
11 74 415 128 514 11070 0 0 1 digging 
11 73 415 127 514 11071 0 0 0 digging 
11 72 414 127 514 11072 0 0 1 digging 
11 72 414 127 514 11073 0 0 1 digging 
11 72 414 128 514 11074 0 0 1 digging 
11 71 413 128 514 11075 0 0 1 digging 
11 71 413 128 514 11076 0 0 1 digging 
11 71 413 129 515 11077 0 0 0 digging 
11 71 414 128 515 11078 0 0 1 digging 
11 71 415 128 515 11079 0 0 1 digging 
11 71 416 128 515 11080 0 0 0 digging 
11 71 416 128 515 11081 0 0 1 digging 
11 71 416 128 515 11082 0 0 1 digging 
11 71 416 128 515 11083 0 0 1 digging 
11 71 416 128 515 11084 0 0 1 digging 
