0 472 299 561 454 44330 0 1 0 spiking 
0 467 296 553 449 44331 0 1 1 spiking 
0 462 293 546 444 44332 0 1 1 spiking 
0 457 290 538 439 44333 0 1 1 spiking 
0 452 287 531 434 44334 0 1 1 spiking 
0 447 285 524 430 44335 0 1 0 spiking 
0 440 291 515 435 44336 0 1 1 spiking 
0 433 297 506 440 44337 0 1 1 spiking 
0 427 303 497 445 44338 0 1 1 spiking 
0 420 309 488 450 44339 0 1 1 spiking 
0 414 316 479 455 44340 0 1 0 spiking 
0 406 322 470 461 44341 0 1 1 spiking 
0 399 328 462 467 44342 0 1 1 spiking 
0 391 334 453 473 44343 0 1 1 spiking 
0 384 340 445 479 44344 0 1 0 spiking 
0 382 343 442 482 44345 0 1 1 spiking 
0 381 347 439 485 44346 0 1 1 spiking 
0 380 351 437 489 44347 0 1 0 spiking 
0 392 356 448 494 44348 0 1 1 spiking 
0 405 361 459 499 44349 0 1 1 spiking 
1 605 340 656 472 44330 0 1 0 spiking 
1 594 336 646 470 44331 0 1 1 blocking 
1 583 333 637 469 44332 0 1 1 blocking 
1 572 330 627 467 44333 0 1 1 blocking 
1 561 327 618 466 44334 0 1 1 blocking 
1 550 324 608 464 44335 0 1 1 blocking 
1 539 321 599 463 44336 0 1 1 blocking 
1 528 318 589 461 44337 0 1 1 blocking 
1 517 315 580 460 44338 0 1 1 blocking 
1 506 312 570 458 44339 0 1 1 blocking 
1 495 309 561 457 44340 0 1 0 blocking 
1 488 314 552 461 44341 0 1 1 blocking 
1 481 319 543 466 44342 0 1 1 blocking 
1 474 324 534 471 44343 0 1 1 blocking 
1 467 329 525 476 44344 0 1 0 blocking 
1 464 336 520 483 44345 0 1 1 blocking 
1 461 343 515 490 44346 0 1 1 blocking 
1 459 351 511 497 44347 0 1 0 blocking 
1 471 353 521 499 44348 0 1 1 blocking 
1 483 356 531 502 44349 0 1 1 blocking 
2 2 339 51 460 44330 0 0 0 blocking 
2 2 339 49 459 44331 0 0 1 blocking 
2 2 339 48 459 44332 0 0 1 blocking 
2 2 339 46 459 44333 0 0 1 blocking 
2 2 339 45 459 44334 0 0 1 blocking 
2 2 339 43 459 44335 0 0 1 blocking 
2 2 339 42 459 44336 0 0 0 blocking 
2 1 338 43 460 44337 0 0 1 blocking 
2 1 338 44 461 44338 0 0 1 blocking 
2 1 338 45 463 44339 0 0 1 blocking 
2 1 338 46 464 44340 0 0 1 blocking 
2 1 338 47 465 44341 0 0 1 blocking 
2 1 338 48 467 44342 0 0 0 blocking 
2 0 341 49 469 44343 0 0 1 blocking 
2 0 345 51 471 44344 0 0 1 blocking 
2 0 349 53 473 44345 0 0 0 blocking 
2 14 351 67 474 44346 0 0 1 blocking 
2 28 354 81 476 44347 0 0 1 blocking 
2 42 357 96 478 44348 0 0 1 blocking 
2 56 360 110 480 44349 0 0 1 blocking 
3 233 479 306 669 44330 0 0 0 blocking 
3 225 475 315 665 44331 0 0 1 moving 
3 217 472 324 661 44332 0 0 1 moving 
3 209 469 333 658 44333 0 0 0 moving 
3 208 468 331 655 44334 0 0 1 moving 
3 208 467 329 652 44335 0 0 1 moving 
3 208 467 327 649 44336 0 0 0 moving 
3 215 465 321 647 44337 0 0 1 moving 
3 222 464 315 646 44338 0 0 1 moving 
3 230 463 310 645 44339 0 0 0 moving 
3 229 458 307 643 44340 0 0 1 moving 
3 229 453 304 642 44341 0 0 1 moving 
3 229 448 301 641 44342 0 0 0 moving 
3 226 448 304 640 44343 0 0 1 moving 
3 223 448 307 640 44344 0 0 1 moving 
3 221 448 310 640 44345 0 0 0 moving 
3 230 450 319 639 44346 0 0 1 moving 
3 240 453 328 639 44347 0 0 1 moving 
3 250 455 337 639 44348 0 0 1 moving 
3 260 458 346 639 44349 0 0 1 moving 
4 392 304 466 425 44330 0 0 0 moving 
4 387 304 464 425 44331 0 0 1 standing 
4 382 305 462 425 44332 0 0 1 standing 
4 377 306 461 425 44333 0 0 0 standing 
4 374 307 458 426 44334 0 0 1 standing 
4 371 309 455 428 44335 0 0 1 standing 
4 368 311 452 430 44336 0 0 0 standing 
4 372 311 446 430 44337 0 0 1 standing 
4 377 311 441 430 44338 0 0 1 standing 
4 382 312 436 430 44339 0 0 0 standing 
4 378 312 432 430 44340 0 0 1 standing 
4 374 312 428 430 44341 0 0 1 standing 
4 370 312 424 430 44342 0 0 0 standing 
4 364 315 421 431 44343 0 0 1 standing 
4 358 318 418 432 44344 0 0 1 standing 
4 352 322 416 434 44345 0 0 0 standing 
4 358 323 422 435 44346 0 0 1 standing 
4 364 324 428 436 44347 0 0 1 standing 
4 371 325 435 437 44348 0 0 1 standing 
4 377 326 441 438 44349 0 0 1 standing 
5 474 371 537 550 44330 0 0 0 standing 
5 461 377 528 551 44331 0 0 1 standing 
5 449 384 519 552 44332 0 0 1 standing 
5 437 391 511 553 44333 0 0 0 standing 
5 422 395 499 551 44334 0 0 1 standing 
5 407 399 487 550 44335 0 0 1 standing 
5 392 404 476 549 44336 0 0 0 standing 
5 368 403 459 548 44337 0 0 1 standing 
5 345 403 443 547 44338 0 0 1 standing 
5 322 403 427 547 44339 0 0 0 standing 
5 310 408 415 549 44340 0 0 1 standing 
5 298 413 403 551 44341 0 0 1 standing 
5 287 419 391 553 44342 0 0 0 standing 
5 278 423 381 553 44343 0 0 1 standing 
5 269 427 372 554 44344 0 0 1 standing 
5 260 431 363 555 44345 0 0 0 standing 
5 262 432 364 555 44346 0 0 1 standing 
5 264 433 366 555 44347 0 0 1 standing 
5 267 434 367 555 44348 0 0 1 standing 
5 269 435 369 555 44349 0 0 1 standing 
6 614 425 671 588 44330 0 0 0 standing 
6 602 426 659 586 44331 0 0 1 standing 
6 591 427 648 585 44332 0 0 1 standing 
6 580 429 637 584 44333 0 0 0 standing 
6 570 429 627 587 44334 0 0 1 standing 
6 560 429 617 590 44335 0 0 1 standing 
6 550 430 607 593 44336 0 0 0 standing 
6 538 428 599 589 44337 0 0 1 standing 
6 527 426 591 586 44338 0 0 1 standing 
6 516 424 584 583 44339 0 0 0 standing 
6 504 423 581 575 44340 0 0 1 standing 
6 493 423 578 568 44341 0 0 1 standing 
6 482 423 576 561 44342 0 0 0 standing 
6 475 427 571 562 44343 0 0 1 standing 
6 468 431 566 563 44344 0 0 1 standing 
6 462 435 562 564 44345 0 0 0 standing 
6 467 434 567 565 44346 0 0 1 standing 
6 472 434 572 567 44347 0 0 1 standing 
6 477 433 577 569 44348 0 0 1 standing 
6 482 433 582 571 44349 0 0 1 standing 
7 616 324 666 463 44330 0 0 0 standing 
7 606 325 656 464 44331 0 0 1 blocking 
7 596 326 646 465 44332 0 0 1 blocking 
7 587 328 637 467 44333 0 0 0 blocking 
7 577 326 631 465 44334 0 0 1 blocking 
7 567 325 626 464 44335 0 0 1 blocking 
7 557 324 621 463 44336 0 0 0 blocking 
7 551 329 614 464 44337 0 0 1 blocking 
7 545 334 608 466 44338 0 0 1 blocking 
7 539 340 602 468 44339 0 0 0 blocking 
7 527 343 593 466 44340 0 0 1 blocking 
7 515 346 584 464 44341 0 0 1 blocking 
7 504 349 576 463 44342 0 0 0 blocking 
7 496 349 568 463 44343 0 0 1 blocking 
7 488 350 560 464 44344 0 0 1 blocking 
7 481 351 553 465 44345 0 0 0 blocking 
7 487 347 557 461 44346 0 0 1 blocking 
7 493 344 562 458 44347 0 0 1 blocking 
7 499 340 567 455 44348 0 0 1 blocking 
7 505 337 572 452 44349 0 0 1 blocking 
8 911 338 963 465 44330 0 0 0 blocking 
8 899 337 952 463 44331 0 0 1 waiting 
8 888 336 942 461 44332 0 0 1 waiting 
8 877 336 932 460 44333 0 0 0 waiting 
8 867 336 920 458 44334 0 0 1 waiting 
8 857 337 908 457 44335 0 0 1 waiting 
8 847 338 896 456 44336 0 0 0 waiting 
8 838 339 890 457 44337 0 0 1 waiting 
8 829 340 885 458 44338 0 0 1 waiting 
8 820 341 880 459 44339 0 0 0 waiting 
8 811 344 874 459 44340 0 0 1 waiting 
8 802 347 868 459 44341 0 0 1 waiting 
8 793 351 862 459 44342 0 0 0 waiting 
8 783 356 855 457 44343 0 0 1 waiting 
8 774 361 848 455 44344 0 0 1 waiting 
8 765 366 842 453 44345 0 0 0 waiting 
8 770 370 847 456 44346 0 0 1 waiting 
8 776 374 852 459 44347 0 0 1 waiting 
8 781 378 858 462 44348 0 0 1 waiting 
8 787 382 863 465 44349 0 0 1 waiting 
9 959 468 1042 604 44330 0 0 0 waiting 
9 947 462 1028 602 44331 0 0 1 waiting 
9 936 456 1014 600 44332 0 0 1 waiting 
9 925 450 1000 598 44333 0 0 0 waiting 
9 911 447 982 590 44334 0 0 1 waiting 
9 898 445 965 583 44335 0 0 1 waiting 
9 885 443 948 576 44336 0 0 0 waiting 
9 869 444 932 577 44337 0 0 1 waiting 
9 853 445 916 578 44338 0 0 1 waiting 
9 838 446 901 579 44339 0 0 0 waiting 
9 824 446 887 579 44340 0 0 1 waiting 
9 811 446 874 579 44341 0 0 1 waiting 
9 798 447 861 580 44342 0 0 0 waiting 
9 788 444 851 579 44343 0 0 1 waiting 
9 778 441 841 578 44344 0 0 1 waiting 
9 769 438 832 577 44345 0 0 0 waiting 
9 771 435 833 576 44346 0 0 1 waiting 
9 773 432 835 575 44347 0 0 1 waiting 
9 775 429 837 574 44348 0 0 1 waiting 
9 777 426 839 573 44349 0 0 1 waiting 
10 1104 389 1173 533 44330 0 0 0 waiting 
10 1091 385 1156 529 44331 0 0 1 waiting 
10 1078 381 1139 525 44332 0 0 1 waiting 
10 1065 378 1123 522 44333 0 0 0 waiting 
10 1051 374 1110 518 44334 0 0 1 waiting 
10 1037 371 1098 515 44335 0 0 1 waiting 
10 1023 368 1086 512 44336 0 0 0 waiting 
10 1010 367 1073 507 44337 0 0 1 waiting 
10 997 366 1060 503 44338 0 0 1 waiting 
10 984 365 1047 499 44339 0 0 0 waiting 
10 971 366 1035 500 44340 0 0 1 waiting 
10 959 367 1023 501 44341 0 0 1 waiting 
10 947 368 1011 502 44342 0 0 0 waiting 
10 939 368 1001 500 44343 0 0 1 waiting 
10 931 368 991 499 44344 0 0 1 waiting 
10 923 369 981 498 44345 0 0 0 waiting 
10 928 368 986 499 44346 0 0 1 waiting 
10 933 367 991 500 44347 0 0 1 waiting 
10 938 366 997 501 44348 0 0 1 waiting 
10 943 365 1002 502 44349 0 0 1 waiting 
