0 346 437 419 596 27080 0 1 0 spiking 
0 349 434 428 587 27081 0 1 1 spiking 
0 353 432 437 578 27082 0 1 1 spiking 
0 357 430 446 569 27083 0 1 0 spiking 
0 361 428 443 568 27084 0 1 1 spiking 
0 365 426 441 567 27085 0 1 1 spiking 
0 370 424 438 566 27086 0 1 1 spiking 
0 374 422 436 565 27087 0 1 1 spiking 
0 379 421 434 564 27088 0 1 0 spiking 
0 381 425 437 566 27089 0 1 1 spiking 
0 384 429 440 568 27090 0 1 1 spiking 
0 386 433 443 570 27091 0 1 1 spiking 
0 389 438 447 572 27092 0 1 0 spiking 
0 391 442 450 576 27093 0 1 1 spiking 
0 394 447 453 581 27094 0 1 1 spiking 
0 396 452 457 586 27095 0 1 1 spiking 
0 399 457 460 591 27096 0 1 1 spiking 
0 402 461 463 596 27097 0 1 1 spiking 
0 404 466 467 601 27098 0 1 1 spiking 
0 407 471 470 606 27099 0 1 1 spiking 
1 605 470 647 585 27080 0 1 0 spiking 
1 597 464 640 581 27081 0 1 1 blocking 
1 590 458 634 577 27082 0 1 1 blocking 
1 583 452 627 574 27083 0 1 1 blocking 
1 576 446 621 570 27084 0 1 1 blocking 
1 569 441 615 567 27085 0 1 1 blocking 
1 562 435 608 563 27086 0 1 1 blocking 
1 555 429 602 559 27087 0 1 1 blocking 
1 548 423 595 556 27088 0 1 1 blocking 
1 541 417 589 552 27089 0 1 1 blocking 
1 534 412 583 549 27090 0 1 0 blocking 
1 532 414 580 551 27091 0 1 1 blocking 
1 531 417 577 554 27092 0 1 1 blocking 
1 529 420 574 557 27093 0 1 1 blocking 
1 528 423 571 559 27094 0 1 1 blocking 
1 526 426 568 562 27095 0 1 1 blocking 
1 525 428 565 565 27096 0 1 1 blocking 
1 523 431 562 567 27097 0 1 1 blocking 
1 522 434 559 570 27098 0 1 1 blocking 
1 520 437 556 573 27099 0 1 1 blocking 
2 293 384 334 463 27080 0 0 0 blocking 
2 284 384 326 464 27081 0 0 1 waiting 
2 276 384 318 466 27082 0 0 1 waiting 
2 268 385 311 468 27083 0 0 0 waiting 
2 260 386 303 471 27084 0 0 1 waiting 
2 252 388 295 474 27085 0 0 1 waiting 
2 245 390 287 478 27086 0 0 0 waiting 
2 238 390 280 478 27087 0 0 1 waiting 
2 231 390 273 478 27088 0 0 1 waiting 
2 224 390 266 478 27089 0 0 0 waiting 
2 217 392 259 477 27090 0 0 1 waiting 
2 210 394 252 477 27091 0 0 1 waiting 
2 203 397 246 477 27092 0 0 0 waiting 
2 196 399 242 481 27093 0 0 1 waiting 
2 190 401 239 485 27094 0 0 1 waiting 
2 184 404 236 489 27095 0 0 0 waiting 
2 181 404 233 489 27096 0 0 1 waiting 
2 178 404 230 490 27097 0 0 1 waiting 
2 175 404 227 491 27098 0 0 1 waiting 
2 172 404 224 492 27099 0 0 1 waiting 
3 426 371 493 479 27080 0 0 0 waiting 
3 424 373 493 479 27081 0 0 1 moving 
3 422 375 493 479 27082 0 0 1 moving 
3 421 377 494 479 27083 0 0 0 moving 
3 421 377 494 479 27084 0 0 1 moving 
3 421 377 495 479 27085 0 0 1 moving 
3 422 377 496 479 27086 0 0 0 moving 
3 424 376 490 478 27087 0 0 1 moving 
3 427 376 485 478 27088 0 0 1 moving 
3 430 376 480 478 27089 0 0 0 moving 
3 430 375 480 478 27090 0 0 1 moving 
3 430 375 480 478 27091 0 0 1 moving 
3 430 375 480 478 27092 0 0 0 moving 
3 430 374 483 478 27093 0 0 1 moving 
3 430 374 486 478 27094 0 0 1 moving 
3 431 374 490 478 27095 0 0 0 moving 
3 430 373 489 478 27096 0 0 1 moving 
3 429 373 488 478 27097 0 0 1 moving 
3 429 373 487 479 27098 0 0 1 moving 
3 428 373 486 479 27099 0 0 1 moving 
4 481 331 528 419 27080 0 0 0 moving 
4 477 330 524 418 27081 0 0 1 standing 
4 474 329 521 418 27082 0 0 1 standing 
4 471 329 518 418 27083 0 0 0 standing 
4 467 327 512 416 27084 0 0 1 standing 
4 464 325 506 414 27085 0 0 1 standing 
4 461 324 500 413 27086 0 0 0 standing 
4 455 323 494 412 27087 0 0 1 standing 
4 450 322 489 411 27088 0 0 1 standing 
4 445 321 484 410 27089 0 0 0 standing 
4 439 322 478 411 27090 0 0 1 standing 
4 433 323 472 412 27091 0 0 1 standing 
4 428 325 467 414 27092 0 0 0 standing 
4 424 327 463 416 27093 0 0 1 standing 
4 420 329 459 418 27094 0 0 1 standing 
4 417 332 456 421 27095 0 0 0 standing 
4 415 333 454 422 27096 0 0 1 standing 
4 413 334 452 423 27097 0 0 1 standing 
4 411 335 450 424 27098 0 0 1 standing 
4 409 336 448 425 27099 0 0 1 standing 
5 368 430 414 526 27080 0 0 0 standing 
5 363 429 409 524 27081 0 0 1 standing 
5 358 428 405 523 27082 0 0 1 standing 
5 353 427 401 522 27083 0 0 0 standing 
5 346 427 394 522 27084 0 0 1 standing 
5 340 427 388 522 27085 0 0 1 standing 
5 334 428 382 522 27086 0 0 0 standing 
5 328 428 376 522 27087 0 0 1 standing 
5 322 428 371 522 27088 0 0 1 standing 
5 317 429 366 523 27089 0 0 0 standing 
5 309 430 358 522 27090 0 0 1 standing 
5 302 431 350 522 27091 0 0 1 standing 
5 295 433 343 522 27092 0 0 0 standing 
5 290 434 338 523 27093 0 0 1 standing 
5 285 436 333 525 27094 0 0 1 standing 
5 280 438 328 527 27095 0 0 0 standing 
5 278 438 326 527 27096 0 0 1 standing 
5 277 438 325 527 27097 0 0 1 standing 
5 275 438 323 527 27098 0 0 1 standing 
5 274 438 322 527 27099 0 0 1 standing 
6 524 403 569 516 27080 0 0 0 standing 
6 521 405 567 518 27081 0 0 1 standing 
6 518 408 565 521 27082 0 0 1 standing 
6 515 411 563 524 27083 0 0 0 standing 
6 510 410 558 523 27084 0 0 1 standing 
6 505 409 553 523 27085 0 0 1 standing 
6 501 409 549 523 27086 0 0 0 standing 
6 494 409 543 521 27087 0 0 1 standing 
6 488 409 537 520 27088 0 0 1 standing 
6 482 410 531 519 27089 0 0 0 standing 
6 474 411 528 518 27090 0 0 1 standing 
6 466 412 525 518 27091 0 0 1 standing 
6 458 414 522 518 27092 0 0 0 standing 
6 450 414 515 518 27093 0 0 1 standing 
6 442 415 508 518 27094 0 0 1 standing 
6 434 416 501 519 27095 0 0 0 standing 
6 432 414 496 518 27096 0 0 1 standing 
6 431 413 491 518 27097 0 0 1 standing 
6 430 412 486 518 27098 0 0 1 standing 
6 429 411 481 518 27099 0 0 1 standing 
7 598 405 648 494 27080 0 0 0 standing 
7 594 405 640 495 27081 0 0 1 standing 
7 591 405 633 497 27082 0 0 1 standing 
7 588 405 626 499 27083 0 0 0 standing 
7 584 404 622 498 27084 0 0 1 standing 
7 580 403 619 497 27085 0 0 1 standing 
7 577 402 616 496 27086 0 0 0 standing 
7 570 402 611 496 27087 0 0 1 standing 
7 563 403 606 497 27088 0 0 1 standing 
7 557 404 601 498 27089 0 0 0 standing 
7 550 406 598 498 27090 0 0 1 standing 
7 543 408 596 498 27091 0 0 1 standing 
7 536 410 594 498 27092 0 0 0 standing 
7 537 414 593 505 27093 0 0 1 standing 
7 538 418 593 513 27094 0 0 1 standing 
7 539 423 593 521 27095 0 0 0 standing 
7 538 422 592 524 27096 0 0 1 standing 
7 537 422 591 527 27097 0 0 1 standing 
7 537 421 591 530 27098 0 0 1 standing 
7 536 421 590 533 27099 0 0 1 standing 
8 611 369 682 436 27080 0 0 0 standing 
8 611 368 683 435 27081 0 0 1 moving 
8 611 367 684 434 27082 0 0 1 moving 
8 612 366 685 433 27083 0 0 0 moving 
8 609 363 678 432 27084 0 0 1 moving 
8 606 360 672 432 27085 0 0 1 moving 
8 604 358 666 432 27086 0 0 0 moving 
8 610 359 666 435 27087 0 0 1 moving 
8 616 361 666 438 27088 0 0 1 moving 
8 623 363 666 441 27089 0 0 0 moving 
8 623 364 673 442 27090 0 0 1 moving 
8 623 366 680 443 27091 0 0 1 moving 
8 623 368 687 445 27092 0 0 0 moving 
8 625 369 689 446 27093 0 0 1 moving 
8 628 371 692 448 27094 0 0 1 moving 
8 631 373 695 450 27095 0 0 0 moving 
8 629 373 693 449 27096 0 0 1 moving 
8 627 373 691 449 27097 0 0 1 moving 
8 626 374 690 448 27098 0 0 1 moving 
8 624 374 688 448 27099 0 0 1 moving 
9 801 366 883 448 27080 0 0 0 moving 
9 797 365 877 447 27081 0 0 1 waiting 
9 793 364 871 446 27082 0 0 1 waiting 
9 789 363 866 446 27083 0 0 0 waiting 
9 786 362 863 447 27084 0 0 1 waiting 
9 783 361 861 448 27085 0 0 1 waiting 
9 781 361 859 449 27086 0 0 0 waiting 
9 777 363 852 449 27087 0 0 1 waiting 
9 774 365 846 450 27088 0 0 1 waiting 
9 771 368 840 451 27089 0 0 0 waiting 
9 764 370 833 453 27090 0 0 1 waiting 
9 758 373 827 456 27091 0 0 1 waiting 
9 752 376 821 459 27092 0 0 0 waiting 
9 749 377 818 458 27093 0 0 1 waiting 
9 746 378 815 458 27094 0 0 1 waiting 
9 743 380 812 458 27095 0 0 0 waiting 
9 740 380 808 457 27096 0 0 1 waiting 
9 738 380 805 456 27097 0 0 1 waiting 
9 735 380 801 456 27098 0 0 1 waiting 
9 733 380 798 455 27099 0 0 1 waiting 
10 918 409 974 493 27080 0 0 0 waiting 
10 904 407 969 491 27081 0 0 1 waiting 
10 890 405 964 489 27082 0 0 1 waiting 
10 876 404 959 488 27083 0 0 0 waiting 
10 865 402 950 485 27084 0 0 1 waiting 
10 854 400 941 483 27085 0 0 1 waiting 
10 844 398 933 481 27086 0 0 0 waiting 
10 835 396 919 479 27087 0 0 1 waiting 
10 827 394 906 477 27088 0 0 1 waiting 
10 819 393 893 475 27089 0 0 0 waiting 
10 813 394 882 474 27090 0 0 1 waiting 
10 808 395 872 473 27091 0 0 1 waiting 
10 803 397 862 472 27092 0 0 0 waiting 
10 798 397 857 472 27093 0 0 1 waiting 
10 793 397 852 472 27094 0 0 1 waiting 
10 788 398 847 472 27095 0 0 0 waiting 
10 786 401 844 472 27096 0 0 1 waiting 
10 785 405 841 472 27097 0 0 1 waiting 
10 783 409 839 473 27098 0 0 1 waiting 
10 782 413 836 473 27099 0 0 1 waiting 
11 901 456 949 568 27080 0 0 0 waiting 
11 897 456 951 568 27081 0 0 1 waiting 
11 893 456 954 568 27082 0 0 1 waiting 
11 890 457 957 569 27083 0 0 0 waiting 
11 885 457 951 568 27084 0 0 1 waiting 
11 880 458 945 568 27085 0 0 1 waiting 
11 876 459 939 568 27086 0 0 0 waiting 
11 876 458 934 567 27087 0 0 1 waiting 
11 876 458 930 566 27088 0 0 1 waiting 
11 877 458 926 566 27089 0 0 0 waiting 
11 873 460 923 565 27090 0 0 1 waiting 
11 869 462 921 564 27091 0 0 1 waiting 
11 866 464 919 564 27092 0 0 0 waiting 
11 862 465 915 565 27093 0 0 1 waiting 
11 859 466 912 566 27094 0 0 1 waiting 
11 856 468 909 567 27095 0 0 0 waiting 
11 855 467 907 566 27096 0 0 1 waiting 
11 855 466 905 566 27097 0 0 1 waiting 
11 854 465 903 566 27098 0 0 1 waiting 
11 854 464 901 566 27099 0 0 1 waiting 
