0 596 475 668 575 19300 0 1 0 falling 
0 593 475 679 577 19301 0 1 1 falling 
0 590 476 690 579 19302 0 1 1 falling 
0 587 477 701 581 19303 0 1 0 falling 
0 590 478 707 579 19304 0 1 1 falling 
0 594 480 713 578 19305 0 1 1 falling 
0 597 482 719 576 19306 0 1 1 falling 
0 601 484 725 575 19307 0 1 0 falling 
0 611 485 730 574 19308 0 1 1 falling 
0 621 486 735 573 19309 0 1 1 falling 
0 631 487 740 572 19310 0 1 1 falling 
0 641 489 746 571 19311 0 1 0 falling 
0 649 488 749 570 19312 0 1 1 falling 
0 657 488 752 570 19313 0 1 1 falling 
0 665 488 756 570 19314 0 1 1 falling 
0 673 487 759 569 19315 0 1 1 falling 
0 681 487 763 569 19316 0 1 1 falling 
0 689 487 766 569 19317 0 1 1 falling 
0 697 486 770 568 19318 0 1 1 falling 
0 705 486 773 568 19319 0 1 1 falling 
1 748 432 803 537 19300 0 1 0 falling 
1 750 431 810 535 19301 0 1 1 digging 
1 753 431 817 533 19302 0 1 1 digging 
1 756 431 825 531 19303 0 1 0 digging 
1 754 430 824 531 19304 0 1 1 digging 
1 752 430 824 531 19305 0 1 1 digging 
1 751 430 823 531 19306 0 1 1 digging 
1 749 430 823 531 19307 0 1 1 digging 
1 747 429 822 531 19308 0 1 1 digging 
1 746 429 822 531 19309 0 1 1 digging 
1 744 429 821 531 19310 0 1 1 digging 
1 742 429 821 531 19311 0 1 1 digging 
1 741 429 821 532 19312 0 1 0 digging 
1 738 429 814 532 19313 0 1 1 digging 
1 736 430 808 533 19314 0 1 1 digging 
1 733 430 802 534 19315 0 1 1 digging 
1 731 431 795 535 19316 0 1 1 digging 
1 728 431 789 536 19317 0 1 1 digging 
1 726 432 783 537 19318 0 1 0 digging 
1 722 431 779 536 19319 0 1 1 digging 
2 368 410 427 536 19300 0 0 0 digging 
2 373 408 432 534 19301 0 0 1 standing 
2 379 407 438 533 19302 0 0 1 standing 
2 385 406 444 531 19303 0 0 1 standing 
2 391 405 450 530 19304 0 0 0 standing 
2 391 404 450 529 19305 0 0 1 standing 
2 392 403 451 528 19306 0 0 1 standing 
2 392 402 451 527 19307 0 0 1 standing 
2 393 401 452 526 19308 0 0 1 standing 
2 393 400 452 525 19309 0 0 1 standing 
2 394 399 453 524 19310 0 0 0 standing 
2 394 398 452 523 19311 0 0 1 standing 
2 395 397 452 522 19312 0 0 1 standing 
2 395 396 452 521 19313 0 0 1 standing 
2 396 395 452 520 19314 0 0 1 standing 
2 396 394 452 519 19315 0 0 1 standing 
2 397 393 451 518 19316 0 0 1 standing 
2 397 392 451 517 19317 0 0 1 standing 
2 398 391 451 516 19318 0 0 1 standing 
2 398 390 451 515 19319 0 0 1 standing 
3 628 379 676 499 19300 0 0 0 standing 
3 633 378 681 499 19301 0 0 1 standing 
3 639 378 687 499 19302 0 0 1 standing 
3 644 378 692 499 19303 0 0 1 standing 
3 650 378 698 499 19304 0 0 1 standing 
3 656 378 704 499 19305 0 0 0 standing 
3 658 377 706 498 19306 0 0 1 standing 
3 660 377 708 498 19307 0 0 1 standing 
3 662 377 710 497 19308 0 0 1 standing 
3 664 377 712 497 19309 0 0 1 standing 
3 666 377 714 497 19310 0 0 0 standing 
3 666 377 714 497 19311 0 0 1 standing 
3 667 377 715 497 19312 0 0 1 standing 
3 667 378 715 498 19313 0 0 1 standing 
3 668 378 716 498 19314 0 0 1 standing 
3 669 379 717 499 19315 0 0 1 standing 
3 669 379 717 499 19316 0 0 1 standing 
3 670 379 718 499 19317 0 0 1 standing 
3 670 380 718 500 19318 0 0 1 standing 
3 671 380 719 500 19319 0 0 1 standing 
4 869 483 936 637 19300 0 0 0 standing 
4 865 481 932 635 19301 0 0 1 moving 
4 861 480 928 633 19302 0 0 1 moving 
4 857 478 924 632 19303 0 0 1 moving 
4 853 477 920 630 19304 0 0 1 moving 
4 849 475 916 628 19305 0 0 1 moving 
4 846 474 913 627 19306 0 0 0 moving 
4 839 473 906 626 19307 0 0 1 moving 
4 832 472 899 625 19308 0 0 1 moving 
4 825 471 892 624 19309 0 0 1 moving 
4 818 470 885 624 19310 0 0 0 moving 
4 810 470 877 623 19311 0 0 1 moving 
4 802 471 869 623 19312 0 0 1 moving 
4 795 471 861 623 19313 0 0 1 moving 
4 787 472 853 623 19314 0 0 1 moving 
4 780 472 846 623 19315 0 0 1 moving 
4 772 473 838 623 19316 0 0 1 moving 
4 764 473 830 623 19317 0 0 1 moving 
4 757 474 822 623 19318 0 0 1 moving 
4 749 474 814 623 19319 0 0 1 moving 
5 948 409 988 553 19300 0 0 0 moving 
5 951 409 991 553 19301 0 0 1 standing 
5 954 409 994 553 19302 0 0 1 standing 
5 957 409 997 553 19303 0 0 1 standing 
5 960 409 1000 553 19304 0 0 0 standing 
5 960 408 1000 552 19305 0 0 1 standing 
5 960 408 1000 552 19306 0 0 1 standing 
5 960 408 1000 552 19307 0 0 1 standing 
5 960 408 1000 552 19308 0 0 1 standing 
5 960 408 1000 552 19309 0 0 1 standing 
5 960 408 1000 552 19310 0 0 0 standing 
5 960 408 1000 552 19311 0 0 1 standing 
5 961 408 1001 552 19312 0 0 1 standing 
5 961 408 1001 552 19313 0 0 1 standing 
5 962 408 1002 552 19314 0 0 1 standing 
5 963 408 1003 552 19315 0 0 1 standing 
5 963 408 1003 552 19316 0 0 1 standing 
5 964 408 1004 552 19317 0 0 1 standing 
5 964 408 1004 552 19318 0 0 1 standing 
5 965 408 1005 552 19319 0 0 1 standing 
6 1040 433 1101 583 19300 0 0 0 standing 
6 1043 429 1100 579 19301 0 0 1 standing 
6 1046 426 1100 576 19302 0 0 1 standing 
6 1049 423 1100 572 19303 0 0 1 standing 
6 1053 420 1100 569 19304 0 0 0 standing 
6 1050 419 1099 568 19305 0 0 1 standing 
6 1048 419 1099 568 19306 0 0 1 standing 
6 1045 419 1099 568 19307 0 0 1 standing 
6 1043 418 1099 568 19308 0 0 1 standing 
6 1040 418 1099 568 19309 0 0 1 standing 
6 1038 418 1099 568 19310 0 0 0 standing 
6 1036 416 1096 565 19311 0 0 1 standing 
6 1035 414 1094 562 19312 0 0 1 standing 
6 1033 412 1092 560 19313 0 0 1 standing 
6 1032 410 1089 557 19314 0 0 1 standing 
6 1031 409 1087 555 19315 0 0 1 standing 
6 1029 407 1085 552 19316 0 0 1 standing 
6 1028 405 1082 549 19317 0 0 1 standing 
6 1026 403 1080 547 19318 0 0 1 standing 
6 1025 401 1078 544 19319 0 0 1 standing 
7 1118 415 1168 552 19300 0 0 0 standing 
7 1122 415 1172 552 19301 0 0 1 standing 
7 1127 415 1176 552 19302 0 0 1 standing 
7 1131 415 1180 552 19303 0 0 1 standing 
7 1136 415 1185 552 19304 0 0 0 standing 
7 1136 414 1185 551 19305 0 0 1 standing 
7 1137 414 1186 551 19306 0 0 1 standing 
7 1138 413 1187 550 19307 0 0 1 standing 
7 1138 413 1187 550 19308 0 0 1 standing 
7 1139 412 1188 549 19309 0 0 1 standing 
7 1140 412 1189 549 19310 0 0 0 standing 
7 1141 411 1190 548 19311 0 0 1 standing 
7 1143 411 1192 548 19312 0 0 1 standing 
7 1145 411 1194 548 19313 0 0 1 standing 
7 1146 411 1195 548 19314 0 0 1 standing 
7 1148 411 1197 548 19315 0 0 1 standing 
7 1150 411 1199 548 19316 0 0 0 standing 
7 1149 410 1198 547 19317 0 0 1 standing 
7 1149 410 1198 547 19318 0 0 1 standing 
7 1149 410 1198 547 19319 0 0 1 standing 
8 884 441 936 584 19300 0 0 0 standing 
8 886 442 938 585 19301 0 0 1 standing 
8 888 443 940 586 19302 0 0 1 standing 
8 890 444 942 587 19303 0 0 1 standing 
8 893 445 945 588 19304 0 0 1 standing 
8 895 446 947 589 19305 0 0 1 standing 
8 897 447 949 590 19306 0 0 1 standing 
8 900 448 952 591 19307 0 0 0 standing 
8 898 449 950 592 19308 0 0 1 standing 
8 897 450 949 593 19309 0 0 1 standing 
8 896 451 948 594 19310 0 0 0 standing 
8 895 448 946 592 19311 0 0 1 standing 
8 894 446 945 591 19312 0 0 1 standing 
8 893 444 944 590 19313 0 0 1 standing 
8 892 441 943 589 19314 0 0 1 standing 
8 891 439 942 588 19315 0 0 1 standing 
8 890 437 941 586 19316 0 0 1 standing 
8 889 434 940 585 19317 0 0 1 standing 
8 888 432 939 584 19318 0 0 1 standing 
8 887 430 938 583 19319 0 0 1 standing 
9 968 461 1025 617 19300 0 0 0 standing 
9 969 459 1026 615 19301 0 0 1 standing 
9 970 457 1027 613 19302 0 0 1 standing 
9 971 455 1028 611 19303 0 0 1 standing 
9 972 453 1029 609 19304 0 0 1 standing 
9 973 452 1030 608 19305 0 0 0 standing 
9 971 450 1028 606 19306 0 0 1 standing 
9 970 448 1027 604 19307 0 0 1 standing 
9 969 446 1026 602 19308 0 0 1 standing 
9 968 444 1025 600 19309 0 0 1 standing 
9 967 443 1024 599 19310 0 0 0 standing 
9 967 444 1024 599 19311 0 0 1 standing 
9 967 445 1024 599 19312 0 0 1 standing 
9 967 446 1024 599 19313 0 0 1 standing 
9 967 447 1024 599 19314 0 0 1 standing 
9 967 448 1024 599 19315 0 0 1 standing 
9 967 449 1024 599 19316 0 0 1 standing 
9 967 450 1024 599 19317 0 0 0 standing 
9 967 450 1024 599 19318 0 0 1 standing 
9 967 450 1024 599 19319 0 0 1 standing 
10 1100 473 1150 620 19300 0 0 0 standing 
10 1104 472 1154 619 19301 0 0 1 standing 
10 1109 471 1158 618 19302 0 0 1 standing 
10 1113 470 1162 617 19303 0 0 1 standing 
10 1118 469 1167 616 19304 0 0 0 standing 
10 1118 467 1167 614 19305 0 0 1 standing 
10 1119 465 1168 612 19306 0 0 1 standing 
10 1119 464 1169 611 19307 0 0 1 standing 
10 1120 462 1169 609 19308 0 0 1 standing 
10 1120 460 1170 607 19309 0 0 1 standing 
10 1121 459 1171 606 19310 0 0 0 standing 
10 1122 459 1171 606 19311 0 0 1 standing 
10 1123 460 1172 606 19312 0 0 1 standing 
10 1124 460 1173 606 19313 0 0 1 standing 
10 1125 461 1174 606 19314 0 0 1 standing 
10 1126 462 1175 607 19315 0 0 1 standing 
10 1127 462 1176 607 19316 0 0 1 standing 
10 1128 463 1177 607 19317 0 0 1 standing 
10 1129 463 1178 607 19318 0 0 1 standing 
10 1130 464 1179 607 19319 0 0 1 standing 
