0 742 458 855 648 57425 0 1 0 setting 
0 741 454 855 648 57426 0 1 1 setting 
0 741 450 855 648 57427 0 1 1 setting 
0 740 447 856 648 57428 0 1 1 setting 
0 740 443 856 648 57429 0 1 1 setting 
0 740 439 856 648 57430 0 1 1 setting 
0 739 436 857 648 57431 0 1 1 setting 
0 739 432 857 648 57432 0 1 1 setting 
0 739 429 858 648 57433 0 1 0 setting 
0 739 422 860 643 57434 0 1 1 setting 
0 739 415 862 639 57435 0 1 1 setting 
0 739 408 865 634 57436 0 1 1 setting 
0 739 401 867 630 57437 0 1 1 setting 
0 739 395 870 626 57438 0 1 0 setting 
0 746 400 871 628 57439 0 1 1 setting 
0 754 406 873 631 57440 0 1 1 setting 
0 761 412 874 634 57441 0 1 1 setting 
0 769 418 876 636 57442 0 1 1 setting 
0 776 424 877 639 57443 0 1 1 setting 
0 784 430 879 642 57444 0 1 1 setting 
1 816 539 915 720 57425 0 0 0 setting 
1 815 540 912 725 57426 0 0 1 standing 
1 815 542 910 731 57427 0 0 1 standing 
1 814 544 907 737 57428 0 0 1 standing 
1 814 545 905 743 57429 0 0 1 standing 
1 813 547 902 749 57430 0 0 1 standing 
1 813 549 900 755 57431 0 0 1 standing 
1 812 550 897 761 57432 0 0 1 standing 
1 812 552 895 767 57433 0 0 1 standing 
1 811 554 892 773 57434 0 0 1 standing 
1 811 556 890 779 57435 0 0 0 standing 
1 806 556 888 778 57436 0 0 1 standing 
1 801 556 886 778 57437 0 0 1 standing 
1 796 556 884 777 57438 0 0 1 standing 
1 791 556 882 777 57439 0 0 1 standing 
1 787 556 880 777 57440 0 0 0 standing 
1 780 556 878 777 57441 0 0 1 standing 
1 774 556 877 777 57442 0 0 1 standing 
1 768 557 875 777 57443 0 0 1 standing 
1 762 557 874 777 57444 0 0 1 standing 
2 698 357 782 512 57425 0 0 0 standing 
2 701 360 789 515 57426 0 0 1 standing 
2 704 363 796 518 57427 0 0 1 standing 
2 708 366 803 521 57428 0 0 1 standing 
2 711 369 810 524 57429 0 0 1 standing 
2 715 372 817 527 57430 0 0 1 standing 
2 718 375 824 530 57431 0 0 1 standing 
2 721 378 831 533 57432 0 0 1 standing 
2 725 381 838 536 57433 0 0 1 standing 
2 728 384 845 539 57434 0 0 1 standing 
2 732 387 852 543 57435 0 0 0 standing 
2 731 385 851 543 57436 0 0 1 standing 
2 731 383 851 543 57437 0 0 1 standing 
2 731 382 851 543 57438 0 0 1 standing 
2 731 380 851 543 57439 0 0 1 standing 
2 731 379 851 543 57440 0 0 1 standing 
2 731 377 850 543 57441 0 0 1 standing 
2 731 375 850 543 57442 0 0 1 standing 
2 731 374 850 543 57443 0 0 1 standing 
2 731 372 850 543 57444 0 0 1 standing 
3 490 480 624 700 57425 0 0 0 standing 
3 495 484 628 693 57426 0 0 1 falling 
3 500 488 632 686 57427 0 0 1 falling 
3 505 492 636 680 57428 0 0 0 falling 
3 508 511 639 680 57429 0 0 1 falling 
3 512 531 643 680 57430 0 0 1 falling 
3 516 551 647 681 57431 0 0 0 falling 
3 520 558 652 682 57432 0 0 1 falling 
3 524 565 658 683 57433 0 0 1 falling 
3 528 572 663 684 57434 0 0 1 falling 
3 532 580 669 685 57435 0 0 0 falling 
3 531 570 666 680 57436 0 0 1 falling 
3 531 561 663 676 57437 0 0 1 falling 
3 531 552 660 672 57438 0 0 0 falling 
3 531 549 659 668 57439 0 0 1 falling 
3 531 547 658 665 57440 0 0 1 falling 
3 531 545 657 661 57441 0 0 1 falling 
3 531 543 656 658 57442 0 0 1 falling 
3 531 541 655 654 57443 0 0 1 falling 
3 531 539 654 651 57444 0 0 1 falling 
4 519 676 633 902 57425 0 0 0 falling 
4 511 676 632 902 57426 0 0 1 standing 
4 503 677 632 903 57427 0 0 1 standing 
4 495 678 631 904 57428 0 0 1 standing 
4 487 678 631 904 57429 0 0 1 standing 
4 479 679 630 905 57430 0 0 1 standing 
4 472 680 630 906 57431 0 0 0 standing 
4 467 682 633 908 57432 0 0 1 standing 
4 463 685 636 910 57433 0 0 1 standing 
4 459 687 639 912 57434 0 0 1 standing 
4 455 690 642 915 57435 0 0 0 standing 
4 461 686 641 914 57436 0 0 1 standing 
4 467 683 641 913 57437 0 0 1 standing 
4 474 680 641 912 57438 0 0 1 standing 
4 480 677 640 911 57439 0 0 1 standing 
4 487 674 640 910 57440 0 0 1 standing 
4 493 670 640 909 57441 0 0 1 standing 
4 499 667 639 908 57442 0 0 1 standing 
4 506 664 639 907 57443 0 0 1 standing 
4 512 661 639 906 57444 0 0 1 standing 
5 287 500 410 686 57425 0 0 0 standing 
5 286 498 409 685 57426 0 0 1 waiting 
5 286 497 408 685 57427 0 0 1 waiting 
5 285 495 407 685 57428 0 0 1 waiting 
5 285 494 407 685 57429 0 0 1 waiting 
5 284 493 406 685 57430 0 0 1 waiting 
5 284 491 405 684 57431 0 0 1 waiting 
5 283 490 405 684 57432 0 0 1 waiting 
5 283 488 404 684 57433 0 0 1 waiting 
5 282 487 403 684 57434 0 0 1 waiting 
5 282 486 403 684 57435 0 0 0 waiting 
5 281 485 402 684 57436 0 0 1 waiting 
5 281 484 402 684 57437 0 0 1 waiting 
5 281 483 402 684 57438 0 0 1 waiting 
5 281 482 401 684 57439 0 0 1 waiting 
5 281 481 401 684 57440 0 0 1 waiting 
5 281 480 401 684 57441 0 0 1 waiting 
5 281 479 400 684 57442 0 0 1 waiting 
5 281 478 400 684 57443 0 0 1 waiting 
5 281 477 400 684 57444 0 0 1 waiting 
6 1343 550 1397 764 57425 0 0 0 waiting 
6 1337 550 1394 763 57426 0 0 1 standing 
6 1332 550 1392 763 57427 0 0 1 standing 
6 1327 550 1390 762 57428 0 0 1 standing 
6 1322 550 1388 762 57429 0 0 1 standing 
6 1317 550 1386 762 57430 0 0 1 standing 
6 1311 550 1384 761 57431 0 0 1 standing 
6 1306 550 1382 761 57432 0 0 1 standing 
6 1301 550 1380 760 57433 0 0 1 standing 
6 1296 550 1378 760 57434 0 0 1 standing 
6 1291 551 1376 760 57435 0 0 0 standing 
6 1291 550 1376 759 57436 0 0 1 standing 
6 1292 550 1377 759 57437 0 0 1 standing 
6 1292 550 1378 758 57438 0 0 1 standing 
6 1293 549 1378 758 57439 0 0 1 standing 
6 1293 549 1379 758 57440 0 0 1 standing 
6 1294 549 1380 757 57441 0 0 1 standing 
6 1294 548 1380 757 57442 0 0 1 standing 
6 1295 548 1381 756 57443 0 0 1 standing 
6 1295 548 1382 756 57444 0 0 1 standing 
7 1294 398 1427 600 57425 0 0 0 standing 
7 1294 392 1423 602 57426 0 0 1 standing 
7 1295 387 1419 604 57427 0 0 1 standing 
7 1295 382 1415 606 57428 0 0 1 standing 
7 1296 376 1411 608 57429 0 0 1 standing 
7 1296 371 1407 610 57430 0 0 1 standing 
7 1297 366 1404 612 57431 0 0 0 standing 
7 1298 367 1400 612 57432 0 0 1 standing 
7 1299 368 1397 613 57433 0 0 1 standing 
7 1300 369 1393 614 57434 0 0 1 standing 
7 1301 370 1390 615 57435 0 0 0 standing 
7 1299 372 1389 615 57436 0 0 1 standing 
7 1298 375 1388 615 57437 0 0 1 standing 
7 1296 377 1387 615 57438 0 0 1 standing 
7 1295 380 1386 615 57439 0 0 1 standing 
7 1293 382 1385 615 57440 0 0 1 standing 
7 1292 385 1384 615 57441 0 0 1 standing 
7 1290 387 1383 615 57442 0 0 1 standing 
7 1289 390 1382 615 57443 0 0 1 standing 
7 1287 392 1381 615 57444 0 0 1 standing 
8 1560 484 1633 678 57425 0 0 0 standing 
8 1558 483 1633 678 57426 0 0 1 standing 
8 1557 482 1634 678 57427 0 0 1 standing 
8 1555 481 1634 678 57428 0 0 1 standing 
8 1554 480 1635 678 57429 0 0 1 standing 
8 1553 479 1635 678 57430 0 0 1 standing 
8 1551 478 1636 678 57431 0 0 1 standing 
8 1550 477 1636 678 57432 0 0 1 standing 
8 1548 476 1637 678 57433 0 0 1 standing 
8 1547 475 1637 678 57434 0 0 1 standing 
8 1546 475 1638 678 57435 0 0 0 standing 
8 1548 467 1637 677 57436 0 0 1 standing 
8 1550 459 1637 677 57437 0 0 1 standing 
8 1552 451 1637 677 57438 0 0 1 standing 
8 1555 443 1637 676 57439 0 0 1 standing 
8 1557 436 1637 676 57440 0 0 1 standing 
8 1559 428 1637 676 57441 0 0 1 standing 
8 1562 420 1637 675 57442 0 0 1 standing 
8 1564 412 1637 675 57443 0 0 1 standing 
8 1566 404 1637 675 57444 0 0 1 standing 
9 967 519 1047 715 57425 0 0 0 standing 
9 969 518 1053 716 57426 0 0 1 standing 
9 972 518 1060 718 57427 0 0 1 standing 
9 975 518 1066 719 57428 0 0 1 standing 
9 978 518 1073 721 57429 0 0 1 standing 
9 981 518 1079 722 57430 0 0 1 standing 
9 984 517 1086 724 57431 0 0 1 standing 
9 987 517 1092 725 57432 0 0 1 standing 
9 990 517 1099 727 57433 0 0 1 standing 
9 993 517 1105 728 57434 0 0 1 standing 
9 996 517 1112 730 57435 0 0 0 standing 
9 998 516 1110 730 57436 0 0 1 standing 
9 1001 515 1108 730 57437 0 0 1 standing 
9 1004 514 1107 730 57438 0 0 1 standing 
9 1007 514 1105 730 57439 0 0 1 standing 
9 1010 513 1104 730 57440 0 0 1 standing 
9 1012 512 1102 730 57441 0 0 1 standing 
9 1015 512 1100 730 57442 0 0 1 standing 
9 1018 511 1099 730 57443 0 0 1 standing 
9 1021 510 1097 730 57444 0 0 1 standing 
10 979 461 1065 677 57425 0 0 0 standing 
10 977 460 1064 676 57426 0 0 1 standing 
10 976 460 1063 676 57427 0 0 1 standing 
10 974 459 1062 675 57428 0 0 1 standing 
10 973 459 1062 675 57429 0 0 1 standing 
10 972 459 1061 674 57430 0 0 1 standing 
10 970 458 1060 674 57431 0 0 1 standing 
10 969 458 1060 673 57432 0 0 1 standing 
10 967 457 1059 673 57433 0 0 1 standing 
10 966 457 1058 672 57434 0 0 1 standing 
10 965 457 1058 672 57435 0 0 0 standing 
10 964 456 1056 671 57436 0 0 1 standing 
10 964 455 1054 671 57437 0 0 1 standing 
10 963 455 1052 671 57438 0 0 1 standing 
10 963 454 1050 671 57439 0 0 1 standing 
10 963 454 1049 671 57440 0 0 1 standing 
10 962 453 1047 671 57441 0 0 1 standing 
10 962 452 1045 671 57442 0 0 1 standing 
10 961 452 1043 671 57443 0 0 1 standing 
10 961 451 1041 671 57444 0 0 1 standing 
11 960 386 1021 601 57425 0 0 0 standing 
11 957 384 1020 601 57426 0 0 1 standing 
11 955 383 1020 601 57427 0 0 1 standing 
11 953 382 1020 601 57428 0 0 1 standing 
11 951 381 1020 602 57429 0 0 1 standing 
11 949 380 1020 602 57430 0 0 1 standing 
11 947 379 1019 602 57431 0 0 1 standing 
11 945 378 1019 603 57432 0 0 1 standing 
11 943 377 1019 603 57433 0 0 1 standing 
11 941 376 1019 603 57434 0 0 1 standing 
11 939 375 1019 604 57435 0 0 0 standing 
11 940 373 1019 603 57436 0 0 1 standing 
11 941 371 1019 603 57437 0 0 1 standing 
11 942 369 1019 603 57438 0 0 1 standing 
11 943 367 1019 603 57439 0 0 1 standing 
11 945 365 1019 603 57440 0 0 1 standing 
11 946 363 1019 603 57441 0 0 1 standing 
11 947 361 1019 603 57442 0 0 1 standing 
11 948 359 1019 603 57443 0 0 1 standing 
11 949 357 1019 603 57444 0 0 1 standing 
