0 370 469 421 591 89980 0 1 0 digging 
0 372 471 424 591 89981 0 1 1 digging 
0 375 474 428 591 89982 0 1 1 digging 
0 378 477 432 592 89983 0 1 1 digging 
0 380 479 435 592 89984 0 1 1 digging 
0 383 482 439 592 89985 0 1 1 digging 
0 386 485 443 593 89986 0 1 0 digging 
0 387 488 445 593 89987 0 1 1 digging 
0 389 491 448 594 89988 0 1 1 digging 
0 391 494 450 594 89989 0 1 1 digging 
0 393 497 453 595 89990 0 1 0 digging 
0 394 500 458 595 89991 0 1 1 digging 
0 396 503 464 595 89992 0 1 1 digging 
0 397 507 469 595 89993 0 1 1 digging 
0 399 510 475 595 89994 0 1 1 digging 
0 401 513 481 595 89995 0 1 1 digging 
0 402 517 486 595 89996 0 1 1 digging 
0 404 520 492 595 89997 0 1 1 digging 
0 406 524 498 595 89998 0 1 0 digging 
0 416 525 503 595 89999 0 1 1 digging 
1 386 420 430 526 89980 0 0 0 digging 
1 385 421 429 527 89981 0 0 1 standing 
1 385 423 429 529 89982 0 0 1 standing 
1 384 424 428 530 89983 0 0 1 standing 
1 384 426 428 532 89984 0 0 1 standing 
1 384 427 428 533 89985 0 0 1 standing 
1 383 429 427 535 89986 0 0 1 standing 
1 383 430 427 536 89987 0 0 1 standing 
1 382 432 426 538 89988 0 0 1 standing 
1 382 433 426 539 89989 0 0 1 standing 
1 382 435 426 541 89990 0 0 0 standing 
1 380 436 424 541 89991 0 0 1 standing 
1 378 437 422 541 89992 0 0 1 standing 
1 376 438 420 541 89993 0 0 1 standing 
1 374 439 418 541 89994 0 0 1 standing 
1 372 441 416 542 89995 0 0 1 standing 
1 370 442 414 542 89996 0 0 1 standing 
1 368 443 412 542 89997 0 0 1 standing 
1 366 444 410 542 89998 0 0 1 standing 
1 364 445 408 542 89999 0 0 1 standing 
2 500 360 531 463 89980 0 0 0 standing 
2 500 360 531 464 89981 0 0 1 standing 
2 501 360 532 465 89982 0 0 1 standing 
2 502 361 533 466 89983 0 0 1 standing 
2 502 361 534 467 89984 0 0 1 standing 
2 503 362 535 468 89985 0 0 1 standing 
2 504 362 536 469 89986 0 0 1 standing 
2 505 363 537 471 89987 0 0 0 standing 
2 506 366 537 473 89988 0 0 1 standing 
2 507 370 538 475 89989 0 0 1 standing 
2 508 374 539 477 89990 0 0 0 standing 
2 504 374 537 476 89991 0 0 1 standing 
2 501 374 535 476 89992 0 0 1 standing 
2 497 374 533 476 89993 0 0 1 standing 
2 494 374 532 476 89994 0 0 0 standing 
2 492 372 529 477 89995 0 0 1 standing 
2 491 370 526 478 89996 0 0 1 standing 
2 490 368 524 480 89997 0 0 1 standing 
2 488 366 521 481 89998 0 0 1 standing 
2 487 364 518 482 89999 0 0 1 standing 
3 605 445 645 584 89980 0 0 0 standing 
3 605 445 645 585 89981 0 0 1 standing 
3 605 446 645 586 89982 0 0 1 standing 
3 605 447 645 587 89983 0 0 1 standing 
3 605 448 645 588 89984 0 0 1 standing 
3 606 449 646 589 89985 0 0 0 standing 
3 607 449 647 589 89986 0 0 1 standing 
3 609 449 649 590 89987 0 0 1 standing 
3 611 450 651 590 89988 0 0 1 standing 
3 613 450 653 591 89989 0 0 1 standing 
3 615 451 655 592 89990 0 0 0 standing 
3 618 455 658 596 89991 0 0 1 standing 
3 621 459 661 600 89992 0 0 1 standing 
3 625 463 665 604 89993 0 0 0 standing 
3 627 462 667 603 89994 0 0 1 standing 
3 630 461 670 602 89995 0 0 1 standing 
3 633 460 673 601 89996 0 0 1 standing 
3 635 459 675 600 89997 0 0 1 standing 
3 638 458 678 599 89998 0 0 1 standing 
3 641 457 681 598 89999 0 0 1 standing 
4 699 392 742 482 89980 0 0 0 standing 
4 699 392 742 481 89981 0 0 1 standing 
4 700 392 743 481 89982 0 0 1 standing 
4 701 392 743 480 89983 0 0 1 standing 
4 702 392 744 480 89984 0 0 1 standing 
4 702 392 745 479 89985 0 0 1 standing 
4 703 392 745 479 89986 0 0 1 standing 
4 704 392 746 478 89987 0 0 1 standing 
4 705 393 747 478 89988 0 0 0 standing 
4 703 392 745 478 89989 0 0 1 standing 
4 701 391 743 479 89990 0 0 1 standing 
4 699 390 741 480 89991 0 0 1 standing 
4 697 389 739 481 89992 0 0 1 standing 
4 695 388 737 482 89993 0 0 1 standing 
4 694 388 736 483 89994 0 0 1 standing 
4 692 387 734 483 89995 0 0 1 standing 
4 690 386 732 484 89996 0 0 1 standing 
4 688 385 730 485 89997 0 0 1 standing 
4 686 384 728 486 89998 0 0 1 standing 
4 684 383 726 487 89999 0 0 1 standing 
5 900 414 948 484 89980 0 0 0 standing 
5 898 410 945 485 89981 0 0 1 standing 
5 896 406 943 487 89982 0 0 1 standing 
5 894 402 940 489 89983 0 0 1 standing 
5 893 398 938 491 89984 0 0 0 standing 
5 892 397 936 491 89985 0 0 1 standing 
5 891 396 935 491 89986 0 0 1 standing 
5 891 395 934 492 89987 0 0 0 standing 
5 888 396 931 495 89988 0 0 1 standing 
5 886 398 928 498 89989 0 0 1 standing 
5 884 400 925 501 89990 0 0 0 standing 
5 883 400 924 501 89991 0 0 1 standing 
5 882 400 923 502 89992 0 0 1 standing 
5 881 400 922 503 89993 0 0 1 standing 
5 881 401 921 504 89994 0 0 0 standing 
5 881 401 921 504 89995 0 0 1 standing 
5 882 401 921 505 89996 0 0 1 standing 
5 882 402 922 506 89997 0 0 1 standing 
5 883 402 922 506 89998 0 0 1 standing 
5 883 402 922 507 89999 0 0 1 standing 
6 993 423 1041 531 89980 0 0 0 standing 
6 991 422 1038 531 89981 0 0 1 standing 
6 989 421 1036 531 89982 0 0 1 standing 
6 988 421 1033 531 89983 0 0 1 standing 
6 986 420 1031 531 89984 0 0 1 standing 
6 985 420 1029 532 89985 0 0 0 standing 
6 985 420 1028 532 89986 0 0 1 standing 
6 985 420 1027 533 89987 0 0 1 standing 
6 985 420 1026 534 89988 0 0 1 standing 
6 985 420 1025 535 89989 0 0 1 standing 
6 985 420 1025 536 89990 0 0 0 standing 
6 984 419 1024 535 89991 0 0 1 standing 
6 984 418 1024 534 89992 0 0 1 standing 
6 984 417 1024 533 89993 0 0 0 standing 
6 983 418 1023 534 89994 0 0 1 standing 
6 983 419 1023 535 89995 0 0 1 standing 
6 982 420 1022 536 89996 0 0 1 standing 
6 982 422 1022 538 89997 0 0 0 standing 
6 983 423 1023 539 89998 0 0 1 standing 
6 984 424 1024 540 89999 0 0 1 standing 
7 304 404 348 520 89980 0 0 0 standing 
7 299 404 343 520 89981 0 0 1 standing 
7 294 405 338 521 89982 0 0 1 standing 
7 289 406 333 522 89983 0 0 1 standing 
7 284 407 328 523 89984 0 0 1 standing 
7 280 408 324 524 89985 0 0 0 standing 
7 275 408 319 524 89986 0 0 1 standing 
7 271 409 315 525 89987 0 0 1 standing 
7 267 410 311 526 89988 0 0 1 standing 
7 263 411 307 527 89989 0 0 1 standing 
7 259 412 303 528 89990 0 0 0 standing 
7 255 415 299 530 89991 0 0 1 standing 
7 252 419 296 533 89992 0 0 1 standing 
7 249 422 293 536 89993 0 0 1 standing 
7 246 426 290 539 89994 0 0 1 standing 
7 243 430 287 542 89995 0 0 0 standing 
7 241 431 285 543 89996 0 0 1 standing 
7 239 433 283 544 89997 0 0 1 standing 
7 238 435 281 545 89998 0 0 1 standing 
7 236 437 279 546 89999 0 0 1 standing 
8 462 423 500 537 89980 0 0 0 standing 
8 461 424 500 537 89981 0 0 1 standing 
8 460 426 501 537 89982 0 0 1 standing 
8 460 428 501 537 89983 0 0 1 standing 
8 459 430 502 537 89984 0 0 1 standing 
8 459 432 503 538 89985 0 0 0 standing 
8 459 433 504 537 89986 0 0 1 standing 
8 460 434 506 537 89987 0 0 1 standing 
8 460 435 508 536 89988 0 0 1 standing 
8 461 436 510 536 89989 0 0 1 standing 
8 462 438 512 536 89990 0 0 0 standing 
8 463 438 513 536 89991 0 0 1 standing 
8 464 439 514 537 89992 0 0 1 standing 
8 465 440 515 538 89993 0 0 1 standing 
8 466 440 516 538 89994 0 0 1 standing 
8 468 441 518 539 89995 0 0 1 standing 
8 469 442 519 540 89996 0 0 1 standing 
8 470 442 520 540 89997 0 0 1 standing 
8 471 443 521 541 89998 0 0 1 standing 
8 472 444 522 542 89999 0 0 1 standing 
9 531 494 585 630 89980 0 0 0 standing 
9 530 496 582 631 89981 0 0 1 standing 
9 529 498 579 633 89982 0 0 1 standing 
9 528 500 576 635 89983 0 0 1 standing 
9 527 502 574 637 89984 0 0 0 standing 
9 523 502 575 637 89985 0 0 1 standing 
9 519 503 577 638 89986 0 0 1 standing 
9 515 503 578 638 89987 0 0 1 standing 
9 511 504 580 639 89988 0 0 1 standing 
9 507 504 581 639 89989 0 0 1 standing 
9 503 505 583 640 89990 0 0 0 standing 
9 499 503 572 641 89991 0 0 1 standing 
9 496 502 562 642 89992 0 0 1 standing 
9 492 501 552 643 89993 0 0 1 standing 
9 489 500 542 645 89994 0 0 0 standing 
9 484 500 546 644 89995 0 0 1 standing 
9 480 501 551 644 89996 0 0 1 standing 
9 475 502 556 643 89997 0 0 1 standing 
9 471 503 561 643 89998 0 0 1 standing 
9 466 504 566 642 89999 0 0 1 standing 
10 1040 486 1086 611 89980 0 0 0 standing 
10 1039 483 1085 610 89981 0 0 1 standing 
10 1038 481 1084 609 89982 0 0 1 standing 
10 1037 479 1083 608 89983 0 0 1 standing 
10 1037 477 1082 608 89984 0 0 1 standing 
10 1036 475 1081 607 89985 0 0 1 standing 
10 1035 473 1080 606 89986 0 0 1 standing 
10 1034 471 1079 605 89987 0 0 1 standing 
10 1034 469 1078 605 89988 0 0 0 standing 
10 1032 468 1076 604 89989 0 0 1 standing 
10 1031 468 1075 603 89990 0 0 1 standing 
10 1029 467 1073 603 89991 0 0 1 standing 
10 1028 467 1072 602 89992 0 0 1 standing 
10 1026 466 1070 601 89993 0 0 1 standing 
10 1025 466 1069 601 89994 0 0 1 standing 
10 1023 465 1067 600 89995 0 0 1 standing 
10 1022 465 1066 599 89996 0 0 1 standing 
10 1020 464 1064 599 89997 0 0 1 standing 
10 1019 464 1063 598 89998 0 0 1 standing 
10 1017 463 1061 597 89999 0 0 1 standing 
11 602 472 638 617 89980 0 0 0 standing 
11 602 472 638 617 89981 0 0 1 standing 
11 602 473 638 618 89982 0 0 1 standing 
11 602 474 638 619 89983 0 0 1 standing 
11 602 475 638 620 89984 0 0 0 standing 
11 603 475 639 620 89985 0 0 1 standing 
11 604 476 640 621 89986 0 0 1 standing 
11 605 477 641 622 89987 0 0 1 standing 
11 606 477 642 622 89988 0 0 1 standing 
11 607 478 643 623 89989 0 0 1 standing 
11 609 479 645 624 89990 0 0 0 standing 
11 611 480 648 625 89991 0 0 1 standing 
11 613 481 652 626 89992 0 0 1 standing 
11 616 483 656 627 89993 0 0 0 standing 
11 618 482 658 626 89994 0 0 1 standing 
11 620 482 661 626 89995 0 0 1 standing 
11 623 481 663 625 89996 0 0 1 standing 
11 625 481 666 625 89997 0 0 1 standing 
11 628 481 669 625 89998 0 0 0 standing 
11 633 481 674 625 89999 0 0 1 standing 
