0 279 391 319 490 40360 0 0 0 standing 
0 279 391 319 489 40361 0 0 1 standing 
0 279 391 320 489 40362 0 0 1 standing 
0 279 391 321 489 40363 0 0 1 standing 
0 279 391 321 489 40364 0 0 1 standing 
0 279 391 322 489 40365 0 0 1 standing 
0 279 391 323 489 40366 0 0 1 standing 
0 279 391 323 489 40367 0 0 1 standing 
0 279 391 324 489 40368 0 0 1 standing 
0 279 391 325 489 40369 0 0 1 standing 
0 279 391 326 489 40370 0 0 0 standing 
0 281 392 328 489 40371 0 0 1 standing 
0 284 393 331 489 40372 0 0 1 standing 
0 286 394 333 489 40373 0 0 1 standing 
0 289 395 336 489 40374 0 0 1 standing 
0 292 396 338 489 40375 0 0 1 standing 
0 294 397 341 489 40376 0 0 1 standing 
0 297 398 343 489 40377 0 0 1 standing 
0 299 399 346 489 40378 0 0 1 standing 
0 302 400 348 489 40379 0 0 1 standing 
1 430 448 497 572 40360 0 0 0 standing 
1 433 447 497 571 40361 0 0 1 moving 
1 436 446 498 571 40362 0 0 1 moving 
1 439 445 499 571 40363 0 0 1 moving 
1 442 444 499 571 40364 0 0 1 moving 
1 445 444 500 571 40365 0 0 1 moving 
1 448 443 501 570 40366 0 0 1 moving 
1 451 442 501 570 40367 0 0 1 moving 
1 454 441 502 570 40368 0 0 1 moving 
1 457 440 503 570 40369 0 0 1 moving 
1 461 440 504 570 40370 0 0 0 moving 
1 464 438 507 568 40371 0 0 1 moving 
1 468 436 511 566 40372 0 0 1 moving 
1 472 434 515 564 40373 0 0 1 moving 
1 476 432 519 562 40374 0 0 1 moving 
1 480 431 523 561 40375 0 0 1 moving 
1 484 429 527 559 40376 0 0 1 moving 
1 488 427 531 557 40377 0 0 1 moving 
1 492 425 535 555 40378 0 0 1 moving 
1 496 423 539 553 40379 0 0 1 moving 
2 479 360 546 460 40360 0 0 0 moving 
2 481 360 546 459 40361 0 0 1 moving 
2 483 360 547 459 40362 0 0 1 moving 
2 485 360 548 459 40363 0 0 1 moving 
2 487 361 549 459 40364 0 0 1 moving 
2 490 361 550 459 40365 0 0 1 moving 
2 492 361 551 459 40366 0 0 1 moving 
2 494 362 552 458 40367 0 0 1 moving 
2 496 362 553 458 40368 0 0 1 moving 
2 498 362 554 458 40369 0 0 1 moving 
2 501 363 555 458 40370 0 0 1 moving 
2 503 363 556 458 40371 0 0 1 moving 
2 505 363 557 458 40372 0 0 1 moving 
2 507 363 558 458 40373 0 0 1 moving 
2 509 364 559 457 40374 0 0 1 moving 
2 512 364 560 457 40375 0 0 1 moving 
2 514 364 561 457 40376 0 0 1 moving 
2 516 365 562 457 40377 0 0 1 moving 
2 518 365 563 457 40378 0 0 1 moving 
2 520 365 564 457 40379 0 0 1 moving 
3 391 345 434 435 40360 0 0 0 moving 
3 390 346 433 436 40361 0 0 1 moving 
3 389 347 432 437 40362 0 0 1 moving 
3 388 348 431 438 40363 0 0 1 moving 
3 387 349 430 439 40364 0 0 1 moving 
3 386 350 429 441 40365 0 0 1 moving 
3 385 351 428 442 40366 0 0 1 moving 
3 384 352 427 443 40367 0 0 1 moving 
3 383 353 426 444 40368 0 0 1 moving 
3 382 354 425 445 40369 0 0 1 moving 
3 382 356 425 447 40370 0 0 0 moving 
3 383 357 426 448 40371 0 0 1 moving 
3 385 358 428 449 40372 0 0 1 moving 
3 387 359 430 450 40373 0 0 1 moving 
3 389 360 432 451 40374 0 0 1 moving 
3 391 361 434 452 40375 0 0 1 moving 
3 393 362 436 453 40376 0 0 1 moving 
3 395 363 438 454 40377 0 0 1 moving 
3 397 364 440 455 40378 0 0 1 moving 
3 399 365 442 456 40379 0 0 1 moving 
4 558 374 601 508 40360 0 0 0 moving 
4 559 380 602 513 40361 0 0 1 standing 
4 560 386 603 518 40362 0 0 1 standing 
4 561 392 604 523 40363 0 0 1 standing 
4 562 398 605 528 40364 0 0 0 standing 
4 562 400 605 528 40365 0 0 1 standing 
4 563 403 606 529 40366 0 0 1 standing 
4 564 405 607 530 40367 0 0 1 standing 
4 565 408 608 531 40368 0 0 1 standing 
4 566 410 609 532 40369 0 0 1 standing 
4 567 413 610 533 40370 0 0 0 standing 
4 571 414 616 533 40371 0 0 1 standing 
4 575 415 623 533 40372 0 0 1 standing 
4 579 416 630 533 40373 0 0 1 standing 
4 583 417 637 533 40374 0 0 1 standing 
4 587 418 644 533 40375 0 0 1 standing 
4 592 420 651 534 40376 0 0 0 standing 
4 596 421 655 534 40377 0 0 1 standing 
4 601 423 659 534 40378 0 0 1 standing 
4 605 424 663 534 40379 0 0 1 standing 
5 797 353 860 442 40360 0 0 0 standing 
5 796 354 859 441 40361 0 0 1 standing 
5 796 355 858 441 40362 0 0 1 standing 
5 796 356 858 441 40363 0 0 1 standing 
5 795 357 857 441 40364 0 0 1 standing 
5 795 359 857 441 40365 0 0 1 standing 
5 795 360 856 441 40366 0 0 1 standing 
5 794 361 855 441 40367 0 0 1 standing 
5 794 362 855 441 40368 0 0 1 standing 
5 794 363 854 441 40369 0 0 1 standing 
5 794 365 854 441 40370 0 0 0 standing 
5 795 365 854 441 40371 0 0 1 standing 
5 796 366 855 442 40372 0 0 1 standing 
5 797 367 856 443 40373 0 0 1 standing 
5 798 368 857 443 40374 0 0 1 standing 
5 799 369 858 444 40375 0 0 1 standing 
5 800 369 859 445 40376 0 0 1 standing 
5 801 370 860 445 40377 0 0 1 standing 
5 802 371 861 446 40378 0 0 1 standing 
5 803 372 862 447 40379 0 0 1 standing 
6 920 428 971 495 40360 0 0 0 standing 
6 920 427 971 495 40361 0 0 1 waiting 
6 920 427 971 495 40362 0 0 1 waiting 
6 920 426 971 496 40363 0 0 1 waiting 
6 920 426 971 496 40364 0 0 1 waiting 
6 920 426 971 497 40365 0 0 1 waiting 
6 920 425 971 497 40366 0 0 1 waiting 
6 920 425 971 497 40367 0 0 1 waiting 
6 920 424 971 498 40368 0 0 1 waiting 
6 920 424 971 498 40369 0 0 1 waiting 
6 920 424 971 499 40370 0 0 0 waiting 
6 921 423 973 500 40371 0 0 1 waiting 
6 923 423 976 501 40372 0 0 1 waiting 
6 925 423 978 502 40373 0 0 1 waiting 
6 927 422 981 503 40374 0 0 1 waiting 
6 929 422 983 504 40375 0 0 1 waiting 
6 931 422 986 505 40376 0 0 0 waiting 
6 933 424 989 507 40377 0 0 1 waiting 
6 935 426 992 509 40378 0 0 1 waiting 
6 937 428 995 511 40379 0 0 1 waiting 
7 854 456 944 560 40360 0 0 0 waiting 
7 850 454 937 558 40361 0 0 1 moving 
7 847 453 931 557 40362 0 0 1 moving 
7 844 452 924 556 40363 0 0 1 moving 
7 841 451 918 555 40364 0 0 1 moving 
7 838 450 911 554 40365 0 0 1 moving 
7 835 449 905 552 40366 0 0 1 moving 
7 832 448 898 551 40367 0 0 1 moving 
7 829 447 892 550 40368 0 0 1 moving 
7 826 446 885 549 40369 0 0 1 moving 
7 823 445 879 548 40370 0 0 0 moving 
7 823 444 879 547 40371 0 0 1 moving 
7 823 443 879 547 40372 0 0 1 moving 
7 823 443 879 547 40373 0 0 1 moving 
7 824 442 879 547 40374 0 0 1 moving 
7 824 442 880 547 40375 0 0 1 moving 
7 824 441 880 546 40376 0 0 1 moving 
7 825 440 880 546 40377 0 0 1 moving 
7 825 440 880 546 40378 0 0 1 moving 
7 825 439 880 546 40379 0 0 1 moving 
8 421 418 476 529 40360 0 0 0 moving 
8 420 416 475 527 40361 0 0 1 moving 
8 420 415 475 526 40362 0 0 1 moving 
8 420 414 475 525 40363 0 0 1 moving 
8 420 413 475 524 40364 0 0 1 moving 
8 420 412 475 523 40365 0 0 1 moving 
8 419 411 474 522 40366 0 0 1 moving 
8 419 410 474 521 40367 0 0 1 moving 
8 419 409 474 520 40368 0 0 1 moving 
8 419 408 474 519 40369 0 0 1 moving 
8 419 407 474 518 40370 0 0 0 moving 
8 417 406 471 517 40371 0 0 1 moving 
8 416 405 469 516 40372 0 0 1 moving 
8 414 405 466 515 40373 0 0 1 moving 
8 413 404 464 515 40374 0 0 1 moving 
8 412 404 461 514 40375 0 0 1 moving 
8 410 403 459 513 40376 0 0 1 moving 
8 409 402 456 513 40377 0 0 1 moving 
8 407 402 454 512 40378 0 0 1 moving 
8 406 401 451 511 40379 0 0 1 moving 
9 452 312 495 416 40360 0 0 0 moving 
9 453 312 496 416 40361 0 0 1 standing 
9 455 312 498 417 40362 0 0 1 standing 
9 456 313 499 417 40363 0 0 1 standing 
9 458 313 501 418 40364 0 0 1 standing 
9 459 314 502 419 40365 0 0 1 standing 
9 461 314 504 419 40366 0 0 1 standing 
9 462 314 505 420 40367 0 0 1 standing 
9 464 315 507 420 40368 0 0 1 standing 
9 465 315 508 421 40369 0 0 1 standing 
9 467 316 510 422 40370 0 0 0 standing 
9 470 316 513 422 40371 0 0 1 standing 
9 474 317 517 422 40372 0 0 1 standing 
9 478 318 521 422 40373 0 0 1 standing 
9 482 318 525 422 40374 0 0 1 standing 
9 486 319 529 422 40375 0 0 1 standing 
9 490 320 533 422 40376 0 0 1 standing 
9 494 320 537 422 40377 0 0 1 standing 
9 498 321 541 422 40378 0 0 1 standing 
9 502 322 545 422 40379 0 0 1 standing 
10 634 368 685 452 40360 0 1 0 standing 
10 638 372 689 454 40361 0 1 1 falling 
10 642 377 694 457 40362 0 1 1 falling 
10 646 381 699 460 40363 0 1 1 falling 
10 651 386 703 462 40364 0 1 1 falling 
10 655 391 708 465 40365 0 1 1 falling 
10 659 395 713 468 40366 0 1 1 falling 
10 663 400 718 471 40367 0 1 1 falling 
10 668 405 722 473 40368 0 1 1 falling 
10 672 409 727 476 40369 0 1 1 falling 
10 676 414 732 479 40370 0 1 1 falling 
10 681 419 737 482 40371 0 1 0 falling 
10 685 421 745 487 40372 0 1 1 falling 
10 690 424 753 493 40373 0 1 1 falling 
10 695 426 762 499 40374 0 1 1 falling 
10 700 429 770 505 40375 0 1 1 falling 
10 705 431 778 511 40376 0 1 1 falling 
10 710 434 787 517 40377 0 1 0 falling 
10 713 433 791 518 40378 0 1 1 falling 
10 717 433 796 520 40379 0 1 1 falling 
11 563 361 613 498 40360 0 0 0 falling 
11 562 364 612 499 40361 0 0 1 standing 
11 562 368 612 500 40362 0 0 1 standing 
11 562 372 612 501 40363 0 0 1 standing 
11 562 376 612 502 40364 0 0 1 standing 
11 562 380 612 504 40365 0 0 1 standing 
11 561 384 612 505 40366 0 0 1 standing 
11 561 388 612 506 40367 0 0 1 standing 
11 561 392 612 507 40368 0 0 1 standing 
11 561 396 612 508 40369 0 0 1 standing 
11 561 400 612 510 40370 0 0 0 standing 
11 564 399 615 510 40371 0 0 1 standing 
11 568 399 619 511 40372 0 0 1 standing 
11 572 399 623 512 40373 0 0 1 standing 
11 575 399 627 513 40374 0 0 1 standing 
11 579 399 631 514 40375 0 0 1 standing 
11 583 399 635 515 40376 0 0 1 standing 
11 586 399 639 516 40377 0 0 1 standing 
11 590 399 643 517 40378 0 0 1 standing 
11 594 399 647 518 40379 0 0 1 standing 
