0 740 388 797 501 48135 0 1 0 setting 
0 749 381 806 498 48136 0 1 1 setting 
0 758 375 815 496 48137 0 1 1 setting 
0 767 369 824 494 48138 0 1 1 setting 
0 776 363 833 491 48139 0 1 1 setting 
0 786 357 842 489 48140 0 1 1 setting 
0 795 351 851 487 48141 0 1 1 setting 
0 804 345 860 484 48142 0 1 1 setting 
0 813 339 869 482 48143 0 1 1 setting 
0 822 333 878 480 48144 0 1 1 setting 
0 832 327 888 478 48145 0 1 0 setting 
0 844 334 900 482 48146 0 1 1 setting 
0 856 342 912 486 48147 0 1 1 setting 
0 868 350 924 490 48148 0 1 1 setting 
0 881 358 936 494 48149 0 1 1 setting 
0 893 366 949 498 48150 0 1 1 setting 
0 905 374 961 502 48151 0 1 1 setting 
0 918 382 973 506 48152 0 1 1 setting 
0 930 390 985 510 48153 0 1 1 setting 
0 942 398 997 514 48154 0 1 1 setting 
1 856 321 919 420 48135 0 1 0 setting 
1 855 321 920 420 48136 0 1 1 moving 
1 855 321 922 420 48137 0 1 1 moving 
1 855 321 924 420 48138 0 1 1 moving 
1 855 322 926 421 48139 0 1 1 moving 
1 855 322 928 421 48140 0 1 1 moving 
1 854 322 929 421 48141 0 1 1 moving 
1 854 323 931 422 48142 0 1 1 moving 
1 854 323 933 422 48143 0 1 1 moving 
1 854 323 935 422 48144 0 1 1 moving 
1 854 324 937 423 48145 0 1 0 moving 
1 857 324 938 423 48146 0 1 1 moving 
1 860 324 939 423 48147 0 1 1 moving 
1 864 324 941 423 48148 0 1 1 moving 
1 867 324 942 423 48149 0 1 1 moving 
1 870 324 943 423 48150 0 1 1 moving 
1 874 324 945 423 48151 0 1 0 moving 
1 869 324 946 423 48152 0 1 1 moving 
1 864 324 947 423 48153 0 1 1 moving 
1 859 324 948 423 48154 0 1 1 moving 
2 795 408 879 524 48135 0 0 0 moving 
2 794 411 871 525 48136 0 0 1 standing 
2 794 414 864 527 48137 0 0 1 standing 
2 794 418 857 529 48138 0 0 0 standing 
2 792 417 855 531 48139 0 0 1 standing 
2 790 416 853 533 48140 0 0 1 standing 
2 788 416 851 535 48141 0 0 1 standing 
2 786 415 849 537 48142 0 0 1 standing 
2 784 414 847 539 48143 0 0 1 standing 
2 783 414 846 541 48144 0 0 0 standing 
2 784 412 844 539 48145 0 0 1 standing 
2 785 411 843 537 48146 0 0 1 standing 
2 786 410 842 536 48147 0 0 0 standing 
2 789 409 843 538 48148 0 0 1 standing 
2 792 408 844 540 48149 0 0 1 standing 
2 796 407 846 542 48150 0 0 0 standing 
2 797 410 849 545 48151 0 0 1 standing 
2 798 414 852 549 48152 0 0 1 standing 
2 800 417 855 552 48153 0 0 1 standing 
2 801 421 858 556 48154 0 0 1 standing 
3 918 440 976 559 48135 0 0 0 standing 
3 920 441 975 559 48136 0 0 1 standing 
3 922 443 974 559 48137 0 0 1 standing 
3 924 445 974 560 48138 0 0 0 standing 
3 925 446 975 564 48139 0 0 1 standing 
3 926 447 976 568 48140 0 0 1 standing 
3 928 449 978 572 48141 0 0 0 standing 
3 928 449 978 572 48142 0 0 1 standing 
3 928 449 979 572 48143 0 0 1 standing 
3 929 449 980 572 48144 0 0 0 standing 
3 929 449 980 572 48145 0 0 1 standing 
3 930 450 981 573 48146 0 0 1 standing 
3 930 451 981 574 48147 0 0 1 standing 
3 931 452 982 575 48148 0 0 1 standing 
3 931 453 982 576 48149 0 0 1 standing 
3 932 454 983 577 48150 0 0 0 standing 
3 931 457 989 578 48151 0 0 1 standing 
3 931 460 996 579 48152 0 0 1 standing 
3 930 463 1002 581 48153 0 0 1 standing 
3 930 466 1009 582 48154 0 0 1 standing 
4 939 382 1005 504 48135 0 0 0 standing 
4 945 384 1010 505 48136 0 0 1 moving 
4 951 386 1016 506 48137 0 0 1 moving 
4 958 388 1022 507 48138 0 0 0 moving 
4 964 392 1028 509 48139 0 0 1 moving 
4 970 396 1034 512 48140 0 0 1 moving 
4 977 400 1040 515 48141 0 0 0 moving 
4 977 400 1042 518 48142 0 0 1 moving 
4 977 401 1045 521 48143 0 0 1 moving 
4 977 402 1048 524 48144 0 0 0 moving 
4 979 402 1049 524 48145 0 0 1 moving 
4 981 402 1050 524 48146 0 0 1 moving 
4 984 402 1051 524 48147 0 0 0 moving 
4 986 403 1050 528 48148 0 0 1 moving 
4 989 404 1050 532 48149 0 0 1 moving 
4 992 405 1050 536 48150 0 0 0 moving 
4 992 408 1052 540 48151 0 0 1 moving 
4 993 412 1054 544 48152 0 0 1 moving 
4 994 416 1057 549 48153 0 0 1 moving 
4 995 420 1059 553 48154 0 0 1 moving 
5 967 505 1038 632 48135 0 0 0 moving 
5 970 506 1042 632 48136 0 0 1 moving 
5 973 508 1047 632 48137 0 0 1 moving 
5 977 510 1052 632 48138 0 0 0 moving 
5 977 512 1055 636 48139 0 0 1 moving 
5 977 514 1058 641 48140 0 0 1 moving 
5 978 516 1062 646 48141 0 0 0 moving 
5 974 516 1058 646 48142 0 0 1 moving 
5 970 516 1054 646 48143 0 0 1 moving 
5 966 516 1050 646 48144 0 0 0 moving 
5 963 519 1052 650 48145 0 0 1 moving 
5 960 523 1054 654 48146 0 0 1 moving 
5 957 527 1056 658 48147 0 0 0 moving 
5 958 528 1051 659 48148 0 0 1 moving 
5 959 529 1046 661 48149 0 0 1 moving 
5 960 531 1042 663 48150 0 0 0 moving 
5 956 529 1039 663 48151 0 0 1 moving 
5 952 527 1036 663 48152 0 0 1 moving 
5 948 525 1033 663 48153 0 0 1 moving 
5 944 523 1030 663 48154 0 0 1 moving 
6 142 452 185 571 48135 0 0 0 moving 
6 143 451 189 570 48136 0 0 1 standing 
6 145 450 193 569 48137 0 0 1 standing 
6 147 450 197 568 48138 0 0 0 standing 
6 148 450 200 568 48139 0 0 1 standing 
6 150 450 203 568 48140 0 0 1 standing 
6 152 450 206 568 48141 0 0 0 standing 
6 157 449 211 567 48142 0 0 1 standing 
6 162 448 216 566 48143 0 0 1 standing 
6 167 448 221 566 48144 0 0 0 standing 
6 172 448 226 566 48145 0 0 1 standing 
6 178 448 232 566 48146 0 0 1 standing 
6 184 448 238 566 48147 0 0 0 standing 
6 188 450 242 565 48148 0 0 1 standing 
6 193 452 246 564 48149 0 0 1 standing 
6 198 454 250 564 48150 0 0 0 standing 
6 204 454 256 563 48151 0 0 1 standing 
6 210 454 262 563 48152 0 0 1 standing 
6 217 454 268 562 48153 0 0 1 standing 
6 223 454 274 562 48154 0 0 1 standing 
7 208 381 258 504 48135 0 0 0 standing 
7 213 379 263 501 48136 0 0 1 standing 
7 218 377 268 498 48137 0 0 1 standing 
7 224 375 274 495 48138 0 0 0 standing 
7 230 373 278 492 48139 0 0 1 standing 
7 236 371 283 490 48140 0 0 1 standing 
7 242 370 288 488 48141 0 0 0 standing 
7 246 370 292 488 48142 0 0 1 standing 
7 251 370 297 488 48143 0 0 1 standing 
7 256 370 302 488 48144 0 0 0 standing 
7 262 370 308 488 48145 0 0 1 standing 
7 269 370 315 488 48146 0 0 1 standing 
7 276 370 322 488 48147 0 0 0 standing 
7 280 371 328 488 48148 0 0 1 standing 
7 284 372 335 488 48149 0 0 1 standing 
7 288 374 342 488 48150 0 0 0 standing 
7 294 374 348 486 48151 0 0 1 standing 
7 300 374 355 485 48152 0 0 1 standing 
7 306 375 362 484 48153 0 0 1 standing 
7 312 375 369 483 48154 0 0 1 standing 
8 243 471 290 610 48135 0 0 0 standing 
8 237 470 290 610 48136 0 0 1 standing 
8 231 469 291 610 48137 0 0 1 standing 
8 226 469 292 611 48138 0 0 0 standing 
8 223 469 296 607 48139 0 0 1 standing 
8 220 469 301 603 48140 0 0 1 standing 
8 218 469 306 600 48141 0 0 0 standing 
8 221 469 308 600 48142 0 0 1 standing 
8 225 469 310 600 48143 0 0 1 standing 
8 229 470 312 600 48144 0 0 0 standing 
8 234 469 309 601 48145 0 0 1 standing 
8 239 468 306 602 48146 0 0 1 standing 
8 245 467 304 603 48147 0 0 0 standing 
8 246 467 305 604 48148 0 0 1 standing 
8 248 467 306 605 48149 0 0 1 standing 
8 250 467 308 607 48150 0 0 0 standing 
8 252 468 314 608 48151 0 0 1 standing 
8 254 469 320 609 48152 0 0 1 standing 
8 256 471 326 610 48153 0 0 1 standing 
8 258 472 332 611 48154 0 0 1 standing 
9 489 461 534 608 48135 0 0 0 standing 
9 493 461 538 608 48136 0 0 1 standing 
9 498 461 542 608 48137 0 0 1 standing 
9 503 461 547 608 48138 0 0 0 standing 
9 508 460 552 607 48139 0 0 1 standing 
9 513 459 557 606 48140 0 0 1 standing 
9 518 459 562 606 48141 0 0 0 standing 
9 521 458 565 605 48142 0 0 1 standing 
9 524 457 568 604 48143 0 0 1 standing 
9 528 457 571 604 48144 0 0 0 standing 
9 530 457 578 603 48145 0 0 1 standing 
9 532 458 585 603 48146 0 0 1 standing 
9 535 459 593 603 48147 0 0 0 standing 
9 544 459 602 603 48148 0 0 1 standing 
9 553 459 611 603 48149 0 0 1 standing 
9 562 460 620 604 48150 0 0 0 standing 
9 565 463 626 605 48151 0 0 1 standing 
9 569 467 633 606 48152 0 0 1 standing 
9 572 471 640 607 48153 0 0 1 standing 
9 576 475 647 608 48154 0 0 1 standing 
10 511 407 554 542 48135 0 0 0 standing 
10 516 407 559 542 48136 0 0 1 standing 
10 521 408 564 543 48137 0 0 1 standing 
10 527 409 570 544 48138 0 0 0 standing 
10 532 408 575 543 48139 0 0 1 standing 
10 537 408 580 543 48140 0 0 1 standing 
10 542 408 585 543 48141 0 0 0 standing 
10 546 408 589 543 48142 0 0 1 standing 
10 550 408 593 543 48143 0 0 1 standing 
10 554 409 597 544 48144 0 0 0 standing 
10 559 410 602 545 48145 0 0 1 standing 
10 564 412 607 547 48146 0 0 1 standing 
10 569 414 612 549 48147 0 0 0 standing 
10 575 413 618 548 48148 0 0 1 standing 
10 581 413 624 548 48149 0 0 1 standing 
10 588 413 631 548 48150 0 0 0 standing 
10 595 410 638 545 48151 0 0 1 standing 
10 602 407 645 542 48152 0 0 1 standing 
10 610 405 653 540 48153 0 0 1 standing 
10 617 402 660 537 48154 0 0 1 standing 
11 509 384 560 499 48135 0 0 0 standing 
11 515 383 566 500 48136 0 0 1 standing 
11 521 383 572 501 48137 0 0 1 standing 
11 528 383 578 503 48138 0 0 0 standing 
11 533 380 583 500 48139 0 0 1 standing 
11 538 378 588 498 48140 0 0 1 standing 
11 543 376 593 496 48141 0 0 0 standing 
11 546 376 596 496 48142 0 0 1 standing 
11 549 376 600 496 48143 0 0 1 standing 
11 553 376 604 496 48144 0 0 0 standing 
11 558 376 609 496 48145 0 0 1 standing 
11 563 376 614 496 48146 0 0 1 standing 
11 568 376 619 496 48147 0 0 0 standing 
11 574 374 625 493 48148 0 0 1 standing 
11 580 372 631 491 48149 0 0 1 standing 
11 586 370 637 489 48150 0 0 0 standing 
11 592 368 643 487 48151 0 0 1 standing 
11 599 367 650 486 48152 0 0 1 standing 
11 606 365 657 484 48153 0 0 1 standing 
11 613 364 664 483 48154 0 0 1 standing 
