0 935 466 997 575 82720 0 1 0 digging 
0 935 466 996 575 82721 0 1 1 digging 
0 935 466 996 576 82722 0 1 1 digging 
0 935 466 996 577 82723 0 1 1 digging 
0 935 466 996 578 82724 0 1 1 digging 
0 935 466 996 578 82725 0 1 1 digging 
0 935 466 996 579 82726 0 1 1 digging 
0 935 466 995 580 82727 0 1 1 digging 
0 935 466 995 581 82728 0 1 1 digging 
0 935 466 995 581 82729 0 1 1 digging 
0 935 466 995 582 82730 0 1 1 digging 
0 935 466 995 583 82731 0 1 1 digging 
0 936 467 995 584 82732 0 1 0 digging 
0 939 466 998 584 82733 0 1 1 digging 
0 943 466 1002 584 82734 0 1 1 digging 
0 946 466 1005 584 82735 0 1 1 digging 
0 950 466 1009 584 82736 0 1 1 digging 
0 954 466 1013 584 82737 0 1 1 digging 
0 957 466 1016 584 82738 0 1 1 digging 
0 961 466 1020 584 82739 0 1 1 digging 
1 1009 358 1069 471 82720 0 0 0 digging 
1 1010 356 1068 470 82721 0 0 1 standing 
1 1011 355 1067 469 82722 0 0 1 standing 
1 1012 353 1066 468 82723 0 0 1 standing 
1 1014 352 1065 467 82724 0 0 0 standing 
1 1014 350 1066 466 82725 0 0 1 standing 
1 1014 349 1067 466 82726 0 0 1 standing 
1 1014 348 1069 466 82727 0 0 1 standing 
1 1014 347 1070 465 82728 0 0 1 standing 
1 1014 346 1071 465 82729 0 0 1 standing 
1 1014 345 1073 465 82730 0 0 0 standing 
1 1014 347 1073 464 82731 0 0 1 standing 
1 1014 349 1073 463 82732 0 0 1 standing 
1 1014 351 1074 463 82733 0 0 0 standing 
1 1011 350 1073 463 82734 0 0 1 standing 
1 1008 350 1073 463 82735 0 0 1 standing 
1 1006 350 1073 463 82736 0 0 1 standing 
1 1003 350 1073 463 82737 0 0 1 standing 
1 1001 350 1073 464 82738 0 0 0 standing 
1 997 350 1066 462 82739 0 0 1 standing 
2 743 435 830 556 82720 0 0 0 standing 
2 738 433 822 558 82721 0 0 1 standing 
2 734 432 815 560 82722 0 0 1 standing 
2 729 431 808 562 82723 0 0 1 standing 
2 725 430 801 564 82724 0 0 0 standing 
2 724 428 798 564 82725 0 0 1 standing 
2 724 427 795 564 82726 0 0 1 standing 
2 724 425 792 564 82727 0 0 1 standing 
2 723 424 789 564 82728 0 0 1 standing 
2 723 422 786 564 82729 0 0 1 standing 
2 723 421 784 564 82730 0 0 0 standing 
2 726 419 781 563 82731 0 0 1 standing 
2 730 418 779 562 82732 0 0 1 standing 
2 734 417 777 561 82733 0 0 0 standing 
2 730 417 775 562 82734 0 0 1 standing 
2 727 417 774 563 82735 0 0 1 standing 
2 724 418 773 564 82736 0 0 1 standing 
2 721 418 772 565 82737 0 0 1 standing 
2 718 419 770 566 82738 0 0 1 standing 
2 715 419 769 567 82739 0 0 1 standing 
3 769 409 828 533 82720 0 0 0 standing 
3 767 408 827 531 82721 0 0 1 standing 
3 765 407 826 530 82722 0 0 1 standing 
3 763 406 825 529 82723 0 0 1 standing 
3 762 405 824 528 82724 0 0 0 standing 
3 761 404 823 527 82725 0 0 1 standing 
3 760 403 823 526 82726 0 0 1 standing 
3 759 403 823 526 82727 0 0 1 standing 
3 758 402 822 525 82728 0 0 1 standing 
3 757 401 822 524 82729 0 0 1 standing 
3 756 401 822 524 82730 0 0 0 standing 
3 755 399 820 523 82731 0 0 1 standing 
3 754 397 819 522 82732 0 0 1 standing 
3 753 396 818 521 82733 0 0 0 standing 
3 751 394 811 520 82734 0 0 1 standing 
3 749 392 805 519 82735 0 0 1 standing 
3 747 390 798 519 82736 0 0 1 standing 
3 745 388 792 518 82737 0 0 1 standing 
3 743 386 786 518 82738 0 0 0 standing 
3 741 386 784 518 82739 0 0 1 standing 
4 712 520 804 625 82720 0 0 0 standing 
4 717 516 801 626 82721 0 0 1 standing 
4 722 512 799 627 82722 0 0 1 standing 
4 727 508 797 628 82723 0 0 1 standing 
4 732 505 795 630 82724 0 0 0 standing 
4 733 501 794 630 82725 0 0 1 standing 
4 734 498 794 631 82726 0 0 1 standing 
4 736 495 794 632 82727 0 0 1 standing 
4 737 492 794 633 82728 0 0 1 standing 
4 739 489 794 634 82729 0 0 0 standing 
4 741 484 803 631 82730 0 0 1 standing 
4 744 479 812 628 82731 0 0 1 standing 
4 746 474 821 625 82732 0 0 1 standing 
4 749 470 830 623 82733 0 0 0 standing 
4 750 465 830 620 82734 0 0 1 standing 
4 752 460 830 618 82735 0 0 1 standing 
4 753 455 830 615 82736 0 0 1 standing 
4 755 450 830 613 82737 0 0 1 standing 
4 757 446 831 611 82738 0 0 0 standing 
4 758 444 831 607 82739 0 0 1 standing 
5 624 458 706 599 82720 0 0 0 standing 
5 626 456 705 600 82721 0 0 1 standing 
5 629 454 705 601 82722 0 0 1 standing 
5 631 452 704 602 82723 0 0 1 standing 
5 634 450 704 603 82724 0 0 0 standing 
5 636 450 703 604 82725 0 0 1 standing 
5 638 450 703 606 82726 0 0 1 standing 
5 640 450 703 607 82727 0 0 1 standing 
5 642 450 702 609 82728 0 0 1 standing 
5 644 450 702 610 82729 0 0 1 standing 
5 647 451 702 612 82730 0 0 0 standing 
5 647 453 703 616 82731 0 0 1 standing 
5 648 456 705 620 82732 0 0 1 standing 
5 649 459 707 624 82733 0 0 0 standing 
5 649 458 708 625 82734 0 0 1 standing 
5 650 458 709 626 82735 0 0 1 standing 
5 650 458 711 627 82736 0 0 1 standing 
5 651 458 712 628 82737 0 0 1 standing 
5 652 458 714 629 82738 0 0 0 standing 
5 652 458 716 629 82739 0 0 1 standing 
6 543 448 588 606 82720 0 0 0 standing 
6 541 446 586 604 82721 0 0 1 standing 
6 540 444 585 602 82722 0 0 1 standing 
6 539 443 583 600 82723 0 0 1 standing 
6 538 441 582 598 82724 0 0 1 standing 
6 536 440 580 596 82725 0 0 1 standing 
6 535 438 579 594 82726 0 0 1 standing 
6 534 437 577 592 82727 0 0 1 standing 
6 533 435 576 590 82728 0 0 1 standing 
6 532 434 575 589 82729 0 0 0 standing 
6 529 434 573 588 82730 0 0 1 standing 
6 526 434 572 588 82731 0 0 1 standing 
6 523 434 571 588 82732 0 0 1 standing 
6 520 434 570 588 82733 0 0 1 standing 
6 517 434 569 588 82734 0 0 1 standing 
6 514 435 568 587 82735 0 0 1 standing 
6 511 435 567 587 82736 0 0 1 standing 
6 508 435 566 587 82737 0 0 1 standing 
6 505 435 565 587 82738 0 0 1 standing 
6 502 435 564 587 82739 0 0 1 standing 
7 148 461 242 608 82720 0 0 0 standing 
7 150 459 239 606 82721 0 0 1 standing 
7 153 458 236 605 82722 0 0 1 standing 
7 156 457 233 604 82723 0 0 1 standing 
7 159 456 230 603 82724 0 0 0 standing 
7 159 456 229 603 82725 0 0 1 standing 
7 160 456 228 604 82726 0 0 1 standing 
7 160 456 227 604 82727 0 0 1 standing 
7 161 456 226 605 82728 0 0 1 standing 
7 162 456 226 606 82729 0 0 0 standing 
7 162 456 224 607 82730 0 0 1 standing 
7 162 456 223 608 82731 0 0 1 standing 
7 162 456 222 609 82732 0 0 1 standing 
7 163 456 221 610 82733 0 0 0 standing 
7 162 456 220 610 82734 0 0 1 standing 
7 161 456 220 610 82735 0 0 1 standing 
7 160 457 220 610 82736 0 0 1 standing 
7 159 457 219 610 82737 0 0 1 standing 
7 158 458 219 610 82738 0 0 1 standing 
7 157 458 219 610 82739 0 0 1 standing 
8 309 393 358 502 82720 0 0 0 standing 
8 305 390 355 499 82721 0 0 1 standing 
8 302 388 352 497 82722 0 0 1 standing 
8 298 386 349 494 82723 0 0 1 standing 
8 295 384 347 492 82724 0 0 0 standing 
8 291 384 342 492 82725 0 0 1 standing 
8 288 384 337 492 82726 0 0 1 standing 
8 285 385 333 493 82727 0 0 1 standing 
8 281 385 328 493 82728 0 0 1 standing 
8 278 385 323 493 82729 0 0 1 standing 
8 275 386 319 494 82730 0 0 0 standing 
8 271 384 316 494 82731 0 0 1 standing 
8 267 383 313 494 82732 0 0 1 standing 
8 264 382 311 494 82733 0 0 0 standing 
8 259 381 307 492 82734 0 0 1 standing 
8 255 380 304 490 82735 0 0 1 standing 
8 250 379 301 488 82736 0 0 1 standing 
8 246 378 297 487 82737 0 0 1 standing 
8 241 377 294 485 82738 0 0 1 standing 
8 237 376 291 483 82739 0 0 1 standing 
9 550 423 600 584 82720 0 0 0 standing 
9 547 422 597 584 82721 0 0 1 standing 
9 545 421 594 585 82722 0 0 1 standing 
9 542 420 591 585 82723 0 0 1 standing 
9 540 420 589 586 82724 0 0 0 standing 
9 539 418 588 585 82725 0 0 1 standing 
9 538 416 587 584 82726 0 0 1 standing 
9 537 415 586 584 82727 0 0 1 standing 
9 536 413 585 583 82728 0 0 1 standing 
9 536 412 585 583 82729 0 0 0 standing 
9 535 412 585 579 82730 0 0 1 standing 
9 534 413 586 576 82731 0 0 1 standing 
9 533 414 586 572 82732 0 0 1 standing 
9 533 415 587 569 82733 0 0 0 standing 
9 534 413 587 568 82734 0 0 1 standing 
9 535 411 587 567 82735 0 0 1 standing 
9 536 410 587 566 82736 0 0 1 standing 
9 537 408 587 565 82737 0 0 1 standing 
9 538 407 587 564 82738 0 0 1 standing 
9 539 405 587 563 82739 0 0 1 standing 
10 480 358 548 492 82720 0 0 0 standing 
10 484 357 550 492 82721 0 0 1 standing 
10 489 356 552 492 82722 0 0 1 standing 
10 494 355 554 492 82723 0 0 1 standing 
10 499 355 557 492 82724 0 0 0 standing 
10 501 354 559 492 82725 0 0 1 standing 
10 504 353 561 493 82726 0 0 1 standing 
10 507 353 564 493 82727 0 0 1 standing 
10 509 352 566 494 82728 0 0 1 standing 
10 512 351 568 494 82729 0 0 1 standing 
10 515 351 571 495 82730 0 0 0 standing 
10 517 350 571 494 82731 0 0 1 standing 
10 519 350 572 493 82732 0 0 1 standing 
10 522 350 573 493 82733 0 0 0 standing 
10 527 350 575 492 82734 0 0 1 standing 
10 532 350 578 492 82735 0 0 1 standing 
10 537 350 581 492 82736 0 0 1 standing 
10 542 350 584 492 82737 0 0 1 standing 
10 547 350 587 492 82738 0 0 0 standing 
10 548 350 587 491 82739 0 0 1 standing 
11 97 411 161 540 82720 0 0 0 standing 
11 93 410 157 539 82721 0 0 1 standing 
11 89 410 153 539 82722 0 0 1 standing 
11 85 409 149 538 82723 0 0 1 standing 
11 82 409 146 538 82724 0 0 0 standing 
11 80 410 144 539 82725 0 0 1 standing 
11 78 411 142 540 82726 0 0 1 standing 
11 77 412 141 541 82727 0 0 1 standing 
11 75 413 139 542 82728 0 0 1 standing 
11 73 414 137 543 82729 0 0 1 standing 
11 72 415 136 544 82730 0 0 0 standing 
11 71 414 135 544 82731 0 0 1 standing 
11 70 414 134 544 82732 0 0 1 standing 
11 70 413 133 544 82733 0 0 1 standing 
11 69 413 133 544 82734 0 0 1 standing 
11 69 413 132 544 82735 0 0 1 standing 
11 68 412 131 544 82736 0 0 1 standing 
11 67 412 131 544 82737 0 0 1 standing 
11 67 411 130 544 82738 0 0 1 standing 
11 66 411 129 544 82739 0 0 1 standing 
