0 720 374 843 472 12730 0 1 0 falling 
0 716 377 841 472 12731 0 1 1 falling 
0 712 381 839 472 12732 0 1 1 falling 
0 709 385 838 472 12733 0 1 1 falling 
0 705 388 836 472 12734 0 1 1 falling 
0 702 392 835 473 12735 0 1 1 falling 
0 698 396 833 473 12736 0 1 1 falling 
0 694 399 831 473 12737 0 1 1 falling 
0 691 403 830 473 12738 0 1 1 falling 
0 687 407 828 473 12739 0 1 1 falling 
0 684 411 827 474 12740 0 1 0 falling 
0 679 411 825 474 12741 0 1 1 falling 
0 674 412 823 475 12742 0 1 1 falling 
0 670 413 821 475 12743 0 1 1 falling 
0 665 413 820 476 12744 0 1 1 falling 
0 661 414 818 477 12745 0 1 1 falling 
0 656 415 816 477 12746 0 1 1 falling 
0 651 415 815 478 12747 0 1 1 falling 
0 647 416 813 478 12748 0 1 1 falling 
0 642 417 811 479 12749 0 1 1 falling 
1 854 430 915 562 12730 0 0 0 falling 
1 854 428 915 561 12731 0 0 1 standing 
1 855 427 916 561 12732 0 0 1 standing 
1 856 426 917 561 12733 0 0 1 standing 
1 857 424 917 561 12734 0 0 1 standing 
1 858 423 918 561 12735 0 0 1 standing 
1 858 422 919 561 12736 0 0 1 standing 
1 859 420 919 561 12737 0 0 1 standing 
1 860 419 920 561 12738 0 0 1 standing 
1 861 418 921 561 12739 0 0 1 standing 
1 862 417 922 561 12740 0 0 0 standing 
1 863 416 922 560 12741 0 0 1 standing 
1 865 416 923 560 12742 0 0 1 standing 
1 867 416 924 560 12743 0 0 1 standing 
1 869 416 925 559 12744 0 0 1 standing 
1 871 416 926 559 12745 0 0 1 standing 
1 872 415 926 559 12746 0 0 1 standing 
1 874 415 927 558 12747 0 0 1 standing 
1 876 415 928 558 12748 0 0 1 standing 
1 878 415 929 558 12749 0 0 1 standing 
2 926 361 989 481 12730 0 0 0 standing 
2 925 360 988 481 12731 0 0 1 standing 
2 925 359 988 482 12732 0 0 1 standing 
2 925 358 988 482 12733 0 0 1 standing 
2 925 357 988 483 12734 0 0 1 standing 
2 925 356 988 483 12735 0 0 1 standing 
2 925 355 987 484 12736 0 0 1 standing 
2 925 354 987 484 12737 0 0 1 standing 
2 925 353 987 485 12738 0 0 1 standing 
2 925 352 987 485 12739 0 0 1 standing 
2 925 351 987 486 12740 0 0 0 standing 
2 924 350 986 486 12741 0 0 1 standing 
2 923 349 985 486 12742 0 0 1 standing 
2 922 348 984 486 12743 0 0 1 standing 
2 921 347 983 486 12744 0 0 1 standing 
2 920 346 982 486 12745 0 0 1 standing 
2 919 345 981 486 12746 0 0 1 standing 
2 918 344 980 486 12747 0 0 1 standing 
2 917 343 979 486 12748 0 0 1 standing 
2 916 342 978 486 12749 0 0 1 standing 
3 685 396 762 515 12730 0 0 0 standing 
3 689 395 766 514 12731 0 0 1 waiting 
3 694 395 771 514 12732 0 0 1 waiting 
3 699 395 776 514 12733 0 0 1 waiting 
3 703 395 780 514 12734 0 0 1 waiting 
3 708 395 785 514 12735 0 0 1 waiting 
3 713 395 790 514 12736 0 0 1 waiting 
3 717 395 794 514 12737 0 0 1 waiting 
3 722 395 799 514 12738 0 0 1 waiting 
3 727 395 804 514 12739 0 0 1 waiting 
3 732 395 809 514 12740 0 0 0 waiting 
3 738 394 814 515 12741 0 0 1 waiting 
3 744 393 819 516 12742 0 0 1 waiting 
3 750 392 824 517 12743 0 0 1 waiting 
3 756 392 829 518 12744 0 0 1 waiting 
3 762 391 835 519 12745 0 0 1 waiting 
3 768 390 840 520 12746 0 0 1 waiting 
3 774 390 845 521 12747 0 0 1 waiting 
3 780 389 850 522 12748 0 0 1 waiting 
3 786 388 855 523 12749 0 0 1 waiting 
4 512 344 560 473 12730 0 0 0 waiting 
4 515 343 563 472 12731 0 0 1 standing 
4 518 343 566 472 12732 0 0 1 standing 
4 521 342 569 471 12733 0 0 1 standing 
4 524 342 572 471 12734 0 0 1 standing 
4 527 342 575 471 12735 0 0 1 standing 
4 530 341 578 470 12736 0 0 1 standing 
4 533 341 581 470 12737 0 0 1 standing 
4 536 340 584 469 12738 0 0 1 standing 
4 539 340 587 469 12739 0 0 1 standing 
4 542 340 590 469 12740 0 0 0 standing 
4 544 341 593 471 12741 0 0 1 standing 
4 546 343 596 474 12742 0 0 1 standing 
4 549 344 599 477 12743 0 0 1 standing 
4 551 346 602 479 12744 0 0 1 standing 
4 554 348 606 482 12745 0 0 1 standing 
4 556 349 609 485 12746 0 0 1 standing 
4 558 351 612 487 12747 0 0 1 standing 
4 561 352 615 490 12748 0 0 1 standing 
4 563 354 618 493 12749 0 0 1 standing 
5 511 329 570 454 12730 0 0 0 standing 
5 515 328 573 453 12731 0 0 1 standing 
5 519 328 576 453 12732 0 0 1 standing 
5 523 328 580 452 12733 0 0 1 standing 
5 527 327 583 452 12734 0 0 1 standing 
5 531 327 587 452 12735 0 0 1 standing 
5 535 327 590 451 12736 0 0 1 standing 
5 539 326 593 451 12737 0 0 1 standing 
5 543 326 597 450 12738 0 0 1 standing 
5 547 326 600 450 12739 0 0 1 standing 
5 552 326 604 450 12740 0 0 0 standing 
5 553 328 605 451 12741 0 0 1 standing 
5 555 330 606 452 12742 0 0 1 standing 
5 556 332 608 453 12743 0 0 1 standing 
5 558 334 609 454 12744 0 0 1 standing 
5 559 337 611 455 12745 0 0 1 standing 
5 561 339 612 456 12746 0 0 1 standing 
5 562 341 613 457 12747 0 0 1 standing 
5 564 343 615 458 12748 0 0 1 standing 
5 565 345 616 459 12749 0 0 1 standing 
6 395 418 457 573 12730 0 0 0 standing 
6 401 416 462 571 12731 0 0 1 standing 
6 407 415 467 570 12732 0 0 1 standing 
6 413 414 472 569 12733 0 0 1 standing 
6 419 413 477 568 12734 0 0 1 standing 
6 425 412 482 567 12735 0 0 1 standing 
6 431 411 487 565 12736 0 0 1 standing 
6 437 410 492 564 12737 0 0 1 standing 
6 443 409 497 563 12738 0 0 1 standing 
6 449 408 502 562 12739 0 0 1 standing 
6 456 407 507 561 12740 0 0 0 standing 
6 458 406 510 561 12741 0 0 1 standing 
6 460 406 513 562 12742 0 0 1 standing 
6 462 405 516 562 12743 0 0 1 standing 
6 465 405 519 563 12744 0 0 1 standing 
6 467 405 522 563 12745 0 0 1 standing 
6 469 404 525 564 12746 0 0 1 standing 
6 472 404 528 564 12747 0 0 1 standing 
6 474 403 531 565 12748 0 0 1 standing 
6 476 403 534 565 12749 0 0 1 standing 
7 131 427 207 576 12730 0 0 0 standing 
7 134 426 211 574 12731 0 0 1 waiting 
7 137 426 215 573 12732 0 0 1 waiting 
7 140 426 219 572 12733 0 0 1 waiting 
7 143 426 223 571 12734 0 0 1 waiting 
7 146 426 227 570 12735 0 0 1 waiting 
7 149 426 231 568 12736 0 0 1 waiting 
7 152 426 235 567 12737 0 0 1 waiting 
7 155 426 239 566 12738 0 0 1 waiting 
7 158 426 243 565 12739 0 0 1 waiting 
7 161 426 248 564 12740 0 0 0 waiting 
7 160 424 245 565 12741 0 0 1 waiting 
7 160 423 243 566 12742 0 0 1 waiting 
7 160 421 241 567 12743 0 0 1 waiting 
7 159 420 239 568 12744 0 0 1 waiting 
7 159 418 237 569 12745 0 0 1 waiting 
7 159 417 235 570 12746 0 0 1 waiting 
7 158 415 233 571 12747 0 0 1 waiting 
7 158 414 231 572 12748 0 0 1 waiting 
7 158 412 229 573 12749 0 0 1 waiting 
8 418 355 465 511 12730 0 0 0 waiting 
8 422 355 469 511 12731 0 0 1 standing 
8 427 356 474 512 12732 0 0 1 standing 
8 431 357 478 513 12733 0 0 1 standing 
8 436 358 483 514 12734 0 0 1 standing 
8 440 359 487 515 12735 0 0 1 standing 
8 445 360 492 516 12736 0 0 1 standing 
8 449 361 496 517 12737 0 0 1 standing 
8 454 362 501 518 12738 0 0 1 standing 
8 458 363 505 519 12739 0 0 1 standing 
8 463 364 510 520 12740 0 0 0 standing 
8 465 363 512 519 12741 0 0 1 standing 
8 467 363 514 519 12742 0 0 1 standing 
8 469 363 516 519 12743 0 0 1 standing 
8 471 363 518 519 12744 0 0 1 standing 
8 473 363 520 519 12745 0 0 1 standing 
8 475 362 522 518 12746 0 0 1 standing 
8 477 362 524 518 12747 0 0 1 standing 
8 479 362 526 518 12748 0 0 1 standing 
8 481 362 528 518 12749 0 0 1 standing 
9 456 330 501 467 12730 0 0 0 standing 
9 460 331 504 468 12731 0 0 1 standing 
9 465 332 508 469 12732 0 0 1 standing 
9 470 333 512 470 12733 0 0 1 standing 
9 474 334 516 471 12734 0 0 1 standing 
9 479 336 520 472 12735 0 0 1 standing 
9 484 337 524 473 12736 0 0 1 standing 
9 488 338 528 474 12737 0 0 1 standing 
9 493 339 532 475 12738 0 0 1 standing 
9 498 340 536 476 12739 0 0 1 standing 
9 503 342 540 478 12740 0 0 0 standing 
9 503 342 540 479 12741 0 0 1 standing 
9 503 342 540 481 12742 0 0 1 standing 
9 504 342 540 483 12743 0 0 1 standing 
9 504 342 541 484 12744 0 0 1 standing 
9 505 342 541 486 12745 0 0 1 standing 
9 505 342 541 488 12746 0 0 1 standing 
9 505 342 542 489 12747 0 0 1 standing 
9 506 342 542 491 12748 0 0 1 standing 
9 506 342 542 493 12749 0 0 1 standing 
10 325 368 392 487 12730 0 0 0 standing 
10 322 367 389 488 12731 0 0 1 standing 
10 320 367 387 490 12732 0 0 1 standing 
10 318 366 384 492 12733 0 0 1 standing 
10 315 366 382 494 12734 0 0 1 standing 
10 313 366 380 496 12735 0 0 1 standing 
10 311 365 377 497 12736 0 0 1 standing 
10 308 365 375 499 12737 0 0 1 standing 
10 306 364 372 501 12738 0 0 1 standing 
10 304 364 370 503 12739 0 0 1 standing 
10 302 364 368 505 12740 0 0 0 standing 
10 295 364 361 505 12741 0 0 1 standing 
10 288 364 354 505 12742 0 0 1 standing 
10 281 365 347 506 12743 0 0 1 standing 
10 274 365 340 506 12744 0 0 1 standing 
10 267 366 333 507 12745 0 0 1 standing 
10 260 366 326 507 12746 0 0 1 standing 
10 253 366 319 507 12747 0 0 1 standing 
10 246 367 312 508 12748 0 0 1 standing 
10 239 367 305 508 12749 0 0 1 standing 
11 284 335 357 465 12730 0 0 0 standing 
11 287 334 360 464 12731 0 0 1 standing 
11 290 334 363 464 12732 0 0 1 standing 
11 294 333 367 463 12733 0 0 1 standing 
11 297 333 370 463 12734 0 0 1 standing 
11 301 332 374 462 12735 0 0 1 standing 
11 304 332 377 462 12736 0 0 1 standing 
11 307 331 380 461 12737 0 0 1 standing 
11 311 331 384 461 12738 0 0 1 standing 
11 314 330 387 460 12739 0 0 1 standing 
11 318 330 391 460 12740 0 0 0 standing 
11 318 329 390 460 12741 0 0 1 standing 
11 319 328 390 460 12742 0 0 1 standing 
11 319 328 390 461 12743 0 0 1 standing 
11 320 327 389 461 12744 0 0 1 standing 
11 320 327 389 462 12745 0 0 1 standing 
11 321 326 389 462 12746 0 0 1 standing 
11 321 325 388 462 12747 0 0 1 standing 
11 322 325 388 463 12748 0 0 1 standing 
11 322 324 388 463 12749 0 0 1 standing 
