0 58 337 153 464 64235 0 1 0 moving 
0 57 338 155 463 64236 0 1 1 moving 
0 56 339 157 463 64237 0 1 1 moving 
0 56 341 160 463 64238 0 1 0 moving 
0 63 341 165 465 64239 0 1 1 moving 
0 71 342 170 467 64240 0 1 1 moving 
0 78 342 175 469 64241 0 1 1 moving 
0 86 343 180 472 64242 0 1 0 moving 
0 84 340 187 471 64243 0 1 1 moving 
0 82 337 194 471 64244 0 1 1 moving 
0 81 334 201 471 64245 0 1 0 moving 
0 87 334 203 474 64246 0 1 1 moving 
0 93 335 205 477 64247 0 1 1 moving 
0 100 336 207 480 64248 0 1 0 moving 
0 112 334 210 479 64249 0 1 1 moving 
0 125 333 213 479 64250 0 1 1 moving 
0 137 331 216 478 64251 0 1 1 moving 
0 150 330 220 478 64252 0 1 0 moving 
0 146 330 232 481 64253 0 1 1 moving 
0 142 330 245 485 64254 0 1 1 moving 
1 296 268 374 388 64235 0 1 0 moving 
1 292 267 375 387 64236 0 1 1 moving 
1 289 267 376 386 64237 0 1 1 moving 
1 286 267 378 386 64238 0 1 0 moving 
1 285 266 379 384 64239 0 1 1 moving 
1 285 265 380 383 64240 0 1 1 moving 
1 285 264 381 382 64241 0 1 1 moving 
1 285 263 382 381 64242 0 1 0 moving 
1 289 262 379 380 64243 0 1 1 moving 
1 294 261 376 380 64244 0 1 1 moving 
1 299 261 373 380 64245 0 1 0 moving 
1 303 260 372 381 64246 0 1 1 moving 
1 308 259 372 382 64247 0 1 1 moving 
1 313 259 372 383 64248 0 1 0 moving 
1 309 257 377 381 64249 0 1 1 moving 
1 305 256 382 380 64250 0 1 1 moving 
1 301 254 387 378 64251 0 1 1 moving 
1 298 253 392 377 64252 0 1 0 moving 
1 302 254 392 378 64253 0 1 1 moving 
1 306 255 392 380 64254 0 1 1 moving 
2 54 417 144 602 64235 0 0 0 moving 
2 48 418 141 603 64236 0 0 1 moving 
2 43 419 139 604 64237 0 0 1 moving 
2 38 421 137 605 64238 0 0 0 moving 
2 38 422 145 606 64239 0 0 1 moving 
2 39 424 153 608 64240 0 0 1 moving 
2 40 425 161 609 64241 0 0 1 moving 
2 41 427 169 611 64242 0 0 0 moving 
2 36 427 171 611 64243 0 0 1 moving 
2 31 427 173 611 64244 0 0 1 moving 
2 27 427 176 611 64245 0 0 0 moving 
2 36 427 168 606 64246 0 0 1 moving 
2 45 427 160 601 64247 0 0 1 moving 
2 54 428 152 597 64248 0 0 0 moving 
2 54 430 163 598 64249 0 0 1 moving 
2 55 433 175 600 64250 0 0 1 moving 
2 55 436 186 601 64251 0 0 1 moving 
2 56 439 198 603 64252 0 0 0 moving 
2 57 436 202 600 64253 0 0 1 moving 
2 58 434 206 597 64254 0 0 1 moving 
3 357 386 467 533 64235 0 1 0 moving 
3 360 386 461 535 64236 0 1 1 moving 
3 363 386 456 537 64237 0 1 1 moving 
3 367 387 451 539 64238 0 1 0 moving 
3 366 388 462 541 64239 0 1 1 moving 
3 366 389 474 544 64240 0 1 1 moving 
3 366 390 486 547 64241 0 1 1 moving 
3 366 391 498 550 64242 0 1 0 moving 
3 380 394 492 555 64243 0 1 1 moving 
3 395 397 487 561 64244 0 1 1 moving 
3 410 400 482 567 64245 0 1 0 moving 
3 408 401 487 568 64246 0 1 1 moving 
3 407 402 493 570 64247 0 1 1 moving 
3 406 403 499 572 64248 0 1 0 moving 
3 410 408 502 579 64249 0 1 1 moving 
3 414 413 506 587 64250 0 1 1 moving 
3 418 418 509 595 64251 0 1 1 moving 
3 423 423 513 603 64252 0 1 0 moving 
3 428 419 517 602 64253 0 1 1 moving 
3 433 416 521 602 64254 0 1 1 moving 
4 639 401 715 559 64235 0 1 0 moving 
4 631 398 709 562 64236 0 1 1 setting 
4 623 396 704 565 64237 0 1 1 setting 
4 616 394 699 569 64238 0 1 0 setting 
4 611 386 696 567 64239 0 1 1 setting 
4 606 379 693 566 64240 0 1 1 setting 
4 601 372 690 565 64241 0 1 1 setting 
4 596 365 688 564 64242 0 1 0 setting 
4 593 362 682 565 64243 0 1 1 setting 
4 590 359 677 566 64244 0 1 1 setting 
4 587 357 672 568 64245 0 1 0 setting 
4 584 356 666 566 64246 0 1 1 setting 
4 582 355 660 565 64247 0 1 1 setting 
4 580 355 655 564 64248 0 1 0 setting 
4 574 362 650 563 64249 0 1 1 setting 
4 568 370 645 563 64250 0 1 1 setting 
4 562 377 640 563 64251 0 1 1 setting 
4 557 385 636 563 64252 0 1 0 setting 
4 552 398 631 563 64253 0 1 1 setting 
4 547 411 626 564 64254 0 1 1 setting 
5 475 415 547 492 64235 0 0 0 setting 
5 471 416 548 492 64236 0 0 1 falling 
5 467 418 550 492 64237 0 0 1 falling 
5 463 420 552 493 64238 0 0 0 falling 
5 461 419 551 493 64239 0 0 1 falling 
5 459 419 550 494 64240 0 0 1 falling 
5 457 419 549 495 64241 0 0 1 falling 
5 456 419 548 496 64242 0 0 0 falling 
5 454 415 546 493 64243 0 0 1 falling 
5 452 412 545 491 64244 0 0 1 falling 
5 450 409 544 489 64245 0 0 0 falling 
5 458 406 540 487 64246 0 0 1 falling 
5 466 403 536 486 64247 0 0 1 falling 
5 475 401 533 485 64248 0 0 0 falling 
5 464 398 530 484 64249 0 0 1 falling 
5 453 396 527 484 64250 0 0 1 falling 
5 442 394 524 484 64251 0 0 1 falling 
5 432 392 521 484 64252 0 0 0 falling 
5 431 390 517 484 64253 0 0 1 falling 
5 430 388 513 485 64254 0 0 1 falling 
6 746 394 807 544 64235 0 0 0 falling 
6 742 393 803 547 64236 0 0 1 standing 
6 739 392 799 550 64237 0 0 1 standing 
6 736 391 795 553 64238 0 0 0 standing 
6 733 390 792 553 64239 0 0 1 standing 
6 730 390 789 553 64240 0 0 1 standing 
6 727 390 786 553 64241 0 0 1 standing 
6 724 389 784 554 64242 0 0 1 standing 
6 721 389 781 554 64243 0 0 1 standing 
6 718 389 778 554 64244 0 0 1 standing 
6 716 389 776 555 64245 0 0 0 standing 
6 715 390 774 559 64246 0 0 1 standing 
6 714 392 773 563 64247 0 0 1 standing 
6 713 394 772 568 64248 0 0 0 standing 
6 705 396 766 571 64249 0 0 1 standing 
6 697 399 761 574 64250 0 0 1 standing 
6 689 401 756 577 64251 0 0 1 standing 
6 681 404 750 580 64252 0 0 1 standing 
6 673 406 745 583 64253 0 0 1 standing 
6 665 409 740 586 64254 0 0 1 standing 
7 1128 416 1236 598 64235 0 0 0 standing 
7 1130 416 1238 597 64236 0 0 1 standing 
7 1132 416 1240 596 64237 0 0 1 standing 
7 1135 417 1242 595 64238 0 0 0 standing 
7 1142 418 1246 595 64239 0 0 1 standing 
7 1149 419 1250 595 64240 0 0 1 standing 
7 1156 420 1254 595 64241 0 0 1 standing 
7 1164 422 1259 596 64242 0 0 0 standing 
7 1161 423 1264 597 64243 0 0 1 standing 
7 1159 424 1270 598 64244 0 0 1 standing 
7 1157 425 1276 599 64245 0 0 0 standing 
7 1159 423 1276 597 64246 0 0 1 standing 
7 1161 422 1276 596 64247 0 0 1 standing 
7 1163 421 1276 595 64248 0 0 0 standing 
7 1168 422 1272 597 64249 0 0 1 standing 
7 1173 424 1269 600 64250 0 0 1 standing 
7 1178 426 1265 603 64251 0 0 1 standing 
7 1183 428 1262 606 64252 0 0 0 standing 
7 1182 433 1267 609 64253 0 0 1 standing 
7 1182 438 1273 613 64254 0 0 1 standing 
8 745 330 798 500 64235 0 0 0 standing 
8 742 330 795 499 64236 0 0 1 standing 
8 739 331 792 498 64237 0 0 1 standing 
8 736 331 789 497 64238 0 0 1 standing 
8 733 332 786 496 64239 0 0 1 standing 
8 731 332 783 495 64240 0 0 1 standing 
8 728 333 780 494 64241 0 0 1 standing 
8 725 333 777 493 64242 0 0 1 standing 
8 722 334 774 492 64243 0 0 1 standing 
8 719 334 771 491 64244 0 0 1 standing 
8 717 335 769 490 64245 0 0 0 standing 
8 713 338 766 493 64246 0 0 1 standing 
8 709 341 763 496 64247 0 0 1 standing 
8 706 344 760 499 64248 0 0 0 standing 
8 700 345 754 500 64249 0 0 1 standing 
8 695 346 748 501 64250 0 0 1 standing 
8 690 347 743 502 64251 0 0 1 standing 
8 684 349 737 504 64252 0 0 1 standing 
8 679 350 732 505 64253 0 0 1 standing 
8 674 351 726 506 64254 0 0 1 standing 
9 1086 305 1145 451 64235 0 0 0 standing 
9 1084 305 1141 451 64236 0 0 1 standing 
9 1082 306 1138 451 64237 0 0 1 standing 
9 1081 307 1135 451 64238 0 0 0 standing 
9 1077 307 1134 452 64239 0 0 1 standing 
9 1074 308 1133 454 64240 0 0 1 standing 
9 1070 308 1132 456 64241 0 0 1 standing 
9 1067 309 1131 458 64242 0 0 0 standing 
9 1062 309 1126 457 64243 0 0 1 standing 
9 1058 310 1121 456 64244 0 0 1 standing 
9 1054 311 1117 456 64245 0 0 0 standing 
9 1051 311 1114 457 64246 0 0 1 standing 
9 1048 311 1111 459 64247 0 0 1 standing 
9 1045 312 1108 461 64248 0 0 0 standing 
9 1040 313 1102 460 64249 0 0 1 standing 
9 1035 314 1097 459 64250 0 0 1 standing 
9 1030 315 1092 458 64251 0 0 1 standing 
9 1025 316 1087 458 64252 0 0 0 standing 
9 1018 317 1082 458 64253 0 0 1 standing 
9 1011 319 1077 458 64254 0 0 1 standing 
10 768 315 825 446 64235 0 0 0 standing 
10 764 314 821 446 64236 0 0 1 standing 
10 760 314 817 446 64237 0 0 1 standing 
10 757 313 813 447 64238 0 0 1 standing 
10 753 313 810 447 64239 0 0 1 standing 
10 750 313 806 448 64240 0 0 1 standing 
10 746 312 802 448 64241 0 0 1 standing 
10 742 312 799 448 64242 0 0 1 standing 
10 739 311 795 449 64243 0 0 1 standing 
10 735 311 791 449 64244 0 0 1 standing 
10 732 311 788 450 64245 0 0 0 standing 
10 729 309 784 448 64246 0 0 1 standing 
10 726 308 781 446 64247 0 0 1 standing 
10 723 307 778 445 64248 0 0 0 standing 
10 718 309 773 445 64249 0 0 1 standing 
10 714 311 769 446 64250 0 0 1 standing 
10 710 313 765 447 64251 0 0 1 standing 
10 706 315 761 448 64252 0 0 1 standing 
10 702 317 757 449 64253 0 0 1 standing 
10 698 319 753 450 64254 0 0 1 standing 
11 1241 361 1278 484 64235 1 0 1 standing 
11 1241 361 1278 484 64236 1 0 1 standing 
11 1241 361 1278 484 64237 1 0 1 standing 
11 1241 361 1278 484 64238 1 0 1 standing 
11 1241 361 1278 484 64239 1 0 1 standing 
11 1241 361 1278 484 64240 1 0 1 standing 
11 1241 361 1278 484 64241 1 0 1 standing 
11 1241 361 1278 484 64242 1 0 1 standing 
11 1241 361 1278 484 64243 1 0 1 standing 
11 1241 361 1278 484 64244 1 0 1 standing 
11 1241 361 1278 484 64245 1 0 1 standing 
11 1241 361 1278 484 64246 1 0 1 standing 
11 1241 361 1278 484 64247 1 0 1 standing 
11 1241 361 1278 484 64248 1 0 1 standing 
11 1241 361 1278 484 64249 1 0 1 standing 
11 1241 361 1278 484 64250 1 0 1 standing 
11 1241 361 1278 484 64251 1 0 1 standing 
11 1241 361 1278 484 64252 1 0 1 standing 
11 1241 361 1278 484 64253 1 0 1 standing 
11 1241 361 1278 484 64254 1 0 1 standing 
