0 772 378 844 519 58545 0 1 0 digging 
0 775 377 845 518 58546 0 1 1 digging 
0 778 377 846 518 58547 0 1 1 digging 
0 781 376 847 518 58548 0 1 1 digging 
0 784 376 849 518 58549 0 1 1 digging 
0 787 375 850 518 58550 0 1 1 digging 
0 790 375 851 518 58551 0 1 1 digging 
0 793 374 853 518 58552 0 1 1 digging 
0 796 374 854 518 58553 0 1 1 digging 
0 799 373 855 518 58554 0 1 1 digging 
0 802 373 857 518 58555 0 1 0 digging 
0 805 366 862 517 58556 0 1 1 digging 
0 808 359 868 516 58557 0 1 1 digging 
0 812 352 874 516 58558 0 1 0 digging 
0 815 351 880 515 58559 0 1 1 digging 
0 819 350 886 515 58560 0 1 1 digging 
0 822 349 892 515 58561 0 1 1 digging 
0 826 349 899 515 58562 0 1 0 digging 
0 829 358 906 515 58563 0 1 1 digging 
0 833 367 913 515 58564 0 1 1 digging 
1 877 479 963 686 58545 0 0 0 digging 
1 878 478 965 685 58546 0 0 1 standing 
1 880 478 967 685 58547 0 0 1 standing 
1 882 478 970 685 58548 0 0 1 standing 
1 884 478 972 684 58549 0 0 1 standing 
1 886 478 975 684 58550 0 0 1 standing 
1 888 477 977 684 58551 0 0 1 standing 
1 890 477 979 683 58552 0 0 1 standing 
1 892 477 982 683 58553 0 0 1 standing 
1 894 477 984 683 58554 0 0 1 standing 
1 896 477 987 683 58555 0 0 0 standing 
1 894 477 987 682 58556 0 0 1 standing 
1 893 477 987 682 58557 0 0 1 standing 
1 891 477 987 682 58558 0 0 1 standing 
1 890 477 987 682 58559 0 0 1 standing 
1 889 477 987 682 58560 0 0 1 standing 
1 887 477 987 682 58561 0 0 1 standing 
1 886 477 987 682 58562 0 0 1 standing 
1 884 477 987 682 58563 0 0 1 standing 
1 883 477 987 682 58564 0 0 1 standing 
2 1035 350 1120 490 58545 0 0 0 standing 
2 1035 349 1119 489 58546 0 0 1 standing 
2 1036 349 1119 489 58547 0 0 1 standing 
2 1036 349 1119 489 58548 0 0 1 standing 
2 1037 349 1119 488 58549 0 0 1 standing 
2 1038 349 1119 488 58550 0 0 1 standing 
2 1038 348 1118 488 58551 0 0 1 standing 
2 1039 348 1118 487 58552 0 0 1 standing 
2 1039 348 1118 487 58553 0 0 1 standing 
2 1040 348 1118 487 58554 0 0 1 standing 
2 1041 348 1118 487 58555 0 0 0 standing 
2 1042 348 1119 488 58556 0 0 1 standing 
2 1043 349 1120 490 58557 0 0 1 standing 
2 1044 349 1122 491 58558 0 0 1 standing 
2 1045 350 1123 493 58559 0 0 1 standing 
2 1046 351 1125 495 58560 0 0 1 standing 
2 1047 351 1126 496 58561 0 0 1 standing 
2 1048 352 1127 498 58562 0 0 1 standing 
2 1049 352 1129 499 58563 0 0 1 standing 
2 1050 353 1130 501 58564 0 0 1 standing 
3 862 286 927 408 58545 0 0 0 standing 
3 864 285 929 407 58546 0 0 1 standing 
3 867 285 932 407 58547 0 0 1 standing 
3 870 285 935 407 58548 0 0 1 standing 
3 873 285 938 407 58549 0 0 1 standing 
3 876 285 941 407 58550 0 0 1 standing 
3 878 285 943 407 58551 0 0 1 standing 
3 881 285 946 407 58552 0 0 1 standing 
3 884 285 949 407 58553 0 0 1 standing 
3 887 285 952 407 58554 0 0 1 standing 
3 890 285 955 407 58555 0 0 0 standing 
3 889 285 954 406 58556 0 0 1 standing 
3 889 286 954 405 58557 0 0 1 standing 
3 889 286 953 405 58558 0 0 1 standing 
3 888 287 953 404 58559 0 0 1 standing 
3 888 288 953 404 58560 0 0 1 standing 
3 888 288 952 403 58561 0 0 1 standing 
3 887 289 952 402 58562 0 0 1 standing 
3 887 289 951 402 58563 0 0 1 standing 
3 887 290 951 401 58564 0 0 1 standing 
4 731 342 794 477 58545 0 0 0 standing 
4 733 341 796 476 58546 0 0 1 standing 
4 736 341 798 475 58547 0 0 1 standing 
4 739 341 800 474 58548 0 0 1 standing 
4 742 341 802 473 58549 0 0 1 standing 
4 745 341 804 473 58550 0 0 1 standing 
4 747 341 806 472 58551 0 0 1 standing 
4 750 341 808 471 58552 0 0 1 standing 
4 753 341 810 470 58553 0 0 1 standing 
4 756 341 812 469 58554 0 0 1 standing 
4 759 341 814 469 58555 0 0 0 standing 
4 763 340 817 468 58556 0 0 1 standing 
4 768 339 820 468 58557 0 0 1 standing 
4 772 338 823 468 58558 0 0 1 standing 
4 777 338 827 467 58559 0 0 1 standing 
4 781 337 830 467 58560 0 0 1 standing 
4 786 336 833 467 58561 0 0 1 standing 
4 790 336 837 466 58562 0 0 1 standing 
4 795 335 840 466 58563 0 0 1 standing 
4 799 334 843 466 58564 0 0 1 standing 
5 593 340 648 498 58545 0 0 0 standing 
5 595 340 649 498 58546 0 0 1 standing 
5 597 340 650 499 58547 0 0 1 standing 
5 599 340 652 500 58548 0 0 1 standing 
5 601 340 653 501 58549 0 0 1 standing 
5 603 340 655 502 58550 0 0 1 standing 
5 605 340 656 503 58551 0 0 1 standing 
5 607 340 657 504 58552 0 0 1 standing 
5 609 340 659 505 58553 0 0 1 standing 
5 611 340 660 506 58554 0 0 1 standing 
5 613 341 662 507 58555 0 0 0 standing 
5 616 341 665 507 58556 0 0 1 standing 
5 620 342 669 508 58557 0 0 1 standing 
5 624 342 673 508 58558 0 0 1 standing 
5 627 343 676 509 58559 0 0 1 standing 
5 631 343 680 509 58560 0 0 1 standing 
5 635 344 684 510 58561 0 0 1 standing 
5 638 344 687 510 58562 0 0 1 standing 
5 642 345 691 511 58563 0 0 1 standing 
5 646 345 695 511 58564 0 0 1 standing 
6 480 406 548 570 58545 0 0 0 standing 
6 481 405 549 570 58546 0 0 1 standing 
6 483 405 550 570 58547 0 0 1 standing 
6 484 404 552 570 58548 0 0 1 standing 
6 486 404 553 571 58549 0 0 1 standing 
6 487 404 555 571 58550 0 0 1 standing 
6 489 403 556 571 58551 0 0 1 standing 
6 490 403 557 572 58552 0 0 1 standing 
6 492 402 559 572 58553 0 0 1 standing 
6 493 402 560 572 58554 0 0 1 standing 
6 495 402 562 573 58555 0 0 0 standing 
6 498 401 565 572 58556 0 0 1 standing 
6 502 401 569 572 58557 0 0 1 standing 
6 505 401 572 572 58558 0 0 1 standing 
6 509 401 576 572 58559 0 0 1 standing 
6 513 401 580 572 58560 0 0 1 standing 
6 516 400 583 571 58561 0 0 1 standing 
6 520 400 587 571 58562 0 0 1 standing 
6 523 400 590 571 58563 0 0 1 standing 
6 527 400 594 571 58564 0 0 1 standing 
7 487 362 550 509 58545 0 0 0 standing 
7 488 362 551 509 58546 0 0 1 standing 
7 490 362 553 510 58547 0 0 1 standing 
7 492 362 554 510 58548 0 0 1 standing 
7 493 362 556 511 58549 0 0 1 standing 
7 495 362 557 512 58550 0 0 1 standing 
7 497 362 559 512 58551 0 0 1 standing 
7 498 362 560 513 58552 0 0 1 standing 
7 500 362 562 513 58553 0 0 1 standing 
7 502 362 563 514 58554 0 0 1 standing 
7 504 362 565 515 58555 0 0 0 standing 
7 507 362 568 515 58556 0 0 1 standing 
7 511 362 572 515 58557 0 0 1 standing 
7 515 362 576 515 58558 0 0 1 standing 
7 518 362 579 515 58559 0 0 1 standing 
7 522 362 583 515 58560 0 0 1 standing 
7 526 362 587 515 58561 0 0 1 standing 
7 529 362 590 515 58562 0 0 1 standing 
7 533 362 594 515 58563 0 0 1 standing 
7 537 362 598 515 58564 0 0 1 standing 
8 488 333 532 471 58545 0 0 0 standing 
8 489 332 534 470 58546 0 0 1 standing 
8 490 332 536 469 58547 0 0 1 standing 
8 491 331 538 469 58548 0 0 1 standing 
8 492 331 540 468 58549 0 0 1 standing 
8 494 330 543 468 58550 0 0 1 standing 
8 495 330 545 467 58551 0 0 1 standing 
8 496 329 547 466 58552 0 0 1 standing 
8 497 329 549 466 58553 0 0 1 standing 
8 498 328 551 465 58554 0 0 1 standing 
8 500 328 554 465 58555 0 0 0 standing 
8 503 328 557 465 58556 0 0 1 standing 
8 507 328 561 465 58557 0 0 1 standing 
8 511 328 565 465 58558 0 0 1 standing 
8 514 328 568 465 58559 0 0 1 standing 
8 518 329 572 466 58560 0 0 1 standing 
8 522 329 576 466 58561 0 0 1 standing 
8 525 329 579 466 58562 0 0 1 standing 
8 529 329 583 466 58563 0 0 1 standing 
8 533 329 587 466 58564 0 0 1 standing 
9 145 423 251 576 58545 0 0 0 standing 
9 140 423 243 576 58546 0 0 1 standing 
9 136 423 236 576 58547 0 0 1 standing 
9 132 423 229 576 58548 0 0 1 standing 
9 127 424 222 576 58549 0 0 1 standing 
9 123 424 215 577 58550 0 0 1 standing 
9 119 424 208 577 58551 0 0 1 standing 
9 114 425 201 577 58552 0 0 1 standing 
9 110 425 194 577 58553 0 0 1 standing 
9 106 425 187 577 58554 0 0 1 standing 
9 102 426 180 578 58555 0 0 0 standing 
9 101 427 179 579 58556 0 0 1 standing 
9 101 429 179 581 58557 0 0 1 standing 
9 101 430 179 582 58558 0 0 1 standing 
9 101 432 179 584 58559 0 0 1 standing 
9 101 434 179 586 58560 0 0 1 standing 
9 100 435 178 587 58561 0 0 1 standing 
9 100 437 178 589 58562 0 0 1 standing 
9 100 438 178 590 58563 0 0 1 standing 
9 100 440 178 592 58564 0 0 1 standing 
10 216 323 280 446 58545 0 0 0 standing 
10 215 322 278 446 58546 0 0 1 standing 
10 214 322 276 446 58547 0 0 1 standing 
10 213 321 274 446 58548 0 0 1 standing 
10 212 321 273 447 58549 0 0 1 standing 
10 212 320 271 447 58550 0 0 1 standing 
10 211 320 269 447 58551 0 0 1 standing 
10 210 319 268 448 58552 0 0 1 standing 
10 209 319 266 448 58553 0 0 1 standing 
10 208 318 264 448 58554 0 0 1 standing 
10 208 318 263 449 58555 0 0 0 standing 
10 207 318 263 448 58556 0 0 1 standing 
10 207 319 264 448 58557 0 0 1 standing 
10 206 319 265 448 58558 0 0 1 standing 
10 206 320 266 448 58559 0 0 1 standing 
10 206 320 267 448 58560 0 0 1 standing 
10 205 321 267 448 58561 0 0 1 standing 
10 205 321 268 448 58562 0 0 1 standing 
10 204 322 269 448 58563 0 0 1 standing 
10 204 322 270 448 58564 0 0 1 standing 
