0 255 487 338 637 49565 1 0 1 standing 
0 257 487 338 637 49566 1 0 1 standing 
0 259 486 338 637 49567 1 0 1 standing 
0 261 486 338 637 49568 1 0 1 standing 
0 263 486 338 637 49569 0 1 0 standing 
0 264 488 342 639 49570 0 1 1 standing 
0 266 490 346 641 49571 0 1 1 standing 
0 268 492 350 643 49572 0 1 1 standing 
0 270 495 354 645 49573 0 1 1 standing 
0 272 497 359 647 49574 0 1 1 standing 
0 273 499 363 649 49575 0 1 1 standing 
0 275 502 367 651 49576 0 1 1 standing 
0 277 504 371 653 49577 0 1 1 standing 
0 279 506 375 655 49578 0 1 1 standing 
0 281 509 380 658 49579 0 1 0 standing 
0 291 507 384 657 49580 0 1 1 standing 
0 302 505 388 656 49581 0 1 1 standing 
0 313 503 392 655 49582 0 1 1 standing 
0 323 501 396 654 49583 0 1 1 standing 
0 334 499 400 653 49584 0 1 1 standing 
1 354 435 411 557 49565 0 1 1 standing 
1 351 432 408 556 49566 0 1 1 setting 
1 348 429 405 555 49567 0 1 1 setting 
1 345 427 402 555 49568 0 1 1 setting 
1 342 424 399 554 49569 0 1 1 setting 
1 339 421 396 553 49570 0 1 1 setting 
1 336 419 393 553 49571 0 1 0 setting 
1 333 408 390 552 49572 0 1 1 setting 
1 330 397 387 552 49573 0 1 1 setting 
1 327 386 384 552 49574 0 1 1 setting 
1 324 375 382 552 49575 0 1 0 setting 
1 319 380 377 552 49576 0 1 1 setting 
1 314 386 372 552 49577 0 1 1 setting 
1 309 391 367 552 49578 0 1 1 setting 
1 304 397 363 553 49579 0 1 0 setting 
1 298 402 359 556 49580 0 1 1 setting 
1 292 407 355 559 49581 0 1 1 setting 
1 286 412 351 562 49582 0 1 1 setting 
1 280 417 347 565 49583 0 1 1 setting 
1 275 423 343 568 49584 0 1 1 setting 
2 396 274 462 375 49565 1 0 1 setting 
2 397 274 462 375 49566 0 1 0 standing 
2 395 274 458 374 49567 0 1 1 standing 
2 394 275 455 374 49568 0 1 1 standing 
2 393 276 451 373 49569 0 1 1 standing 
2 392 277 448 373 49570 0 1 0 standing 
2 391 277 448 373 49571 0 1 1 standing 
2 390 278 448 373 49572 0 1 1 standing 
2 389 279 448 374 49573 0 1 1 standing 
2 388 280 448 374 49574 0 1 1 standing 
2 387 281 448 375 49575 0 1 0 standing 
2 387 280 449 374 49576 0 1 1 standing 
2 388 280 451 374 49577 0 1 1 standing 
2 389 280 453 374 49578 0 1 1 standing 
2 389 280 455 374 49579 0 1 1 standing 
2 390 280 457 374 49580 0 1 1 standing 
2 391 280 458 373 49581 0 1 1 standing 
2 391 280 460 373 49582 0 1 1 standing 
2 392 280 462 373 49583 0 1 1 standing 
2 393 280 464 373 49584 0 1 1 standing 
3 540 305 596 422 49565 0 1 1 standing 
3 539 306 595 423 49566 0 1 1 standing 
3 538 307 593 423 49567 0 1 1 standing 
3 538 308 592 424 49568 0 1 1 standing 
3 537 309 590 425 49569 0 1 1 standing 
3 536 309 589 425 49570 0 1 1 standing 
3 535 310 587 426 49571 0 1 1 standing 
3 535 311 586 427 49572 0 1 1 standing 
3 534 312 584 427 49573 0 1 1 standing 
3 533 313 583 428 49574 0 1 1 standing 
3 533 314 582 429 49575 0 1 0 standing 
3 531 316 581 430 49576 0 1 1 standing 
3 529 318 581 432 49577 0 1 1 standing 
3 527 320 581 434 49578 0 1 1 standing 
3 525 322 581 436 49579 0 1 1 standing 
3 523 324 581 438 49580 0 1 1 standing 
3 522 327 581 440 49581 0 1 0 standing 
3 520 326 580 439 49582 0 1 1 standing 
3 518 325 580 438 49583 0 1 1 standing 
3 516 324 580 437 49584 0 1 1 standing 
4 366 377 438 461 49565 0 1 1 standing 
4 367 378 436 460 49566 0 1 1 falling 
4 368 378 434 459 49567 0 1 1 falling 
4 369 379 432 458 49568 0 1 0 falling 
4 368 378 431 456 49569 0 1 1 falling 
4 367 378 431 455 49570 0 1 1 falling 
4 366 378 431 454 49571 0 1 1 falling 
4 366 377 431 452 49572 0 1 1 falling 
4 365 377 431 451 49573 0 1 1 falling 
4 364 377 431 450 49574 0 1 1 falling 
4 364 377 431 449 49575 0 0 0 falling 
4 364 374 429 446 49576 0 0 1 falling 
4 364 372 428 444 49577 0 0 1 falling 
4 365 370 427 441 49578 0 0 1 falling 
4 365 367 426 439 49579 0 0 1 falling 
4 366 365 425 437 49580 0 0 1 falling 
4 366 363 423 434 49581 0 0 1 falling 
4 366 360 422 432 49582 0 0 1 falling 
4 367 358 421 429 49583 0 0 1 falling 
4 367 356 420 427 49584 0 0 1 falling 
5 324 377 387 487 49565 0 0 1 falling 
5 326 377 388 487 49566 0 0 1 standing 
5 327 377 390 487 49567 0 0 1 standing 
5 329 377 391 487 49568 0 0 1 standing 
5 330 377 393 487 49569 0 0 1 standing 
5 332 377 394 487 49570 0 0 1 standing 
5 333 377 396 487 49571 0 0 1 standing 
5 335 377 397 487 49572 0 0 1 standing 
5 336 377 399 487 49573 0 0 1 standing 
5 338 377 400 487 49574 0 0 1 standing 
5 340 378 402 487 49575 0 0 0 standing 
5 340 380 402 489 49576 0 0 1 standing 
5 341 382 402 491 49577 0 0 1 standing 
5 341 384 402 493 49578 0 0 1 standing 
5 342 387 402 496 49579 0 0 0 standing 
5 341 385 402 494 49580 0 0 1 standing 
5 341 383 403 492 49581 0 0 1 standing 
5 340 382 403 490 49582 0 0 1 standing 
5 340 380 404 488 49583 0 0 1 standing 
5 340 379 405 486 49584 0 0 0 standing 
6 921 309 965 427 49565 0 0 1 standing 
6 921 309 965 426 49566 0 0 1 standing 
6 920 309 965 425 49567 0 0 1 standing 
6 920 309 965 424 49568 0 0 1 standing 
6 919 309 965 423 49569 0 0 1 standing 
6 919 309 965 422 49570 0 0 1 standing 
6 918 309 965 422 49571 0 0 1 standing 
6 918 309 965 421 49572 0 0 1 standing 
6 917 309 965 420 49573 0 0 1 standing 
6 917 309 965 419 49574 0 0 1 standing 
6 916 309 965 418 49575 0 0 1 standing 
6 916 309 965 417 49576 0 0 1 standing 
6 915 309 965 416 49577 0 0 1 standing 
6 915 309 965 416 49578 0 0 0 standing 
6 914 309 966 415 49579 0 0 1 standing 
6 914 309 968 414 49580 0 0 1 standing 
6 913 309 969 414 49581 0 0 1 standing 
6 913 309 971 413 49582 0 0 1 standing 
6 912 309 972 413 49583 0 0 1 standing 
6 912 309 974 412 49584 0 0 1 standing 
7 1088 347 1146 464 49565 0 0 1 standing 
7 1088 347 1146 464 49566 0 0 1 standing 
7 1088 347 1146 464 49567 0 0 1 standing 
7 1088 347 1146 464 49568 0 0 1 standing 
7 1088 347 1146 464 49569 0 0 1 standing 
7 1088 347 1146 464 49570 0 0 1 standing 
7 1088 347 1146 464 49571 0 0 1 standing 
7 1088 347 1146 464 49572 0 0 1 standing 
7 1088 347 1146 464 49573 0 0 1 standing 
7 1088 347 1146 464 49574 0 0 1 standing 
7 1088 347 1146 464 49575 0 0 1 standing 
7 1088 347 1146 464 49576 0 0 1 standing 
7 1088 347 1146 464 49577 0 0 1 standing 
7 1088 347 1146 464 49578 0 0 1 standing 
7 1088 347 1146 464 49579 0 0 1 standing 
7 1088 347 1146 464 49580 0 0 1 standing 
7 1088 347 1146 464 49581 0 0 1 standing 
7 1088 347 1146 464 49582 0 0 1 standing 
7 1088 347 1146 464 49583 0 0 1 standing 
7 1088 347 1146 464 49584 0 0 1 standing 
8 1080 400 1125 527 49565 0 0 1 standing 
8 1080 401 1127 527 49566 0 0 1 standing 
8 1081 402 1129 527 49567 0 0 1 standing 
8 1081 403 1131 527 49568 0 0 1 standing 
8 1081 403 1134 528 49569 0 0 1 standing 
8 1082 404 1136 528 49570 0 0 1 standing 
8 1082 405 1138 528 49571 0 0 1 standing 
8 1083 406 1140 528 49572 0 0 1 standing 
8 1083 406 1143 529 49573 0 0 1 standing 
8 1083 407 1145 529 49574 0 0 1 standing 
8 1084 408 1147 529 49575 0 0 1 standing 
8 1084 409 1149 529 49576 0 0 1 standing 
8 1085 410 1152 530 49577 0 0 0 standing 
8 1088 411 1153 532 49578 0 0 1 standing 
8 1092 412 1155 534 49579 0 0 1 standing 
8 1095 414 1157 536 49580 0 0 1 standing 
8 1099 415 1159 538 49581 0 0 1 standing 
8 1102 416 1161 540 49582 0 0 1 standing 
8 1106 418 1163 542 49583 0 0 0 standing 
8 1103 416 1159 540 49584 0 0 1 standing 
9 709 400 755 524 49565 0 0 1 standing 
9 708 400 754 524 49566 0 0 1 standing 
9 706 400 752 524 49567 0 0 1 standing 
9 705 400 751 524 49568 0 0 1 standing 
9 703 400 750 524 49569 0 0 1 standing 
9 702 400 748 524 49570 0 0 1 standing 
9 700 400 747 524 49571 0 0 1 standing 
9 699 400 746 524 49572 0 0 1 standing 
9 697 400 744 524 49573 0 0 1 standing 
9 696 400 743 524 49574 0 0 1 standing 
9 695 401 742 525 49575 0 0 0 standing 
9 693 399 740 523 49576 0 0 1 standing 
9 692 398 739 522 49577 0 0 1 standing 
9 691 396 738 520 49578 0 0 1 standing 
9 690 395 737 519 49579 0 0 1 standing 
9 689 394 736 518 49580 0 0 1 standing 
9 687 392 734 516 49581 0 0 1 standing 
9 686 391 733 515 49582 0 0 1 standing 
9 685 389 732 513 49583 0 0 1 standing 
9 684 388 731 512 49584 0 0 1 standing 
10 698 372 754 487 49565 0 0 1 standing 
10 697 372 752 487 49566 0 0 1 standing 
10 696 372 750 487 49567 0 0 1 standing 
10 695 372 749 487 49568 0 0 1 standing 
10 694 372 747 487 49569 0 0 1 standing 
10 692 372 745 487 49570 0 0 1 standing 
10 691 372 743 487 49571 0 0 1 standing 
10 690 372 742 487 49572 0 0 1 standing 
10 689 372 740 487 49573 0 0 1 standing 
10 688 372 738 487 49574 0 0 1 standing 
10 687 372 737 487 49575 0 0 0 standing 
10 685 370 735 485 49576 0 0 1 standing 
10 684 369 733 484 49577 0 0 1 standing 
10 682 368 731 483 49578 0 0 1 standing 
10 681 367 729 482 49579 0 0 1 standing 
10 680 366 728 481 49580 0 0 1 standing 
10 678 365 726 479 49581 0 0 1 standing 
10 677 364 724 478 49582 0 0 1 standing 
10 675 363 722 477 49583 0 0 1 standing 
10 674 362 720 476 49584 0 0 1 standing 
11 696 347 754 452 49565 0 0 1 standing 
11 695 347 753 452 49566 0 0 1 standing 
11 694 347 752 452 49567 0 0 1 standing 
11 693 347 751 452 49568 0 0 1 standing 
11 692 347 750 452 49569 0 0 1 standing 
11 690 347 749 452 49570 0 0 1 standing 
11 689 347 748 452 49571 0 0 1 standing 
11 688 347 747 452 49572 0 0 1 standing 
11 687 347 746 452 49573 0 0 1 standing 
11 686 347 745 452 49574 0 0 1 standing 
11 685 347 744 452 49575 0 0 0 standing 
11 682 346 740 451 49576 0 0 1 standing 
11 680 346 736 451 49577 0 0 1 standing 
11 678 346 733 450 49578 0 0 1 standing 
11 676 345 729 450 49579 0 0 1 standing 
11 674 345 726 450 49580 0 0 1 standing 
11 672 345 722 449 49581 0 0 1 standing 
11 670 344 718 449 49582 0 0 1 standing 
11 668 344 715 448 49583 0 0 1 standing 
11 666 344 711 448 49584 0 0 1 standing 
