0 384 320 446 439 12705 0 1 0 spiking 
0 385 315 448 437 12706 0 1 1 spiking 
0 387 310 451 435 12707 0 1 1 spiking 
0 389 306 453 433 12708 0 1 1 spiking 
0 391 301 456 432 12709 0 1 1 spiking 
0 393 297 459 430 12710 0 1 1 spiking 
0 394 292 461 428 12711 0 1 1 spiking 
0 396 287 464 427 12712 0 1 1 spiking 
0 398 283 466 425 12713 0 1 1 spiking 
0 400 278 469 423 12714 0 1 1 spiking 
0 402 274 472 422 12715 0 1 0 spiking 
0 403 279 473 426 12716 0 1 1 spiking 
0 404 284 474 430 12717 0 1 1 spiking 
0 405 289 475 434 12718 0 1 1 spiking 
0 407 294 476 439 12719 0 1 1 spiking 
0 408 300 478 443 12720 0 1 1 spiking 
0 409 305 479 447 12721 0 1 1 spiking 
0 411 310 480 452 12722 0 1 1 spiking 
0 412 315 481 456 12723 0 1 1 spiking 
0 413 320 482 460 12724 0 1 1 spiking 
1 568 349 612 473 12705 0 1 0 spiking 
1 564 342 609 469 12706 0 1 1 blocking 
1 560 336 607 466 12707 0 1 1 blocking 
1 556 330 605 463 12708 0 1 1 blocking 
1 553 323 602 459 12709 0 1 1 blocking 
1 549 317 600 456 12710 0 1 1 blocking 
1 545 311 598 453 12711 0 1 1 blocking 
1 542 304 595 449 12712 0 1 1 blocking 
1 538 298 593 446 12713 0 1 1 blocking 
1 534 292 591 443 12714 0 1 1 blocking 
1 531 286 589 440 12715 0 1 0 blocking 
1 529 290 587 441 12716 0 1 1 blocking 
1 527 294 585 443 12717 0 1 1 blocking 
1 525 298 583 444 12718 0 1 1 blocking 
1 523 302 581 446 12719 0 1 1 blocking 
1 522 306 579 448 12720 0 1 1 blocking 
1 520 310 577 449 12721 0 1 1 blocking 
1 518 314 575 451 12722 0 1 1 blocking 
1 516 318 573 452 12723 0 1 1 blocking 
1 514 322 571 454 12724 0 1 1 blocking 
2 558 359 628 467 12705 0 1 0 blocking 
2 555 352 623 465 12706 0 1 1 blocking 
2 552 345 619 463 12707 0 1 1 blocking 
2 549 338 614 461 12708 0 1 1 blocking 
2 547 331 610 459 12709 0 1 1 blocking 
2 544 324 606 457 12710 0 1 1 blocking 
2 541 317 601 455 12711 0 1 1 blocking 
2 539 310 597 453 12712 0 1 1 blocking 
2 536 303 592 451 12713 0 1 1 blocking 
2 533 296 588 449 12714 0 1 1 blocking 
2 531 289 584 448 12715 0 1 0 blocking 
2 528 293 581 448 12716 0 1 1 blocking 
2 526 298 579 449 12717 0 1 1 blocking 
2 524 302 577 450 12718 0 1 1 blocking 
2 522 307 575 451 12719 0 1 1 blocking 
2 520 311 573 452 12720 0 1 1 blocking 
2 518 316 570 453 12721 0 1 1 blocking 
2 516 320 568 454 12722 0 1 1 blocking 
2 514 325 566 455 12723 0 1 1 blocking 
2 512 329 564 456 12724 0 1 1 blocking 
3 247 350 324 476 12705 0 0 0 blocking 
3 252 351 324 475 12706 0 0 1 standing 
3 257 352 325 475 12707 0 0 1 standing 
3 262 353 326 475 12708 0 0 0 standing 
3 263 350 326 476 12709 0 0 1 standing 
3 265 348 326 477 12710 0 0 1 standing 
3 267 346 326 478 12711 0 0 0 standing 
3 270 345 326 477 12712 0 0 1 standing 
3 273 344 326 476 12713 0 0 1 standing 
3 277 343 326 476 12714 0 0 0 standing 
3 278 339 327 472 12715 0 0 1 standing 
3 279 336 328 469 12716 0 0 1 standing 
3 280 333 329 466 12717 0 0 0 standing 
3 279 335 331 466 12718 0 0 1 standing 
3 278 338 333 467 12719 0 0 1 standing 
3 277 341 336 468 12720 0 0 0 standing 
3 278 341 337 467 12721 0 0 1 standing 
3 279 341 338 467 12722 0 0 1 standing 
3 280 341 339 466 12723 0 0 1 standing 
3 281 341 340 466 12724 0 0 1 standing 
4 244 458 332 621 12705 0 0 0 standing 
4 237 460 325 621 12706 0 0 1 standing 
4 231 462 318 622 12707 0 0 1 standing 
4 225 465 312 623 12708 0 0 0 standing 
4 218 463 300 621 12709 0 0 1 standing 
4 211 461 289 619 12710 0 0 1 standing 
4 205 460 278 618 12711 0 0 0 standing 
4 196 455 269 615 12712 0 0 1 standing 
4 187 450 260 612 12713 0 0 1 standing 
4 178 446 251 610 12714 0 0 0 standing 
4 172 440 242 606 12715 0 0 1 standing 
4 166 434 233 603 12716 0 0 1 standing 
4 160 428 224 600 12717 0 0 0 standing 
4 154 426 219 597 12718 0 0 1 standing 
4 148 424 215 594 12719 0 0 1 standing 
4 142 422 211 592 12720 0 0 0 standing 
4 138 423 206 591 12721 0 0 1 standing 
4 135 425 201 590 12722 0 0 1 standing 
4 131 427 197 589 12723 0 0 1 standing 
4 128 429 192 588 12724 0 0 1 standing 
5 357 476 438 639 12705 0 0 0 standing 
5 358 471 440 638 12706 0 0 1 standing 
5 359 467 442 637 12707 0 0 1 standing 
5 361 463 444 637 12708 0 0 0 standing 
5 361 460 444 630 12709 0 0 1 standing 
5 361 457 445 624 12710 0 0 1 standing 
5 362 455 446 618 12711 0 0 0 standing 
5 365 453 443 611 12712 0 0 1 standing 
5 369 451 440 604 12713 0 0 1 standing 
5 373 449 437 598 12714 0 0 0 standing 
5 372 445 436 596 12715 0 0 1 standing 
5 371 442 435 595 12716 0 0 1 standing 
5 370 439 434 593 12717 0 0 1 standing 
5 369 435 433 592 12718 0 0 1 standing 
5 368 432 432 590 12719 0 0 1 standing 
5 368 429 432 589 12720 0 0 0 standing 
5 367 428 430 586 12721 0 0 1 standing 
5 367 427 429 583 12722 0 0 1 standing 
5 367 427 428 580 12723 0 0 1 standing 
5 367 426 427 577 12724 0 0 1 standing 
6 473 371 526 513 12705 0 0 0 standing 
6 470 369 526 510 12706 0 0 1 standing 
6 467 367 526 507 12707 0 0 1 standing 
6 464 366 527 505 12708 0 0 0 standing 
6 462 364 525 503 12709 0 0 1 standing 
6 460 363 523 502 12710 0 0 1 standing 
6 458 362 521 501 12711 0 0 0 standing 
6 454 361 517 500 12712 0 0 1 standing 
6 450 360 514 499 12713 0 0 1 standing 
6 447 359 511 498 12714 0 0 0 standing 
6 442 360 506 499 12715 0 0 1 standing 
6 438 361 502 500 12716 0 0 1 standing 
6 434 363 498 502 12717 0 0 0 standing 
6 430 364 494 503 12718 0 0 1 standing 
6 427 365 491 504 12719 0 0 1 standing 
6 424 366 488 505 12720 0 0 0 standing 
6 422 364 485 504 12721 0 0 1 standing 
6 420 362 482 503 12722 0 0 1 standing 
6 419 361 479 503 12723 0 0 1 standing 
6 417 359 476 502 12724 0 0 1 standing 
7 359 361 432 481 12705 0 0 0 standing 
7 359 360 428 480 12706 0 0 1 waiting 
7 359 359 425 479 12707 0 0 1 waiting 
7 360 359 422 478 12708 0 0 0 waiting 
7 361 358 423 477 12709 0 0 1 waiting 
7 362 358 424 477 12710 0 0 1 waiting 
7 363 358 426 477 12711 0 0 0 waiting 
7 360 360 423 476 12712 0 0 1 waiting 
7 357 363 420 475 12713 0 0 1 waiting 
7 355 366 417 475 12714 0 0 0 waiting 
7 353 367 414 476 12715 0 0 1 waiting 
7 352 368 412 477 12716 0 0 1 waiting 
7 351 369 410 478 12717 0 0 0 waiting 
7 349 369 406 478 12718 0 0 1 waiting 
7 347 370 402 478 12719 0 0 1 waiting 
7 346 371 399 479 12720 0 0 0 waiting 
7 342 371 395 480 12721 0 0 1 waiting 
7 338 371 391 481 12722 0 0 1 waiting 
7 334 372 388 482 12723 0 0 1 waiting 
7 330 372 384 483 12724 0 0 1 waiting 
8 699 430 782 581 12705 0 0 0 waiting 
8 700 427 786 580 12706 0 0 1 moving 
8 701 425 791 580 12707 0 0 1 moving 
8 702 423 796 580 12708 0 0 0 moving 
8 700 422 794 576 12709 0 0 1 moving 
8 699 422 793 572 12710 0 0 1 moving 
8 698 422 792 569 12711 0 0 0 moving 
8 698 417 790 567 12712 0 0 1 moving 
8 699 413 789 565 12713 0 0 1 moving 
8 700 409 788 563 12714 0 0 0 moving 
8 699 407 787 558 12715 0 0 1 moving 
8 698 406 786 553 12716 0 0 1 moving 
8 698 405 786 548 12717 0 0 0 moving 
8 697 404 785 546 12718 0 0 1 moving 
8 696 404 784 544 12719 0 0 1 moving 
8 695 404 783 543 12720 0 0 0 moving 
8 695 401 777 539 12721 0 0 1 moving 
8 695 399 771 536 12722 0 0 1 moving 
8 695 397 766 532 12723 0 0 1 moving 
8 695 395 760 529 12724 0 0 1 moving 
9 918 334 991 455 12705 0 0 0 moving 
9 915 338 991 454 12706 0 0 1 moving 
9 912 342 991 454 12707 0 0 1 moving 
9 909 346 991 454 12708 0 0 0 moving 
9 905 345 987 453 12709 0 0 1 moving 
9 901 344 984 453 12710 0 0 1 moving 
9 897 344 981 453 12711 0 0 0 moving 
9 887 342 971 453 12712 0 0 1 moving 
9 877 340 961 453 12713 0 0 1 moving 
9 868 339 952 453 12714 0 0 0 moving 
9 861 337 937 454 12715 0 0 1 moving 
9 855 335 922 455 12716 0 0 1 moving 
9 849 333 908 456 12717 0 0 0 moving 
9 839 333 898 456 12718 0 0 1 moving 
9 829 333 888 457 12719 0 0 1 moving 
9 819 334 878 458 12720 0 0 0 moving 
9 811 338 870 459 12721 0 0 1 moving 
9 803 342 862 460 12722 0 0 1 moving 
9 796 346 854 461 12723 0 0 1 moving 
9 788 350 846 462 12724 0 0 1 moving 
10 988 470 1064 594 12705 0 0 0 moving 
10 979 469 1053 592 12706 0 0 1 waiting 
10 971 468 1042 591 12707 0 0 1 waiting 
10 963 467 1031 590 12708 0 0 0 waiting 
10 956 464 1024 589 12709 0 0 1 waiting 
10 949 461 1017 589 12710 0 0 1 waiting 
10 942 459 1011 589 12711 0 0 0 waiting 
10 935 453 1004 587 12712 0 0 1 waiting 
10 929 448 998 586 12713 0 0 1 waiting 
10 923 443 992 585 12714 0 0 0 waiting 
10 918 440 987 581 12715 0 0 1 waiting 
10 914 438 982 577 12716 0 0 1 waiting 
10 910 436 978 573 12717 0 0 0 waiting 
10 905 436 975 572 12718 0 0 1 waiting 
10 901 437 973 572 12719 0 0 1 waiting 
10 897 438 971 572 12720 0 0 0 waiting 
10 889 437 967 570 12721 0 0 1 waiting 
10 881 437 964 569 12722 0 0 1 waiting 
10 874 436 960 567 12723 0 0 1 waiting 
10 866 436 957 566 12724 0 0 1 waiting 
11 1053 379 1111 508 12705 0 0 0 waiting 
11 1047 382 1107 508 12706 0 0 1 waiting 
11 1042 385 1104 509 12707 0 0 1 waiting 
11 1037 388 1101 510 12708 0 0 0 waiting 
11 1033 390 1096 509 12709 0 0 1 waiting 
11 1029 393 1092 509 12710 0 0 1 waiting 
11 1025 396 1088 509 12711 0 0 0 waiting 
11 1018 392 1081 508 12712 0 0 1 waiting 
11 1011 388 1074 508 12713 0 0 1 waiting 
11 1004 384 1067 508 12714 0 0 0 waiting 
11 1000 380 1063 504 12715 0 0 1 waiting 
11 997 377 1060 501 12716 0 0 1 waiting 
11 994 374 1057 498 12717 0 0 0 waiting 
11 987 373 1052 494 12718 0 0 1 waiting 
11 981 372 1048 491 12719 0 0 1 waiting 
11 975 371 1044 488 12720 0 0 0 waiting 
11 966 370 1041 487 12721 0 0 1 waiting 
11 958 369 1039 487 12722 0 0 1 waiting 
11 949 369 1036 487 12723 0 0 1 waiting 
11 941 368 1034 487 12724 0 0 1 waiting 
