0 245 438 300 619 129955 0 1 0 spiking 
0 245 434 299 610 129956 0 1 1 spiking 
0 245 431 299 602 129957 0 1 1 spiking 
0 245 427 299 593 129958 0 1 1 spiking 
0 245 424 299 585 129959 0 1 0 spiking 
0 251 418 304 584 129960 0 1 1 spiking 
0 257 412 310 583 129961 0 1 1 spiking 
0 263 407 316 582 129962 0 1 0 spiking 
0 263 414 316 574 129963 0 1 1 spiking 
0 263 422 316 567 129964 0 1 1 spiking 
0 263 430 316 560 129965 0 1 0 spiking 
0 259 435 319 568 129966 0 1 1 spiking 
0 255 441 322 577 129967 0 1 1 spiking 
0 251 447 325 585 129968 0 1 1 spiking 
0 247 453 328 594 129969 0 1 1 spiking 
0 244 459 331 603 129970 0 1 0 spiking 
0 244 467 328 608 129971 0 1 1 spiking 
0 245 475 325 614 129972 0 1 1 spiking 
0 245 484 323 620 129973 0 1 1 spiking 
0 246 492 320 626 129974 0 1 1 spiking 
1 590 475 641 608 129955 0 1 0 spiking 
1 584 467 635 602 129956 0 1 1 blocking 
1 579 460 630 597 129957 0 1 1 blocking 
1 574 452 624 592 129958 0 1 1 blocking 
1 569 445 619 586 129959 0 1 1 blocking 
1 564 437 613 581 129960 0 1 1 blocking 
1 559 430 608 576 129961 0 1 1 blocking 
1 554 422 602 570 129962 0 1 1 blocking 
1 549 415 597 565 129963 0 1 1 blocking 
1 544 407 591 560 129964 0 1 1 blocking 
1 539 400 586 555 129965 0 1 0 blocking 
1 534 404 581 559 129966 0 1 1 blocking 
1 529 409 576 564 129967 0 1 1 blocking 
1 525 414 572 569 129968 0 1 1 blocking 
1 520 418 567 574 129969 0 1 1 blocking 
1 516 423 563 579 129970 0 1 1 blocking 
1 511 428 558 583 129971 0 1 1 blocking 
1 506 432 553 588 129972 0 1 1 blocking 
1 502 437 549 593 129973 0 1 1 blocking 
1 497 442 544 598 129974 0 1 1 blocking 
2 591 445 629 589 129955 0 1 0 blocking 
2 586 439 624 583 129956 0 1 1 blocking 
2 581 433 619 577 129957 0 1 1 blocking 
2 576 427 615 571 129958 0 1 1 blocking 
2 571 421 610 565 129959 0 1 1 blocking 
2 567 415 606 560 129960 0 1 1 blocking 
2 562 409 601 554 129961 0 1 1 blocking 
2 557 403 596 548 129962 0 1 1 blocking 
2 552 397 592 542 129963 0 1 1 blocking 
2 547 391 587 536 129964 0 1 1 blocking 
2 543 386 583 531 129965 0 1 0 blocking 
2 538 390 578 535 129966 0 1 1 blocking 
2 533 394 573 539 129967 0 1 1 blocking 
2 528 398 568 543 129968 0 1 1 blocking 
2 523 402 563 547 129969 0 1 1 blocking 
2 518 407 559 552 129970 0 1 1 blocking 
2 513 411 554 556 129971 0 1 1 blocking 
2 508 415 549 560 129972 0 1 1 blocking 
2 503 419 544 564 129973 0 1 1 blocking 
2 498 423 539 568 129974 0 1 1 blocking 
3 511 414 562 524 129955 0 0 0 blocking 
3 506 416 557 522 129956 0 0 1 standing 
3 501 418 552 521 129957 0 0 1 standing 
3 497 420 547 520 129958 0 0 0 standing 
3 493 420 543 519 129959 0 0 1 standing 
3 490 420 540 519 129960 0 0 1 standing 
3 487 421 537 519 129961 0 0 0 standing 
3 480 421 530 519 129962 0 0 1 standing 
3 473 422 523 520 129963 0 0 1 standing 
3 467 423 517 521 129964 0 0 0 standing 
3 461 422 511 519 129965 0 0 1 standing 
3 456 421 506 518 129966 0 0 1 standing 
3 451 421 501 517 129967 0 0 0 standing 
3 445 421 495 517 129968 0 0 1 standing 
3 439 422 489 518 129969 0 0 1 standing 
3 434 423 484 519 129970 0 0 0 standing 
3 425 425 478 521 129971 0 0 1 standing 
3 417 427 472 523 129972 0 0 1 standing 
3 409 430 467 525 129973 0 0 1 standing 
3 401 432 461 527 129974 0 0 1 standing 
4 498 438 546 556 129955 0 0 0 standing 
4 493 438 541 558 129956 0 0 1 standing 
4 489 439 537 560 129957 0 0 1 standing 
4 485 440 532 562 129958 0 0 1 standing 
4 480 440 528 564 129959 0 0 1 standing 
4 476 441 523 566 129960 0 0 1 standing 
4 472 442 519 568 129961 0 0 0 standing 
4 467 443 514 569 129962 0 0 1 standing 
4 462 444 509 570 129963 0 0 1 standing 
4 458 445 505 571 129964 0 0 0 standing 
4 454 446 501 570 129965 0 0 1 standing 
4 450 447 497 569 129966 0 0 1 standing 
4 447 448 493 568 129967 0 0 0 standing 
4 440 454 487 571 129968 0 0 1 standing 
4 433 461 481 574 129969 0 0 1 standing 
4 426 468 475 578 129970 0 0 0 standing 
4 419 471 470 581 129971 0 0 1 standing 
4 412 474 466 585 129972 0 0 1 standing 
4 406 477 461 588 129973 0 0 1 standing 
4 399 480 457 592 129974 0 0 1 standing 
5 649 390 697 498 129955 0 0 0 standing 
5 647 390 694 500 129956 0 0 1 standing 
5 645 391 692 503 129957 0 0 1 standing 
5 644 392 690 506 129958 0 0 0 standing 
5 641 392 687 510 129959 0 0 1 standing 
5 639 393 684 514 129960 0 0 1 standing 
5 637 394 681 518 129961 0 0 0 standing 
5 633 394 677 518 129962 0 0 1 standing 
5 629 394 673 518 129963 0 0 1 standing 
5 625 394 669 518 129964 0 0 0 standing 
5 620 398 672 520 129965 0 0 1 standing 
5 615 402 675 522 129966 0 0 1 standing 
5 611 407 678 524 129967 0 0 0 standing 
5 609 410 679 526 129968 0 0 1 standing 
5 607 413 680 528 129969 0 0 1 standing 
5 606 417 682 531 129970 0 0 0 standing 
5 600 420 676 532 129971 0 0 1 standing 
5 595 423 671 533 129972 0 0 1 standing 
5 590 426 665 535 129973 0 0 1 standing 
5 585 429 660 536 129974 0 0 1 standing 
6 1032 482 1098 613 129955 0 0 0 standing 
6 1029 482 1094 612 129956 0 0 1 standing 
6 1027 482 1090 612 129957 0 0 1 standing 
6 1025 482 1086 612 129958 0 0 0 standing 
6 1021 480 1080 611 129959 0 0 1 standing 
6 1017 479 1074 611 129960 0 0 1 standing 
6 1013 478 1069 611 129961 0 0 0 standing 
6 1009 476 1065 609 129962 0 0 1 standing 
6 1005 474 1061 607 129963 0 0 1 standing 
6 1001 473 1057 606 129964 0 0 0 standing 
6 997 473 1052 606 129965 0 0 1 standing 
6 993 473 1047 606 129966 0 0 1 standing 
6 990 474 1042 606 129967 0 0 0 standing 
6 986 477 1037 606 129968 0 0 1 standing 
6 982 480 1032 607 129969 0 0 1 standing 
6 978 483 1028 608 129970 0 0 0 standing 
6 974 483 1024 609 129971 0 0 1 standing 
6 970 484 1020 610 129972 0 0 1 standing 
6 966 485 1016 611 129973 0 0 1 standing 
6 962 486 1012 612 129974 0 0 1 standing 
7 411 410 473 528 129955 0 0 0 standing 
7 406 410 469 527 129956 0 0 1 standing 
7 401 410 465 527 129957 0 0 1 standing 
7 397 410 462 527 129958 0 0 0 standing 
7 393 410 457 526 129959 0 0 1 standing 
7 389 410 453 526 129960 0 0 1 standing 
7 385 410 449 526 129961 0 0 0 standing 
7 376 407 440 523 129962 0 0 1 standing 
7 368 405 431 520 129963 0 0 1 standing 
7 360 403 422 518 129964 0 0 0 standing 
7 353 402 411 517 129965 0 0 1 standing 
7 347 401 401 516 129966 0 0 1 standing 
7 341 400 391 516 129967 0 0 0 standing 
7 334 400 384 516 129968 0 0 1 standing 
7 327 401 377 516 129969 0 0 1 standing 
7 321 402 370 516 129970 0 0 0 standing 
7 308 406 364 517 129971 0 0 1 standing 
7 296 410 358 519 129972 0 0 1 standing 
7 284 414 352 521 129973 0 0 1 standing 
7 272 418 346 523 129974 0 0 1 standing 
8 446 357 492 471 129955 0 0 0 standing 
8 442 357 489 470 129956 0 0 1 standing 
8 438 357 486 469 129957 0 0 1 standing 
8 435 357 483 468 129958 0 0 0 standing 
8 431 358 479 469 129959 0 0 1 standing 
8 428 359 476 470 129960 0 0 1 standing 
8 424 360 473 471 129961 0 0 1 standing 
8 421 361 470 473 129962 0 0 1 standing 
8 417 362 467 474 129963 0 0 1 standing 
8 414 363 464 475 129964 0 0 1 standing 
8 411 364 460 476 129965 0 0 1 standing 
8 407 365 457 478 129966 0 0 1 standing 
8 404 366 454 479 129967 0 0 1 standing 
8 400 367 451 480 129968 0 0 1 standing 
8 397 368 448 481 129969 0 0 1 standing 
8 394 369 445 483 129970 0 0 0 standing 
8 391 370 442 484 129971 0 0 1 standing 
8 389 371 440 485 129972 0 0 1 standing 
8 387 373 438 486 129973 0 0 1 standing 
8 385 374 436 487 129974 0 0 1 standing 
9 888 402 963 503 129955 0 0 0 standing 
9 882 402 957 502 129956 0 0 1 standing 
9 877 402 951 501 129957 0 0 1 standing 
9 872 403 946 501 129958 0 0 0 standing 
9 867 402 941 501 129959 0 0 1 standing 
9 862 401 936 501 129960 0 0 1 standing 
9 858 400 931 501 129961 0 0 0 standing 
9 854 398 928 501 129962 0 0 1 standing 
9 850 397 925 501 129963 0 0 1 standing 
9 846 396 923 502 129964 0 0 0 standing 
9 843 397 918 502 129965 0 0 1 standing 
9 840 398 914 502 129966 0 0 1 standing 
9 837 399 910 503 129967 0 0 0 standing 
9 832 403 905 503 129968 0 0 1 standing 
9 827 407 900 503 129969 0 0 1 standing 
9 823 411 895 504 129970 0 0 0 standing 
9 818 413 891 505 129971 0 0 1 standing 
9 813 415 887 506 129972 0 0 1 standing 
9 808 417 883 507 129973 0 0 1 standing 
9 803 419 879 508 129974 0 0 1 standing 
10 1073 424 1132 547 129955 0 0 0 standing 
10 1066 424 1122 542 129956 0 0 1 standing 
10 1059 424 1112 538 129957 0 0 1 standing 
10 1053 424 1102 534 129958 0 0 0 standing 
10 1043 425 1092 535 129959 0 0 1 standing 
10 1034 427 1083 537 129960 0 0 1 standing 
10 1025 429 1074 539 129961 0 0 0 standing 
10 1014 428 1066 538 129962 0 0 1 standing 
10 1003 427 1059 537 129963 0 0 1 standing 
10 993 427 1052 537 129964 0 0 0 standing 
10 984 427 1042 533 129965 0 0 1 standing 
10 975 427 1033 529 129966 0 0 1 standing 
10 966 427 1024 525 129967 0 0 0 standing 
10 960 430 1018 529 129968 0 0 1 standing 
10 955 433 1012 533 129969 0 0 1 standing 
10 950 437 1007 537 129970 0 0 0 standing 
10 944 438 999 538 129971 0 0 1 standing 
10 938 440 992 540 129972 0 0 1 standing 
10 933 442 984 541 129973 0 0 1 standing 
10 927 444 977 543 129974 0 0 1 standing 
11 162 435 237 561 129955 0 0 0 standing 
11 159 435 234 561 129956 0 0 1 standing 
11 157 435 231 561 129957 0 0 1 standing 
11 155 436 229 561 129958 0 0 0 standing 
11 154 436 224 562 129959 0 0 1 standing 
11 153 436 219 563 129960 0 0 1 standing 
11 152 436 214 564 129961 0 0 0 standing 
11 149 437 210 565 129962 0 0 1 standing 
11 147 439 206 566 129963 0 0 1 standing 
11 145 441 203 568 129964 0 0 0 standing 
11 141 443 199 569 129965 0 0 1 standing 
11 137 446 195 570 129966 0 0 1 standing 
11 133 449 191 572 129967 0 0 0 standing 
11 127 450 185 573 129968 0 0 1 standing 
11 121 451 179 574 129969 0 0 1 standing 
11 115 453 173 576 129970 0 0 0 standing 
11 108 455 168 577 129971 0 0 1 standing 
11 102 458 163 578 129972 0 0 1 standing 
11 96 460 158 579 129973 0 0 1 standing 
11 90 463 153 580 129974 0 0 1 standing 
