0 295 385 337 471 9895 0 0 0 standing 
0 295 385 337 471 9896 0 0 1 standing 
0 296 385 338 471 9897 0 0 1 standing 
0 296 385 338 471 9898 0 0 1 standing 
0 297 386 339 472 9899 0 0 1 standing 
0 297 386 339 472 9900 0 0 1 standing 
0 298 386 340 472 9901 0 0 1 standing 
0 298 387 340 473 9902 0 0 1 standing 
0 299 387 341 473 9903 0 0 1 standing 
0 299 387 341 473 9904 0 0 1 standing 
0 300 388 342 474 9905 0 0 0 standing 
0 301 388 344 473 9906 0 0 1 standing 
0 302 388 346 473 9907 0 0 1 standing 
0 303 388 348 473 9908 0 0 1 standing 
0 304 388 350 473 9909 0 0 1 standing 
0 305 388 352 473 9910 0 0 1 standing 
0 306 388 354 473 9911 0 0 1 standing 
0 307 388 356 473 9912 0 0 1 standing 
0 308 388 358 473 9913 0 0 1 standing 
0 309 388 360 473 9914 0 0 1 standing 
1 379 419 422 516 9895 0 1 0 standing 
1 385 416 428 515 9896 0 1 1 setting 
1 392 413 435 515 9897 0 1 1 setting 
1 399 411 442 514 9898 0 1 1 setting 
1 406 408 448 514 9899 0 1 1 setting 
1 413 406 455 514 9900 0 1 1 setting 
1 419 403 462 513 9901 0 1 1 setting 
1 426 400 468 513 9902 0 1 1 setting 
1 433 398 475 512 9903 0 1 1 setting 
1 440 395 482 512 9904 0 1 1 setting 
1 447 393 489 512 9905 0 1 0 setting 
1 452 395 494 511 9906 0 1 1 setting 
1 458 398 500 511 9907 0 1 1 setting 
1 463 401 505 510 9908 0 1 1 setting 
1 469 404 511 510 9909 0 1 1 setting 
1 475 407 517 509 9910 0 1 1 setting 
1 480 410 522 509 9911 0 1 1 setting 
1 486 413 528 508 9912 0 1 1 setting 
1 491 416 533 508 9913 0 1 1 setting 
1 497 419 539 507 9914 0 1 1 setting 
2 446 466 498 576 9895 0 0 1 setting 
2 451 464 502 573 9896 0 0 1 standing 
2 456 462 506 570 9897 0 0 1 standing 
2 461 459 509 567 9898 0 0 1 standing 
2 467 457 513 565 9899 0 0 1 standing 
2 472 455 517 562 9900 0 0 1 standing 
2 477 452 520 559 9901 0 0 1 standing 
2 482 450 524 556 9902 0 0 1 standing 
2 487 448 528 553 9903 0 0 1 standing 
2 493 446 532 551 9904 0 0 0 standing 
2 496 445 536 550 9905 0 0 1 standing 
2 499 444 541 549 9906 0 0 1 standing 
2 502 444 546 548 9907 0 0 1 standing 
2 505 443 550 547 9908 0 0 1 standing 
2 508 442 555 546 9909 0 0 1 standing 
2 512 442 560 546 9910 0 0 0 standing 
2 515 441 561 545 9911 0 0 1 standing 
2 519 441 562 545 9912 0 0 1 standing 
2 522 440 563 545 9913 0 0 1 standing 
2 526 440 565 545 9914 0 0 0 standing 
3 535 388 579 474 9895 0 0 0 standing 
3 535 388 579 474 9896 0 0 1 standing 
3 535 388 579 475 9897 0 0 1 standing 
3 536 388 579 475 9898 0 0 1 standing 
3 536 388 580 476 9899 0 0 1 standing 
3 537 389 580 476 9900 0 0 1 standing 
3 537 389 580 477 9901 0 0 1 standing 
3 537 389 581 477 9902 0 0 1 standing 
3 538 389 581 478 9903 0 0 1 standing 
3 538 389 581 478 9904 0 0 1 standing 
3 539 390 582 479 9905 0 0 0 standing 
3 540 390 581 479 9906 0 0 1 standing 
3 541 390 581 480 9907 0 0 1 standing 
3 543 390 581 481 9908 0 0 1 standing 
3 544 390 581 481 9909 0 0 1 standing 
3 546 390 581 482 9910 0 0 1 standing 
3 547 390 581 483 9911 0 0 1 standing 
3 548 390 581 483 9912 0 0 1 standing 
3 550 390 581 484 9913 0 0 1 standing 
3 551 390 581 485 9914 0 0 1 standing 
4 801 374 849 450 9895 0 0 0 standing 
4 801 375 849 451 9896 0 0 1 standing 
4 801 377 850 453 9897 0 0 1 standing 
4 801 378 851 455 9898 0 0 1 standing 
4 801 380 852 457 9899 0 0 0 standing 
4 800 380 849 456 9900 0 0 1 standing 
4 800 380 847 456 9901 0 0 1 standing 
4 800 380 845 456 9902 0 0 1 standing 
4 799 380 843 455 9903 0 0 1 standing 
4 799 380 841 455 9904 0 0 1 standing 
4 799 380 839 455 9905 0 0 1 standing 
4 799 380 837 455 9906 0 0 0 standing 
4 798 380 837 455 9907 0 0 1 standing 
4 797 380 837 456 9908 0 0 1 standing 
4 796 380 837 457 9909 0 0 1 standing 
4 795 380 837 458 9910 0 0 1 standing 
4 794 380 837 459 9911 0 0 1 standing 
4 793 380 837 460 9912 0 0 1 standing 
4 792 380 837 461 9913 0 0 1 standing 
4 791 380 838 462 9914 0 0 0 standing 
5 602 402 640 461 9895 0 0 0 standing 
5 602 402 637 460 9896 0 0 1 standing 
5 603 402 634 460 9897 0 0 1 standing 
5 604 402 632 460 9898 0 0 0 standing 
5 604 402 635 460 9899 0 0 1 standing 
5 605 402 638 460 9900 0 0 1 standing 
5 606 402 641 460 9901 0 0 1 standing 
5 607 402 644 460 9902 0 0 1 standing 
5 608 402 647 460 9903 0 0 1 standing 
5 609 402 650 460 9904 0 0 1 standing 
5 610 402 654 461 9905 0 0 0 standing 
5 614 400 656 462 9906 0 0 1 standing 
5 618 399 659 464 9907 0 0 1 standing 
5 623 398 661 465 9908 0 0 1 standing 
5 627 397 664 467 9909 0 0 1 standing 
5 631 396 666 468 9910 0 0 1 standing 
5 636 395 669 470 9911 0 0 1 standing 
5 640 394 671 471 9912 0 0 1 standing 
5 644 393 674 473 9913 0 0 1 standing 
5 649 392 677 475 9914 0 0 0 standing 
6 881 419 924 508 9895 0 0 0 standing 
6 881 419 924 508 9896 0 0 1 standing 
6 881 420 924 508 9897 0 0 1 standing 
6 882 420 924 508 9898 0 0 1 standing 
6 882 421 924 508 9899 0 0 1 standing 
6 882 421 925 508 9900 0 0 1 standing 
6 883 422 925 508 9901 0 0 1 standing 
6 883 422 925 508 9902 0 0 1 standing 
6 883 423 925 508 9903 0 0 1 standing 
6 884 424 926 509 9904 0 0 0 standing 
6 884 424 926 508 9905 0 0 1 standing 
6 884 424 926 507 9906 0 0 1 standing 
6 884 424 926 507 9907 0 0 1 standing 
6 884 424 926 506 9908 0 0 1 standing 
6 885 424 927 506 9909 0 0 1 standing 
6 885 424 927 505 9910 0 0 1 standing 
6 885 425 927 505 9911 0 0 1 standing 
6 885 425 927 504 9912 0 0 1 standing 
6 886 425 928 504 9913 0 0 1 standing 
6 886 425 928 503 9914 0 0 1 standing 
7 376 402 408 482 9895 0 0 0 standing 
7 376 402 407 484 9896 0 0 1 standing 
7 376 402 407 486 9897 0 0 1 standing 
7 376 402 407 489 9898 0 0 0 standing 
7 376 402 407 488 9899 0 0 1 standing 
7 376 402 407 488 9900 0 0 1 standing 
7 376 402 407 488 9901 0 0 1 standing 
7 376 402 407 488 9902 0 0 1 standing 
7 376 402 407 488 9903 0 0 1 standing 
7 376 402 407 488 9904 0 0 1 standing 
7 376 402 407 488 9905 0 0 0 standing 
7 376 403 408 489 9906 0 0 1 standing 
7 377 404 409 491 9907 0 0 1 standing 
7 377 406 410 492 9908 0 0 1 standing 
7 378 407 411 494 9909 0 0 1 standing 
7 378 409 413 496 9910 0 0 1 standing 
7 379 410 414 497 9911 0 0 1 standing 
7 379 411 415 499 9912 0 0 1 standing 
7 380 413 416 500 9913 0 0 1 standing 
7 380 414 417 502 9914 0 0 1 standing 
8 608 416 642 501 9895 0 0 0 standing 
8 607 418 641 500 9896 0 0 1 standing 
8 606 420 640 500 9897 0 0 1 standing 
8 606 422 640 500 9898 0 0 0 standing 
8 605 420 639 499 9899 0 0 1 standing 
8 605 419 639 498 9900 0 0 1 standing 
8 605 417 639 498 9901 0 0 1 standing 
8 604 416 639 497 9902 0 0 1 standing 
8 604 414 639 496 9903 0 0 1 standing 
8 604 413 639 496 9904 0 0 0 standing 
8 605 412 640 496 9905 0 0 1 standing 
8 606 412 642 497 9906 0 0 1 standing 
8 607 412 644 498 9907 0 0 1 standing 
8 608 412 646 499 9908 0 0 1 standing 
8 609 412 648 500 9909 0 0 1 standing 
8 611 412 650 501 9910 0 0 0 standing 
8 614 412 651 502 9911 0 0 1 standing 
8 617 412 653 503 9912 0 0 1 standing 
8 620 412 655 504 9913 0 0 1 standing 
8 623 412 657 505 9914 0 0 1 standing 
9 872 490 913 576 9895 0 0 0 standing 
9 871 492 911 576 9896 0 0 1 standing 
9 870 494 910 576 9897 0 0 1 standing 
9 869 496 909 576 9898 0 0 1 standing 
9 868 498 908 576 9899 0 0 1 standing 
9 867 501 907 577 9900 0 0 0 standing 
9 866 499 906 577 9901 0 0 1 standing 
9 865 497 905 577 9902 0 0 1 standing 
9 864 496 904 578 9903 0 0 1 standing 
9 863 494 903 578 9904 0 0 1 standing 
9 862 493 903 579 9905 0 0 0 standing 
9 860 492 902 578 9906 0 0 1 standing 
9 859 491 901 577 9907 0 0 1 standing 
9 857 490 900 576 9908 0 0 1 standing 
9 856 489 899 575 9909 0 0 1 standing 
9 854 488 898 574 9910 0 0 1 standing 
9 853 487 897 573 9911 0 0 1 standing 
9 852 486 897 573 9912 0 0 0 standing 
9 850 485 894 573 9913 0 0 1 standing 
9 849 484 891 573 9914 0 0 1 standing 
10 397 355 435 425 9895 0 0 0 standing 
10 398 354 436 424 9896 0 0 1 standing 
10 399 353 438 424 9897 0 0 1 standing 
10 400 353 440 424 9898 0 0 0 standing 
10 403 352 441 424 9899 0 0 1 standing 
10 406 352 443 424 9900 0 0 1 standing 
10 410 351 444 425 9901 0 0 1 standing 
10 413 351 446 425 9902 0 0 1 standing 
10 417 350 447 426 9903 0 0 1 standing 
10 420 350 449 426 9904 0 0 1 standing 
10 424 350 451 427 9905 0 0 0 standing 
10 424 350 455 428 9906 0 0 1 standing 
10 425 351 459 430 9907 0 0 1 standing 
10 426 351 463 432 9908 0 0 1 standing 
10 427 352 467 434 9909 0 0 0 standing 
10 428 352 468 434 9910 0 0 1 standing 
10 430 353 469 434 9911 0 0 1 standing 
10 432 354 470 435 9912 0 0 0 standing 
10 437 354 471 436 9913 0 0 1 standing 
10 443 355 472 437 9914 0 0 1 standing 
11 602 439 640 521 9895 0 0 0 standing 
11 604 439 641 520 9896 0 0 1 standing 
11 606 439 643 520 9897 0 0 1 standing 
11 608 439 645 520 9898 0 0 1 standing 
11 610 439 647 520 9899 0 0 1 standing 
11 612 439 649 520 9900 0 0 1 standing 
11 614 439 651 520 9901 0 0 1 standing 
11 616 439 653 520 9902 0 0 1 standing 
11 618 439 655 520 9903 0 0 1 standing 
11 620 439 657 520 9904 0 0 1 standing 
11 622 439 659 520 9905 0 0 0 standing 
11 625 439 663 522 9906 0 0 1 standing 
11 629 440 667 524 9907 0 0 1 standing 
11 632 441 671 526 9908 0 0 1 standing 
11 636 442 675 528 9909 0 0 1 standing 
11 639 443 680 530 9910 0 0 1 standing 
11 643 444 684 532 9911 0 0 1 standing 
11 646 445 688 534 9912 0 0 1 standing 
11 650 446 692 536 9913 0 0 1 standing 
11 653 447 696 538 9914 0 0 1 standing 
