0 384 426 482 547 84495 0 1 0 spiking 
0 384 422 481 550 84496 0 1 1 spiking 
0 384 419 481 553 84497 0 1 1 spiking 
0 384 416 480 556 84498 0 1 1 spiking 
0 384 413 480 559 84499 0 1 1 spiking 
0 385 410 480 563 84500 0 1 0 spiking 
0 384 413 480 568 84501 0 1 1 spiking 
0 384 416 480 573 84502 0 1 1 spiking 
0 384 419 480 578 84503 0 1 1 spiking 
0 384 422 480 583 84504 0 1 1 spiking 
0 384 425 481 589 84505 0 1 0 spiking 
0 377 434 471 595 84506 0 1 1 spiking 
0 371 443 462 602 84507 0 1 1 spiking 
0 364 452 453 608 84508 0 1 1 spiking 
0 358 461 443 615 84509 0 1 1 spiking 
0 351 470 434 621 84510 0 1 1 spiking 
0 345 479 425 628 84511 0 1 1 spiking 
0 339 488 416 635 84512 0 1 0 spiking 
0 333 497 408 631 84513 0 1 1 spiking 
0 327 506 400 627 84514 0 1 1 spiking 
1 670 475 720 621 84495 0 1 0 spiking 
1 659 465 710 616 84496 0 1 1 standing 
1 649 455 700 611 84497 0 1 1 standing 
1 639 446 690 606 84498 0 1 1 standing 
1 629 436 680 601 84499 0 1 1 standing 
1 618 426 670 596 84500 0 1 1 standing 
1 608 417 660 591 84501 0 1 1 standing 
1 598 407 650 586 84502 0 1 1 standing 
1 588 398 641 582 84503 0 1 0 standing 
1 569 397 625 579 84504 0 1 1 standing 
1 551 396 609 576 84505 0 1 1 standing 
1 533 396 593 573 84506 0 1 1 standing 
1 515 395 577 570 84507 0 1 1 standing 
1 497 395 561 567 84508 0 1 0 standing 
1 485 402 551 572 84509 0 1 1 standing 
1 474 410 541 577 84510 0 1 1 standing 
1 462 418 531 582 84511 0 1 1 standing 
1 451 425 522 588 84512 0 1 1 standing 
1 439 433 512 593 84513 0 1 1 standing 
1 428 441 502 598 84514 0 1 1 standing 
2 352 453 402 584 84495 0 0 0 standing 
2 343 452 395 583 84496 0 0 1 standing 
2 335 451 388 583 84497 0 0 1 standing 
2 327 450 381 583 84498 0 0 0 standing 
2 317 450 374 583 84499 0 0 1 standing 
2 308 450 368 583 84500 0 0 1 standing 
2 299 451 362 584 84501 0 0 0 standing 
2 286 449 349 584 84502 0 0 1 standing 
2 273 448 336 584 84503 0 0 1 standing 
2 261 447 324 584 84504 0 0 0 standing 
2 246 445 308 584 84505 0 0 1 standing 
2 231 443 293 584 84506 0 0 1 standing 
2 216 442 278 584 84507 0 0 0 standing 
2 201 442 264 585 84508 0 0 1 standing 
2 187 443 250 586 84509 0 0 1 standing 
2 173 444 236 588 84510 0 0 0 standing 
2 159 443 218 587 84511 0 0 1 standing 
2 146 442 201 586 84512 0 0 1 standing 
2 132 441 184 585 84513 0 0 1 standing 
2 119 440 167 584 84514 0 0 1 standing 
3 468 400 528 513 84495 0 0 0 standing 
3 460 396 519 512 84496 0 0 1 standing 
3 452 392 511 512 84497 0 0 1 standing 
3 444 388 503 512 84498 0 0 0 standing 
3 427 385 494 512 84499 0 0 1 standing 
3 410 383 485 513 84500 0 0 1 standing 
3 393 381 476 514 84501 0 0 0 standing 
3 384 380 467 513 84502 0 0 1 standing 
3 375 380 459 513 84503 0 0 1 standing 
3 367 380 451 513 84504 0 0 0 standing 
3 346 383 430 513 84505 0 0 1 standing 
3 326 387 409 513 84506 0 0 1 standing 
3 306 391 389 514 84507 0 0 0 standing 
3 292 392 375 517 84508 0 0 1 standing 
3 278 394 361 520 84509 0 0 1 standing 
3 264 396 347 524 84510 0 0 0 standing 
3 249 395 332 524 84511 0 0 1 standing 
3 234 394 317 524 84512 0 0 1 standing 
3 219 394 302 525 84513 0 0 1 standing 
3 204 393 287 525 84514 0 0 1 standing 
4 523 425 622 560 84495 0 0 0 standing 
4 513 423 610 558 84496 0 0 1 standing 
4 503 422 598 556 84497 0 0 1 standing 
4 494 421 587 555 84498 0 0 0 standing 
4 483 419 571 553 84499 0 0 1 standing 
4 472 418 556 551 84500 0 0 1 standing 
4 462 417 541 550 84501 0 0 0 standing 
4 450 408 521 548 84502 0 0 1 standing 
4 438 399 502 546 84503 0 0 1 standing 
4 426 390 483 544 84504 0 0 0 standing 
4 404 391 461 545 84505 0 0 1 standing 
4 382 392 439 546 84506 0 0 1 standing 
4 361 394 418 548 84507 0 0 0 standing 
4 341 396 401 547 84508 0 0 1 standing 
4 322 398 384 546 84509 0 0 1 standing 
4 303 401 368 545 84510 0 0 0 standing 
4 291 400 353 545 84511 0 0 1 standing 
4 279 399 339 545 84512 0 0 1 standing 
4 267 398 325 545 84513 0 0 1 standing 
4 255 397 311 545 84514 0 0 1 standing 
5 554 325 624 463 84495 0 0 0 standing 
5 547 326 611 462 84496 0 0 1 standing 
5 540 327 599 462 84497 0 0 1 standing 
5 534 328 587 462 84498 0 0 0 standing 
5 528 330 579 464 84499 0 0 1 standing 
5 522 333 571 466 84500 0 0 1 standing 
5 516 336 563 469 84501 0 0 0 standing 
5 504 337 552 470 84502 0 0 1 standing 
5 492 338 542 471 84503 0 0 1 standing 
5 480 339 532 473 84504 0 0 0 standing 
5 465 339 517 473 84505 0 0 1 standing 
5 450 340 502 474 84506 0 0 1 standing 
5 435 341 487 475 84507 0 0 0 standing 
5 421 341 473 475 84508 0 0 1 standing 
5 408 341 460 475 84509 0 0 1 standing 
5 395 342 447 476 84510 0 0 0 standing 
5 381 342 433 476 84511 0 0 1 standing 
5 367 342 419 476 84512 0 0 1 standing 
5 353 342 405 476 84513 0 0 1 standing 
5 339 342 391 476 84514 0 0 1 standing 
6 592 391 652 556 84495 0 0 0 standing 
6 586 400 642 553 84496 0 0 1 standing 
6 580 409 632 550 84497 0 0 1 standing 
6 575 419 623 548 84498 0 0 0 standing 
6 566 419 614 549 84499 0 0 1 standing 
6 558 419 605 551 84500 0 0 1 standing 
6 550 420 597 553 84501 0 0 0 standing 
6 538 419 585 552 84502 0 0 1 standing 
6 526 418 573 551 84503 0 0 1 standing 
6 515 417 562 550 84504 0 0 0 standing 
6 500 414 548 550 84505 0 0 1 standing 
6 486 411 534 550 84506 0 0 1 standing 
6 472 408 521 550 84507 0 0 0 standing 
6 457 406 506 549 84508 0 0 1 standing 
6 442 405 491 548 84509 0 0 1 standing 
6 427 404 476 548 84510 0 0 0 standing 
6 411 402 463 548 84511 0 0 1 standing 
6 395 400 450 548 84512 0 0 1 standing 
6 379 398 437 548 84513 0 0 1 standing 
6 363 396 424 548 84514 0 0 1 standing 
7 676 404 736 535 84495 0 0 0 standing 
7 664 404 724 532 84496 0 0 1 blocking 
7 653 405 712 530 84497 0 0 1 blocking 
7 642 406 701 528 84498 0 0 0 blocking 
7 634 404 693 528 84499 0 0 1 blocking 
7 626 403 685 529 84500 0 0 1 blocking 
7 618 402 677 530 84501 0 0 0 blocking 
7 607 399 666 531 84502 0 0 1 blocking 
7 596 396 655 532 84503 0 0 1 blocking 
7 586 394 644 534 84504 0 0 0 blocking 
7 573 392 631 532 84505 0 0 1 blocking 
7 561 390 619 530 84506 0 0 1 blocking 
7 549 389 607 529 84507 0 0 0 blocking 
7 534 389 592 529 84508 0 0 1 blocking 
7 520 389 578 529 84509 0 0 1 blocking 
7 506 389 564 529 84510 0 0 0 blocking 
7 491 388 549 528 84511 0 0 1 blocking 
7 476 387 534 527 84512 0 0 1 blocking 
7 461 387 520 527 84513 0 0 1 blocking 
7 446 386 505 526 84514 0 0 1 blocking 
8 712 369 763 479 84495 0 0 0 blocking 
8 704 368 763 478 84496 0 0 1 standing 
8 697 368 763 477 84497 0 0 1 standing 
8 690 368 764 477 84498 0 0 0 standing 
8 683 370 763 475 84499 0 0 1 standing 
8 677 372 763 474 84500 0 0 1 standing 
8 671 375 763 473 84501 0 0 0 standing 
8 660 374 754 472 84502 0 0 1 standing 
8 649 373 745 472 84503 0 0 1 standing 
8 638 372 737 472 84504 0 0 0 standing 
8 630 371 721 472 84505 0 0 1 standing 
8 623 370 705 472 84506 0 0 1 standing 
8 616 369 690 473 84507 0 0 0 standing 
8 612 369 683 473 84508 0 0 1 standing 
8 608 369 676 473 84509 0 0 1 standing 
8 605 370 670 474 84510 0 0 0 standing 
8 593 370 659 474 84511 0 0 1 standing 
8 582 371 649 475 84512 0 0 1 standing 
8 571 372 639 476 84513 0 0 1 standing 
8 560 373 629 477 84514 0 0 1 standing 
9 947 389 1018 515 84495 0 0 0 standing 
9 941 390 1012 517 84496 0 0 1 waiting 
9 936 392 1006 519 84497 0 0 1 waiting 
9 931 394 1000 522 84498 0 0 0 waiting 
9 925 393 990 518 84499 0 0 1 waiting 
9 920 393 981 514 84500 0 0 1 waiting 
9 915 393 972 511 84501 0 0 0 waiting 
9 906 393 965 510 84502 0 0 1 waiting 
9 897 393 959 510 84503 0 0 1 waiting 
9 889 393 953 510 84504 0 0 0 waiting 
9 877 394 941 512 84505 0 0 1 waiting 
9 865 395 929 515 84506 0 0 1 waiting 
9 854 396 917 518 84507 0 0 0 waiting 
9 840 398 903 516 84508 0 0 1 waiting 
9 827 401 890 514 84509 0 0 1 waiting 
9 814 404 877 513 84510 0 0 0 waiting 
9 803 407 866 511 84511 0 0 1 waiting 
9 792 410 855 510 84512 0 0 1 waiting 
9 781 414 844 508 84513 0 0 1 waiting 
9 770 417 833 507 84514 0 0 1 waiting 
10 1018 419 1116 525 84495 0 0 0 waiting 
10 1011 420 1108 525 84496 0 0 1 waiting 
10 1004 421 1100 525 84497 0 0 1 waiting 
10 998 422 1092 525 84498 0 0 0 waiting 
10 991 419 1087 524 84499 0 0 1 waiting 
10 985 417 1082 523 84500 0 0 1 waiting 
10 979 415 1077 523 84501 0 0 0 waiting 
10 972 415 1075 523 84502 0 0 1 waiting 
10 965 415 1073 523 84503 0 0 1 waiting 
10 958 416 1071 524 84504 0 0 0 waiting 
10 948 415 1054 523 84505 0 0 1 waiting 
10 938 414 1038 522 84506 0 0 1 waiting 
10 928 413 1022 521 84507 0 0 0 waiting 
10 914 413 1008 521 84508 0 0 1 waiting 
10 900 414 994 522 84509 0 0 1 waiting 
10 886 415 980 523 84510 0 0 0 waiting 
10 874 415 968 521 84511 0 0 1 waiting 
10 862 416 956 519 84512 0 0 1 waiting 
10 850 417 944 517 84513 0 0 1 waiting 
10 838 418 932 515 84514 0 0 1 waiting 
11 1022 506 1117 633 84495 0 0 0 waiting 
11 1016 505 1109 633 84496 0 0 1 waiting 
11 1010 504 1101 633 84497 0 0 1 waiting 
11 1005 504 1094 633 84498 0 0 0 waiting 
11 1002 503 1089 632 84499 0 0 1 waiting 
11 1000 502 1085 631 84500 0 0 1 waiting 
11 998 502 1081 630 84501 0 0 0 waiting 
11 989 503 1068 629 84502 0 0 1 waiting 
11 981 504 1055 629 84503 0 0 1 waiting 
11 973 506 1042 629 84504 0 0 0 waiting 
11 962 505 1026 628 84505 0 0 1 waiting 
11 951 505 1010 628 84506 0 0 1 waiting 
11 940 505 994 628 84507 0 0 0 waiting 
11 929 503 983 626 84508 0 0 1 waiting 
11 918 502 972 625 84509 0 0 1 waiting 
11 907 501 961 624 84510 0 0 0 waiting 
11 895 498 952 622 84511 0 0 1 waiting 
11 884 495 943 620 84512 0 0 1 waiting 
11 873 492 935 618 84513 0 0 1 waiting 
11 862 489 926 616 84514 0 0 1 waiting 
