0 247 369 317 595 43845 0 1 0 spiking 
0 253 370 327 584 43846 0 1 1 spiking 
0 259 372 338 573 43847 0 1 1 spiking 
0 265 373 349 562 43848 0 1 1 spiking 
0 272 375 360 552 43849 0 1 0 spiking 
0 278 368 362 556 43850 0 1 1 spiking 
0 284 362 365 560 43851 0 1 1 spiking 
0 290 356 368 564 43852 0 1 1 spiking 
0 297 350 371 568 43853 0 1 0 spiking 
0 299 361 379 570 43854 0 1 1 spiking 
0 301 373 388 573 43855 0 1 1 spiking 
0 303 385 397 575 43856 0 1 1 spiking 
0 305 397 406 578 43857 0 1 1 spiking 
0 308 409 415 581 43858 0 1 0 spiking 
0 309 414 414 582 43859 0 1 1 spiking 
0 311 419 413 584 43860 0 1 1 spiking 
0 313 424 412 585 43861 0 1 1 spiking 
0 315 430 412 587 43862 0 1 0 spiking 
0 312 431 407 584 43863 0 1 1 spiking 
0 309 432 402 582 43864 0 1 1 spiking 
1 633 433 679 566 43845 0 1 0 spiking 
1 629 426 675 563 43846 0 1 1 blocking 
1 625 419 671 561 43847 0 1 1 blocking 
1 621 412 667 558 43848 0 1 1 blocking 
1 617 405 663 556 43849 0 1 1 blocking 
1 613 398 659 553 43850 0 1 1 blocking 
1 610 392 656 551 43851 0 1 1 blocking 
1 606 385 652 548 43852 0 1 1 blocking 
1 602 378 648 546 43853 0 1 1 blocking 
1 598 371 644 543 43854 0 1 1 blocking 
1 594 364 640 541 43855 0 1 1 blocking 
1 591 358 637 539 43856 0 1 0 blocking 
1 584 361 632 542 43857 0 1 1 blocking 
1 578 364 628 545 43858 0 1 1 blocking 
1 572 367 624 548 43859 0 1 1 blocking 
1 566 370 620 551 43860 0 1 1 blocking 
1 560 373 615 554 43861 0 1 1 blocking 
1 554 376 611 557 43862 0 1 1 blocking 
1 548 379 607 560 43863 0 1 1 blocking 
1 542 382 603 563 43864 0 1 1 blocking 
2 632 451 683 593 43845 0 1 0 blocking 
2 627 442 678 589 43846 0 1 1 blocking 
2 623 434 674 585 43847 0 1 1 blocking 
2 619 425 670 582 43848 0 1 1 blocking 
2 615 417 665 578 43849 0 1 1 blocking 
2 611 408 661 574 43850 0 1 1 blocking 
2 607 400 657 571 43851 0 1 1 blocking 
2 603 391 653 567 43852 0 1 1 blocking 
2 599 383 648 563 43853 0 1 1 blocking 
2 595 374 644 560 43854 0 1 1 blocking 
2 591 366 640 556 43855 0 1 1 blocking 
2 587 358 636 553 43856 0 1 0 blocking 
2 581 363 630 558 43857 0 1 1 blocking 
2 575 368 624 563 43858 0 1 1 blocking 
2 569 374 618 569 43859 0 1 1 blocking 
2 563 379 612 574 43860 0 1 1 blocking 
2 557 385 606 580 43861 0 1 1 blocking 
2 551 390 600 585 43862 0 1 1 blocking 
2 545 396 594 591 43863 0 1 1 blocking 
2 539 401 588 596 43864 0 1 1 blocking 
3 208 409 279 541 43845 0 0 0 blocking 
3 211 406 283 538 43846 0 0 1 standing 
3 215 403 287 535 43847 0 0 1 standing 
3 219 401 291 533 43848 0 0 0 standing 
3 226 401 291 533 43849 0 0 1 standing 
3 233 401 292 533 43850 0 0 1 standing 
3 241 401 293 533 43851 0 0 0 standing 
3 237 401 292 534 43852 0 0 1 standing 
3 233 401 292 535 43853 0 0 1 standing 
3 229 402 292 537 43854 0 0 0 standing 
3 230 402 293 537 43855 0 0 1 standing 
3 231 402 294 537 43856 0 0 1 standing 
3 232 402 296 537 43857 0 0 0 standing 
3 232 401 296 532 43858 0 0 1 standing 
3 232 400 296 528 43859 0 0 1 standing 
3 233 400 297 524 43860 0 0 0 standing 
3 231 399 290 524 43861 0 0 1 standing 
3 230 398 284 525 43862 0 0 1 standing 
3 228 397 277 526 43863 0 0 1 standing 
3 227 396 271 527 43864 0 0 1 standing 
4 229 434 288 574 43845 0 0 0 standing 
4 225 433 290 572 43846 0 0 1 digging 
4 221 432 293 571 43847 0 0 1 digging 
4 217 432 296 570 43848 0 0 0 digging 
4 220 431 299 569 43849 0 0 1 digging 
4 224 431 303 569 43850 0 0 1 digging 
4 228 431 307 569 43851 0 0 0 digging 
4 235 430 307 568 43852 0 0 1 digging 
4 242 429 307 568 43853 0 0 1 digging 
4 249 429 308 568 43854 0 0 0 digging 
4 250 429 309 568 43855 0 0 1 digging 
4 252 429 311 568 43856 0 0 1 digging 
4 254 430 313 569 43857 0 0 0 digging 
4 253 430 312 569 43858 0 0 1 digging 
4 252 430 311 569 43859 0 0 1 digging 
4 251 430 310 569 43860 0 0 0 digging 
4 248 430 307 568 43861 0 0 1 digging 
4 245 431 304 568 43862 0 0 1 digging 
4 242 432 301 568 43863 0 0 1 digging 
4 239 433 298 568 43864 0 0 1 digging 
5 442 418 509 554 43845 0 0 0 digging 
5 438 417 506 553 43846 0 0 1 standing 
5 435 416 503 553 43847 0 0 1 standing 
5 432 415 501 553 43848 0 0 0 standing 
5 430 414 494 553 43849 0 0 1 standing 
5 428 414 487 553 43850 0 0 1 standing 
5 427 414 481 553 43851 0 0 0 standing 
5 423 413 477 552 43852 0 0 1 standing 
5 419 413 473 552 43853 0 0 1 standing 
5 415 413 469 552 43854 0 0 0 standing 
5 411 413 465 552 43855 0 0 1 standing 
5 407 413 461 552 43856 0 0 1 standing 
5 404 413 458 552 43857 0 0 0 standing 
5 400 414 454 553 43858 0 0 1 standing 
5 396 415 450 554 43859 0 0 1 standing 
5 393 416 447 555 43860 0 0 0 standing 
5 386 416 440 553 43861 0 0 1 standing 
5 380 416 434 551 43862 0 0 1 standing 
5 373 416 427 549 43863 0 0 1 standing 
5 367 416 421 547 43864 0 0 1 standing 
6 499 401 571 531 43845 0 0 0 standing 
6 496 401 568 531 43846 0 0 1 standing 
6 493 401 565 531 43847 0 0 1 standing 
6 490 401 562 531 43848 0 0 0 standing 
6 487 402 559 530 43849 0 0 1 standing 
6 484 403 556 529 43850 0 0 1 standing 
6 481 405 554 528 43851 0 0 0 standing 
6 477 406 550 530 43852 0 0 1 standing 
6 473 407 546 533 43853 0 0 1 standing 
6 469 408 542 536 43854 0 0 0 standing 
6 463 407 538 535 43855 0 0 1 standing 
6 457 407 535 534 43856 0 0 1 standing 
6 452 407 532 534 43857 0 0 0 standing 
6 447 407 527 534 43858 0 0 1 standing 
6 443 407 523 534 43859 0 0 1 standing 
6 439 408 519 535 43860 0 0 0 standing 
6 433 406 513 533 43861 0 0 1 standing 
6 428 405 508 532 43862 0 0 1 standing 
6 423 404 503 531 43863 0 0 1 standing 
6 418 403 498 530 43864 0 0 1 standing 
7 512 374 594 491 43845 0 0 0 standing 
7 510 375 592 492 43846 0 0 1 standing 
7 508 376 590 493 43847 0 0 1 standing 
7 506 377 588 494 43848 0 0 0 standing 
7 509 375 587 494 43849 0 0 1 standing 
7 512 374 586 495 43850 0 0 1 standing 
7 516 373 585 496 43851 0 0 0 standing 
7 514 371 583 495 43852 0 0 1 standing 
7 513 370 582 494 43853 0 0 1 standing 
7 512 369 581 493 43854 0 0 0 standing 
7 503 370 575 493 43855 0 0 1 standing 
7 494 372 569 493 43856 0 0 1 standing 
7 486 374 564 493 43857 0 0 0 standing 
7 482 373 560 492 43858 0 0 1 standing 
7 478 373 556 492 43859 0 0 1 standing 
7 474 373 552 492 43860 0 0 0 standing 
7 467 373 545 492 43861 0 0 1 standing 
7 460 373 538 492 43862 0 0 1 standing 
7 453 373 531 492 43863 0 0 1 standing 
7 446 373 524 492 43864 0 0 1 standing 
8 733 385 819 506 43845 0 0 0 standing 
8 731 385 817 506 43846 0 0 1 standing 
8 729 385 816 507 43847 0 0 1 standing 
8 727 385 815 508 43848 0 0 0 standing 
8 724 384 812 507 43849 0 0 1 standing 
8 721 383 809 506 43850 0 0 1 standing 
8 718 382 806 505 43851 0 0 0 standing 
8 716 382 804 505 43852 0 0 1 standing 
8 714 382 802 505 43853 0 0 1 standing 
8 712 382 801 505 43854 0 0 0 standing 
8 706 383 797 505 43855 0 0 1 standing 
8 701 385 793 506 43856 0 0 1 standing 
8 696 387 790 507 43857 0 0 0 standing 
8 690 390 784 506 43858 0 0 1 standing 
8 684 393 778 505 43859 0 0 1 standing 
8 678 397 772 504 43860 0 0 0 standing 
8 671 396 765 503 43861 0 0 1 standing 
8 664 396 758 503 43862 0 0 1 standing 
8 658 395 752 503 43863 0 0 1 standing 
8 651 395 745 503 43864 0 0 1 standing 
9 942 360 1044 489 43845 0 0 0 standing 
9 939 360 1041 489 43846 0 0 1 digging 
9 936 360 1038 489 43847 0 0 1 digging 
9 933 360 1036 489 43848 0 0 0 digging 
9 942 358 1034 488 43849 0 0 1 digging 
9 952 357 1032 488 43850 0 0 1 digging 
9 962 356 1031 488 43851 0 0 0 digging 
9 966 356 1035 488 43852 0 0 1 digging 
9 970 356 1039 488 43853 0 0 1 digging 
9 975 356 1044 488 43854 0 0 0 digging 
9 977 359 1045 490 43855 0 0 1 digging 
9 979 363 1047 492 43856 0 0 1 digging 
9 981 367 1049 494 43857 0 0 0 digging 
9 973 371 1041 494 43858 0 0 1 digging 
9 966 376 1034 494 43859 0 0 1 digging 
9 959 381 1027 494 43860 0 0 0 digging 
9 951 385 1021 493 43861 0 0 1 digging 
9 943 390 1015 493 43862 0 0 1 digging 
9 935 394 1009 493 43863 0 0 1 digging 
9 927 399 1003 493 43864 0 0 1 digging 
10 1101 406 1168 538 43845 0 0 0 digging 
10 1102 406 1169 538 43846 0 0 1 standing 
10 1103 406 1170 538 43847 0 0 1 standing 
10 1105 406 1172 538 43848 0 0 0 standing 
10 1104 406 1175 538 43849 0 0 1 standing 
10 1104 406 1178 538 43850 0 0 1 standing 
10 1104 406 1181 538 43851 0 0 0 standing 
10 1102 404 1175 536 43852 0 0 1 standing 
10 1100 402 1169 534 43853 0 0 1 standing 
10 1099 401 1163 533 43854 0 0 0 standing 
10 1095 402 1160 534 43855 0 0 1 standing 
10 1091 404 1158 535 43856 0 0 1 standing 
10 1087 406 1156 536 43857 0 0 0 standing 
10 1079 408 1148 535 43858 0 0 1 standing 
10 1072 410 1140 535 43859 0 0 1 standing 
10 1065 412 1133 535 43860 0 0 0 standing 
10 1055 412 1124 533 43861 0 0 1 standing 
10 1046 412 1116 531 43862 0 0 1 standing 
10 1036 412 1108 529 43863 0 0 1 standing 
10 1027 412 1100 527 43864 0 0 1 standing 
11 1048 479 1116 625 43845 0 0 0 standing 
11 1044 480 1111 626 43846 0 0 1 digging 
11 1041 481 1106 628 43847 0 0 1 digging 
11 1038 483 1102 630 43848 0 0 0 digging 
11 1034 482 1100 629 43849 0 0 1 digging 
11 1030 481 1098 628 43850 0 0 1 digging 
11 1027 481 1096 628 43851 0 0 0 digging 
11 1019 480 1089 626 43852 0 0 1 digging 
11 1011 480 1083 624 43853 0 0 1 digging 
11 1003 480 1077 623 43854 0 0 0 digging 
11 997 481 1071 624 43855 0 0 1 digging 
11 991 482 1065 626 43856 0 0 1 digging 
11 985 484 1059 628 43857 0 0 0 digging 
11 976 484 1050 626 43858 0 0 1 digging 
11 967 484 1041 624 43859 0 0 1 digging 
11 958 484 1032 623 43860 0 0 0 digging 
11 951 483 1023 621 43861 0 0 1 digging 
11 944 482 1014 619 43862 0 0 1 digging 
11 938 481 1005 617 43863 0 0 1 digging 
11 931 480 996 615 43864 0 0 1 digging 
