0 763 400 818 526 4340 0 1 0 setting 
0 750 391 805 518 4341 0 1 1 setting 
0 738 382 793 511 4342 0 1 1 setting 
0 726 373 781 504 4343 0 1 0 setting 
0 718 366 772 500 4344 0 1 1 setting 
0 710 359 764 496 4345 0 1 1 setting 
0 702 352 755 492 4346 0 1 1 setting 
0 695 346 747 488 4347 0 1 0 setting 
0 688 339 740 480 4348 0 1 1 setting 
0 681 332 734 472 4349 0 1 1 setting 
0 674 326 728 465 4350 0 1 0 setting 
0 669 324 719 463 4351 0 1 1 setting 
0 664 322 710 461 4352 0 1 1 setting 
0 659 320 702 460 4353 0 1 0 setting 
0 647 325 695 462 4354 0 1 1 setting 
0 636 330 689 464 4355 0 1 1 setting 
0 625 335 683 466 4356 0 1 1 setting 
0 614 341 677 468 4357 0 1 0 setting 
0 603 346 666 471 4358 0 1 1 setting 
0 592 352 655 474 4359 0 1 1 setting 
1 708 337 783 450 4340 0 1 0 setting 
1 705 332 778 448 4341 0 1 1 standing 
1 702 327 774 447 4342 0 1 1 standing 
1 700 323 770 446 4343 0 1 0 standing 
1 700 326 768 445 4344 0 1 1 standing 
1 700 330 766 445 4345 0 1 1 standing 
1 700 333 764 444 4346 0 1 1 standing 
1 701 337 763 444 4347 0 1 0 standing 
1 705 334 761 442 4348 0 1 1 standing 
1 710 331 759 441 4349 0 1 1 standing 
1 715 328 757 440 4350 0 1 0 standing 
1 709 315 753 436 4351 0 1 1 standing 
1 704 302 749 433 4352 0 1 1 standing 
1 699 290 746 430 4353 0 1 1 standing 
1 694 277 742 427 4354 0 1 1 standing 
1 689 265 739 424 4355 0 1 0 standing 
1 684 271 737 422 4356 0 1 1 standing 
1 679 277 736 421 4357 0 1 1 standing 
1 674 283 734 420 4358 0 1 1 standing 
1 669 289 733 419 4359 0 1 1 standing 
2 512 254 571 347 4340 0 1 0 standing 
2 503 252 566 344 4341 0 1 1 moving 
2 495 250 561 341 4342 0 1 1 moving 
2 487 249 557 339 4343 0 1 0 moving 
2 487 247 557 336 4344 0 1 1 moving 
2 487 245 558 334 4345 0 1 1 moving 
2 487 243 558 332 4346 0 1 1 moving 
2 488 242 559 329 4347 0 1 1 moving 
2 488 240 559 327 4348 0 1 1 moving 
2 488 238 560 325 4349 0 1 1 moving 
2 489 237 561 323 4350 0 1 0 moving 
2 493 237 563 323 4351 0 1 1 moving 
2 497 237 566 323 4352 0 1 1 moving 
2 502 238 569 324 4353 0 1 0 moving 
2 499 237 570 324 4354 0 1 1 moving 
2 496 237 571 324 4355 0 1 1 moving 
2 493 237 572 324 4356 0 1 1 moving 
2 491 237 574 324 4357 0 1 0 moving 
2 494 238 572 325 4358 0 1 1 moving 
2 497 240 570 326 4359 0 1 1 moving 
3 295 436 391 556 4340 0 1 0 moving 
3 290 437 389 556 4341 0 1 1 moving 
3 285 439 387 556 4342 0 1 1 moving 
3 280 441 386 556 4343 0 1 0 moving 
3 283 440 390 555 4344 0 1 1 moving 
3 287 439 395 554 4345 0 1 1 moving 
3 291 438 400 553 4346 0 1 1 moving 
3 295 438 405 553 4347 0 1 0 moving 
3 295 435 406 552 4348 0 1 1 moving 
3 295 433 408 552 4349 0 1 1 moving 
3 295 431 409 552 4350 0 1 1 moving 
3 295 429 411 552 4351 0 1 0 moving 
3 302 428 414 551 4352 0 1 1 moving 
3 310 428 417 551 4353 0 1 1 moving 
3 317 428 421 551 4354 0 1 1 moving 
3 325 427 424 550 4355 0 1 1 moving 
3 332 427 427 550 4356 0 1 1 moving 
3 340 427 431 550 4357 0 1 0 moving 
3 346 427 440 550 4358 0 1 1 moving 
3 352 427 449 550 4359 0 1 1 moving 
4 344 358 386 469 4340 0 0 0 moving 
4 335 358 387 473 4341 0 0 1 moving 
4 327 358 388 477 4342 0 0 1 moving 
4 319 359 389 482 4343 0 0 0 moving 
4 317 357 390 482 4344 0 0 1 moving 
4 315 356 391 483 4345 0 0 1 moving 
4 313 354 392 483 4346 0 0 1 moving 
4 311 353 394 484 4347 0 0 0 moving 
4 317 352 392 479 4348 0 0 1 moving 
4 323 351 390 475 4349 0 0 1 moving 
4 329 350 388 471 4350 0 0 1 moving 
4 335 349 387 467 4351 0 0 0 moving 
4 336 349 395 465 4352 0 0 1 moving 
4 337 349 403 463 4353 0 0 1 moving 
4 338 349 411 461 4354 0 0 1 moving 
4 340 349 419 460 4355 0 0 0 moving 
4 342 348 415 461 4356 0 0 1 moving 
4 345 347 411 462 4357 0 0 1 moving 
4 347 347 408 463 4358 0 0 1 moving 
4 350 346 404 464 4359 0 0 1 moving 
5 496 311 540 421 4340 0 0 0 moving 
5 492 311 536 420 4341 0 0 1 standing 
5 489 311 533 420 4342 0 0 1 standing 
5 486 311 530 420 4343 0 0 1 standing 
5 483 312 526 420 4344 0 0 1 standing 
5 480 312 523 420 4345 0 0 1 standing 
5 476 312 520 419 4346 0 0 1 standing 
5 473 313 516 419 4347 0 0 1 standing 
5 470 313 513 419 4348 0 0 1 standing 
5 467 313 510 419 4349 0 0 1 standing 
5 464 314 507 419 4350 0 0 0 standing 
5 463 314 507 420 4351 0 0 1 standing 
5 462 314 507 421 4352 0 0 1 standing 
5 461 314 508 422 4353 0 0 1 standing 
5 460 314 508 423 4354 0 0 1 standing 
5 459 314 509 424 4355 0 0 0 standing 
5 454 317 505 424 4356 0 0 1 standing 
5 450 320 501 424 4357 0 0 1 standing 
5 445 324 497 425 4358 0 0 1 standing 
5 441 327 493 425 4359 0 0 1 standing 
6 935 416 978 561 4340 0 0 0 standing 
6 920 414 970 558 4341 0 0 1 standing 
6 906 412 962 556 4342 0 0 1 standing 
6 892 411 955 554 4343 0 0 0 standing 
6 886 409 946 553 4344 0 0 1 standing 
6 880 408 937 552 4345 0 0 1 standing 
6 874 407 929 551 4346 0 0 1 standing 
6 869 405 920 550 4347 0 0 1 standing 
6 863 404 912 549 4348 0 0 1 standing 
6 857 403 903 548 4349 0 0 1 standing 
6 852 402 895 547 4350 0 0 0 standing 
6 845 402 888 545 4351 0 0 1 standing 
6 839 403 882 544 4352 0 0 1 standing 
6 833 404 876 543 4353 0 0 1 standing 
6 827 405 869 542 4354 0 0 1 standing 
6 821 406 863 541 4355 0 0 1 standing 
6 815 407 857 540 4356 0 0 1 standing 
6 809 408 851 539 4357 0 0 0 standing 
6 800 408 842 540 4358 0 0 1 standing 
6 791 408 833 541 4359 0 0 1 standing 
7 874 325 923 467 4340 0 0 0 standing 
7 870 325 917 466 4341 0 0 1 standing 
7 866 325 911 465 4342 0 0 1 standing 
7 862 325 906 465 4343 0 0 0 standing 
7 857 325 901 465 4344 0 0 1 standing 
7 852 325 897 465 4345 0 0 1 standing 
7 847 326 892 465 4346 0 0 1 standing 
7 842 326 888 465 4347 0 0 1 standing 
7 837 327 883 465 4348 0 0 1 standing 
7 832 327 879 465 4349 0 0 1 standing 
7 827 328 875 465 4350 0 0 0 standing 
7 823 330 871 467 4351 0 0 1 standing 
7 819 332 868 469 4352 0 0 1 standing 
7 816 335 865 471 4353 0 0 1 standing 
7 812 337 862 474 4354 0 0 1 standing 
7 809 340 859 476 4355 0 0 1 standing 
7 805 342 856 478 4356 0 0 1 standing 
7 802 345 853 481 4357 0 0 0 standing 
7 795 346 846 482 4358 0 0 1 standing 
7 788 347 840 483 4359 0 0 1 standing 
8 889 300 925 405 4340 0 0 0 standing 
8 883 300 920 404 4341 0 0 1 standing 
8 877 300 916 404 4342 0 0 1 standing 
8 871 300 911 404 4343 0 0 1 standing 
8 865 300 907 404 4344 0 0 1 standing 
8 859 300 902 404 4345 0 0 1 standing 
8 853 300 898 404 4346 0 0 1 standing 
8 847 300 893 404 4347 0 0 1 standing 
8 841 300 889 404 4348 0 0 1 standing 
8 835 300 884 404 4349 0 0 1 standing 
8 829 300 880 404 4350 0 0 0 standing 
8 826 300 875 404 4351 0 0 1 standing 
8 823 300 870 405 4352 0 0 1 standing 
8 820 300 865 406 4353 0 0 1 standing 
8 817 300 860 407 4354 0 0 1 standing 
8 814 300 855 408 4355 0 0 1 standing 
8 811 300 850 409 4356 0 0 1 standing 
8 808 300 846 410 4357 0 0 0 standing 
8 803 303 840 411 4358 0 0 1 standing 
8 799 307 834 412 4359 0 0 1 standing 
9 1165 309 1242 419 4340 0 0 0 standing 
9 1157 307 1233 418 4341 0 0 1 standing 
9 1149 305 1225 418 4342 0 0 1 standing 
9 1142 304 1217 418 4343 0 0 0 standing 
9 1136 302 1209 415 4344 0 0 1 standing 
9 1131 301 1201 413 4345 0 0 1 standing 
9 1125 299 1193 411 4346 0 0 1 standing 
9 1120 298 1185 409 4347 0 0 1 standing 
9 1114 296 1177 407 4348 0 0 1 standing 
9 1109 295 1169 405 4349 0 0 1 standing 
9 1104 294 1162 403 4350 0 0 0 standing 
9 1100 294 1156 402 4351 0 0 1 standing 
9 1097 294 1151 401 4352 0 0 1 standing 
9 1094 294 1146 401 4353 0 0 0 standing 
9 1089 294 1141 401 4354 0 0 1 standing 
9 1084 295 1136 402 4355 0 0 1 standing 
9 1079 296 1131 402 4356 0 0 1 standing 
9 1075 297 1126 403 4357 0 0 0 standing 
9 1067 297 1120 402 4358 0 0 1 standing 
9 1060 297 1115 401 4359 0 0 1 standing 
10 1205 353 1272 479 4340 0 0 0 standing 
10 1207 354 1268 479 4341 0 0 1 standing 
10 1209 356 1265 479 4342 0 0 1 standing 
10 1212 358 1262 480 4343 0 0 0 standing 
10 1210 358 1266 479 4344 0 0 1 standing 
10 1209 358 1270 478 4345 0 0 1 standing 
10 1208 358 1274 477 4346 0 0 1 standing 
10 1207 358 1278 476 4347 0 0 0 standing 
10 1206 358 1278 475 4348 0 0 1 standing 
10 1205 358 1278 474 4349 0 0 1 standing 
10 1205 358 1278 474 4350 0 0 0 standing 
10 1206 357 1277 474 4351 0 0 1 standing 
10 1207 356 1276 474 4352 0 0 1 standing 
10 1209 356 1276 475 4353 0 0 0 standing 
10 1210 355 1274 476 4354 0 0 1 standing 
10 1211 355 1273 477 4355 0 0 1 standing 
10 1212 354 1272 478 4356 0 0 1 standing 
10 1213 354 1271 480 4357 0 0 0 standing 
10 1210 356 1273 479 4358 0 0 1 standing 
10 1207 359 1275 478 4359 0 0 1 standing 
11 1159 436 1228 556 4340 0 0 0 standing 
11 1156 436 1226 556 4341 0 0 1 waiting 
11 1154 436 1224 557 4342 0 0 1 waiting 
11 1152 436 1222 557 4343 0 0 1 waiting 
11 1150 437 1220 558 4344 0 0 1 waiting 
11 1148 437 1218 558 4345 0 0 1 waiting 
11 1146 437 1216 559 4346 0 0 1 waiting 
11 1144 438 1214 560 4347 0 0 0 waiting 
11 1143 439 1212 560 4348 0 0 1 waiting 
11 1142 440 1210 560 4349 0 0 1 waiting 
11 1141 442 1208 561 4350 0 0 0 waiting 
11 1139 443 1206 562 4351 0 0 1 waiting 
11 1137 445 1204 563 4352 0 0 1 waiting 
11 1136 447 1203 564 4353 0 0 1 waiting 
11 1134 449 1201 566 4354 0 0 1 waiting 
11 1133 451 1200 567 4355 0 0 1 waiting 
11 1131 453 1198 568 4356 0 0 1 waiting 
11 1130 455 1197 570 4357 0 0 0 waiting 
11 1131 456 1194 569 4358 0 0 1 waiting 
11 1132 458 1191 569 4359 0 0 1 waiting 
