0 249 425 310 547 48230 0 0 0 standing 
0 246 425 306 547 48231 0 0 1 standing 
0 244 426 302 547 48232 0 0 1 standing 
0 241 426 299 548 48233 0 0 1 standing 
0 239 427 295 548 48234 0 0 1 standing 
0 236 427 292 549 48235 0 0 1 standing 
0 234 428 288 549 48236 0 0 1 standing 
0 232 429 285 550 48237 0 0 0 standing 
0 229 429 281 550 48238 0 0 1 standing 
0 227 429 277 550 48239 0 0 1 standing 
0 225 429 274 550 48240 0 0 0 standing 
0 224 428 273 550 48241 0 0 1 standing 
0 223 427 272 550 48242 0 0 1 standing 
0 222 426 271 551 48243 0 0 0 standing 
0 218 425 267 550 48244 0 0 1 standing 
0 215 424 264 550 48245 0 0 1 standing 
0 212 423 261 549 48246 0 0 1 standing 
0 209 422 257 549 48247 0 0 1 standing 
0 206 421 254 548 48248 0 0 1 standing 
0 203 420 251 548 48249 0 0 1 standing 
1 535 439 592 565 48230 0 1 0 standing 
1 534 436 591 563 48231 0 1 1 digging 
1 534 433 590 562 48232 0 1 1 digging 
1 533 430 589 561 48233 0 1 1 digging 
1 533 428 588 560 48234 0 1 1 digging 
1 532 425 587 559 48235 0 1 1 digging 
1 532 422 586 558 48236 0 1 1 digging 
1 531 419 585 557 48237 0 1 1 digging 
1 531 417 585 556 48238 0 1 0 digging 
1 531 413 584 555 48239 0 1 1 digging 
1 531 409 583 555 48240 0 1 1 digging 
1 531 405 582 554 48241 0 1 1 digging 
1 531 401 581 554 48242 0 1 0 digging 
1 530 393 580 553 48243 0 1 1 digging 
1 530 385 579 553 48244 0 1 1 digging 
1 530 377 579 553 48245 0 1 0 digging 
1 527 381 581 554 48246 0 1 1 digging 
1 525 386 583 555 48247 0 1 1 digging 
1 522 390 585 556 48248 0 1 1 digging 
1 520 395 588 557 48249 0 1 0 digging 
2 480 311 540 410 48230 0 0 0 digging 
2 474 312 533 410 48231 0 0 1 moving 
2 469 313 527 411 48232 0 0 1 moving 
2 464 315 521 412 48233 0 0 0 moving 
2 458 314 514 411 48234 0 0 1 moving 
2 453 313 508 410 48235 0 0 1 moving 
2 447 312 502 409 48236 0 0 1 moving 
2 442 311 496 408 48237 0 0 1 moving 
2 437 311 490 408 48238 0 0 0 moving 
2 434 311 486 408 48239 0 0 1 moving 
2 431 312 483 409 48240 0 0 1 moving 
2 428 313 480 410 48241 0 0 1 moving 
2 425 314 477 411 48242 0 0 1 moving 
2 423 315 474 412 48243 0 0 0 moving 
2 420 316 472 413 48244 0 0 1 moving 
2 417 317 470 414 48245 0 0 1 moving 
2 414 318 469 415 48246 0 0 0 moving 
2 411 317 466 414 48247 0 0 1 moving 
2 408 317 464 414 48248 0 0 1 moving 
2 405 316 462 413 48249 0 0 1 moving 
3 727 436 780 568 48230 0 0 0 moving 
3 722 435 775 567 48231 0 0 1 standing 
3 717 435 770 567 48232 0 0 1 standing 
3 713 435 765 566 48233 0 0 1 standing 
3 708 434 760 566 48234 0 0 1 standing 
3 704 434 755 565 48235 0 0 1 standing 
3 699 434 750 565 48236 0 0 1 standing 
3 695 433 745 564 48237 0 0 1 standing 
3 690 433 740 564 48238 0 0 1 standing 
3 686 433 735 564 48239 0 0 0 standing 
3 683 431 731 562 48240 0 0 1 standing 
3 680 429 727 560 48241 0 0 1 standing 
3 677 427 724 558 48242 0 0 1 standing 
3 674 426 720 556 48243 0 0 1 standing 
3 671 424 716 554 48244 0 0 1 standing 
3 668 422 713 553 48245 0 0 1 standing 
3 665 420 709 551 48246 0 0 1 standing 
3 662 419 705 549 48247 0 0 1 standing 
3 659 417 702 547 48248 0 0 1 standing 
3 656 415 698 545 48249 0 0 1 standing 
4 713 354 756 477 48230 0 0 0 standing 
4 708 354 751 477 48231 0 0 1 standing 
4 703 355 746 477 48232 0 0 1 standing 
4 699 355 741 477 48233 0 0 1 standing 
4 694 356 737 477 48234 0 0 1 standing 
4 689 357 732 477 48235 0 0 1 standing 
4 685 357 727 477 48236 0 0 1 standing 
4 680 358 722 477 48237 0 0 1 standing 
4 676 359 718 477 48238 0 0 0 standing 
4 673 358 715 476 48239 0 0 1 standing 
4 670 357 712 475 48240 0 0 1 standing 
4 667 357 709 474 48241 0 0 1 standing 
4 664 356 706 474 48242 0 0 1 standing 
4 661 355 703 473 48243 0 0 1 standing 
4 658 355 700 472 48244 0 0 1 standing 
4 655 354 697 471 48245 0 0 1 standing 
4 653 354 694 471 48246 0 0 0 standing 
4 650 352 691 469 48247 0 0 1 standing 
4 648 351 689 468 48248 0 0 1 standing 
4 646 350 687 467 48249 0 0 1 standing 
5 1017 374 1086 499 48230 0 0 0 standing 
5 1016 372 1084 497 48231 0 0 1 standing 
5 1015 371 1082 496 48232 0 0 1 standing 
5 1014 370 1081 495 48233 0 0 0 standing 
5 1016 369 1079 495 48234 0 0 1 standing 
5 1018 368 1078 495 48235 0 0 1 standing 
5 1020 367 1077 495 48236 0 0 1 standing 
5 1022 366 1076 495 48237 0 0 1 standing 
5 1025 365 1075 496 48238 0 0 0 standing 
5 1026 364 1076 495 48239 0 0 1 standing 
5 1028 364 1078 494 48240 0 0 1 standing 
5 1029 364 1079 493 48241 0 0 1 standing 
5 1031 364 1081 492 48242 0 0 1 standing 
5 1033 364 1083 491 48243 0 0 0 standing 
5 1033 366 1087 492 48244 0 0 1 standing 
5 1033 368 1091 494 48245 0 0 1 standing 
5 1033 370 1095 496 48246 0 0 1 standing 
5 1033 372 1099 497 48247 0 0 1 standing 
5 1033 374 1103 499 48248 0 0 1 standing 
5 1033 376 1107 501 48249 0 0 1 standing 
6 327 511 416 588 48230 0 0 0 standing 
6 323 511 409 589 48231 0 0 1 falling 
6 319 511 402 590 48232 0 0 1 falling 
6 315 512 396 591 48233 0 0 0 falling 
6 312 509 391 589 48234 0 0 1 falling 
6 310 507 386 588 48235 0 0 1 falling 
6 307 505 381 586 48236 0 0 1 falling 
6 305 503 376 585 48237 0 0 1 falling 
6 302 501 371 583 48238 0 0 1 falling 
6 300 499 366 582 48239 0 0 1 falling 
6 298 497 362 581 48240 0 0 0 falling 
6 293 493 357 582 48241 0 0 1 falling 
6 288 490 353 584 48242 0 0 1 falling 
6 283 487 349 586 48243 0 0 1 falling 
6 278 484 345 588 48244 0 0 1 falling 
6 273 481 341 590 48245 0 0 1 falling 
6 268 478 337 592 48246 0 0 1 falling 
6 264 475 333 594 48247 0 0 0 falling 
6 258 475 329 597 48248 0 0 1 falling 
6 252 476 325 600 48249 0 0 1 falling 
7 338 369 400 491 48230 0 0 0 falling 
7 335 369 396 491 48231 0 0 1 standing 
7 333 369 393 492 48232 0 0 1 standing 
7 331 369 390 493 48233 0 0 1 standing 
7 328 370 387 493 48234 0 0 1 standing 
7 326 370 384 494 48235 0 0 1 standing 
7 324 370 381 495 48236 0 0 1 standing 
7 321 371 378 495 48237 0 0 1 standing 
7 319 371 375 496 48238 0 0 1 standing 
7 317 371 372 497 48239 0 0 1 standing 
7 315 372 369 498 48240 0 0 0 standing 
7 314 372 368 498 48241 0 0 1 standing 
7 313 372 367 498 48242 0 0 1 standing 
7 313 372 367 498 48243 0 0 1 standing 
7 312 372 366 498 48244 0 0 1 standing 
7 312 372 366 498 48245 0 0 1 standing 
7 311 372 365 498 48246 0 0 1 standing 
7 310 372 364 498 48247 0 0 1 standing 
7 310 372 364 498 48248 0 0 1 standing 
7 309 372 363 498 48249 0 0 1 standing 
8 562 359 608 491 48230 0 0 0 standing 
8 557 359 603 491 48231 0 0 1 standing 
8 552 359 598 491 48232 0 0 1 standing 
8 547 359 593 491 48233 0 0 0 standing 
8 542 359 588 491 48234 0 0 1 standing 
8 538 359 584 491 48235 0 0 1 standing 
8 534 359 580 491 48236 0 0 1 standing 
8 530 359 576 491 48237 0 0 1 standing 
8 526 359 572 491 48238 0 0 1 standing 
8 522 359 568 491 48239 0 0 1 standing 
8 518 359 564 491 48240 0 0 0 standing 
8 513 360 560 492 48241 0 0 1 standing 
8 508 361 556 493 48242 0 0 1 standing 
8 503 362 552 494 48243 0 0 1 standing 
8 498 363 548 495 48244 0 0 1 standing 
8 494 364 545 497 48245 0 0 1 standing 
8 489 365 541 498 48246 0 0 1 standing 
8 484 366 537 499 48247 0 0 1 standing 
8 479 367 533 500 48248 0 0 1 standing 
8 474 368 529 501 48249 0 0 1 standing 
9 710 397 753 532 48230 0 0 0 standing 
9 705 396 748 531 48231 0 0 1 standing 
9 701 395 744 530 48232 0 0 1 standing 
9 697 394 740 529 48233 0 0 1 standing 
9 693 393 736 528 48234 0 0 1 standing 
9 689 392 732 527 48235 0 0 1 standing 
9 684 391 727 526 48236 0 0 1 standing 
9 680 390 723 525 48237 0 0 1 standing 
9 676 389 719 524 48238 0 0 1 standing 
9 672 388 715 523 48239 0 0 1 standing 
9 668 388 711 523 48240 0 0 0 standing 
9 665 387 708 522 48241 0 0 1 standing 
9 662 387 705 521 48242 0 0 1 standing 
9 660 387 702 520 48243 0 0 1 standing 
9 657 386 699 519 48244 0 0 1 standing 
9 655 386 697 518 48245 0 0 1 standing 
9 652 386 694 517 48246 0 0 1 standing 
9 649 385 691 516 48247 0 0 1 standing 
9 647 385 688 515 48248 0 0 1 standing 
9 644 385 685 514 48249 0 0 1 standing 
10 1001 348 1041 474 48230 0 0 0 standing 
10 994 347 1035 472 48231 0 0 1 standing 
10 988 346 1029 471 48232 0 0 1 standing 
10 982 345 1023 469 48233 0 0 1 standing 
10 976 344 1018 468 48234 0 0 1 standing 
10 970 343 1012 466 48235 0 0 1 standing 
10 964 342 1006 465 48236 0 0 1 standing 
10 958 341 1001 463 48237 0 0 1 standing 
10 952 340 995 462 48238 0 0 1 standing 
10 946 339 989 460 48239 0 0 1 standing 
10 940 339 984 459 48240 0 0 0 standing 
10 937 338 981 458 48241 0 0 1 standing 
10 934 338 979 458 48242 0 0 1 standing 
10 931 337 977 457 48243 0 0 1 standing 
10 928 337 974 457 48244 0 0 1 standing 
10 926 337 972 456 48245 0 0 1 standing 
10 923 336 970 456 48246 0 0 1 standing 
10 920 336 967 455 48247 0 0 1 standing 
10 917 335 965 455 48248 0 0 1 standing 
10 914 335 963 454 48249 0 0 1 standing 
11 1108 465 1168 600 48230 0 0 0 standing 
11 1103 464 1164 599 48231 0 0 1 waiting 
11 1099 463 1160 598 48232 0 0 1 waiting 
11 1095 463 1156 598 48233 0 0 1 waiting 
11 1091 462 1152 597 48234 0 0 1 waiting 
11 1087 462 1148 597 48235 0 0 1 waiting 
11 1083 461 1144 596 48236 0 0 1 waiting 
11 1079 460 1140 595 48237 0 0 1 waiting 
11 1075 460 1136 595 48238 0 0 1 waiting 
11 1071 459 1132 594 48239 0 0 1 waiting 
11 1067 459 1128 594 48240 0 0 0 waiting 
11 1063 458 1123 592 48241 0 0 1 waiting 
11 1059 458 1119 590 48242 0 0 1 waiting 
11 1056 457 1114 589 48243 0 0 1 waiting 
11 1052 457 1110 587 48244 0 0 1 waiting 
11 1049 457 1106 586 48245 0 0 1 waiting 
11 1045 456 1101 584 48246 0 0 1 waiting 
11 1041 456 1097 582 48247 0 0 1 waiting 
11 1038 455 1092 581 48248 0 0 1 waiting 
11 1034 455 1088 579 48249 0 0 1 waiting 
