0 638 404 696 540 35875 0 1 0 blocking 
0 641 399 699 539 35876 0 1 1 blocking 
0 645 394 702 538 35877 0 1 1 blocking 
0 649 390 705 537 35878 0 1 1 blocking 
0 653 385 708 536 35879 0 1 1 blocking 
0 657 381 712 535 35880 0 1 1 blocking 
0 661 376 715 534 35881 0 1 1 blocking 
0 665 371 718 533 35882 0 1 1 blocking 
0 669 367 721 532 35883 0 1 1 blocking 
0 673 362 724 531 35884 0 1 1 blocking 
0 677 358 728 531 35885 0 1 0 blocking 
0 678 357 731 530 35886 0 1 1 blocking 
0 680 356 735 529 35887 0 1 1 blocking 
0 682 356 738 528 35888 0 1 1 blocking 
0 683 355 742 528 35889 0 1 1 blocking 
0 685 355 745 527 35890 0 1 1 blocking 
0 687 354 749 526 35891 0 1 1 blocking 
0 688 353 752 526 35892 0 1 1 blocking 
0 690 353 756 525 35893 0 1 1 blocking 
0 692 352 759 524 35894 0 1 1 blocking 
1 646 434 692 593 35875 0 1 0 blocking 
1 649 427 695 588 35876 0 1 1 blocking 
1 652 420 698 583 35877 0 1 1 blocking 
1 656 414 702 579 35878 0 1 1 blocking 
1 659 407 705 574 35879 0 1 1 blocking 
1 663 401 708 569 35880 0 1 1 blocking 
1 666 394 712 565 35881 0 1 1 blocking 
1 670 388 715 560 35882 0 1 1 blocking 
1 673 381 718 555 35883 0 1 1 blocking 
1 677 375 722 551 35884 0 1 1 blocking 
1 680 368 725 546 35885 0 1 1 blocking 
1 684 362 729 542 35886 0 1 0 blocking 
1 687 363 732 542 35887 0 1 1 blocking 
1 691 364 736 543 35888 0 1 1 blocking 
1 695 365 740 543 35889 0 1 1 blocking 
1 699 366 744 544 35890 0 1 0 blocking 
1 702 368 747 544 35891 0 1 1 blocking 
1 706 370 751 545 35892 0 1 1 blocking 
1 709 372 755 546 35893 0 1 1 blocking 
1 713 374 759 547 35894 0 1 1 blocking 
2 886 367 982 506 35875 0 1 0 blocking 
2 885 367 976 505 35876 0 1 1 spiking 
2 884 367 971 505 35877 0 1 1 spiking 
2 883 367 966 505 35878 0 1 1 spiking 
2 882 367 961 505 35879 0 1 1 spiking 
2 882 367 956 505 35880 0 1 1 spiking 
2 881 367 951 504 35881 0 1 1 spiking 
2 880 367 946 504 35882 0 1 1 spiking 
2 879 367 941 504 35883 0 1 1 spiking 
2 878 367 936 504 35884 0 1 1 spiking 
2 878 367 931 504 35885 0 1 0 spiking 
2 876 372 929 507 35886 0 1 1 spiking 
2 874 378 927 511 35887 0 1 1 spiking 
2 873 383 925 514 35888 0 1 1 spiking 
2 871 389 924 518 35889 0 1 1 spiking 
2 870 394 922 522 35890 0 1 1 spiking 
2 868 400 920 525 35891 0 1 1 spiking 
2 866 405 919 529 35892 0 1 1 spiking 
2 865 411 917 532 35893 0 1 1 spiking 
2 863 416 915 536 35894 0 1 1 spiking 
3 197 442 260 556 35875 0 0 0 spiking 
3 197 439 260 554 35876 0 0 1 digging 
3 198 437 260 552 35877 0 0 1 digging 
3 199 435 260 551 35878 0 0 0 digging 
3 199 433 261 550 35879 0 0 1 digging 
3 199 431 263 549 35880 0 0 1 digging 
3 200 430 265 549 35881 0 0 0 digging 
3 202 429 267 548 35882 0 0 1 digging 
3 204 428 269 547 35883 0 0 1 digging 
3 206 428 271 547 35884 0 0 0 digging 
3 206 428 268 547 35885 0 0 1 digging 
3 206 429 266 547 35886 0 0 1 digging 
3 206 430 264 548 35887 0 0 0 digging 
3 208 431 266 549 35888 0 0 1 digging 
3 210 432 268 550 35889 0 0 1 digging 
3 212 434 271 552 35890 0 0 0 digging 
3 215 433 274 551 35891 0 0 1 digging 
3 219 433 278 551 35892 0 0 1 digging 
3 223 433 282 551 35893 0 0 0 digging 
3 228 432 284 551 35894 0 0 1 digging 
4 267 486 356 584 35875 0 0 0 digging 
4 263 486 353 588 35876 0 0 1 digging 
4 259 486 350 592 35877 0 0 1 digging 
4 255 486 347 596 35878 0 0 0 digging 
4 254 485 346 595 35879 0 0 1 digging 
4 254 485 345 594 35880 0 0 1 digging 
4 254 485 345 593 35881 0 0 0 digging 
4 255 485 344 592 35882 0 0 1 digging 
4 256 485 344 592 35883 0 0 1 digging 
4 257 485 344 592 35884 0 0 0 digging 
4 259 485 344 592 35885 0 0 1 digging 
4 262 485 344 592 35886 0 0 1 digging 
4 265 485 345 592 35887 0 0 0 digging 
4 267 481 346 592 35888 0 0 1 digging 
4 269 478 347 592 35889 0 0 1 digging 
4 271 475 349 592 35890 0 0 0 digging 
4 276 471 351 590 35891 0 0 1 digging 
4 281 468 354 588 35892 0 0 1 digging 
4 287 465 357 587 35893 0 0 0 digging 
4 290 463 360 587 35894 0 0 1 digging 
5 322 388 393 486 35875 0 0 0 digging 
5 321 387 388 485 35876 0 0 1 waiting 
5 321 386 384 484 35877 0 0 1 waiting 
5 321 386 380 483 35878 0 0 0 waiting 
5 322 386 382 483 35879 0 0 1 waiting 
5 323 386 384 483 35880 0 0 1 waiting 
5 324 387 386 483 35881 0 0 0 waiting 
5 326 387 386 482 35882 0 0 1 waiting 
5 328 387 386 482 35883 0 0 1 waiting 
5 330 387 387 482 35884 0 0 0 waiting 
5 331 389 388 485 35885 0 0 1 waiting 
5 332 391 389 488 35886 0 0 1 waiting 
5 333 394 391 492 35887 0 0 0 waiting 
5 335 394 393 492 35888 0 0 1 waiting 
5 337 394 395 492 35889 0 0 1 waiting 
5 339 395 397 493 35890 0 0 0 waiting 
5 342 397 407 492 35891 0 0 1 waiting 
5 345 400 417 492 35892 0 0 1 waiting 
5 349 403 427 492 35893 0 0 0 waiting 
5 353 402 433 491 35894 0 0 1 waiting 
6 645 380 697 481 35875 0 0 0 waiting 
6 646 375 698 476 35876 0 0 1 standing 
6 647 371 699 472 35877 0 0 1 standing 
6 648 367 700 468 35878 0 0 0 standing 
6 649 366 701 468 35879 0 0 1 standing 
6 651 365 702 469 35880 0 0 1 standing 
6 653 365 704 470 35881 0 0 1 standing 
6 655 364 705 470 35882 0 0 1 standing 
6 657 363 706 471 35883 0 0 1 standing 
6 659 363 708 472 35884 0 0 0 standing 
6 661 363 710 472 35885 0 0 1 standing 
6 663 363 712 472 35886 0 0 1 standing 
6 665 364 714 472 35887 0 0 0 standing 
6 667 363 716 471 35888 0 0 1 standing 
6 670 362 719 471 35889 0 0 1 standing 
6 673 362 722 471 35890 0 0 0 standing 
6 673 362 722 471 35891 0 0 1 standing 
6 673 362 722 471 35892 0 0 1 standing 
6 673 363 722 472 35893 0 0 0 standing 
6 675 362 724 471 35894 0 0 1 standing 
7 747 390 795 514 35875 0 0 0 standing 
7 749 390 802 513 35876 0 0 1 jumping 
7 751 390 809 512 35877 0 0 1 jumping 
7 753 390 816 511 35878 0 0 0 jumping 
7 753 387 816 508 35879 0 0 1 jumping 
7 754 384 817 505 35880 0 0 1 jumping 
7 755 382 818 503 35881 0 0 0 jumping 
7 753 381 815 501 35882 0 0 1 jumping 
7 751 380 812 499 35883 0 0 1 jumping 
7 750 380 810 497 35884 0 0 0 jumping 
7 753 379 810 495 35885 0 0 1 jumping 
7 756 378 810 494 35886 0 0 1 jumping 
7 760 377 810 493 35887 0 0 0 jumping 
7 763 378 813 494 35888 0 0 1 jumping 
7 766 379 816 495 35889 0 0 1 jumping 
7 769 380 819 496 35890 0 0 0 jumping 
7 773 380 823 496 35891 0 0 1 jumping 
7 777 380 827 496 35892 0 0 1 jumping 
7 782 380 832 496 35893 0 0 0 jumping 
7 786 379 836 495 35894 0 0 1 jumping 
8 770 358 811 468 35875 0 0 0 jumping 
8 771 355 812 465 35876 0 0 1 standing 
8 772 353 813 462 35877 0 0 1 standing 
8 774 351 814 460 35878 0 0 0 standing 
8 774 351 814 460 35879 0 0 1 standing 
8 775 351 815 460 35880 0 0 1 standing 
8 776 351 816 460 35881 0 0 1 standing 
8 776 351 816 460 35882 0 0 1 standing 
8 777 351 817 460 35883 0 0 1 standing 
8 778 351 818 460 35884 0 0 0 standing 
8 779 351 819 460 35885 0 0 1 standing 
8 780 351 820 460 35886 0 0 1 standing 
8 782 351 822 460 35887 0 0 0 standing 
8 778 352 824 461 35888 0 0 1 standing 
8 774 354 827 463 35889 0 0 1 standing 
8 770 356 830 465 35890 0 0 0 standing 
8 774 358 837 467 35891 0 0 1 standing 
8 778 360 844 469 35892 0 0 1 standing 
8 783 363 852 472 35893 0 0 0 standing 
8 787 363 856 472 35894 0 0 1 standing 
9 830 486 920 652 35875 0 0 0 standing 
9 829 485 916 646 35876 0 0 1 standing 
9 829 485 912 641 35877 0 0 1 standing 
9 829 485 908 636 35878 0 0 0 standing 
9 827 481 899 635 35879 0 0 1 standing 
9 826 478 890 634 35880 0 0 1 standing 
9 825 475 882 633 35881 0 0 0 standing 
9 823 470 881 630 35882 0 0 1 standing 
9 821 465 880 628 35883 0 0 1 standing 
9 819 460 879 626 35884 0 0 0 standing 
9 812 462 884 627 35885 0 0 1 standing 
9 805 464 889 628 35886 0 0 1 standing 
9 799 466 894 629 35887 0 0 0 standing 
9 800 467 894 628 35888 0 0 1 standing 
9 802 468 894 627 35889 0 0 1 standing 
9 804 470 894 626 35890 0 0 0 standing 
9 809 468 892 623 35891 0 0 1 standing 
9 815 467 890 620 35892 0 0 1 standing 
9 821 466 889 618 35893 0 0 0 standing 
9 821 466 886 617 35894 0 0 1 standing 
10 911 466 966 583 35875 0 0 0 standing 
10 913 465 968 582 35876 0 0 1 standing 
10 915 465 970 582 35877 0 0 1 standing 
10 917 465 972 582 35878 0 0 0 standing 
10 920 461 975 582 35879 0 0 1 standing 
10 923 457 978 582 35880 0 0 1 standing 
10 926 453 981 583 35881 0 0 0 standing 
10 933 450 987 580 35882 0 0 1 standing 
10 940 448 993 577 35883 0 0 1 standing 
10 948 446 999 575 35884 0 0 0 standing 
10 951 446 1002 576 35885 0 0 1 standing 
10 955 446 1005 578 35886 0 0 1 standing 
10 959 446 1008 580 35887 0 0 0 standing 
10 963 447 1012 580 35888 0 0 1 standing 
10 968 448 1017 580 35889 0 0 1 standing 
10 973 450 1022 581 35890 0 0 0 standing 
10 980 453 1029 581 35891 0 0 1 standing 
10 987 456 1036 581 35892 0 0 1 standing 
10 994 460 1043 581 35893 0 0 0 standing 
10 999 457 1048 581 35894 0 0 1 standing 
11 1045 378 1129 484 35875 0 0 0 standing 
11 1045 372 1124 482 35876 0 0 1 standing 
11 1045 366 1119 480 35877 0 0 1 standing 
11 1046 360 1115 478 35878 0 0 0 standing 
11 1049 360 1113 477 35879 0 0 1 standing 
11 1052 360 1112 476 35880 0 0 1 standing 
11 1055 360 1111 476 35881 0 0 0 standing 
11 1049 362 1110 478 35882 0 0 1 standing 
11 1043 364 1109 480 35883 0 0 1 standing 
11 1037 366 1109 483 35884 0 0 0 standing 
11 1039 368 1109 486 35885 0 0 1 standing 
11 1041 370 1110 489 35886 0 0 1 standing 
11 1043 373 1111 493 35887 0 0 0 standing 
11 1044 378 1112 492 35888 0 0 1 standing 
11 1045 384 1113 491 35889 0 0 1 standing 
11 1047 390 1115 491 35890 0 0 0 standing 
11 1053 390 1121 491 35891 0 0 1 standing 
11 1059 391 1127 492 35892 0 0 1 standing 
11 1065 392 1133 493 35893 0 0 0 standing 
11 1071 391 1138 492 35894 0 0 1 standing 
