0 244 430 318 568 3636 0 0 1 standing 
0 247 430 322 568 3637 0 0 1 standing 
0 251 431 326 568 3638 0 0 1 standing 
0 254 431 331 568 3639 0 0 1 standing 
0 258 431 335 568 3640 0 0 1 standing 
0 262 432 340 569 3641 0 0 0 standing 
0 263 435 343 572 3642 0 0 1 standing 
0 264 438 346 575 3643 0 0 1 standing 
0 265 442 350 578 3644 0 0 0 standing 
0 272 441 357 577 3645 0 0 1 standing 
0 279 440 364 576 3646 0 0 1 standing 
0 287 439 372 575 3647 0 0 0 standing 
0 292 439 377 575 3648 0 0 1 standing 
0 298 439 383 575 3649 0 0 1 standing 
0 304 439 389 575 3650 0 0 0 standing 
0 308 438 390 574 3651 0 0 1 standing 
0 312 438 391 573 3652 0 0 1 standing 
0 316 438 393 572 3653 0 0 0 standing 
0 322 438 397 573 3654 0 0 1 standing 
0 328 439 402 574 3655 0 0 1 standing 
1 382 318 440 426 3636 0 0 1 standing 
1 386 318 447 426 3637 0 0 1 standing 
1 389 317 453 425 3638 0 0 1 standing 
1 392 317 459 424 3639 0 0 1 standing 
1 396 317 466 424 3640 0 0 0 standing 
1 401 318 471 425 3641 0 0 1 standing 
1 406 319 476 426 3642 0 0 1 standing 
1 411 320 481 427 3643 0 0 1 standing 
1 416 321 486 428 3644 0 0 0 standing 
1 420 321 490 428 3645 0 0 1 standing 
1 424 321 494 428 3646 0 0 1 standing 
1 428 321 498 428 3647 0 0 0 standing 
1 428 321 502 427 3648 0 0 1 standing 
1 428 321 506 427 3649 0 0 1 standing 
1 428 321 511 427 3650 0 0 0 standing 
1 428 321 517 426 3651 0 0 1 standing 
1 428 321 523 426 3652 0 0 1 standing 
1 428 321 529 426 3653 0 0 0 standing 
1 437 321 529 425 3654 0 0 1 standing 
1 446 321 529 425 3655 0 0 1 standing 
2 137 350 204 484 3636 0 0 1 standing 
2 145 351 211 485 3637 0 0 1 standing 
2 153 352 218 486 3638 0 0 1 standing 
2 161 353 225 487 3639 0 0 0 standing 
2 165 351 229 486 3640 0 0 1 standing 
2 169 349 233 485 3641 0 0 1 standing 
2 173 348 237 485 3642 0 0 0 standing 
2 179 349 243 487 3643 0 0 1 standing 
2 186 350 249 490 3644 0 0 1 standing 
2 192 352 256 492 3645 0 0 1 standing 
2 199 353 262 495 3646 0 0 1 standing 
2 206 355 269 498 3647 0 0 0 standing 
2 210 355 273 498 3648 0 0 1 standing 
2 214 355 277 498 3649 0 0 1 standing 
2 219 356 282 499 3650 0 0 1 standing 
2 223 356 286 499 3651 0 0 1 standing 
2 227 356 290 499 3652 0 0 1 standing 
2 232 357 295 500 3653 0 0 0 standing 
2 237 356 300 499 3654 0 0 1 standing 
2 242 355 305 498 3655 0 0 1 standing 
3 599 313 649 434 3636 0 0 1 standing 
3 604 313 654 434 3637 0 0 1 standing 
3 609 313 660 435 3638 0 0 1 standing 
3 614 313 665 435 3639 0 0 1 standing 
3 619 313 670 435 3640 0 0 1 standing 
3 624 313 676 436 3641 0 0 1 standing 
3 629 313 681 436 3642 0 0 1 standing 
3 634 313 686 437 3643 0 0 1 standing 
3 639 313 692 437 3644 0 0 1 standing 
3 644 313 697 438 3645 0 0 1 standing 
3 649 313 702 438 3646 0 0 1 standing 
3 655 313 708 439 3647 0 0 0 standing 
3 660 316 714 439 3648 0 0 1 standing 
3 665 319 720 439 3649 0 0 1 standing 
3 671 323 726 440 3650 0 0 0 standing 
3 673 321 728 438 3651 0 0 1 standing 
3 676 320 731 437 3652 0 0 1 standing 
3 679 319 734 436 3653 0 0 1 standing 
3 682 318 737 435 3654 0 0 0 standing 
3 684 318 741 435 3655 0 0 1 standing 
4 1095 391 1165 543 3636 0 0 0 standing 
4 1097 397 1174 547 3637 0 0 1 moving 
4 1099 403 1183 551 3638 0 0 1 moving 
4 1101 409 1192 555 3639 0 0 1 moving 
4 1103 415 1201 559 3640 0 0 1 moving 
4 1105 421 1211 564 3641 0 0 0 moving 
4 1105 421 1213 565 3642 0 0 1 moving 
4 1105 421 1215 567 3643 0 0 1 moving 
4 1105 421 1217 568 3644 0 0 1 moving 
4 1105 421 1220 570 3645 0 0 0 moving 
4 1103 421 1214 570 3646 0 0 1 moving 
4 1101 422 1209 571 3647 0 0 1 moving 
4 1100 423 1204 571 3648 0 0 1 moving 
4 1098 423 1199 572 3649 0 0 1 moving 
4 1096 424 1194 572 3650 0 0 1 moving 
4 1095 425 1189 573 3651 0 0 0 moving 
4 1084 425 1192 572 3652 0 0 1 moving 
4 1073 425 1195 571 3653 0 0 1 moving 
4 1063 425 1198 571 3654 0 0 0 moving 
4 1063 423 1187 570 3655 0 0 1 moving 
5 941 453 1048 599 3636 0 1 0 moving 
5 940 453 1048 601 3637 0 1 1 moving 
5 940 454 1048 604 3638 0 1 1 moving 
5 940 455 1048 606 3639 0 1 1 moving 
5 939 456 1048 609 3640 0 1 1 moving 
5 939 457 1048 611 3641 0 1 1 moving 
5 939 458 1048 614 3642 0 1 0 moving 
5 933 459 1042 614 3643 0 1 1 moving 
5 928 460 1036 615 3644 0 1 1 moving 
5 923 461 1030 615 3645 0 1 1 moving 
5 918 462 1024 616 3646 0 1 0 moving 
5 907 461 1022 614 3647 0 1 1 moving 
5 896 460 1020 613 3648 0 1 1 moving 
5 885 459 1018 611 3649 0 1 1 moving 
5 874 458 1016 610 3650 0 1 0 moving 
5 872 460 1008 611 3651 0 1 1 moving 
5 870 462 1000 613 3652 0 1 1 moving 
5 868 464 992 614 3653 0 1 1 moving 
5 866 466 984 616 3654 0 1 1 moving 
5 864 469 976 618 3655 0 1 0 moving 
6 933 332 1006 451 3636 0 0 1 moving 
6 933 332 1010 451 3637 0 0 1 standing 
6 933 332 1015 451 3638 0 0 0 standing 
6 933 332 1014 452 3639 0 0 1 standing 
6 933 332 1014 454 3640 0 0 1 standing 
6 933 332 1014 456 3641 0 0 1 standing 
6 933 332 1014 458 3642 0 0 1 standing 
6 933 332 1014 460 3643 0 0 1 standing 
6 933 332 1014 462 3644 0 0 0 standing 
6 933 332 1012 461 3645 0 0 1 standing 
6 933 332 1010 461 3646 0 0 1 standing 
6 933 332 1008 461 3647 0 0 1 standing 
6 933 332 1006 461 3648 0 0 1 standing 
6 933 332 1004 461 3649 0 0 1 standing 
6 933 332 1002 461 3650 0 0 0 standing 
6 931 332 1002 460 3651 0 0 1 standing 
6 930 332 1002 460 3652 0 0 1 standing 
6 929 332 1002 460 3653 0 0 1 standing 
6 928 332 1002 460 3654 0 0 1 standing 
6 927 332 1002 460 3655 0 0 1 standing 
7 766 415 873 565 3636 0 1 0 standing 
7 766 415 872 562 3637 0 1 1 standing 
7 767 415 872 559 3638 0 1 1 standing 
7 768 415 872 556 3639 0 1 1 standing 
7 769 416 872 553 3640 0 1 0 standing 
7 772 408 872 552 3641 0 1 1 standing 
7 775 400 872 552 3642 0 1 1 standing 
7 779 392 872 551 3643 0 1 1 standing 
7 782 384 872 551 3644 0 1 1 standing 
7 785 376 872 550 3645 0 1 1 standing 
7 789 369 872 550 3646 0 1 0 standing 
7 789 365 878 546 3647 0 1 1 standing 
7 790 361 884 542 3648 0 1 1 standing 
7 791 358 891 539 3649 0 1 1 standing 
7 792 354 897 535 3650 0 1 1 standing 
7 793 350 903 531 3651 0 1 1 standing 
7 794 347 910 528 3652 0 1 0 standing 
7 796 348 910 526 3653 0 1 1 standing 
7 798 350 911 525 3654 0 1 1 standing 
7 800 352 911 524 3655 0 1 1 standing 
8 867 260 930 371 3636 0 1 0 standing 
8 868 260 935 371 3637 0 1 1 moving 
8 869 260 941 371 3638 0 1 1 moving 
8 870 260 947 371 3639 0 1 1 moving 
8 872 261 953 372 3640 0 1 0 moving 
8 877 262 958 373 3641 0 1 1 moving 
8 883 263 963 374 3642 0 1 1 moving 
8 889 264 968 375 3643 0 1 1 moving 
8 894 265 973 376 3644 0 1 1 moving 
8 900 266 978 377 3645 0 1 1 moving 
8 906 268 983 378 3646 0 1 0 moving 
8 906 267 984 378 3647 0 1 1 moving 
8 907 266 985 379 3648 0 1 1 moving 
8 908 265 986 380 3649 0 1 1 moving 
8 908 264 987 380 3650 0 1 1 moving 
8 909 263 988 381 3651 0 1 1 moving 
8 910 263 990 382 3652 0 1 0 moving 
8 910 264 989 383 3653 0 1 1 moving 
8 910 266 988 385 3654 0 1 1 moving 
8 910 268 987 387 3655 0 1 1 moving 
9 770 342 834 492 3636 0 1 0 moving 
9 778 336 843 490 3637 0 1 1 setting 
9 786 331 852 488 3638 0 1 1 setting 
9 794 325 861 486 3639 0 1 1 setting 
9 802 320 870 485 3640 0 1 0 setting 
9 809 322 878 487 3641 0 1 1 setting 
9 816 324 886 490 3642 0 1 1 setting 
9 823 326 894 492 3643 0 1 1 setting 
9 830 328 902 495 3644 0 1 1 setting 
9 837 330 910 497 3645 0 1 1 setting 
9 845 332 919 500 3646 0 1 0 setting 
9 852 337 927 503 3647 0 1 1 setting 
9 859 342 936 507 3648 0 1 1 setting 
9 866 348 944 511 3649 0 1 1 setting 
9 873 353 953 515 3650 0 1 1 setting 
9 880 358 961 518 3651 0 1 1 setting 
9 887 364 970 522 3652 0 1 1 setting 
9 894 369 978 526 3653 0 1 1 setting 
9 902 375 987 530 3654 0 1 0 setting 
9 909 376 992 530 3655 0 1 1 setting 
10 576 420 629 578 3636 0 0 1 setting 
10 582 420 635 578 3637 0 0 1 standing 
10 587 421 642 578 3638 0 0 1 standing 
10 593 421 648 578 3639 0 0 1 standing 
10 598 422 655 578 3640 0 0 1 standing 
10 604 422 661 578 3641 0 0 1 standing 
10 610 423 668 579 3642 0 0 0 standing 
10 617 423 675 579 3643 0 0 1 standing 
10 624 423 682 579 3644 0 0 1 standing 
10 631 423 689 579 3645 0 0 1 standing 
10 638 423 696 579 3646 0 0 1 standing 
10 646 424 704 580 3647 0 0 0 standing 
10 651 419 708 579 3648 0 0 1 standing 
10 656 415 713 578 3649 0 0 1 standing 
10 661 411 718 578 3650 0 0 1 standing 
10 666 407 723 577 3651 0 0 1 standing 
10 671 403 728 576 3652 0 0 1 standing 
10 676 399 732 576 3653 0 0 1 standing 
10 681 395 737 575 3654 0 0 1 standing 
10 686 391 742 574 3655 0 0 1 standing 
11 574 365 636 549 3636 0 0 1 standing 
11 582 366 644 550 3637 0 0 1 standing 
11 591 367 653 551 3638 0 0 0 standing 
11 597 370 658 549 3639 0 0 1 standing 
11 603 373 664 548 3640 0 0 1 standing 
11 609 376 670 547 3641 0 0 1 standing 
11 615 379 676 546 3642 0 0 1 standing 
11 621 382 682 545 3643 0 0 1 standing 
11 627 385 688 544 3644 0 0 0 standing 
11 631 386 692 545 3645 0 0 1 standing 
11 636 387 697 546 3646 0 0 1 standing 
11 640 388 701 547 3647 0 0 1 standing 
11 645 389 706 548 3648 0 0 0 standing 
11 650 378 711 546 3649 0 0 1 standing 
11 656 368 716 545 3650 0 0 1 standing 
11 661 358 721 543 3651 0 0 1 standing 
11 667 348 727 542 3652 0 0 0 standing 
11 671 346 732 539 3653 0 0 1 standing 
11 676 345 737 537 3654 0 0 1 standing 
11 681 343 742 535 3655 0 0 1 standing 
