0 631 397 755 533 49305 0 1 0 setting 
0 630 395 751 534 49306 0 1 1 setting 
0 630 394 748 536 49307 0 1 1 setting 
0 629 392 744 537 49308 0 1 1 setting 
0 629 391 741 539 49309 0 1 1 setting 
0 629 390 738 541 49310 0 1 1 setting 
0 628 388 734 542 49311 0 1 1 setting 
0 628 387 731 544 49312 0 1 1 setting 
0 627 385 727 545 49313 0 1 1 setting 
0 627 384 724 547 49314 0 1 1 setting 
0 627 383 721 549 49315 0 1 0 setting 
0 625 393 715 550 49316 0 1 1 setting 
0 624 403 709 551 49317 0 1 1 setting 
0 623 414 704 552 49318 0 1 0 setting 
0 622 415 699 553 49319 0 1 1 setting 
0 621 417 694 554 49320 0 1 1 setting 
0 620 419 689 555 49321 0 1 1 setting 
0 619 421 685 556 49322 0 1 1 setting 
0 618 423 680 557 49323 0 1 1 setting 
0 617 425 675 558 49324 0 1 1 setting 
1 820 491 909 667 49305 0 1 0 setting 
1 826 494 915 668 49306 0 1 1 standing 
1 833 498 922 670 49307 0 1 1 standing 
1 840 501 929 672 49308 0 1 1 standing 
1 847 505 936 674 49309 0 1 1 standing 
1 854 509 943 676 49310 0 1 1 standing 
1 861 512 949 678 49311 0 1 1 standing 
1 868 516 956 680 49312 0 1 1 standing 
1 875 519 963 682 49313 0 1 1 standing 
1 882 523 970 684 49314 0 1 1 standing 
1 889 527 977 686 49315 0 1 0 standing 
1 885 528 975 687 49316 0 1 1 standing 
1 882 529 973 688 49317 0 1 1 standing 
1 879 530 971 689 49318 0 1 1 standing 
1 875 531 969 690 49319 0 1 1 standing 
1 872 532 967 691 49320 0 1 1 standing 
1 869 533 965 692 49321 0 1 1 standing 
1 865 534 963 693 49322 0 1 1 standing 
1 862 535 961 694 49323 0 1 1 standing 
1 859 536 959 695 49324 0 1 1 standing 
2 630 348 680 490 49305 0 0 0 standing 
2 632 348 682 491 49306 0 0 1 standing 
2 634 349 685 492 49307 0 0 1 standing 
2 637 350 688 493 49308 0 0 0 standing 
2 640 350 692 493 49309 0 0 1 standing 
2 644 350 696 493 49310 0 0 1 standing 
2 648 350 700 493 49311 0 0 0 standing 
2 652 350 704 493 49312 0 0 1 standing 
2 656 350 708 493 49313 0 0 1 standing 
2 661 351 713 494 49314 0 0 0 standing 
2 663 349 715 492 49315 0 0 1 standing 
2 665 348 717 491 49316 0 0 1 standing 
2 668 347 720 490 49317 0 0 0 standing 
2 670 346 722 489 49318 0 0 1 standing 
2 673 346 725 489 49319 0 0 1 standing 
2 676 346 728 489 49320 0 0 0 standing 
2 678 349 730 488 49321 0 0 1 standing 
2 680 353 733 487 49322 0 0 1 standing 
2 682 357 735 486 49323 0 0 1 standing 
2 684 361 738 485 49324 0 0 1 standing 
3 635 457 703 618 49305 0 0 0 standing 
3 641 453 711 618 49306 0 0 1 moving 
3 648 449 719 618 49307 0 0 1 moving 
3 655 445 727 618 49308 0 0 0 moving 
3 659 444 727 619 49309 0 0 1 moving 
3 663 443 727 620 49310 0 0 1 moving 
3 668 443 728 622 49311 0 0 0 moving 
3 672 441 730 616 49312 0 0 1 moving 
3 676 440 732 610 49313 0 0 1 moving 
3 680 439 735 605 49314 0 0 0 moving 
3 685 438 740 604 49315 0 0 1 moving 
3 690 437 745 603 49316 0 0 1 moving 
3 696 436 751 602 49317 0 0 0 moving 
3 694 435 752 603 49318 0 0 1 moving 
3 693 434 753 604 49319 0 0 1 moving 
3 692 434 755 606 49320 0 0 0 moving 
3 691 434 754 605 49321 0 0 1 moving 
3 691 434 754 604 49322 0 0 1 moving 
3 691 435 754 604 49323 0 0 1 moving 
3 691 435 754 603 49324 0 0 1 moving 
4 901 421 952 568 49305 0 0 0 moving 
4 902 422 954 569 49306 0 0 1 standing 
4 903 423 956 571 49307 0 0 1 standing 
4 905 424 958 573 49308 0 0 0 standing 
4 908 425 961 576 49309 0 0 1 standing 
4 911 426 964 580 49310 0 0 1 standing 
4 915 428 967 584 49311 0 0 0 standing 
4 917 429 969 585 49312 0 0 1 standing 
4 919 431 971 587 49313 0 0 1 standing 
4 922 433 974 589 49314 0 0 0 standing 
4 922 435 974 591 49315 0 0 1 standing 
4 922 437 975 593 49316 0 0 1 standing 
4 923 439 976 595 49317 0 0 0 standing 
4 924 442 977 595 49318 0 0 1 standing 
4 926 445 978 596 49319 0 0 1 standing 
4 928 448 980 597 49320 0 0 0 standing 
4 925 450 979 597 49321 0 0 1 standing 
4 923 452 978 598 49322 0 0 1 standing 
4 921 454 977 599 49323 0 0 1 standing 
4 919 456 976 600 49324 0 0 1 standing 
5 997 401 1079 511 49305 0 0 0 standing 
5 991 402 1081 511 49306 0 0 1 standing 
5 985 403 1083 512 49307 0 0 1 standing 
5 979 405 1086 513 49308 0 0 0 standing 
5 975 406 1079 514 49309 0 0 1 standing 
5 971 407 1073 515 49310 0 0 1 standing 
5 967 409 1067 516 49311 0 0 0 standing 
5 967 408 1061 519 49312 0 0 1 standing 
5 968 407 1056 523 49313 0 0 1 standing 
5 969 407 1051 527 49314 0 0 0 standing 
5 967 408 1048 528 49315 0 0 1 standing 
5 966 410 1045 529 49316 0 0 1 standing 
5 965 412 1042 531 49317 0 0 0 standing 
5 963 413 1038 533 49318 0 0 1 standing 
5 961 414 1034 536 49319 0 0 1 standing 
5 960 416 1030 539 49320 0 0 0 standing 
5 954 417 1024 540 49321 0 0 1 standing 
5 948 418 1018 541 49322 0 0 1 standing 
5 942 419 1012 542 49323 0 0 1 standing 
5 936 420 1006 543 49324 0 0 1 standing 
6 471 450 535 619 49305 0 0 0 standing 
6 478 449 536 618 49306 0 0 1 standing 
6 485 449 537 617 49307 0 0 1 standing 
6 493 449 538 616 49308 0 0 0 standing 
6 495 449 542 617 49309 0 0 1 standing 
6 498 450 546 618 49310 0 0 1 standing 
6 501 450 550 619 49311 0 0 1 standing 
6 504 451 554 620 49312 0 0 1 standing 
6 507 451 558 621 49313 0 0 1 standing 
6 510 452 562 623 49314 0 0 0 standing 
6 511 454 563 625 49315 0 0 1 standing 
6 513 456 565 627 49316 0 0 1 standing 
6 515 458 567 630 49317 0 0 1 standing 
6 516 460 568 632 49318 0 0 1 standing 
6 518 462 570 634 49319 0 0 1 standing 
6 520 465 572 637 49320 0 0 0 standing 
6 521 466 572 637 49321 0 0 1 standing 
6 522 467 573 638 49322 0 0 1 standing 
6 524 468 573 639 49323 0 0 1 standing 
6 525 469 574 640 49324 0 0 1 standing 
7 512 413 565 552 49305 0 0 0 standing 
7 513 411 566 553 49306 0 0 1 standing 
7 514 409 567 554 49307 0 0 1 standing 
7 516 407 569 556 49308 0 0 0 standing 
7 519 409 572 558 49309 0 0 1 standing 
7 522 411 575 560 49310 0 0 1 standing 
7 525 413 578 562 49311 0 0 1 standing 
7 528 415 581 564 49312 0 0 1 standing 
7 531 417 584 566 49313 0 0 1 standing 
7 534 420 587 569 49314 0 0 0 standing 
7 534 422 587 571 49315 0 0 1 standing 
7 534 425 587 574 49316 0 0 1 standing 
7 534 428 587 577 49317 0 0 1 standing 
7 534 431 587 580 49318 0 0 1 standing 
7 534 434 587 583 49319 0 0 1 standing 
7 535 437 588 586 49320 0 0 0 standing 
7 531 440 587 587 49321 0 0 1 standing 
7 527 443 587 588 49322 0 0 1 standing 
7 523 447 586 589 49323 0 0 1 standing 
7 519 450 586 590 49324 0 0 1 standing 
8 507 385 559 504 49305 0 0 0 standing 
8 511 385 563 504 49306 0 0 1 standing 
8 515 385 567 505 49307 0 0 1 standing 
8 519 386 571 506 49308 0 0 0 standing 
8 522 388 574 508 49309 0 0 1 standing 
8 525 390 577 510 49310 0 0 1 standing 
8 528 393 580 513 49311 0 0 1 standing 
8 531 395 583 515 49312 0 0 1 standing 
8 534 397 586 517 49313 0 0 1 standing 
8 537 400 589 520 49314 0 0 0 standing 
8 538 400 590 520 49315 0 0 1 standing 
8 539 401 591 521 49316 0 0 1 standing 
8 540 402 592 522 49317 0 0 1 standing 
8 541 403 593 522 49318 0 0 1 standing 
8 542 404 594 523 49319 0 0 1 standing 
8 544 405 596 524 49320 0 0 0 standing 
8 545 407 597 526 49321 0 0 1 standing 
8 546 410 599 529 49322 0 0 1 standing 
8 548 413 600 532 49323 0 0 1 standing 
8 549 416 602 535 49324 0 0 1 standing 
9 313 383 356 503 49305 0 0 0 standing 
9 307 382 356 502 49306 0 0 1 standing 
9 301 381 356 501 49307 0 0 1 standing 
9 296 380 356 500 49308 0 0 0 standing 
9 295 380 355 499 49309 0 0 1 standing 
9 295 381 355 498 49310 0 0 1 standing 
9 295 381 355 498 49311 0 0 1 standing 
9 295 382 354 497 49312 0 0 1 standing 
9 295 382 354 496 49313 0 0 1 standing 
9 295 383 354 496 49314 0 0 0 standing 
9 294 384 353 497 49315 0 0 1 standing 
9 294 385 353 498 49316 0 0 1 standing 
9 294 387 353 500 49317 0 0 0 standing 
9 289 386 354 501 49318 0 0 1 standing 
9 284 386 355 502 49319 0 0 1 standing 
9 280 386 356 504 49320 0 0 0 standing 
9 278 388 355 502 49321 0 0 1 standing 
9 276 390 354 501 49322 0 0 1 standing 
9 274 392 354 499 49323 0 0 1 standing 
9 272 394 353 498 49324 0 0 1 standing 
10 177 468 251 611 49305 0 0 0 standing 
10 176 468 248 612 49306 0 0 1 standing 
10 175 469 246 613 49307 0 0 1 standing 
10 175 470 244 615 49308 0 0 0 standing 
10 175 470 242 618 49309 0 0 1 standing 
10 175 470 240 622 49310 0 0 1 standing 
10 175 471 239 626 49311 0 0 0 standing 
10 175 470 238 628 49312 0 0 1 standing 
10 175 470 238 630 49313 0 0 1 standing 
10 175 470 238 633 49314 0 0 0 standing 
10 169 472 238 634 49315 0 0 1 standing 
10 163 475 238 635 49316 0 0 1 standing 
10 157 478 238 637 49317 0 0 0 standing 
10 153 481 238 639 49318 0 0 1 standing 
10 149 484 238 641 49319 0 0 1 standing 
10 145 487 238 644 49320 0 0 0 standing 
10 144 488 237 645 49321 0 0 1 standing 
10 143 490 236 646 49322 0 0 1 standing 
10 142 492 235 647 49323 0 0 1 standing 
10 141 494 234 648 49324 0 0 1 standing 
11 67 425 139 563 49305 0 0 0 standing 
11 66 424 138 564 49306 0 0 1 standing 
11 65 424 137 565 49307 0 0 1 standing 
11 65 424 136 567 49308 0 0 0 standing 
11 65 424 136 568 49309 0 0 1 standing 
11 65 424 136 569 49310 0 0 1 standing 
11 66 424 136 571 49311 0 0 0 standing 
11 66 425 136 571 49312 0 0 1 standing 
11 67 426 137 571 49313 0 0 1 standing 
11 68 428 138 572 49314 0 0 0 standing 
11 67 431 137 572 49315 0 0 1 standing 
11 67 434 137 573 49316 0 0 1 standing 
11 67 437 137 574 49317 0 0 0 standing 
11 66 437 136 577 49318 0 0 1 standing 
11 66 437 136 580 49319 0 0 1 standing 
11 66 437 136 583 49320 0 0 0 standing 
11 65 439 133 582 49321 0 0 1 standing 
11 64 441 131 582 49322 0 0 1 standing 
11 63 444 129 581 49323 0 0 1 standing 
11 62 446 127 581 49324 0 0 1 standing 
