0 296 356 335 466 19155 0 0 0 standing 
0 293 354 332 466 19156 0 0 1 standing 
0 291 352 330 466 19157 0 0 1 standing 
0 288 350 327 466 19158 0 0 1 standing 
0 286 349 325 466 19159 0 0 0 standing 
0 282 348 321 467 19160 0 0 1 standing 
0 279 348 318 469 19161 0 0 1 standing 
0 276 348 315 470 19162 0 0 1 standing 
0 273 348 311 472 19163 0 0 1 standing 
0 270 348 308 473 19164 0 0 1 standing 
0 267 348 305 475 19165 0 0 0 standing 
0 265 349 304 476 19166 0 0 1 standing 
0 263 351 303 477 19167 0 0 1 standing 
0 261 353 302 478 19168 0 0 0 standing 
0 257 356 299 480 19169 0 0 1 standing 
0 253 359 296 482 19170 0 0 1 standing 
0 250 362 294 485 19171 0 0 0 standing 
0 249 362 293 484 19172 0 0 1 standing 
0 248 362 293 484 19173 0 0 1 standing 
0 248 362 293 484 19174 0 0 1 standing 
1 373 309 412 402 19155 0 0 0 standing 
1 375 308 413 402 19156 0 0 1 standing 
1 377 308 415 402 19157 0 0 1 standing 
1 379 308 417 402 19158 0 0 1 standing 
1 381 308 419 403 19159 0 0 1 standing 
1 383 308 421 403 19160 0 0 1 standing 
1 385 307 423 403 19161 0 0 1 standing 
1 387 307 425 404 19162 0 0 1 standing 
1 389 307 427 404 19163 0 0 1 standing 
1 391 307 429 404 19164 0 0 1 standing 
1 393 307 431 405 19165 0 0 0 standing 
1 395 307 433 405 19166 0 0 1 standing 
1 398 307 436 405 19167 0 0 1 standing 
1 401 307 439 405 19168 0 0 1 standing 
1 404 307 442 405 19169 0 0 1 standing 
1 406 307 444 405 19170 0 0 1 standing 
1 409 307 447 405 19171 0 0 1 standing 
1 412 307 450 405 19172 0 0 1 standing 
1 415 308 453 406 19173 0 0 0 standing 
1 415 308 453 406 19174 0 0 1 standing 
2 541 264 581 369 19155 0 0 0 standing 
2 537 263 577 367 19156 0 0 1 standing 
2 534 262 573 366 19157 0 0 1 standing 
2 531 261 569 365 19158 0 0 1 standing 
2 528 260 565 364 19159 0 0 1 standing 
2 525 259 561 363 19160 0 0 1 standing 
2 522 258 557 362 19161 0 0 1 standing 
2 519 257 553 361 19162 0 0 0 standing 
2 516 255 549 359 19163 0 0 1 standing 
2 513 254 545 358 19164 0 0 1 standing 
2 510 253 541 357 19165 0 0 0 standing 
2 505 252 537 354 19166 0 0 1 standing 
2 501 251 533 352 19167 0 0 1 standing 
2 497 250 529 349 19168 0 0 1 standing 
2 493 249 526 347 19169 0 0 0 standing 
2 489 249 522 346 19170 0 0 1 standing 
2 485 250 519 345 19171 0 0 1 standing 
2 482 251 516 345 19172 0 0 1 standing 
2 478 252 513 344 19173 0 0 1 standing 
2 474 253 510 343 19174 0 0 1 standing 
3 491 393 544 502 19155 0 1 0 standing 
3 488 390 542 505 19156 0 1 1 digging 
3 486 388 541 508 19157 0 1 1 digging 
3 483 386 540 512 19158 0 1 1 digging 
3 481 384 539 515 19159 0 1 1 digging 
3 479 382 538 519 19160 0 1 0 digging 
3 476 381 537 518 19161 0 1 1 digging 
3 473 380 537 518 19162 0 1 1 digging 
3 470 379 536 518 19163 0 1 1 digging 
3 467 379 536 518 19164 0 1 0 digging 
3 464 381 527 520 19165 0 1 1 digging 
3 462 383 518 522 19166 0 1 1 digging 
3 459 386 509 524 19167 0 1 1 digging 
3 457 388 500 526 19168 0 1 1 digging 
3 455 391 492 529 19169 0 1 0 digging 
3 448 391 493 528 19170 0 1 1 digging 
3 441 392 494 528 19171 0 1 1 digging 
3 435 393 496 528 19172 0 1 0 digging 
3 429 394 490 529 19173 0 1 1 digging 
3 424 396 484 530 19174 0 1 1 digging 
4 697 296 724 405 19155 0 0 0 digging 
4 698 295 725 404 19156 0 0 1 standing 
4 700 295 727 404 19157 0 0 1 standing 
4 701 295 728 404 19158 0 0 1 standing 
4 703 294 730 403 19159 0 0 1 standing 
4 705 294 732 403 19160 0 0 1 standing 
4 706 294 733 403 19161 0 0 1 standing 
4 708 293 735 402 19162 0 0 1 standing 
4 709 293 736 402 19163 0 0 1 standing 
4 711 293 738 402 19164 0 0 1 standing 
4 713 293 740 402 19165 0 0 0 standing 
4 714 293 741 402 19166 0 0 1 standing 
4 715 293 742 402 19167 0 0 1 standing 
4 716 293 743 402 19168 0 0 1 standing 
4 717 293 744 402 19169 0 0 1 standing 
4 718 294 745 403 19170 0 0 1 standing 
4 719 294 746 403 19171 0 0 1 standing 
4 720 294 747 403 19172 0 0 1 standing 
4 721 294 748 403 19173 0 0 1 standing 
4 722 294 749 403 19174 0 0 1 standing 
5 814 290 859 396 19155 0 0 0 standing 
5 818 289 863 395 19156 0 0 1 standing 
5 823 289 868 394 19157 0 0 1 standing 
5 828 288 873 394 19158 0 0 1 standing 
5 833 288 878 393 19159 0 0 1 standing 
5 838 288 883 393 19160 0 0 1 standing 
5 843 287 887 392 19161 0 0 1 standing 
5 848 287 892 391 19162 0 0 1 standing 
5 853 286 897 391 19163 0 0 1 standing 
5 858 286 902 390 19164 0 0 1 standing 
5 863 286 907 390 19165 0 0 0 standing 
5 868 285 912 389 19166 0 0 1 standing 
5 873 285 917 389 19167 0 0 1 standing 
5 878 285 922 389 19168 0 0 1 standing 
5 883 284 927 388 19169 0 0 1 standing 
5 888 284 932 388 19170 0 0 1 standing 
5 893 284 937 388 19171 0 0 1 standing 
5 898 284 942 388 19172 0 0 0 standing 
5 902 283 946 387 19173 0 0 1 standing 
5 906 283 950 387 19174 0 0 1 standing 
6 907 336 942 442 19155 0 0 0 standing 
6 908 337 943 445 19156 0 0 1 standing 
6 910 339 945 448 19157 0 0 1 standing 
6 912 341 946 451 19158 0 0 1 standing 
6 914 343 948 455 19159 0 0 0 standing 
6 917 344 951 456 19160 0 0 1 standing 
6 920 346 954 457 19161 0 0 1 standing 
6 923 348 957 459 19162 0 0 0 standing 
6 927 348 961 459 19163 0 0 1 standing 
6 932 348 966 459 19164 0 0 1 standing 
6 937 349 971 459 19165 0 0 0 standing 
6 940 351 975 461 19166 0 0 1 standing 
6 943 354 979 463 19167 0 0 1 standing 
6 947 356 983 466 19168 0 0 1 standing 
6 950 359 987 468 19169 0 0 1 standing 
6 954 361 992 471 19170 0 0 1 standing 
6 957 364 996 473 19171 0 0 1 standing 
6 961 366 1000 476 19172 0 0 1 standing 
6 964 369 1004 478 19173 0 0 1 standing 
6 968 372 1009 481 19174 0 0 0 standing 
7 1004 326 1034 450 19155 0 0 0 standing 
7 1008 326 1039 449 19156 0 0 1 standing 
7 1012 326 1044 449 19157 0 0 1 standing 
7 1017 326 1049 449 19158 0 0 1 standing 
7 1021 327 1054 449 19159 0 0 1 standing 
7 1026 327 1059 449 19160 0 0 1 standing 
7 1030 327 1064 449 19161 0 0 1 standing 
7 1035 328 1070 449 19162 0 0 0 standing 
7 1039 327 1074 447 19163 0 0 1 standing 
7 1043 326 1078 446 19164 0 0 1 standing 
7 1047 326 1083 445 19165 0 0 0 standing 
7 1051 324 1087 443 19166 0 0 1 standing 
7 1056 322 1092 441 19167 0 0 1 standing 
7 1060 320 1096 439 19168 0 0 1 standing 
7 1065 319 1101 438 19169 0 0 0 standing 
7 1069 318 1105 437 19170 0 0 1 standing 
7 1073 318 1109 437 19171 0 0 1 standing 
7 1077 318 1113 437 19172 0 0 1 standing 
7 1082 318 1118 437 19173 0 0 0 standing 
7 1085 318 1121 437 19174 0 0 1 standing 
8 398 391 443 504 19155 0 0 0 standing 
8 403 389 448 499 19156 0 0 1 digging 
8 409 388 453 495 19157 0 0 1 digging 
8 414 386 458 490 19158 0 0 1 digging 
8 420 385 463 486 19159 0 0 0 digging 
8 426 382 469 485 19160 0 0 1 digging 
8 433 380 476 485 19161 0 0 1 digging 
8 440 378 482 484 19162 0 0 1 digging 
8 447 376 489 484 19163 0 0 0 digging 
8 456 375 498 483 19164 0 0 1 digging 
8 465 375 507 482 19165 0 0 1 digging 
8 474 374 516 481 19166 0 0 1 digging 
8 483 374 525 480 19167 0 0 1 digging 
8 492 374 535 479 19168 0 0 0 digging 
8 500 375 543 478 19169 0 0 1 digging 
8 508 376 551 478 19170 0 0 1 digging 
8 516 378 559 478 19171 0 0 1 digging 
8 524 379 567 478 19172 0 0 1 digging 
8 532 381 575 478 19173 0 0 0 digging 
8 537 382 580 479 19174 0 0 1 digging 
9 511 309 544 411 19155 0 0 0 digging 
9 508 309 542 411 19156 0 0 1 standing 
9 506 309 541 412 19157 0 0 1 standing 
9 504 309 540 412 19158 0 0 1 standing 
9 501 309 538 413 19159 0 0 1 standing 
9 499 309 537 413 19160 0 0 1 standing 
9 497 309 536 414 19161 0 0 1 standing 
9 494 309 534 415 19162 0 0 1 standing 
9 492 309 533 415 19163 0 0 1 standing 
9 490 309 532 416 19164 0 0 1 standing 
9 487 309 530 416 19165 0 0 1 standing 
9 485 309 529 417 19166 0 0 1 standing 
9 483 309 528 418 19167 0 0 0 standing 
9 480 311 526 418 19168 0 0 1 standing 
9 477 313 524 418 19169 0 0 1 standing 
9 474 315 522 418 19170 0 0 1 standing 
9 472 318 520 418 19171 0 0 0 standing 
9 470 317 517 420 19172 0 0 1 standing 
9 469 317 514 423 19173 0 0 1 standing 
9 467 316 511 425 19174 0 0 1 standing 
10 704 334 735 457 19155 0 0 0 standing 
10 704 333 736 457 19156 0 0 1 standing 
10 705 333 737 457 19157 0 0 1 standing 
10 706 332 739 457 19158 0 0 1 standing 
10 706 332 740 457 19159 0 0 1 standing 
10 707 331 741 457 19160 0 0 1 standing 
10 708 331 743 457 19161 0 0 0 standing 
10 709 330 743 457 19162 0 0 1 standing 
10 711 330 743 457 19163 0 0 1 standing 
10 712 329 743 457 19164 0 0 1 standing 
10 714 329 744 458 19165 0 0 0 standing 
10 715 328 745 457 19166 0 0 1 standing 
10 717 328 747 457 19167 0 0 1 standing 
10 718 327 748 456 19168 0 0 1 standing 
10 720 327 750 456 19169 0 0 0 standing 
10 720 327 750 456 19170 0 0 1 standing 
10 720 327 750 456 19171 0 0 1 standing 
10 720 328 750 457 19172 0 0 1 standing 
10 720 328 750 457 19173 0 0 1 standing 
10 720 328 750 457 19174 0 0 1 standing 
11 722 386 760 507 19155 0 0 0 standing 
11 721 384 759 506 19156 0 0 1 standing 
11 721 382 759 506 19157 0 0 1 standing 
11 721 381 758 505 19158 0 0 1 standing 
11 721 379 758 505 19159 0 0 1 standing 
11 720 377 757 505 19160 0 0 1 standing 
11 720 376 757 504 19161 0 0 1 standing 
11 720 374 756 504 19162 0 0 1 standing 
11 720 373 756 504 19163 0 0 0 standing 
11 720 372 755 502 19164 0 0 1 standing 
11 720 371 755 500 19165 0 0 1 standing 
11 721 370 755 498 19166 0 0 1 standing 
11 721 369 755 497 19167 0 0 1 standing 
11 722 368 755 495 19168 0 0 1 standing 
11 722 367 755 493 19169 0 0 1 standing 
11 723 367 755 492 19170 0 0 0 standing 
11 723 365 754 489 19171 0 0 1 standing 
11 723 363 753 486 19172 0 0 1 standing 
11 723 361 752 483 19173 0 0 1 standing 
11 723 359 751 480 19174 0 0 1 standing 
