0 1074 336 1159 467 16480 0 0 0 waiting 
0 1075 335 1157 464 16481 0 0 1 waiting 
0 1077 334 1155 461 16482 0 0 1 waiting 
0 1079 334 1153 458 16483 0 0 0 waiting 
0 1076 333 1146 457 16484 0 0 1 waiting 
0 1073 332 1140 456 16485 0 0 1 waiting 
0 1070 332 1134 455 16486 0 0 0 waiting 
0 1068 332 1128 454 16487 0 0 1 waiting 
0 1066 332 1122 453 16488 0 0 1 waiting 
0 1064 333 1117 452 16489 0 0 0 waiting 
0 1060 334 1113 455 16490 0 0 1 waiting 
0 1056 335 1109 458 16491 0 0 1 waiting 
0 1053 336 1106 461 16492 0 0 0 waiting 
0 1047 338 1100 462 16493 0 0 1 waiting 
0 1041 340 1094 464 16494 0 0 1 waiting 
0 1035 342 1088 465 16495 0 0 1 waiting 
0 1029 344 1082 467 16496 0 0 1 waiting 
0 1023 346 1076 468 16497 0 0 1 waiting 
0 1017 348 1071 470 16498 0 0 0 waiting 
0 1012 345 1066 468 16499 0 0 1 waiting 
1 973 289 1032 403 16480 0 0 0 waiting 
1 974 289 1033 401 16481 0 0 1 waiting 
1 976 289 1034 400 16482 0 0 1 waiting 
1 978 290 1036 399 16483 0 0 0 waiting 
1 979 291 1037 401 16484 0 0 1 waiting 
1 980 292 1038 403 16485 0 0 1 waiting 
1 981 293 1040 406 16486 0 0 0 waiting 
1 982 291 1040 404 16487 0 0 1 waiting 
1 984 289 1040 402 16488 0 0 1 waiting 
1 986 288 1040 401 16489 0 0 0 waiting 
1 983 288 1039 401 16490 0 0 1 waiting 
1 980 288 1038 401 16491 0 0 1 waiting 
1 978 288 1038 402 16492 0 0 0 waiting 
1 976 287 1035 401 16493 0 0 1 waiting 
1 974 287 1033 401 16494 0 0 1 waiting 
1 972 287 1031 401 16495 0 0 0 waiting 
1 968 289 1027 401 16496 0 0 1 waiting 
1 964 291 1023 402 16497 0 0 1 waiting 
1 961 294 1020 403 16498 0 0 0 waiting 
1 957 294 1016 404 16499 0 0 1 waiting 
2 947 397 1011 547 16480 0 0 0 waiting 
2 950 396 1011 544 16481 0 0 1 waiting 
2 954 396 1011 541 16482 0 0 1 waiting 
2 958 396 1012 538 16483 0 0 0 waiting 
2 958 396 1014 537 16484 0 0 1 waiting 
2 959 396 1016 537 16485 0 0 1 waiting 
2 960 397 1019 536 16486 0 0 1 waiting 
2 960 397 1021 536 16487 0 0 1 waiting 
2 961 397 1023 535 16488 0 0 1 waiting 
2 962 398 1026 535 16489 0 0 0 waiting 
2 961 397 1025 535 16490 0 0 1 waiting 
2 961 397 1024 535 16491 0 0 1 waiting 
2 961 397 1023 536 16492 0 0 0 waiting 
2 957 397 1021 536 16493 0 0 1 waiting 
2 954 398 1019 537 16494 0 0 1 waiting 
2 951 398 1018 537 16495 0 0 1 waiting 
2 947 399 1016 538 16496 0 0 1 waiting 
2 944 399 1014 538 16497 0 0 1 waiting 
2 941 400 1013 539 16498 0 0 0 waiting 
2 937 398 1010 538 16499 0 0 1 waiting 
3 762 359 823 475 16480 0 0 0 waiting 
3 767 358 827 475 16481 0 0 1 standing 
3 772 358 832 475 16482 0 0 1 standing 
3 777 358 837 476 16483 0 0 0 standing 
3 782 357 842 475 16484 0 0 1 standing 
3 788 356 847 475 16485 0 0 1 standing 
3 794 355 853 475 16486 0 0 0 standing 
3 794 354 856 475 16487 0 0 1 standing 
3 794 353 859 475 16488 0 0 1 standing 
3 794 353 862 475 16489 0 0 0 standing 
3 802 349 864 475 16490 0 0 1 standing 
3 811 346 867 475 16491 0 0 1 standing 
3 820 343 870 475 16492 0 0 0 standing 
3 819 343 872 474 16493 0 0 1 standing 
3 819 343 875 473 16494 0 0 1 standing 
3 818 343 878 472 16495 0 0 1 standing 
3 818 343 881 471 16496 0 0 1 standing 
3 817 343 884 470 16497 0 0 1 standing 
3 817 343 887 470 16498 0 0 0 standing 
3 814 342 886 469 16499 0 0 1 standing 
4 544 330 593 438 16480 0 0 0 standing 
4 543 328 592 437 16481 0 0 1 standing 
4 542 326 591 437 16482 0 0 1 standing 
4 542 324 591 437 16483 0 0 1 standing 
4 541 322 590 437 16484 0 0 1 standing 
4 541 320 590 436 16485 0 0 1 standing 
4 540 318 589 436 16486 0 0 1 standing 
4 539 316 588 436 16487 0 0 1 standing 
4 539 314 588 436 16488 0 0 1 standing 
4 538 312 587 435 16489 0 0 1 standing 
4 538 310 587 435 16490 0 0 1 standing 
4 537 308 586 435 16491 0 0 1 standing 
4 537 307 586 435 16492 0 0 0 standing 
4 534 306 584 435 16493 0 0 1 standing 
4 531 306 583 435 16494 0 0 1 standing 
4 529 306 582 435 16495 0 0 0 standing 
4 527 306 577 435 16496 0 0 1 standing 
4 525 306 573 436 16497 0 0 1 standing 
4 523 306 569 436 16498 0 0 1 standing 
4 521 306 565 437 16499 0 0 1 standing 
5 498 341 557 478 16480 0 0 0 standing 
5 496 341 554 478 16481 0 0 1 standing 
5 495 341 552 478 16482 0 0 1 standing 
5 494 341 550 478 16483 0 0 1 standing 
5 493 341 548 479 16484 0 0 1 standing 
5 491 341 546 479 16485 0 0 1 standing 
5 490 341 544 479 16486 0 0 1 standing 
5 489 341 542 479 16487 0 0 1 standing 
5 488 341 540 480 16488 0 0 1 standing 
5 486 341 538 480 16489 0 0 1 standing 
5 485 341 536 480 16490 0 0 1 standing 
5 484 341 534 480 16491 0 0 1 standing 
5 483 341 532 481 16492 0 0 0 standing 
5 480 342 528 481 16493 0 0 1 standing 
5 477 343 524 482 16494 0 0 1 standing 
5 474 344 521 483 16495 0 0 1 standing 
5 471 345 517 483 16496 0 0 1 standing 
5 468 346 513 484 16497 0 0 1 standing 
5 466 348 510 485 16498 0 0 0 standing 
5 462 348 508 485 16499 0 0 1 standing 
6 396 256 467 381 16480 0 1 0 standing 
6 396 254 467 382 16481 0 1 1 spiking 
6 396 253 467 383 16482 0 1 1 spiking 
6 397 252 467 384 16483 0 1 1 spiking 
6 397 251 467 385 16484 0 1 1 spiking 
6 398 250 467 386 16485 0 1 1 spiking 
6 398 248 468 388 16486 0 1 1 spiking 
6 399 247 468 389 16487 0 1 1 spiking 
6 399 246 468 390 16488 0 1 1 spiking 
6 400 245 468 391 16489 0 1 1 spiking 
6 400 244 468 392 16490 0 1 1 spiking 
6 401 243 469 394 16491 0 1 0 spiking 
6 396 245 462 395 16492 0 1 1 spiking 
6 392 247 456 396 16493 0 1 1 spiking 
6 387 250 450 397 16494 0 1 1 spiking 
6 383 252 444 398 16495 0 1 1 spiking 
6 378 255 438 399 16496 0 1 1 spiking 
6 374 257 431 400 16497 0 1 1 spiking 
6 369 259 425 401 16498 0 1 1 spiking 
6 365 262 419 402 16499 0 1 1 spiking 
7 640 283 689 383 16480 0 0 0 spiking 
7 640 282 690 382 16481 0 0 1 standing 
7 640 282 691 382 16482 0 0 1 standing 
7 641 282 692 382 16483 0 0 1 standing 
7 641 282 693 382 16484 0 0 1 standing 
7 642 282 695 382 16485 0 0 1 standing 
7 642 282 696 382 16486 0 0 1 standing 
7 642 282 697 382 16487 0 0 1 standing 
7 643 282 698 382 16488 0 0 1 standing 
7 643 282 699 382 16489 0 0 1 standing 
7 644 282 701 382 16490 0 0 0 standing 
7 640 280 696 382 16491 0 0 1 standing 
7 636 278 692 382 16492 0 0 1 standing 
7 633 277 687 382 16493 0 0 1 standing 
7 629 275 683 382 16494 0 0 1 standing 
7 626 274 679 383 16495 0 0 0 standing 
7 619 275 673 384 16496 0 0 1 standing 
7 613 276 668 386 16497 0 0 1 standing 
7 607 277 663 388 16498 0 0 1 standing 
7 600 278 657 390 16499 0 0 1 standing 
8 627 294 686 428 16480 0 0 0 standing 
8 629 297 688 429 16481 0 0 1 standing 
8 631 300 690 431 16482 0 0 1 standing 
8 633 303 692 432 16483 0 0 1 standing 
8 635 306 694 434 16484 0 0 1 standing 
8 637 309 696 435 16485 0 0 1 standing 
8 639 312 698 437 16486 0 0 0 standing 
8 639 313 698 440 16487 0 0 1 standing 
8 639 314 698 444 16488 0 0 1 standing 
8 639 315 698 448 16489 0 0 0 standing 
8 641 314 699 448 16490 0 0 1 standing 
8 644 314 700 449 16491 0 0 1 standing 
8 646 314 702 450 16492 0 0 1 standing 
8 649 314 703 451 16493 0 0 1 standing 
8 651 314 704 452 16494 0 0 1 standing 
8 654 314 706 453 16495 0 0 0 standing 
8 649 316 709 454 16496 0 0 1 standing 
8 644 319 712 456 16497 0 0 1 standing 
8 640 322 715 458 16498 0 0 1 standing 
8 635 325 718 459 16499 0 0 1 standing 
9 329 322 395 412 16480 0 0 0 standing 
9 329 320 393 411 16481 0 0 1 standing 
9 329 319 391 411 16482 0 0 1 standing 
9 329 317 390 411 16483 0 0 1 standing 
9 329 316 388 411 16484 0 0 1 standing 
9 329 314 387 411 16485 0 0 1 standing 
9 329 313 385 411 16486 0 0 1 standing 
9 329 311 383 411 16487 0 0 1 standing 
9 329 310 382 411 16488 0 0 1 standing 
9 329 308 380 411 16489 0 0 1 standing 
9 329 307 379 411 16490 0 0 0 standing 
9 323 306 373 412 16491 0 0 1 standing 
9 318 305 368 413 16492 0 0 1 standing 
9 313 304 362 415 16493 0 0 1 standing 
9 307 304 357 416 16494 0 0 1 standing 
9 302 303 352 418 16495 0 0 1 standing 
9 297 302 346 419 16496 0 0 1 standing 
9 291 302 341 420 16497 0 0 1 standing 
9 286 301 335 422 16498 0 0 1 standing 
9 281 300 330 423 16499 0 0 1 standing 
10 335 308 384 446 16480 0 0 0 standing 
10 334 306 383 445 16481 0 0 1 standing 
10 333 305 382 445 16482 0 0 1 standing 
10 332 304 381 444 16483 0 0 1 standing 
10 331 303 380 444 16484 0 0 1 standing 
10 330 302 379 444 16485 0 0 1 standing 
10 329 301 378 443 16486 0 0 1 standing 
10 328 300 377 443 16487 0 0 1 standing 
10 327 299 376 442 16488 0 0 1 standing 
10 326 298 375 442 16489 0 0 1 standing 
10 326 297 375 442 16490 0 0 0 standing 
10 321 298 370 442 16491 0 0 1 standing 
10 316 300 365 442 16492 0 0 1 standing 
10 311 302 360 443 16493 0 0 1 standing 
10 306 304 355 443 16494 0 0 1 standing 
10 302 306 351 444 16495 0 0 0 standing 
10 297 306 346 446 16496 0 0 1 standing 
10 292 307 341 448 16497 0 0 1 standing 
10 287 308 336 450 16498 0 0 1 standing 
10 282 309 331 452 16499 0 0 1 standing 
11 334 382 381 526 16480 0 0 0 standing 
11 333 382 381 526 16481 0 0 1 standing 
11 333 382 381 526 16482 0 0 1 standing 
11 332 382 381 526 16483 0 0 1 standing 
11 332 382 381 526 16484 0 0 1 standing 
11 331 383 381 527 16485 0 0 1 standing 
11 331 383 381 527 16486 0 0 1 standing 
11 330 383 381 527 16487 0 0 1 standing 
11 330 383 381 527 16488 0 0 1 standing 
11 330 384 381 528 16489 0 0 0 standing 
11 329 384 378 528 16490 0 0 1 standing 
11 328 384 375 528 16491 0 0 1 standing 
11 328 384 372 528 16492 0 0 0 standing 
11 324 383 369 527 16493 0 0 1 standing 
11 320 382 367 526 16494 0 0 1 standing 
11 316 382 365 526 16495 0 0 0 standing 
11 311 382 360 526 16496 0 0 1 standing 
11 306 382 355 526 16497 0 0 1 standing 
11 301 383 351 527 16498 0 0 1 standing 
11 296 383 346 527 16499 0 0 1 standing 
