0 914 455 968 607 36845 0 1 0 standing 
0 907 453 961 604 36846 0 1 1 standing 
0 901 452 955 601 36847 0 1 1 standing 
0 895 450 948 598 36848 0 1 1 standing 
0 888 449 942 595 36849 0 1 1 standing 
0 882 447 936 592 36850 0 1 1 standing 
0 876 446 929 589 36851 0 1 1 standing 
0 869 444 923 586 36852 0 1 1 standing 
0 863 443 916 583 36853 0 1 1 standing 
0 857 441 910 580 36854 0 1 1 standing 
0 851 440 904 578 36855 0 1 0 standing 
0 845 438 898 576 36856 0 1 1 standing 
0 839 436 892 574 36857 0 1 1 standing 
0 833 434 886 572 36858 0 1 1 standing 
0 827 432 880 570 36859 0 1 1 standing 
0 821 430 874 568 36860 0 1 1 standing 
0 815 428 868 566 36861 0 1 1 standing 
0 809 426 862 564 36862 0 1 1 standing 
0 803 424 856 562 36863 0 1 1 standing 
0 797 422 850 560 36864 0 1 1 standing 
1 956 405 1010 536 36845 0 1 0 standing 
1 950 405 1006 536 36846 0 1 1 standing 
1 944 406 1002 536 36847 0 1 1 standing 
1 938 406 998 537 36848 0 1 1 standing 
1 933 407 994 537 36849 0 1 1 standing 
1 927 407 990 538 36850 0 1 1 standing 
1 921 408 986 538 36851 0 1 1 standing 
1 916 408 982 538 36852 0 1 1 standing 
1 910 409 978 539 36853 0 1 1 standing 
1 904 409 974 539 36854 0 1 1 standing 
1 899 410 970 540 36855 0 1 0 standing 
1 895 410 962 541 36856 0 1 1 standing 
1 891 411 955 542 36857 0 1 1 standing 
1 887 411 947 544 36858 0 1 1 standing 
1 884 412 940 545 36859 0 1 1 standing 
1 880 413 933 547 36860 0 1 1 standing 
1 876 413 925 548 36861 0 1 1 standing 
1 873 414 918 549 36862 0 1 1 standing 
1 869 414 910 551 36863 0 1 1 standing 
1 865 415 903 552 36864 0 1 1 standing 
2 969 387 1027 489 36845 0 1 0 standing 
2 964 388 1022 490 36846 0 1 1 standing 
2 960 389 1018 491 36847 0 1 1 standing 
2 956 390 1014 492 36848 0 1 1 standing 
2 951 391 1009 493 36849 0 1 1 standing 
2 947 392 1005 494 36850 0 1 1 standing 
2 943 393 1001 495 36851 0 1 1 standing 
2 938 394 996 496 36852 0 1 1 standing 
2 934 395 992 497 36853 0 1 1 standing 
2 930 396 988 498 36854 0 1 1 standing 
2 926 397 984 500 36855 0 1 0 standing 
2 920 397 977 502 36856 0 1 1 standing 
2 915 397 971 505 36857 0 1 1 standing 
2 910 398 965 507 36858 0 1 1 standing 
2 905 398 959 510 36859 0 1 1 standing 
2 900 399 953 513 36860 0 1 1 standing 
2 895 399 946 515 36861 0 1 1 standing 
2 890 399 940 518 36862 0 1 1 standing 
2 885 400 934 520 36863 0 1 1 standing 
2 880 400 928 523 36864 0 1 1 standing 
3 1017 428 1077 558 36845 0 1 0 standing 
3 1012 428 1071 558 36846 0 1 1 standing 
3 1007 428 1065 558 36847 0 1 1 standing 
3 1002 428 1059 558 36848 0 1 1 standing 
3 997 428 1054 558 36849 0 1 1 standing 
3 993 429 1048 559 36850 0 1 1 standing 
3 988 429 1042 559 36851 0 1 1 standing 
3 983 429 1037 559 36852 0 1 1 standing 
3 978 429 1031 559 36853 0 1 1 standing 
3 973 429 1025 559 36854 0 1 1 standing 
3 969 430 1020 560 36855 0 1 0 standing 
3 960 429 1011 558 36856 0 1 1 standing 
3 952 429 1003 557 36857 0 1 1 standing 
3 944 429 995 556 36858 0 1 1 standing 
3 935 428 987 555 36859 0 1 1 standing 
3 927 428 979 554 36860 0 1 1 standing 
3 919 428 970 552 36861 0 1 1 standing 
3 910 427 962 551 36862 0 1 1 standing 
3 902 427 954 550 36863 0 1 1 standing 
3 894 427 946 549 36864 0 1 1 standing 
4 1059 434 1103 570 36845 0 1 0 standing 
4 1052 434 1096 569 36846 0 1 1 standing 
4 1045 434 1089 568 36847 0 1 1 standing 
4 1038 434 1083 567 36848 0 1 1 standing 
4 1031 434 1076 566 36849 0 1 1 standing 
4 1025 434 1070 565 36850 0 1 1 standing 
4 1018 434 1063 564 36851 0 1 1 standing 
4 1011 434 1056 563 36852 0 1 1 standing 
4 1004 434 1050 562 36853 0 1 1 standing 
4 997 434 1043 561 36854 0 1 1 standing 
4 991 435 1037 561 36855 0 1 0 standing 
4 983 434 1031 560 36856 0 1 1 standing 
4 976 434 1025 560 36857 0 1 1 standing 
4 969 434 1020 560 36858 0 1 1 standing 
4 962 434 1014 559 36859 0 1 1 standing 
4 955 434 1009 559 36860 0 1 1 standing 
4 948 434 1003 559 36861 0 1 1 standing 
4 941 434 997 558 36862 0 1 1 standing 
4 934 434 992 558 36863 0 1 1 standing 
4 927 434 986 558 36864 0 1 1 standing 
5 1050 323 1097 440 36845 0 1 0 standing 
5 1043 323 1090 440 36846 0 1 1 standing 
5 1037 323 1084 440 36847 0 1 1 standing 
5 1031 323 1078 441 36848 0 1 1 standing 
5 1025 324 1072 441 36849 0 1 1 standing 
5 1019 324 1066 442 36850 0 1 1 standing 
5 1013 324 1060 442 36851 0 1 1 standing 
5 1007 325 1054 442 36852 0 1 1 standing 
5 1001 325 1048 443 36853 0 1 1 standing 
5 995 325 1042 443 36854 0 1 1 standing 
5 989 326 1036 444 36855 0 1 0 standing 
5 981 327 1028 445 36856 0 1 1 standing 
5 974 328 1021 447 36857 0 1 1 standing 
5 966 330 1013 448 36858 0 1 1 standing 
5 959 331 1006 450 36859 0 1 1 standing 
5 952 333 999 452 36860 0 1 1 standing 
5 944 334 991 453 36861 0 1 1 standing 
5 937 335 984 455 36862 0 1 1 standing 
5 929 337 976 456 36863 0 1 1 standing 
5 922 338 969 458 36864 0 1 1 standing 
6 432 365 476 497 36845 0 0 0 standing 
6 425 365 470 497 36846 0 0 1 standing 
6 419 365 464 497 36847 0 0 1 standing 
6 413 365 458 497 36848 0 0 1 standing 
6 407 366 452 498 36849 0 0 1 standing 
6 401 366 446 498 36850 0 0 1 standing 
6 395 366 440 498 36851 0 0 1 standing 
6 389 367 434 499 36852 0 0 1 standing 
6 383 367 428 499 36853 0 0 1 standing 
6 377 367 422 499 36854 0 0 1 standing 
6 371 368 417 500 36855 0 0 0 standing 
6 363 368 409 500 36856 0 0 1 standing 
6 356 368 402 500 36857 0 0 1 standing 
6 348 368 394 500 36858 0 0 1 standing 
6 341 369 387 501 36859 0 0 1 standing 
6 333 369 379 501 36860 0 0 1 standing 
6 326 369 372 501 36861 0 0 1 standing 
6 318 370 364 502 36862 0 0 1 standing 
6 311 370 357 502 36863 0 0 1 standing 
6 303 370 349 502 36864 0 0 1 standing 
7 521 354 567 465 36845 0 0 0 standing 
7 511 354 561 465 36846 0 0 1 standing 
7 502 354 555 466 36847 0 0 1 standing 
7 493 355 549 466 36848 0 0 1 standing 
7 483 355 544 467 36849 0 0 1 standing 
7 474 356 538 467 36850 0 0 1 standing 
7 465 356 532 468 36851 0 0 1 standing 
7 455 356 527 468 36852 0 0 1 standing 
7 446 357 521 469 36853 0 0 1 standing 
7 437 357 515 469 36854 0 0 1 standing 
7 428 358 510 470 36855 0 0 0 standing 
7 421 359 503 471 36856 0 0 1 standing 
7 415 360 497 472 36857 0 0 1 standing 
7 408 361 490 474 36858 0 0 1 standing 
7 402 363 484 475 36859 0 0 1 standing 
7 396 364 478 477 36860 0 0 1 standing 
7 389 365 471 478 36861 0 0 1 standing 
7 383 367 465 479 36862 0 0 1 standing 
7 376 368 458 481 36863 0 0 1 standing 
7 370 369 452 482 36864 0 0 1 standing 
8 505 426 555 561 36845 0 0 0 standing 
8 496 426 546 561 36846 0 0 1 standing 
8 488 426 538 561 36847 0 0 1 standing 
8 480 426 530 561 36848 0 0 1 standing 
8 472 426 521 562 36849 0 0 1 standing 
8 464 427 513 562 36850 0 0 1 standing 
8 456 427 505 562 36851 0 0 1 standing 
8 448 427 496 563 36852 0 0 1 standing 
8 440 427 488 563 36853 0 0 1 standing 
8 432 427 480 563 36854 0 0 1 standing 
8 424 428 472 564 36855 0 0 0 standing 
8 413 428 461 564 36856 0 0 1 standing 
8 403 428 451 564 36857 0 0 1 standing 
8 392 429 440 564 36858 0 0 1 standing 
8 382 429 430 565 36859 0 0 1 standing 
8 371 430 419 565 36860 0 0 1 standing 
8 361 430 409 565 36861 0 0 1 standing 
8 350 430 398 566 36862 0 0 1 standing 
8 340 431 388 566 36863 0 0 1 standing 
8 329 431 377 566 36864 0 0 1 standing 
9 789 469 858 608 36845 0 0 0 standing 
9 782 468 851 607 36846 0 0 1 standing 
9 776 468 844 607 36847 0 0 1 standing 
9 770 468 837 607 36848 0 0 1 standing 
9 764 468 831 607 36849 0 0 1 standing 
9 758 468 824 607 36850 0 0 1 standing 
9 752 467 817 606 36851 0 0 1 standing 
9 746 467 811 606 36852 0 0 1 standing 
9 740 467 804 606 36853 0 0 1 standing 
9 734 467 797 606 36854 0 0 1 standing 
9 728 467 791 606 36855 0 0 0 standing 
9 720 467 783 606 36856 0 0 1 standing 
9 713 467 776 606 36857 0 0 1 standing 
9 705 467 769 606 36858 0 0 1 standing 
9 698 467 761 606 36859 0 0 1 standing 
9 690 467 754 606 36860 0 0 1 standing 
9 683 467 747 606 36861 0 0 1 standing 
9 675 467 739 606 36862 0 0 1 standing 
9 668 467 732 606 36863 0 0 1 standing 
9 660 467 725 606 36864 0 0 1 standing 
10 805 378 848 500 36845 0 0 0 standing 
10 795 378 840 500 36846 0 0 1 standing 
10 785 379 832 501 36847 0 0 1 standing 
10 776 379 824 502 36848 0 0 1 standing 
10 766 380 816 503 36849 0 0 1 standing 
10 757 380 808 504 36850 0 0 1 standing 
10 747 381 800 504 36851 0 0 1 standing 
10 737 381 792 505 36852 0 0 1 standing 
10 728 382 784 506 36853 0 0 1 standing 
10 718 382 776 507 36854 0 0 1 standing 
10 709 383 768 508 36855 0 0 0 standing 
10 699 383 757 508 36856 0 0 1 standing 
10 690 383 746 508 36857 0 0 1 standing 
10 681 383 735 508 36858 0 0 1 standing 
10 672 383 724 508 36859 0 0 1 standing 
10 663 383 713 508 36860 0 0 1 standing 
10 653 383 702 508 36861 0 0 1 standing 
10 644 383 691 508 36862 0 0 1 standing 
10 635 383 680 508 36863 0 0 1 standing 
10 626 383 669 508 36864 0 0 1 standing 
11 815 366 864 488 36845 0 0 0 standing 
11 805 366 854 488 36846 0 0 1 standing 
11 796 366 845 488 36847 0 0 1 standing 
11 787 366 835 488 36848 0 0 1 standing 
11 778 366 826 488 36849 0 0 1 standing 
11 769 366 816 489 36850 0 0 1 standing 
11 759 366 807 489 36851 0 0 1 standing 
11 750 366 797 489 36852 0 0 1 standing 
11 741 366 788 489 36853 0 0 1 standing 
11 732 366 778 489 36854 0 0 1 standing 
11 723 367 769 490 36855 0 0 0 standing 
11 712 367 758 490 36856 0 0 1 standing 
11 702 367 748 490 36857 0 0 1 standing 
11 692 367 738 490 36858 0 0 1 standing 
11 681 368 727 491 36859 0 0 1 standing 
11 671 368 717 491 36860 0 0 1 standing 
11 661 368 707 491 36861 0 0 1 standing 
11 650 369 696 492 36862 0 0 1 standing 
11 640 369 686 492 36863 0 0 1 standing 
11 630 369 676 492 36864 0 0 1 standing 
