0 228 403 276 523 39100 0 0 0 waiting 
0 238 403 287 523 39101 0 0 1 waiting 
0 248 403 298 523 39102 0 0 1 waiting 
0 258 403 309 523 39103 0 0 1 waiting 
0 268 403 320 523 39104 0 0 1 waiting 
0 279 403 331 523 39105 0 0 0 waiting 
0 279 402 332 522 39106 0 0 1 waiting 
0 280 402 333 522 39107 0 0 1 waiting 
0 281 402 335 522 39108 0 0 1 waiting 
0 282 401 336 521 39109 0 0 1 waiting 
0 283 401 338 521 39110 0 0 1 waiting 
0 284 401 339 521 39111 0 0 1 waiting 
0 285 401 341 521 39112 0 0 0 waiting 
0 288 401 344 521 39113 0 0 1 waiting 
0 291 401 347 521 39114 0 0 1 waiting 
0 294 401 350 521 39115 0 0 1 waiting 
0 298 401 353 522 39116 0 0 0 waiting 
0 297 400 352 522 39117 0 0 1 waiting 
0 296 400 351 522 39118 0 0 1 waiting 
0 295 400 350 522 39119 0 0 1 waiting 
1 285 501 335 626 39100 0 0 0 waiting 
1 296 500 346 625 39101 0 0 1 waiting 
1 307 499 357 625 39102 0 0 1 waiting 
1 318 498 368 625 39103 0 0 1 waiting 
1 330 498 380 625 39104 0 0 0 waiting 
1 332 498 382 625 39105 0 0 1 waiting 
1 335 498 384 626 39106 0 0 1 waiting 
1 337 498 387 627 39107 0 0 1 waiting 
1 340 498 389 627 39108 0 0 1 waiting 
1 342 498 391 628 39109 0 0 1 waiting 
1 345 499 394 629 39110 0 0 0 waiting 
1 349 497 406 626 39111 0 0 1 waiting 
1 353 495 418 624 39112 0 0 1 waiting 
1 358 493 431 622 39113 0 0 0 waiting 
1 359 493 429 622 39114 0 0 1 waiting 
1 360 494 427 623 39115 0 0 1 waiting 
1 361 495 425 624 39116 0 0 1 waiting 
1 362 495 424 624 39117 0 0 1 waiting 
1 363 496 422 625 39118 0 0 1 waiting 
1 364 497 420 626 39119 0 0 1 waiting 
2 427 399 514 498 39100 0 1 0 waiting 
2 433 402 523 498 39101 0 1 1 falling 
2 440 405 532 498 39102 0 1 1 falling 
2 446 408 541 498 39103 0 1 1 falling 
2 453 411 550 498 39104 0 1 1 falling 
2 459 414 559 498 39105 0 1 1 falling 
2 466 417 568 498 39106 0 1 1 falling 
2 472 420 577 498 39107 0 1 1 falling 
2 479 424 587 499 39108 0 1 0 falling 
2 484 426 583 499 39109 0 1 1 falling 
2 490 428 580 499 39110 0 1 1 falling 
2 496 430 577 500 39111 0 1 1 falling 
2 502 432 573 500 39112 0 1 1 falling 
2 508 434 570 500 39113 0 1 1 falling 
2 514 437 567 501 39114 0 1 0 falling 
2 511 436 572 501 39115 0 1 1 falling 
2 508 436 577 501 39116 0 1 1 falling 
2 505 436 582 501 39117 0 1 0 falling 
2 504 431 582 501 39118 0 1 1 falling 
2 504 427 582 501 39119 0 1 1 falling 
3 667 410 708 555 39100 0 0 0 falling 
3 677 409 718 554 39101 0 0 1 standing 
3 688 409 729 554 39102 0 0 1 standing 
3 699 408 740 553 39103 0 0 1 standing 
3 710 408 751 553 39104 0 0 0 standing 
3 712 412 753 557 39105 0 0 1 standing 
3 715 417 756 562 39106 0 0 1 standing 
3 717 422 758 567 39107 0 0 1 standing 
3 720 427 761 572 39108 0 0 0 standing 
3 722 436 762 579 39109 0 0 1 standing 
3 724 445 764 586 39110 0 0 1 standing 
3 727 455 766 594 39111 0 0 0 standing 
3 729 460 767 599 39112 0 0 1 standing 
3 731 465 769 605 39113 0 0 1 standing 
3 733 470 771 611 39114 0 0 0 standing 
3 731 472 769 609 39115 0 0 1 standing 
3 729 474 767 607 39116 0 0 1 standing 
3 728 477 765 606 39117 0 0 0 standing 
3 725 476 762 609 39118 0 0 1 standing 
3 722 476 760 612 39119 0 0 1 standing 
4 802 403 850 522 39100 0 0 0 standing 
4 813 403 861 522 39101 0 0 1 standing 
4 824 404 872 523 39102 0 0 1 standing 
4 835 404 883 523 39103 0 0 1 standing 
4 846 405 894 524 39104 0 0 0 standing 
4 848 404 896 523 39105 0 0 1 standing 
4 850 404 898 523 39106 0 0 1 standing 
4 852 404 900 523 39107 0 0 1 standing 
4 854 404 902 523 39108 0 0 1 standing 
4 856 404 904 523 39109 0 0 1 standing 
4 859 404 907 523 39110 0 0 0 standing 
4 862 404 910 523 39111 0 0 1 standing 
4 866 404 914 523 39112 0 0 1 standing 
4 870 404 918 523 39113 0 0 0 standing 
4 870 404 918 523 39114 0 0 1 standing 
4 870 404 918 523 39115 0 0 1 standing 
4 871 404 919 523 39116 0 0 1 standing 
4 871 404 919 523 39117 0 0 1 standing 
4 872 404 920 523 39118 0 0 1 standing 
4 872 404 920 523 39119 0 0 1 standing 
5 919 473 970 604 39100 0 0 0 standing 
5 927 474 977 605 39101 0 0 1 standing 
5 936 475 984 607 39102 0 0 1 standing 
5 944 476 991 609 39103 0 0 1 standing 
5 953 477 998 610 39104 0 0 1 standing 
5 961 478 1005 612 39105 0 0 1 standing 
5 970 479 1013 614 39106 0 0 0 standing 
5 971 476 1014 612 39107 0 0 1 standing 
5 973 474 1016 611 39108 0 0 1 standing 
5 975 471 1017 610 39109 0 0 1 standing 
5 977 469 1019 608 39110 0 0 1 standing 
5 979 466 1020 607 39111 0 0 1 standing 
5 981 464 1022 606 39112 0 0 0 standing 
5 982 466 1024 607 39113 0 0 1 standing 
5 983 468 1026 608 39114 0 0 1 standing 
5 984 471 1028 609 39115 0 0 1 standing 
5 985 473 1030 610 39116 0 0 1 standing 
5 987 476 1032 612 39117 0 0 0 standing 
5 987 477 1033 612 39118 0 0 1 standing 
5 988 479 1034 613 39119 0 0 1 standing 
6 1025 429 1075 554 39100 0 0 0 standing 
6 1035 430 1084 557 39101 0 0 1 standing 
6 1045 431 1094 561 39102 0 0 1 standing 
6 1055 432 1104 564 39103 0 0 1 standing 
6 1065 433 1114 568 39104 0 0 0 standing 
6 1066 434 1115 567 39105 0 0 1 standing 
6 1067 435 1117 567 39106 0 0 1 standing 
6 1069 436 1118 566 39107 0 0 1 standing 
6 1070 437 1120 566 39108 0 0 1 standing 
6 1071 438 1121 565 39109 0 0 1 standing 
6 1073 440 1123 565 39110 0 0 0 standing 
6 1075 439 1125 564 39111 0 0 1 standing 
6 1078 438 1127 564 39112 0 0 1 standing 
6 1081 437 1129 563 39113 0 0 1 standing 
6 1084 436 1131 563 39114 0 0 1 standing 
6 1087 435 1134 563 39115 0 0 0 standing 
6 1087 435 1133 563 39116 0 0 1 standing 
6 1087 435 1133 564 39117 0 0 1 standing 
6 1088 435 1132 565 39118 0 0 1 standing 
6 1088 435 1132 566 39119 0 0 1 standing 
7 677 420 711 560 39100 0 0 0 standing 
7 687 422 721 562 39101 0 0 1 standing 
7 698 425 732 565 39102 0 0 1 standing 
7 708 427 742 567 39103 0 0 1 standing 
7 719 430 753 570 39104 0 0 0 standing 
7 723 438 757 578 39105 0 0 1 standing 
7 727 446 761 586 39106 0 0 1 standing 
7 731 454 765 594 39107 0 0 0 standing 
7 732 459 766 599 39108 0 0 1 standing 
7 733 464 767 604 39109 0 0 1 standing 
7 735 469 769 609 39110 0 0 0 standing 
7 736 468 770 608 39111 0 0 1 standing 
7 737 468 771 608 39112 0 0 1 standing 
7 738 468 772 608 39113 0 0 1 standing 
7 739 468 773 608 39114 0 0 1 standing 
7 740 468 774 608 39115 0 0 1 standing 
7 741 467 775 607 39116 0 0 1 standing 
7 742 467 776 607 39117 0 0 1 standing 
7 743 467 777 607 39118 0 0 1 standing 
7 744 467 778 607 39119 0 0 1 standing 
8 774 440 818 572 39100 0 0 0 standing 
8 778 444 822 579 39101 0 0 1 standing 
8 782 449 826 586 39102 0 0 1 standing 
8 787 454 830 594 39103 0 0 1 standing 
8 791 459 834 601 39104 0 0 1 standing 
8 796 464 839 609 39105 0 0 0 standing 
8 792 471 836 614 39106 0 0 1 standing 
8 789 479 833 619 39107 0 0 1 standing 
8 786 487 830 624 39108 0 0 1 standing 
8 783 495 827 629 39109 0 0 0 standing 
8 784 496 827 630 39110 0 0 1 standing 
8 785 498 828 631 39111 0 0 1 standing 
8 786 499 828 632 39112 0 0 1 standing 
8 787 501 829 633 39113 0 0 0 standing 
8 789 497 831 631 39114 0 0 1 standing 
8 791 493 833 630 39115 0 0 1 standing 
8 794 489 836 628 39116 0 0 1 standing 
8 796 485 838 627 39117 0 0 1 standing 
8 798 481 840 625 39118 0 0 1 standing 
8 801 478 843 624 39119 0 0 0 standing 
9 676 428 708 583 39100 0 0 0 standing 
9 685 430 717 587 39101 0 0 1 blocking 
9 695 433 727 591 39102 0 0 1 blocking 
9 705 436 736 595 39103 0 0 1 blocking 
9 715 439 746 599 39104 0 0 1 blocking 
9 725 442 756 603 39105 0 0 0 blocking 
9 727 449 758 606 39106 0 0 1 blocking 
9 729 456 760 609 39107 0 0 1 blocking 
9 732 463 763 613 39108 0 0 1 blocking 
9 734 470 765 616 39109 0 0 1 blocking 
9 736 477 767 619 39110 0 0 1 blocking 
9 739 485 770 623 39111 0 0 0 blocking 
9 738 486 771 625 39112 0 0 1 blocking 
9 738 487 772 628 39113 0 0 1 blocking 
9 738 489 774 631 39114 0 0 1 blocking 
9 738 490 775 634 39115 0 0 1 blocking 
9 738 492 777 637 39116 0 0 0 blocking 
9 734 492 775 638 39117 0 0 1 blocking 
9 730 492 773 640 39118 0 0 1 blocking 
9 726 492 771 641 39119 0 0 1 blocking 
10 798 480 849 594 39100 0 0 0 blocking 
10 808 481 859 595 39101 0 0 1 digging 
10 818 482 869 596 39102 0 0 1 digging 
10 828 483 879 597 39103 0 0 1 digging 
10 838 484 889 598 39104 0 0 0 digging 
10 839 483 890 597 39105 0 0 1 digging 
10 840 483 891 597 39106 0 0 1 digging 
10 841 482 892 596 39107 0 0 1 digging 
10 842 482 893 596 39108 0 0 1 digging 
10 843 481 894 595 39109 0 0 1 digging 
10 845 481 896 595 39110 0 0 0 digging 
10 848 478 899 595 39111 0 0 1 digging 
10 851 475 902 595 39112 0 0 1 digging 
10 855 473 906 595 39113 0 0 0 digging 
10 854 470 905 594 39114 0 0 1 digging 
10 853 467 904 594 39115 0 0 1 digging 
10 852 464 903 594 39116 0 0 1 digging 
10 852 461 902 594 39117 0 0 1 digging 
10 851 458 901 594 39118 0 0 1 digging 
10 850 455 900 594 39119 0 0 1 digging 
11 862 581 920 712 39100 0 0 0 digging 
11 875 578 933 711 39101 0 0 1 moving 
11 889 576 947 710 39102 0 0 1 moving 
11 902 573 960 709 39103 0 0 1 moving 
11 916 571 974 708 39104 0 0 1 moving 
11 930 569 988 708 39105 0 0 0 moving 
11 935 567 993 708 39106 0 0 1 moving 
11 940 565 998 708 39107 0 0 1 moving 
11 945 564 1004 708 39108 0 0 1 moving 
11 950 562 1009 708 39109 0 0 1 moving 
11 956 561 1015 708 39110 0 0 0 moving 
11 961 556 1019 706 39111 0 0 1 moving 
11 966 551 1023 704 39112 0 0 1 moving 
11 972 547 1027 703 39113 0 0 0 moving 
11 977 545 1032 700 39114 0 0 1 moving 
11 983 543 1037 698 39115 0 0 1 moving 
11 989 541 1042 696 39116 0 0 1 moving 
11 995 540 1047 694 39117 0 0 0 moving 
11 993 537 1045 691 39118 0 0 1 moving 
11 992 534 1043 688 39119 0 0 1 moving 
