0 245 387 300 488 12885 0 1 0 digging 
0 245 384 300 485 12886 0 1 1 digging 
0 246 381 301 482 12887 0 1 1 digging 
0 247 378 301 479 12888 0 1 1 digging 
0 248 375 302 476 12889 0 1 1 digging 
0 249 372 303 473 12890 0 1 1 digging 
0 250 369 303 470 12891 0 1 1 digging 
0 251 366 304 467 12892 0 1 1 digging 
0 252 364 305 465 12893 0 1 0 digging 
0 254 363 307 464 12894 0 1 1 digging 
0 256 363 309 463 12895 0 1 1 digging 
0 258 363 311 462 12896 0 1 1 digging 
0 260 363 313 461 12897 0 1 1 digging 
0 262 363 315 460 12898 0 1 1 digging 
0 264 363 317 459 12899 0 1 1 digging 
0 266 363 319 458 12900 0 1 1 digging 
0 268 363 321 457 12901 0 1 1 digging 
0 270 363 323 456 12902 0 1 1 digging 
0 272 363 325 455 12903 0 1 1 digging 
0 275 363 327 455 12904 0 1 0 digging 
1 420 423 496 539 12885 0 0 0 digging 
1 422 421 497 537 12886 0 0 1 standing 
1 424 420 498 536 12887 0 0 1 standing 
1 426 418 499 535 12888 0 0 1 standing 
1 428 417 500 533 12889 0 0 1 standing 
1 430 415 501 532 12890 0 0 1 standing 
1 432 414 502 531 12891 0 0 1 standing 
1 435 413 504 530 12892 0 0 0 standing 
1 440 413 507 530 12893 0 0 1 standing 
1 446 413 510 530 12894 0 0 1 standing 
1 452 414 513 531 12895 0 0 0 standing 
1 456 413 518 530 12896 0 0 1 standing 
1 460 412 523 529 12897 0 0 1 standing 
1 464 411 528 528 12898 0 0 1 standing 
1 468 410 534 527 12899 0 0 1 standing 
1 473 410 539 527 12900 0 0 1 standing 
1 477 409 544 526 12901 0 0 1 standing 
1 481 408 550 525 12902 0 0 1 standing 
1 485 407 555 524 12903 0 0 1 standing 
1 489 406 560 523 12904 0 0 1 standing 
2 649 255 682 381 12885 0 0 0 standing 
2 649 258 683 381 12886 0 0 1 standing 
2 649 262 684 382 12887 0 0 1 standing 
2 649 266 686 383 12888 0 0 1 standing 
2 650 269 687 383 12889 0 0 1 standing 
2 650 273 689 384 12890 0 0 1 standing 
2 650 277 690 385 12891 0 0 1 standing 
2 651 281 692 386 12892 0 0 0 standing 
2 651 281 693 386 12893 0 0 1 standing 
2 652 282 694 386 12894 0 0 1 standing 
2 652 282 696 386 12895 0 0 1 standing 
2 653 283 697 386 12896 0 0 1 standing 
2 654 284 699 387 12897 0 0 0 standing 
2 653 283 697 386 12898 0 0 1 standing 
2 652 282 695 385 12899 0 0 1 standing 
2 651 282 693 385 12900 0 0 1 standing 
2 650 281 691 384 12901 0 0 1 standing 
2 649 280 689 383 12902 0 0 1 standing 
2 648 280 687 383 12903 0 0 1 standing 
2 647 279 685 382 12904 0 0 1 standing 
3 692 337 755 444 12885 0 0 0 standing 
3 693 335 755 443 12886 0 0 1 standing 
3 694 334 756 443 12887 0 0 1 standing 
3 695 333 757 442 12888 0 0 1 standing 
3 696 331 758 442 12889 0 0 1 standing 
3 697 330 759 441 12890 0 0 1 standing 
3 698 329 760 441 12891 0 0 1 standing 
3 700 328 761 441 12892 0 0 0 standing 
3 705 327 764 441 12893 0 0 1 standing 
3 710 326 768 442 12894 0 0 1 standing 
3 716 325 772 442 12895 0 0 1 standing 
3 721 324 776 443 12896 0 0 1 standing 
3 727 324 780 444 12897 0 0 0 standing 
3 729 323 781 443 12898 0 0 1 standing 
3 731 323 782 443 12899 0 0 1 standing 
3 734 322 784 442 12900 0 0 1 standing 
3 736 322 785 442 12901 0 0 1 standing 
3 738 322 786 442 12902 0 0 1 standing 
3 741 321 788 441 12903 0 0 1 standing 
3 743 321 789 441 12904 0 0 1 standing 
4 1012 319 1070 447 12885 0 0 0 standing 
4 1015 318 1072 446 12886 0 0 1 standing 
4 1019 317 1074 445 12887 0 0 1 standing 
4 1022 316 1076 445 12888 0 0 1 standing 
4 1026 316 1079 444 12889 0 0 1 standing 
4 1029 315 1081 444 12890 0 0 1 standing 
4 1033 314 1083 443 12891 0 0 1 standing 
4 1037 314 1086 443 12892 0 0 0 standing 
4 1042 314 1090 443 12893 0 0 1 standing 
4 1047 314 1094 443 12894 0 0 1 standing 
4 1053 314 1099 443 12895 0 0 0 standing 
4 1056 313 1102 442 12896 0 0 1 standing 
4 1060 313 1106 442 12897 0 0 1 standing 
4 1064 313 1110 442 12898 0 0 1 standing 
4 1068 313 1113 442 12899 0 0 1 standing 
4 1072 313 1117 442 12900 0 0 1 standing 
4 1076 313 1121 442 12901 0 0 0 standing 
4 1077 312 1122 441 12902 0 0 1 standing 
4 1078 311 1124 440 12903 0 0 1 standing 
4 1079 310 1125 439 12904 0 0 1 standing 
5 832 432 892 568 12885 0 0 0 standing 
5 827 428 886 563 12886 0 0 1 standing 
5 823 424 881 559 12887 0 0 1 standing 
5 819 420 876 555 12888 0 0 1 standing 
5 815 417 871 551 12889 0 0 1 standing 
5 811 413 866 547 12890 0 0 1 standing 
5 807 409 861 543 12891 0 0 1 standing 
5 803 406 856 539 12892 0 0 0 standing 
5 800 404 855 537 12893 0 0 1 standing 
5 798 402 854 535 12894 0 0 1 standing 
5 796 400 854 533 12895 0 0 1 standing 
5 794 398 853 531 12896 0 0 1 standing 
5 792 397 853 530 12897 0 0 0 standing 
5 791 396 850 528 12898 0 0 1 standing 
5 791 395 847 527 12899 0 0 1 standing 
5 790 394 844 526 12900 0 0 1 standing 
5 790 393 842 525 12901 0 0 0 standing 
5 784 392 839 524 12902 0 0 1 standing 
5 779 391 836 523 12903 0 0 1 standing 
5 773 391 833 522 12904 0 0 1 standing 
6 285 420 353 525 12885 0 1 0 standing 
6 284 418 351 523 12886 0 1 1 standing 
6 283 417 349 522 12887 0 1 1 standing 
6 282 415 347 520 12888 0 1 1 standing 
6 282 414 346 519 12889 0 1 1 standing 
6 281 413 344 518 12890 0 1 1 standing 
6 280 411 342 516 12891 0 1 1 standing 
6 279 410 340 515 12892 0 1 1 standing 
6 279 409 339 514 12893 0 1 1 standing 
6 278 407 337 512 12894 0 1 1 standing 
6 277 406 335 511 12895 0 1 1 standing 
6 277 405 334 510 12896 0 1 0 standing 
6 277 404 335 510 12897 0 1 1 standing 
6 278 404 336 510 12898 0 1 1 standing 
6 279 404 337 510 12899 0 1 1 standing 
6 280 404 339 511 12900 0 1 0 standing 
6 276 403 335 510 12901 0 1 1 standing 
6 272 402 331 509 12902 0 1 1 standing 
6 268 401 328 509 12903 0 1 1 standing 
6 264 400 324 508 12904 0 1 1 standing 
7 336 304 383 383 12885 0 0 0 standing 
7 337 303 384 382 12886 0 0 1 digging 
7 339 302 386 381 12887 0 0 1 digging 
7 341 301 388 380 12888 0 0 1 digging 
7 342 301 389 380 12889 0 0 1 digging 
7 344 300 391 379 12890 0 0 1 digging 
7 346 299 393 378 12891 0 0 1 digging 
7 347 299 394 378 12892 0 0 1 digging 
7 349 298 396 377 12893 0 0 1 digging 
7 351 297 398 376 12894 0 0 1 digging 
7 353 297 400 376 12895 0 0 0 digging 
7 357 295 405 376 12896 0 0 1 digging 
7 361 293 410 376 12897 0 0 1 digging 
7 365 292 415 376 12898 0 0 1 digging 
7 369 290 420 376 12899 0 0 1 digging 
7 373 288 425 376 12900 0 0 1 digging 
7 378 287 431 376 12901 0 0 0 digging 
7 380 285 431 376 12902 0 0 1 digging 
7 383 284 432 377 12903 0 0 1 digging 
7 385 282 432 377 12904 0 0 1 digging 
8 638 247 677 374 12885 0 0 0 digging 
8 640 248 679 373 12886 0 0 1 standing 
8 642 249 681 373 12887 0 0 1 standing 
8 645 250 683 373 12888 0 0 1 standing 
8 647 251 685 373 12889 0 0 1 standing 
8 650 252 688 373 12890 0 0 1 standing 
8 652 253 690 373 12891 0 0 1 standing 
8 654 254 692 373 12892 0 0 1 standing 
8 657 255 694 373 12893 0 0 1 standing 
8 659 256 696 373 12894 0 0 1 standing 
8 662 258 699 373 12895 0 0 0 standing 
8 662 258 700 372 12896 0 0 1 standing 
8 662 259 701 372 12897 0 0 1 standing 
8 662 259 703 372 12898 0 0 1 standing 
8 662 260 704 371 12899 0 0 1 standing 
8 662 260 706 371 12900 0 0 1 standing 
8 662 261 707 371 12901 0 0 1 standing 
8 662 261 708 370 12902 0 0 1 standing 
8 662 262 710 370 12903 0 0 1 standing 
8 662 262 711 370 12904 0 0 1 standing 
9 699 247 756 368 12885 0 0 0 standing 
9 700 247 753 367 12886 0 0 1 standing 
9 701 247 750 367 12887 0 0 1 standing 
9 702 247 747 367 12888 0 0 0 standing 
9 703 247 749 367 12889 0 0 1 standing 
9 704 247 751 367 12890 0 0 1 standing 
9 706 247 753 367 12891 0 0 1 standing 
9 707 247 755 367 12892 0 0 1 standing 
9 709 247 757 367 12893 0 0 1 standing 
9 710 247 759 367 12894 0 0 1 standing 
9 712 247 761 367 12895 0 0 0 standing 
9 717 247 766 368 12896 0 0 1 standing 
9 722 248 771 369 12897 0 0 1 standing 
9 727 249 776 370 12898 0 0 1 standing 
9 732 250 781 371 12899 0 0 1 standing 
9 737 251 786 372 12900 0 0 1 standing 
9 743 252 792 373 12901 0 0 0 standing 
9 742 252 791 373 12902 0 0 1 standing 
9 742 253 791 374 12903 0 0 1 standing 
9 742 253 791 374 12904 0 0 1 standing 
10 872 294 909 414 12885 0 0 0 standing 
10 873 292 910 412 12886 0 0 1 standing 
10 874 290 911 410 12887 0 0 1 standing 
10 875 288 912 408 12888 0 0 1 standing 
10 876 286 913 406 12889 0 0 1 standing 
10 877 285 914 405 12890 0 0 1 standing 
10 878 283 915 403 12891 0 0 1 standing 
10 879 281 916 401 12892 0 0 1 standing 
10 880 279 917 399 12893 0 0 1 standing 
10 881 277 918 397 12894 0 0 1 standing 
10 883 276 920 396 12895 0 0 0 standing 
10 885 276 923 395 12896 0 0 1 standing 
10 888 277 927 394 12897 0 0 1 standing 
10 890 277 930 394 12898 0 0 1 standing 
10 893 278 934 393 12899 0 0 1 standing 
10 895 278 937 392 12900 0 0 1 standing 
10 898 279 941 392 12901 0 0 0 standing 
10 898 279 940 392 12902 0 0 1 standing 
10 899 280 939 392 12903 0 0 1 standing 
10 900 280 938 392 12904 0 0 1 standing 
11 1059 379 1113 502 12885 0 0 0 standing 
11 1060 378 1114 501 12886 0 0 1 standing 
11 1062 377 1116 500 12887 0 0 1 standing 
11 1064 376 1117 499 12888 0 0 1 standing 
11 1065 376 1119 499 12889 0 0 1 standing 
11 1067 375 1121 498 12890 0 0 1 standing 
11 1069 374 1122 497 12891 0 0 1 standing 
11 1070 374 1124 497 12892 0 0 1 standing 
11 1072 373 1125 496 12893 0 0 1 standing 
11 1074 372 1127 495 12894 0 0 1 standing 
11 1076 372 1129 495 12895 0 0 0 standing 
11 1078 372 1130 494 12896 0 0 1 standing 
11 1081 373 1132 494 12897 0 0 1 standing 
11 1083 374 1133 494 12898 0 0 1 standing 
11 1086 374 1135 493 12899 0 0 1 standing 
11 1088 375 1136 493 12900 0 0 1 standing 
11 1091 376 1138 493 12901 0 0 0 standing 
11 1087 376 1135 493 12902 0 0 1 standing 
11 1083 377 1133 494 12903 0 0 1 standing 
11 1079 378 1130 494 12904 0 0 1 standing 
