0 925 452 997 567 27310 0 1 0 digging 
0 923 452 997 567 27311 0 1 1 digging 
0 922 453 998 567 27312 0 1 1 digging 
0 921 454 999 567 27313 0 1 0 digging 
0 917 453 996 565 27314 0 1 1 digging 
0 913 452 994 563 27315 0 1 1 digging 
0 909 451 992 561 27316 0 1 0 digging 
0 906 445 991 560 27317 0 1 1 digging 
0 903 439 990 560 27318 0 1 1 digging 
0 900 433 990 559 27319 0 1 1 digging 
0 897 427 989 559 27320 0 1 1 digging 
0 894 421 988 558 27321 0 1 1 digging 
0 891 415 988 558 27322 0 1 0 digging 
0 892 413 984 556 27323 0 1 1 digging 
0 893 412 980 554 27324 0 1 1 digging 
0 894 411 977 552 27325 0 1 0 digging 
0 891 411 972 552 27326 0 1 1 digging 
0 888 411 967 552 27327 0 1 1 digging 
0 886 411 963 552 27328 0 1 0 digging 
0 886 411 963 552 27329 0 1 1 digging 
1 894 514 971 678 27310 0 0 0 digging 
1 901 516 976 680 27311 0 0 1 moving 
1 909 518 981 682 27312 0 0 1 moving 
1 917 521 986 684 27313 0 0 0 moving 
1 922 524 997 687 27314 0 0 1 moving 
1 928 527 1009 690 27315 0 0 1 moving 
1 934 530 1021 694 27316 0 0 0 moving 
1 938 531 1026 695 27317 0 0 1 moving 
1 942 532 1031 696 27318 0 0 1 moving 
1 947 534 1036 698 27319 0 0 0 moving 
1 952 534 1041 698 27320 0 0 1 moving 
1 957 534 1046 698 27321 0 0 1 moving 
1 963 534 1052 698 27322 0 0 0 moving 
1 963 533 1048 697 27323 0 0 1 moving 
1 963 533 1045 696 27324 0 0 1 moving 
1 964 533 1042 696 27325 0 0 0 moving 
1 960 534 1042 695 27326 0 0 1 moving 
1 956 535 1042 695 27327 0 0 1 moving 
1 952 536 1042 695 27328 0 0 1 moving 
1 948 537 1042 695 27329 0 0 1 moving 
2 1009 531 1111 594 27310 0 0 0 moving 
2 1008 528 1112 593 27311 0 0 1 falling 
2 1007 525 1113 593 27312 0 0 1 falling 
2 1006 522 1114 593 27313 0 0 1 falling 
2 1005 519 1115 593 27314 0 0 1 falling 
2 1004 516 1116 593 27315 0 0 1 falling 
2 1004 514 1117 593 27316 0 0 0 falling 
2 1005 513 1116 595 27317 0 0 1 falling 
2 1007 513 1116 597 27318 0 0 1 falling 
2 1009 513 1116 600 27319 0 0 0 falling 
2 1011 512 1116 600 27320 0 0 1 falling 
2 1014 511 1116 600 27321 0 0 1 falling 
2 1016 510 1116 600 27322 0 0 1 falling 
2 1019 509 1116 600 27323 0 0 1 falling 
2 1021 508 1116 600 27324 0 0 1 falling 
2 1024 508 1116 600 27325 0 0 0 falling 
2 1024 506 1116 599 27326 0 0 1 falling 
2 1024 504 1116 599 27327 0 0 1 falling 
2 1024 502 1116 598 27328 0 0 1 falling 
2 1024 500 1116 598 27329 0 0 1 falling 
3 824 428 882 543 27310 0 0 0 falling 
3 828 427 883 542 27311 0 0 1 standing 
3 832 426 885 541 27312 0 0 1 standing 
3 837 426 887 540 27313 0 0 0 standing 
3 836 426 886 542 27314 0 0 1 standing 
3 836 427 885 544 27315 0 0 1 standing 
3 836 428 885 547 27316 0 0 0 standing 
3 831 427 885 548 27317 0 0 1 standing 
3 826 426 885 549 27318 0 0 1 standing 
3 822 426 886 550 27319 0 0 0 standing 
3 823 425 887 551 27320 0 0 1 standing 
3 825 425 889 552 27321 0 0 1 standing 
3 827 425 891 553 27322 0 0 0 standing 
3 826 419 888 552 27323 0 0 1 standing 
3 825 413 885 551 27324 0 0 1 standing 
3 825 408 882 550 27325 0 0 0 standing 
3 825 408 881 550 27326 0 0 1 standing 
3 825 408 881 551 27327 0 0 1 standing 
3 825 408 880 551 27328 0 0 1 standing 
3 825 408 880 552 27329 0 0 1 standing 
4 798 381 843 493 27310 0 0 0 standing 
4 800 382 845 490 27311 0 0 1 moving 
4 803 383 848 487 27312 0 0 1 moving 
4 806 384 850 485 27313 0 0 1 moving 
4 809 385 853 482 27314 0 0 1 moving 
4 812 386 855 479 27315 0 0 1 moving 
4 815 388 858 477 27316 0 0 0 moving 
4 814 387 857 477 27317 0 0 1 moving 
4 814 386 857 477 27318 0 0 1 moving 
4 814 386 857 477 27319 0 0 1 moving 
4 814 385 857 477 27320 0 0 1 moving 
4 814 384 857 477 27321 0 0 1 moving 
4 814 384 857 478 27322 0 0 0 moving 
4 813 383 855 478 27323 0 0 1 moving 
4 813 383 854 478 27324 0 0 1 moving 
4 812 383 853 478 27325 0 0 1 moving 
4 812 382 851 478 27326 0 0 1 moving 
4 811 382 850 478 27327 0 0 1 moving 
4 811 382 849 479 27328 0 0 0 moving 
4 811 382 849 479 27329 0 0 1 moving 
5 688 445 738 581 27310 0 0 0 moving 
5 690 444 740 581 27311 0 0 1 standing 
5 693 444 742 582 27312 0 0 1 standing 
5 696 444 745 583 27313 0 0 0 standing 
5 697 445 746 585 27314 0 0 1 standing 
5 699 446 747 587 27315 0 0 1 standing 
5 701 447 749 589 27316 0 0 0 standing 
5 702 446 750 588 27317 0 0 1 standing 
5 704 445 752 588 27318 0 0 1 standing 
5 706 445 754 588 27319 0 0 0 standing 
5 708 444 753 588 27320 0 0 1 standing 
5 710 444 753 588 27321 0 0 1 standing 
5 713 444 753 588 27322 0 0 0 standing 
5 713 443 754 587 27323 0 0 1 standing 
5 713 442 755 586 27324 0 0 1 standing 
5 714 442 757 586 27325 0 0 0 standing 
5 715 441 760 585 27326 0 0 1 standing 
5 716 440 764 584 27327 0 0 1 standing 
5 718 440 767 584 27328 0 0 1 standing 
5 719 439 771 583 27329 0 0 1 standing 
6 527 465 569 628 27310 0 0 0 standing 
6 526 465 569 628 27311 0 0 1 standing 
6 526 465 569 628 27312 0 0 1 standing 
6 526 465 570 628 27313 0 0 1 standing 
6 526 465 570 628 27314 0 0 1 standing 
6 526 466 571 629 27315 0 0 1 standing 
6 526 466 571 629 27316 0 0 1 standing 
6 526 466 572 629 27317 0 0 1 standing 
6 526 466 572 629 27318 0 0 1 standing 
6 526 467 573 630 27319 0 0 0 standing 
6 527 467 574 630 27320 0 0 1 standing 
6 528 467 575 630 27321 0 0 1 standing 
6 529 467 577 630 27322 0 0 1 standing 
6 530 467 578 630 27323 0 0 1 standing 
6 531 467 579 630 27324 0 0 1 standing 
6 532 467 581 630 27325 0 0 0 standing 
6 534 466 582 629 27326 0 0 1 standing 
6 536 465 583 628 27327 0 0 1 standing 
6 538 464 584 627 27328 0 0 1 standing 
6 540 463 585 626 27329 0 0 1 standing 
7 556 425 586 570 27310 0 0 0 standing 
7 556 424 586 570 27311 0 0 1 standing 
7 556 423 587 570 27312 0 0 1 standing 
7 556 422 588 570 27313 0 0 1 standing 
7 556 421 589 570 27314 0 0 1 standing 
7 556 421 590 570 27315 0 0 1 standing 
7 556 420 591 570 27316 0 0 1 standing 
7 556 419 592 570 27317 0 0 1 standing 
7 556 418 593 570 27318 0 0 1 standing 
7 556 418 594 570 27319 0 0 0 standing 
7 556 419 594 570 27320 0 0 1 standing 
7 556 420 594 570 27321 0 0 1 standing 
7 556 421 594 570 27322 0 0 1 standing 
7 556 422 594 570 27323 0 0 1 standing 
7 556 423 595 570 27324 0 0 1 standing 
7 556 424 595 570 27325 0 0 1 standing 
7 556 425 595 570 27326 0 0 1 standing 
7 556 426 595 570 27327 0 0 1 standing 
7 557 428 596 570 27328 0 0 0 standing 
7 557 428 596 570 27329 0 0 1 standing 
8 546 399 587 524 27310 0 0 0 standing 
8 545 399 587 521 27311 0 0 1 standing 
8 545 399 588 518 27312 0 0 1 standing 
8 545 400 589 515 27313 0 0 1 standing 
8 545 400 590 512 27314 0 0 1 standing 
8 545 401 590 509 27315 0 0 1 standing 
8 545 401 591 506 27316 0 0 1 standing 
8 545 402 592 503 27317 0 0 1 standing 
8 545 402 593 500 27318 0 0 1 standing 
8 545 403 594 497 27319 0 0 0 standing 
8 546 406 595 500 27320 0 0 1 standing 
8 548 409 597 503 27321 0 0 1 standing 
8 550 413 599 507 27322 0 0 0 standing 
8 550 413 599 507 27323 0 0 1 standing 
8 550 414 599 508 27324 0 0 1 standing 
8 551 415 600 509 27325 0 0 1 standing 
8 551 416 600 510 27326 0 0 1 standing 
8 551 417 600 511 27327 0 0 1 standing 
8 552 418 601 512 27328 0 0 1 standing 
8 552 419 601 513 27329 0 0 1 standing 
9 379 466 421 608 27310 0 0 0 standing 
9 369 467 418 608 27311 0 0 1 standing 
9 360 468 416 608 27312 0 0 1 standing 
9 351 470 414 608 27313 0 0 0 standing 
9 344 470 414 608 27314 0 0 1 standing 
9 337 471 414 608 27315 0 0 1 standing 
9 331 472 415 609 27316 0 0 0 standing 
9 331 472 408 610 27317 0 0 1 standing 
9 331 472 401 611 27318 0 0 1 standing 
9 331 473 395 612 27319 0 0 0 standing 
9 324 470 383 610 27320 0 0 1 standing 
9 317 467 371 609 27321 0 0 1 standing 
9 311 464 360 608 27322 0 0 0 standing 
9 304 464 353 608 27323 0 0 1 standing 
9 297 464 346 608 27324 0 0 1 standing 
9 291 464 340 608 27325 0 0 0 standing 
9 280 465 336 609 27326 0 0 1 standing 
9 269 466 332 610 27327 0 0 1 standing 
9 258 468 328 611 27328 0 0 1 standing 
9 247 469 324 612 27329 0 0 1 standing 
10 342 418 379 536 27310 0 0 0 standing 
10 334 417 379 535 27311 0 0 1 standing 
10 326 416 380 534 27312 0 0 1 standing 
10 319 415 381 533 27313 0 0 0 standing 
10 317 414 377 531 27314 0 0 1 standing 
10 316 413 373 530 27315 0 0 1 standing 
10 315 412 370 529 27316 0 0 0 standing 
10 315 409 366 526 27317 0 0 1 standing 
10 315 406 362 523 27318 0 0 1 standing 
10 315 403 358 521 27319 0 0 0 standing 
10 311 401 354 518 27320 0 0 1 standing 
10 308 400 350 515 27321 0 0 1 standing 
10 305 399 347 513 27322 0 0 0 standing 
10 303 399 345 513 27323 0 0 1 standing 
10 301 400 343 514 27324 0 0 1 standing 
10 300 401 342 515 27325 0 0 0 standing 
10 298 401 346 512 27326 0 0 1 standing 
10 297 401 350 509 27327 0 0 1 standing 
10 296 401 355 506 27328 0 0 0 standing 
10 296 401 355 506 27329 0 0 1 standing 
11 155 432 227 575 27310 0 0 0 standing 
11 153 432 225 575 27311 0 0 1 standing 
11 151 432 223 575 27312 0 0 1 standing 
11 149 432 221 575 27313 0 0 0 standing 
11 145 430 212 575 27314 0 0 1 standing 
11 141 429 204 576 27315 0 0 1 standing 
11 137 428 196 577 27316 0 0 0 standing 
11 130 429 193 576 27317 0 0 1 standing 
11 124 431 190 576 27318 0 0 1 standing 
11 118 433 187 576 27319 0 0 0 standing 
11 110 433 186 577 27320 0 0 1 standing 
11 102 433 186 578 27321 0 0 1 standing 
11 94 433 186 580 27322 0 0 0 standing 
11 93 433 184 580 27323 0 0 1 standing 
11 93 433 182 580 27324 0 0 1 standing 
11 93 433 181 580 27325 0 0 0 standing 
11 92 431 175 578 27326 0 0 1 standing 
11 92 430 169 577 27327 0 0 1 standing 
11 92 428 163 576 27328 0 0 1 standing 
11 92 427 157 575 27329 0 0 1 standing 
