0 539 356 581 452 48875 0 1 0 spiking 
0 536 353 578 449 48876 0 1 1 spiking 
0 534 350 576 446 48877 0 1 1 spiking 
0 532 347 574 443 48878 0 1 1 spiking 
0 530 344 572 440 48879 0 1 1 spiking 
0 528 341 570 437 48880 0 1 1 spiking 
0 526 339 568 435 48881 0 1 0 spiking 
0 527 338 569 434 48882 0 1 1 spiking 
0 528 338 570 434 48883 0 1 1 spiking 
0 529 338 571 434 48884 0 1 1 spiking 
0 531 338 573 434 48885 0 1 0 spiking 
0 528 340 571 436 48886 0 1 1 spiking 
0 526 343 570 439 48887 0 1 1 spiking 
0 523 346 568 442 48888 0 1 1 spiking 
0 521 348 567 444 48889 0 1 1 spiking 
0 519 351 566 447 48890 0 1 1 spiking 
0 516 354 564 450 48891 0 1 1 spiking 
0 514 356 563 452 48892 0 1 1 spiking 
0 511 359 561 455 48893 0 1 1 spiking 
0 509 362 560 458 48894 0 1 1 spiking 
1 632 367 677 483 48875 0 1 0 spiking 
1 627 364 672 480 48876 0 1 1 blocking 
1 622 361 667 478 48877 0 1 1 blocking 
1 617 359 662 476 48878 0 1 1 blocking 
1 612 356 658 473 48879 0 1 1 blocking 
1 608 354 653 471 48880 0 1 1 blocking 
1 603 351 648 469 48881 0 1 1 blocking 
1 598 348 644 466 48882 0 1 1 blocking 
1 593 346 639 464 48883 0 1 1 blocking 
1 588 343 634 462 48884 0 1 1 blocking 
1 584 341 630 460 48885 0 1 0 blocking 
1 581 343 627 461 48886 0 1 1 blocking 
1 579 346 625 463 48887 0 1 1 blocking 
1 576 349 622 464 48888 0 1 1 blocking 
1 574 351 620 466 48889 0 1 1 blocking 
1 571 354 618 467 48890 0 1 1 blocking 
1 569 357 615 469 48891 0 1 1 blocking 
1 566 359 613 470 48892 0 1 1 blocking 
1 564 362 610 472 48893 0 1 1 blocking 
1 561 365 608 473 48894 0 1 1 blocking 
2 628 380 673 477 48875 0 1 0 blocking 
2 624 377 669 474 48876 0 1 1 blocking 
2 620 374 665 471 48877 0 1 1 blocking 
2 616 371 661 468 48878 0 1 1 blocking 
2 612 369 658 466 48879 0 1 1 blocking 
2 608 366 654 463 48880 0 1 1 blocking 
2 604 363 650 460 48881 0 1 1 blocking 
2 600 361 647 458 48882 0 1 1 blocking 
2 596 358 643 455 48883 0 1 1 blocking 
2 592 355 639 452 48884 0 1 1 blocking 
2 589 353 636 450 48885 0 1 0 blocking 
2 586 355 633 452 48886 0 1 1 blocking 
2 583 357 630 454 48887 0 1 1 blocking 
2 580 359 627 456 48888 0 1 1 blocking 
2 578 361 625 458 48889 0 1 1 blocking 
2 575 363 622 460 48890 0 1 1 blocking 
2 572 365 619 462 48891 0 1 1 blocking 
2 570 367 617 464 48892 0 1 1 blocking 
2 567 369 614 466 48893 0 1 1 blocking 
2 564 371 611 468 48894 0 1 1 blocking 
3 307 531 379 648 48875 0 0 0 blocking 
3 311 531 375 646 48876 0 0 1 standing 
3 315 531 371 644 48877 0 0 1 standing 
3 319 532 367 642 48878 0 0 0 standing 
3 321 531 366 642 48879 0 0 1 standing 
3 324 530 366 642 48880 0 0 1 standing 
3 327 530 366 643 48881 0 0 0 standing 
3 326 529 368 643 48882 0 0 1 standing 
3 325 529 370 643 48883 0 0 1 standing 
3 324 529 372 643 48884 0 0 0 standing 
3 323 529 370 640 48885 0 0 1 standing 
3 323 530 368 638 48886 0 0 1 standing 
3 323 531 366 636 48887 0 0 0 standing 
3 323 529 367 635 48888 0 0 1 standing 
3 323 527 369 634 48889 0 0 1 standing 
3 324 525 371 633 48890 0 0 0 standing 
3 323 524 371 632 48891 0 0 1 standing 
3 323 523 371 631 48892 0 0 1 standing 
3 323 523 371 631 48893 0 0 1 standing 
3 323 522 371 630 48894 0 0 1 standing 
4 397 480 443 579 48875 0 0 0 standing 
4 392 480 439 579 48876 0 0 1 standing 
4 388 480 435 579 48877 0 0 1 standing 
4 384 480 431 579 48878 0 0 0 standing 
4 382 479 427 578 48879 0 0 1 standing 
4 381 478 423 577 48880 0 0 1 standing 
4 380 478 420 576 48881 0 0 0 standing 
4 375 480 415 577 48882 0 0 1 standing 
4 371 483 410 578 48883 0 0 1 standing 
4 367 486 406 580 48884 0 0 0 standing 
4 363 487 402 581 48885 0 0 1 standing 
4 359 488 398 582 48886 0 0 1 standing 
4 356 489 395 583 48887 0 0 0 standing 
4 350 488 390 581 48888 0 0 1 standing 
4 344 487 386 580 48889 0 0 1 standing 
4 339 486 382 579 48890 0 0 0 standing 
4 335 486 378 579 48891 0 0 1 standing 
4 332 486 375 579 48892 0 0 1 standing 
4 329 486 372 579 48893 0 0 1 standing 
4 326 486 369 579 48894 0 0 1 standing 
5 401 434 438 538 48875 0 0 0 standing 
5 397 435 435 537 48876 0 0 1 standing 
5 394 436 432 537 48877 0 0 1 standing 
5 391 437 429 537 48878 0 0 0 standing 
5 388 438 426 536 48879 0 0 1 standing 
5 385 439 423 535 48880 0 0 1 standing 
5 383 441 421 535 48881 0 0 0 standing 
5 379 440 417 534 48882 0 0 1 standing 
5 376 439 414 533 48883 0 0 1 standing 
5 373 438 411 532 48884 0 0 0 standing 
5 369 438 406 532 48885 0 0 1 standing 
5 365 439 401 533 48886 0 0 1 standing 
5 362 440 397 534 48887 0 0 0 standing 
5 359 440 393 531 48888 0 0 1 standing 
5 356 440 390 528 48889 0 0 1 standing 
5 353 440 387 525 48890 0 0 0 standing 
5 350 440 385 524 48891 0 0 1 standing 
5 348 441 384 524 48892 0 0 1 standing 
5 346 442 383 523 48893 0 0 1 standing 
5 344 443 382 523 48894 0 0 1 standing 
6 496 428 549 513 48875 0 0 0 standing 
6 490 427 543 512 48876 0 0 1 standing 
6 485 427 538 512 48877 0 0 1 standing 
6 480 427 533 512 48878 0 0 0 standing 
6 476 426 528 511 48879 0 0 1 standing 
6 473 426 523 510 48880 0 0 1 standing 
6 470 426 518 510 48881 0 0 0 standing 
6 464 426 512 510 48882 0 0 1 standing 
6 459 427 507 511 48883 0 0 1 standing 
6 454 428 502 512 48884 0 0 0 standing 
6 452 427 499 511 48885 0 0 1 standing 
6 450 427 496 510 48886 0 0 1 standing 
6 449 427 493 510 48887 0 0 0 standing 
6 445 428 489 511 48888 0 0 1 standing 
6 442 429 486 512 48889 0 0 1 standing 
6 439 430 483 513 48890 0 0 0 standing 
6 436 430 479 513 48891 0 0 1 standing 
6 434 430 476 513 48892 0 0 1 standing 
6 432 430 472 513 48893 0 0 1 standing 
6 430 430 469 513 48894 0 0 1 standing 
7 568 379 611 478 48875 0 0 0 standing 
7 562 385 607 481 48876 0 0 1 standing 
7 557 392 604 485 48877 0 0 1 standing 
7 552 399 601 489 48878 0 0 0 standing 
7 548 401 597 489 48879 0 0 1 standing 
7 545 404 594 489 48880 0 0 1 standing 
7 542 407 591 490 48881 0 0 0 standing 
7 538 408 587 491 48882 0 0 1 standing 
7 534 409 583 492 48883 0 0 1 standing 
7 530 411 579 494 48884 0 0 0 standing 
7 526 412 575 497 48885 0 0 1 standing 
7 523 413 571 500 48886 0 0 1 standing 
7 520 415 568 504 48887 0 0 0 standing 
7 517 416 565 505 48888 0 0 1 standing 
7 514 418 562 507 48889 0 0 1 standing 
7 511 420 559 509 48890 0 0 0 standing 
7 509 420 555 509 48891 0 0 1 standing 
7 507 420 551 509 48892 0 0 1 standing 
7 505 420 547 509 48893 0 0 1 standing 
7 503 420 543 509 48894 0 0 1 standing 
8 651 478 722 564 48875 0 0 0 standing 
8 646 478 718 570 48876 0 0 1 digging 
8 642 479 715 576 48877 0 0 1 digging 
8 638 480 712 583 48878 0 0 0 digging 
8 641 479 708 581 48879 0 0 1 digging 
8 645 478 705 579 48880 0 0 1 digging 
8 649 478 702 577 48881 0 0 0 digging 
8 653 479 703 576 48882 0 0 1 digging 
8 657 480 704 575 48883 0 0 1 digging 
8 662 481 706 574 48884 0 0 0 digging 
8 661 483 717 577 48885 0 0 1 digging 
8 661 486 728 580 48886 0 0 1 digging 
8 661 489 739 583 48887 0 0 0 digging 
8 657 490 737 583 48888 0 0 1 digging 
8 654 492 736 583 48889 0 0 1 digging 
8 651 494 735 583 48890 0 0 0 digging 
8 649 493 733 582 48891 0 0 1 digging 
8 647 492 731 581 48892 0 0 1 digging 
8 646 491 730 581 48893 0 0 1 digging 
8 644 490 728 580 48894 0 0 1 digging 
9 823 410 863 490 48875 0 0 0 digging 
9 819 411 858 490 48876 0 0 1 digging 
9 815 412 854 491 48877 0 0 1 digging 
9 811 413 850 492 48878 0 0 0 digging 
9 806 412 845 491 48879 0 0 1 digging 
9 802 411 841 490 48880 0 0 1 digging 
9 798 410 837 489 48881 0 0 0 digging 
9 793 410 832 489 48882 0 0 1 digging 
9 788 410 827 489 48883 0 0 1 digging 
9 784 411 823 490 48884 0 0 0 digging 
9 779 411 818 490 48885 0 0 1 digging 
9 774 412 813 491 48886 0 0 1 digging 
9 770 413 809 492 48887 0 0 0 digging 
9 767 413 806 492 48888 0 0 1 digging 
9 764 413 803 492 48889 0 0 1 digging 
9 762 413 801 492 48890 0 0 0 digging 
9 760 412 798 491 48891 0 0 1 digging 
9 758 412 795 491 48892 0 0 1 digging 
9 757 412 793 490 48893 0 0 1 digging 
9 755 412 790 490 48894 0 0 1 digging 
10 867 491 913 590 48875 0 0 0 digging 
10 862 491 909 590 48876 0 0 1 waiting 
10 857 491 905 590 48877 0 0 1 waiting 
10 852 492 901 591 48878 0 0 0 waiting 
10 848 489 897 588 48879 0 0 1 waiting 
10 844 487 893 586 48880 0 0 1 waiting 
10 840 485 889 584 48881 0 0 0 waiting 
10 828 485 881 582 48882 0 0 1 waiting 
10 817 485 873 580 48883 0 0 1 waiting 
10 806 485 865 579 48884 0 0 0 waiting 
10 802 485 860 579 48885 0 0 1 waiting 
10 798 486 856 579 48886 0 0 1 waiting 
10 794 487 852 580 48887 0 0 0 waiting 
10 791 487 849 581 48888 0 0 1 waiting 
10 788 488 846 582 48889 0 0 1 waiting 
10 786 489 844 583 48890 0 0 0 waiting 
10 783 489 841 582 48891 0 0 1 waiting 
10 781 489 838 581 48892 0 0 1 waiting 
10 778 489 836 580 48893 0 0 1 waiting 
10 776 489 833 579 48894 0 0 1 waiting 
11 962 439 1002 521 48875 0 0 0 waiting 
11 955 439 995 523 48876 0 0 1 waiting 
11 949 439 988 525 48877 0 0 1 waiting 
11 943 439 982 528 48878 0 0 0 waiting 
11 939 440 980 527 48879 0 0 1 waiting 
11 936 441 978 526 48880 0 0 1 waiting 
11 933 442 976 526 48881 0 0 0 waiting 
11 930 443 973 525 48882 0 0 1 waiting 
11 927 444 970 524 48883 0 0 1 waiting 
11 924 445 967 524 48884 0 0 0 waiting 
11 919 447 965 527 48885 0 0 1 waiting 
11 914 449 963 530 48886 0 0 1 waiting 
11 910 451 962 534 48887 0 0 0 waiting 
11 907 451 959 540 48888 0 0 1 waiting 
11 904 451 956 546 48889 0 0 1 waiting 
11 901 451 954 553 48890 0 0 0 waiting 
11 902 452 953 553 48891 0 0 1 waiting 
11 903 453 953 554 48892 0 0 1 waiting 
11 905 455 952 554 48893 0 0 1 waiting 
11 906 456 952 555 48894 0 0 1 waiting 
