0 90 415 131 551 28060 0 0 0 standing 
0 106 412 149 548 28061 0 0 1 standing 
0 122 409 167 546 28062 0 0 1 standing 
0 139 407 185 544 28063 0 0 0 standing 
0 150 406 197 544 28064 0 0 1 standing 
0 162 406 209 544 28065 0 0 1 standing 
0 174 406 221 544 28066 0 0 1 standing 
0 186 406 233 545 28067 0 0 0 standing 
0 193 408 240 549 28068 0 0 1 standing 
0 200 410 247 553 28069 0 0 1 standing 
0 208 412 255 557 28070 0 0 0 standing 
0 211 413 258 558 28071 0 0 1 standing 
0 215 414 262 560 28072 0 0 1 standing 
0 218 415 265 561 28073 0 0 1 standing 
0 222 416 269 563 28074 0 0 0 standing 
0 221 417 268 563 28075 0 0 1 standing 
0 220 419 268 564 28076 0 0 1 standing 
0 220 421 268 565 28077 0 0 0 standing 
0 218 422 266 565 28078 0 0 1 standing 
0 217 423 265 565 28079 0 0 1 standing 
1 219 373 257 500 28060 0 0 0 standing 
1 235 372 273 499 28061 0 0 1 standing 
1 251 371 289 498 28062 0 0 1 standing 
1 267 370 305 497 28063 0 0 1 standing 
1 283 369 321 496 28064 0 0 0 standing 
1 294 367 332 494 28065 0 0 1 standing 
1 305 366 343 493 28066 0 0 1 standing 
1 316 365 354 492 28067 0 0 1 standing 
1 327 364 365 491 28068 0 0 0 standing 
1 331 364 369 490 28069 0 0 1 standing 
1 336 364 374 490 28070 0 0 1 standing 
1 340 364 378 490 28071 0 0 1 standing 
1 345 364 383 490 28072 0 0 0 standing 
1 346 363 384 489 28073 0 0 1 standing 
1 348 363 386 489 28074 0 0 1 standing 
1 349 363 387 488 28075 0 0 1 standing 
1 351 363 389 488 28076 0 0 0 standing 
1 348 363 386 487 28077 0 0 1 standing 
1 346 363 384 487 28078 0 0 1 standing 
1 344 363 381 486 28079 0 0 1 standing 
2 328 446 375 556 28060 0 1 0 standing 
2 343 443 395 554 28061 0 1 1 digging 
2 358 440 415 552 28062 0 1 1 digging 
2 374 438 435 551 28063 0 1 0 digging 
2 385 434 441 550 28064 0 1 1 digging 
2 396 431 447 549 28065 0 1 1 digging 
2 408 428 454 549 28066 0 1 0 digging 
2 411 415 457 546 28067 0 1 1 digging 
2 414 402 460 544 28068 0 1 1 digging 
2 418 390 463 542 28069 0 1 0 digging 
2 416 390 465 541 28070 0 1 1 digging 
2 415 391 467 541 28071 0 1 1 digging 
2 414 392 469 541 28072 0 1 1 digging 
2 413 393 471 541 28073 0 1 0 digging 
2 409 397 467 542 28074 0 1 1 digging 
2 405 402 463 543 28075 0 1 1 digging 
2 401 407 459 545 28076 0 1 1 digging 
2 397 412 455 546 28077 0 1 1 digging 
2 393 417 451 548 28078 0 1 1 digging 
2 389 422 447 549 28079 0 1 1 digging 
3 430 336 470 445 28060 0 0 0 digging 
3 445 332 485 443 28061 0 0 1 standing 
3 460 329 500 442 28062 0 0 1 standing 
3 475 326 515 440 28063 0 0 1 standing 
3 491 323 530 439 28064 0 0 0 standing 
3 500 321 539 436 28065 0 0 1 standing 
3 510 319 549 433 28066 0 0 1 standing 
3 519 317 559 430 28067 0 0 1 standing 
3 529 315 569 427 28068 0 0 0 standing 
3 534 313 574 425 28069 0 0 1 standing 
3 539 312 579 423 28070 0 0 1 standing 
3 544 311 584 422 28071 0 0 0 standing 
3 545 309 584 421 28072 0 0 1 standing 
3 546 307 585 420 28073 0 0 1 standing 
3 547 306 586 419 28074 0 0 0 standing 
3 545 304 584 417 28075 0 0 1 standing 
3 543 303 582 416 28076 0 0 1 standing 
3 542 302 581 415 28077 0 0 0 standing 
3 538 300 577 413 28078 0 0 1 standing 
3 535 299 574 411 28079 0 0 1 standing 
4 644 422 703 544 28060 0 0 0 standing 
4 660 421 718 546 28061 0 0 1 standing 
4 677 421 734 549 28062 0 0 1 standing 
4 693 420 749 551 28063 0 0 1 standing 
4 710 420 765 554 28064 0 0 0 standing 
4 720 420 774 554 28065 0 0 1 standing 
4 730 420 784 554 28066 0 0 1 standing 
4 741 421 794 555 28067 0 0 0 standing 
4 748 421 800 555 28068 0 0 1 standing 
4 755 422 807 555 28069 0 0 1 standing 
4 763 423 814 556 28070 0 0 0 standing 
4 764 421 816 555 28071 0 0 1 standing 
4 765 420 818 554 28072 0 0 1 standing 
4 767 419 820 553 28073 0 0 0 standing 
4 763 420 817 552 28074 0 0 1 standing 
4 760 422 815 551 28075 0 0 1 standing 
4 757 424 813 550 28076 0 0 0 standing 
4 751 425 808 550 28077 0 0 1 standing 
4 745 427 803 550 28078 0 0 1 standing 
4 740 429 798 550 28079 0 0 1 standing 
5 759 348 804 473 28060 0 0 0 standing 
5 774 347 819 471 28061 0 0 1 standing 
5 790 346 834 470 28062 0 0 1 standing 
5 806 345 849 469 28063 0 0 0 standing 
5 817 344 859 468 28064 0 0 1 standing 
5 828 344 869 468 28065 0 0 1 standing 
5 839 344 880 468 28066 0 0 0 standing 
5 846 343 887 466 28067 0 0 1 standing 
5 854 342 894 465 28068 0 0 1 standing 
5 862 341 901 464 28069 0 0 0 standing 
5 866 340 904 463 28070 0 0 1 standing 
5 870 339 908 463 28071 0 0 1 standing 
5 875 339 912 463 28072 0 0 0 standing 
5 876 338 912 462 28073 0 0 1 standing 
5 877 337 912 461 28074 0 0 1 standing 
5 878 336 913 461 28075 0 0 0 standing 
5 875 335 909 460 28076 0 0 1 standing 
5 872 334 906 459 28077 0 0 1 standing 
5 870 334 902 459 28078 0 0 1 standing 
5 867 333 899 458 28079 0 0 1 standing 
6 1042 405 1093 514 28060 0 0 0 standing 
6 1059 406 1109 519 28061 0 0 1 standing 
6 1076 408 1126 524 28062 0 0 1 standing 
6 1093 410 1143 529 28063 0 0 1 standing 
6 1110 412 1160 534 28064 0 0 0 standing 
6 1123 413 1173 535 28065 0 0 1 standing 
6 1136 414 1186 536 28066 0 0 1 standing 
6 1149 415 1199 537 28067 0 0 0 standing 
6 1156 416 1206 538 28068 0 0 1 standing 
6 1164 417 1214 540 28069 0 0 1 standing 
6 1172 418 1222 541 28070 0 0 1 standing 
6 1180 420 1230 543 28071 0 0 0 standing 
6 1184 419 1234 543 28072 0 0 1 standing 
6 1188 418 1238 543 28073 0 0 1 standing 
6 1193 418 1243 543 28074 0 0 0 standing 
6 1193 419 1243 545 28075 0 0 1 standing 
6 1193 421 1243 547 28076 0 0 1 standing 
6 1194 423 1244 550 28077 0 0 0 standing 
6 1192 424 1242 552 28078 0 0 1 standing 
6 1190 426 1240 554 28079 0 0 1 standing 
7 1184 443 1229 572 28060 0 0 0 standing 
7 1198 441 1241 572 28061 0 0 1 standing 
7 1212 439 1253 573 28062 0 0 1 standing 
7 1226 437 1265 574 28063 0 0 1 standing 
7 1240 436 1277 575 28064 0 0 0 standing 
7 1244 437 1277 574 28065 0 0 1 standing 
7 1249 438 1278 573 28066 0 0 1 standing 
7 1254 439 1279 573 28067 0 0 0 standing 
7 1254 439 1279 571 28068 0 0 1 standing 
7 1254 439 1279 569 28069 0 0 1 standing 
7 1255 439 1279 568 28070 0 0 0 standing 
7 1253 438 1279 567 28071 0 0 1 standing 
7 1252 437 1279 566 28072 0 0 1 standing 
7 1251 436 1279 565 28073 0 0 1 standing 
7 1250 436 1279 564 28074 0 0 0 standing 
7 1245 429 1278 562 28075 0 0 1 standing 
7 1240 422 1278 561 28076 0 0 1 standing 
7 1236 415 1278 560 28077 0 0 0 standing 
7 1229 412 1273 551 28078 0 0 1 standing 
7 1222 410 1268 542 28079 0 0 1 standing 
8 476 342 522 473 28060 0 0 0 standing 
8 489 342 535 473 28061 0 0 1 standing 
8 503 343 548 474 28062 0 0 1 standing 
8 516 343 561 474 28063 0 0 1 standing 
8 530 344 575 475 28064 0 0 0 standing 
8 539 344 584 474 28065 0 0 1 standing 
8 549 344 594 474 28066 0 0 1 standing 
8 559 345 604 474 28067 0 0 0 standing 
8 565 345 610 474 28068 0 0 1 standing 
8 571 345 616 475 28069 0 0 1 standing 
8 577 345 623 476 28070 0 0 0 standing 
8 579 344 625 474 28071 0 0 1 standing 
8 581 344 628 473 28072 0 0 1 standing 
8 584 344 631 472 28073 0 0 0 standing 
8 582 345 629 472 28074 0 0 1 standing 
8 580 346 627 472 28075 0 0 1 standing 
8 578 348 625 473 28076 0 0 1 standing 
8 576 349 623 473 28077 0 0 1 standing 
8 574 351 622 474 28078 0 0 0 standing 
8 569 352 617 475 28079 0 0 1 standing 
9 743 370 781 498 28060 0 0 0 standing 
9 759 370 797 498 28061 0 0 1 standing 
9 776 370 813 498 28062 0 0 1 standing 
9 792 370 829 498 28063 0 0 1 standing 
9 809 370 846 498 28064 0 0 0 standing 
9 819 370 856 498 28065 0 0 1 standing 
9 829 370 866 498 28066 0 0 1 standing 
9 840 370 876 498 28067 0 0 0 standing 
9 845 370 881 498 28068 0 0 1 standing 
9 851 371 887 499 28069 0 0 1 standing 
9 857 372 892 500 28070 0 0 1 standing 
9 863 373 898 501 28071 0 0 0 standing 
9 863 372 898 500 28072 0 0 1 standing 
9 864 371 899 499 28073 0 0 1 standing 
9 865 370 900 499 28074 0 0 0 standing 
9 862 369 897 498 28075 0 0 1 standing 
9 860 369 895 498 28076 0 0 1 standing 
9 858 368 892 497 28077 0 0 1 standing 
9 856 368 890 497 28078 0 0 1 standing 
9 854 367 887 496 28079 0 0 1 standing 
10 1094 405 1135 530 28060 0 0 0 standing 
10 1112 406 1153 531 28061 0 0 1 standing 
10 1130 407 1171 533 28062 0 0 1 standing 
10 1148 408 1189 534 28063 0 0 1 standing 
10 1166 409 1207 536 28064 0 0 0 standing 
10 1179 410 1220 537 28065 0 0 1 standing 
10 1193 411 1234 539 28066 0 0 1 standing 
10 1207 412 1248 541 28067 0 0 0 standing 
10 1216 410 1256 540 28068 0 0 1 standing 
10 1225 409 1265 539 28069 0 0 1 standing 
10 1234 408 1274 538 28070 0 0 0 standing 
10 1237 406 1275 535 28071 0 0 1 standing 
10 1241 404 1277 532 28072 0 0 1 standing 
10 1245 403 1279 529 28073 0 0 0 standing 
10 1246 402 1279 527 28074 0 0 1 standing 
10 1247 401 1279 525 28075 0 0 1 standing 
10 1249 400 1279 523 28076 0 0 0 standing 
10 1247 399 1278 521 28077 0 0 1 standing 
10 1245 399 1278 520 28078 0 0 1 standing 
10 1243 399 1278 518 28079 0 0 1 standing 
11 764 376 803 508 28060 0 0 0 standing 
11 779 376 818 507 28061 0 0 1 standing 
11 794 376 833 507 28062 0 0 1 standing 
11 809 376 848 506 28063 0 0 1 standing 
11 824 376 863 506 28064 0 0 0 standing 
11 833 377 872 510 28065 0 0 1 standing 
11 843 379 881 514 28066 0 0 1 standing 
11 853 380 890 518 28067 0 0 1 standing 
11 863 382 900 523 28068 0 0 0 standing 
11 866 382 902 525 28069 0 0 1 standing 
11 869 383 905 528 28070 0 0 1 standing 
11 872 384 908 530 28071 0 0 1 standing 
11 875 385 911 533 28072 0 0 0 standing 
11 874 387 910 534 28073 0 0 1 standing 
11 874 389 910 535 28074 0 0 1 standing 
11 873 391 909 536 28075 0 0 1 standing 
11 873 394 909 538 28076 0 0 0 standing 
11 869 395 905 538 28077 0 0 1 standing 
11 866 396 902 538 28078 0 0 1 standing 
11 863 397 898 538 28079 0 0 1 standing 
