0 942 344 978 466 32735 0 1 0 standing 
0 943 343 979 466 32736 0 1 1 standing 
0 944 343 980 466 32737 0 1 1 standing 
0 945 343 981 466 32738 0 1 1 standing 
0 947 343 983 466 32739 0 1 1 standing 
0 948 343 984 466 32740 0 1 1 standing 
0 949 343 985 466 32741 0 1 1 standing 
0 951 343 987 466 32742 0 1 1 standing 
0 952 343 988 466 32743 0 1 1 standing 
0 953 343 989 466 32744 0 1 1 standing 
0 955 343 991 466 32745 0 1 0 standing 
0 954 342 990 465 32746 0 1 1 standing 
0 953 342 990 464 32747 0 1 1 standing 
0 952 341 990 463 32748 0 1 1 standing 
0 952 341 990 463 32749 0 1 1 standing 
0 951 340 990 462 32750 0 1 1 standing 
0 950 340 989 461 32751 0 1 1 standing 
0 950 339 989 461 32752 0 1 1 standing 
0 949 339 989 460 32753 0 1 1 standing 
0 948 338 989 459 32754 0 1 1 standing 
1 1012 321 1071 438 32735 0 1 0 standing 
1 1008 321 1067 438 32736 0 1 1 standing 
1 1005 321 1064 438 32737 0 1 1 standing 
1 1002 321 1061 438 32738 0 1 1 standing 
1 999 321 1058 439 32739 0 1 1 standing 
1 996 322 1055 439 32740 0 1 1 standing 
1 993 322 1052 439 32741 0 1 1 standing 
1 990 322 1049 440 32742 0 1 1 standing 
1 987 322 1046 440 32743 0 1 1 standing 
1 984 322 1043 440 32744 0 1 1 standing 
1 981 323 1040 441 32745 0 1 0 standing 
1 979 322 1035 441 32746 0 1 1 standing 
1 978 322 1031 441 32747 0 1 1 standing 
1 977 322 1027 441 32748 0 1 1 standing 
1 976 322 1023 441 32749 0 1 1 standing 
1 975 322 1019 441 32750 0 1 1 standing 
1 974 322 1014 441 32751 0 1 1 standing 
1 973 322 1010 441 32752 0 1 1 standing 
1 972 322 1006 441 32753 0 1 1 standing 
1 971 322 1002 441 32754 0 1 1 standing 
2 930 295 961 411 32735 0 1 0 standing 
2 931 296 963 412 32736 0 1 1 standing 
2 932 297 965 414 32737 0 1 1 standing 
2 933 299 967 416 32738 0 1 1 standing 
2 934 300 969 418 32739 0 1 1 standing 
2 935 301 971 420 32740 0 1 1 standing 
2 936 303 973 422 32741 0 1 1 standing 
2 937 304 975 424 32742 0 1 1 standing 
2 938 306 977 426 32743 0 1 0 standing 
2 938 307 977 427 32744 0 1 1 standing 
2 938 308 977 428 32745 0 1 1 standing 
2 938 309 977 429 32746 0 1 1 standing 
2 938 310 977 430 32747 0 1 1 standing 
2 938 312 977 431 32748 0 1 0 standing 
2 937 313 976 432 32749 0 1 1 standing 
2 937 314 975 433 32750 0 1 1 standing 
2 936 315 974 434 32751 0 1 1 standing 
2 936 316 974 435 32752 0 1 1 standing 
2 935 317 973 436 32753 0 1 1 standing 
2 935 318 972 437 32754 0 1 1 standing 
3 883 366 924 493 32735 0 1 0 standing 
3 885 364 926 491 32736 0 1 1 standing 
3 887 363 928 490 32737 0 1 1 standing 
3 889 362 930 489 32738 0 1 1 standing 
3 891 361 932 488 32739 0 1 1 standing 
3 893 360 934 487 32740 0 1 1 standing 
3 895 359 936 486 32741 0 1 1 standing 
3 897 358 938 485 32742 0 1 1 standing 
3 899 357 940 484 32743 0 1 1 standing 
3 901 356 942 483 32744 0 1 1 standing 
3 903 355 945 482 32745 0 1 0 standing 
3 903 353 945 479 32746 0 1 1 standing 
3 904 352 945 477 32747 0 1 1 standing 
3 905 350 946 475 32748 0 1 1 standing 
3 905 349 946 473 32749 0 1 1 standing 
3 906 347 947 471 32750 0 1 1 standing 
3 907 346 947 469 32751 0 1 1 standing 
3 907 344 947 467 32752 0 1 1 standing 
3 908 343 948 465 32753 0 1 1 standing 
3 909 341 948 463 32754 0 1 1 standing 
4 825 327 886 448 32735 0 1 0 standing 
4 826 326 887 447 32736 0 1 1 standing 
4 828 326 889 447 32737 0 1 1 standing 
4 830 326 891 447 32738 0 1 1 standing 
4 832 326 893 447 32739 0 1 1 standing 
4 834 326 895 447 32740 0 1 1 standing 
4 836 325 897 446 32741 0 1 1 standing 
4 838 325 899 446 32742 0 1 1 standing 
4 840 325 901 446 32743 0 1 1 standing 
4 842 325 903 446 32744 0 1 1 standing 
4 844 325 905 446 32745 0 1 0 standing 
4 849 325 905 446 32746 0 1 1 standing 
4 854 325 906 446 32747 0 1 1 standing 
4 860 325 907 446 32748 0 1 0 standing 
4 862 324 908 446 32749 0 1 1 standing 
4 865 324 909 447 32750 0 1 1 standing 
4 868 323 910 448 32751 0 1 1 standing 
4 870 323 912 448 32752 0 1 1 standing 
4 873 322 913 449 32753 0 1 1 standing 
4 876 322 914 450 32754 0 1 1 standing 
5 825 294 874 405 32735 0 1 0 standing 
5 827 295 876 406 32736 0 1 1 standing 
5 830 296 879 407 32737 0 1 1 standing 
5 832 297 882 408 32738 0 1 1 standing 
5 835 298 885 410 32739 0 1 1 standing 
5 838 300 888 411 32740 0 1 1 standing 
5 840 301 891 412 32741 0 1 1 standing 
5 843 302 894 414 32742 0 1 1 standing 
5 845 303 897 415 32743 0 1 1 standing 
5 848 304 900 416 32744 0 1 1 standing 
5 851 306 903 418 32745 0 1 0 standing 
5 855 306 904 420 32746 0 1 1 standing 
5 859 307 906 422 32747 0 1 1 standing 
5 863 307 908 424 32748 0 1 1 standing 
5 867 308 910 427 32749 0 1 1 standing 
5 871 308 912 429 32750 0 1 1 standing 
5 875 309 913 431 32751 0 1 1 standing 
5 879 309 915 434 32752 0 1 1 standing 
5 883 310 917 436 32753 0 1 1 standing 
5 887 310 919 438 32754 0 1 1 standing 
6 34 427 119 504 32735 0 0 0 standing 
6 32 429 118 504 32736 0 0 1 falling 
6 31 431 117 504 32737 0 0 1 falling 
6 30 433 116 504 32738 0 0 1 falling 
6 29 436 115 504 32739 0 0 1 falling 
6 28 438 114 504 32740 0 0 1 falling 
6 27 440 113 504 32741 0 0 1 falling 
6 26 443 112 504 32742 0 0 1 falling 
6 25 445 111 504 32743 0 0 1 falling 
6 24 447 110 504 32744 0 0 1 falling 
6 23 450 110 505 32745 0 0 0 falling 
6 23 450 110 506 32746 0 0 1 falling 
6 23 451 110 507 32747 0 0 1 falling 
6 23 451 110 508 32748 0 0 1 falling 
6 23 452 110 509 32749 0 0 1 falling 
6 23 452 110 511 32750 0 0 1 falling 
6 23 453 110 512 32751 0 0 1 falling 
6 23 453 110 513 32752 0 0 1 falling 
6 23 454 110 514 32753 0 0 1 falling 
6 23 454 110 515 32754 0 0 1 falling 
7 414 403 480 532 32735 0 0 0 falling 
7 412 403 477 532 32736 0 0 1 standing 
7 410 403 474 532 32737 0 0 1 standing 
7 409 403 472 532 32738 0 0 1 standing 
7 407 403 469 532 32739 0 0 1 standing 
7 406 403 467 532 32740 0 0 0 standing 
7 404 403 460 532 32741 0 0 1 standing 
7 403 404 453 532 32742 0 0 1 standing 
7 401 404 446 532 32743 0 0 1 standing 
7 400 405 439 532 32744 0 0 0 standing 
7 395 405 437 532 32745 0 0 1 standing 
7 390 405 435 532 32746 0 0 1 standing 
7 386 405 433 532 32747 0 0 1 standing 
7 381 405 432 533 32748 0 0 1 standing 
7 377 405 430 533 32749 0 0 1 standing 
7 372 405 428 533 32750 0 0 1 standing 
7 368 405 427 534 32751 0 0 0 standing 
7 367 403 423 530 32752 0 0 1 standing 
7 366 402 419 527 32753 0 0 1 standing 
7 365 401 415 523 32754 0 0 1 standing 
8 701 266 744 375 32735 0 0 0 standing 
8 701 265 744 374 32736 0 0 1 standing 
8 702 265 744 374 32737 0 0 1 standing 
8 703 265 744 374 32738 0 0 1 standing 
8 704 265 744 374 32739 0 0 1 standing 
8 705 265 744 374 32740 0 0 1 standing 
8 705 265 744 373 32741 0 0 1 standing 
8 706 265 744 373 32742 0 0 1 standing 
8 707 265 744 373 32743 0 0 1 standing 
8 708 265 744 373 32744 0 0 1 standing 
8 709 265 744 373 32745 0 0 0 standing 
8 709 265 744 373 32746 0 0 1 standing 
8 709 265 744 373 32747 0 0 1 standing 
8 709 265 744 373 32748 0 0 1 standing 
8 709 265 744 373 32749 0 0 1 standing 
8 709 265 744 373 32750 0 0 1 standing 
8 709 265 744 373 32751 0 0 1 standing 
8 709 265 744 373 32752 0 0 1 standing 
8 709 265 744 373 32753 0 0 1 standing 
8 709 265 744 373 32754 0 0 1 standing 
9 245 313 289 442 32735 0 0 0 standing 
9 245 313 289 442 32736 0 0 1 standing 
9 245 313 289 442 32737 0 0 1 standing 
9 245 313 289 442 32738 0 0 1 standing 
9 246 313 289 443 32739 0 0 1 standing 
9 246 314 289 443 32740 0 0 1 standing 
9 246 314 289 443 32741 0 0 1 standing 
9 247 314 289 444 32742 0 0 1 standing 
9 247 314 289 444 32743 0 0 1 standing 
9 247 314 289 444 32744 0 0 1 standing 
9 248 315 289 445 32745 0 0 0 standing 
9 248 315 289 445 32746 0 0 1 standing 
9 248 315 289 445 32747 0 0 1 standing 
9 248 315 289 445 32748 0 0 1 standing 
9 248 315 289 445 32749 0 0 1 standing 
9 248 315 289 445 32750 0 0 1 standing 
9 248 315 289 445 32751 0 0 1 standing 
9 248 315 289 445 32752 0 0 1 standing 
9 248 315 289 445 32753 0 0 1 standing 
9 248 315 289 445 32754 0 0 1 standing 
10 471 280 520 395 32735 0 0 0 standing 
10 468 280 518 396 32736 0 0 1 standing 
10 465 281 516 398 32737 0 0 1 standing 
10 463 282 514 399 32738 0 0 1 standing 
10 460 283 513 401 32739 0 0 1 standing 
10 457 284 511 403 32740 0 0 1 standing 
10 455 285 509 404 32741 0 0 1 standing 
10 452 286 507 406 32742 0 0 1 standing 
10 450 287 506 408 32743 0 0 0 standing 
10 448 287 503 409 32744 0 0 1 standing 
10 446 288 501 410 32745 0 0 1 standing 
10 445 289 499 411 32746 0 0 1 standing 
10 443 290 497 413 32747 0 0 1 standing 
10 442 291 494 414 32748 0 0 1 standing 
10 440 292 492 415 32749 0 0 1 standing 
10 438 292 490 416 32750 0 0 1 standing 
10 437 293 488 418 32751 0 0 1 standing 
10 435 294 485 419 32752 0 0 1 standing 
10 434 295 483 420 32753 0 0 1 standing 
10 432 296 481 421 32754 0 0 1 standing 
11 639 277 679 397 32735 0 0 0 standing 
11 639 277 679 397 32736 0 0 1 standing 
11 639 277 679 397 32737 0 0 1 standing 
11 639 277 679 397 32738 0 0 1 standing 
11 639 277 679 397 32739 0 0 1 standing 
11 639 277 679 397 32740 0 0 1 standing 
11 639 277 679 397 32741 0 0 1 standing 
11 639 277 679 397 32742 0 0 1 standing 
11 639 277 679 397 32743 0 0 1 standing 
11 639 277 679 397 32744 0 0 1 standing 
11 639 277 679 397 32745 0 0 1 standing 
11 639 277 679 397 32746 0 0 1 standing 
11 639 277 679 397 32747 0 0 1 standing 
11 639 277 679 397 32748 0 0 1 standing 
11 639 277 679 397 32749 0 0 1 standing 
11 639 277 679 397 32750 0 0 1 standing 
11 639 277 679 397 32751 0 0 1 standing 
11 639 277 679 397 32752 0 0 1 standing 
11 639 277 679 397 32753 0 0 1 standing 
11 639 277 679 397 32754 0 0 1 standing 
