0 632 444 678 557 44150 0 0 0 standing 
0 633 443 679 557 44151 0 0 1 standing 
0 635 443 681 557 44152 0 0 1 standing 
0 637 443 683 557 44153 0 0 1 standing 
0 639 443 685 557 44154 0 0 1 standing 
0 641 443 687 557 44155 0 0 1 standing 
0 643 443 689 557 44156 0 0 1 standing 
0 645 443 691 557 44157 0 0 1 standing 
0 647 443 693 557 44158 0 0 1 standing 
0 649 443 695 557 44159 0 0 1 standing 
0 651 443 697 557 44160 0 0 0 standing 
0 649 443 695 557 44161 0 0 1 standing 
0 647 443 693 557 44162 0 0 1 standing 
0 645 443 691 557 44163 0 0 1 standing 
0 643 443 689 557 44164 0 0 1 standing 
0 641 443 687 557 44165 0 0 1 standing 
0 639 443 685 557 44166 0 0 1 standing 
0 637 443 683 557 44167 0 0 1 standing 
0 635 443 681 557 44168 0 0 1 standing 
0 633 443 679 557 44169 0 0 1 standing 
1 690 433 783 499 44150 0 0 0 standing 
1 692 428 781 497 44151 0 0 1 standing 
1 694 423 779 496 44152 0 0 1 standing 
1 696 418 777 494 44153 0 0 1 standing 
1 699 413 776 493 44154 0 0 1 standing 
1 701 408 774 491 44155 0 0 1 standing 
1 703 403 772 490 44156 0 0 1 standing 
1 706 398 771 488 44157 0 0 1 standing 
1 708 393 769 487 44158 0 0 1 standing 
1 710 388 767 485 44159 0 0 1 standing 
1 713 383 766 484 44160 0 0 0 standing 
1 710 382 763 483 44161 0 0 1 standing 
1 708 381 760 483 44162 0 0 1 standing 
1 706 380 757 482 44163 0 0 1 standing 
1 704 379 754 482 44164 0 0 1 standing 
1 702 378 752 481 44165 0 0 1 standing 
1 700 377 749 481 44166 0 0 1 standing 
1 698 376 746 480 44167 0 0 1 standing 
1 696 375 743 480 44168 0 0 1 standing 
1 694 374 740 479 44169 0 0 1 standing 
2 739 493 783 626 44150 0 0 0 standing 
2 741 492 786 625 44151 0 0 1 standing 
2 744 492 789 625 44152 0 0 1 standing 
2 747 491 792 624 44153 0 0 1 standing 
2 750 491 795 624 44154 0 0 1 standing 
2 753 490 798 623 44155 0 0 1 standing 
2 756 490 801 623 44156 0 0 1 standing 
2 759 489 804 622 44157 0 0 1 standing 
2 762 489 807 622 44158 0 0 1 standing 
2 765 488 810 621 44159 0 0 1 standing 
2 768 488 814 621 44160 0 0 0 standing 
2 766 488 813 620 44161 0 0 1 standing 
2 764 488 813 620 44162 0 0 1 standing 
2 763 488 812 620 44163 0 0 1 standing 
2 761 488 812 620 44164 0 0 1 standing 
2 760 488 812 620 44165 0 0 1 standing 
2 758 488 811 619 44166 0 0 1 standing 
2 756 488 811 619 44167 0 0 1 standing 
2 755 488 810 619 44168 0 0 1 standing 
2 753 488 810 619 44169 0 0 1 standing 
3 1033 440 1086 577 44150 0 0 0 standing 
3 1034 440 1087 576 44151 0 0 1 standing 
3 1036 440 1088 576 44152 0 0 1 standing 
3 1038 440 1089 576 44153 0 0 1 standing 
3 1039 440 1090 576 44154 0 0 1 standing 
3 1041 440 1092 576 44155 0 0 1 standing 
3 1043 440 1093 576 44156 0 0 1 standing 
3 1044 440 1094 576 44157 0 0 1 standing 
3 1046 440 1095 576 44158 0 0 1 standing 
3 1048 440 1096 576 44159 0 0 1 standing 
3 1050 440 1098 576 44160 0 0 0 standing 
3 1049 439 1097 575 44161 0 0 1 standing 
3 1049 438 1096 574 44162 0 0 1 standing 
3 1048 437 1095 573 44163 0 0 1 standing 
3 1048 436 1094 573 44164 0 0 1 standing 
3 1048 436 1093 572 44165 0 0 1 standing 
3 1047 435 1092 571 44166 0 0 1 standing 
3 1047 434 1091 571 44167 0 0 1 standing 
3 1046 433 1090 570 44168 0 0 1 standing 
3 1046 432 1089 569 44169 0 0 1 standing 
4 1065 428 1112 564 44150 0 0 0 standing 
4 1066 428 1113 564 44151 0 0 1 standing 
4 1067 428 1114 564 44152 0 0 1 standing 
4 1068 428 1115 565 44153 0 0 1 standing 
4 1069 429 1116 565 44154 0 0 1 standing 
4 1071 429 1118 566 44155 0 0 1 standing 
4 1072 429 1119 566 44156 0 0 1 standing 
4 1073 430 1120 566 44157 0 0 1 standing 
4 1074 430 1121 567 44158 0 0 1 standing 
4 1075 430 1122 567 44159 0 0 1 standing 
4 1077 431 1124 568 44160 0 0 0 standing 
4 1076 430 1121 567 44161 0 0 1 standing 
4 1075 429 1118 567 44162 0 0 1 standing 
4 1074 429 1115 566 44163 0 0 1 standing 
4 1073 428 1113 566 44164 0 0 1 standing 
4 1072 428 1110 565 44165 0 0 1 standing 
4 1071 427 1107 565 44166 0 0 1 standing 
4 1070 426 1105 564 44167 0 0 1 standing 
4 1069 426 1102 564 44168 0 0 1 standing 
4 1068 425 1099 563 44169 0 0 1 standing 
5 1068 457 1117 596 44150 0 0 0 standing 
5 1069 457 1119 596 44151 0 0 1 standing 
5 1070 457 1121 596 44152 0 0 1 standing 
5 1071 458 1123 597 44153 0 0 1 standing 
5 1072 458 1125 597 44154 0 0 1 standing 
5 1073 459 1127 598 44155 0 0 1 standing 
5 1074 459 1129 598 44156 0 0 1 standing 
5 1075 459 1131 598 44157 0 0 1 standing 
5 1076 460 1133 599 44158 0 0 1 standing 
5 1077 460 1135 599 44159 0 0 1 standing 
5 1079 461 1138 600 44160 0 0 0 standing 
5 1078 460 1134 599 44161 0 0 1 standing 
5 1077 459 1131 598 44162 0 0 1 standing 
5 1076 458 1128 597 44163 0 0 1 standing 
5 1075 457 1125 596 44164 0 0 1 standing 
5 1074 457 1122 595 44165 0 0 1 standing 
5 1073 456 1119 594 44166 0 0 1 standing 
5 1072 455 1116 593 44167 0 0 1 standing 
5 1071 454 1113 592 44168 0 0 1 standing 
5 1070 453 1110 591 44169 0 0 1 standing 
6 1155 499 1208 641 44150 0 1 0 standing 
6 1159 498 1213 640 44151 0 1 1 standing 
6 1163 497 1219 639 44152 0 1 1 standing 
6 1167 496 1224 638 44153 0 1 1 standing 
6 1171 495 1230 638 44154 0 1 1 standing 
6 1176 495 1235 637 44155 0 1 1 standing 
6 1180 494 1241 636 44156 0 1 1 standing 
6 1184 493 1246 636 44157 0 1 1 standing 
6 1188 492 1252 635 44158 0 1 1 standing 
6 1192 491 1257 634 44159 0 1 1 standing 
6 1197 491 1263 634 44160 0 1 0 standing 
6 1200 489 1264 632 44161 0 1 1 standing 
6 1203 488 1265 631 44162 0 1 1 standing 
6 1206 487 1266 630 44163 0 1 1 standing 
6 1209 486 1268 629 44164 0 1 1 standing 
6 1213 485 1269 628 44165 0 1 1 standing 
6 1216 484 1270 627 44166 0 1 1 standing 
6 1219 483 1272 626 44167 0 1 1 standing 
6 1222 482 1273 625 44168 0 1 1 standing 
6 1225 481 1274 624 44169 0 1 1 standing 
7 1165 475 1209 597 44150 0 1 0 standing 
7 1169 474 1214 598 44151 0 1 1 standing 
7 1173 473 1220 599 44152 0 1 1 standing 
7 1177 472 1226 600 44153 0 1 1 standing 
7 1182 471 1232 601 44154 0 1 1 standing 
7 1186 470 1238 602 44155 0 1 1 standing 
7 1190 469 1243 603 44156 0 1 1 standing 
7 1195 468 1249 604 44157 0 1 1 standing 
7 1199 467 1255 605 44158 0 1 1 standing 
7 1203 466 1261 606 44159 0 1 1 standing 
7 1208 465 1267 608 44160 0 1 0 standing 
7 1211 464 1268 607 44161 0 1 1 standing 
7 1215 464 1269 607 44162 0 1 1 standing 
7 1218 464 1270 607 44163 0 1 1 standing 
7 1222 464 1271 606 44164 0 1 1 standing 
7 1225 464 1272 606 44165 0 1 1 standing 
7 1229 464 1273 606 44166 0 1 1 standing 
7 1232 464 1274 605 44167 0 1 1 standing 
7 1236 464 1275 605 44168 0 1 1 standing 
7 1239 464 1276 605 44169 0 1 1 standing 
8 1137 465 1195 591 44150 0 1 0 standing 
8 1144 463 1202 589 44151 0 1 1 standing 
8 1152 462 1210 588 44152 0 1 1 standing 
8 1160 460 1218 586 44153 0 1 1 standing 
8 1168 459 1226 585 44154 0 1 1 standing 
8 1176 457 1234 583 44155 0 1 1 standing 
8 1184 456 1242 582 44156 0 1 1 standing 
8 1192 454 1250 580 44157 0 1 1 standing 
8 1200 453 1258 579 44158 0 1 1 standing 
8 1208 451 1266 577 44159 0 1 1 standing 
8 1216 450 1274 576 44160 0 1 0 standing 
8 1218 450 1274 576 44161 0 1 1 standing 
8 1220 450 1274 576 44162 0 1 1 standing 
8 1222 450 1274 576 44163 0 1 1 standing 
8 1224 450 1275 576 44164 0 1 1 standing 
8 1226 451 1275 576 44165 0 1 1 standing 
8 1228 451 1275 576 44166 0 1 1 standing 
8 1230 451 1276 576 44167 0 1 1 standing 
8 1232 451 1276 576 44168 0 1 1 standing 
8 1234 451 1276 576 44169 0 1 1 standing 
9 1228 429 1278 547 44150 1 1 0 standing 
9 1228 429 1278 547 44151 1 1 1 standing 
9 1228 429 1278 547 44152 1 1 1 standing 
9 1228 429 1278 547 44153 1 1 1 standing 
9 1228 429 1278 547 44154 1 1 1 standing 
9 1228 429 1278 547 44155 1 1 1 standing 
9 1228 429 1278 547 44156 1 1 1 standing 
9 1228 429 1278 547 44157 1 1 1 standing 
9 1228 429 1278 547 44158 1 1 1 standing 
9 1228 429 1278 547 44159 1 1 1 standing 
9 1228 429 1278 547 44160 1 1 0 standing 
9 1228 429 1278 547 44161 1 1 1 standing 
9 1228 429 1278 547 44162 1 1 1 standing 
9 1228 429 1278 547 44163 1 1 1 standing 
9 1228 429 1278 547 44164 1 1 1 standing 
9 1228 429 1278 547 44165 1 1 1 standing 
9 1228 429 1278 547 44166 1 1 1 standing 
9 1228 429 1278 547 44167 1 1 1 standing 
9 1228 429 1278 547 44168 1 1 1 standing 
9 1228 429 1278 547 44169 1 1 1 standing 
