0 1026 539 1118 678 42305 0 1 0 standing 
0 1030 539 1120 678 42306 0 1 1 standing 
0 1035 539 1123 679 42307 0 1 1 standing 
0 1040 539 1126 679 42308 0 1 1 standing 
0 1045 539 1129 680 42309 0 1 1 standing 
0 1050 540 1132 681 42310 0 1 1 standing 
0 1055 540 1134 681 42311 0 1 1 standing 
0 1060 540 1137 682 42312 0 1 1 standing 
0 1065 540 1140 682 42313 0 1 1 standing 
0 1070 540 1143 683 42314 0 1 1 standing 
0 1075 541 1146 684 42315 0 1 0 standing 
0 1078 543 1151 687 42316 0 1 1 standing 
0 1081 545 1156 690 42317 0 1 1 standing 
0 1085 547 1162 693 42318 0 1 1 standing 
0 1088 549 1167 696 42319 0 1 1 standing 
0 1092 551 1173 700 42320 0 1 1 standing 
0 1095 553 1178 703 42321 0 1 1 standing 
0 1098 555 1183 706 42322 0 1 1 standing 
0 1102 557 1189 709 42323 0 1 1 standing 
0 1105 559 1194 712 42324 0 1 1 standing 
1 1007 480 1091 653 42305 0 1 0 standing 
1 1009 480 1093 653 42306 0 1 1 standing 
1 1012 481 1096 654 42307 0 1 1 standing 
1 1015 481 1099 654 42308 0 1 1 standing 
1 1018 482 1102 655 42309 0 1 1 standing 
1 1021 483 1105 656 42310 0 1 1 standing 
1 1024 483 1108 656 42311 0 1 1 standing 
1 1027 484 1111 657 42312 0 1 1 standing 
1 1030 484 1114 657 42313 0 1 1 standing 
1 1033 485 1117 658 42314 0 1 1 standing 
1 1036 486 1120 659 42315 0 1 0 standing 
1 1043 489 1123 662 42316 0 1 1 standing 
1 1051 493 1127 666 42317 0 1 1 standing 
1 1059 497 1131 670 42318 0 1 1 standing 
1 1067 501 1134 673 42319 0 1 1 standing 
1 1075 505 1138 677 42320 0 1 1 standing 
1 1083 508 1142 681 42321 0 1 1 standing 
1 1091 512 1145 684 42322 0 1 1 standing 
1 1099 516 1149 688 42323 0 1 1 standing 
1 1107 520 1153 692 42324 0 1 1 standing 
2 1055 469 1124 611 42305 0 1 0 standing 
2 1058 470 1127 612 42306 0 1 1 standing 
2 1062 471 1131 613 42307 0 1 1 standing 
2 1066 472 1135 614 42308 0 1 1 standing 
2 1070 473 1139 615 42309 0 1 1 standing 
2 1074 474 1143 617 42310 0 1 1 standing 
2 1077 475 1146 618 42311 0 1 1 standing 
2 1081 476 1150 619 42312 0 1 1 standing 
2 1085 477 1154 620 42313 0 1 1 standing 
2 1089 478 1158 621 42314 0 1 1 standing 
2 1093 480 1162 623 42315 0 1 0 standing 
2 1097 484 1164 627 42316 0 1 1 standing 
2 1101 488 1166 631 42317 0 1 1 standing 
2 1105 492 1168 635 42318 0 1 1 standing 
2 1110 496 1170 639 42319 0 1 1 standing 
2 1114 501 1172 644 42320 0 1 1 standing 
2 1118 505 1174 648 42321 0 1 1 standing 
2 1123 509 1176 652 42322 0 1 1 standing 
2 1127 513 1178 656 42323 0 1 1 standing 
2 1131 517 1180 660 42324 0 1 1 standing 
3 1172 469 1248 625 42305 0 1 0 standing 
3 1170 470 1244 626 42306 0 1 1 standing 
3 1169 472 1240 628 42307 0 1 1 standing 
3 1167 474 1236 630 42308 0 1 1 standing 
3 1166 475 1233 631 42309 0 1 1 standing 
3 1165 477 1229 633 42310 0 1 1 standing 
3 1163 479 1225 635 42311 0 1 1 standing 
3 1162 480 1222 636 42312 0 1 1 standing 
3 1160 482 1218 638 42313 0 1 1 standing 
3 1159 484 1214 640 42314 0 1 1 standing 
3 1158 486 1211 642 42315 0 1 0 standing 
3 1158 489 1211 647 42316 0 1 1 standing 
3 1158 493 1211 653 42317 0 1 1 standing 
3 1158 497 1211 658 42318 0 1 1 standing 
3 1158 501 1211 664 42319 0 1 1 standing 
3 1159 505 1212 669 42320 0 1 1 standing 
3 1159 509 1212 675 42321 0 1 1 standing 
3 1159 513 1212 680 42322 0 1 1 standing 
3 1159 517 1212 686 42323 0 1 1 standing 
3 1159 521 1212 691 42324 0 1 1 standing 
4 1228 459 1331 619 42305 0 1 0 standing 
4 1226 461 1329 621 42306 0 1 1 standing 
4 1225 464 1328 624 42307 0 1 1 standing 
4 1223 466 1326 627 42308 0 1 1 standing 
4 1222 469 1325 629 42309 0 1 1 standing 
4 1221 471 1324 632 42310 0 1 1 standing 
4 1219 474 1322 635 42311 0 1 1 standing 
4 1218 476 1321 637 42312 0 1 1 standing 
4 1216 479 1319 640 42313 0 1 1 standing 
4 1215 481 1318 643 42314 0 1 1 standing 
4 1214 484 1317 646 42315 0 1 0 standing 
4 1212 488 1315 650 42316 0 1 1 standing 
4 1211 492 1314 654 42317 0 1 1 standing 
4 1209 496 1312 658 42318 0 1 1 standing 
4 1208 501 1311 662 42319 0 1 1 standing 
4 1207 505 1309 667 42320 0 1 1 standing 
4 1205 509 1308 671 42321 0 1 1 standing 
4 1204 514 1306 675 42322 0 1 1 standing 
4 1202 518 1305 679 42323 0 1 1 standing 
4 1201 522 1303 683 42324 0 1 1 standing 
5 1356 505 1409 699 42305 0 1 0 standing 
5 1355 506 1408 700 42306 0 1 1 standing 
5 1355 507 1408 701 42307 0 1 1 standing 
5 1355 508 1408 702 42308 0 1 1 standing 
5 1355 509 1408 703 42309 0 1 1 standing 
5 1355 510 1408 705 42310 0 1 1 standing 
5 1354 511 1407 706 42311 0 1 1 standing 
5 1354 512 1407 707 42312 0 1 1 standing 
5 1354 513 1407 708 42313 0 1 1 standing 
5 1354 514 1407 709 42314 0 1 1 standing 
5 1354 516 1407 711 42315 0 1 0 standing 
5 1352 519 1406 714 42316 0 1 1 standing 
5 1350 522 1405 717 42317 0 1 1 standing 
5 1348 525 1405 720 42318 0 1 1 standing 
5 1346 528 1404 723 42319 0 1 1 standing 
5 1344 532 1404 726 42320 0 1 1 standing 
5 1342 535 1403 729 42321 0 1 1 standing 
5 1340 538 1402 732 42322 0 1 1 standing 
5 1338 541 1402 735 42323 0 1 1 standing 
5 1336 544 1401 738 42324 0 1 1 standing 
6 347 493 389 648 42305 0 0 0 standing 
6 347 493 390 648 42306 0 0 1 standing 
6 348 493 392 649 42307 0 0 1 standing 
6 348 494 393 649 42308 0 0 1 standing 
6 349 494 395 650 42309 0 0 1 standing 
6 349 495 396 650 42310 0 0 1 standing 
6 350 495 398 651 42311 0 0 1 standing 
6 350 495 399 651 42312 0 0 1 standing 
6 351 496 401 652 42313 0 0 1 standing 
6 351 496 402 652 42314 0 0 1 standing 
6 352 497 404 653 42315 0 0 0 standing 
6 354 502 408 657 42316 0 0 1 standing 
6 357 507 412 662 42317 0 0 1 standing 
6 360 512 416 667 42318 0 0 1 standing 
6 363 517 420 672 42319 0 0 1 standing 
6 366 522 425 677 42320 0 0 1 standing 
6 368 527 429 682 42321 0 0 1 standing 
6 371 532 433 687 42322 0 0 1 standing 
6 374 537 437 692 42323 0 0 1 standing 
6 377 542 441 697 42324 0 0 1 standing 
7 449 587 508 763 42305 0 0 0 standing 
7 451 588 510 764 42306 0 0 1 standing 
7 454 589 513 765 42307 0 0 1 standing 
7 456 590 515 767 42308 0 0 1 standing 
7 459 591 518 768 42309 0 0 1 standing 
7 461 593 520 770 42310 0 0 1 standing 
7 464 594 523 771 42311 0 0 1 standing 
7 466 595 525 772 42312 0 0 1 standing 
7 469 596 528 774 42313 0 0 1 standing 
7 471 597 530 775 42314 0 0 1 standing 
7 474 599 533 777 42315 0 0 0 standing 
7 476 601 535 779 42316 0 0 1 standing 
7 478 604 537 782 42317 0 0 1 standing 
7 481 607 540 785 42318 0 0 1 standing 
7 483 610 542 788 42319 0 0 1 standing 
7 486 613 545 791 42320 0 0 1 standing 
7 488 615 547 794 42321 0 0 1 standing 
7 490 618 549 797 42322 0 0 1 standing 
7 493 621 552 800 42323 0 0 1 standing 
7 495 624 554 803 42324 0 0 1 standing 
8 467 474 536 643 42305 0 0 0 standing 
8 468 474 537 643 42306 0 0 1 standing 
8 469 475 538 644 42307 0 0 1 standing 
8 470 476 539 644 42308 0 0 1 standing 
8 472 477 540 645 42309 0 0 1 standing 
8 473 478 541 645 42310 0 0 1 standing 
8 474 478 542 646 42311 0 0 1 standing 
8 476 479 543 646 42312 0 0 1 standing 
8 477 480 544 647 42313 0 0 1 standing 
8 478 481 545 647 42314 0 0 1 standing 
8 480 482 546 648 42315 0 0 0 standing 
8 482 486 546 650 42316 0 0 1 standing 
8 484 490 547 653 42317 0 0 1 standing 
8 487 494 548 656 42318 0 0 1 standing 
8 489 498 549 658 42319 0 0 1 standing 
8 492 503 550 661 42320 0 0 1 standing 
8 494 507 551 664 42321 0 0 1 standing 
8 496 511 552 666 42322 0 0 1 standing 
8 499 515 553 669 42323 0 0 1 standing 
8 501 519 554 672 42324 0 0 1 standing 
9 731 395 783 542 42305 0 0 0 standing 
9 732 397 784 544 42306 0 0 1 standing 
9 734 399 786 547 42307 0 0 1 standing 
9 735 402 787 549 42308 0 0 1 standing 
9 737 404 789 552 42309 0 0 1 standing 
9 738 407 791 555 42310 0 0 1 standing 
9 740 409 792 557 42311 0 0 1 standing 
9 741 411 794 560 42312 0 0 1 standing 
9 743 414 795 562 42313 0 0 1 standing 
9 744 416 797 565 42314 0 0 1 standing 
9 746 419 799 568 42315 0 0 0 standing 
9 747 423 799 572 42316 0 0 1 standing 
9 748 427 800 577 42317 0 0 1 standing 
9 749 431 800 582 42318 0 0 1 standing 
9 750 436 801 587 42319 0 0 1 standing 
9 751 440 801 592 42320 0 0 1 standing 
9 752 444 802 597 42321 0 0 1 standing 
9 753 449 802 602 42322 0 0 1 standing 
9 754 453 803 607 42323 0 0 1 standing 
9 755 457 803 612 42324 0 0 1 standing 
10 846 570 912 751 42305 0 0 0 standing 
10 848 572 914 754 42306 0 0 1 standing 
10 851 575 916 757 42307 0 0 1 standing 
10 853 578 919 760 42308 0 0 1 standing 
10 856 581 921 763 42309 0 0 1 standing 
10 858 584 924 766 42310 0 0 1 standing 
10 861 587 926 769 42311 0 0 1 standing 
10 863 590 928 772 42312 0 0 1 standing 
10 866 593 931 775 42313 0 0 1 standing 
10 868 596 933 778 42314 0 0 1 standing 
10 871 599 936 781 42315 0 0 0 standing 
10 871 604 937 787 42316 0 0 1 standing 
10 872 609 938 793 42317 0 0 1 standing 
10 873 614 940 799 42318 0 0 1 standing 
10 874 620 941 805 42319 0 0 1 standing 
10 875 625 943 811 42320 0 0 1 standing 
10 876 630 944 817 42321 0 0 1 standing 
10 877 636 945 823 42322 0 0 1 standing 
10 878 641 947 829 42323 0 0 1 standing 
10 879 646 948 835 42324 0 0 1 standing 
11 1110 823 1199 962 42305 0 0 0 standing 
11 1113 826 1200 963 42306 0 0 1 standing 
11 1116 830 1201 964 42307 0 0 1 standing 
11 1119 834 1202 965 42308 0 0 1 standing 
11 1122 838 1203 967 42309 0 0 1 standing 
11 1125 842 1205 968 42310 0 0 1 standing 
11 1128 846 1206 969 42311 0 0 1 standing 
11 1131 850 1207 971 42312 0 0 1 standing 
11 1134 854 1208 972 42313 0 0 1 standing 
11 1137 858 1209 973 42314 0 0 1 standing 
11 1141 862 1211 975 42315 0 0 0 standing 
11 1142 868 1212 978 42316 0 0 1 standing 
11 1143 874 1213 981 42317 0 0 1 standing 
11 1144 880 1214 984 42318 0 0 1 standing 
11 1145 887 1215 988 42319 0 0 1 standing 
11 1146 893 1216 991 42320 0 0 1 standing 
11 1147 899 1217 994 42321 0 0 1 standing 
11 1148 906 1218 998 42322 0 0 1 standing 
11 1149 912 1219 1001 42323 0 0 1 standing 
11 1150 918 1220 1004 42324 0 0 1 standing 
