0 373 428 441 603 77330 0 1 0 spiking 
0 376 422 445 598 77331 0 1 1 spiking 
0 379 417 449 594 77332 0 1 1 spiking 
0 382 412 453 589 77333 0 1 1 spiking 
0 385 407 457 585 77334 0 1 0 spiking 
0 390 397 460 580 77335 0 1 1 spiking 
0 396 387 464 575 77336 0 1 1 spiking 
0 402 378 468 571 77337 0 1 0 spiking 
0 402 386 473 567 77338 0 1 1 spiking 
0 402 395 478 563 77339 0 1 1 spiking 
0 402 404 483 559 77340 0 1 0 spiking 
0 404 408 481 563 77341 0 1 1 spiking 
0 406 412 479 567 77342 0 1 1 spiking 
0 408 416 477 571 77343 0 1 1 spiking 
0 410 420 475 575 77344 0 1 1 spiking 
0 412 424 473 579 77345 0 1 1 spiking 
0 414 428 471 583 77346 0 1 1 spiking 
0 416 432 469 587 77347 0 1 1 spiking 
0 418 436 467 591 77348 0 1 1 spiking 
0 420 440 465 595 77349 0 1 1 spiking 
1 574 425 624 605 77330 0 1 0 spiking 
1 568 420 618 600 77331 0 1 1 blocking 
1 563 415 613 595 77332 0 1 1 blocking 
1 557 411 607 591 77333 0 1 1 blocking 
1 552 406 602 586 77334 0 1 1 blocking 
1 546 402 596 582 77335 0 1 1 blocking 
1 541 397 591 577 77336 0 1 1 blocking 
1 535 392 585 572 77337 0 1 1 blocking 
1 530 388 580 568 77338 0 1 1 blocking 
1 524 383 574 563 77339 0 1 1 blocking 
1 519 379 569 559 77340 0 1 0 blocking 
1 518 384 568 562 77341 0 1 1 blocking 
1 517 390 567 565 77342 0 1 1 blocking 
1 516 395 566 569 77343 0 1 1 blocking 
1 515 401 565 572 77344 0 1 1 blocking 
1 515 407 564 576 77345 0 1 1 blocking 
1 514 412 563 579 77346 0 1 1 blocking 
1 513 418 562 582 77347 0 1 1 blocking 
1 512 423 561 586 77348 0 1 1 blocking 
1 511 429 560 589 77349 0 1 1 blocking 
2 573 423 626 616 77330 0 1 0 blocking 
2 566 417 618 610 77331 0 1 1 blocking 
2 559 412 611 605 77332 0 1 1 blocking 
2 552 407 604 600 77333 0 1 1 blocking 
2 545 402 597 595 77334 0 1 1 blocking 
2 538 397 590 590 77335 0 1 1 blocking 
2 531 392 583 585 77336 0 1 1 blocking 
2 524 387 576 580 77337 0 1 1 blocking 
2 517 382 569 575 77338 0 1 1 blocking 
2 510 377 562 570 77339 0 1 1 blocking 
2 503 372 555 565 77340 0 1 0 blocking 
2 501 378 551 568 77341 0 1 1 blocking 
2 500 384 548 572 77342 0 1 1 blocking 
2 498 390 545 576 77343 0 1 1 blocking 
2 497 396 542 579 77344 0 1 1 blocking 
2 495 402 539 583 77345 0 1 1 blocking 
2 494 408 536 587 77346 0 1 1 blocking 
2 492 414 533 590 77347 0 1 1 blocking 
2 491 420 530 594 77348 0 1 1 blocking 
2 489 426 527 598 77349 0 1 1 blocking 
3 233 449 297 573 77330 0 0 0 blocking 
3 234 450 298 574 77331 0 0 1 standing 
3 235 451 299 575 77332 0 0 1 standing 
3 236 453 300 577 77333 0 0 0 standing 
3 234 454 298 576 77334 0 0 1 standing 
3 233 456 297 576 77335 0 0 1 standing 
3 232 458 296 576 77336 0 0 0 standing 
3 230 457 296 575 77337 0 0 1 standing 
3 228 456 296 574 77338 0 0 1 standing 
3 227 456 296 574 77339 0 0 0 standing 
3 226 454 292 572 77340 0 0 1 standing 
3 225 453 289 570 77341 0 0 1 standing 
3 224 452 286 569 77342 0 0 0 standing 
3 222 452 281 568 77343 0 0 1 standing 
3 220 453 276 568 77344 0 0 1 standing 
3 219 454 272 568 77345 0 0 0 standing 
3 217 454 270 567 77346 0 0 1 standing 
3 215 455 268 567 77347 0 0 1 standing 
3 214 455 266 566 77348 0 0 1 standing 
3 212 456 264 566 77349 0 0 1 standing 
4 267 403 321 528 77330 0 0 0 standing 
4 263 403 317 528 77331 0 0 1 standing 
4 260 404 314 529 77332 0 0 1 standing 
4 257 405 311 530 77333 0 0 0 standing 
4 254 403 308 528 77334 0 0 1 standing 
4 251 401 305 526 77335 0 0 1 standing 
4 249 399 303 524 77336 0 0 0 standing 
4 248 399 302 522 77337 0 0 1 standing 
4 248 399 302 520 77338 0 0 1 standing 
4 248 399 302 518 77339 0 0 0 standing 
4 246 400 300 518 77340 0 0 1 standing 
4 244 402 298 518 77341 0 0 1 standing 
4 242 404 296 518 77342 0 0 0 standing 
4 239 408 293 518 77343 0 0 1 standing 
4 236 412 290 519 77344 0 0 1 standing 
4 233 416 287 520 77345 0 0 0 standing 
4 230 415 285 519 77346 0 0 1 standing 
4 228 414 284 518 77347 0 0 1 standing 
4 225 413 282 517 77348 0 0 1 standing 
4 223 412 281 516 77349 0 0 1 standing 
5 422 350 472 463 77330 0 0 0 standing 
5 420 350 470 463 77331 0 0 1 standing 
5 418 350 468 463 77332 0 0 1 standing 
5 417 350 467 463 77333 0 0 0 standing 
5 415 350 465 463 77334 0 0 1 standing 
5 414 351 464 464 77335 0 0 1 standing 
5 413 352 463 465 77336 0 0 0 standing 
5 411 349 461 462 77337 0 0 1 standing 
5 409 347 459 460 77338 0 0 1 standing 
5 408 345 458 458 77339 0 0 0 standing 
5 404 346 460 459 77340 0 0 1 standing 
5 401 347 463 460 77341 0 0 1 standing 
5 398 348 466 461 77342 0 0 0 standing 
5 397 351 464 461 77343 0 0 1 standing 
5 396 354 463 461 77344 0 0 1 standing 
5 395 357 462 462 77345 0 0 0 standing 
5 396 356 460 462 77346 0 0 1 standing 
5 398 356 459 462 77347 0 0 1 standing 
5 399 356 458 463 77348 0 0 1 standing 
5 401 356 457 463 77349 0 0 1 standing 
6 479 389 539 510 77330 0 0 0 standing 
6 478 387 536 509 77331 0 0 1 standing 
6 478 386 533 508 77332 0 0 1 standing 
6 478 385 531 508 77333 0 0 0 standing 
6 477 384 530 508 77334 0 0 1 standing 
6 476 384 529 508 77335 0 0 1 standing 
6 475 384 528 508 77336 0 0 0 standing 
6 473 384 526 506 77337 0 0 1 standing 
6 472 384 525 504 77338 0 0 1 standing 
6 471 384 524 503 77339 0 0 0 standing 
6 467 384 520 503 77340 0 0 1 standing 
6 464 384 517 503 77341 0 0 1 standing 
6 461 385 514 504 77342 0 0 1 standing 
6 457 385 510 504 77343 0 0 1 standing 
6 454 385 507 504 77344 0 0 1 standing 
6 451 386 504 505 77345 0 0 0 standing 
6 448 385 501 504 77346 0 0 1 standing 
6 445 385 498 504 77347 0 0 1 standing 
6 442 384 496 503 77348 0 0 1 standing 
6 439 384 493 503 77349 0 0 1 standing 
7 424 443 519 581 77330 0 0 0 standing 
7 413 444 511 582 77331 0 0 1 digging 
7 402 445 503 583 77332 0 0 1 digging 
7 392 447 496 585 77333 0 0 0 digging 
7 387 451 487 582 77334 0 0 1 digging 
7 383 455 479 580 77335 0 0 1 digging 
7 379 460 471 578 77336 0 0 0 digging 
7 375 458 459 578 77337 0 0 1 digging 
7 371 456 447 578 77338 0 0 1 digging 
7 368 454 436 578 77339 0 0 0 digging 
7 364 454 432 575 77340 0 0 1 digging 
7 360 454 429 572 77341 0 0 1 digging 
7 357 454 426 569 77342 0 0 0 digging 
7 354 453 423 568 77343 0 0 1 digging 
7 352 453 421 567 77344 0 0 1 digging 
7 350 453 419 567 77345 0 0 0 digging 
7 347 450 414 567 77346 0 0 1 digging 
7 345 448 410 567 77347 0 0 1 digging 
7 342 445 405 568 77348 0 0 1 digging 
7 340 443 401 568 77349 0 0 1 digging 
8 588 364 678 480 77330 0 0 0 digging 
8 585 363 674 480 77331 0 0 1 standing 
8 582 362 671 480 77332 0 0 1 standing 
8 580 362 668 481 77333 0 0 0 standing 
8 580 360 664 479 77334 0 0 1 standing 
8 580 358 661 478 77335 0 0 1 standing 
8 581 357 658 477 77336 0 0 0 standing 
8 583 355 660 475 77337 0 0 1 standing 
8 585 353 663 473 77338 0 0 1 standing 
8 588 352 666 472 77339 0 0 0 standing 
8 589 351 664 471 77340 0 0 1 standing 
8 591 351 662 470 77341 0 0 1 standing 
8 593 351 661 470 77342 0 0 0 standing 
8 589 348 657 470 77343 0 0 1 standing 
8 585 345 654 470 77344 0 0 1 standing 
8 582 343 651 470 77345 0 0 0 standing 
8 578 341 647 469 77346 0 0 1 standing 
8 575 340 644 469 77347 0 0 1 standing 
8 572 339 641 469 77348 0 0 0 standing 
8 572 339 641 469 77349 0 0 1 standing 
9 788 384 864 489 77330 0 0 0 standing 
9 783 382 859 487 77331 0 0 1 standing 
9 778 381 855 486 77332 0 0 1 standing 
9 774 380 851 485 77333 0 0 0 standing 
9 767 378 844 484 77334 0 0 1 standing 
9 761 376 838 483 77335 0 0 1 standing 
9 755 374 832 483 77336 0 0 0 standing 
9 752 372 831 479 77337 0 0 1 standing 
9 749 371 830 476 77338 0 0 1 standing 
9 746 370 829 473 77339 0 0 0 standing 
9 744 372 824 471 77340 0 0 1 standing 
9 742 374 819 470 77341 0 0 1 standing 
9 741 376 814 469 77342 0 0 0 standing 
9 738 375 811 467 77343 0 0 1 standing 
9 735 375 808 465 77344 0 0 1 standing 
9 732 375 806 463 77345 0 0 0 standing 
9 729 372 803 463 77346 0 0 1 standing 
9 727 369 800 463 77347 0 0 1 standing 
9 724 366 797 464 77348 0 0 1 standing 
9 722 363 794 464 77349 0 0 1 standing 
10 941 408 1024 506 77330 0 0 0 standing 
10 936 408 1025 505 77331 0 0 1 standing 
10 931 408 1026 505 77332 0 0 1 standing 
10 927 408 1027 505 77333 0 0 0 standing 
10 920 408 1020 504 77334 0 0 1 standing 
10 913 408 1013 503 77335 0 0 1 standing 
10 907 408 1006 502 77336 0 0 0 standing 
10 908 406 1000 500 77337 0 0 1 standing 
10 909 404 995 498 77338 0 0 1 standing 
10 910 403 990 496 77339 0 0 0 standing 
10 910 403 986 495 77340 0 0 1 standing 
10 910 403 983 495 77341 0 0 1 standing 
10 911 403 980 495 77342 0 0 0 standing 
10 908 402 977 494 77343 0 0 1 standing 
10 905 402 974 494 77344 0 0 1 standing 
10 903 402 972 494 77345 0 0 0 standing 
10 899 399 968 494 77346 0 0 1 standing 
10 896 396 965 494 77347 0 0 1 standing 
10 893 393 962 494 77348 0 0 1 standing 
10 890 390 959 494 77349 0 0 1 standing 
11 951 478 1041 614 77330 0 0 0 standing 
11 950 479 1036 611 77331 0 0 1 standing 
11 949 481 1031 608 77332 0 0 1 standing 
11 948 483 1027 606 77333 0 0 0 standing 
11 945 481 1022 606 77334 0 0 1 standing 
11 942 479 1017 606 77335 0 0 1 standing 
11 940 478 1012 606 77336 0 0 0 standing 
11 936 475 1004 603 77337 0 0 1 standing 
11 933 472 997 600 77338 0 0 1 standing 
11 930 469 990 598 77339 0 0 0 standing 
11 926 468 986 595 77340 0 0 1 standing 
11 923 468 982 592 77341 0 0 1 standing 
11 920 468 978 590 77342 0 0 0 standing 
11 915 466 975 589 77343 0 0 1 standing 
11 911 465 973 588 77344 0 0 1 standing 
11 907 464 971 588 77345 0 0 0 standing 
11 907 460 968 587 77346 0 0 1 standing 
11 907 457 965 586 77347 0 0 1 standing 
11 907 454 962 586 77348 0 0 1 standing 
11 907 451 959 585 77349 0 0 1 standing 
