0 556 472 607 588 30220 0 1 0 setting 
0 554 466 601 583 30221 0 1 1 setting 
0 552 461 596 578 30222 0 1 1 setting 
0 551 456 591 574 30223 0 1 0 setting 
0 545 451 585 570 30224 0 1 1 setting 
0 540 447 580 566 30225 0 1 1 setting 
0 535 442 575 562 30226 0 1 1 setting 
0 530 438 570 558 30227 0 1 1 setting 
0 525 433 565 554 30228 0 1 1 setting 
0 520 429 560 550 30229 0 1 1 setting 
0 515 425 555 546 30230 0 1 0 setting 
0 504 428 549 546 30231 0 1 1 setting 
0 494 431 544 546 30232 0 1 1 setting 
0 483 434 539 546 30233 0 1 1 setting 
0 473 438 534 547 30234 0 1 0 setting 
0 464 441 525 548 30235 0 1 1 setting 
0 455 445 517 550 30236 0 1 1 setting 
0 446 449 509 551 30237 0 1 1 setting 
0 437 453 501 553 30238 0 1 1 setting 
0 428 456 493 555 30239 0 1 1 setting 
1 612 562 672 676 30220 0 1 0 setting 
1 598 561 663 676 30221 0 1 1 moving 
1 584 560 654 676 30222 0 1 1 moving 
1 570 560 646 677 30223 0 1 0 moving 
1 566 560 639 676 30224 0 1 1 moving 
1 562 560 632 676 30225 0 1 1 moving 
1 559 560 626 676 30226 0 1 0 moving 
1 552 559 617 674 30227 0 1 1 moving 
1 545 558 608 673 30228 0 1 1 moving 
1 538 557 599 671 30229 0 1 1 moving 
1 531 557 591 670 30230 0 1 0 moving 
1 522 558 584 670 30231 0 1 1 moving 
1 513 559 577 670 30232 0 1 1 moving 
1 504 561 570 671 30233 0 1 0 moving 
1 502 559 566 669 30234 0 1 1 moving 
1 500 558 563 667 30235 0 1 1 moving 
1 498 557 560 666 30236 0 1 1 moving 
1 496 556 556 664 30237 0 1 1 moving 
1 494 554 553 663 30238 0 1 1 moving 
1 492 553 550 661 30239 0 1 1 moving 
2 605 373 647 465 30220 0 1 0 moving 
2 599 370 643 461 30221 0 1 1 moving 
2 593 367 639 457 30222 0 1 1 moving 
2 587 365 636 453 30223 0 1 1 moving 
2 581 362 632 449 30224 0 1 1 moving 
2 575 359 628 445 30225 0 1 1 moving 
2 570 357 625 442 30226 0 1 0 moving 
2 566 357 621 440 30227 0 1 1 moving 
2 562 358 617 438 30228 0 1 1 moving 
2 559 359 613 436 30229 0 1 1 moving 
2 555 359 609 434 30230 0 1 1 moving 
2 551 360 605 432 30231 0 1 1 moving 
2 548 361 601 430 30232 0 1 0 moving 
2 544 362 599 431 30233 0 1 1 moving 
2 541 364 597 433 30234 0 1 1 moving 
2 537 365 596 434 30235 0 1 1 moving 
2 534 367 594 436 30236 0 1 1 moving 
2 531 369 593 438 30237 0 1 0 moving 
2 527 370 591 439 30238 0 1 1 moving 
2 523 371 589 440 30239 0 1 1 moving 
3 788 477 822 586 30220 0 0 0 moving 
3 784 472 819 581 30221 0 0 1 standing 
3 780 467 816 576 30222 0 0 1 standing 
3 777 462 814 571 30223 0 0 0 standing 
3 770 459 807 568 30224 0 0 1 standing 
3 763 456 800 565 30225 0 0 1 standing 
3 756 453 793 562 30226 0 0 1 standing 
3 750 450 787 559 30227 0 0 1 standing 
3 743 447 780 556 30228 0 0 1 standing 
3 736 444 773 553 30229 0 0 1 standing 
3 730 442 767 551 30230 0 0 0 standing 
3 722 442 761 550 30231 0 0 1 standing 
3 714 442 755 550 30232 0 0 1 standing 
3 707 442 749 550 30233 0 0 1 standing 
3 699 442 743 550 30234 0 0 1 standing 
3 692 442 737 550 30235 0 0 0 standing 
3 685 442 728 549 30236 0 0 1 standing 
3 678 443 720 548 30237 0 0 1 standing 
3 671 443 711 548 30238 0 0 1 standing 
3 664 444 703 547 30239 0 0 1 standing 
4 583 405 618 489 30220 0 0 0 standing 
4 580 403 619 488 30221 0 0 1 standing 
4 578 402 620 487 30222 0 0 1 standing 
4 575 401 622 486 30223 0 0 1 standing 
4 573 400 623 485 30224 0 0 1 standing 
4 570 399 624 484 30225 0 0 1 standing 
4 568 398 626 484 30226 0 0 0 standing 
4 567 397 621 484 30227 0 0 1 standing 
4 566 397 617 484 30228 0 0 1 standing 
4 565 397 612 484 30229 0 0 1 standing 
4 564 396 608 484 30230 0 0 1 standing 
4 563 396 603 484 30231 0 0 1 standing 
4 562 396 599 485 30232 0 0 0 standing 
4 558 397 596 486 30233 0 0 1 standing 
4 555 398 594 487 30234 0 0 1 standing 
4 551 399 592 489 30235 0 0 1 standing 
4 548 400 589 490 30236 0 0 1 standing 
4 545 402 587 492 30237 0 0 1 standing 
4 541 403 585 493 30238 0 0 1 standing 
4 538 404 582 494 30239 0 0 1 standing 
5 130 529 226 601 30220 0 0 0 standing 
5 109 529 219 600 30221 0 0 1 standing 
5 89 529 212 600 30222 0 0 1 standing 
5 69 530 205 600 30223 0 0 0 standing 
5 61 531 191 601 30224 0 0 1 standing 
5 53 533 177 603 30225 0 0 1 standing 
5 45 535 163 605 30226 0 0 1 standing 
5 37 537 149 606 30227 0 0 1 standing 
5 29 539 135 608 30228 0 0 1 standing 
5 21 541 121 610 30229 0 0 1 standing 
5 13 543 108 612 30230 1 0 0 standing 
5 13 543 108 612 30231 1 0 1 standing 
5 13 543 108 612 30232 1 0 1 standing 
5 13 543 108 612 30233 1 0 1 standing 
5 13 543 108 612 30234 1 0 1 standing 
5 13 543 108 612 30235 1 0 1 standing 
5 13 543 108 612 30236 1 0 1 standing 
5 13 543 108 612 30237 1 0 1 standing 
5 13 543 108 612 30238 1 0 1 standing 
5 13 543 108 612 30239 1 0 1 standing 
6 1146 483 1185 586 30220 0 0 0 standing 
6 1142 483 1180 586 30221 0 0 1 standing 
6 1138 483 1176 586 30222 0 0 1 standing 
6 1134 484 1172 586 30223 0 0 0 standing 
6 1129 484 1166 586 30224 0 0 1 standing 
6 1124 484 1161 586 30225 0 0 1 standing 
6 1119 484 1156 586 30226 0 0 1 standing 
6 1114 484 1151 586 30227 0 0 0 standing 
6 1108 484 1145 586 30228 0 0 1 standing 
6 1103 484 1140 586 30229 0 0 1 standing 
6 1098 485 1135 587 30230 0 0 0 standing 
6 1092 486 1131 588 30231 0 0 1 standing 
6 1086 488 1127 590 30232 0 0 1 standing 
6 1081 490 1123 591 30233 0 0 1 standing 
6 1075 492 1119 593 30234 0 0 1 standing 
6 1069 494 1115 595 30235 0 0 1 standing 
6 1064 496 1111 596 30236 0 0 1 standing 
6 1058 498 1107 598 30237 0 0 1 standing 
6 1053 500 1103 600 30238 0 0 0 standing 
6 1052 500 1102 600 30239 0 0 1 standing 
7 1105 458 1141 565 30220 0 0 0 standing 
7 1106 456 1140 564 30221 0 0 1 standing 
7 1107 454 1139 563 30222 0 0 1 standing 
7 1108 453 1138 562 30223 0 0 0 standing 
7 1102 451 1137 559 30224 0 0 1 standing 
7 1097 450 1136 557 30225 0 0 1 standing 
7 1091 448 1135 555 30226 0 0 1 standing 
7 1086 447 1135 553 30227 0 0 0 standing 
7 1088 446 1135 552 30228 0 0 1 standing 
7 1091 445 1135 552 30229 0 0 1 standing 
7 1094 445 1135 552 30230 0 0 0 standing 
7 1091 446 1133 551 30231 0 0 1 standing 
7 1089 447 1131 550 30232 0 0 1 standing 
7 1086 448 1129 550 30233 0 0 1 standing 
7 1084 449 1127 549 30234 0 0 1 standing 
7 1082 450 1125 549 30235 0 0 1 standing 
7 1079 451 1123 548 30236 0 0 1 standing 
7 1077 452 1121 547 30237 0 0 1 standing 
7 1074 453 1119 547 30238 0 0 1 standing 
7 1072 454 1117 546 30239 0 0 1 standing 
8 996 412 1030 502 30220 0 0 0 standing 
8 993 409 1028 502 30221 0 0 1 standing 
8 990 407 1026 502 30222 0 0 1 standing 
8 988 405 1025 502 30223 0 0 0 standing 
8 984 404 1020 501 30224 0 0 1 standing 
8 980 403 1015 500 30225 0 0 1 standing 
8 976 402 1011 499 30226 0 0 1 standing 
8 973 401 1006 498 30227 0 0 1 standing 
8 969 400 1002 497 30228 0 0 1 standing 
8 965 399 997 496 30229 0 0 1 standing 
8 962 398 993 495 30230 0 0 0 standing 
8 956 398 988 494 30231 0 0 1 standing 
8 950 398 983 494 30232 0 0 1 standing 
8 944 399 978 493 30233 0 0 1 standing 
8 938 399 973 493 30234 0 0 1 standing 
8 932 399 968 492 30235 0 0 1 standing 
8 926 400 963 492 30236 0 0 1 standing 
8 920 400 958 491 30237 0 0 1 standing 
8 914 401 954 491 30238 0 0 0 standing 
8 914 401 953 491 30239 0 0 1 standing 
9 883 503 919 614 30220 0 0 0 standing 
9 878 498 914 608 30221 0 0 1 standing 
9 873 493 909 603 30222 0 0 1 standing 
9 868 488 904 598 30223 0 0 1 standing 
9 863 484 899 593 30224 0 0 1 standing 
9 858 479 894 588 30225 0 0 1 standing 
9 853 474 889 583 30226 0 0 1 standing 
9 848 470 885 578 30227 0 0 0 standing 
9 842 470 878 575 30228 0 0 1 standing 
9 836 470 872 572 30229 0 0 1 standing 
9 831 470 866 569 30230 0 0 0 standing 
9 824 469 859 568 30231 0 0 1 standing 
9 817 468 853 567 30232 0 0 1 standing 
9 810 467 846 567 30233 0 0 1 standing 
9 803 466 840 566 30234 0 0 1 standing 
9 796 466 834 566 30235 0 0 1 standing 
9 789 465 827 565 30236 0 0 1 standing 
9 782 464 821 564 30237 0 0 1 standing 
9 775 463 814 564 30238 0 0 1 standing 
9 768 462 808 563 30239 0 0 1 standing 
10 885 430 923 531 30220 0 0 0 standing 
10 879 428 919 527 30221 0 0 1 standing 
10 874 426 915 523 30222 0 0 1 standing 
10 869 424 911 519 30223 0 0 1 standing 
10 864 422 908 515 30224 0 0 1 standing 
10 859 420 904 511 30225 0 0 1 standing 
10 854 418 900 507 30226 0 0 1 standing 
10 849 416 897 503 30227 0 0 0 standing 
10 844 417 889 502 30228 0 0 1 standing 
10 839 419 881 502 30229 0 0 1 standing 
10 835 421 874 502 30230 0 0 0 standing 
10 829 420 867 502 30231 0 0 1 standing 
10 823 420 861 502 30232 0 0 1 standing 
10 817 419 854 502 30233 0 0 1 standing 
10 811 419 848 502 30234 0 0 1 standing 
10 805 419 842 502 30235 0 0 1 standing 
10 799 418 835 502 30236 0 0 1 standing 
10 793 418 829 502 30237 0 0 1 standing 
10 787 417 822 502 30238 0 0 1 standing 
10 781 417 816 502 30239 0 0 1 standing 
11 876 403 907 495 30220 0 0 0 standing 
11 871 400 903 491 30221 0 0 1 standing 
11 867 398 900 487 30222 0 0 1 standing 
11 863 396 896 483 30223 0 0 1 standing 
11 859 394 893 480 30224 0 0 1 standing 
11 855 392 889 476 30225 0 0 1 standing 
11 851 390 886 472 30226 0 0 1 standing 
11 847 388 883 469 30227 0 0 0 standing 
11 841 388 878 468 30228 0 0 1 standing 
11 835 389 873 467 30229 0 0 1 standing 
11 830 390 868 467 30230 0 0 0 standing 
11 823 391 861 468 30231 0 0 1 standing 
11 817 392 855 469 30232 0 0 1 standing 
11 810 393 848 470 30233 0 0 1 standing 
11 804 394 842 471 30234 0 0 1 standing 
11 797 395 835 472 30235 0 0 1 standing 
11 791 396 829 473 30236 0 0 1 standing 
11 784 397 822 474 30237 0 0 1 standing 
11 778 398 816 475 30238 0 0 1 standing 
11 771 399 809 476 30239 0 0 1 standing 
