0 437 295 491 439 65790 0 1 0 spiking 
0 439 294 493 438 65791 0 1 1 spiking 
0 441 294 495 437 65792 0 1 1 spiking 
0 443 294 497 436 65793 0 1 1 spiking 
0 445 293 499 435 65794 0 1 1 spiking 
0 447 293 501 434 65795 0 1 1 spiking 
0 450 293 503 433 65796 0 1 0 spiking 
0 447 293 500 432 65797 0 1 1 spiking 
0 444 294 497 431 65798 0 1 1 spiking 
0 441 294 494 430 65799 0 1 1 spiking 
0 438 295 491 430 65800 0 1 0 spiking 
0 436 299 489 431 65801 0 1 1 spiking 
0 435 303 488 433 65802 0 1 1 spiking 
0 433 307 486 435 65803 0 1 1 spiking 
0 432 312 485 436 65804 0 1 1 spiking 
0 431 316 484 438 65805 0 1 1 spiking 
0 429 320 482 440 65806 0 1 1 spiking 
0 428 325 481 441 65807 0 1 1 spiking 
0 426 329 479 443 65808 0 1 1 spiking 
0 425 333 478 445 65809 0 1 1 spiking 
1 598 374 647 498 65790 0 1 0 spiking 
1 594 366 642 493 65791 0 1 1 blocking 
1 590 359 638 488 65792 0 1 1 blocking 
1 586 352 634 484 65793 0 1 1 blocking 
1 582 344 630 479 65794 0 1 1 blocking 
1 578 337 626 475 65795 0 1 1 blocking 
1 574 330 622 470 65796 0 1 1 blocking 
1 570 322 618 465 65797 0 1 1 blocking 
1 566 315 614 461 65798 0 1 1 blocking 
1 562 308 610 456 65799 0 1 1 blocking 
1 558 301 606 452 65800 0 1 0 blocking 
1 556 302 604 453 65801 0 1 1 blocking 
1 554 304 602 455 65802 0 1 1 blocking 
1 552 305 600 456 65803 0 1 1 blocking 
1 551 307 599 458 65804 0 1 1 blocking 
1 549 308 597 459 65805 0 1 1 blocking 
1 547 310 595 461 65806 0 1 1 blocking 
1 546 311 594 462 65807 0 1 1 blocking 
1 544 313 592 464 65808 0 1 1 blocking 
1 542 314 590 465 65809 0 1 1 blocking 
2 600 321 652 479 65790 0 1 0 blocking 
2 595 317 647 475 65791 0 1 1 blocking 
2 591 314 643 472 65792 0 1 1 blocking 
2 587 311 639 469 65793 0 1 1 blocking 
2 583 308 635 466 65794 0 1 1 blocking 
2 579 305 631 463 65795 0 1 1 blocking 
2 575 302 627 459 65796 0 1 1 blocking 
2 571 299 623 456 65797 0 1 1 blocking 
2 567 296 619 453 65798 0 1 1 blocking 
2 563 293 615 450 65799 0 1 1 blocking 
2 559 290 611 447 65800 0 1 0 blocking 
2 556 291 608 448 65801 0 1 1 blocking 
2 554 293 606 450 65802 0 1 1 blocking 
2 552 294 604 451 65803 0 1 1 blocking 
2 549 296 601 453 65804 0 1 1 blocking 
2 547 297 599 454 65805 0 1 1 blocking 
2 545 299 597 456 65806 0 1 1 blocking 
2 542 300 594 457 65807 0 1 1 blocking 
2 540 302 592 459 65808 0 1 1 blocking 
2 538 303 590 460 65809 0 1 1 blocking 
3 1081 423 1143 549 65790 0 0 0 blocking 
3 1080 418 1142 547 65791 0 0 1 digging 
3 1079 414 1141 545 65792 0 0 1 digging 
3 1078 410 1141 544 65793 0 0 0 digging 
3 1077 408 1140 542 65794 0 0 1 digging 
3 1076 406 1139 540 65795 0 0 1 digging 
3 1076 404 1139 538 65796 0 0 0 digging 
3 1074 403 1137 535 65797 0 0 1 digging 
3 1072 402 1135 532 65798 0 0 1 digging 
3 1071 401 1134 529 65799 0 0 0 digging 
3 1068 402 1131 530 65800 0 0 1 digging 
3 1065 403 1128 531 65801 0 0 1 digging 
3 1062 404 1126 533 65802 0 0 0 digging 
3 1058 406 1120 531 65803 0 0 1 digging 
3 1054 408 1114 530 65804 0 0 1 digging 
3 1051 410 1108 529 65805 0 0 0 digging 
3 1046 408 1104 530 65806 0 0 1 digging 
3 1041 406 1100 531 65807 0 0 1 digging 
3 1037 404 1096 532 65808 0 0 0 digging 
3 1037 404 1096 532 65809 0 0 1 digging 
4 962 380 1021 476 65790 0 0 0 digging 
4 960 380 1019 476 65791 0 0 1 digging 
4 958 380 1017 477 65792 0 0 1 digging 
4 957 380 1016 478 65793 0 0 0 digging 
4 956 378 1015 476 65794 0 0 1 digging 
4 955 376 1014 474 65795 0 0 1 digging 
4 955 374 1014 473 65796 0 0 0 digging 
4 952 373 1011 472 65797 0 0 1 digging 
4 949 373 1008 472 65798 0 0 1 digging 
4 946 373 1005 472 65799 0 0 0 digging 
4 942 372 1000 471 65800 0 0 1 digging 
4 938 371 995 470 65801 0 0 1 digging 
4 935 371 990 469 65802 0 0 0 digging 
4 931 370 984 468 65803 0 0 1 digging 
4 927 369 979 468 65804 0 0 1 digging 
4 924 369 974 468 65805 0 0 0 digging 
4 919 367 969 467 65806 0 0 1 digging 
4 915 365 964 466 65807 0 0 1 digging 
4 910 363 960 465 65808 0 0 1 digging 
4 906 361 955 464 65809 0 0 1 digging 
5 931 480 1014 601 65790 0 0 0 digging 
5 928 479 1011 601 65791 0 0 1 digging 
5 926 478 1009 601 65792 0 0 1 digging 
5 924 477 1007 602 65793 0 0 0 digging 
5 923 476 1006 601 65794 0 0 1 digging 
5 922 475 1006 600 65795 0 0 1 digging 
5 922 474 1006 599 65796 0 0 0 digging 
5 920 474 1004 599 65797 0 0 1 digging 
5 918 474 1002 599 65798 0 0 1 digging 
5 916 474 1000 599 65799 0 0 0 digging 
5 912 474 996 599 65800 0 0 1 digging 
5 908 474 992 599 65801 0 0 1 digging 
5 905 474 989 599 65802 0 0 0 digging 
5 898 471 984 596 65803 0 0 1 digging 
5 892 469 979 594 65804 0 0 1 digging 
5 886 467 974 592 65805 0 0 0 digging 
5 885 462 970 589 65806 0 0 1 digging 
5 884 457 967 586 65807 0 0 1 digging 
5 884 453 963 583 65808 0 0 1 digging 
5 883 448 960 580 65809 0 0 1 digging 
6 671 456 789 590 65790 0 0 0 digging 
6 684 453 787 587 65791 0 0 1 standing 
6 697 451 785 585 65792 0 0 1 standing 
6 710 449 784 583 65793 0 0 0 standing 
6 718 445 785 581 65794 0 0 1 standing 
6 726 442 786 579 65795 0 0 1 standing 
6 734 439 787 578 65796 0 0 0 standing 
6 737 438 790 577 65797 0 0 1 standing 
6 740 437 793 576 65798 0 0 1 standing 
6 744 437 797 576 65799 0 0 0 standing 
6 745 438 810 577 65800 0 0 1 standing 
6 746 439 823 578 65801 0 0 1 standing 
6 748 440 836 579 65802 0 0 0 standing 
6 746 442 834 579 65803 0 0 1 standing 
6 744 444 832 579 65804 0 0 1 standing 
6 743 447 831 579 65805 0 0 0 standing 
6 741 445 828 577 65806 0 0 1 standing 
6 739 443 825 576 65807 0 0 1 standing 
6 737 441 822 574 65808 0 0 1 standing 
6 735 439 819 573 65809 0 0 1 standing 
7 532 399 582 529 65790 0 0 0 standing 
7 528 396 576 530 65791 0 0 1 standing 
7 525 393 571 532 65792 0 0 1 standing 
7 522 391 566 534 65793 0 0 0 standing 
7 520 392 564 535 65794 0 0 1 standing 
7 518 394 562 537 65795 0 0 1 standing 
7 517 396 561 539 65796 0 0 0 standing 
7 511 397 557 538 65797 0 0 1 standing 
7 506 398 553 538 65798 0 0 1 standing 
7 501 399 549 538 65799 0 0 0 standing 
7 490 399 545 538 65800 0 0 1 standing 
7 480 399 542 538 65801 0 0 1 standing 
7 470 399 539 538 65802 0 0 0 standing 
7 464 399 533 537 65803 0 0 1 standing 
7 458 400 527 536 65804 0 0 1 standing 
7 453 401 522 536 65805 0 0 0 standing 
7 447 400 516 535 65806 0 0 1 standing 
7 442 400 511 535 65807 0 0 1 standing 
7 437 400 506 534 65808 0 0 1 standing 
7 432 400 501 534 65809 0 0 1 standing 
8 391 475 453 636 65790 0 0 0 standing 
8 392 472 462 632 65791 0 0 1 standing 
8 394 469 471 628 65792 0 0 1 standing 
8 396 467 480 625 65793 0 0 0 standing 
8 400 467 479 622 65794 0 0 1 standing 
8 404 467 478 619 65795 0 0 1 standing 
8 408 468 478 616 65796 0 0 0 standing 
8 408 466 477 614 65797 0 0 1 standing 
8 408 464 477 613 65798 0 0 1 standing 
8 408 463 477 612 65799 0 0 0 standing 
8 407 460 476 611 65800 0 0 1 standing 
8 406 458 475 611 65801 0 0 1 standing 
8 406 456 474 611 65802 0 0 0 standing 
8 407 454 478 610 65803 0 0 1 standing 
8 408 453 483 610 65804 0 0 1 standing 
8 409 452 488 610 65805 0 0 0 standing 
8 409 450 484 608 65806 0 0 1 standing 
8 409 449 480 607 65807 0 0 1 standing 
8 410 448 477 605 65808 0 0 1 standing 
8 410 447 473 604 65809 0 0 1 standing 
9 284 465 358 606 65790 0 0 0 standing 
9 281 464 357 606 65791 0 0 1 standing 
9 279 464 357 607 65792 0 0 1 standing 
9 277 464 357 608 65793 0 0 0 standing 
9 277 462 354 605 65794 0 0 1 standing 
9 277 460 351 603 65795 0 0 1 standing 
9 278 458 348 601 65796 0 0 0 standing 
9 276 458 346 601 65797 0 0 1 standing 
9 274 458 344 602 65798 0 0 1 standing 
9 272 459 342 603 65799 0 0 0 standing 
9 265 458 335 603 65800 0 0 1 standing 
9 258 457 328 603 65801 0 0 1 standing 
9 252 457 321 604 65802 0 0 0 standing 
9 247 457 313 604 65803 0 0 1 standing 
9 242 457 305 604 65804 0 0 1 standing 
9 238 457 297 604 65805 0 0 0 standing 
9 232 455 293 603 65806 0 0 1 standing 
9 227 453 289 603 65807 0 0 1 standing 
9 221 452 285 603 65808 0 0 1 standing 
9 216 450 281 603 65809 0 0 1 standing 
10 327 409 392 535 65790 0 0 0 standing 
10 324 408 393 536 65791 0 0 1 waiting 
10 321 408 395 538 65792 0 0 1 waiting 
10 319 408 397 540 65793 0 0 0 waiting 
10 318 410 396 542 65794 0 0 1 waiting 
10 318 412 396 545 65795 0 0 1 waiting 
10 318 414 396 548 65796 0 0 0 waiting 
10 318 414 393 546 65797 0 0 1 waiting 
10 318 415 390 545 65798 0 0 1 waiting 
10 319 416 387 544 65799 0 0 0 waiting 
10 313 417 381 543 65800 0 0 1 waiting 
10 308 418 376 543 65801 0 0 1 waiting 
10 303 420 371 543 65802 0 0 0 waiting 
10 298 420 366 543 65803 0 0 1 waiting 
10 294 420 361 544 65804 0 0 1 waiting 
10 290 421 357 545 65805 0 0 0 waiting 
10 284 420 353 543 65806 0 0 1 waiting 
10 278 419 349 542 65807 0 0 1 waiting 
10 272 418 345 540 65808 0 0 1 waiting 
10 266 417 341 539 65809 0 0 1 waiting 
11 334 389 377 483 65790 0 0 0 waiting 
11 337 387 380 481 65791 0 0 1 standing 
11 340 385 383 479 65792 0 0 1 standing 
11 343 383 386 477 65793 0 0 0 standing 
11 345 382 390 480 65794 0 0 1 standing 
11 348 382 394 483 65795 0 0 1 standing 
11 351 382 399 487 65796 0 0 0 standing 
11 351 380 398 486 65797 0 0 1 standing 
11 351 378 398 486 65798 0 0 1 standing 
11 351 377 398 486 65799 0 0 0 standing 
11 352 378 405 488 65800 0 0 1 standing 
11 354 379 412 490 65801 0 0 1 standing 
11 356 380 419 493 65802 0 0 0 standing 
11 355 382 419 492 65803 0 0 1 standing 
11 354 384 420 492 65804 0 0 1 standing 
11 353 387 421 492 65805 0 0 0 standing 
11 348 385 416 492 65806 0 0 1 standing 
11 343 383 411 492 65807 0 0 1 standing 
11 338 382 406 492 65808 0 0 1 standing 
11 333 380 401 492 65809 0 0 1 standing 
