0 831 675 912 828 40720 0 1 0 setting 
0 828 665 906 824 40721 0 1 1 setting 
0 826 656 901 821 40722 0 1 1 setting 
0 824 646 895 818 40723 0 1 1 setting 
0 822 637 890 815 40724 0 1 0 setting 
0 821 637 887 816 40725 0 1 1 setting 
0 820 638 884 818 40726 0 1 1 setting 
0 819 639 881 820 40727 0 1 1 setting 
0 818 639 878 821 40728 0 1 1 setting 
0 817 640 875 823 40729 0 1 1 setting 
0 816 641 872 825 40730 0 1 1 setting 
0 815 642 869 827 40731 0 1 0 setting 
0 814 650 867 826 40732 0 1 1 setting 
0 813 658 866 826 40733 0 1 1 setting 
0 812 666 864 826 40734 0 1 1 setting 
0 811 675 863 826 40735 0 1 0 setting 
0 810 677 862 825 40736 0 1 1 setting 
0 809 680 861 825 40737 0 1 1 setting 
0 808 683 860 825 40738 0 1 1 setting 
0 807 686 859 825 40739 0 1 0 setting 
1 693 660 765 798 40720 0 1 0 setting 
1 695 663 768 803 40721 0 1 1 moving 
1 697 666 772 809 40722 0 1 1 moving 
1 700 669 776 815 40723 0 1 1 moving 
1 702 672 780 820 40724 0 1 1 moving 
1 704 675 784 826 40725 0 1 1 moving 
1 707 678 787 832 40726 0 1 1 moving 
1 709 681 791 838 40727 0 1 1 moving 
1 711 684 795 843 40728 0 1 1 moving 
1 714 687 799 849 40729 0 1 1 moving 
1 716 690 803 855 40730 0 1 1 moving 
1 719 694 807 861 40731 0 1 0 moving 
1 725 698 811 868 40732 0 1 1 moving 
1 731 702 816 875 40733 0 1 1 moving 
1 737 706 820 883 40734 0 1 1 moving 
1 743 710 825 890 40735 0 1 1 moving 
1 750 714 830 898 40736 0 1 0 moving 
1 761 718 835 901 40737 0 1 1 moving 
1 773 722 840 904 40738 0 1 1 moving 
1 785 726 845 908 40739 0 1 0 moving 
2 289 672 384 804 40720 0 1 0 moving 
2 297 669 397 803 40721 0 1 1 moving 
2 305 667 410 802 40722 0 1 1 moving 
2 313 664 424 801 40723 0 1 1 moving 
2 321 662 437 800 40724 0 1 1 moving 
2 330 660 451 799 40725 0 1 0 moving 
2 346 658 465 798 40726 0 1 1 moving 
2 363 657 479 797 40727 0 1 1 moving 
2 380 656 493 796 40728 0 1 1 moving 
2 397 655 507 795 40729 0 1 1 moving 
2 414 654 521 794 40730 0 1 1 moving 
2 431 653 536 793 40731 0 1 0 moving 
2 446 648 552 793 40732 0 1 1 moving 
2 461 644 569 793 40733 0 1 1 moving 
2 476 640 586 793 40734 0 1 1 moving 
2 491 636 603 793 40735 0 1 1 moving 
2 507 631 619 793 40736 0 1 1 moving 
2 522 627 636 793 40737 0 1 1 moving 
2 537 623 653 793 40738 0 1 1 moving 
2 552 619 670 793 40739 0 1 1 moving 
3 528 492 600 618 40720 0 1 0 moving 
3 529 492 602 617 40721 0 1 1 moving 
3 530 492 605 617 40722 0 1 1 moving 
3 531 492 607 617 40723 0 1 1 moving 
3 532 493 610 616 40724 0 1 1 moving 
3 533 493 612 616 40725 0 1 1 moving 
3 534 493 615 616 40726 0 1 1 moving 
3 536 494 618 616 40727 0 1 0 moving 
3 542 494 623 613 40728 0 1 1 moving 
3 548 495 628 610 40729 0 1 1 moving 
3 554 496 634 608 40730 0 1 0 moving 
3 565 495 641 608 40731 0 1 1 moving 
3 576 494 648 609 40732 0 1 1 moving 
3 588 493 655 609 40733 0 1 1 moving 
3 599 492 662 610 40734 0 1 1 moving 
3 611 492 670 611 40735 0 1 0 moving 
3 617 492 676 611 40736 0 1 1 moving 
3 623 492 682 612 40737 0 1 1 moving 
3 629 492 689 613 40738 0 1 1 moving 
3 635 492 695 614 40739 0 1 1 moving 
4 568 574 651 697 40720 0 0 0 moving 
4 575 574 657 696 40721 0 0 1 moving 
4 583 575 664 696 40722 0 0 1 moving 
4 591 576 670 696 40723 0 0 1 moving 
4 598 576 677 696 40724 0 0 1 moving 
4 606 577 683 696 40725 0 0 1 moving 
4 614 578 690 696 40726 0 0 1 moving 
4 622 579 697 696 40727 0 0 0 moving 
4 627 576 703 697 40728 0 0 1 moving 
4 632 574 709 698 40729 0 0 1 moving 
4 637 572 716 700 40730 0 0 0 moving 
4 644 573 721 700 40731 0 0 1 moving 
4 652 575 727 701 40732 0 0 1 moving 
4 659 577 732 702 40733 0 0 1 moving 
4 667 578 738 703 40734 0 0 1 moving 
4 674 580 744 704 40735 0 0 1 moving 
4 682 582 749 704 40736 0 0 1 moving 
4 689 583 755 705 40737 0 0 1 moving 
4 697 585 760 706 40738 0 0 1 moving 
4 704 587 766 707 40739 0 0 1 moving 
5 364 699 445 871 40720 0 0 0 moving 
5 366 701 449 871 40721 0 0 1 moving 
5 368 703 453 872 40722 0 0 1 moving 
5 370 705 458 873 40723 0 0 1 moving 
5 372 708 462 874 40724 0 0 1 moving 
5 374 710 466 874 40725 0 0 1 moving 
5 376 712 471 875 40726 0 0 1 moving 
5 378 714 475 876 40727 0 0 1 moving 
5 381 717 480 877 40728 0 0 0 moving 
5 392 718 487 875 40729 0 0 1 moving 
5 403 720 495 873 40730 0 0 1 moving 
5 414 722 503 872 40731 0 0 0 moving 
5 425 719 510 875 40732 0 0 1 moving 
5 436 716 518 878 40733 0 0 1 moving 
5 447 713 526 881 40734 0 0 0 moving 
5 458 710 534 877 40735 0 0 1 moving 
5 469 707 542 873 40736 0 0 1 moving 
5 480 705 551 869 40737 0 0 1 moving 
5 491 702 559 865 40738 0 0 1 moving 
5 502 699 567 861 40739 0 0 1 moving 
6 982 685 1044 859 40720 0 0 0 moving 
6 982 685 1043 860 40721 0 0 1 standing 
6 982 686 1042 861 40722 0 0 1 standing 
6 982 686 1041 862 40723 0 0 1 standing 
6 982 687 1040 863 40724 0 0 1 standing 
6 982 687 1039 864 40725 0 0 1 standing 
6 983 688 1039 866 40726 0 0 0 standing 
6 982 693 1037 870 40727 0 0 1 standing 
6 982 699 1036 875 40728 0 0 1 standing 
6 981 705 1035 879 40729 0 0 1 standing 
6 981 711 1034 884 40730 0 0 0 standing 
6 980 710 1033 883 40731 0 0 1 standing 
6 979 709 1032 882 40732 0 0 1 standing 
6 979 708 1032 882 40733 0 0 0 standing 
6 978 703 1031 883 40734 0 0 1 standing 
6 977 698 1030 884 40735 0 0 1 standing 
6 977 694 1029 886 40736 0 0 0 standing 
6 976 690 1028 876 40737 0 0 1 standing 
6 975 686 1027 867 40738 0 0 1 standing 
6 975 682 1027 858 40739 0 0 0 standing 
7 1012 634 1060 787 40720 0 0 0 standing 
7 1007 631 1056 783 40721 0 0 1 standing 
7 1003 629 1053 780 40722 0 0 1 standing 
7 999 627 1050 777 40723 0 0 1 standing 
7 995 625 1046 774 40724 0 0 1 standing 
7 991 623 1043 771 40725 0 0 1 standing 
7 987 621 1040 768 40726 0 0 0 standing 
7 983 623 1037 769 40727 0 0 1 standing 
7 980 626 1034 771 40728 0 0 1 standing 
7 976 629 1031 773 40729 0 0 1 standing 
7 973 632 1029 775 40730 0 0 0 standing 
7 971 632 1027 773 40731 0 0 1 standing 
7 969 632 1026 772 40732 0 0 1 standing 
7 967 633 1025 771 40733 0 0 1 standing 
7 965 633 1024 770 40734 0 0 1 standing 
7 964 633 1022 769 40735 0 0 1 standing 
7 962 634 1021 768 40736 0 0 1 standing 
7 960 634 1020 767 40737 0 0 1 standing 
7 958 634 1019 766 40738 0 0 1 standing 
7 957 635 1018 765 40739 0 0 0 standing 
8 975 531 1041 660 40720 0 0 0 standing 
8 974 530 1040 659 40721 0 0 1 standing 
8 974 530 1039 659 40722 0 0 1 standing 
8 974 530 1039 658 40723 0 0 1 standing 
8 974 530 1038 658 40724 0 0 1 standing 
8 974 530 1037 657 40725 0 0 1 standing 
8 974 530 1037 657 40726 0 0 0 standing 
8 974 530 1036 656 40727 0 0 1 standing 
8 974 530 1036 656 40728 0 0 1 standing 
8 974 530 1035 656 40729 0 0 1 standing 
8 974 530 1035 656 40730 0 0 0 standing 
8 974 530 1035 655 40731 0 0 1 standing 
8 975 530 1035 655 40732 0 0 1 standing 
8 976 530 1035 655 40733 0 0 1 standing 
8 977 530 1035 655 40734 0 0 1 standing 
8 978 530 1035 655 40735 0 0 1 standing 
8 979 530 1035 655 40736 0 0 1 standing 
8 980 530 1035 655 40737 0 0 1 standing 
8 981 530 1035 655 40738 0 0 1 standing 
8 982 530 1035 655 40739 0 0 0 standing 
9 1207 591 1257 750 40720 0 0 0 standing 
9 1208 588 1260 745 40721 0 0 1 standing 
9 1210 586 1263 740 40722 0 0 1 standing 
9 1212 584 1266 735 40723 0 0 1 standing 
9 1214 582 1269 730 40724 0 0 1 standing 
9 1216 580 1272 725 40725 0 0 0 standing 
9 1218 579 1274 723 40726 0 0 1 standing 
9 1221 579 1276 721 40727 0 0 1 standing 
9 1224 578 1278 719 40728 0 0 1 standing 
9 1227 578 1280 717 40729 0 0 1 standing 
9 1230 577 1282 715 40730 0 0 1 standing 
9 1233 577 1284 713 40731 0 0 1 standing 
9 1236 577 1286 711 40732 0 0 0 standing 
9 1239 576 1290 707 40733 0 0 1 standing 
9 1243 575 1295 703 40734 0 0 1 standing 
9 1246 574 1299 700 40735 0 0 1 standing 
9 1250 573 1304 696 40736 0 0 1 standing 
9 1253 572 1309 692 40737 0 0 1 standing 
9 1257 571 1313 689 40738 0 0 1 standing 
9 1260 570 1318 685 40739 0 0 1 standing 
10 1338 592 1389 759 40720 0 0 0 standing 
10 1339 592 1394 758 40721 0 0 1 standing 
10 1341 593 1399 757 40722 0 0 1 standing 
10 1342 593 1405 756 40723 0 0 1 standing 
10 1344 594 1410 755 40724 0 0 1 standing 
10 1345 594 1416 754 40725 0 0 1 standing 
10 1347 595 1421 753 40726 0 0 1 standing 
10 1348 595 1427 752 40727 0 0 1 standing 
10 1350 596 1432 751 40728 0 0 1 standing 
10 1352 597 1438 750 40729 0 0 0 standing 
10 1359 597 1443 750 40730 0 0 1 standing 
10 1367 598 1448 750 40731 0 0 1 standing 
10 1375 598 1453 750 40732 0 0 1 standing 
10 1382 599 1458 751 40733 0 0 1 standing 
10 1390 599 1463 751 40734 0 0 1 standing 
10 1398 600 1468 751 40735 0 0 1 standing 
10 1406 601 1473 752 40736 0 0 0 standing 
10 1410 601 1479 752 40737 0 0 1 standing 
10 1414 602 1486 753 40738 0 0 1 standing 
10 1418 602 1493 754 40739 0 0 1 standing 
11 1363 664 1417 826 40720 0 0 0 standing 
11 1364 665 1418 827 40721 0 0 1 standing 
11 1366 667 1420 829 40722 0 0 1 standing 
11 1368 668 1422 830 40723 0 0 1 standing 
11 1370 670 1424 832 40724 0 0 1 standing 
11 1372 671 1426 833 40725 0 0 1 standing 
11 1373 673 1427 835 40726 0 0 1 standing 
11 1375 674 1429 836 40727 0 0 1 standing 
11 1377 676 1431 838 40728 0 0 1 standing 
11 1379 677 1433 839 40729 0 0 1 standing 
11 1381 679 1435 841 40730 0 0 0 standing 
11 1382 681 1439 841 40731 0 0 1 standing 
11 1384 684 1443 842 40732 0 0 1 standing 
11 1386 687 1447 843 40733 0 0 0 standing 
11 1389 689 1451 843 40734 0 0 1 standing 
11 1392 691 1456 844 40735 0 0 1 standing 
11 1396 693 1461 845 40736 0 0 1 standing 
11 1399 695 1465 846 40737 0 0 1 standing 
11 1403 697 1470 847 40738 0 0 1 standing 
11 1406 699 1475 848 40739 0 0 1 standing 
