0 899 388 945 465 14960 0 1 0 digging 
0 890 387 936 464 14961 0 1 1 digging 
0 882 387 928 464 14962 0 1 1 digging 
0 874 386 920 463 14963 0 1 1 digging 
0 866 386 912 463 14964 0 1 0 digging 
0 860 385 906 462 14965 0 1 1 digging 
0 855 385 901 462 14966 0 1 1 digging 
0 850 385 896 462 14967 0 1 1 digging 
0 844 385 890 462 14968 0 1 1 digging 
0 839 385 885 462 14969 0 1 1 digging 
0 834 385 880 462 14970 0 1 0 digging 
0 836 384 882 461 14971 0 1 1 digging 
0 839 383 884 460 14972 0 1 1 digging 
0 841 383 886 459 14973 0 1 1 digging 
0 844 382 888 459 14974 0 1 1 digging 
0 846 382 890 458 14975 0 1 1 digging 
0 849 381 892 457 14976 0 1 1 digging 
0 851 380 894 457 14977 0 1 1 digging 
0 854 380 896 456 14978 0 1 1 digging 
0 856 379 898 455 14979 0 1 1 digging 
1 935 464 977 546 14960 0 0 0 digging 
1 928 462 968 545 14961 0 0 1 standing 
1 922 460 959 544 14962 0 0 1 standing 
1 915 458 950 543 14963 0 0 1 standing 
1 909 456 941 543 14964 0 0 0 standing 
1 902 454 936 543 14965 0 0 1 standing 
1 896 453 931 543 14966 0 0 1 standing 
1 890 452 926 543 14967 0 0 1 standing 
1 883 450 921 543 14968 0 0 1 standing 
1 877 449 916 543 14969 0 0 1 standing 
1 871 448 912 544 14970 0 0 0 standing 
1 869 449 910 545 14971 0 0 1 standing 
1 867 450 908 546 14972 0 0 1 standing 
1 866 451 906 548 14973 0 0 1 standing 
1 864 452 904 549 14974 0 0 1 standing 
1 863 454 903 551 14975 0 0 0 standing 
1 864 454 904 551 14976 0 0 1 standing 
1 866 454 906 551 14977 0 0 1 standing 
1 867 454 907 551 14978 0 0 1 standing 
1 869 454 909 551 14979 0 0 1 standing 
2 929 422 971 495 14960 0 0 0 standing 
2 921 421 963 495 14961 0 0 1 standing 
2 914 421 955 496 14962 0 0 1 standing 
2 906 420 947 496 14963 0 0 1 standing 
2 899 420 940 497 14964 0 0 0 standing 
2 893 418 933 495 14965 0 0 1 standing 
2 887 416 927 494 14966 0 0 1 standing 
2 881 415 921 493 14967 0 0 1 standing 
2 875 413 915 491 14968 0 0 1 standing 
2 869 411 909 490 14969 0 0 1 standing 
2 864 410 903 489 14970 0 0 0 standing 
2 861 409 900 489 14971 0 0 1 standing 
2 858 409 897 490 14972 0 0 1 standing 
2 855 409 894 490 14973 0 0 1 standing 
2 852 409 891 491 14974 0 0 1 standing 
2 850 409 888 492 14975 0 0 0 standing 
2 852 408 890 492 14976 0 0 1 standing 
2 854 407 892 492 14977 0 0 1 standing 
2 856 406 894 492 14978 0 0 1 standing 
2 858 405 896 492 14979 0 0 1 standing 
3 951 357 986 431 14960 0 0 0 standing 
3 942 356 976 431 14961 0 0 1 standing 
3 933 355 967 431 14962 0 0 1 standing 
3 924 354 957 431 14963 0 0 1 standing 
3 916 353 948 432 14964 0 0 0 standing 
3 909 351 940 431 14965 0 0 1 standing 
3 902 350 933 431 14966 0 0 1 standing 
3 895 349 926 431 14967 0 0 1 standing 
3 888 347 919 431 14968 0 0 1 standing 
3 881 346 912 431 14969 0 0 1 standing 
3 874 345 905 431 14970 0 0 0 standing 
3 872 343 902 429 14971 0 0 1 standing 
3 870 342 900 428 14972 0 0 1 standing 
3 868 340 898 426 14973 0 0 1 standing 
3 866 339 896 425 14974 0 0 1 standing 
3 864 338 894 424 14975 0 0 0 standing 
3 864 337 894 423 14976 0 0 1 standing 
3 864 337 895 423 14977 0 0 1 standing 
3 865 337 896 422 14978 0 0 1 standing 
3 865 337 897 422 14979 0 0 1 standing 
4 755 456 820 548 14960 0 0 0 standing 
4 747 452 811 546 14961 0 0 1 standing 
4 740 449 803 545 14962 0 0 1 standing 
4 732 446 794 543 14963 0 0 1 standing 
4 725 443 786 542 14964 0 0 0 standing 
4 723 439 781 540 14965 0 0 1 standing 
4 721 436 776 538 14966 0 0 1 standing 
4 719 432 772 536 14967 0 0 1 standing 
4 717 429 767 534 14968 0 0 1 standing 
4 715 425 762 532 14969 0 0 1 standing 
4 713 422 758 531 14970 0 0 0 standing 
4 711 421 756 529 14971 0 0 1 standing 
4 709 420 755 528 14972 0 0 1 standing 
4 708 419 753 527 14973 0 0 1 standing 
4 706 418 752 526 14974 0 0 1 standing 
4 705 418 751 525 14975 0 0 0 standing 
4 708 417 753 523 14976 0 0 1 standing 
4 711 416 756 521 14977 0 0 1 standing 
4 714 416 759 520 14978 0 0 1 standing 
4 717 415 762 518 14979 0 0 1 standing 
5 620 425 658 530 14960 0 0 0 standing 
5 612 422 649 526 14961 0 0 1 standing 
5 604 420 641 522 14962 0 0 1 standing 
5 596 417 633 518 14963 0 0 1 standing 
5 588 415 625 514 14964 0 0 0 standing 
5 581 412 618 510 14965 0 0 1 standing 
5 575 410 612 506 14966 0 0 1 standing 
5 569 408 606 502 14967 0 0 1 standing 
5 563 405 600 498 14968 0 0 1 standing 
5 557 403 594 494 14969 0 0 1 standing 
5 551 401 588 491 14970 0 0 0 standing 
5 548 401 589 489 14971 0 0 1 standing 
5 545 401 590 487 14972 0 0 1 standing 
5 542 401 591 486 14973 0 0 1 standing 
5 539 401 592 484 14974 0 0 1 standing 
5 536 402 593 483 14975 0 0 0 standing 
5 539 402 593 483 14976 0 0 1 standing 
5 543 403 593 483 14977 0 0 1 standing 
5 547 404 594 483 14978 0 0 1 standing 
5 551 405 594 483 14979 0 0 1 standing 
6 568 391 610 503 14960 0 0 0 standing 
6 559 391 601 503 14961 0 0 1 standing 
6 550 392 592 504 14962 0 0 1 standing 
6 541 392 583 504 14963 0 0 1 standing 
6 533 393 575 505 14964 0 0 0 standing 
6 527 392 568 505 14965 0 0 1 standing 
6 521 391 562 505 14966 0 0 1 standing 
6 515 390 556 505 14967 0 0 1 standing 
6 509 389 550 505 14968 0 0 1 standing 
6 503 388 544 505 14969 0 0 1 standing 
6 498 388 538 506 14970 0 0 0 standing 
6 496 388 536 506 14971 0 0 1 standing 
6 494 388 534 506 14972 0 0 1 standing 
6 492 388 532 506 14973 0 0 1 standing 
6 490 388 530 506 14974 0 0 1 standing 
6 488 389 528 506 14975 0 0 0 standing 
6 488 389 528 506 14976 0 0 1 standing 
6 488 389 528 506 14977 0 0 1 standing 
6 488 389 528 506 14978 0 0 1 standing 
6 488 389 528 506 14979 0 0 1 standing 
7 217 407 267 521 14960 0 0 0 standing 
7 214 413 263 521 14961 0 0 1 moving 
7 211 419 260 522 14962 0 0 1 moving 
7 208 425 257 522 14963 0 0 1 moving 
7 205 431 254 523 14964 0 0 0 moving 
7 202 431 255 524 14965 0 0 1 moving 
7 199 432 257 526 14966 0 0 1 moving 
7 196 433 259 527 14967 0 0 1 moving 
7 193 433 261 529 14968 0 0 1 moving 
7 190 434 263 530 14969 0 0 1 moving 
7 188 435 265 532 14970 0 0 0 moving 
7 191 433 265 530 14971 0 0 1 moving 
7 195 431 265 528 14972 0 0 1 moving 
7 199 430 265 526 14973 0 0 1 moving 
7 203 428 265 524 14974 0 0 1 moving 
7 207 427 265 523 14975 0 0 0 moving 
7 210 426 267 522 14976 0 0 1 moving 
7 214 426 269 522 14977 0 0 1 moving 
7 218 426 272 522 14978 0 0 1 moving 
7 222 425 274 522 14979 0 0 1 moving 
8 383 410 413 501 14960 0 0 0 moving 
8 374 410 404 500 14961 0 0 1 standing 
8 365 410 395 500 14962 0 0 1 standing 
8 356 410 386 500 14963 0 0 1 standing 
8 348 411 378 500 14964 0 0 0 standing 
8 342 411 372 500 14965 0 0 1 standing 
8 336 412 366 501 14966 0 0 1 standing 
8 330 412 360 502 14967 0 0 1 standing 
8 324 413 354 502 14968 0 0 1 standing 
8 318 413 348 503 14969 0 0 1 standing 
8 313 414 343 504 14970 0 0 0 standing 
8 311 413 339 503 14971 0 0 1 standing 
8 310 413 336 503 14972 0 0 1 standing 
8 308 413 333 503 14973 0 0 1 standing 
8 307 413 330 503 14974 0 0 1 standing 
8 306 413 327 503 14975 0 0 0 standing 
8 308 413 329 503 14976 0 0 1 standing 
8 311 413 332 503 14977 0 0 1 standing 
8 314 413 335 503 14978 0 0 1 standing 
8 316 413 337 503 14979 0 0 1 standing 
9 307 384 337 469 14960 0 0 0 standing 
9 297 385 329 470 14961 0 0 1 standing 
9 287 386 321 472 14962 0 0 1 standing 
9 277 387 313 474 14963 0 0 1 standing 
9 268 388 305 476 14964 0 0 0 standing 
9 261 389 297 476 14965 0 0 1 standing 
9 255 390 290 477 14966 0 0 1 standing 
9 249 391 283 478 14967 0 0 1 standing 
9 243 392 275 479 14968 0 0 1 standing 
9 237 393 268 480 14969 0 0 1 standing 
9 231 394 261 481 14970 0 0 0 standing 
9 226 394 259 481 14971 0 0 1 standing 
9 221 394 258 482 14972 0 0 1 standing 
9 217 395 257 483 14973 0 0 1 standing 
9 212 395 256 484 14974 0 0 1 standing 
9 208 396 255 485 14975 0 0 0 standing 
9 208 396 254 486 14976 0 0 1 standing 
9 209 397 253 487 14977 0 0 1 standing 
9 209 398 252 488 14978 0 0 1 standing 
9 210 399 251 489 14979 0 0 1 standing 
10 504 408 539 505 14960 0 0 0 standing 
10 495 409 531 505 14961 0 0 1 standing 
10 487 410 524 505 14962 0 0 1 standing 
10 479 411 517 505 14963 0 0 1 standing 
10 471 412 510 505 14964 0 0 0 standing 
10 465 413 504 505 14965 0 0 1 standing 
10 460 414 499 505 14966 0 0 1 standing 
10 454 415 494 506 14967 0 0 1 standing 
10 449 416 489 506 14968 0 0 1 standing 
10 443 417 484 506 14969 0 0 1 standing 
10 438 418 479 507 14970 0 0 0 standing 
10 438 419 480 508 14971 0 0 1 standing 
10 439 420 481 509 14972 0 0 1 standing 
10 440 422 482 511 14973 0 0 1 standing 
10 441 423 483 512 14974 0 0 1 standing 
10 442 425 484 514 14975 0 0 0 standing 
10 445 426 488 515 14976 0 0 1 standing 
10 449 428 492 517 14977 0 0 1 standing 
10 452 429 497 518 14978 0 0 1 standing 
10 456 431 501 520 14979 0 0 1 standing 
11 547 391 582 488 14960 0 0 0 standing 
11 539 390 575 487 14961 0 0 1 standing 
11 532 390 568 487 14962 0 0 1 standing 
11 525 390 561 487 14963 0 0 1 standing 
11 518 390 555 487 14964 0 0 0 standing 
11 512 389 549 486 14965 0 0 1 standing 
11 507 389 544 486 14966 0 0 1 standing 
11 502 389 539 486 14967 0 0 1 standing 
11 497 388 534 485 14968 0 0 1 standing 
11 492 388 529 485 14969 0 0 1 standing 
11 487 388 524 485 14970 0 0 0 standing 
11 487 386 524 483 14971 0 0 1 standing 
11 487 384 524 481 14972 0 0 1 standing 
11 487 383 524 480 14973 0 0 1 standing 
11 487 381 524 478 14974 0 0 1 standing 
11 488 380 525 477 14975 0 0 0 standing 
11 490 380 527 477 14976 0 0 1 standing 
11 492 380 529 477 14977 0 0 1 standing 
11 494 380 531 477 14978 0 0 1 standing 
11 496 380 533 477 14979 0 0 1 standing 
