0 410 471 501 641 72260 0 1 0 spiking 
0 412 468 502 625 72261 0 1 1 spiking 
0 415 466 503 610 72262 0 1 1 spiking 
0 418 464 505 595 72263 0 1 0 spiking 
0 421 462 506 596 72264 0 1 1 spiking 
0 424 460 508 598 72265 0 1 1 spiking 
0 427 458 510 600 72266 0 1 1 spiking 
0 430 457 512 601 72267 0 1 1 spiking 
0 433 455 514 603 72268 0 1 1 spiking 
0 436 453 516 605 72269 0 1 1 spiking 
0 440 452 518 607 72270 0 1 0 spiking 
0 434 459 510 613 72271 0 1 1 spiking 
0 428 466 502 619 72272 0 1 1 spiking 
0 422 473 494 625 72273 0 1 1 spiking 
0 416 481 487 631 72274 0 1 1 spiking 
0 410 488 479 637 72275 0 1 1 spiking 
0 404 495 471 643 72276 0 1 1 spiking 
0 399 503 464 650 72277 0 1 0 spiking 
0 396 506 459 652 72278 0 1 1 spiking 
0 393 509 454 654 72279 0 1 1 spiking 
1 705 510 748 642 72260 0 1 0 spiking 
1 697 503 740 638 72261 0 1 1 standing 
1 689 496 732 635 72262 0 1 1 standing 
1 681 489 724 631 72263 0 1 1 standing 
1 673 482 716 628 72264 0 1 1 standing 
1 666 475 708 625 72265 0 1 1 standing 
1 658 468 700 621 72266 0 1 1 standing 
1 650 461 692 618 72267 0 1 1 standing 
1 642 454 684 614 72268 0 1 1 standing 
1 634 447 676 611 72269 0 1 1 standing 
1 627 440 669 608 72270 0 1 0 standing 
1 614 444 656 612 72271 0 1 1 standing 
1 601 449 643 617 72272 0 1 1 standing 
1 588 453 630 621 72273 0 1 1 standing 
1 576 458 618 626 72274 0 1 1 standing 
1 563 463 605 631 72275 0 1 1 standing 
1 550 467 592 635 72276 0 1 1 standing 
1 538 472 580 640 72277 0 1 1 standing 
1 525 476 567 644 72278 0 1 1 standing 
1 512 481 554 649 72279 0 1 1 standing 
2 705 479 754 636 72260 0 1 0 standing 
2 696 474 745 631 72261 0 1 1 standing 
2 688 469 737 626 72262 0 1 1 standing 
2 679 464 728 621 72263 0 1 1 standing 
2 671 460 720 617 72264 0 1 1 standing 
2 662 455 711 612 72265 0 1 1 standing 
2 654 450 703 607 72266 0 1 1 standing 
2 645 446 694 603 72267 0 1 1 standing 
2 637 441 686 598 72268 0 1 1 standing 
2 628 436 677 593 72269 0 1 1 standing 
2 620 432 669 589 72270 0 1 0 standing 
2 608 436 657 593 72271 0 1 1 standing 
2 596 440 645 597 72272 0 1 1 standing 
2 584 444 633 601 72273 0 1 1 standing 
2 572 448 621 605 72274 0 1 1 standing 
2 560 453 609 610 72275 0 1 1 standing 
2 548 457 597 614 72276 0 1 1 standing 
2 536 461 585 618 72277 0 1 1 standing 
2 524 465 573 622 72278 0 1 1 standing 
2 512 469 561 626 72279 0 1 1 standing 
3 594 479 671 610 72260 0 0 0 standing 
3 586 477 659 606 72261 0 0 1 standing 
3 578 476 647 602 72262 0 0 1 standing 
3 571 475 635 599 72263 0 0 0 standing 
3 563 473 623 599 72264 0 0 1 standing 
3 556 471 611 599 72265 0 0 1 standing 
3 549 470 600 599 72266 0 0 0 standing 
3 538 467 587 596 72267 0 0 1 standing 
3 527 464 575 594 72268 0 0 1 standing 
3 517 461 563 592 72269 0 0 0 standing 
3 500 461 546 592 72270 0 0 1 standing 
3 484 461 530 592 72271 0 0 1 standing 
3 468 461 514 592 72272 0 0 0 standing 
3 443 463 496 594 72273 0 0 1 standing 
3 419 465 478 596 72274 0 0 1 standing 
3 395 467 461 598 72275 0 0 0 standing 
3 380 468 445 599 72276 0 0 1 standing 
3 365 470 430 601 72277 0 0 1 standing 
3 350 471 415 603 72278 0 0 1 standing 
3 335 473 400 605 72279 0 0 1 standing 
4 585 393 641 502 72260 0 0 0 standing 
4 580 393 635 499 72261 0 0 1 standing 
4 575 393 629 496 72262 0 0 1 standing 
4 571 394 624 493 72263 0 0 0 standing 
4 565 394 618 494 72264 0 0 1 standing 
4 559 394 612 495 72265 0 0 1 standing 
4 553 395 606 496 72266 0 0 0 standing 
4 544 395 597 496 72267 0 0 1 standing 
4 536 395 589 496 72268 0 0 1 standing 
4 528 395 581 496 72269 0 0 0 standing 
4 515 393 566 500 72270 0 0 1 standing 
4 502 391 551 504 72271 0 0 1 standing 
4 490 389 537 508 72272 0 0 0 standing 
4 474 388 523 507 72273 0 0 1 standing 
4 458 388 509 506 72274 0 0 1 standing 
4 443 388 496 506 72275 0 0 0 standing 
4 429 390 481 509 72276 0 0 1 standing 
4 415 392 466 512 72277 0 0 1 standing 
4 402 395 451 516 72278 0 0 1 standing 
4 388 397 436 519 72279 0 0 1 standing 
5 1066 530 1119 654 72260 0 0 0 standing 
5 1059 530 1117 654 72261 0 0 1 standing 
5 1053 531 1115 654 72262 0 0 1 standing 
5 1047 532 1113 655 72263 0 0 0 standing 
5 1043 532 1107 655 72264 0 0 1 standing 
5 1039 532 1101 655 72265 0 0 1 standing 
5 1036 532 1095 656 72266 0 0 0 standing 
5 1030 533 1095 661 72267 0 0 1 standing 
5 1024 534 1095 667 72268 0 0 1 standing 
5 1019 536 1096 673 72269 0 0 0 standing 
5 1009 539 1083 670 72270 0 0 1 standing 
5 1000 543 1070 668 72271 0 0 1 standing 
5 991 547 1058 666 72272 0 0 0 standing 
5 974 549 1043 666 72273 0 0 1 standing 
5 957 551 1029 666 72274 0 0 1 standing 
5 940 553 1015 666 72275 0 0 0 standing 
5 928 552 999 665 72276 0 0 1 standing 
5 917 551 984 664 72277 0 0 1 standing 
5 906 550 969 663 72278 0 0 1 standing 
5 895 549 954 662 72279 0 0 1 standing 
6 726 427 764 545 72260 0 0 0 standing 
6 719 426 764 543 72261 0 0 1 blocking 
6 713 425 765 541 72262 0 0 1 blocking 
6 707 425 766 540 72263 0 0 0 blocking 
6 703 424 762 540 72264 0 0 1 blocking 
6 699 424 758 541 72265 0 0 1 blocking 
6 696 424 755 542 72266 0 0 0 blocking 
6 687 424 746 542 72267 0 0 1 blocking 
6 678 424 737 542 72268 0 0 1 blocking 
6 670 424 729 542 72269 0 0 0 blocking 
6 659 424 716 541 72270 0 0 1 blocking 
6 648 424 703 541 72271 0 0 1 blocking 
6 637 424 690 541 72272 0 0 0 blocking 
6 625 424 678 544 72273 0 0 1 blocking 
6 613 424 666 547 72274 0 0 1 blocking 
6 601 425 655 550 72275 0 0 0 blocking 
6 587 425 641 550 72276 0 0 1 blocking 
6 574 425 627 550 72277 0 0 1 blocking 
6 561 425 613 550 72278 0 0 1 blocking 
6 548 425 599 550 72279 0 0 1 blocking 
7 631 418 676 549 72260 0 0 0 blocking 
7 623 426 673 554 72261 0 0 1 standing 
7 615 434 670 560 72262 0 0 1 standing 
7 608 442 667 566 72263 0 0 0 standing 
7 609 445 662 569 72264 0 0 1 standing 
7 610 448 657 572 72265 0 0 1 standing 
7 611 451 653 575 72266 0 0 0 standing 
7 604 450 646 574 72267 0 0 1 standing 
7 598 449 639 574 72268 0 0 1 standing 
7 592 449 633 574 72269 0 0 0 standing 
7 581 449 620 576 72270 0 0 1 standing 
7 571 449 607 578 72271 0 0 1 standing 
7 561 449 595 580 72272 0 0 0 standing 
7 549 450 583 581 72273 0 0 1 standing 
7 537 451 571 582 72274 0 0 1 standing 
7 525 452 559 583 72275 0 0 0 standing 
7 511 449 545 582 72276 0 0 1 standing 
7 497 446 531 581 72277 0 0 1 standing 
7 483 443 517 581 72278 0 0 1 standing 
7 469 440 503 580 72279 0 0 1 standing 
8 967 443 1027 537 72260 0 0 0 standing 
8 964 442 1031 536 72261 0 0 1 waiting 
8 961 441 1036 535 72262 0 0 1 waiting 
8 958 440 1041 534 72263 0 0 0 waiting 
8 954 439 1035 533 72264 0 0 1 waiting 
8 950 438 1029 532 72265 0 0 1 waiting 
8 946 438 1023 532 72266 0 0 0 waiting 
8 944 438 1016 532 72267 0 0 1 waiting 
8 942 439 1009 533 72268 0 0 1 waiting 
8 940 440 1003 534 72269 0 0 0 waiting 
8 931 441 995 533 72270 0 0 1 waiting 
8 922 442 987 533 72271 0 0 1 waiting 
8 914 443 979 533 72272 0 0 0 waiting 
8 900 442 963 532 72273 0 0 1 waiting 
8 886 442 947 531 72274 0 0 1 waiting 
8 873 442 932 531 72275 0 0 0 waiting 
8 859 440 918 530 72276 0 0 1 waiting 
8 845 438 904 529 72277 0 0 1 waiting 
8 831 436 890 529 72278 0 0 1 waiting 
8 817 434 876 528 72279 0 0 1 waiting 
9 1089 481 1147 583 72260 0 0 0 waiting 
9 1086 479 1142 582 72261 0 0 1 waiting 
9 1083 477 1137 581 72262 0 0 1 waiting 
9 1080 475 1133 581 72263 0 0 0 waiting 
9 1077 475 1130 581 72264 0 0 1 waiting 
9 1074 475 1127 581 72265 0 0 1 waiting 
9 1071 475 1124 581 72266 0 0 0 waiting 
9 1063 477 1120 582 72267 0 0 1 waiting 
9 1055 479 1116 584 72268 0 0 1 waiting 
9 1048 481 1113 586 72269 0 0 0 waiting 
9 1039 483 1104 586 72270 0 0 1 waiting 
9 1030 485 1095 586 72271 0 0 1 waiting 
9 1022 487 1086 586 72272 0 0 0 waiting 
9 1007 487 1071 586 72273 0 0 1 waiting 
9 992 487 1056 587 72274 0 0 1 waiting 
9 978 488 1042 588 72275 0 0 0 waiting 
9 966 487 1027 586 72276 0 0 1 waiting 
9 954 487 1013 584 72277 0 0 1 waiting 
9 942 487 999 583 72278 0 0 1 waiting 
9 930 487 985 581 72279 0 0 1 waiting 
10 487 469 560 574 72260 0 0 0 waiting 
10 488 469 556 573 72261 0 0 1 spiking 
10 489 469 552 572 72262 0 0 1 spiking 
10 490 469 549 572 72263 0 0 0 spiking 
10 482 469 543 573 72264 0 0 1 spiking 
10 474 469 537 575 72265 0 0 1 spiking 
10 467 469 532 577 72266 0 0 0 spiking 
10 457 467 522 579 72267 0 0 1 spiking 
10 448 465 512 581 72268 0 0 1 spiking 
10 439 464 503 583 72269 0 0 0 spiking 
10 427 465 491 584 72270 0 0 1 spiking 
10 415 466 479 585 72271 0 0 1 spiking 
10 403 467 467 586 72272 0 0 0 spiking 
10 387 467 451 586 72273 0 0 1 spiking 
10 371 467 435 587 72274 0 0 1 spiking 
10 355 468 419 588 72275 0 0 0 spiking 
10 340 468 404 588 72276 0 0 1 spiking 
10 326 469 390 589 72277 0 0 1 spiking 
10 311 469 375 589 72278 0 0 1 spiking 
10 297 470 361 590 72279 0 0 1 spiking 
11 231 558 302 688 72260 0 0 0 spiking 
11 227 555 298 687 72261 0 0 1 standing 
11 223 552 294 686 72262 0 0 1 standing 
11 220 550 291 685 72263 0 0 0 standing 
11 217 546 284 681 72264 0 0 1 standing 
11 215 542 278 677 72265 0 0 1 standing 
11 213 538 272 673 72266 0 0 0 standing 
11 209 532 263 669 72267 0 0 1 standing 
11 205 526 255 665 72268 0 0 1 standing 
11 201 520 247 662 72269 0 0 0 standing 
11 191 519 238 661 72270 0 0 1 standing 
11 182 518 229 660 72271 0 0 1 standing 
11 173 518 220 660 72272 0 0 0 standing 
11 162 518 207 656 72273 0 0 1 standing 
11 152 519 195 653 72274 0 0 1 standing 
11 142 520 183 650 72275 0 0 0 standing 
11 127 521 172 651 72276 0 0 1 standing 
11 113 522 161 652 72277 0 0 1 standing 
11 98 523 150 654 72278 0 0 1 standing 
11 84 524 139 655 72279 0 0 1 standing 
