0 998 376 1065 491 5625 0 1 0 standing 
0 991 376 1058 492 5626 0 1 1 standing 
0 984 377 1051 493 5627 0 1 1 standing 
0 977 378 1044 494 5628 0 1 1 standing 
0 970 378 1037 495 5629 0 1 1 standing 
0 964 379 1030 497 5630 0 1 1 standing 
0 957 380 1023 498 5631 0 1 1 standing 
0 950 380 1016 499 5632 0 1 1 standing 
0 943 381 1009 500 5633 0 1 1 standing 
0 936 382 1002 501 5634 0 1 1 standing 
0 930 383 996 503 5635 0 1 0 standing 
0 926 382 991 503 5636 0 1 1 standing 
0 922 381 987 503 5637 0 1 1 standing 
0 918 380 983 503 5638 0 1 1 standing 
0 914 379 979 504 5639 0 1 1 standing 
0 910 379 975 504 5640 0 1 1 standing 
0 906 378 971 504 5641 0 1 1 standing 
0 902 377 967 505 5642 0 1 1 standing 
0 898 376 963 505 5643 0 1 1 standing 
0 894 375 959 505 5644 0 1 1 standing 
1 958 476 1044 621 5625 0 1 0 standing 
1 953 477 1041 621 5626 0 1 1 standing 
1 949 479 1039 622 5627 0 1 1 standing 
1 944 480 1037 623 5628 0 1 1 standing 
1 940 482 1034 624 5629 0 1 1 standing 
1 935 484 1032 625 5630 0 1 1 standing 
1 931 485 1030 626 5631 0 1 1 standing 
1 926 487 1027 627 5632 0 1 1 standing 
1 922 488 1025 628 5633 0 1 1 standing 
1 917 490 1023 629 5634 0 1 1 standing 
1 913 492 1021 630 5635 0 1 0 standing 
1 907 489 1017 626 5636 0 1 1 standing 
1 901 487 1013 623 5637 0 1 1 standing 
1 895 484 1009 620 5638 0 1 1 standing 
1 890 482 1005 617 5639 0 1 0 standing 
1 887 481 995 616 5640 0 1 1 standing 
1 884 480 986 615 5641 0 1 1 standing 
1 882 479 977 614 5642 0 1 1 standing 
1 879 478 967 613 5643 0 1 1 standing 
1 876 477 958 612 5644 0 1 1 standing 
2 787 322 835 465 5625 0 1 0 standing 
2 790 317 839 459 5626 0 1 1 setting 
2 794 313 843 454 5627 0 1 1 setting 
2 798 309 847 449 5628 0 1 1 setting 
2 802 305 852 444 5629 0 1 0 setting 
2 806 306 856 445 5630 0 1 1 setting 
2 810 308 861 446 5631 0 1 1 setting 
2 815 310 866 447 5632 0 1 1 setting 
2 819 312 870 448 5633 0 1 1 setting 
2 823 314 875 449 5634 0 1 1 setting 
2 828 316 880 450 5635 0 1 0 setting 
2 829 317 882 449 5636 0 1 1 setting 
2 831 319 885 449 5637 0 1 1 setting 
2 832 321 888 449 5638 0 1 1 setting 
2 834 323 891 449 5639 0 1 1 setting 
2 835 325 894 449 5640 0 1 1 setting 
2 837 326 897 448 5641 0 1 1 setting 
2 838 328 900 448 5642 0 1 1 setting 
2 840 330 903 448 5643 0 1 1 setting 
2 841 332 906 448 5644 0 1 1 setting 
3 1012 407 1062 538 5625 0 0 0 setting 
3 1016 407 1066 538 5626 0 0 1 standing 
3 1020 407 1071 538 5627 0 0 1 standing 
3 1025 407 1076 538 5628 0 0 0 standing 
3 1027 406 1078 537 5629 0 0 1 standing 
3 1030 405 1081 536 5630 0 0 1 standing 
3 1033 405 1084 536 5631 0 0 0 standing 
3 1039 404 1090 535 5632 0 0 1 standing 
3 1045 403 1096 534 5633 0 0 1 standing 
3 1051 403 1102 534 5634 0 0 0 standing 
3 1055 403 1106 534 5635 0 0 1 standing 
3 1059 403 1110 534 5636 0 0 1 standing 
3 1064 404 1115 535 5637 0 0 0 standing 
3 1070 403 1121 534 5638 0 0 1 standing 
3 1076 403 1127 534 5639 0 0 1 standing 
3 1082 403 1133 534 5640 0 0 0 standing 
3 1089 402 1140 534 5641 0 0 1 standing 
3 1096 401 1147 534 5642 0 0 1 standing 
3 1103 401 1154 534 5643 0 0 1 standing 
3 1110 400 1161 534 5644 0 0 1 standing 
4 832 259 903 370 5625 0 0 0 standing 
4 834 260 903 370 5626 0 0 1 standing 
4 837 262 904 370 5627 0 0 1 standing 
4 840 264 904 371 5628 0 0 1 standing 
4 842 266 905 371 5629 0 0 1 standing 
4 845 268 905 371 5630 0 0 1 standing 
4 848 270 906 372 5631 0 0 0 standing 
4 853 271 911 371 5632 0 0 1 standing 
4 858 273 916 371 5633 0 0 1 standing 
4 863 275 921 371 5634 0 0 0 standing 
4 859 274 927 369 5635 0 0 1 standing 
4 856 273 933 368 5636 0 0 1 standing 
4 853 272 940 367 5637 0 0 0 standing 
4 849 270 941 366 5638 0 0 1 standing 
4 845 269 942 366 5639 0 0 1 standing 
4 842 268 944 366 5640 0 0 0 standing 
4 845 269 939 365 5641 0 0 1 standing 
4 848 270 935 365 5642 0 0 1 standing 
4 852 271 930 364 5643 0 0 1 standing 
4 855 272 926 364 5644 0 0 1 standing 
5 833 319 908 426 5625 0 0 0 standing 
5 830 318 902 428 5626 0 0 1 moving 
5 827 317 896 430 5627 0 0 1 moving 
5 824 317 891 432 5628 0 0 0 moving 
5 829 316 890 431 5629 0 0 1 moving 
5 834 316 889 430 5630 0 0 1 moving 
5 839 316 889 430 5631 0 0 0 moving 
5 840 316 890 430 5632 0 0 1 moving 
5 841 316 891 430 5633 0 0 1 moving 
5 842 316 892 430 5634 0 0 0 moving 
5 845 315 895 429 5635 0 0 1 moving 
5 848 314 898 428 5636 0 0 1 moving 
5 851 314 901 428 5637 0 0 0 moving 
5 849 319 901 433 5638 0 0 1 moving 
5 848 324 901 438 5639 0 0 1 moving 
5 847 329 902 443 5640 0 0 0 moving 
5 846 329 903 443 5641 0 0 1 moving 
5 846 330 904 444 5642 0 0 1 moving 
5 845 330 905 445 5643 0 0 1 moving 
5 845 331 906 446 5644 0 0 1 moving 
6 147 397 213 496 5625 0 0 0 moving 
6 151 395 218 495 5626 0 0 1 waiting 
6 156 393 223 495 5627 0 0 1 waiting 
6 161 392 228 495 5628 0 0 0 waiting 
6 165 390 232 493 5629 0 0 1 waiting 
6 169 388 236 491 5630 0 0 1 waiting 
6 174 387 241 490 5631 0 0 0 waiting 
6 178 386 245 490 5632 0 0 1 waiting 
6 183 386 249 491 5633 0 0 1 waiting 
6 188 386 254 492 5634 0 0 0 waiting 
6 193 385 260 491 5635 0 0 1 waiting 
6 199 384 266 490 5636 0 0 1 waiting 
6 205 383 272 490 5637 0 0 0 waiting 
6 210 382 275 488 5638 0 0 1 waiting 
6 215 381 278 487 5639 0 0 1 waiting 
6 221 380 281 486 5640 0 0 0 waiting 
6 226 378 285 484 5641 0 0 1 waiting 
6 231 376 290 482 5642 0 0 1 waiting 
6 236 374 295 481 5643 0 0 1 waiting 
6 241 372 300 479 5644 0 0 1 waiting 
7 284 347 342 439 5625 0 0 0 waiting 
7 289 345 348 437 5626 0 0 1 waiting 
7 295 344 354 436 5627 0 0 1 waiting 
7 301 343 360 435 5628 0 0 0 waiting 
7 305 342 364 434 5629 0 0 1 waiting 
7 309 342 368 433 5630 0 0 1 waiting 
7 314 342 373 433 5631 0 0 0 waiting 
7 319 341 377 434 5632 0 0 1 waiting 
7 324 340 381 435 5633 0 0 1 waiting 
7 330 340 386 436 5634 0 0 0 waiting 
7 335 338 391 434 5635 0 0 1 waiting 
7 340 336 396 432 5636 0 0 1 waiting 
7 346 335 402 431 5637 0 0 0 waiting 
7 352 333 408 429 5638 0 0 1 waiting 
7 358 332 414 428 5639 0 0 1 waiting 
7 365 331 421 427 5640 0 0 0 waiting 
7 371 330 428 426 5641 0 0 1 waiting 
7 377 329 435 426 5642 0 0 1 waiting 
7 384 328 442 426 5643 0 0 1 waiting 
7 390 327 449 426 5644 0 0 1 waiting 
8 295 463 390 583 5625 0 0 0 waiting 
8 300 463 394 581 5626 0 0 1 waiting 
8 305 463 399 580 5627 0 0 1 waiting 
8 310 463 404 579 5628 0 0 0 waiting 
8 314 463 408 579 5629 0 0 1 waiting 
8 318 464 412 580 5630 0 0 1 waiting 
8 323 465 417 581 5631 0 0 0 waiting 
8 327 463 417 578 5632 0 0 1 waiting 
8 331 461 417 576 5633 0 0 1 waiting 
8 335 459 418 574 5634 0 0 0 waiting 
8 337 457 420 574 5635 0 0 1 waiting 
8 339 456 422 574 5636 0 0 1 waiting 
8 341 455 425 574 5637 0 0 0 waiting 
8 339 454 424 573 5638 0 0 1 waiting 
8 338 454 423 573 5639 0 0 1 waiting 
8 337 453 422 572 5640 0 0 1 waiting 
8 336 453 422 572 5641 0 0 1 waiting 
8 334 452 421 571 5642 0 0 1 waiting 
8 333 452 420 571 5643 0 0 1 waiting 
8 332 451 419 570 5644 0 0 1 waiting 
9 602 410 655 535 5625 0 0 0 waiting 
9 609 410 661 536 5626 0 0 1 standing 
9 616 411 668 537 5627 0 0 1 standing 
9 623 412 675 538 5628 0 0 0 standing 
9 625 412 677 538 5629 0 0 1 standing 
9 627 413 679 539 5630 0 0 1 standing 
9 629 414 681 540 5631 0 0 0 standing 
9 634 415 686 539 5632 0 0 1 standing 
9 640 417 691 538 5633 0 0 1 standing 
9 646 419 697 538 5634 0 0 0 standing 
9 650 424 701 537 5635 0 0 1 standing 
9 655 429 705 537 5636 0 0 1 standing 
9 660 434 710 537 5637 0 0 0 standing 
9 661 433 716 541 5638 0 0 1 standing 
9 663 432 722 546 5639 0 0 1 standing 
9 665 432 729 551 5640 0 0 0 standing 
9 673 436 734 555 5641 0 0 1 standing 
9 681 440 740 560 5642 0 0 1 standing 
9 689 444 745 564 5643 0 0 1 standing 
9 697 448 751 569 5644 0 0 1 standing 
10 601 367 655 497 5625 0 0 0 standing 
10 606 367 660 497 5626 0 0 1 standing 
10 611 367 665 497 5627 0 0 1 standing 
10 616 368 670 498 5628 0 0 0 standing 
10 620 367 674 497 5629 0 0 1 standing 
10 624 366 679 496 5630 0 0 1 standing 
10 629 366 684 496 5631 0 0 0 standing 
10 633 366 688 493 5632 0 0 1 standing 
10 638 366 693 490 5633 0 0 1 standing 
10 643 367 698 487 5634 0 0 0 standing 
10 648 369 703 485 5635 0 0 1 standing 
10 653 371 708 483 5636 0 0 1 standing 
10 659 373 714 481 5637 0 0 0 standing 
10 664 375 719 483 5638 0 0 1 standing 
10 669 378 724 486 5639 0 0 1 standing 
10 675 381 730 489 5640 0 0 0 standing 
10 680 382 735 492 5641 0 0 1 standing 
10 686 383 741 496 5642 0 0 1 standing 
10 692 385 746 499 5643 0 0 1 standing 
10 698 386 752 503 5644 0 0 1 standing 
11 596 328 654 435 5625 0 0 0 standing 
11 601 328 659 435 5626 0 0 1 standing 
11 606 328 664 435 5627 0 0 1 standing 
11 612 329 670 436 5628 0 0 0 standing 
11 615 329 673 436 5629 0 0 1 standing 
11 618 329 676 436 5630 0 0 1 standing 
11 622 330 680 437 5631 0 0 0 standing 
11 626 330 684 437 5632 0 0 1 standing 
11 630 330 688 437 5633 0 0 1 standing 
11 634 330 692 437 5634 0 0 0 standing 
11 639 330 697 437 5635 0 0 1 standing 
11 645 331 703 438 5636 0 0 1 standing 
11 651 332 709 439 5637 0 0 0 standing 
11 655 332 713 439 5638 0 0 1 standing 
11 659 332 717 439 5639 0 0 1 standing 
11 664 332 722 439 5640 0 0 0 standing 
11 665 332 727 434 5641 0 0 1 standing 
11 666 332 733 429 5642 0 0 1 standing 
11 668 333 738 425 5643 0 0 1 standing 
11 669 333 744 420 5644 0 0 1 standing 
