0 975 340 1036 443 4055 0 1 0 moving 
0 955 336 1016 441 4056 0 1 1 moving 
0 936 332 996 439 4057 0 1 1 moving 
0 917 328 976 437 4058 0 1 0 moving 
0 901 324 960 435 4059 0 1 1 moving 
0 885 320 944 433 4060 0 1 1 moving 
0 870 316 928 431 4061 0 1 0 moving 
0 860 313 916 430 4062 0 1 1 moving 
0 850 311 904 429 4063 0 1 1 moving 
0 841 309 893 428 4064 0 1 0 moving 
0 840 308 891 427 4065 0 1 1 moving 
0 840 307 889 426 4066 0 1 1 moving 
0 840 307 888 425 4067 0 1 1 moving 
0 839 306 886 424 4068 0 1 1 moving 
0 839 305 884 423 4069 0 1 1 moving 
0 839 305 883 423 4070 0 1 0 moving 
0 840 306 889 423 4071 0 1 1 moving 
0 841 307 895 423 4072 0 1 1 moving 
0 843 308 901 423 4073 0 1 1 moving 
0 844 309 907 423 4074 0 1 1 moving 
1 1043 446 1101 573 4055 0 0 0 moving 
1 1023 444 1079 571 4056 0 0 1 standing 
1 1003 442 1058 569 4057 0 0 1 standing 
1 983 441 1037 568 4058 0 0 0 standing 
1 968 440 1020 568 4059 0 0 1 standing 
1 953 440 1004 568 4060 0 0 1 standing 
1 939 440 988 568 4061 0 0 0 standing 
1 928 437 977 565 4062 0 0 1 standing 
1 918 435 967 563 4063 0 0 1 standing 
1 908 433 957 561 4064 0 0 0 standing 
1 899 434 951 564 4065 0 0 1 standing 
1 890 436 945 567 4066 0 0 1 standing 
1 881 438 939 571 4067 0 0 0 standing 
1 881 443 939 578 4068 0 0 1 standing 
1 882 448 940 585 4069 0 0 1 standing 
1 883 453 941 592 4070 0 0 0 standing 
1 884 455 942 596 4071 0 0 1 standing 
1 886 457 944 600 4072 0 0 1 standing 
1 887 459 946 604 4073 0 0 1 standing 
1 889 461 948 608 4074 0 0 1 standing 
2 1056 400 1096 505 4055 0 0 0 standing 
2 1034 397 1074 502 4056 0 0 1 waiting 
2 1013 394 1053 499 4057 0 0 1 waiting 
2 992 392 1032 497 4058 0 0 0 waiting 
2 976 390 1016 495 4059 0 0 1 waiting 
2 960 388 1000 493 4060 0 0 1 waiting 
2 944 386 984 491 4061 0 0 0 waiting 
2 931 383 971 488 4062 0 0 1 waiting 
2 918 381 958 486 4063 0 0 1 waiting 
2 905 379 945 484 4064 0 0 0 waiting 
2 897 378 937 483 4065 0 0 1 waiting 
2 889 377 929 482 4066 0 0 1 waiting 
2 882 376 922 481 4067 0 0 0 waiting 
2 882 376 922 481 4068 0 0 1 waiting 
2 882 376 922 481 4069 0 0 1 waiting 
2 882 376 922 481 4070 0 0 1 waiting 
2 882 376 922 481 4071 0 0 1 waiting 
2 882 376 922 481 4072 0 0 1 waiting 
2 882 376 922 481 4073 0 0 1 waiting 
2 882 376 922 481 4074 0 0 1 waiting 
3 1208 356 1271 474 4055 0 0 0 waiting 
3 1183 355 1251 470 4056 0 0 1 moving 
3 1158 354 1231 466 4057 0 0 1 moving 
3 1133 354 1212 463 4058 0 0 0 moving 
3 1114 350 1193 459 4059 0 0 1 moving 
3 1095 347 1174 456 4060 0 0 1 moving 
3 1077 344 1156 453 4061 0 0 0 moving 
3 1060 342 1136 452 4062 0 0 1 moving 
3 1043 340 1116 451 4063 0 0 1 moving 
3 1027 338 1097 450 4064 0 0 0 moving 
3 1017 336 1080 452 4065 0 0 1 moving 
3 1007 334 1063 454 4066 0 0 1 moving 
3 997 333 1047 456 4067 0 0 0 moving 
3 990 334 1043 457 4068 0 0 1 moving 
3 983 336 1039 458 4069 0 0 1 moving 
3 977 338 1036 460 4070 0 0 0 moving 
3 975 338 1036 459 4071 0 0 1 moving 
3 974 338 1037 459 4072 0 0 1 moving 
3 973 338 1037 459 4073 0 0 1 moving 
3 972 338 1038 459 4074 0 0 1 moving 
4 781 309 857 431 4055 0 0 0 moving 
4 768 306 838 429 4056 0 0 1 moving 
4 755 304 820 427 4057 0 0 1 moving 
4 743 302 802 425 4058 0 0 0 moving 
4 730 302 789 425 4059 0 0 1 moving 
4 718 302 777 425 4060 0 0 1 moving 
4 706 303 765 426 4061 0 0 0 moving 
4 698 302 760 425 4062 0 0 1 moving 
4 690 301 755 424 4063 0 0 1 moving 
4 682 301 751 424 4064 0 0 0 moving 
4 676 301 746 424 4065 0 0 1 moving 
4 670 301 741 424 4066 0 0 1 moving 
4 664 302 737 424 4067 0 0 0 moving 
4 665 298 733 420 4068 0 0 1 moving 
4 666 294 729 416 4069 0 0 1 moving 
4 667 291 726 413 4070 0 0 0 moving 
4 668 291 726 412 4071 0 0 1 moving 
4 669 291 726 412 4072 0 0 1 moving 
4 670 292 727 411 4073 0 0 1 moving 
4 671 292 727 411 4074 0 0 1 moving 
5 658 336 712 459 4055 0 0 0 moving 
5 639 335 690 458 4056 0 0 1 standing 
5 620 334 669 458 4057 0 0 1 standing 
5 601 334 648 458 4058 0 0 0 standing 
5 585 334 632 458 4059 0 0 1 standing 
5 569 334 616 458 4060 0 0 1 standing 
5 553 335 601 459 4061 0 0 0 standing 
5 540 335 588 459 4062 0 0 1 standing 
5 528 335 576 459 4063 0 0 1 standing 
5 516 336 564 460 4064 0 0 0 standing 
5 508 333 553 456 4065 0 0 1 standing 
5 501 331 542 452 4066 0 0 1 standing 
5 494 329 532 448 4067 0 0 0 standing 
5 491 333 533 449 4068 0 0 1 standing 
5 489 337 534 450 4069 0 0 1 standing 
5 487 341 536 451 4070 0 0 0 standing 
5 487 340 536 450 4071 0 0 1 standing 
5 488 339 537 449 4072 0 0 1 standing 
5 489 339 537 448 4073 0 0 1 standing 
5 490 338 538 447 4074 0 0 1 standing 
6 553 384 612 515 4055 0 0 0 standing 
6 533 385 590 515 4056 0 0 1 standing 
6 513 386 568 515 4057 0 0 1 standing 
6 494 388 547 515 4058 0 0 0 standing 
6 481 389 531 516 4059 0 0 1 standing 
6 468 391 515 518 4060 0 0 1 standing 
6 455 393 500 520 4061 0 0 0 standing 
6 444 395 489 522 4062 0 0 1 standing 
6 434 397 479 525 4063 0 0 1 standing 
6 424 400 469 528 4064 0 0 0 standing 
6 419 401 460 531 4065 0 0 1 standing 
6 414 402 451 534 4066 0 0 1 standing 
6 409 404 442 538 4067 0 0 0 standing 
6 406 403 442 537 4068 0 0 1 standing 
6 403 403 442 536 4069 0 0 1 standing 
6 400 403 442 536 4070 0 0 0 standing 
6 402 404 443 536 4071 0 0 1 standing 
6 404 405 445 537 4072 0 0 1 standing 
6 406 406 446 538 4073 0 0 1 standing 
6 408 407 448 539 4074 0 0 1 standing 
7 592 356 641 494 4055 0 0 0 standing 
7 568 364 616 496 4056 0 0 1 standing 
7 544 372 592 498 4057 0 0 1 standing 
7 520 380 568 500 4058 0 0 0 standing 
7 505 379 553 499 4059 0 0 1 standing 
7 490 378 538 498 4060 0 0 1 standing 
7 475 378 523 497 4061 0 0 0 standing 
7 462 372 510 491 4062 0 0 1 standing 
7 449 367 498 486 4063 0 0 1 standing 
7 437 362 486 481 4064 0 0 0 standing 
7 431 365 480 484 4065 0 0 1 standing 
7 425 369 474 488 4066 0 0 1 standing 
7 419 373 468 492 4067 0 0 0 standing 
7 417 371 466 490 4068 0 0 1 standing 
7 416 369 465 488 4069 0 0 1 standing 
7 415 367 464 486 4070 0 0 0 standing 
7 415 367 464 486 4071 0 0 1 standing 
7 415 367 464 486 4072 0 0 1 standing 
7 415 367 464 486 4073 0 0 1 standing 
7 415 367 464 486 4074 0 0 1 standing 
8 592 333 637 458 4055 0 0 0 standing 
8 571 333 616 458 4056 0 0 1 standing 
8 551 333 595 458 4057 0 0 1 standing 
8 531 334 575 459 4058 0 0 0 standing 
8 513 335 557 460 4059 0 0 1 standing 
8 495 337 539 462 4060 0 0 1 standing 
8 478 339 522 464 4061 0 0 0 standing 
8 467 338 511 463 4062 0 0 1 standing 
8 456 337 500 462 4063 0 0 1 standing 
8 445 336 489 461 4064 0 0 0 standing 
8 436 335 480 460 4065 0 0 1 standing 
8 427 335 471 460 4066 0 0 1 standing 
8 418 335 462 460 4067 0 0 0 standing 
8 417 335 461 460 4068 0 0 1 standing 
8 417 335 461 460 4069 0 0 1 standing 
8 417 335 461 460 4070 0 0 1 standing 
8 417 335 461 460 4071 0 0 1 standing 
8 416 335 460 460 4072 0 0 1 standing 
8 416 335 460 460 4073 0 0 1 standing 
8 416 335 460 460 4074 0 0 1 standing 
9 348 363 401 503 4055 0 0 0 standing 
9 326 365 379 505 4056 0 0 1 standing 
9 305 367 358 507 4057 0 0 1 standing 
9 284 369 337 509 4058 0 0 0 standing 
9 265 372 318 511 4059 0 0 1 standing 
9 246 375 299 514 4060 0 0 1 standing 
9 227 378 281 517 4061 0 0 0 standing 
9 213 380 267 520 4062 0 0 1 standing 
9 199 382 253 524 4063 0 0 1 standing 
9 186 384 239 528 4064 0 0 0 standing 
9 178 386 231 530 4065 0 0 1 standing 
9 170 388 223 532 4066 0 0 1 standing 
9 163 391 216 535 4067 0 0 0 standing 
9 160 391 212 535 4068 0 0 1 standing 
9 157 391 208 535 4069 0 0 1 standing 
9 155 392 204 535 4070 0 0 0 standing 
9 155 393 204 538 4071 0 0 1 standing 
9 155 395 205 542 4072 0 0 1 standing 
9 155 396 206 545 4073 0 0 1 standing 
9 155 398 207 549 4074 0 0 1 standing 
10 369 346 429 431 4055 0 0 0 standing 
10 350 346 410 431 4056 0 0 1 standing 
10 331 346 391 431 4057 0 0 1 standing 
10 313 347 372 432 4058 0 0 0 standing 
10 294 348 353 433 4059 0 0 1 standing 
10 275 349 334 434 4060 0 0 1 standing 
10 256 350 315 435 4061 0 0 0 standing 
10 243 350 300 435 4062 0 0 1 standing 
10 230 350 286 435 4063 0 0 1 standing 
10 218 351 272 435 4064 0 0 0 standing 
10 210 351 264 435 4065 0 0 1 standing 
10 202 352 256 436 4066 0 0 1 standing 
10 194 353 248 437 4067 0 0 0 standing 
10 190 353 244 437 4068 0 0 1 standing 
10 187 353 241 437 4069 0 0 1 standing 
10 184 353 238 437 4070 0 0 0 standing 
10 187 352 241 438 4071 0 0 1 standing 
10 190 351 244 439 4072 0 0 1 standing 
10 194 350 248 440 4073 0 0 1 standing 
10 197 349 251 441 4074 0 0 1 standing 
11 13 421 78 556 4055 1 0 0 standing 
11 13 421 78 556 4056 1 0 1 standing 
11 13 421 78 556 4057 1 0 1 standing 
11 13 421 78 556 4058 1 0 0 standing 
11 13 421 78 556 4059 1 0 1 standing 
11 13 421 78 556 4060 1 0 1 standing 
11 13 421 78 556 4061 1 0 1 standing 
11 13 421 78 556 4062 1 0 1 standing 
11 13 421 78 556 4063 1 0 1 standing 
11 13 421 78 556 4064 1 0 1 standing 
11 13 421 78 556 4065 1 0 1 standing 
11 13 421 78 556 4066 1 0 1 standing 
11 13 421 78 556 4067 1 0 1 standing 
11 13 421 78 556 4068 1 0 1 standing 
11 13 421 78 556 4069 1 0 1 standing 
11 13 421 78 556 4070 1 0 1 standing 
11 13 421 78 556 4071 1 0 1 standing 
11 13 421 78 556 4072 1 0 1 standing 
11 13 421 78 556 4073 1 0 1 standing 
11 13 421 78 556 4074 1 0 1 standing 
