0 1064 319 1115 400 4330 0 1 0 falling 
0 1056 322 1109 400 4331 0 1 1 falling 
0 1049 325 1103 401 4332 0 1 1 falling 
0 1041 328 1097 401 4333 0 1 1 falling 
0 1034 331 1091 402 4334 0 1 1 falling 
0 1027 335 1085 402 4335 0 1 1 falling 
0 1019 338 1079 403 4336 0 1 1 falling 
0 1012 341 1073 403 4337 0 1 1 falling 
0 1004 344 1067 404 4338 0 1 1 falling 
0 997 347 1061 404 4339 0 1 1 falling 
0 990 351 1056 405 4340 0 1 0 falling 
0 991 351 1057 407 4341 0 1 1 falling 
0 993 352 1059 409 4342 0 1 1 falling 
0 995 353 1061 411 4343 0 1 1 falling 
0 997 353 1062 413 4344 0 1 1 falling 
0 999 354 1064 415 4345 0 1 1 falling 
0 1000 355 1066 417 4346 0 1 1 falling 
0 1002 355 1067 419 4347 0 1 1 falling 
0 1004 356 1069 421 4348 0 1 1 falling 
0 1006 357 1071 423 4349 0 1 1 falling 
1 1058 354 1116 452 4330 0 1 0 falling 
1 1046 353 1106 448 4331 0 1 1 falling 
1 1034 352 1097 445 4332 0 1 1 falling 
1 1023 351 1088 442 4333 0 1 1 falling 
1 1011 350 1078 439 4334 0 1 1 falling 
1 1000 349 1069 436 4335 0 1 1 falling 
1 988 348 1060 433 4336 0 1 1 falling 
1 977 348 1051 430 4337 0 1 0 falling 
1 971 348 1047 427 4338 0 1 1 falling 
1 965 348 1043 425 4339 0 1 1 falling 
1 960 348 1040 423 4340 0 1 0 falling 
1 954 347 1032 422 4341 0 1 1 falling 
1 948 346 1024 421 4342 0 1 1 falling 
1 943 345 1016 420 4343 0 1 1 falling 
1 937 344 1008 419 4344 0 1 1 falling 
1 931 343 1000 418 4345 0 1 1 falling 
1 926 343 993 417 4346 0 1 0 falling 
1 924 342 989 416 4347 0 1 1 falling 
1 923 342 986 416 4348 0 1 1 falling 
1 921 341 982 415 4349 0 1 1 falling 
2 1089 395 1137 499 4330 0 0 0 falling 
2 1080 394 1128 498 4331 0 0 1 waiting 
2 1072 394 1119 497 4332 0 0 1 waiting 
2 1064 393 1110 496 4333 0 0 1 waiting 
2 1055 393 1101 495 4334 0 0 1 waiting 
2 1047 392 1092 495 4335 0 0 1 waiting 
2 1039 392 1083 494 4336 0 0 1 waiting 
2 1030 391 1074 493 4337 0 0 1 waiting 
2 1022 391 1065 492 4338 0 0 1 waiting 
2 1014 390 1056 491 4339 0 0 1 waiting 
2 1006 390 1047 491 4340 0 0 0 waiting 
2 1000 387 1041 490 4341 0 0 1 waiting 
2 995 385 1035 489 4342 0 0 1 waiting 
2 990 383 1029 488 4343 0 0 1 waiting 
2 985 381 1024 487 4344 0 0 0 waiting 
2 983 380 1023 487 4345 0 0 1 waiting 
2 982 379 1022 488 4346 0 0 1 waiting 
2 981 378 1021 489 4347 0 0 1 waiting 
2 980 377 1020 490 4348 0 0 1 waiting 
2 979 376 1019 491 4349 0 0 1 waiting 
3 959 266 995 363 4330 0 0 0 waiting 
3 951 265 988 362 4331 0 0 1 standing 
3 944 264 982 361 4332 0 0 1 standing 
3 937 264 975 360 4333 0 0 1 standing 
3 930 263 969 360 4334 0 0 1 standing 
3 923 263 963 359 4335 0 0 1 standing 
3 916 262 956 358 4336 0 0 1 standing 
3 909 261 950 358 4337 0 0 1 standing 
3 902 261 943 357 4338 0 0 1 standing 
3 895 260 937 356 4339 0 0 1 standing 
3 888 260 931 356 4340 0 0 0 standing 
3 887 260 930 355 4341 0 0 1 standing 
3 887 260 929 354 4342 0 0 1 standing 
3 886 260 928 353 4343 0 0 1 standing 
3 886 260 928 353 4344 0 0 0 standing 
3 886 260 928 352 4345 0 0 1 standing 
3 886 260 928 352 4346 0 0 1 standing 
3 887 261 928 352 4347 0 0 1 standing 
3 887 261 928 351 4348 0 0 1 standing 
3 887 261 928 351 4349 0 0 1 standing 
4 890 397 952 507 4330 0 0 0 standing 
4 881 393 944 506 4331 0 0 1 standing 
4 872 389 937 505 4332 0 0 1 standing 
4 863 385 930 504 4333 0 0 1 standing 
4 855 382 923 503 4334 0 0 0 standing 
4 850 379 915 500 4335 0 0 1 standing 
4 846 376 908 497 4336 0 0 1 standing 
4 842 373 901 494 4337 0 0 1 standing 
4 838 370 894 491 4338 0 0 1 standing 
4 834 367 887 488 4339 0 0 1 standing 
4 830 365 880 486 4340 0 0 0 standing 
4 827 364 879 484 4341 0 0 1 standing 
4 825 363 878 483 4342 0 0 1 standing 
4 822 362 877 482 4343 0 0 1 standing 
4 820 362 877 481 4344 0 0 0 standing 
4 820 362 880 480 4345 0 0 1 standing 
4 821 363 884 479 4346 0 0 1 standing 
4 821 363 887 478 4347 0 0 1 standing 
4 822 364 891 477 4348 0 0 1 standing 
4 822 364 894 476 4349 0 0 1 standing 
5 757 327 822 437 4330 0 0 0 standing 
5 744 326 807 436 4331 0 0 1 standing 
5 731 326 792 435 4332 0 0 1 standing 
5 718 326 777 434 4333 0 0 1 standing 
5 705 326 762 433 4334 0 0 0 standing 
5 696 324 753 430 4335 0 0 1 standing 
5 688 322 744 427 4336 0 0 1 standing 
5 679 320 735 424 4337 0 0 1 standing 
5 671 318 726 421 4338 0 0 1 standing 
5 663 317 718 418 4339 0 0 0 standing 
5 656 317 710 418 4340 0 0 1 standing 
5 650 318 703 419 4341 0 0 1 standing 
5 644 319 696 419 4342 0 0 1 standing 
5 638 320 689 420 4343 0 0 1 standing 
5 632 321 682 421 4344 0 0 0 standing 
5 631 320 681 419 4345 0 0 1 standing 
5 630 319 680 418 4346 0 0 1 standing 
5 629 318 679 417 4347 0 0 1 standing 
5 628 317 678 416 4348 0 0 1 standing 
5 627 316 677 415 4349 0 0 1 standing 
6 649 361 701 487 4330 0 0 0 standing 
6 641 361 693 486 4331 0 0 1 standing 
6 634 361 685 486 4332 0 0 1 standing 
6 626 361 677 485 4333 0 0 1 standing 
6 619 361 669 485 4334 0 0 1 standing 
6 611 361 661 484 4335 0 0 1 standing 
6 604 361 653 484 4336 0 0 1 standing 
6 596 361 645 483 4337 0 0 1 standing 
6 589 361 637 483 4338 0 0 1 standing 
6 582 361 629 483 4339 0 0 0 standing 
6 578 361 624 483 4340 0 0 1 standing 
6 574 361 619 483 4341 0 0 1 standing 
6 570 362 614 483 4342 0 0 1 standing 
6 566 362 609 483 4343 0 0 1 standing 
6 563 363 604 484 4344 0 0 0 standing 
6 562 363 604 485 4345 0 0 1 standing 
6 562 364 605 486 4346 0 0 1 standing 
6 562 364 606 487 4347 0 0 1 standing 
6 561 365 607 488 4348 0 0 1 standing 
6 561 365 608 489 4349 0 0 1 standing 
7 477 360 533 473 4330 0 0 0 standing 
7 465 359 518 473 4331 0 0 1 standing 
7 454 358 503 473 4332 0 0 1 standing 
7 443 357 488 473 4333 0 0 1 standing 
7 432 357 474 473 4334 0 0 0 standing 
7 421 358 462 474 4335 0 0 1 standing 
7 410 359 450 476 4336 0 0 1 standing 
7 399 360 438 478 4337 0 0 1 standing 
7 388 361 426 480 4338 0 0 1 standing 
7 378 363 415 482 4339 0 0 0 standing 
7 368 367 408 484 4340 0 0 1 standing 
7 358 371 401 487 4341 0 0 1 standing 
7 349 375 394 489 4342 0 0 1 standing 
7 339 379 387 492 4343 0 0 1 standing 
7 330 383 380 495 4344 0 0 0 standing 
7 329 384 379 495 4345 0 0 1 standing 
7 328 385 378 495 4346 0 0 1 standing 
7 327 387 377 495 4347 0 0 1 standing 
7 326 388 376 495 4348 0 0 1 standing 
7 326 390 375 496 4349 0 0 0 standing 
8 440 335 480 451 4330 0 0 0 standing 
8 429 335 470 450 4331 0 0 1 standing 
8 418 335 460 449 4332 0 0 1 standing 
8 407 335 450 448 4333 0 0 1 standing 
8 397 335 440 447 4334 0 0 1 standing 
8 386 335 431 446 4335 0 0 1 standing 
8 375 335 421 445 4336 0 0 1 standing 
8 365 335 411 444 4337 0 0 1 standing 
8 354 335 401 443 4338 0 0 1 standing 
8 343 335 391 442 4339 0 0 1 standing 
8 333 335 382 442 4340 0 0 0 standing 
8 329 334 377 442 4341 0 0 1 standing 
8 326 333 373 443 4342 0 0 1 standing 
8 323 333 369 443 4343 0 0 1 standing 
8 320 332 365 444 4344 0 0 1 standing 
8 316 332 361 444 4345 0 0 1 standing 
8 313 331 357 445 4346 0 0 1 standing 
8 310 331 353 445 4347 0 0 1 standing 
8 307 330 349 446 4348 0 0 1 standing 
8 304 330 345 447 4349 0 0 0 standing 
9 272 323 318 442 4330 0 0 0 standing 
9 268 326 316 442 4331 0 0 1 standing 
9 265 329 314 442 4332 0 0 1 standing 
9 261 332 312 442 4333 0 0 1 standing 
9 258 335 311 442 4334 0 0 0 standing 
9 255 332 306 441 4335 0 0 1 standing 
9 252 329 302 441 4336 0 0 1 standing 
9 249 326 298 441 4337 0 0 1 standing 
9 246 323 294 441 4338 0 0 1 standing 
9 243 320 290 441 4339 0 0 1 standing 
9 240 318 286 441 4340 0 0 0 standing 
9 240 317 285 439 4341 0 0 1 standing 
9 240 317 284 438 4342 0 0 1 standing 
9 240 316 283 436 4343 0 0 1 standing 
9 240 316 283 435 4344 0 0 0 standing 
9 241 312 284 431 4345 0 0 1 standing 
9 243 309 285 427 4346 0 0 1 standing 
9 245 305 286 423 4347 0 0 1 standing 
9 246 302 287 419 4348 0 0 1 standing 
9 248 298 288 415 4349 0 0 1 standing 
10 649 314 681 431 4330 0 0 0 standing 
10 641 313 674 431 4331 0 0 1 standing 
10 633 312 667 431 4332 0 0 1 standing 
10 625 311 660 431 4333 0 0 1 standing 
10 617 311 653 431 4334 0 0 1 standing 
10 610 310 646 431 4335 0 0 1 standing 
10 602 309 639 431 4336 0 0 1 standing 
10 594 309 632 431 4337 0 0 1 standing 
10 586 308 625 431 4338 0 0 1 standing 
10 578 307 618 431 4339 0 0 1 standing 
10 571 307 611 432 4340 0 0 0 standing 
10 569 307 609 432 4341 0 0 1 standing 
10 567 308 607 433 4342 0 0 1 standing 
10 565 309 605 434 4343 0 0 1 standing 
10 564 310 603 435 4344 0 0 0 standing 
10 562 310 603 436 4345 0 0 1 standing 
10 560 311 603 437 4346 0 0 1 standing 
10 559 312 603 438 4347 0 0 1 standing 
10 557 313 603 439 4348 0 0 1 standing 
10 555 314 603 440 4349 0 0 1 standing 
11 615 321 649 437 4330 0 0 0 standing 
11 607 320 641 435 4331 0 0 1 standing 
11 599 320 634 434 4332 0 0 1 standing 
11 591 319 627 432 4333 0 0 1 standing 
11 583 319 620 431 4334 0 0 0 standing 
11 576 317 613 428 4335 0 0 1 standing 
11 570 316 607 425 4336 0 0 1 standing 
11 564 314 601 423 4337 0 0 1 standing 
11 558 313 595 420 4338 0 0 1 standing 
11 552 311 589 417 4339 0 0 1 standing 
11 546 310 583 415 4340 0 0 0 standing 
11 543 309 578 414 4341 0 0 1 standing 
11 540 308 573 413 4342 0 0 1 standing 
11 537 307 568 412 4343 0 0 1 standing 
11 534 306 564 412 4344 0 0 0 standing 
11 534 306 564 411 4345 0 0 1 standing 
11 535 307 565 410 4346 0 0 1 standing 
11 536 308 565 410 4347 0 0 1 standing 
11 537 308 566 409 4348 0 0 1 standing 
11 538 309 566 408 4349 0 0 1 standing 
