0 151 469 204 592 39190 0 0 0 standing 
0 152 469 205 592 39191 0 0 1 standing 
0 153 470 206 593 39192 0 0 1 standing 
0 154 470 207 593 39193 0 0 1 standing 
0 155 471 208 594 39194 0 0 1 standing 
0 156 472 209 595 39195 0 0 1 standing 
0 157 472 210 595 39196 0 0 1 standing 
0 158 473 211 596 39197 0 0 1 standing 
0 159 473 212 596 39198 0 0 1 standing 
0 160 474 213 597 39199 0 0 1 standing 
0 162 475 215 598 39200 0 0 0 standing 
0 165 475 218 598 39201 0 0 1 standing 
0 169 475 221 598 39202 0 0 1 standing 
0 173 475 224 598 39203 0 0 1 standing 
0 177 475 228 598 39204 0 0 1 standing 
0 181 476 231 598 39205 0 0 1 standing 
0 184 476 234 598 39206 0 0 1 standing 
0 188 476 238 598 39207 0 0 1 standing 
0 192 476 241 598 39208 0 0 1 standing 
0 196 476 244 598 39209 0 0 1 standing 
1 98 363 154 455 39190 0 0 0 standing 
1 99 362 155 454 39191 0 0 1 standing 
1 100 361 156 453 39192 0 0 1 standing 
1 102 361 157 452 39193 0 0 1 standing 
1 103 360 159 452 39194 0 0 1 standing 
1 105 359 160 451 39195 0 0 1 standing 
1 106 359 161 450 39196 0 0 1 standing 
1 108 358 163 450 39197 0 0 1 standing 
1 109 357 164 449 39198 0 0 1 standing 
1 111 357 165 448 39199 0 0 1 standing 
1 112 356 167 448 39200 0 0 1 standing 
1 113 355 168 447 39201 0 0 1 standing 
1 115 355 169 446 39202 0 0 1 standing 
1 116 354 170 445 39203 0 0 1 standing 
1 118 353 172 445 39204 0 0 1 standing 
1 119 353 173 444 39205 0 0 1 standing 
1 121 352 174 443 39206 0 0 1 standing 
1 122 351 176 443 39207 0 0 1 standing 
1 124 351 177 442 39208 0 0 1 standing 
1 125 350 178 441 39209 0 0 1 standing 
2 379 354 417 468 39190 0 0 0 standing 
2 381 353 419 467 39191 0 0 1 standing 
2 383 353 421 467 39192 0 0 1 standing 
2 385 352 423 466 39193 0 0 1 standing 
2 387 352 425 466 39194 0 0 1 standing 
2 390 352 428 466 39195 0 0 1 standing 
2 392 351 430 465 39196 0 0 1 standing 
2 394 351 432 465 39197 0 0 1 standing 
2 396 350 434 464 39198 0 0 1 standing 
2 398 350 436 464 39199 0 0 1 standing 
2 401 350 439 464 39200 0 0 0 standing 
2 404 350 442 464 39201 0 0 1 standing 
2 407 351 446 464 39202 0 0 1 standing 
2 410 351 450 465 39203 0 0 1 standing 
2 413 352 454 465 39204 0 0 1 standing 
2 417 352 458 466 39205 0 0 1 standing 
2 420 353 462 466 39206 0 0 1 standing 
2 423 353 466 466 39207 0 0 1 standing 
2 426 354 470 467 39208 0 0 1 standing 
2 429 354 474 467 39209 0 0 1 standing 
3 388 435 438 569 39190 0 0 0 standing 
3 389 435 439 569 39191 0 0 1 standing 
3 391 435 441 569 39192 0 0 1 standing 
3 392 435 442 569 39193 0 0 1 standing 
3 394 435 444 569 39194 0 0 1 standing 
3 395 435 445 569 39195 0 0 1 standing 
3 397 435 447 569 39196 0 0 1 standing 
3 398 435 448 569 39197 0 0 1 standing 
3 400 435 450 569 39198 0 0 1 standing 
3 401 435 451 569 39199 0 0 1 standing 
3 403 436 453 570 39200 0 0 0 standing 
3 407 436 456 570 39201 0 0 1 standing 
3 411 437 459 570 39202 0 0 1 standing 
3 415 437 462 571 39203 0 0 1 standing 
3 419 438 465 571 39204 0 0 1 standing 
3 424 438 468 572 39205 0 0 1 standing 
3 428 439 471 572 39206 0 0 1 standing 
3 432 439 474 572 39207 0 0 1 standing 
3 436 440 477 573 39208 0 0 1 standing 
3 440 440 480 573 39209 0 0 1 standing 
4 521 429 568 550 39190 0 0 0 standing 
4 523 427 570 548 39191 0 0 1 standing 
4 525 426 572 547 39192 0 0 1 standing 
4 527 425 574 546 39193 0 0 1 standing 
4 529 424 576 545 39194 0 0 1 standing 
4 531 423 578 544 39195 0 0 1 standing 
4 533 422 580 543 39196 0 0 1 standing 
4 535 421 582 542 39197 0 0 1 standing 
4 537 420 584 541 39198 0 0 1 standing 
4 539 419 586 540 39199 0 0 1 standing 
4 542 418 589 539 39200 0 0 0 standing 
4 545 417 592 538 39201 0 0 1 standing 
4 549 416 596 537 39202 0 0 1 standing 
4 553 416 600 536 39203 0 0 1 standing 
4 557 415 604 535 39204 0 0 1 standing 
4 561 415 608 534 39205 0 0 1 standing 
4 565 414 611 533 39206 0 0 1 standing 
4 569 413 615 532 39207 0 0 1 standing 
4 573 413 619 531 39208 0 0 1 standing 
4 577 412 623 530 39209 0 0 1 standing 
5 549 311 583 398 39190 0 0 0 standing 
5 550 311 584 398 39191 0 0 1 standing 
5 552 311 586 398 39192 0 0 1 standing 
5 554 311 588 398 39193 0 0 1 standing 
5 556 311 590 398 39194 0 0 1 standing 
5 558 311 592 398 39195 0 0 1 standing 
5 560 311 594 398 39196 0 0 1 standing 
5 562 311 596 398 39197 0 0 1 standing 
5 564 311 598 398 39198 0 0 1 standing 
5 566 311 600 398 39199 0 0 1 standing 
5 568 311 602 398 39200 0 0 0 standing 
5 569 311 603 398 39201 0 0 1 standing 
5 571 312 605 399 39202 0 0 1 standing 
5 573 313 607 400 39203 0 0 1 standing 
5 575 314 609 401 39204 0 0 1 standing 
5 577 315 611 402 39205 0 0 1 standing 
5 579 315 613 402 39206 0 0 1 standing 
5 581 316 615 403 39207 0 0 1 standing 
5 583 317 617 404 39208 0 0 1 standing 
5 585 318 619 405 39209 0 0 1 standing 
6 738 320 782 417 39190 0 1 0 standing 
6 742 318 786 416 39191 0 1 1 setting 
6 746 317 790 416 39192 0 1 1 setting 
6 750 315 794 415 39193 0 1 1 setting 
6 755 314 798 415 39194 0 1 1 setting 
6 759 313 803 415 39195 0 1 1 setting 
6 763 311 807 414 39196 0 1 1 setting 
6 768 310 811 414 39197 0 1 1 setting 
6 772 308 815 413 39198 0 1 1 setting 
6 776 307 819 413 39199 0 1 1 setting 
6 781 306 824 413 39200 0 1 0 setting 
6 785 307 827 414 39201 0 1 1 setting 
6 790 308 831 415 39202 0 1 1 setting 
6 795 310 835 416 39203 0 1 1 setting 
6 799 311 838 417 39204 0 1 1 setting 
6 804 313 842 418 39205 0 1 1 setting 
6 809 314 846 419 39206 0 1 1 setting 
6 813 315 849 420 39207 0 1 1 setting 
6 818 317 853 421 39208 0 1 1 setting 
6 823 318 857 422 39209 0 1 1 setting 
7 686 562 760 695 39190 0 1 0 setting 
7 690 562 764 695 39191 0 1 1 standing 
7 695 562 769 696 39192 0 1 1 standing 
7 700 562 773 697 39193 0 1 1 standing 
7 704 562 778 698 39194 0 1 1 standing 
7 709 563 783 699 39195 0 1 1 standing 
7 714 563 787 700 39196 0 1 1 standing 
7 718 563 792 701 39197 0 1 1 standing 
7 723 563 796 702 39198 0 1 1 standing 
7 728 563 801 703 39199 0 1 1 standing 
7 733 564 806 704 39200 0 1 0 standing 
7 734 564 807 703 39201 0 1 1 standing 
7 736 564 808 702 39202 0 1 1 standing 
7 738 564 809 701 39203 0 1 1 standing 
7 739 564 811 700 39204 0 1 1 standing 
7 741 564 812 699 39205 0 1 1 standing 
7 743 564 813 698 39206 0 1 1 standing 
7 745 565 815 698 39207 0 1 0 standing 
7 747 565 813 697 39208 0 1 1 standing 
7 749 565 811 697 39209 0 1 1 standing 
8 777 427 835 544 39190 0 0 0 standing 
8 777 427 835 543 39191 0 0 1 standing 
8 777 427 836 543 39192 0 0 1 standing 
8 777 427 836 543 39193 0 0 1 standing 
8 778 427 837 543 39194 0 0 1 standing 
8 778 427 837 543 39195 0 0 1 standing 
8 778 427 838 543 39196 0 0 1 standing 
8 779 427 838 543 39197 0 0 1 standing 
8 779 427 839 543 39198 0 0 1 standing 
8 779 427 839 542 39199 0 0 1 standing 
8 780 427 840 542 39200 0 0 1 standing 
8 780 427 840 542 39201 0 0 1 standing 
8 780 427 841 542 39202 0 0 1 standing 
8 781 427 841 542 39203 0 0 1 standing 
8 781 427 842 542 39204 0 0 1 standing 
8 781 427 842 542 39205 0 0 1 standing 
8 782 427 843 542 39206 0 0 0 standing 
8 782 427 841 542 39207 0 0 1 standing 
8 783 427 839 542 39208 0 0 1 standing 
8 783 427 837 542 39209 0 0 1 standing 
9 71 420 129 539 39190 0 0 1 standing 
9 71 420 128 539 39191 0 0 1 standing 
9 71 420 128 539 39192 0 0 1 standing 
9 72 420 127 539 39193 0 0 1 standing 
9 72 420 126 539 39194 0 0 1 standing 
9 73 420 125 539 39195 0 0 1 standing 
9 73 420 125 539 39196 0 0 1 standing 
9 73 420 124 539 39197 0 0 1 standing 
9 74 420 123 539 39198 0 0 1 standing 
9 74 420 122 539 39199 0 0 1 standing 
9 75 420 122 539 39200 0 0 0 standing 
9 75 420 123 539 39201 0 0 1 standing 
9 75 420 125 539 39202 0 0 1 standing 
9 76 420 127 539 39203 0 0 1 standing 
9 76 420 129 539 39204 0 0 1 standing 
9 77 421 131 539 39205 0 0 1 standing 
9 77 421 132 539 39206 0 0 1 standing 
9 77 421 134 539 39207 0 0 1 standing 
9 78 421 136 539 39208 0 0 1 standing 
9 78 421 138 539 39209 0 0 1 standing 
10 382 405 426 519 39190 0 0 0 standing 
10 383 404 427 518 39191 0 0 1 standing 
10 385 404 429 518 39192 0 0 1 standing 
10 387 404 431 518 39193 0 0 1 standing 
10 389 404 433 518 39194 0 0 1 standing 
10 391 404 435 518 39195 0 0 1 standing 
10 393 403 437 517 39196 0 0 1 standing 
10 395 403 439 517 39197 0 0 1 standing 
10 397 403 441 517 39198 0 0 1 standing 
10 399 403 443 517 39199 0 0 1 standing 
10 401 403 445 517 39200 0 0 0 standing 
10 404 404 448 518 39201 0 0 1 standing 
10 408 406 452 520 39202 0 0 1 standing 
10 411 407 455 521 39203 0 0 1 standing 
10 415 409 459 523 39204 0 0 1 standing 
10 419 410 463 524 39205 0 0 1 standing 
10 422 412 466 526 39206 0 0 1 standing 
10 426 413 470 527 39207 0 0 1 standing 
10 429 415 473 529 39208 0 0 1 standing 
10 433 416 477 530 39209 0 0 1 standing 
11 783 370 837 460 39190 0 0 0 standing 
11 787 370 840 461 39191 0 0 1 standing 
11 791 371 843 462 39192 0 0 1 standing 
11 795 371 846 463 39193 0 0 1 standing 
11 799 372 849 465 39194 0 0 1 standing 
11 803 372 852 466 39195 0 0 1 standing 
11 807 373 855 467 39196 0 0 1 standing 
11 811 373 858 469 39197 0 0 1 standing 
11 815 374 861 470 39198 0 0 1 standing 
11 819 374 864 471 39199 0 0 1 standing 
11 823 375 867 473 39200 0 0 0 standing 
11 825 376 869 473 39201 0 0 1 standing 
11 828 377 872 474 39202 0 0 1 standing 
11 831 378 874 475 39203 0 0 1 standing 
11 833 379 877 476 39204 0 0 1 standing 
11 836 380 880 477 39205 0 0 1 standing 
11 839 381 882 477 39206 0 0 1 standing 
11 841 382 885 478 39207 0 0 1 standing 
11 844 383 887 479 39208 0 0 1 standing 
11 847 384 890 480 39209 0 0 1 standing 
