0 613 380 703 528 140260 0 1 0 setting 
0 613 376 700 526 140261 0 1 1 setting 
0 614 372 698 524 140262 0 1 1 setting 
0 615 368 696 523 140263 0 1 1 setting 
0 616 364 694 521 140264 0 1 1 setting 
0 617 360 692 520 140265 0 1 1 setting 
0 617 356 689 518 140266 0 1 1 setting 
0 618 352 687 516 140267 0 1 1 setting 
0 619 348 685 515 140268 0 1 1 setting 
0 620 344 683 513 140269 0 1 1 setting 
0 621 341 681 512 140270 0 1 0 setting 
0 622 345 682 513 140271 0 1 1 setting 
0 624 350 683 514 140272 0 1 1 setting 
0 625 354 685 515 140273 0 1 1 setting 
0 627 359 686 516 140274 0 1 1 setting 
0 628 364 688 517 140275 0 1 1 setting 
0 630 368 689 518 140276 0 1 1 setting 
0 631 373 690 519 140277 0 1 1 setting 
0 633 377 692 520 140278 0 1 1 setting 
0 634 382 693 521 140279 0 1 1 setting 
1 699 326 756 438 140260 0 1 0 setting 
1 703 326 761 437 140261 0 1 1 standing 
1 707 326 767 436 140262 0 1 1 standing 
1 711 326 773 435 140263 0 1 1 standing 
1 716 326 778 434 140264 0 1 1 standing 
1 720 327 784 433 140265 0 1 1 standing 
1 724 327 790 432 140266 0 1 1 standing 
1 729 327 795 431 140267 0 1 1 standing 
1 733 327 801 430 140268 0 1 1 standing 
1 737 327 807 429 140269 0 1 1 standing 
1 742 328 813 429 140270 0 1 0 standing 
1 743 329 814 430 140271 0 1 1 standing 
1 745 330 816 431 140272 0 1 1 standing 
1 746 331 818 432 140273 0 1 1 standing 
1 748 333 819 433 140274 0 1 1 standing 
1 749 334 821 434 140275 0 1 1 standing 
1 751 335 823 435 140276 0 1 1 standing 
1 752 336 824 436 140277 0 1 1 standing 
1 754 338 826 437 140278 0 1 1 standing 
1 755 339 828 438 140279 0 1 1 standing 
2 1003 387 1091 513 140260 0 0 0 standing 
2 1002 391 1093 513 140261 0 0 1 moving 
2 1001 395 1095 514 140262 0 0 1 moving 
2 1001 400 1097 515 140263 0 0 0 moving 
2 998 401 1091 517 140264 0 0 1 moving 
2 995 403 1086 519 140265 0 0 1 moving 
2 993 405 1081 521 140266 0 0 0 moving 
2 986 404 1077 521 140267 0 0 1 moving 
2 980 403 1074 521 140268 0 0 1 moving 
2 974 403 1071 521 140269 0 0 0 moving 
2 969 402 1069 520 140270 0 0 1 moving 
2 964 401 1067 520 140271 0 0 1 moving 
2 960 401 1066 520 140272 0 0 0 moving 
2 958 402 1059 525 140273 0 0 1 moving 
2 956 403 1052 530 140274 0 0 1 moving 
2 954 405 1045 535 140275 0 0 0 moving 
2 947 403 1038 534 140276 0 0 1 moving 
2 940 401 1031 533 140277 0 0 1 moving 
2 934 399 1024 533 140278 0 0 1 moving 
2 927 397 1017 532 140279 0 0 1 moving 
3 869 425 924 551 140260 0 0 0 moving 
3 869 424 924 551 140261 0 0 1 standing 
3 870 424 925 551 140262 0 0 1 standing 
3 871 424 926 551 140263 0 0 0 standing 
3 872 424 924 552 140264 0 0 1 standing 
3 873 424 922 553 140265 0 0 1 standing 
3 875 425 921 555 140266 0 0 0 standing 
3 875 424 921 557 140267 0 0 1 standing 
3 875 423 921 559 140268 0 0 1 standing 
3 875 423 921 561 140269 0 0 0 standing 
3 877 427 924 562 140270 0 0 1 standing 
3 879 431 927 563 140271 0 0 1 standing 
3 882 435 931 564 140272 0 0 0 standing 
3 883 432 931 564 140273 0 0 1 standing 
3 885 429 932 564 140274 0 0 1 standing 
3 887 427 933 564 140275 0 0 0 standing 
3 889 427 935 564 140276 0 0 1 standing 
3 891 428 937 565 140277 0 0 1 standing 
3 894 428 940 565 140278 0 0 1 standing 
3 896 429 942 566 140279 0 0 1 standing 
4 728 423 800 571 140260 0 0 0 standing 
4 730 424 800 574 140261 0 0 1 standing 
4 732 426 801 577 140262 0 0 1 standing 
4 735 428 802 581 140263 0 0 0 standing 
4 736 432 807 584 140264 0 0 1 standing 
4 738 436 812 587 140265 0 0 1 standing 
4 740 440 817 590 140266 0 0 0 standing 
4 739 443 818 593 140267 0 0 1 standing 
4 738 446 819 596 140268 0 0 1 standing 
4 738 450 820 599 140269 0 0 0 standing 
4 737 447 817 599 140270 0 0 1 standing 
4 736 444 814 600 140271 0 0 1 standing 
4 736 442 811 601 140272 0 0 0 standing 
4 733 441 803 601 140273 0 0 1 standing 
4 731 440 795 601 140274 0 0 1 standing 
4 729 440 787 601 140275 0 0 0 standing 
4 722 443 786 602 140276 0 0 1 standing 
4 715 447 785 604 140277 0 0 1 standing 
4 708 450 784 606 140278 0 0 1 standing 
4 701 454 783 608 140279 0 0 1 standing 
5 739 340 794 465 140260 0 0 0 standing 
5 742 340 797 465 140261 0 0 1 standing 
5 745 340 800 465 140262 0 0 1 standing 
5 749 340 804 465 140263 0 0 0 standing 
5 751 340 804 466 140264 0 0 1 standing 
5 753 340 804 467 140265 0 0 1 standing 
5 756 341 805 468 140266 0 0 0 standing 
5 756 341 805 468 140267 0 0 1 standing 
5 757 341 806 469 140268 0 0 1 standing 
5 758 341 807 470 140269 0 0 1 standing 
5 759 341 807 471 140270 0 0 1 standing 
5 760 341 808 472 140271 0 0 1 standing 
5 761 341 809 473 140272 0 0 0 standing 
5 762 341 810 475 140273 0 0 1 standing 
5 763 341 811 477 140274 0 0 1 standing 
5 765 342 812 480 140275 0 0 0 standing 
5 768 342 815 480 140276 0 0 1 standing 
5 772 343 819 481 140277 0 0 1 standing 
5 776 344 823 482 140278 0 0 0 standing 
5 776 344 823 482 140279 0 0 1 standing 
6 1 420 38 540 140260 0 0 0 standing 
6 0 420 41 540 140261 0 0 1 waiting 
6 0 421 44 540 140262 0 0 1 waiting 
6 0 422 48 541 140263 0 0 0 waiting 
6 0 423 50 541 140264 0 0 1 waiting 
6 0 424 52 541 140265 0 0 1 waiting 
6 0 425 55 542 140266 0 0 0 waiting 
6 0 424 57 541 140267 0 0 1 waiting 
6 0 423 59 541 140268 0 0 1 waiting 
6 1 422 61 541 140269 0 0 0 waiting 
6 3 422 63 541 140270 0 0 1 waiting 
6 5 422 65 541 140271 0 0 1 waiting 
6 8 422 68 541 140272 0 0 0 waiting 
6 8 423 68 540 140273 0 0 1 waiting 
6 8 425 68 540 140274 0 0 1 waiting 
6 9 427 69 540 140275 0 0 0 waiting 
6 10 427 71 540 140276 0 0 1 waiting 
6 11 427 73 541 140277 0 0 1 waiting 
6 12 427 76 542 140278 0 0 1 waiting 
6 13 427 78 543 140279 0 0 1 waiting 
7 107 405 162 554 140260 0 0 0 waiting 
7 114 404 166 553 140261 0 0 1 standing 
7 122 403 170 552 140262 0 0 1 standing 
7 130 402 175 551 140263 0 0 0 standing 
7 134 401 187 553 140264 0 0 1 standing 
7 139 401 199 556 140265 0 0 1 standing 
7 144 401 211 559 140266 0 0 0 standing 
7 150 406 217 564 140267 0 0 1 standing 
7 156 412 224 569 140268 0 0 1 standing 
7 162 418 231 575 140269 0 0 0 standing 
7 166 421 232 578 140270 0 0 1 standing 
7 170 424 233 581 140271 0 0 1 standing 
7 174 428 235 585 140272 0 0 0 standing 
7 176 430 236 585 140273 0 0 1 standing 
7 178 433 237 585 140274 0 0 1 standing 
7 180 436 238 586 140275 0 0 0 standing 
7 179 434 238 586 140276 0 0 1 standing 
7 179 432 238 586 140277 0 0 1 standing 
7 179 431 239 586 140278 0 0 1 standing 
7 179 429 239 586 140279 0 0 1 standing 
8 234 368 282 474 140260 0 0 0 standing 
8 234 367 283 473 140261 0 0 1 standing 
8 234 367 284 472 140262 0 0 1 standing 
8 234 367 285 472 140263 0 0 0 standing 
8 235 367 286 472 140264 0 0 1 standing 
8 236 368 287 473 140265 0 0 1 standing 
8 238 369 289 474 140266 0 0 0 standing 
8 237 368 288 473 140267 0 0 1 standing 
8 237 368 288 473 140268 0 0 1 standing 
8 237 368 288 473 140269 0 0 0 standing 
8 238 367 288 472 140270 0 0 1 standing 
8 239 366 289 471 140271 0 0 1 standing 
8 241 366 290 471 140272 0 0 0 standing 
8 237 365 289 471 140273 0 0 1 standing 
8 233 365 288 471 140274 0 0 1 standing 
8 229 365 287 471 140275 0 0 0 standing 
8 229 365 287 471 140276 0 0 1 standing 
8 229 365 287 471 140277 0 0 1 standing 
8 230 366 288 472 140278 0 0 1 standing 
8 230 366 288 472 140279 0 0 1 standing 
9 434 440 491 590 140260 0 0 0 standing 
9 438 440 495 590 140261 0 0 1 standing 
9 442 441 499 591 140262 0 0 1 standing 
9 446 442 503 592 140263 0 0 0 standing 
9 449 442 506 592 140264 0 0 1 standing 
9 452 443 509 593 140265 0 0 1 standing 
9 456 444 513 594 140266 0 0 0 standing 
9 459 443 513 593 140267 0 0 1 standing 
9 462 443 513 593 140268 0 0 1 standing 
9 465 443 513 593 140269 0 0 0 standing 
9 468 443 516 593 140270 0 0 1 standing 
9 471 443 519 593 140271 0 0 1 standing 
9 475 444 523 593 140272 0 0 0 standing 
9 476 444 524 593 140273 0 0 1 standing 
9 478 444 526 593 140274 0 0 1 standing 
9 480 444 528 593 140275 0 0 0 standing 
9 478 444 531 591 140276 0 0 1 standing 
9 477 444 534 589 140277 0 0 1 standing 
9 476 444 537 587 140278 0 0 1 standing 
9 475 444 540 585 140279 0 0 1 standing 
10 479 380 520 528 140260 0 0 0 standing 
10 481 382 523 526 140261 0 0 1 standing 
10 483 384 527 525 140262 0 0 1 standing 
10 485 386 531 524 140263 0 0 0 standing 
10 488 387 534 524 140264 0 0 1 standing 
10 491 388 537 525 140265 0 0 1 standing 
10 495 389 541 526 140266 0 0 0 standing 
10 498 388 544 525 140267 0 0 1 standing 
10 501 388 547 525 140268 0 0 1 standing 
10 504 388 551 525 140269 0 0 0 standing 
10 505 389 552 527 140270 0 0 1 standing 
10 507 391 554 529 140271 0 0 1 standing 
10 509 393 556 531 140272 0 0 0 standing 
10 511 392 558 531 140273 0 0 1 standing 
10 514 392 561 531 140274 0 0 1 standing 
10 517 392 564 531 140275 0 0 0 standing 
10 519 389 566 528 140276 0 0 1 standing 
10 522 387 568 525 140277 0 0 1 standing 
10 524 385 571 522 140278 0 0 1 standing 
10 527 383 573 519 140279 0 0 1 standing 
11 474 341 517 461 140260 0 0 0 standing 
11 477 342 520 461 140261 0 0 1 standing 
11 480 343 523 462 140262 0 0 1 standing 
11 484 344 527 463 140263 0 0 0 standing 
11 482 346 527 461 140264 0 0 1 standing 
11 480 348 528 460 140265 0 0 1 standing 
11 479 350 529 459 140266 0 0 0 standing 
11 483 350 532 459 140267 0 0 1 standing 
11 487 350 536 459 140268 0 0 1 standing 
11 491 350 540 459 140269 0 0 0 standing 
11 495 350 544 463 140270 0 0 1 standing 
11 499 350 548 467 140271 0 0 1 standing 
11 503 350 552 471 140272 0 0 0 standing 
11 507 348 556 470 140273 0 0 1 standing 
11 512 347 561 469 140274 0 0 1 standing 
11 517 346 566 468 140275 0 0 0 standing 
11 519 346 568 468 140276 0 0 1 standing 
11 522 346 571 468 140277 0 0 1 standing 
11 524 346 573 468 140278 0 0 1 standing 
11 527 346 576 468 140279 0 0 1 standing 
