0 559 421 612 543 36165 0 1 0 digging 
0 560 419 612 543 36166 0 1 1 digging 
0 562 417 613 543 36167 0 1 1 digging 
0 564 415 613 543 36168 0 1 1 digging 
0 565 413 614 543 36169 0 1 1 digging 
0 567 412 614 543 36170 0 1 1 digging 
0 569 410 615 543 36171 0 1 1 digging 
0 570 408 615 543 36172 0 1 1 digging 
0 572 406 616 543 36173 0 1 1 digging 
0 574 404 616 543 36174 0 1 1 digging 
0 576 403 617 544 36175 0 1 0 digging 
0 576 404 621 546 36176 0 1 1 digging 
0 577 406 626 548 36177 0 1 1 digging 
0 577 407 631 550 36178 0 1 1 digging 
0 578 409 636 552 36179 0 1 1 digging 
0 578 410 641 554 36180 0 1 1 digging 
0 579 412 646 557 36181 0 1 0 digging 
0 580 413 640 559 36182 0 1 1 digging 
0 581 415 635 562 36183 0 1 1 digging 
0 582 417 629 565 36184 0 1 1 digging 
1 716 377 760 475 36165 0 0 0 digging 
1 715 377 759 475 36166 0 0 1 falling 
1 714 377 758 475 36167 0 0 1 falling 
1 713 377 757 475 36168 0 0 1 falling 
1 713 377 757 475 36169 0 0 1 falling 
1 712 377 756 475 36170 0 0 1 falling 
1 711 377 755 475 36171 0 0 1 falling 
1 711 377 755 475 36172 0 0 1 falling 
1 710 377 754 475 36173 0 0 1 falling 
1 709 377 753 475 36174 0 0 1 falling 
1 709 377 753 475 36175 0 0 0 falling 
1 708 375 752 475 36176 0 0 1 falling 
1 707 374 751 475 36177 0 0 1 falling 
1 706 373 750 475 36178 0 0 1 falling 
1 706 372 749 475 36179 0 0 1 falling 
1 705 371 749 475 36180 0 0 1 falling 
1 704 370 748 475 36181 0 0 1 falling 
1 704 369 747 475 36182 0 0 1 falling 
1 703 368 746 475 36183 0 0 1 falling 
1 702 367 745 475 36184 0 0 1 falling 
2 630 337 684 440 36165 0 0 0 falling 
2 626 335 680 438 36166 0 0 1 standing 
2 622 334 676 437 36167 0 0 1 standing 
2 618 333 672 436 36168 0 0 1 standing 
2 614 332 668 435 36169 0 0 1 standing 
2 611 331 664 434 36170 0 0 1 standing 
2 607 329 660 432 36171 0 0 1 standing 
2 603 328 656 431 36172 0 0 1 standing 
2 599 327 652 430 36173 0 0 1 standing 
2 595 326 648 429 36174 0 0 1 standing 
2 592 325 645 428 36175 0 0 0 standing 
2 591 325 643 428 36176 0 0 1 standing 
2 590 325 642 428 36177 0 0 1 standing 
2 589 325 641 428 36178 0 0 1 standing 
2 588 325 640 428 36179 0 0 1 standing 
2 588 325 639 428 36180 0 0 1 standing 
2 587 325 637 428 36181 0 0 1 standing 
2 586 325 636 428 36182 0 0 1 standing 
2 585 325 635 428 36183 0 0 1 standing 
2 584 325 634 428 36184 0 0 1 standing 
3 532 352 579 457 36165 0 0 0 standing 
3 529 351 576 458 36166 0 0 1 standing 
3 527 351 573 459 36167 0 0 1 standing 
3 524 350 571 460 36168 0 0 1 standing 
3 522 350 568 461 36169 0 0 1 standing 
3 519 350 566 463 36170 0 0 1 standing 
3 517 349 563 464 36171 0 0 1 standing 
3 514 349 560 465 36172 0 0 1 standing 
3 512 348 558 466 36173 0 0 1 standing 
3 509 348 555 467 36174 0 0 1 standing 
3 507 348 553 469 36175 0 0 0 standing 
3 504 347 550 468 36176 0 0 1 standing 
3 501 347 547 468 36177 0 0 1 standing 
3 498 347 544 467 36178 0 0 1 standing 
3 495 347 541 467 36179 0 0 1 standing 
3 492 347 538 466 36180 0 0 1 standing 
3 489 347 535 466 36181 0 0 1 standing 
3 486 347 532 465 36182 0 0 1 standing 
3 483 347 529 465 36183 0 0 1 standing 
3 480 347 526 464 36184 0 0 1 standing 
4 353 404 406 537 36165 0 0 0 standing 
4 352 404 405 537 36166 0 0 1 standing 
4 352 404 405 538 36167 0 0 1 standing 
4 352 404 405 538 36168 0 0 1 standing 
4 352 404 404 539 36169 0 0 1 standing 
4 352 404 404 539 36170 0 0 1 standing 
4 352 404 404 540 36171 0 0 1 standing 
4 352 404 403 540 36172 0 0 1 standing 
4 352 404 403 541 36173 0 0 1 standing 
4 352 404 403 541 36174 0 0 1 standing 
4 352 404 403 542 36175 0 0 1 standing 
4 351 404 402 543 36176 0 0 1 standing 
4 351 404 402 543 36177 0 0 1 standing 
4 351 404 402 544 36178 0 0 1 standing 
4 351 404 401 544 36179 0 0 1 standing 
4 351 404 401 545 36180 0 0 1 standing 
4 351 404 401 545 36181 0 0 1 standing 
4 351 404 400 546 36182 0 0 1 standing 
4 351 404 400 546 36183 0 0 1 standing 
4 351 404 400 547 36184 0 0 1 standing 
5 509 465 564 600 36165 0 0 0 standing 
5 496 464 559 609 36166 0 0 1 standing 
5 484 464 554 618 36167 0 0 1 standing 
5 472 464 549 628 36168 0 0 0 standing 
5 475 464 545 626 36169 0 0 1 standing 
5 478 465 541 624 36170 0 0 1 standing 
5 482 466 537 623 36171 0 0 0 standing 
5 479 465 534 624 36172 0 0 1 standing 
5 476 465 531 626 36173 0 0 1 standing 
5 474 465 528 628 36174 0 0 1 standing 
5 471 465 525 630 36175 0 0 1 standing 
5 468 465 522 632 36176 0 0 1 standing 
5 466 465 520 634 36177 0 0 0 standing 
5 461 469 518 634 36178 0 0 1 standing 
5 457 474 516 634 36179 0 0 1 standing 
5 453 479 514 635 36180 0 0 0 standing 
5 453 480 513 635 36181 0 0 1 standing 
5 453 482 512 636 36182 0 0 1 standing 
5 453 483 511 637 36183 0 0 1 standing 
5 453 485 510 638 36184 0 0 0 standing 
6 805 323 847 441 36165 0 0 0 standing 
6 805 324 847 441 36166 0 0 1 standing 
6 805 325 847 442 36167 0 0 1 standing 
6 805 326 847 442 36168 0 0 1 standing 
6 806 327 847 443 36169 0 0 1 standing 
6 806 328 847 444 36170 0 0 1 standing 
6 806 329 847 444 36171 0 0 1 standing 
6 807 330 847 445 36172 0 0 1 standing 
6 807 331 847 445 36173 0 0 1 standing 
6 807 332 847 446 36174 0 0 1 standing 
6 808 334 848 447 36175 0 0 0 standing 
6 807 335 847 448 36176 0 0 1 standing 
6 807 336 847 449 36177 0 0 1 standing 
6 807 337 847 450 36178 0 0 1 standing 
6 806 338 846 451 36179 0 0 1 standing 
6 806 340 846 453 36180 0 0 1 standing 
6 806 341 846 454 36181 0 0 1 standing 
6 805 342 845 455 36182 0 0 1 standing 
6 805 343 845 456 36183 0 0 1 standing 
6 805 344 845 457 36184 0 0 1 standing 
7 814 436 863 558 36165 0 0 0 standing 
7 813 434 862 558 36166 0 0 1 standing 
7 813 433 862 558 36167 0 0 1 standing 
7 813 432 862 558 36168 0 0 1 standing 
7 813 431 862 559 36169 0 0 1 standing 
7 813 430 862 559 36170 0 0 1 standing 
7 813 428 861 559 36171 0 0 1 standing 
7 813 427 861 560 36172 0 0 1 standing 
7 813 426 861 560 36173 0 0 1 standing 
7 813 425 861 560 36174 0 0 1 standing 
7 813 424 861 561 36175 0 0 0 standing 
7 812 425 860 562 36176 0 0 1 standing 
7 812 426 860 563 36177 0 0 1 standing 
7 812 427 860 564 36178 0 0 1 standing 
7 812 429 860 566 36179 0 0 0 standing 
7 812 432 860 569 36180 0 0 1 standing 
7 813 436 861 573 36181 0 0 1 standing 
7 813 440 862 577 36182 0 0 1 standing 
7 814 444 862 581 36183 0 0 1 standing 
7 814 448 863 585 36184 0 0 1 standing 
8 952 414 999 540 36165 0 0 0 standing 
8 956 414 1003 540 36166 0 0 1 standing 
8 961 415 1008 541 36167 0 0 1 standing 
8 966 416 1013 542 36168 0 0 1 standing 
8 970 417 1017 543 36169 0 0 1 standing 
8 975 418 1022 544 36170 0 0 1 standing 
8 980 419 1027 544 36171 0 0 1 standing 
8 984 420 1031 545 36172 0 0 1 standing 
8 989 421 1036 546 36173 0 0 1 standing 
8 994 422 1041 547 36174 0 0 1 standing 
8 999 423 1046 548 36175 0 0 0 standing 
8 1003 425 1052 551 36176 0 0 1 standing 
8 1007 428 1058 554 36177 0 0 1 standing 
8 1011 430 1064 557 36178 0 0 1 standing 
8 1016 433 1071 561 36179 0 0 0 standing 
8 1021 435 1075 565 36180 0 0 1 standing 
8 1027 438 1079 569 36181 0 0 1 standing 
8 1033 441 1083 573 36182 0 0 1 standing 
8 1039 444 1087 577 36183 0 0 0 standing 
8 1040 447 1088 580 36184 0 0 1 standing 
9 1015 349 1063 469 36165 0 0 0 standing 
9 1017 349 1065 469 36166 0 0 1 standing 
9 1019 350 1067 470 36167 0 0 1 standing 
9 1021 350 1069 470 36168 0 0 1 standing 
9 1023 351 1071 471 36169 0 0 1 standing 
9 1026 352 1074 472 36170 0 0 1 standing 
9 1028 352 1076 472 36171 0 0 1 standing 
9 1030 353 1078 473 36172 0 0 1 standing 
9 1032 353 1080 473 36173 0 0 1 standing 
9 1034 354 1082 474 36174 0 0 1 standing 
9 1037 355 1085 475 36175 0 0 0 standing 
9 1038 355 1086 475 36176 0 0 1 standing 
9 1040 355 1088 475 36177 0 0 1 standing 
9 1042 355 1090 475 36178 0 0 1 standing 
9 1043 355 1091 475 36179 0 0 1 standing 
9 1045 355 1093 475 36180 0 0 1 standing 
9 1047 355 1095 475 36181 0 0 1 standing 
9 1048 355 1096 475 36182 0 0 1 standing 
9 1050 355 1098 475 36183 0 0 1 standing 
9 1052 355 1100 475 36184 0 0 1 standing 
10 838 365 879 492 36165 0 0 0 standing 
10 837 365 878 492 36166 0 0 1 standing 
10 836 366 877 493 36167 0 0 1 standing 
10 835 367 876 494 36168 0 0 1 standing 
10 835 368 876 495 36169 0 0 1 standing 
10 834 369 875 496 36170 0 0 1 standing 
10 833 369 874 496 36171 0 0 1 standing 
10 833 370 874 497 36172 0 0 1 standing 
10 832 371 873 498 36173 0 0 1 standing 
10 831 372 872 499 36174 0 0 1 standing 
10 831 373 872 500 36175 0 0 0 standing 
10 829 376 870 503 36176 0 0 1 standing 
10 828 380 869 507 36177 0 0 1 standing 
10 827 384 868 511 36178 0 0 0 standing 
10 826 384 867 511 36179 0 0 1 standing 
10 825 384 866 511 36180 0 0 1 standing 
10 824 384 865 511 36181 0 0 1 standing 
10 823 384 864 511 36182 0 0 1 standing 
10 822 384 863 511 36183 0 0 1 standing 
10 821 384 862 511 36184 0 0 1 standing 
11 1032 382 1096 509 36165 0 0 0 standing 
11 1037 381 1099 509 36166 0 0 1 standing 
11 1043 381 1103 510 36167 0 0 1 standing 
11 1049 380 1107 511 36168 0 0 1 standing 
11 1054 380 1111 512 36169 0 0 1 standing 
11 1060 379 1115 513 36170 0 0 1 standing 
11 1066 379 1119 513 36171 0 0 1 standing 
11 1071 378 1123 514 36172 0 0 1 standing 
11 1077 378 1127 515 36173 0 0 1 standing 
11 1083 377 1131 516 36174 0 0 1 standing 
11 1089 377 1135 517 36175 0 0 0 standing 
11 1094 378 1140 518 36176 0 0 1 standing 
11 1099 379 1145 519 36177 0 0 1 standing 
11 1104 381 1150 521 36178 0 0 1 standing 
11 1109 382 1155 522 36179 0 0 1 standing 
11 1114 384 1160 524 36180 0 0 0 standing 
11 1117 383 1163 523 36181 0 0 1 standing 
11 1121 382 1167 522 36182 0 0 1 standing 
11 1125 382 1171 522 36183 0 0 1 standing 
11 1129 381 1175 521 36184 0 0 1 standing 
