0 0 398 61 540 74730 0 1 0 digging 
0 7 397 68 540 74731 0 1 1 digging 
0 15 397 76 540 74732 0 1 1 digging 
0 22 397 83 540 74733 0 1 1 digging 
0 30 397 91 540 74734 0 1 1 digging 
0 38 397 98 541 74735 0 1 1 digging 
0 45 397 106 541 74736 0 1 1 digging 
0 53 397 113 541 74737 0 1 1 digging 
0 60 397 121 541 74738 0 1 1 digging 
0 68 397 128 541 74739 0 1 1 digging 
0 76 397 136 542 74740 0 1 0 digging 
0 82 393 144 540 74741 0 1 1 digging 
0 89 389 153 538 74742 0 1 1 digging 
0 95 386 162 536 74743 0 1 1 digging 
0 102 382 171 534 74744 0 1 1 digging 
0 109 379 180 532 74745 0 1 0 digging 
0 110 378 185 531 74746 0 1 1 digging 
0 112 378 190 530 74747 0 1 1 digging 
0 113 377 195 530 74748 0 1 1 digging 
0 115 377 200 529 74749 0 1 1 digging 
1 275 345 380 458 74730 0 1 0 digging 
1 278 344 379 458 74731 0 1 1 standing 
1 281 344 379 458 74732 0 1 1 standing 
1 284 343 379 458 74733 0 1 1 standing 
1 288 343 378 458 74734 0 1 1 standing 
1 291 343 378 458 74735 0 1 1 standing 
1 294 342 378 458 74736 0 1 1 standing 
1 298 342 377 458 74737 0 1 1 standing 
1 301 341 377 458 74738 0 1 1 standing 
1 304 341 377 458 74739 0 1 1 standing 
1 308 341 377 458 74740 0 1 0 standing 
1 310 342 378 460 74741 0 1 1 standing 
1 312 344 380 462 74742 0 1 1 standing 
1 314 345 382 464 74743 0 1 1 standing 
1 316 347 384 466 74744 0 1 1 standing 
1 319 349 386 469 74745 0 1 0 standing 
1 315 349 384 470 74746 0 1 1 standing 
1 311 349 383 471 74747 0 1 1 standing 
1 307 349 381 472 74748 0 1 1 standing 
1 303 349 380 473 74749 0 1 1 standing 
2 655 427 712 599 74730 0 0 0 standing 
2 661 426 718 599 74731 0 0 1 standing 
2 667 426 724 600 74732 0 0 1 standing 
2 674 426 731 600 74733 0 0 1 standing 
2 680 425 737 601 74734 0 0 1 standing 
2 687 425 744 602 74735 0 0 1 standing 
2 693 425 750 602 74736 0 0 1 standing 
2 699 424 756 603 74737 0 0 1 standing 
2 706 424 763 603 74738 0 0 1 standing 
2 712 424 769 604 74739 0 0 1 standing 
2 719 424 776 605 74740 0 0 0 standing 
2 721 424 780 604 74741 0 0 1 standing 
2 723 424 784 603 74742 0 0 1 standing 
2 726 424 788 603 74743 0 0 1 standing 
2 728 424 792 602 74744 0 0 1 standing 
2 730 424 796 601 74745 0 0 1 standing 
2 733 425 801 601 74746 0 0 0 standing 
2 732 428 802 603 74747 0 0 1 standing 
2 731 431 803 605 74748 0 0 1 standing 
2 730 434 804 607 74749 0 0 1 standing 
3 744 396 816 543 74730 0 0 0 standing 
3 751 394 821 541 74731 0 0 1 standing 
3 758 392 827 539 74732 0 0 1 standing 
3 765 391 832 537 74733 0 0 1 standing 
3 772 389 838 535 74734 0 0 1 standing 
3 780 388 844 534 74735 0 0 1 standing 
3 787 386 849 532 74736 0 0 1 standing 
3 794 384 855 530 74737 0 0 1 standing 
3 801 383 860 528 74738 0 0 1 standing 
3 808 381 866 526 74739 0 0 1 standing 
3 816 380 872 525 74740 0 0 0 standing 
3 824 379 880 524 74741 0 0 1 standing 
3 832 379 888 524 74742 0 0 1 standing 
3 841 379 897 524 74743 0 0 0 standing 
3 847 377 903 522 74744 0 0 1 standing 
3 854 375 910 520 74745 0 0 1 standing 
3 861 373 917 518 74746 0 0 1 standing 
3 867 371 923 516 74747 0 0 1 standing 
3 874 369 930 514 74748 0 0 1 standing 
3 881 367 937 512 74749 0 0 1 standing 
4 968 390 1043 543 74730 0 0 0 standing 
4 976 388 1050 543 74731 0 0 1 standing 
4 985 386 1057 543 74732 0 0 1 standing 
4 994 385 1064 543 74733 0 0 1 standing 
4 1002 383 1071 543 74734 0 0 1 standing 
4 1011 382 1078 543 74735 0 0 1 standing 
4 1020 380 1085 543 74736 0 0 1 standing 
4 1029 379 1092 543 74737 0 0 0 standing 
4 1038 381 1104 544 74738 0 0 1 standing 
4 1047 384 1116 546 74739 0 0 1 standing 
4 1056 387 1129 548 74740 0 0 0 standing 
4 1068 385 1140 546 74741 0 0 1 standing 
4 1081 383 1152 544 74742 0 0 1 standing 
4 1094 382 1164 542 74743 0 0 1 standing 
4 1107 380 1176 540 74744 0 0 1 standing 
4 1120 379 1188 539 74745 0 0 1 standing 
4 1133 377 1199 537 74746 0 0 1 standing 
4 1146 375 1211 535 74747 0 0 1 standing 
4 1159 374 1223 533 74748 0 0 1 standing 
4 1172 372 1235 531 74749 0 0 1 standing 
5 437 324 547 457 74730 0 0 0 standing 
5 445 324 552 457 74731 0 0 1 standing 
5 453 324 557 457 74732 0 0 1 standing 
5 461 324 563 457 74733 0 0 1 standing 
5 469 324 568 457 74734 0 0 1 standing 
5 477 324 574 457 74735 0 0 1 standing 
5 485 324 579 457 74736 0 0 1 standing 
5 493 324 584 457 74737 0 0 1 standing 
5 501 324 590 457 74738 0 0 1 standing 
5 509 324 595 457 74739 0 0 1 standing 
5 518 325 601 457 74740 0 0 0 standing 
5 526 321 606 455 74741 0 0 1 standing 
5 534 318 611 453 74742 0 0 1 standing 
5 542 315 616 451 74743 0 0 1 standing 
5 550 312 621 449 74744 0 0 1 standing 
5 558 309 626 448 74745 0 0 0 standing 
5 558 306 623 446 74746 0 0 1 standing 
5 558 303 620 444 74747 0 0 1 standing 
5 558 300 617 443 74748 0 0 1 standing 
5 558 297 614 441 74749 0 0 1 standing 
6 371 408 437 565 74730 0 0 0 standing 
6 375 408 444 565 74731 0 0 1 standing 
6 380 408 451 565 74732 0 0 1 standing 
6 385 408 459 565 74733 0 0 1 standing 
6 389 408 466 565 74734 0 0 1 standing 
6 394 409 474 566 74735 0 0 1 standing 
6 399 409 481 566 74736 0 0 1 standing 
6 403 409 488 566 74737 0 0 1 standing 
6 408 409 496 566 74738 0 0 1 standing 
6 413 409 503 566 74739 0 0 1 standing 
6 418 410 511 567 74740 0 0 0 standing 
6 415 408 507 565 74741 0 0 1 standing 
6 413 407 503 563 74742 0 0 1 standing 
6 411 405 500 562 74743 0 0 1 standing 
6 409 404 496 560 74744 0 0 1 standing 
6 407 402 493 559 74745 0 0 1 standing 
6 405 401 489 557 74746 0 0 1 standing 
6 403 399 485 555 74747 0 0 1 standing 
6 401 398 482 554 74748 0 0 1 standing 
6 399 396 478 552 74749 0 0 1 standing 
7 660 390 718 567 74730 0 0 0 standing 
7 667 393 725 570 74731 0 0 1 standing 
7 675 396 733 573 74732 0 0 1 standing 
7 682 399 740 576 74733 0 0 1 standing 
7 690 402 748 579 74734 0 0 1 standing 
7 697 405 755 582 74735 0 0 1 standing 
7 705 408 763 585 74736 0 0 1 standing 
7 712 411 770 588 74737 0 0 1 standing 
7 720 414 778 591 74738 0 0 1 standing 
7 727 417 785 594 74739 0 0 1 standing 
7 735 421 793 598 74740 0 0 0 standing 
7 741 421 799 598 74741 0 0 1 standing 
7 748 421 806 598 74742 0 0 1 standing 
7 755 422 813 599 74743 0 0 1 standing 
7 762 422 820 599 74744 0 0 1 standing 
7 769 423 827 600 74745 0 0 1 standing 
7 776 423 833 600 74746 0 0 1 standing 
7 783 423 840 600 74747 0 0 1 standing 
7 790 424 847 601 74748 0 0 1 standing 
7 797 424 854 601 74749 0 0 1 standing 
8 729 429 800 600 74730 0 0 0 standing 
8 736 427 806 598 74731 0 0 1 standing 
8 744 426 812 597 74732 0 0 1 standing 
8 752 425 818 595 74733 0 0 1 standing 
8 759 423 824 594 74734 0 0 1 standing 
8 767 422 831 592 74735 0 0 1 standing 
8 775 421 837 591 74736 0 0 1 standing 
8 782 419 843 589 74737 0 0 1 standing 
8 790 418 849 588 74738 0 0 1 standing 
8 798 417 855 586 74739 0 0 1 standing 
8 806 416 862 585 74740 0 0 0 standing 
8 811 414 868 583 74741 0 0 1 standing 
8 817 412 874 581 74742 0 0 1 standing 
8 822 410 880 579 74743 0 0 1 standing 
8 828 408 886 577 74744 0 0 1 standing 
8 834 406 893 575 74745 0 0 1 standing 
8 839 404 899 573 74746 0 0 1 standing 
8 845 402 905 571 74747 0 0 1 standing 
8 850 400 911 569 74748 0 0 1 standing 
8 856 398 917 567 74749 0 0 1 standing 
9 852 448 928 571 74730 0 0 0 standing 
9 861 446 936 571 74731 0 0 1 standing 
9 870 445 944 571 74732 0 0 1 standing 
9 879 443 953 572 74733 0 0 1 standing 
9 888 442 961 572 74734 0 0 1 standing 
9 898 441 970 573 74735 0 0 1 standing 
9 907 439 978 573 74736 0 0 1 standing 
9 916 438 986 573 74737 0 0 1 standing 
9 925 436 995 574 74738 0 0 1 standing 
9 934 435 1003 574 74739 0 0 1 standing 
9 944 434 1012 575 74740 0 0 0 standing 
9 953 434 1022 575 74741 0 0 1 standing 
9 963 435 1032 576 74742 0 0 1 standing 
9 973 436 1042 577 74743 0 0 1 standing 
9 983 436 1052 577 74744 0 0 1 standing 
9 993 437 1062 578 74745 0 0 1 standing 
9 1003 438 1072 579 74746 0 0 1 standing 
9 1013 438 1082 579 74747 0 0 1 standing 
9 1023 439 1092 580 74748 0 0 1 standing 
9 1033 440 1102 581 74749 0 0 1 standing 
10 820 351 902 477 74730 0 0 0 standing 
10 828 350 910 476 74731 0 0 1 standing 
10 836 350 918 476 74732 0 0 1 standing 
10 844 350 926 476 74733 0 0 1 standing 
10 852 350 934 476 74734 0 0 1 standing 
10 860 350 942 476 74735 0 0 1 standing 
10 868 349 950 475 74736 0 0 1 standing 
10 876 349 958 475 74737 0 0 1 standing 
10 884 349 966 475 74738 0 0 1 standing 
10 892 349 974 475 74739 0 0 1 standing 
10 901 349 983 475 74740 0 0 0 standing 
10 914 348 994 475 74741 0 0 1 standing 
10 927 347 1006 476 74742 0 0 1 standing 
10 941 346 1018 477 74743 0 0 1 standing 
10 954 345 1030 477 74744 0 0 1 standing 
10 968 345 1042 478 74745 0 0 1 standing 
10 981 344 1053 479 74746 0 0 1 standing 
10 994 343 1065 479 74747 0 0 1 standing 
10 1008 342 1077 480 74748 0 0 1 standing 
10 1021 341 1089 481 74749 0 0 1 standing 
11 1100 459 1188 642 74730 0 0 0 standing 
11 1105 456 1193 639 74731 0 0 1 standing 
11 1111 454 1199 637 74732 0 0 1 standing 
11 1116 452 1204 635 74733 0 0 1 standing 
11 1122 449 1210 632 74734 0 0 1 standing 
11 1127 447 1216 630 74735 0 0 1 standing 
11 1133 445 1221 628 74736 0 0 1 standing 
11 1138 442 1227 625 74737 0 0 1 standing 
11 1144 440 1232 623 74738 0 0 1 standing 
11 1149 438 1238 621 74739 0 0 1 standing 
11 1155 436 1244 619 74740 0 0 0 standing 
11 1156 434 1244 615 74741 0 0 1 standing 
11 1157 432 1245 611 74742 0 0 1 standing 
11 1158 430 1245 607 74743 0 0 1 standing 
11 1159 428 1246 603 74744 0 0 1 standing 
11 1160 426 1247 600 74745 0 0 1 standing 
11 1161 424 1247 596 74746 0 0 1 standing 
11 1162 422 1248 592 74747 0 0 1 standing 
11 1163 420 1248 588 74748 0 0 1 standing 
11 1164 418 1249 584 74749 0 0 1 standing 
