0 814 442 867 558 54465 0 1 0 spiking 
0 810 437 867 553 54466 0 1 1 spiking 
0 807 433 867 548 54467 0 1 1 spiking 
0 804 429 868 544 54468 0 1 1 spiking 
0 801 425 868 539 54469 0 1 1 spiking 
0 798 421 868 534 54470 0 1 1 spiking 
0 795 417 869 530 54471 0 1 0 spiking 
0 796 412 863 526 54472 0 1 1 spiking 
0 798 408 858 522 54473 0 1 1 spiking 
0 799 404 853 518 54474 0 1 1 spiking 
0 801 400 848 514 54475 0 1 0 spiking 
0 800 403 848 517 54476 0 1 1 spiking 
0 800 407 848 520 54477 0 1 1 spiking 
0 800 411 849 523 54478 0 1 1 spiking 
0 800 415 849 526 54479 0 1 1 spiking 
0 800 418 850 529 54480 0 1 1 spiking 
0 800 422 850 532 54481 0 1 1 spiking 
0 800 426 851 535 54482 0 1 1 spiking 
0 800 430 851 538 54483 0 1 1 spiking 
0 800 434 852 542 54484 0 1 0 spiking 
1 694 453 734 529 54465 0 1 0 spiking 
1 696 445 736 527 54466 0 1 1 blocking 
1 699 438 739 525 54467 0 1 1 blocking 
1 702 430 742 524 54468 0 1 1 blocking 
1 705 423 745 522 54469 0 1 1 blocking 
1 708 416 748 521 54470 0 1 1 blocking 
1 711 408 750 519 54471 0 1 1 blocking 
1 714 401 753 517 54472 0 1 1 blocking 
1 717 393 756 516 54473 0 1 1 blocking 
1 720 386 759 514 54474 0 1 1 blocking 
1 723 379 762 513 54475 0 1 0 blocking 
1 724 379 765 513 54476 0 1 1 blocking 
1 726 380 768 514 54477 0 1 1 blocking 
1 727 381 772 514 54478 0 1 1 blocking 
1 729 382 775 515 54479 0 1 1 blocking 
1 731 383 779 516 54480 0 1 0 blocking 
1 732 386 780 516 54481 0 1 1 blocking 
1 733 389 781 516 54482 0 1 1 blocking 
1 735 392 782 516 54483 0 1 1 blocking 
1 736 395 784 517 54484 0 1 1 blocking 
2 674 473 712 555 54465 0 1 0 blocking 
2 679 466 715 553 54466 0 1 1 blocking 
2 685 460 719 552 54467 0 1 1 blocking 
2 691 454 723 550 54468 0 1 1 blocking 
2 697 447 726 549 54469 0 1 1 blocking 
2 703 441 730 547 54470 0 1 1 blocking 
2 709 435 734 546 54471 0 1 0 blocking 
2 710 428 738 540 54472 0 1 1 blocking 
2 711 422 742 535 54473 0 1 1 blocking 
2 712 416 746 529 54474 0 1 1 blocking 
2 714 410 750 524 54475 0 1 0 blocking 
2 718 409 754 523 54476 0 1 1 blocking 
2 722 408 758 522 54477 0 1 1 blocking 
2 726 408 762 522 54478 0 1 1 blocking 
2 730 407 766 521 54479 0 1 1 blocking 
2 734 407 770 521 54480 0 1 0 blocking 
2 736 410 772 523 54481 0 1 1 blocking 
2 739 413 775 526 54482 0 1 1 blocking 
2 741 417 777 529 54483 0 1 1 blocking 
2 744 420 780 532 54484 0 1 1 blocking 
3 336 409 389 503 54465 0 0 0 blocking 
3 339 410 392 504 54466 0 0 1 waiting 
3 342 412 395 506 54467 0 0 1 waiting 
3 345 414 398 508 54468 0 0 0 waiting 
3 346 416 399 510 54469 0 0 1 waiting 
3 347 418 400 512 54470 0 0 1 waiting 
3 349 420 402 514 54471 0 0 0 waiting 
3 350 421 403 513 54472 0 0 1 waiting 
3 351 422 404 513 54473 0 0 1 waiting 
3 353 424 406 513 54474 0 0 0 waiting 
3 356 424 407 513 54475 0 0 1 waiting 
3 359 424 409 513 54476 0 0 1 waiting 
3 362 424 411 513 54477 0 0 0 waiting 
3 365 425 413 513 54478 0 0 1 waiting 
3 368 427 416 513 54479 0 0 1 waiting 
3 371 429 419 514 54480 0 0 0 waiting 
3 374 429 422 514 54481 0 0 1 waiting 
3 377 429 425 514 54482 0 0 1 waiting 
3 381 430 429 515 54483 0 0 0 waiting 
3 381 430 429 515 54484 0 0 1 waiting 
4 369 466 431 558 54465 0 0 0 waiting 
4 370 465 432 556 54466 0 0 1 digging 
4 372 464 434 555 54467 0 0 1 digging 
4 374 464 436 554 54468 0 0 0 digging 
4 378 463 438 553 54469 0 0 1 digging 
4 383 463 440 552 54470 0 0 1 digging 
4 388 463 443 552 54471 0 0 0 digging 
4 392 461 446 551 54472 0 0 1 digging 
4 396 459 449 550 54473 0 0 1 digging 
4 400 457 453 549 54474 0 0 0 digging 
4 406 456 458 548 54475 0 0 1 digging 
4 412 455 463 548 54476 0 0 1 digging 
4 419 454 468 548 54477 0 0 0 digging 
4 422 455 471 549 54478 0 0 1 digging 
4 426 457 475 551 54479 0 0 1 digging 
4 430 459 479 553 54480 0 0 0 digging 
4 432 457 480 552 54481 0 0 1 digging 
4 435 456 481 552 54482 0 0 1 digging 
4 437 455 483 551 54483 0 0 1 digging 
4 440 454 484 551 54484 0 0 1 digging 
5 479 374 516 431 54465 0 0 0 digging 
5 483 373 521 430 54466 0 0 1 waiting 
5 487 373 526 430 54467 0 0 1 waiting 
5 492 373 531 430 54468 0 0 0 waiting 
5 495 372 534 429 54469 0 0 1 waiting 
5 498 372 537 429 54470 0 0 1 waiting 
5 501 372 540 429 54471 0 0 0 waiting 
5 504 370 543 429 54472 0 0 1 waiting 
5 507 368 546 429 54473 0 0 1 waiting 
5 511 366 550 429 54474 0 0 0 waiting 
5 512 365 554 430 54475 0 0 1 waiting 
5 514 365 558 431 54476 0 0 1 waiting 
5 516 365 563 433 54477 0 0 0 waiting 
5 516 367 567 435 54478 0 0 1 waiting 
5 516 369 571 437 54479 0 0 1 waiting 
5 516 371 575 439 54480 0 0 0 waiting 
5 518 373 576 438 54481 0 0 1 waiting 
5 521 375 577 438 54482 0 0 1 waiting 
5 523 377 579 438 54483 0 0 1 waiting 
5 526 379 580 438 54484 0 0 1 waiting 
6 611 380 666 459 54465 0 0 0 waiting 
6 612 378 666 459 54466 0 0 1 standing 
6 613 377 667 459 54467 0 0 1 standing 
6 614 376 668 460 54468 0 0 0 standing 
6 617 374 668 457 54469 0 0 1 standing 
6 620 372 668 455 54470 0 0 1 standing 
6 624 370 668 453 54471 0 0 0 standing 
6 625 367 669 450 54472 0 0 1 standing 
6 626 364 670 447 54473 0 0 1 standing 
6 627 361 671 444 54474 0 0 0 standing 
6 622 362 671 442 54475 0 0 1 standing 
6 617 363 671 440 54476 0 0 1 standing 
6 613 364 672 439 54477 0 0 0 standing 
6 613 364 674 438 54478 0 0 1 standing 
6 613 364 676 438 54479 0 0 1 standing 
6 613 364 678 438 54480 0 0 0 standing 
6 615 365 679 438 54481 0 0 1 standing 
6 617 366 681 438 54482 0 0 1 standing 
6 619 367 683 438 54483 0 0 1 standing 
6 621 368 685 438 54484 0 0 1 standing 
7 769 359 816 446 54465 0 0 0 standing 
7 775 359 819 447 54466 0 0 1 standing 
7 781 360 823 449 54467 0 0 1 standing 
7 788 361 827 451 54468 0 0 0 standing 
7 794 360 830 449 54469 0 0 1 standing 
7 800 359 833 448 54470 0 0 1 standing 
7 807 358 837 447 54471 0 0 0 standing 
7 812 358 842 447 54472 0 0 1 standing 
7 818 358 848 447 54473 0 0 1 standing 
7 824 358 854 447 54474 0 0 0 standing 
7 826 358 857 446 54475 0 0 1 standing 
7 828 358 861 446 54476 0 0 1 standing 
7 830 358 865 446 54477 0 0 0 standing 
7 832 358 867 446 54478 0 0 1 standing 
7 834 358 869 446 54479 0 0 1 standing 
7 837 358 872 446 54480 0 0 0 standing 
7 839 359 879 446 54481 0 0 1 standing 
7 842 360 886 446 54482 0 0 1 standing 
7 845 361 893 447 54483 0 0 1 standing 
7 848 362 900 447 54484 0 0 1 standing 
8 803 414 848 491 54465 0 0 0 standing 
8 806 413 851 495 54466 0 0 1 standing 
8 809 412 854 499 54467 0 0 1 standing 
8 813 411 857 503 54468 0 0 0 standing 
8 817 409 858 501 54469 0 0 1 standing 
8 822 408 860 500 54470 0 0 1 standing 
8 827 407 862 499 54471 0 0 0 standing 
8 830 404 866 497 54472 0 0 1 standing 
8 833 401 870 495 54473 0 0 1 standing 
8 836 399 875 493 54474 0 0 0 standing 
8 840 400 879 494 54475 0 0 1 standing 
8 844 401 883 495 54476 0 0 1 standing 
8 848 402 887 496 54477 0 0 0 standing 
8 850 403 889 495 54478 0 0 1 standing 
8 852 404 891 494 54479 0 0 1 standing 
8 855 405 893 494 54480 0 0 0 standing 
8 856 404 894 493 54481 0 0 1 standing 
8 858 404 896 493 54482 0 0 1 standing 
8 860 403 898 492 54483 0 0 1 standing 
8 862 403 900 492 54484 0 0 1 standing 
9 909 373 944 453 54465 0 0 0 standing 
9 910 372 945 453 54466 0 0 1 standing 
9 912 372 946 453 54467 0 0 1 standing 
9 914 372 948 454 54468 0 0 0 standing 
9 916 372 952 454 54469 0 0 1 standing 
9 918 372 956 454 54470 0 0 1 standing 
9 920 372 960 454 54471 0 0 0 standing 
9 921 372 961 455 54472 0 0 1 standing 
9 923 373 963 456 54473 0 0 1 standing 
9 925 374 965 458 54474 0 0 0 standing 
9 924 375 964 461 54475 0 0 1 standing 
9 923 376 963 464 54476 0 0 1 standing 
9 923 377 962 467 54477 0 0 0 standing 
9 918 379 963 466 54478 0 0 1 standing 
9 913 381 964 465 54479 0 0 1 standing 
9 908 383 966 465 54480 0 0 0 standing 
9 908 383 967 464 54481 0 0 1 standing 
9 909 383 969 464 54482 0 0 1 standing 
9 909 384 970 464 54483 0 0 1 standing 
9 910 384 972 464 54484 0 0 1 standing 
10 896 414 947 496 54465 0 0 0 standing 
10 895 416 943 496 54466 0 0 1 standing 
10 894 418 940 497 54467 0 0 1 standing 
10 893 420 937 498 54468 0 0 0 standing 
10 893 419 937 501 54469 0 0 1 standing 
10 893 419 937 504 54470 0 0 1 standing 
10 894 419 938 508 54471 0 0 0 standing 
10 894 419 938 508 54472 0 0 1 standing 
10 894 419 938 508 54473 0 0 1 standing 
10 895 420 939 509 54474 0 0 0 standing 
10 895 419 938 507 54475 0 0 1 standing 
10 896 418 937 506 54476 0 0 1 standing 
10 897 417 936 505 54477 0 0 0 standing 
10 897 419 936 507 54478 0 0 1 standing 
10 897 421 936 509 54479 0 0 1 standing 
10 898 423 937 511 54480 0 0 0 standing 
10 899 426 938 514 54481 0 0 1 standing 
10 901 429 940 517 54482 0 0 1 standing 
10 902 432 941 521 54483 0 0 1 standing 
10 904 435 943 524 54484 0 0 1 standing 
11 922 448 982 535 54465 0 0 0 standing 
11 920 447 980 537 54466 0 0 1 standing 
11 918 447 978 539 54467 0 0 1 standing 
11 917 447 976 542 54468 0 0 0 standing 
11 918 446 972 542 54469 0 0 1 standing 
11 919 445 968 542 54470 0 0 1 standing 
11 921 445 965 543 54471 0 0 0 standing 
11 919 445 963 543 54472 0 0 1 standing 
11 917 445 961 543 54473 0 0 1 standing 
11 915 446 959 544 54474 0 0 0 standing 
11 907 445 959 543 54475 0 0 1 standing 
11 900 445 960 543 54476 0 0 1 standing 
11 893 445 961 543 54477 0 0 0 standing 
11 894 447 956 547 54478 0 0 1 standing 
11 895 450 951 551 54479 0 0 1 standing 
11 897 453 946 556 54480 0 0 0 standing 
11 893 455 944 558 54481 0 0 1 standing 
11 890 457 942 560 54482 0 0 1 standing 
11 886 459 941 562 54483 0 0 1 standing 
11 883 461 939 564 54484 0 0 1 standing 
