0 378 604 460 774 36500 0 1 0 standing 
0 389 603 468 774 36501 0 1 1 standing 
0 400 603 476 774 36502 0 1 1 standing 
0 411 603 484 774 36503 0 1 1 standing 
0 422 603 492 774 36504 0 1 1 standing 
0 434 603 500 774 36505 0 1 1 standing 
0 445 603 508 774 36506 0 1 1 standing 
0 456 603 516 774 36507 0 1 1 standing 
0 467 603 524 774 36508 0 1 1 standing 
0 478 603 532 774 36509 0 1 1 standing 
0 490 603 540 774 36510 0 1 0 standing 
0 498 602 548 772 36511 0 1 1 standing 
0 507 602 557 771 36512 0 1 1 standing 
0 516 602 566 769 36513 0 1 1 standing 
0 525 602 575 768 36514 0 1 1 standing 
0 534 602 584 767 36515 0 1 1 standing 
0 543 601 592 765 36516 0 1 1 standing 
0 552 601 601 764 36517 0 1 1 standing 
0 561 601 610 762 36518 0 1 1 standing 
0 570 601 619 761 36519 0 1 1 standing 
1 472 717 535 884 36500 0 1 0 standing 
1 478 714 540 882 36501 0 1 1 standing 
1 484 712 545 880 36502 0 1 1 standing 
1 490 710 550 878 36503 0 1 1 standing 
1 497 708 555 876 36504 0 1 1 standing 
1 503 706 560 875 36505 0 1 1 standing 
1 509 703 565 873 36506 0 1 1 standing 
1 516 701 570 871 36507 0 1 1 standing 
1 522 699 575 869 36508 0 1 1 standing 
1 528 697 580 867 36509 0 1 1 standing 
1 535 695 585 866 36510 0 1 0 standing 
1 539 692 591 863 36511 0 1 1 standing 
1 544 689 598 860 36512 0 1 1 standing 
1 548 687 604 858 36513 0 1 1 standing 
1 553 684 611 855 36514 0 1 1 standing 
1 558 682 617 853 36515 0 1 1 standing 
1 562 679 624 850 36516 0 1 1 standing 
1 567 676 630 847 36517 0 1 1 standing 
1 571 674 637 845 36518 0 1 1 standing 
1 576 671 643 842 36519 0 1 1 standing 
2 497 670 570 834 36500 0 1 0 standing 
2 506 668 581 832 36501 0 1 1 standing 
2 516 667 593 831 36502 0 1 1 standing 
2 526 666 605 830 36503 0 1 1 standing 
2 535 665 617 829 36504 0 1 1 standing 
2 545 664 629 828 36505 0 1 1 standing 
2 555 663 640 826 36506 0 1 1 standing 
2 564 662 652 825 36507 0 1 1 standing 
2 574 661 664 824 36508 0 1 1 standing 
2 584 660 676 823 36509 0 1 1 standing 
2 594 659 688 822 36510 0 1 0 standing 
2 600 658 694 821 36511 0 1 1 standing 
2 607 657 701 820 36512 0 1 1 standing 
2 613 656 707 819 36513 0 1 1 standing 
2 620 655 714 818 36514 0 1 1 standing 
2 626 654 720 817 36515 0 1 1 standing 
2 633 653 727 816 36516 0 1 1 standing 
2 639 652 733 815 36517 0 1 1 standing 
2 646 651 740 814 36518 0 1 1 standing 
2 652 650 746 813 36519 0 1 1 standing 
3 526 590 572 728 36500 0 1 0 standing 
3 531 592 578 726 36501 0 1 1 standing 
3 536 594 585 725 36502 0 1 1 standing 
3 541 596 592 724 36503 0 1 1 standing 
3 547 598 599 723 36504 0 1 1 standing 
3 552 601 606 722 36505 0 1 1 standing 
3 557 603 612 721 36506 0 1 1 standing 
3 563 605 619 720 36507 0 1 1 standing 
3 568 607 626 719 36508 0 1 1 standing 
3 573 609 633 718 36509 0 1 1 standing 
3 579 612 640 717 36510 0 1 0 standing 
3 584 612 643 719 36511 0 1 1 standing 
3 590 612 646 721 36512 0 1 1 standing 
3 595 613 649 723 36513 0 1 1 standing 
3 601 613 652 725 36514 0 1 1 standing 
3 607 614 655 728 36515 0 1 1 standing 
3 612 614 658 730 36516 0 1 1 standing 
3 618 614 661 732 36517 0 1 1 standing 
3 623 615 664 734 36518 0 1 1 standing 
3 629 615 667 736 36519 0 1 1 standing 
4 573 573 632 725 36500 0 1 0 standing 
4 579 574 637 725 36501 0 1 1 standing 
4 585 576 642 726 36502 0 1 1 standing 
4 591 578 648 726 36503 0 1 1 standing 
4 598 580 653 727 36504 0 1 1 standing 
4 604 582 659 727 36505 0 1 1 standing 
4 610 583 664 728 36506 0 1 1 standing 
4 617 585 669 728 36507 0 1 1 standing 
4 623 587 675 729 36508 0 1 1 standing 
4 629 589 680 729 36509 0 1 1 standing 
4 636 591 686 730 36510 0 1 0 standing 
4 640 591 690 731 36511 0 1 1 standing 
4 644 592 694 732 36512 0 1 1 standing 
4 648 593 698 733 36513 0 1 1 standing 
4 653 594 703 734 36514 0 1 1 standing 
4 657 595 707 735 36515 0 1 1 standing 
4 661 595 711 736 36516 0 1 1 standing 
4 666 596 716 737 36517 0 1 1 standing 
4 670 597 720 738 36518 0 1 1 standing 
4 674 598 724 739 36519 0 1 1 standing 
5 604 602 674 768 36500 0 1 0 standing 
5 611 601 680 765 36501 0 1 1 standing 
5 618 601 686 763 36502 0 1 1 standing 
5 625 601 692 761 36503 0 1 1 standing 
5 633 600 698 759 36504 0 1 1 standing 
5 640 600 705 757 36505 0 1 1 standing 
5 647 600 711 754 36506 0 1 1 standing 
5 655 599 717 752 36507 0 1 1 standing 
5 662 599 723 750 36508 0 1 1 standing 
5 669 599 729 748 36509 0 1 1 standing 
5 677 599 736 746 36510 0 1 0 standing 
5 681 599 740 746 36511 0 1 1 standing 
5 685 599 744 746 36512 0 1 1 standing 
5 689 599 748 746 36513 0 1 1 standing 
5 694 600 753 747 36514 0 1 1 standing 
5 698 600 757 747 36515 0 1 1 standing 
5 702 600 761 747 36516 0 1 1 standing 
5 707 601 766 748 36517 0 1 1 standing 
5 711 601 770 748 36518 0 1 1 standing 
5 715 601 774 748 36519 0 1 1 standing 
6 1267 585 1354 738 36500 0 0 0 standing 
6 1273 583 1359 736 36501 0 0 1 standing 
6 1280 581 1364 734 36502 0 0 1 standing 
6 1287 580 1369 733 36503 0 0 0 standing 
6 1295 579 1369 731 36504 0 0 1 standing 
6 1303 578 1369 730 36505 0 0 1 standing 
6 1311 577 1369 729 36506 0 0 0 standing 
6 1317 576 1375 728 36507 0 0 1 standing 
6 1323 575 1382 728 36508 0 0 1 standing 
6 1330 575 1389 728 36509 0 0 0 standing 
6 1334 574 1396 725 36510 0 0 1 standing 
6 1339 573 1404 723 36511 0 0 1 standing 
6 1344 573 1412 721 36512 0 0 0 standing 
6 1350 572 1418 720 36513 0 0 1 standing 
6 1356 572 1424 720 36514 0 0 1 standing 
6 1363 572 1431 720 36515 0 0 0 standing 
6 1365 571 1431 719 36516 0 0 1 standing 
6 1368 571 1431 719 36517 0 0 1 standing 
6 1370 570 1431 718 36518 0 0 1 standing 
6 1373 570 1431 718 36519 0 0 1 standing 
7 1235 664 1294 838 36500 0 0 0 standing 
7 1245 664 1304 838 36501 0 0 1 standing 
7 1255 664 1314 838 36502 0 0 1 standing 
7 1266 664 1325 838 36503 0 0 0 standing 
7 1275 664 1334 838 36504 0 0 1 standing 
7 1284 665 1343 839 36505 0 0 1 standing 
7 1293 666 1352 840 36506 0 0 0 standing 
7 1302 665 1361 839 36507 0 0 1 standing 
7 1311 664 1370 838 36508 0 0 1 standing 
7 1320 663 1379 837 36509 0 0 0 standing 
7 1329 663 1388 839 36510 0 0 1 standing 
7 1339 663 1398 841 36511 0 0 1 standing 
7 1349 664 1408 843 36512 0 0 0 standing 
7 1356 664 1415 843 36513 0 0 1 standing 
7 1363 664 1422 843 36514 0 0 1 standing 
7 1371 664 1430 843 36515 0 0 0 standing 
7 1376 664 1435 843 36516 0 0 1 standing 
7 1382 664 1441 843 36517 0 0 1 standing 
7 1388 665 1447 844 36518 0 0 1 standing 
7 1394 665 1453 844 36519 0 0 1 standing 
8 1040 724 1139 908 36500 0 0 0 standing 
8 1050 724 1149 908 36501 0 0 1 standing 
8 1060 724 1159 908 36502 0 0 1 standing 
8 1071 724 1170 908 36503 0 0 0 standing 
8 1081 723 1180 907 36504 0 0 1 standing 
8 1092 722 1191 906 36505 0 0 1 standing 
8 1103 721 1202 905 36506 0 0 0 standing 
8 1115 719 1208 903 36507 0 0 1 standing 
8 1127 717 1214 901 36508 0 0 1 standing 
8 1139 716 1221 899 36509 0 0 0 standing 
8 1149 716 1227 897 36510 0 0 1 standing 
8 1160 716 1233 895 36511 0 0 1 standing 
8 1171 716 1240 894 36512 0 0 0 standing 
8 1178 716 1247 894 36513 0 0 1 standing 
8 1185 717 1254 895 36514 0 0 1 standing 
8 1192 718 1261 896 36515 0 0 0 standing 
8 1197 717 1265 896 36516 0 0 1 standing 
8 1202 716 1270 897 36517 0 0 1 standing 
8 1207 716 1275 897 36518 0 0 1 standing 
8 1212 715 1280 898 36519 0 0 1 standing 
9 1015 525 1084 653 36500 0 0 0 standing 
9 1022 520 1087 653 36501 0 0 1 standing 
9 1029 515 1090 653 36502 0 0 1 standing 
9 1036 510 1094 653 36503 0 0 0 standing 
9 1042 507 1100 650 36504 0 0 1 standing 
9 1048 505 1107 648 36505 0 0 1 standing 
9 1055 503 1114 646 36506 0 0 0 standing 
9 1060 501 1116 642 36507 0 0 1 standing 
9 1065 499 1118 638 36508 0 0 1 standing 
9 1071 497 1120 634 36509 0 0 0 standing 
9 1077 495 1126 632 36510 0 0 1 standing 
9 1084 493 1133 630 36511 0 0 1 standing 
9 1091 491 1140 628 36512 0 0 0 standing 
9 1092 490 1145 627 36513 0 0 1 standing 
9 1094 489 1150 626 36514 0 0 1 standing 
9 1096 488 1155 625 36515 0 0 0 standing 
9 1099 488 1157 624 36516 0 0 1 standing 
9 1103 488 1160 624 36517 0 0 1 standing 
9 1106 488 1162 623 36518 0 0 1 standing 
9 1110 488 1165 623 36519 0 0 1 standing 
10 743 562 795 711 36500 0 0 0 standing 
10 753 562 805 711 36501 0 0 1 standing 
10 763 562 815 711 36502 0 0 1 standing 
10 774 562 826 711 36503 0 0 0 standing 
10 784 562 840 710 36504 0 0 1 standing 
10 795 562 854 710 36505 0 0 1 standing 
10 806 562 869 710 36506 0 0 0 standing 
10 816 561 879 709 36507 0 0 1 standing 
10 826 561 889 709 36508 0 0 1 standing 
10 836 561 899 709 36509 0 0 0 standing 
10 844 560 909 708 36510 0 0 1 standing 
10 852 559 919 707 36511 0 0 1 standing 
10 861 558 929 707 36512 0 0 0 standing 
10 867 557 935 708 36513 0 0 1 standing 
10 874 557 942 710 36514 0 0 1 standing 
10 881 557 949 712 36515 0 0 0 standing 
10 888 557 954 711 36516 0 0 1 standing 
10 895 557 959 711 36517 0 0 1 standing 
10 902 557 964 711 36518 0 0 1 standing 
10 909 557 969 711 36519 0 0 1 standing 
11 789 546 837 690 36500 0 0 0 standing 
11 800 544 847 688 36501 0 0 1 standing 
11 812 542 857 686 36502 0 0 1 standing 
11 824 541 868 684 36503 0 0 0 standing 
11 836 539 880 682 36504 0 0 1 standing 
11 848 537 892 680 36505 0 0 1 standing 
11 861 536 905 679 36506 0 0 0 standing 
11 869 534 916 677 36507 0 0 1 standing 
11 877 532 928 675 36508 0 0 1 standing 
11 886 530 940 673 36509 0 0 0 standing 
11 896 528 953 671 36510 0 0 1 standing 
11 906 527 966 670 36511 0 0 1 standing 
11 916 526 980 669 36512 0 0 0 standing 
11 925 525 991 668 36513 0 0 1 standing 
11 935 524 1002 668 36514 0 0 1 standing 
11 945 524 1014 668 36515 0 0 0 standing 
11 952 523 1019 668 36516 0 0 1 standing 
11 960 522 1025 668 36517 0 0 1 standing 
11 968 521 1030 668 36518 0 0 1 standing 
11 976 520 1036 668 36519 0 0 1 standing 
