0 317 492 435 673 12675 0 1 0 standing 
0 310 493 427 675 12676 0 1 1 standing 
0 303 495 419 677 12677 0 1 1 standing 
0 296 497 411 679 12678 0 1 1 standing 
0 290 499 403 682 12679 0 1 0 standing 
0 287 496 399 680 12680 0 1 1 standing 
0 284 494 395 678 12681 0 1 1 standing 
0 282 492 391 676 12682 0 1 1 standing 
0 279 489 387 674 12683 0 1 1 standing 
0 276 487 383 672 12684 0 1 1 standing 
0 274 485 379 670 12685 0 1 0 standing 
0 269 487 376 671 12686 0 1 1 standing 
0 264 490 373 672 12687 0 1 1 standing 
0 260 493 370 673 12688 0 1 0 standing 
0 268 492 371 671 12689 0 1 1 standing 
0 277 491 373 669 12690 0 1 1 standing 
0 286 490 375 667 12691 0 1 1 standing 
0 294 489 376 665 12692 0 1 1 standing 
0 303 488 378 663 12693 0 1 1 standing 
0 312 487 380 661 12694 0 1 1 standing 
1 326 445 402 623 12675 0 1 0 standing 
1 325 441 399 623 12676 0 1 1 setting 
1 324 437 397 623 12677 0 1 1 setting 
1 324 433 395 623 12678 0 1 1 setting 
1 323 429 393 623 12679 0 1 1 setting 
1 322 425 391 623 12680 0 1 1 setting 
1 322 421 389 623 12681 0 1 1 setting 
1 321 417 387 623 12682 0 1 1 setting 
1 321 414 385 623 12683 0 1 0 setting 
1 320 407 383 612 12684 0 1 1 setting 
1 319 400 381 601 12685 0 1 1 setting 
1 319 393 380 591 12686 0 1 0 setting 
1 316 400 376 594 12687 0 1 1 setting 
1 313 407 372 598 12688 0 1 1 setting 
1 310 415 368 602 12689 0 1 1 setting 
1 307 422 364 606 12690 0 1 1 setting 
1 305 430 360 609 12691 0 1 1 setting 
1 302 437 356 613 12692 0 1 1 setting 
1 299 445 352 617 12693 0 1 1 setting 
1 296 452 348 621 12694 0 1 1 setting 
2 365 342 416 449 12675 0 1 0 setting 
2 362 340 412 446 12676 0 1 1 moving 
2 359 338 409 444 12677 0 1 1 moving 
2 356 337 405 442 12678 0 1 1 moving 
2 353 335 402 440 12679 0 1 1 moving 
2 350 334 398 438 12680 0 1 1 moving 
2 347 332 395 435 12681 0 1 1 moving 
2 344 330 391 433 12682 0 1 1 moving 
2 341 329 388 431 12683 0 1 1 moving 
2 338 327 384 429 12684 0 1 1 moving 
2 336 326 381 427 12685 0 1 0 moving 
2 327 326 381 429 12686 0 1 1 moving 
2 319 326 382 431 12687 0 1 1 moving 
2 310 326 383 433 12688 0 1 1 moving 
2 302 327 384 436 12689 0 1 0 moving 
2 305 327 385 434 12690 0 1 1 moving 
2 309 328 387 432 12691 0 1 1 moving 
2 313 328 388 430 12692 0 1 1 moving 
2 317 329 390 428 12693 0 1 1 moving 
2 321 329 391 426 12694 0 1 1 moving 
3 564 403 615 572 12675 0 0 0 moving 
3 562 400 612 569 12676 0 0 1 standing 
3 560 398 610 567 12677 0 0 1 standing 
3 559 396 608 565 12678 0 0 1 standing 
3 557 394 606 563 12679 0 0 1 standing 
3 556 392 604 561 12680 0 0 1 standing 
3 554 390 601 558 12681 0 0 1 standing 
3 552 388 599 556 12682 0 0 1 standing 
3 551 386 597 554 12683 0 0 1 standing 
3 549 384 595 552 12684 0 0 1 standing 
3 548 382 593 550 12685 0 0 0 standing 
3 544 381 589 548 12686 0 0 1 standing 
3 541 381 586 547 12687 0 0 1 standing 
3 537 381 582 545 12688 0 0 1 standing 
3 534 381 579 544 12689 0 0 1 standing 
3 531 381 575 542 12690 0 0 1 standing 
3 527 381 572 541 12691 0 0 1 standing 
3 524 381 568 539 12692 0 0 1 standing 
3 520 381 565 538 12693 0 0 1 standing 
3 517 381 561 536 12694 0 0 1 standing 
4 234 403 315 544 12675 0 0 0 standing 
4 241 400 319 540 12676 0 0 1 standing 
4 248 398 324 537 12677 0 0 1 standing 
4 255 396 328 534 12678 0 0 1 standing 
4 262 393 333 531 12679 0 0 1 standing 
4 269 391 337 528 12680 0 0 1 standing 
4 276 389 342 525 12681 0 0 1 standing 
4 283 386 346 522 12682 0 0 1 standing 
4 290 384 351 519 12683 0 0 1 standing 
4 297 382 355 516 12684 0 0 1 standing 
4 305 380 360 513 12685 0 0 0 standing 
4 310 379 364 511 12686 0 0 1 standing 
4 315 378 368 509 12687 0 0 1 standing 
4 320 377 372 507 12688 0 0 1 standing 
4 325 376 376 505 12689 0 0 1 standing 
4 330 375 381 503 12690 0 0 1 standing 
4 335 374 385 501 12691 0 0 1 standing 
4 340 373 389 499 12692 0 0 1 standing 
4 345 372 393 497 12693 0 0 1 standing 
4 350 371 397 495 12694 0 0 1 standing 
5 96 380 191 506 12675 0 1 0 standing 
5 99 378 194 505 12676 0 1 1 moving 
5 102 376 197 504 12677 0 1 1 moving 
5 106 374 200 503 12678 0 1 1 moving 
5 109 372 204 502 12679 0 1 1 moving 
5 113 370 207 502 12680 0 1 1 moving 
5 116 368 210 501 12681 0 1 1 moving 
5 119 366 214 500 12682 0 1 1 moving 
5 123 364 217 499 12683 0 1 1 moving 
5 126 362 220 498 12684 0 1 1 moving 
5 130 361 224 498 12685 0 1 0 moving 
5 135 360 227 497 12686 0 1 1 moving 
5 140 359 231 496 12687 0 1 1 moving 
5 145 358 234 495 12688 0 1 1 moving 
5 150 357 238 494 12689 0 1 1 moving 
5 155 356 242 493 12690 0 1 1 moving 
5 160 355 245 492 12691 0 1 1 moving 
5 165 354 249 491 12692 0 1 1 moving 
5 170 353 253 490 12693 0 1 1 moving 
5 175 352 256 489 12694 0 1 1 moving 
6 1098 477 1160 615 12675 0 0 0 moving 
6 1097 476 1159 613 12676 0 0 1 waiting 
6 1097 476 1159 612 12677 0 0 1 waiting 
6 1097 475 1159 611 12678 0 0 1 waiting 
6 1097 475 1158 610 12679 0 0 1 waiting 
6 1097 475 1158 609 12680 0 0 1 waiting 
6 1096 474 1158 607 12681 0 0 1 waiting 
6 1096 474 1157 606 12682 0 0 1 waiting 
6 1096 473 1157 605 12683 0 0 1 waiting 
6 1096 473 1157 604 12684 0 0 1 waiting 
6 1096 473 1157 603 12685 0 0 0 waiting 
6 1092 473 1157 602 12686 0 0 1 waiting 
6 1089 473 1157 601 12687 0 0 1 waiting 
6 1086 473 1157 600 12688 0 0 1 waiting 
6 1083 473 1157 599 12689 0 0 1 waiting 
6 1080 473 1157 599 12690 0 0 1 waiting 
6 1076 473 1157 598 12691 0 0 1 waiting 
6 1073 473 1157 597 12692 0 0 1 waiting 
6 1070 473 1157 596 12693 0 0 1 waiting 
6 1067 473 1157 595 12694 0 0 1 waiting 
7 1066 402 1122 544 12675 0 0 0 waiting 
7 1068 400 1124 542 12676 0 0 1 digging 
7 1070 398 1126 540 12677 0 0 1 digging 
7 1073 397 1128 538 12678 0 0 1 digging 
7 1075 395 1130 537 12679 0 0 1 digging 
7 1078 394 1132 535 12680 0 0 1 digging 
7 1080 392 1134 533 12681 0 0 1 digging 
7 1082 390 1136 532 12682 0 0 1 digging 
7 1085 389 1138 530 12683 0 0 1 digging 
7 1087 387 1140 528 12684 0 0 1 digging 
7 1090 386 1143 527 12685 0 0 0 digging 
7 1088 385 1145 526 12686 0 0 1 digging 
7 1086 385 1148 525 12687 0 0 1 digging 
7 1085 385 1151 524 12688 0 0 1 digging 
7 1083 385 1154 523 12689 0 0 1 digging 
7 1082 385 1157 522 12690 0 0 1 digging 
7 1080 384 1160 521 12691 0 0 1 digging 
7 1078 384 1163 520 12692 0 0 1 digging 
7 1077 384 1166 519 12693 0 0 1 digging 
7 1075 384 1169 518 12694 0 0 1 digging 
8 874 364 938 483 12675 0 0 0 digging 
8 877 362 943 481 12676 0 0 1 standing 
8 881 361 948 479 12677 0 0 1 standing 
8 885 360 953 477 12678 0 0 1 standing 
8 888 358 958 475 12679 0 0 1 standing 
8 892 357 963 473 12680 0 0 1 standing 
8 896 356 968 471 12681 0 0 1 standing 
8 899 354 973 469 12682 0 0 1 standing 
8 903 353 978 467 12683 0 0 1 standing 
8 907 352 983 465 12684 0 0 1 standing 
8 911 351 988 464 12685 0 0 0 standing 
8 912 350 987 463 12686 0 0 1 standing 
8 914 349 987 463 12687 0 0 1 standing 
8 915 348 987 462 12688 0 0 1 standing 
8 917 348 987 462 12689 0 0 1 standing 
8 919 347 987 461 12690 0 0 1 standing 
8 920 346 987 461 12691 0 0 1 standing 
8 922 346 987 460 12692 0 0 1 standing 
8 923 345 987 460 12693 0 0 1 standing 
8 925 344 987 459 12694 0 0 1 standing 
9 676 436 736 591 12675 0 0 0 standing 
9 673 435 733 590 12676 0 0 1 standing 
9 671 434 731 589 12677 0 0 1 standing 
9 669 433 729 588 12678 0 0 1 standing 
9 667 432 727 587 12679 0 0 1 standing 
9 665 432 725 587 12680 0 0 1 standing 
9 663 431 723 586 12681 0 0 1 standing 
9 661 430 721 585 12682 0 0 1 standing 
9 659 429 719 584 12683 0 0 1 standing 
9 657 428 717 583 12684 0 0 1 standing 
9 655 428 715 583 12685 0 0 0 standing 
9 653 428 716 582 12686 0 0 1 standing 
9 651 429 717 581 12687 0 0 1 standing 
9 649 430 718 581 12688 0 0 1 standing 
9 647 431 719 580 12689 0 0 1 standing 
9 645 432 720 580 12690 0 0 1 standing 
9 643 432 721 579 12691 0 0 1 standing 
9 641 433 722 578 12692 0 0 1 standing 
9 639 434 723 578 12693 0 0 1 standing 
9 637 435 724 577 12694 0 0 1 standing 
10 679 397 730 540 12675 0 0 0 standing 
10 676 395 727 537 12676 0 0 1 standing 
10 673 393 724 535 12677 0 0 1 standing 
10 670 392 721 532 12678 0 0 1 standing 
10 668 390 718 530 12679 0 0 1 standing 
10 665 389 716 528 12680 0 0 1 standing 
10 662 387 713 525 12681 0 0 1 standing 
10 660 385 710 523 12682 0 0 1 standing 
10 657 384 707 520 12683 0 0 1 standing 
10 654 382 704 518 12684 0 0 1 standing 
10 652 381 702 516 12685 0 0 0 standing 
10 648 380 698 515 12686 0 0 1 standing 
10 644 379 694 515 12687 0 0 1 standing 
10 640 379 690 515 12688 0 0 1 standing 
10 637 378 686 515 12689 0 0 1 standing 
10 633 378 683 515 12690 0 0 1 standing 
10 629 377 679 514 12691 0 0 1 standing 
10 626 376 675 514 12692 0 0 1 standing 
10 622 376 671 514 12693 0 0 1 standing 
10 618 375 667 514 12694 0 0 1 standing 
11 698 377 742 484 12675 0 0 0 standing 
11 694 375 738 482 12676 0 0 1 standing 
11 691 374 734 481 12677 0 0 1 standing 
11 687 373 731 480 12678 0 0 1 standing 
11 684 372 727 479 12679 0 0 1 standing 
11 681 371 724 478 12680 0 0 1 standing 
11 677 370 720 477 12681 0 0 1 standing 
11 674 369 716 476 12682 0 0 1 standing 
11 670 368 713 475 12683 0 0 1 standing 
11 667 367 709 474 12684 0 0 1 standing 
11 664 366 706 473 12685 0 0 0 standing 
11 659 365 701 472 12686 0 0 1 standing 
11 655 365 697 472 12687 0 0 1 standing 
11 651 364 693 471 12688 0 0 1 standing 
11 647 364 689 471 12689 0 0 1 standing 
11 643 364 685 471 12690 0 0 1 standing 
11 638 363 680 470 12691 0 0 1 standing 
11 634 363 676 470 12692 0 0 1 standing 
11 630 362 672 469 12693 0 0 1 standing 
11 626 362 668 469 12694 0 0 1 standing 
