0 921 388 981 514 38645 0 1 0 standing 
0 922 387 981 513 38646 0 1 1 standing 
0 924 387 981 513 38647 0 1 1 standing 
0 925 386 981 513 38648 0 1 1 standing 
0 927 386 982 513 38649 0 1 1 standing 
0 929 385 982 513 38650 0 1 1 standing 
0 930 385 982 512 38651 0 1 1 standing 
0 932 384 983 512 38652 0 1 1 standing 
0 933 384 983 512 38653 0 1 1 standing 
0 935 383 983 512 38654 0 1 1 standing 
0 937 383 984 512 38655 0 1 0 standing 
0 939 381 986 510 38656 0 1 1 standing 
0 942 380 989 508 38657 0 1 1 standing 
0 945 378 992 506 38658 0 1 1 standing 
0 948 377 995 505 38659 1 1 0 standing 
0 948 377 995 505 38660 1 1 1 standing 
0 948 377 995 505 38661 1 1 1 standing 
0 948 377 995 505 38662 1 1 1 standing 
0 948 377 995 505 38663 1 1 1 standing 
0 948 377 995 505 38664 1 1 1 standing 
1 890 338 936 475 38645 0 1 0 standing 
1 890 336 940 474 38646 0 1 1 standing 
1 891 335 945 473 38647 0 1 1 standing 
1 891 333 950 472 38648 0 1 1 standing 
1 892 332 955 471 38649 0 1 0 standing 
1 893 332 952 470 38650 0 1 1 standing 
1 894 333 949 469 38651 0 1 1 standing 
1 896 333 947 468 38652 0 1 1 standing 
1 897 334 944 467 38653 0 1 1 standing 
1 898 334 941 466 38654 0 1 1 standing 
1 900 335 939 465 38655 0 1 0 standing 
1 901 335 939 466 38656 0 1 1 standing 
1 902 335 940 468 38657 0 1 1 standing 
1 903 335 940 469 38658 0 1 1 standing 
1 904 335 941 471 38659 1 1 0 standing 
1 902 334 945 471 38660 1 1 1 standing 
1 900 333 950 472 38661 1 1 1 standing 
1 898 333 954 473 38662 1 1 1 standing 
1 896 332 959 474 38663 1 1 1 standing 
1 895 332 964 475 38664 1 1 0 standing 
2 1105 320 1148 453 38645 0 1 0 standing 
2 1097 320 1142 453 38646 0 1 1 standing 
2 1089 321 1137 454 38647 0 1 1 standing 
2 1081 322 1131 454 38648 0 1 1 standing 
2 1073 323 1126 455 38649 0 1 0 standing 
2 1065 326 1121 455 38650 0 1 1 standing 
2 1057 329 1116 456 38651 0 1 1 standing 
2 1049 332 1111 457 38652 0 1 1 standing 
2 1041 336 1107 458 38653 0 1 0 standing 
2 1040 336 1101 458 38654 0 1 1 standing 
2 1039 336 1095 459 38655 0 1 1 standing 
2 1038 336 1089 460 38656 0 1 1 standing 
2 1037 336 1083 461 38657 0 1 1 standing 
2 1036 336 1077 462 38658 0 1 1 standing 
2 1035 336 1072 463 38659 1 1 0 standing 
2 1035 336 1072 463 38660 1 1 1 standing 
2 1035 336 1072 463 38661 1 1 1 standing 
2 1035 336 1072 463 38662 1 1 1 standing 
2 1035 336 1072 463 38663 1 1 1 standing 
2 1035 336 1072 463 38664 1 1 1 standing 
3 786 310 835 437 38645 0 1 0 standing 
3 786 311 839 438 38646 0 1 1 standing 
3 786 312 843 439 38647 0 1 1 standing 
3 787 314 847 440 38648 0 1 1 standing 
3 787 315 851 441 38649 0 1 1 standing 
3 788 317 855 443 38650 0 1 0 standing 
3 792 316 859 443 38651 0 1 1 standing 
3 796 316 863 443 38652 0 1 1 standing 
3 800 315 867 444 38653 0 1 1 standing 
3 804 315 871 444 38654 0 1 1 standing 
3 808 315 876 445 38655 0 1 0 standing 
3 814 315 875 446 38656 0 1 1 standing 
3 820 315 875 448 38657 0 1 1 standing 
3 826 315 875 450 38658 0 1 1 standing 
3 833 316 875 452 38659 1 1 0 standing 
3 833 316 875 452 38660 1 1 1 standing 
3 833 316 875 452 38661 1 1 1 standing 
3 833 316 875 452 38662 1 1 1 standing 
3 833 316 875 452 38663 1 1 1 standing 
3 833 316 875 452 38664 1 1 1 standing 
4 778 331 825 466 38645 0 1 0 standing 
4 779 332 829 466 38646 0 1 1 standing 
4 780 334 833 467 38647 0 1 1 standing 
4 781 335 837 467 38648 0 1 1 standing 
4 782 337 841 468 38649 0 1 1 standing 
4 783 338 845 468 38650 0 1 1 standing 
4 784 340 850 469 38651 0 1 0 standing 
4 788 339 850 468 38652 0 1 1 standing 
4 793 338 850 468 38653 0 1 1 standing 
4 798 337 850 467 38654 0 1 1 standing 
4 803 336 850 467 38655 0 1 0 standing 
4 809 337 852 468 38656 0 1 1 standing 
4 816 338 854 469 38657 0 1 1 standing 
4 823 339 856 470 38658 0 1 1 standing 
4 830 340 859 471 38659 1 1 0 standing 
4 830 340 859 471 38660 1 1 1 standing 
4 830 340 859 471 38661 1 1 1 standing 
4 830 340 859 471 38662 1 1 1 standing 
4 830 340 859 471 38663 1 1 1 standing 
4 830 340 859 471 38664 1 1 1 standing 
5 891 396 931 533 38645 0 1 0 standing 
5 891 394 931 533 38646 0 1 1 standing 
5 891 392 931 533 38647 0 1 1 standing 
5 892 390 931 533 38648 0 1 1 standing 
5 892 388 931 533 38649 0 1 1 standing 
5 893 387 932 533 38650 0 1 0 standing 
5 893 385 932 530 38651 0 1 1 standing 
5 894 384 933 528 38652 0 1 1 standing 
5 895 382 934 525 38653 0 1 1 standing 
5 896 381 935 523 38654 0 1 1 standing 
5 897 380 936 521 38655 0 1 0 standing 
5 898 377 937 518 38656 0 1 1 standing 
5 899 374 938 515 38657 0 1 1 standing 
5 900 371 939 512 38658 0 1 1 standing 
5 901 368 940 510 38659 1 1 0 standing 
5 901 368 940 510 38660 1 1 1 standing 
5 901 368 940 510 38661 1 1 1 standing 
5 901 368 940 510 38662 1 1 1 standing 
5 901 368 940 510 38663 1 1 1 standing 
5 901 368 940 510 38664 1 1 1 standing 
6 638 356 688 484 38645 0 0 0 standing 
6 637 355 687 483 38646 0 0 1 standing 
6 637 354 687 483 38647 0 0 1 standing 
6 637 353 687 482 38648 0 0 1 standing 
6 637 352 686 482 38649 0 0 1 standing 
6 637 351 686 482 38650 0 0 1 standing 
6 636 350 686 481 38651 0 0 1 standing 
6 636 349 685 481 38652 0 0 1 standing 
6 636 348 685 480 38653 0 0 1 standing 
6 636 347 685 480 38654 0 0 1 standing 
6 636 347 685 480 38655 0 0 0 standing 
6 636 346 685 479 38656 0 0 1 standing 
6 637 345 686 478 38657 0 0 1 standing 
6 637 344 686 477 38658 0 0 1 standing 
6 638 344 687 477 38659 1 0 0 standing 
6 638 344 687 477 38660 1 0 1 standing 
6 638 344 687 477 38661 1 0 1 standing 
6 638 344 687 477 38662 1 0 1 standing 
6 638 344 687 477 38663 1 0 1 standing 
6 638 344 687 477 38664 1 0 1 standing 
7 155 411 222 537 38645 0 0 0 standing 
7 151 410 215 536 38646 0 0 1 standing 
7 147 409 209 536 38647 0 0 1 standing 
7 144 408 203 536 38648 0 0 1 standing 
7 140 407 197 535 38649 0 0 1 standing 
7 137 406 191 535 38650 0 0 1 standing 
7 133 405 185 535 38651 0 0 1 standing 
7 130 405 179 535 38652 0 0 0 standing 
7 122 406 180 536 38653 0 0 1 standing 
7 115 408 181 537 38654 0 0 1 standing 
7 108 410 183 539 38655 0 0 0 standing 
7 106 410 181 539 38656 0 0 1 standing 
7 104 410 180 539 38657 0 0 1 standing 
7 102 410 179 539 38658 0 0 1 standing 
7 101 410 178 539 38659 1 0 0 standing 
7 101 410 178 539 38660 1 0 1 standing 
7 101 410 178 539 38661 1 0 1 standing 
7 101 410 178 539 38662 1 0 1 standing 
7 101 410 178 539 38663 1 0 1 standing 
7 101 410 178 539 38664 1 0 1 standing 
8 221 347 263 484 38645 0 0 0 standing 
8 221 347 263 484 38646 0 0 1 standing 
8 221 347 263 484 38647 0 0 1 standing 
8 221 347 263 484 38648 0 0 1 standing 
8 221 347 263 484 38649 0 0 1 standing 
8 221 347 263 484 38650 0 0 1 standing 
8 221 347 263 484 38651 0 0 1 standing 
8 221 347 263 484 38652 0 0 1 standing 
8 221 347 263 484 38653 0 0 1 standing 
8 221 347 263 484 38654 0 0 1 standing 
8 221 347 263 484 38655 0 0 1 standing 
8 221 347 263 484 38656 0 0 1 standing 
8 221 347 263 484 38657 0 0 1 standing 
8 221 347 263 484 38658 0 0 1 standing 
8 221 347 263 484 38659 1 0 0 standing 
8 221 347 263 484 38660 1 0 1 standing 
8 221 347 263 484 38661 1 0 1 standing 
8 221 347 263 484 38662 1 0 1 standing 
8 221 347 263 484 38663 1 0 1 standing 
8 221 347 263 484 38664 1 0 1 standing 
9 276 301 314 418 38645 0 0 0 standing 
9 276 301 314 418 38646 0 0 1 standing 
9 276 301 314 418 38647 0 0 1 standing 
9 276 301 314 418 38648 0 0 1 standing 
9 276 301 314 418 38649 0 0 1 standing 
9 276 301 314 418 38650 0 0 1 standing 
9 276 301 314 418 38651 0 0 1 standing 
9 276 301 314 418 38652 0 0 1 standing 
9 276 301 314 418 38653 0 0 1 standing 
9 276 301 314 418 38654 0 0 0 standing 
9 276 301 314 418 38655 0 0 1 standing 
9 276 301 314 418 38656 0 0 1 standing 
9 276 301 314 418 38657 0 0 1 standing 
9 276 301 314 418 38658 0 0 1 standing 
9 276 301 314 418 38659 1 0 0 standing 
9 276 301 314 418 38660 1 0 1 standing 
9 276 301 314 418 38661 1 0 1 standing 
9 276 301 314 418 38662 1 0 1 standing 
9 276 301 314 418 38663 1 0 1 standing 
9 276 301 314 418 38664 1 0 1 standing 
10 508 305 573 427 38645 0 0 0 standing 
10 508 305 573 426 38646 0 0 1 standing 
10 509 305 573 426 38647 0 0 1 standing 
10 509 305 573 426 38648 0 0 1 standing 
10 510 305 573 426 38649 0 0 1 standing 
10 511 305 573 426 38650 0 0 1 standing 
10 511 305 573 425 38651 0 0 1 standing 
10 512 305 573 425 38652 0 0 1 standing 
10 512 305 573 425 38653 0 0 1 standing 
10 513 305 573 425 38654 0 0 1 standing 
10 514 305 574 425 38655 0 0 0 standing 
10 515 304 574 425 38656 0 0 1 standing 
10 516 304 575 426 38657 0 0 1 standing 
10 517 304 576 426 38658 0 0 1 standing 
10 518 304 577 427 38659 1 0 0 standing 
10 518 304 577 427 38660 1 0 1 standing 
10 518 304 577 427 38661 1 0 1 standing 
10 518 304 577 427 38662 1 0 1 standing 
10 518 304 577 427 38663 1 0 1 standing 
10 518 304 577 427 38664 1 0 1 standing 
11 473 256 529 370 38645 0 0 0 standing 
11 473 256 529 370 38646 0 0 1 standing 
11 473 256 529 370 38647 0 0 1 standing 
11 473 256 529 370 38648 0 0 1 standing 
11 473 256 529 370 38649 0 0 1 standing 
11 473 256 529 370 38650 0 0 1 standing 
11 473 256 529 370 38651 0 0 1 standing 
11 473 256 529 370 38652 0 0 1 standing 
11 473 256 529 370 38653 0 0 1 standing 
11 473 256 529 370 38654 0 0 1 standing 
11 473 256 529 370 38655 0 0 1 standing 
11 473 256 529 370 38656 0 0 1 standing 
11 473 256 529 370 38657 0 0 1 standing 
11 473 256 529 370 38658 0 0 1 standing 
11 473 256 529 370 38659 1 0 0 standing 
11 473 256 529 370 38660 1 0 1 standing 
11 473 256 529 370 38661 1 0 1 standing 
11 473 256 529 370 38662 1 0 1 standing 
11 473 256 529 370 38663 1 0 1 standing 
11 473 256 529 370 38664 1 0 1 standing 
