0 1163 380 1273 549 30310 0 1 0 spiking 
0 1157 373 1266 542 30311 0 1 1 spiking 
0 1151 366 1259 536 30312 0 1 1 spiking 
0 1145 359 1252 529 30313 0 1 1 spiking 
0 1139 352 1245 523 30314 0 1 1 spiking 
0 1134 345 1239 516 30315 0 1 1 spiking 
0 1128 338 1232 510 30316 0 1 1 spiking 
0 1122 331 1225 503 30317 0 1 1 spiking 
0 1116 324 1218 497 30318 0 1 1 spiking 
0 1110 317 1211 490 30319 0 1 1 spiking 
0 1105 311 1205 484 30320 0 1 0 spiking 
0 1091 314 1187 487 30321 0 1 1 spiking 
0 1077 317 1170 490 30322 0 1 1 spiking 
0 1064 320 1153 493 30323 0 1 0 spiking 
0 1058 328 1144 501 30324 0 1 1 spiking 
0 1053 336 1136 509 30325 0 1 1 spiking 
0 1048 345 1128 517 30326 0 1 1 spiking 
0 1042 353 1120 526 30327 0 1 1 spiking 
0 1037 362 1112 534 30328 0 1 1 spiking 
0 1032 370 1104 542 30329 0 1 1 spiking 
1 852 431 918 582 30310 0 1 0 spiking 
1 853 421 919 580 30311 0 1 1 blocking 
1 855 412 921 578 30312 0 1 1 blocking 
1 857 402 923 576 30313 0 1 1 blocking 
1 859 393 924 574 30314 0 1 1 blocking 
1 861 384 926 572 30315 0 1 1 blocking 
1 862 374 928 570 30316 0 1 1 blocking 
1 864 365 929 568 30317 0 1 1 blocking 
1 866 355 931 566 30318 0 1 1 blocking 
1 868 346 933 564 30319 0 1 1 blocking 
1 870 337 935 562 30320 0 1 0 blocking 
1 871 336 936 560 30321 0 1 1 blocking 
1 872 336 937 558 30322 0 1 1 blocking 
1 874 336 938 556 30323 0 1 1 blocking 
1 875 335 940 554 30324 0 1 1 blocking 
1 877 335 941 552 30325 0 1 1 blocking 
1 878 335 942 550 30326 0 1 1 blocking 
1 879 334 944 548 30327 0 1 1 blocking 
1 881 334 945 546 30328 0 1 1 blocking 
1 882 334 946 544 30329 0 1 1 blocking 
2 847 469 909 621 30310 0 1 0 blocking 
2 849 456 911 616 30311 0 1 1 blocking 
2 852 444 914 611 30312 0 1 1 blocking 
2 855 431 917 606 30313 0 1 1 blocking 
2 857 419 920 601 30314 0 1 1 blocking 
2 860 406 923 596 30315 0 1 1 blocking 
2 863 394 925 591 30316 0 1 1 blocking 
2 865 381 928 586 30317 0 1 1 blocking 
2 868 369 931 581 30318 0 1 1 blocking 
2 871 356 934 576 30319 0 1 1 blocking 
2 874 344 937 571 30320 0 1 0 blocking 
2 874 342 937 567 30321 0 1 1 blocking 
2 875 341 938 564 30322 0 1 1 blocking 
2 875 340 939 560 30323 0 1 1 blocking 
2 876 339 939 557 30324 0 1 1 blocking 
2 877 338 940 554 30325 0 1 1 blocking 
2 877 336 941 550 30326 0 1 1 blocking 
2 878 335 941 547 30327 0 1 1 blocking 
2 878 334 942 543 30328 0 1 1 blocking 
2 879 333 943 540 30329 0 1 1 blocking 
3 199 546 271 716 30310 0 0 0 blocking 
3 200 546 272 715 30311 0 0 1 standing 
3 201 546 273 715 30312 0 0 1 standing 
3 202 546 274 715 30313 0 0 0 standing 
3 202 545 276 714 30314 0 0 1 standing 
3 202 545 279 713 30315 0 0 1 standing 
3 202 545 282 712 30316 0 0 0 standing 
3 200 543 280 708 30317 0 0 1 standing 
3 198 541 278 704 30318 0 0 1 standing 
3 196 540 277 701 30319 0 0 0 standing 
3 198 539 276 695 30320 0 0 1 standing 
3 200 538 275 689 30321 0 0 1 standing 
3 202 538 274 683 30322 0 0 0 standing 
3 203 538 272 683 30323 0 0 1 standing 
3 204 539 271 684 30324 0 0 1 standing 
3 205 540 270 685 30325 0 0 0 standing 
3 206 540 271 685 30326 0 0 1 standing 
3 208 540 273 685 30327 0 0 1 standing 
3 210 540 275 685 30328 0 0 0 standing 
3 209 539 278 684 30329 0 0 1 standing 
4 332 486 398 624 30310 0 0 0 standing 
4 330 482 398 618 30311 0 0 1 standing 
4 328 479 399 612 30312 0 0 1 standing 
4 327 476 400 607 30313 0 0 0 standing 
4 327 474 397 601 30314 0 0 1 standing 
4 327 472 394 595 30315 0 0 1 standing 
4 327 471 391 589 30316 0 0 0 standing 
4 323 470 386 588 30317 0 0 1 standing 
4 319 469 382 587 30318 0 0 1 standing 
4 316 468 378 586 30319 0 0 0 standing 
4 317 467 379 585 30320 0 0 1 standing 
4 318 466 380 584 30321 0 0 1 standing 
4 319 465 381 583 30322 0 0 0 standing 
4 319 465 381 586 30323 0 0 1 standing 
4 319 465 381 589 30324 0 0 1 standing 
4 319 465 381 593 30325 0 0 0 standing 
4 320 466 383 592 30326 0 0 1 standing 
4 322 467 385 591 30327 0 0 1 standing 
4 324 469 387 591 30328 0 0 1 standing 
4 326 470 389 590 30329 0 0 1 standing 
5 364 639 458 797 30310 0 0 0 standing 
5 365 639 459 797 30311 0 0 1 waiting 
5 367 639 461 797 30312 0 0 1 waiting 
5 369 639 463 797 30313 0 0 0 waiting 
5 370 640 465 796 30314 0 0 1 waiting 
5 371 642 467 796 30315 0 0 1 waiting 
5 373 644 469 796 30316 0 0 0 waiting 
5 374 644 471 796 30317 0 0 1 waiting 
5 376 644 473 796 30318 0 0 1 waiting 
5 378 644 475 796 30319 0 0 0 waiting 
5 378 644 475 795 30320 0 0 1 waiting 
5 378 645 476 794 30321 0 0 1 waiting 
5 379 646 477 794 30322 0 0 0 waiting 
5 380 646 478 794 30323 0 0 1 waiting 
5 382 646 480 794 30324 0 0 1 waiting 
5 384 646 482 794 30325 0 0 0 waiting 
5 385 645 483 793 30326 0 0 1 waiting 
5 387 644 484 792 30327 0 0 1 waiting 
5 389 644 485 791 30328 0 0 1 waiting 
5 391 643 486 790 30329 0 0 1 waiting 
6 817 590 907 780 30310 0 0 0 waiting 
6 807 589 908 780 30311 0 0 1 standing 
6 797 589 909 781 30312 0 0 1 standing 
6 787 589 910 782 30313 0 0 0 standing 
6 785 585 910 778 30314 0 0 1 standing 
6 784 582 910 775 30315 0 0 1 standing 
6 783 579 911 772 30316 0 0 0 standing 
6 783 575 908 768 30317 0 0 1 standing 
6 783 571 906 764 30318 0 0 1 standing 
6 784 567 904 760 30319 0 0 0 standing 
6 780 564 892 755 30320 0 0 1 standing 
6 776 561 881 750 30321 0 0 1 standing 
6 772 558 870 745 30322 0 0 0 standing 
6 770 556 866 743 30323 0 0 1 standing 
6 768 555 862 741 30324 0 0 1 standing 
6 766 554 858 739 30325 0 0 0 standing 
6 754 553 855 738 30326 0 0 1 standing 
6 742 553 852 737 30327 0 0 1 standing 
6 730 553 849 737 30328 0 0 0 standing 
6 727 553 846 737 30329 0 0 1 standing 
7 949 437 1046 680 30310 0 0 0 standing 
7 950 447 1042 684 30311 0 0 1 standing 
7 951 458 1038 688 30312 0 0 1 standing 
7 952 469 1035 692 30313 0 0 0 standing 
7 954 480 1037 698 30314 0 0 1 standing 
7 956 492 1039 704 30315 0 0 1 standing 
7 958 504 1041 710 30316 0 0 0 standing 
7 957 507 1040 709 30317 0 0 1 standing 
7 956 511 1039 709 30318 0 0 1 standing 
7 955 515 1039 709 30319 0 0 0 standing 
7 955 514 1039 708 30320 0 0 1 standing 
7 956 513 1039 707 30321 0 0 1 standing 
7 957 512 1040 706 30322 0 0 0 standing 
7 959 512 1040 704 30323 0 0 1 standing 
7 961 512 1040 702 30324 0 0 1 standing 
7 964 512 1041 700 30325 0 0 0 standing 
7 967 510 1043 702 30326 0 0 1 standing 
7 970 508 1045 704 30327 0 0 1 standing 
7 973 507 1047 706 30328 0 0 0 standing 
7 974 505 1048 706 30329 0 0 1 standing 
8 1190 459 1289 599 30310 0 0 0 standing 
8 1194 458 1296 602 30311 0 0 1 standing 
8 1199 458 1303 606 30312 0 0 1 standing 
8 1204 458 1311 610 30313 0 0 0 standing 
8 1217 459 1318 611 30314 0 0 1 standing 
8 1230 460 1325 612 30315 0 0 1 standing 
8 1243 461 1332 613 30316 0 0 0 standing 
8 1250 464 1342 618 30317 0 0 1 standing 
8 1257 467 1352 623 30318 0 0 1 standing 
8 1264 470 1362 628 30319 0 0 0 standing 
8 1266 475 1364 628 30320 0 0 1 standing 
8 1268 481 1366 628 30321 0 0 1 standing 
8 1270 487 1369 629 30322 0 0 0 standing 
8 1271 481 1368 628 30323 0 0 1 standing 
8 1272 475 1368 628 30324 0 0 1 standing 
8 1273 470 1368 628 30325 0 0 0 standing 
8 1271 467 1360 625 30326 0 0 1 standing 
8 1270 464 1352 622 30327 0 0 1 standing 
8 1269 462 1345 620 30328 0 0 0 standing 
8 1268 463 1339 619 30329 0 0 1 standing 
9 1276 494 1334 666 30310 0 0 0 standing 
9 1262 494 1327 666 30311 0 0 1 standing 
9 1248 494 1320 666 30312 0 0 1 standing 
9 1234 494 1314 667 30313 0 0 0 standing 
9 1223 492 1309 663 30314 0 0 1 standing 
9 1212 490 1304 659 30315 0 0 1 standing 
9 1201 488 1299 655 30316 0 0 0 standing 
9 1201 488 1288 655 30317 0 0 1 standing 
9 1201 488 1277 655 30318 0 0 1 standing 
9 1201 489 1266 656 30319 0 0 0 standing 
9 1191 489 1261 656 30320 0 0 1 standing 
9 1181 489 1256 656 30321 0 0 1 standing 
9 1171 490 1252 656 30322 0 0 0 standing 
9 1165 493 1247 656 30323 0 0 1 standing 
9 1159 497 1243 656 30324 0 0 1 standing 
9 1153 501 1239 656 30325 0 0 0 standing 
9 1155 502 1236 657 30326 0 0 1 standing 
9 1157 504 1233 659 30327 0 0 1 standing 
9 1159 506 1230 661 30328 0 0 0 standing 
9 1158 506 1229 661 30329 0 0 1 standing 
10 1208 651 1354 851 30310 0 0 0 standing 
10 1203 651 1339 851 30311 0 0 1 moving 
10 1199 652 1325 852 30312 0 0 1 moving 
10 1195 653 1311 853 30313 0 0 0 moving 
10 1185 651 1292 851 30314 0 0 1 moving 
10 1175 649 1273 849 30315 0 0 1 moving 
10 1165 648 1254 848 30316 0 0 0 moving 
10 1146 644 1252 847 30317 0 0 1 moving 
10 1127 640 1250 847 30318 0 0 1 moving 
10 1108 636 1249 847 30319 0 0 0 moving 
10 1103 635 1241 846 30320 0 0 1 moving 
10 1098 634 1234 845 30321 0 0 1 moving 
10 1093 633 1227 844 30322 0 0 0 moving 
10 1087 630 1210 843 30323 0 0 1 moving 
10 1081 627 1193 842 30324 0 0 1 moving 
10 1075 624 1176 841 30325 0 0 0 moving 
10 1070 621 1169 840 30326 0 0 1 moving 
10 1065 618 1162 840 30327 0 0 1 moving 
10 1060 616 1155 840 30328 0 0 0 moving 
10 1052 616 1150 840 30329 0 0 1 moving 
11 1481 521 1547 666 30310 0 0 0 moving 
11 1480 521 1545 666 30311 0 0 1 waiting 
11 1480 521 1543 666 30312 0 0 1 waiting 
11 1480 521 1542 667 30313 0 0 0 waiting 
11 1479 518 1541 667 30314 0 0 1 waiting 
11 1478 515 1540 667 30315 0 0 1 waiting 
11 1477 513 1539 667 30316 0 0 0 waiting 
11 1477 511 1539 663 30317 0 0 1 waiting 
11 1478 509 1540 659 30318 0 0 1 waiting 
11 1479 507 1541 656 30319 0 0 0 waiting 
11 1480 507 1542 656 30320 0 0 1 waiting 
11 1481 507 1543 656 30321 0 0 1 waiting 
11 1482 507 1544 656 30322 0 0 0 waiting 
11 1482 504 1543 655 30323 0 0 1 waiting 
11 1482 502 1543 655 30324 0 0 1 waiting 
11 1482 500 1543 655 30325 0 0 0 waiting 
11 1485 501 1546 656 30326 0 0 1 waiting 
11 1488 502 1549 657 30327 0 0 1 waiting 
11 1491 503 1552 658 30328 0 0 0 waiting 
11 1491 504 1552 658 30329 0 0 1 waiting 
