0 292 404 341 506 40595 0 0 0 standing 
0 291 403 340 505 40596 0 0 1 standing 
0 291 402 339 505 40597 0 0 1 standing 
0 291 402 339 505 40598 0 0 1 standing 
0 291 401 338 505 40599 0 0 1 standing 
0 291 401 338 505 40600 0 0 1 standing 
0 291 400 337 505 40601 0 0 1 standing 
0 291 400 337 505 40602 0 0 0 standing 
0 289 399 335 504 40603 0 0 1 standing 
0 287 398 333 504 40604 0 0 1 standing 
0 286 398 331 504 40605 0 0 1 standing 
0 284 397 329 504 40606 0 0 1 standing 
0 283 396 327 504 40607 0 0 1 standing 
0 281 396 325 504 40608 0 0 1 standing 
0 280 395 323 503 40609 0 0 1 standing 
0 278 395 321 503 40610 0 0 1 standing 
0 277 394 319 503 40611 0 0 1 standing 
0 275 393 317 503 40612 0 0 1 standing 
0 274 393 315 503 40613 0 0 1 standing 
0 272 392 313 503 40614 0 0 1 standing 
1 481 353 533 451 40595 0 0 0 standing 
1 482 353 533 451 40596 0 0 1 standing 
1 484 354 534 452 40597 0 0 1 standing 
1 486 355 535 453 40598 0 0 1 standing 
1 488 356 535 453 40599 0 0 1 standing 
1 490 357 536 454 40600 0 0 1 standing 
1 492 358 537 455 40601 0 0 1 standing 
1 494 359 538 456 40602 0 0 0 standing 
1 493 357 536 454 40603 0 0 1 standing 
1 493 355 534 452 40604 0 0 1 standing 
1 493 354 533 451 40605 0 0 0 standing 
1 489 353 531 450 40606 0 0 1 standing 
1 486 352 529 449 40607 0 0 1 standing 
1 483 352 527 448 40608 0 0 1 standing 
1 480 351 525 448 40609 0 0 1 standing 
1 477 351 523 447 40610 0 0 1 standing 
1 474 350 521 446 40611 0 0 1 standing 
1 471 349 519 446 40612 0 0 1 standing 
1 468 349 517 445 40613 0 0 1 standing 
1 465 348 515 444 40614 0 0 1 standing 
2 535 436 614 545 40595 0 1 0 standing 
2 534 431 613 545 40596 0 1 1 setting 
2 534 426 613 545 40597 0 1 1 setting 
2 534 422 612 545 40598 0 1 1 setting 
2 534 417 612 545 40599 0 1 1 setting 
2 533 413 611 545 40600 0 1 1 setting 
2 533 408 611 545 40601 0 1 1 setting 
2 533 403 611 545 40602 0 1 1 setting 
2 533 399 610 545 40603 0 1 1 setting 
2 532 394 610 545 40604 0 1 1 setting 
2 532 390 609 545 40605 0 1 1 setting 
2 532 385 609 545 40606 0 1 1 setting 
2 532 381 609 545 40607 0 1 0 setting 
2 531 381 608 542 40608 0 1 1 setting 
2 530 382 607 539 40609 0 1 1 setting 
2 529 383 606 536 40610 0 1 1 setting 
2 528 384 606 534 40611 0 1 0 setting 
2 527 390 605 536 40612 0 1 1 setting 
2 527 396 605 539 40613 0 1 1 setting 
2 526 402 604 541 40614 0 1 1 setting 
3 722 299 773 409 40595 0 0 0 setting 
3 722 301 772 410 40596 0 0 1 standing 
3 722 303 771 411 40597 0 0 1 standing 
3 722 305 770 412 40598 0 0 1 standing 
3 722 307 769 413 40599 0 0 1 standing 
3 723 310 768 415 40600 0 0 1 standing 
3 723 312 767 416 40601 0 0 1 standing 
3 723 314 766 417 40602 0 0 1 standing 
3 723 316 765 418 40603 0 0 1 standing 
3 723 318 764 419 40604 0 0 1 standing 
3 724 321 764 421 40605 0 0 0 standing 
3 724 321 764 422 40606 0 0 1 standing 
3 724 322 765 423 40607 0 0 1 standing 
3 724 322 765 424 40608 0 0 1 standing 
3 724 323 766 425 40609 0 0 1 standing 
3 724 324 767 426 40610 0 0 1 standing 
3 724 324 767 427 40611 0 0 1 standing 
3 724 325 768 428 40612 0 0 1 standing 
3 724 325 768 429 40613 0 0 1 standing 
3 724 326 769 430 40614 0 0 1 standing 
4 742 390 785 503 40595 0 0 0 standing 
4 742 389 785 501 40596 0 0 1 standing 
4 742 388 785 499 40597 0 0 1 standing 
4 743 387 785 497 40598 0 0 1 standing 
4 743 386 786 495 40599 0 0 1 standing 
4 744 385 786 493 40600 0 0 1 standing 
4 744 384 786 491 40601 0 0 1 standing 
4 744 383 787 489 40602 0 0 1 standing 
4 745 382 787 487 40603 0 0 1 standing 
4 745 381 787 485 40604 0 0 1 standing 
4 746 381 788 484 40605 0 0 0 standing 
4 744 380 786 484 40606 0 0 1 standing 
4 742 380 784 484 40607 0 0 1 standing 
4 740 379 782 484 40608 0 0 1 standing 
4 738 379 780 484 40609 0 0 1 standing 
4 736 378 778 484 40610 0 0 1 standing 
4 734 378 776 484 40611 0 0 1 standing 
4 732 377 774 484 40612 0 0 1 standing 
4 730 377 772 484 40613 0 0 1 standing 
4 728 376 770 484 40614 0 0 1 standing 
5 848 489 903 611 40595 0 0 0 standing 
5 846 486 901 608 40596 0 0 1 standing 
5 844 484 899 606 40597 0 0 1 standing 
5 842 482 897 604 40598 0 0 1 standing 
5 841 480 896 602 40599 0 0 1 standing 
5 839 478 894 600 40600 0 0 1 standing 
5 837 476 892 598 40601 0 0 1 standing 
5 836 474 891 596 40602 0 0 1 standing 
5 834 472 889 594 40603 0 0 1 standing 
5 832 470 887 592 40604 0 0 1 standing 
5 831 468 886 590 40605 0 0 0 standing 
5 827 466 881 588 40606 0 0 1 standing 
5 824 465 877 587 40607 0 0 1 standing 
5 820 464 872 586 40608 0 0 1 standing 
5 817 463 868 584 40609 0 0 1 standing 
5 813 462 863 583 40610 0 0 1 standing 
5 810 460 859 582 40611 0 0 1 standing 
5 806 459 854 580 40612 0 0 1 standing 
5 803 458 850 579 40613 0 0 1 standing 
5 799 457 845 578 40614 0 0 1 standing 
6 888 357 935 453 40595 0 0 0 standing 
6 889 357 934 453 40596 0 0 1 standing 
6 890 358 934 454 40597 0 0 1 standing 
6 891 358 934 454 40598 0 0 1 standing 
6 892 359 933 455 40599 0 0 1 standing 
6 893 360 933 455 40600 0 0 1 standing 
6 894 360 933 456 40601 0 0 1 standing 
6 895 361 932 456 40602 0 0 1 standing 
6 896 361 932 457 40603 0 0 1 standing 
6 897 362 932 457 40604 0 0 1 standing 
6 898 363 932 458 40605 0 0 0 standing 
6 897 364 932 459 40606 0 0 1 standing 
6 897 365 932 460 40607 0 0 1 standing 
6 897 366 932 461 40608 0 0 1 standing 
6 896 367 933 462 40609 0 0 1 standing 
6 896 368 933 464 40610 0 0 1 standing 
6 896 369 933 465 40611 0 0 1 standing 
6 895 370 934 466 40612 0 0 1 standing 
6 895 371 934 467 40613 0 0 1 standing 
6 895 372 934 468 40614 0 0 1 standing 
7 837 387 888 498 40595 0 0 0 standing 
7 837 386 887 497 40596 0 0 1 standing 
7 838 386 887 497 40597 0 0 1 standing 
7 839 386 887 497 40598 0 0 1 standing 
7 840 386 886 497 40599 0 0 1 standing 
7 841 386 886 497 40600 0 0 1 standing 
7 842 385 886 496 40601 0 0 1 standing 
7 843 385 885 496 40602 0 0 1 standing 
7 844 385 885 496 40603 0 0 1 standing 
7 845 385 885 496 40604 0 0 1 standing 
7 846 385 885 496 40605 0 0 0 standing 
7 844 386 884 497 40606 0 0 1 standing 
7 843 387 883 498 40607 0 0 1 standing 
7 841 388 882 500 40608 0 0 1 standing 
7 840 389 881 501 40609 0 0 1 standing 
7 838 391 880 503 40610 0 0 1 standing 
7 837 392 879 504 40611 0 0 1 standing 
7 835 393 878 505 40612 0 0 1 standing 
7 834 394 877 507 40613 0 0 1 standing 
7 832 395 876 508 40614 0 0 1 standing 
8 680 292 719 417 40595 0 0 0 standing 
8 681 293 718 416 40596 0 0 1 standing 
8 682 295 718 416 40597 0 0 1 standing 
8 683 297 718 416 40598 0 0 1 standing 
8 684 299 718 416 40599 0 0 1 standing 
8 686 301 718 416 40600 0 0 1 standing 
8 687 303 717 416 40601 0 0 1 standing 
8 688 305 717 416 40602 0 0 1 standing 
8 689 307 717 416 40603 0 0 1 standing 
8 690 309 717 416 40604 0 0 1 standing 
8 692 311 717 416 40605 0 0 0 standing 
8 688 311 714 415 40606 0 0 1 standing 
8 685 311 712 415 40607 0 0 1 standing 
8 682 311 710 415 40608 0 0 1 standing 
8 679 311 708 414 40609 0 0 1 standing 
8 676 311 706 414 40610 0 0 1 standing 
8 673 311 704 414 40611 0 0 1 standing 
8 670 311 702 413 40612 0 0 1 standing 
8 667 311 700 413 40613 0 0 1 standing 
8 664 311 698 413 40614 0 0 1 standing 
9 397 463 479 562 40595 0 0 0 standing 
9 397 461 479 561 40596 0 0 1 standing 
9 398 459 480 561 40597 0 0 1 standing 
9 399 458 481 560 40598 0 0 1 standing 
9 400 456 482 560 40599 0 0 1 standing 
9 401 455 483 560 40600 0 0 1 standing 
9 402 453 483 559 40601 0 0 1 standing 
9 403 451 484 559 40602 0 0 1 standing 
9 404 450 485 558 40603 0 0 1 standing 
9 405 448 486 558 40604 0 0 1 standing 
9 406 447 487 558 40605 0 0 0 standing 
9 408 447 487 557 40606 0 0 1 standing 
9 410 447 487 557 40607 0 0 1 standing 
9 412 447 487 557 40608 0 0 1 standing 
9 414 447 487 557 40609 0 0 1 standing 
9 416 447 487 557 40610 0 0 1 standing 
9 418 447 487 557 40611 0 0 1 standing 
9 420 447 487 557 40612 0 0 1 standing 
9 422 447 487 557 40613 0 0 1 standing 
9 424 447 487 557 40614 0 0 1 standing 
10 673 305 714 416 40595 0 0 0 standing 
10 671 306 712 417 40596 0 0 1 standing 
10 669 308 710 419 40597 0 0 1 standing 
10 668 310 709 421 40598 0 0 1 standing 
10 666 312 707 423 40599 0 0 1 standing 
10 665 314 706 425 40600 0 0 1 standing 
10 663 315 704 426 40601 0 0 1 standing 
10 661 317 702 428 40602 0 0 1 standing 
10 660 319 701 430 40603 0 0 1 standing 
10 658 321 699 432 40604 0 0 1 standing 
10 657 323 698 434 40605 0 0 0 standing 
10 652 321 693 431 40606 0 0 1 standing 
10 647 320 688 429 40607 0 0 1 standing 
10 642 319 683 426 40608 0 0 1 standing 
10 637 317 678 424 40609 0 0 1 standing 
10 632 316 673 421 40610 0 0 1 standing 
10 627 315 668 419 40611 0 0 1 standing 
10 622 313 663 416 40612 0 0 1 standing 
10 617 312 658 414 40613 0 0 1 standing 
10 612 311 653 411 40614 0 0 1 standing 
11 860 355 902 460 40595 0 0 0 standing 
11 861 354 903 459 40596 0 0 1 standing 
11 863 354 905 459 40597 0 0 1 standing 
11 864 353 906 458 40598 0 0 1 standing 
11 866 353 908 458 40599 0 0 1 standing 
11 867 352 909 457 40600 0 0 1 standing 
11 869 352 911 457 40601 0 0 1 standing 
11 870 351 912 456 40602 0 0 1 standing 
11 872 351 914 456 40603 0 0 1 standing 
11 873 350 915 455 40604 0 0 1 standing 
11 875 350 917 455 40605 0 0 0 standing 
11 874 348 916 453 40606 0 0 1 standing 
11 873 347 915 452 40607 0 0 1 standing 
11 872 345 914 450 40608 0 0 1 standing 
11 871 344 913 449 40609 0 0 1 standing 
11 870 343 912 448 40610 0 0 1 standing 
11 869 341 911 446 40611 0 0 1 standing 
11 868 340 910 445 40612 0 0 1 standing 
11 867 338 909 443 40613 0 0 1 standing 
11 866 337 908 442 40614 0 0 1 standing 
