0 798 434 831 536 36545 0 1 0 standing 
0 794 435 827 537 36546 0 1 1 standing 
0 791 436 824 538 36547 0 1 1 standing 
0 787 437 821 539 36548 0 1 1 standing 
0 784 439 818 540 36549 0 1 1 standing 
0 781 440 815 542 36550 0 1 1 standing 
0 777 441 811 543 36551 0 1 1 standing 
0 774 443 808 544 36552 0 1 1 standing 
0 770 444 805 545 36553 0 1 1 standing 
0 767 445 802 546 36554 0 1 1 standing 
0 764 447 799 548 36555 0 1 0 standing 
0 761 448 796 549 36556 0 1 1 standing 
0 759 449 794 550 36557 0 1 1 standing 
0 757 450 792 551 36558 0 1 1 standing 
0 755 451 790 552 36559 0 1 1 standing 
0 753 452 788 553 36560 0 1 1 standing 
0 751 453 786 554 36561 0 1 1 standing 
0 749 454 784 555 36562 0 1 1 standing 
0 747 455 782 556 36563 0 1 1 standing 
0 745 456 780 557 36564 0 1 1 standing 
1 804 498 849 608 36545 0 1 0 standing 
1 802 498 847 608 36546 0 1 1 standing 
1 800 499 845 609 36547 0 1 1 standing 
1 798 500 843 610 36548 0 1 1 standing 
1 796 501 841 610 36549 0 1 1 standing 
1 794 502 839 611 36550 0 1 1 standing 
1 792 502 837 612 36551 0 1 1 standing 
1 790 503 835 612 36552 0 1 1 standing 
1 788 504 833 613 36553 0 1 1 standing 
1 786 505 831 614 36554 0 1 1 standing 
1 785 506 830 615 36555 0 1 0 standing 
1 783 506 827 614 36556 0 1 1 standing 
1 781 506 824 614 36557 0 1 1 standing 
1 779 506 821 614 36558 0 1 1 standing 
1 777 506 818 614 36559 0 1 1 standing 
1 775 506 815 614 36560 0 1 1 standing 
1 773 506 812 613 36561 0 1 1 standing 
1 771 506 809 613 36562 0 1 1 standing 
1 769 506 806 613 36563 0 1 1 standing 
1 767 506 803 613 36564 0 1 1 standing 
2 864 539 910 665 36545 0 1 0 standing 
2 859 537 905 662 36546 0 1 1 standing 
2 855 536 901 660 36547 0 1 1 standing 
2 850 534 896 658 36548 0 1 1 standing 
2 846 533 892 655 36549 0 1 1 standing 
2 841 531 887 653 36550 0 1 1 standing 
2 837 530 883 651 36551 0 1 1 standing 
2 832 528 878 648 36552 0 1 1 standing 
2 828 527 874 646 36553 0 1 1 standing 
2 823 525 869 644 36554 0 1 1 standing 
2 819 524 865 642 36555 0 1 0 standing 
2 815 523 860 640 36556 0 1 1 standing 
2 811 523 856 639 36557 0 1 1 standing 
2 807 523 852 638 36558 0 1 1 standing 
2 803 523 848 637 36559 0 1 1 standing 
2 799 523 844 636 36560 0 1 1 standing 
2 795 522 840 635 36561 0 1 1 standing 
2 791 522 836 634 36562 0 1 1 standing 
2 787 522 832 633 36563 0 1 1 standing 
2 783 522 828 632 36564 0 1 1 standing 
3 878 513 920 636 36545 0 1 0 standing 
3 875 513 916 636 36546 0 1 1 standing 
3 873 514 912 636 36547 0 1 1 standing 
3 871 515 909 636 36548 0 1 1 standing 
3 868 516 905 636 36549 0 1 1 standing 
3 866 517 902 636 36550 0 1 1 standing 
3 864 518 898 636 36551 0 1 1 standing 
3 861 519 894 636 36552 0 1 1 standing 
3 859 520 891 636 36553 0 1 1 standing 
3 857 521 887 636 36554 0 1 1 standing 
3 855 522 884 637 36555 0 1 0 standing 
3 851 522 880 636 36556 0 1 1 standing 
3 848 522 877 636 36557 0 1 1 standing 
3 845 522 874 636 36558 0 1 1 standing 
3 842 522 871 636 36559 0 1 1 standing 
3 839 522 868 636 36560 0 1 1 standing 
3 835 522 864 636 36561 0 1 1 standing 
3 832 522 861 636 36562 0 1 1 standing 
3 829 522 858 636 36563 0 1 1 standing 
3 826 522 855 636 36564 0 1 1 standing 
4 920 464 963 563 36545 0 1 0 standing 
4 915 466 958 565 36546 0 1 1 standing 
4 911 468 954 567 36547 0 1 1 standing 
4 906 470 949 569 36548 0 1 1 standing 
4 902 472 945 572 36549 0 1 1 standing 
4 897 474 940 574 36550 0 1 1 standing 
4 893 476 936 576 36551 0 1 1 standing 
4 888 478 931 579 36552 0 1 1 standing 
4 884 480 927 581 36553 0 1 1 standing 
4 879 482 922 583 36554 0 1 1 standing 
4 875 485 918 586 36555 0 1 0 standing 
4 870 485 913 586 36556 0 1 1 standing 
4 866 486 909 587 36557 0 1 1 standing 
4 862 486 905 588 36558 0 1 1 standing 
4 858 487 901 588 36559 0 1 1 standing 
4 854 488 897 589 36560 0 1 1 standing 
4 850 488 892 590 36561 0 1 1 standing 
4 846 489 888 590 36562 0 1 1 standing 
4 842 489 884 591 36563 0 1 1 standing 
4 838 490 880 592 36564 0 1 1 standing 
5 988 505 1035 601 36545 0 1 0 standing 
5 982 505 1029 601 36546 0 1 1 standing 
5 976 505 1023 601 36547 0 1 1 standing 
5 970 505 1017 601 36548 0 1 1 standing 
5 964 505 1011 601 36549 0 1 1 standing 
5 958 506 1005 601 36550 0 1 1 standing 
5 952 506 999 601 36551 0 1 1 standing 
5 946 506 993 601 36552 0 1 1 standing 
5 940 506 987 601 36553 0 1 1 standing 
5 934 506 981 601 36554 0 1 1 standing 
5 929 507 976 602 36555 0 1 0 standing 
5 922 506 971 601 36556 0 1 1 standing 
5 916 506 966 601 36557 0 1 1 standing 
5 910 506 961 601 36558 0 1 1 standing 
5 904 506 956 601 36559 0 1 1 standing 
5 898 506 951 601 36560 0 1 1 standing 
5 891 506 946 600 36561 0 1 1 standing 
5 885 506 941 600 36562 0 1 1 standing 
5 879 506 936 600 36563 0 1 1 standing 
5 873 506 931 600 36564 0 1 1 standing 
6 728 531 773 644 36545 0 0 0 standing 
6 722 531 767 644 36546 0 0 1 standing 
6 717 531 761 644 36547 0 0 1 standing 
6 711 531 755 644 36548 0 0 1 standing 
6 706 531 749 645 36549 0 0 1 standing 
6 701 532 744 645 36550 0 0 1 standing 
6 695 532 738 645 36551 0 0 1 standing 
6 690 532 732 646 36552 0 0 1 standing 
6 684 532 726 646 36553 0 0 1 standing 
6 679 532 720 646 36554 0 0 1 standing 
6 674 533 715 647 36555 0 0 0 standing 
6 668 532 709 646 36556 0 0 1 standing 
6 663 532 704 645 36557 0 0 1 standing 
6 658 531 699 645 36558 0 0 1 standing 
6 653 531 694 644 36559 0 0 1 standing 
6 648 530 689 644 36560 0 0 1 standing 
6 643 530 684 643 36561 0 0 1 standing 
6 638 529 679 642 36562 0 0 1 standing 
6 633 529 674 642 36563 0 0 1 standing 
6 628 528 669 641 36564 0 0 1 standing 
7 414 521 456 635 36545 0 0 0 standing 
7 408 521 450 635 36546 0 0 1 standing 
7 402 521 444 635 36547 0 0 1 standing 
7 396 522 438 635 36548 0 0 1 standing 
7 390 522 432 636 36549 0 0 1 standing 
7 384 523 426 636 36550 0 0 1 standing 
7 378 523 420 636 36551 0 0 1 standing 
7 372 523 414 637 36552 0 0 1 standing 
7 366 524 408 637 36553 0 0 1 standing 
7 360 524 402 637 36554 0 0 1 standing 
7 354 525 396 638 36555 0 0 0 standing 
7 346 525 389 638 36556 0 0 1 standing 
7 338 525 383 638 36557 0 0 1 standing 
7 331 525 376 638 36558 0 0 1 standing 
7 323 526 370 639 36559 0 0 1 standing 
7 316 526 363 639 36560 0 0 1 standing 
7 308 526 357 639 36561 0 0 1 standing 
7 300 527 350 640 36562 0 0 1 standing 
7 293 527 344 640 36563 0 0 1 standing 
7 285 527 337 640 36564 0 0 1 standing 
8 425 473 462 559 36545 0 0 0 standing 
8 420 474 457 560 36546 0 0 1 standing 
8 415 475 452 561 36547 0 0 1 standing 
8 410 476 447 563 36548 0 0 1 standing 
8 405 478 442 564 36549 0 0 1 standing 
8 401 479 438 566 36550 0 0 1 standing 
8 396 480 433 567 36551 0 0 1 standing 
8 391 482 428 568 36552 0 0 1 standing 
8 386 483 423 570 36553 0 0 1 standing 
8 381 484 418 571 36554 0 0 1 standing 
8 377 486 414 573 36555 0 0 0 standing 
8 373 486 410 573 36556 0 0 1 standing 
8 369 487 406 574 36557 0 0 1 standing 
8 365 487 402 575 36558 0 0 1 standing 
8 361 488 398 575 36559 0 0 1 standing 
8 357 488 394 576 36560 0 0 1 standing 
8 353 489 390 577 36561 0 0 1 standing 
8 349 489 386 577 36562 0 0 1 standing 
8 345 490 382 578 36563 0 0 1 standing 
8 341 490 378 579 36564 0 0 1 standing 
9 567 475 622 539 36545 0 0 0 standing 
9 563 475 618 539 36546 0 0 1 falling 
9 559 475 614 540 36547 0 0 1 falling 
9 555 476 610 540 36548 0 0 1 falling 
9 551 476 606 541 36549 0 0 1 falling 
9 547 477 602 541 36550 0 0 1 falling 
9 543 477 598 542 36551 0 0 1 falling 
9 539 477 594 542 36552 0 0 1 falling 
9 535 478 590 543 36553 0 0 1 falling 
9 531 478 586 543 36554 0 0 1 falling 
9 527 479 582 544 36555 0 0 0 falling 
9 523 478 578 543 36556 0 0 1 falling 
9 520 478 575 543 36557 0 0 1 falling 
9 517 478 572 543 36558 0 0 1 falling 
9 513 477 568 542 36559 0 0 1 falling 
9 510 477 565 542 36560 0 0 1 falling 
9 507 477 562 542 36561 0 0 1 falling 
9 503 476 558 541 36562 0 0 1 falling 
9 500 476 555 541 36563 0 0 1 falling 
9 497 476 552 541 36564 0 0 1 falling 
10 660 444 702 539 36545 0 0 0 falling 
10 653 444 695 539 36546 0 0 1 standing 
10 647 445 689 540 36547 0 0 1 standing 
10 640 445 682 540 36548 0 0 1 standing 
10 634 446 676 541 36549 0 0 1 standing 
10 628 447 670 542 36550 0 0 1 standing 
10 621 447 663 542 36551 0 0 1 standing 
10 615 448 657 543 36552 0 0 1 standing 
10 608 448 650 543 36553 0 0 1 standing 
10 602 449 644 544 36554 0 0 1 standing 
10 596 450 638 545 36555 0 0 0 standing 
10 590 450 631 545 36556 0 0 1 standing 
10 584 450 625 545 36557 0 0 1 standing 
10 579 450 619 545 36558 0 0 1 standing 
10 573 450 612 545 36559 0 0 1 standing 
10 568 450 606 545 36560 0 0 1 standing 
10 562 450 600 545 36561 0 0 1 standing 
10 556 450 593 545 36562 0 0 1 standing 
10 551 450 587 545 36563 0 0 1 standing 
10 545 450 581 545 36564 0 0 1 standing 
11 678 467 726 569 36545 0 0 0 standing 
11 672 467 719 569 36546 0 0 1 standing 
11 667 467 712 569 36547 0 0 1 standing 
11 662 467 705 569 36548 0 0 1 standing 
11 657 467 698 569 36549 0 0 1 standing 
11 652 467 692 569 36550 0 0 1 standing 
11 647 467 685 569 36551 0 0 1 standing 
11 642 467 678 569 36552 0 0 1 standing 
11 637 467 671 569 36553 0 0 1 standing 
11 632 467 664 569 36554 0 0 1 standing 
11 627 467 658 569 36555 0 0 0 standing 
11 621 466 653 569 36556 0 0 1 standing 
11 615 465 649 570 36557 0 0 1 standing 
11 609 465 644 570 36558 0 0 1 standing 
11 603 464 640 571 36559 0 0 1 standing 
11 597 464 635 571 36560 0 0 1 standing 
11 591 463 631 572 36561 0 0 1 standing 
11 585 462 626 572 36562 0 0 1 standing 
11 579 462 622 573 36563 0 0 1 standing 
11 573 461 617 573 36564 0 0 1 standing 
