0 809 495 879 644 50785 0 1 0 moving 
0 815 494 889 642 50786 0 1 1 moving 
0 821 493 899 641 50787 0 1 1 moving 
0 827 492 910 640 50788 0 1 0 moving 
0 827 493 916 641 50789 0 1 1 moving 
0 827 494 923 642 50790 0 1 1 moving 
0 828 495 929 643 50791 0 1 1 moving 
0 828 497 936 645 50792 0 1 1 moving 
0 829 498 942 646 50793 0 1 1 moving 
0 829 499 949 647 50794 0 1 1 moving 
0 830 501 956 649 50795 0 1 0 moving 
0 832 499 957 647 50796 0 1 1 moving 
0 834 497 958 645 50797 0 1 1 moving 
0 836 496 960 643 50798 0 1 1 moving 
0 838 494 961 641 50799 0 1 1 moving 
0 841 493 963 640 50800 0 1 0 moving 
0 839 493 960 640 50801 0 1 1 moving 
0 838 493 957 641 50802 0 1 1 moving 
0 837 493 954 642 50803 0 1 1 moving 
0 836 493 951 643 50804 0 1 1 moving 
1 658 410 743 540 50785 0 1 0 moving 
1 654 412 742 541 50786 0 1 1 standing 
1 650 414 741 542 50787 0 1 1 standing 
1 646 416 741 544 50788 0 1 0 standing 
1 647 418 736 546 50789 0 1 1 standing 
1 648 420 732 549 50790 0 1 1 standing 
1 650 423 728 551 50791 0 1 1 standing 
1 651 425 724 554 50792 0 1 1 standing 
1 653 428 720 556 50793 0 1 1 standing 
1 654 430 716 559 50794 0 1 1 standing 
1 656 433 712 562 50795 0 1 0 standing 
1 654 428 712 562 50796 0 1 1 standing 
1 653 424 712 562 50797 0 1 1 standing 
1 652 420 712 562 50798 0 1 1 standing 
1 651 416 712 562 50799 0 1 1 standing 
1 650 412 712 562 50800 0 1 1 standing 
1 649 408 712 563 50801 0 1 0 standing 
1 650 401 715 558 50802 0 1 1 standing 
1 652 395 718 554 50803 0 1 1 standing 
1 653 389 721 550 50804 0 1 1 standing 
2 793 376 853 482 50785 0 1 0 standing 
2 793 374 858 481 50786 0 1 1 moving 
2 793 373 863 480 50787 0 1 1 moving 
2 794 372 868 480 50788 0 1 0 moving 
2 795 371 867 478 50789 0 1 1 moving 
2 797 370 867 477 50790 0 1 1 moving 
2 799 369 867 476 50791 0 1 1 moving 
2 801 368 867 475 50792 0 1 1 moving 
2 803 367 867 474 50793 0 1 1 moving 
2 805 366 867 473 50794 0 1 1 moving 
2 807 366 867 472 50795 0 1 0 moving 
2 804 363 868 469 50796 0 1 1 moving 
2 802 361 869 467 50797 0 1 1 moving 
2 799 359 870 464 50798 0 1 1 moving 
2 797 357 871 462 50799 0 1 1 moving 
2 795 355 873 460 50800 0 1 0 moving 
2 794 356 870 461 50801 0 1 1 moving 
2 794 357 867 462 50802 0 1 1 moving 
2 794 359 864 464 50803 0 1 1 moving 
2 794 360 861 465 50804 0 1 1 moving 
3 568 366 632 498 50785 0 1 0 moving 
3 577 365 641 498 50786 0 1 1 setting 
3 586 364 650 499 50787 0 1 1 setting 
3 595 363 659 500 50788 0 1 0 setting 
3 604 360 668 499 50789 0 1 1 setting 
3 613 357 677 498 50790 0 1 1 setting 
3 622 355 686 497 50791 0 1 1 setting 
3 631 352 695 496 50792 0 1 1 setting 
3 640 350 704 495 50793 0 1 1 setting 
3 649 347 713 494 50794 0 1 1 setting 
3 659 345 722 494 50795 0 1 0 setting 
3 665 343 729 494 50796 0 1 1 setting 
3 671 341 736 494 50797 0 1 1 setting 
3 678 339 743 494 50798 0 1 1 setting 
3 684 337 750 494 50799 0 1 1 setting 
3 691 336 757 494 50800 0 1 0 setting 
3 698 341 764 496 50801 0 1 1 setting 
3 705 346 772 498 50802 0 1 1 setting 
3 712 352 780 500 50803 0 1 1 setting 
3 719 357 788 502 50804 0 1 1 setting 
4 918 429 991 562 50785 0 0 0 setting 
4 921 429 990 560 50786 0 0 1 moving 
4 925 430 989 559 50787 0 0 1 moving 
4 929 431 988 558 50788 0 0 0 moving 
4 931 431 992 558 50789 0 0 1 moving 
4 934 432 996 558 50790 0 0 1 moving 
4 937 433 1000 559 50791 0 0 0 moving 
4 937 432 1003 560 50792 0 0 1 moving 
4 937 432 1006 561 50793 0 0 1 moving 
4 937 432 1010 562 50794 0 0 0 moving 
4 937 431 1010 561 50795 0 0 1 moving 
4 937 430 1010 560 50796 0 0 1 moving 
4 937 429 1010 559 50797 0 0 0 moving 
4 932 429 1003 558 50798 0 0 1 moving 
4 928 430 996 557 50799 0 0 1 moving 
4 924 431 989 556 50800 0 0 0 moving 
4 923 429 989 556 50801 0 0 1 moving 
4 922 428 989 556 50802 0 0 1 moving 
4 921 427 990 556 50803 0 0 0 moving 
4 921 427 990 556 50804 0 0 1 moving 
5 954 418 1020 528 50785 0 0 0 moving 
5 957 419 1027 529 50786 0 0 1 moving 
5 960 420 1034 530 50787 0 0 1 moving 
5 963 421 1041 532 50788 0 0 0 moving 
5 968 420 1043 537 50789 0 0 1 moving 
5 973 419 1046 542 50790 0 0 1 moving 
5 978 418 1049 548 50791 0 0 0 moving 
5 982 420 1053 549 50792 0 0 1 moving 
5 987 422 1057 551 50793 0 0 1 moving 
5 992 424 1061 553 50794 0 0 0 moving 
5 996 429 1065 553 50795 0 0 1 moving 
5 1000 434 1069 554 50796 0 0 1 moving 
5 1004 439 1073 555 50797 0 0 0 moving 
5 1005 439 1076 554 50798 0 0 1 moving 
5 1006 439 1080 553 50799 0 0 1 moving 
5 1008 439 1084 552 50800 0 0 0 moving 
5 1009 440 1086 556 50801 0 0 1 moving 
5 1010 441 1088 560 50802 0 0 1 moving 
5 1011 443 1091 564 50803 0 0 1 moving 
5 1012 444 1093 568 50804 0 0 1 moving 
6 452 442 489 580 50785 0 0 0 moving 
6 455 440 494 581 50786 0 0 1 standing 
6 459 438 499 582 50787 0 0 1 standing 
6 463 436 504 583 50788 0 0 0 standing 
6 466 436 507 583 50789 0 0 1 standing 
6 470 436 511 583 50790 0 0 1 standing 
6 474 436 515 583 50791 0 0 0 standing 
6 480 436 521 584 50792 0 0 1 standing 
6 486 436 527 585 50793 0 0 1 standing 
6 493 437 534 586 50794 0 0 0 standing 
6 496 437 539 583 50795 0 0 1 standing 
6 500 438 544 580 50796 0 0 1 standing 
6 504 439 550 577 50797 0 0 0 standing 
6 503 441 552 579 50798 0 0 1 standing 
6 503 443 554 581 50799 0 0 1 standing 
6 503 446 556 583 50800 0 0 0 standing 
6 508 447 561 583 50801 0 0 1 standing 
6 514 449 567 584 50802 0 0 1 standing 
6 520 450 572 584 50803 0 0 1 standing 
6 526 452 578 585 50804 0 0 1 standing 
7 444 411 495 547 50785 0 0 0 standing 
7 449 410 500 546 50786 0 0 1 standing 
7 454 409 505 546 50787 0 0 1 standing 
7 460 409 511 546 50788 0 0 0 standing 
7 463 410 514 547 50789 0 0 1 standing 
7 467 411 518 548 50790 0 0 1 standing 
7 471 413 522 550 50791 0 0 0 standing 
7 475 413 527 550 50792 0 0 1 standing 
7 480 413 532 550 50793 0 0 1 standing 
7 485 414 538 550 50794 0 0 0 standing 
7 488 415 541 549 50795 0 0 1 standing 
7 491 416 544 549 50796 0 0 1 standing 
7 495 418 547 549 50797 0 0 0 standing 
7 498 419 550 550 50798 0 0 1 standing 
7 502 420 554 552 50799 0 0 1 standing 
7 506 422 558 554 50800 0 0 0 standing 
7 509 422 562 554 50801 0 0 1 standing 
7 512 422 566 554 50802 0 0 1 standing 
7 515 423 571 555 50803 0 0 1 standing 
7 518 423 575 555 50804 0 0 1 standing 
8 437 382 503 502 50785 0 0 0 standing 
8 443 381 506 500 50786 0 0 1 standing 
8 449 380 510 499 50787 0 0 1 standing 
8 455 379 514 498 50788 0 0 0 standing 
8 459 379 518 498 50789 0 0 1 standing 
8 463 379 522 498 50790 0 0 1 standing 
8 467 379 526 498 50791 0 0 0 standing 
8 472 379 527 498 50792 0 0 1 standing 
8 477 379 529 498 50793 0 0 1 standing 
8 483 380 531 498 50794 0 0 0 standing 
8 488 380 536 498 50795 0 0 1 standing 
8 493 380 541 498 50796 0 0 1 standing 
8 498 380 546 499 50797 0 0 0 standing 
8 499 379 547 498 50798 0 0 1 standing 
8 500 379 548 498 50799 0 0 1 standing 
8 502 379 549 498 50800 0 0 0 standing 
8 502 379 554 497 50801 0 0 1 standing 
8 503 379 559 497 50802 0 0 1 standing 
8 504 380 565 497 50803 0 0 0 standing 
8 504 380 565 497 50804 0 0 1 standing 
9 219 388 265 504 50785 0 0 0 standing 
9 222 387 268 503 50786 0 0 1 standing 
9 225 386 271 502 50787 0 0 1 standing 
9 229 385 275 502 50788 0 0 0 standing 
9 231 384 279 502 50789 0 0 1 standing 
9 233 383 283 502 50790 0 0 1 standing 
9 236 383 288 502 50791 0 0 0 standing 
9 240 382 292 501 50792 0 0 1 standing 
9 244 381 296 500 50793 0 0 1 standing 
9 248 381 300 500 50794 0 0 0 standing 
9 250 378 300 497 50795 0 0 1 standing 
9 252 376 300 495 50796 0 0 1 standing 
9 254 374 301 493 50797 0 0 0 standing 
9 255 374 302 491 50798 0 0 1 standing 
9 257 374 303 490 50799 0 0 1 standing 
9 259 374 305 489 50800 0 0 0 standing 
9 262 374 307 489 50801 0 0 1 standing 
9 265 375 309 489 50802 0 0 1 standing 
9 269 375 311 489 50803 0 0 1 standing 
9 272 376 313 489 50804 0 0 1 standing 
10 143 474 228 606 50785 0 0 0 standing 
10 148 473 232 605 50786 0 0 1 standing 
10 153 472 236 604 50787 0 0 1 standing 
10 158 472 241 603 50788 0 0 0 standing 
10 163 471 246 602 50789 0 0 1 standing 
10 169 470 252 602 50790 0 0 1 standing 
10 175 470 258 602 50791 0 0 0 standing 
10 178 470 261 602 50792 0 0 1 standing 
10 181 470 264 602 50793 0 0 1 standing 
10 184 470 267 602 50794 0 0 0 standing 
10 187 469 269 602 50795 0 0 1 standing 
10 191 468 271 603 50796 0 0 1 standing 
10 195 467 273 604 50797 0 0 0 standing 
10 195 466 270 603 50798 0 0 1 standing 
10 195 466 267 602 50799 0 0 1 standing 
10 195 466 265 602 50800 0 0 0 standing 
10 198 466 267 599 50801 0 0 1 standing 
10 201 467 269 597 50802 0 0 1 standing 
10 204 467 271 594 50803 0 0 1 standing 
10 207 468 273 592 50804 0 0 1 standing 
11 134 412 198 519 50785 0 0 0 standing 
11 137 413 199 519 50786 0 0 1 standing 
11 140 414 200 520 50787 0 0 1 standing 
11 144 415 202 521 50788 0 0 0 standing 
11 146 415 204 521 50789 0 0 1 standing 
11 148 415 207 521 50790 0 0 1 standing 
11 150 415 210 521 50791 0 0 0 standing 
11 154 415 213 526 50792 0 0 1 standing 
11 158 415 217 531 50793 0 0 1 standing 
11 162 415 221 536 50794 0 0 0 standing 
11 161 416 224 536 50795 0 0 1 standing 
11 160 417 227 537 50796 0 0 1 standing 
11 160 418 230 538 50797 0 0 0 standing 
11 160 418 229 539 50798 0 0 1 standing 
11 160 419 228 540 50799 0 0 1 standing 
11 160 419 227 541 50800 0 0 1 standing 
11 160 420 226 542 50801 0 0 1 standing 
11 160 420 225 543 50802 0 0 1 standing 
11 160 421 225 545 50803 0 0 0 standing 
11 160 421 225 545 50804 0 0 1 standing 
