0 681 212 788 439 68815 0 1 0 jumping 
0 683 209 797 436 68816 0 1 1 jumping 
0 686 207 806 434 68817 0 1 1 jumping 
0 688 205 816 431 68818 0 1 1 jumping 
0 691 203 825 429 68819 0 1 1 jumping 
0 694 201 835 427 68820 0 1 0 jumping 
0 688 210 835 433 68821 0 1 1 jumping 
0 683 220 836 439 68822 0 1 1 jumping 
0 678 229 837 445 68823 0 1 1 jumping 
0 673 239 838 451 68824 0 1 1 jumping 
0 668 249 839 457 68825 0 1 0 jumping 
0 684 259 847 466 68826 0 1 1 jumping 
0 700 270 856 476 68827 0 1 1 jumping 
0 716 280 864 486 68828 0 1 1 jumping 
0 732 291 873 495 68829 0 1 1 jumping 
0 748 301 881 505 68830 0 1 1 jumping 
0 764 312 890 515 68831 0 1 0 jumping 
0 775 322 890 516 68832 0 1 1 jumping 
0 787 333 890 517 68833 0 1 1 jumping 
0 799 344 890 518 68834 0 1 1 jumping 
1 939 231 996 495 68815 0 1 0 jumping 
1 932 227 991 491 68816 0 1 1 blocking 
1 926 223 987 487 68817 0 1 1 blocking 
1 919 219 982 483 68818 0 1 1 blocking 
1 913 215 978 479 68819 0 1 1 blocking 
1 906 212 973 475 68820 0 1 1 blocking 
1 900 208 969 471 68821 0 1 1 blocking 
1 893 204 964 467 68822 0 1 1 blocking 
1 887 200 960 463 68823 0 1 1 blocking 
1 880 196 955 459 68824 0 1 1 blocking 
1 874 193 951 456 68825 0 1 0 blocking 
1 876 202 962 461 68826 0 1 1 blocking 
1 878 211 974 466 68827 0 1 1 blocking 
1 880 220 986 471 68828 0 1 1 blocking 
1 882 229 998 476 68829 0 1 1 blocking 
1 885 238 1010 481 68830 0 1 0 blocking 
1 887 247 1002 486 68831 0 1 1 blocking 
1 889 256 994 492 68832 0 1 1 blocking 
1 891 265 987 497 68833 0 1 1 blocking 
1 893 274 979 503 68834 0 1 1 blocking 
2 938 309 1012 533 68815 0 1 0 blocking 
2 931 299 1011 525 68816 0 1 1 blocking 
2 925 289 1010 517 68817 0 1 1 blocking 
2 919 279 1009 509 68818 0 1 1 blocking 
2 913 269 1009 501 68819 0 1 1 blocking 
2 907 259 1008 494 68820 0 1 1 blocking 
2 901 249 1007 486 68821 0 1 1 blocking 
2 895 239 1007 478 68822 0 1 1 blocking 
2 889 229 1006 470 68823 0 1 1 blocking 
2 883 219 1005 462 68824 0 1 1 blocking 
2 877 210 1005 455 68825 0 1 0 blocking 
2 879 218 1002 460 68826 0 1 1 blocking 
2 881 226 999 465 68827 0 1 1 blocking 
2 883 235 996 470 68828 0 1 1 blocking 
2 885 243 994 475 68829 0 1 1 blocking 
2 887 252 991 480 68830 0 1 1 blocking 
2 889 260 988 485 68831 0 1 1 blocking 
2 891 268 986 490 68832 0 1 1 blocking 
2 893 277 983 495 68833 0 1 1 blocking 
2 895 285 980 500 68834 0 1 1 blocking 
3 674 417 743 625 68815 0 0 0 blocking 
3 670 420 741 626 68816 0 0 1 waiting 
3 666 423 739 628 68817 0 0 1 waiting 
3 662 426 738 630 68818 0 0 0 waiting 
3 657 426 739 627 68819 0 0 1 waiting 
3 652 426 740 624 68820 0 0 1 waiting 
3 647 426 742 622 68821 0 0 0 waiting 
3 648 427 745 615 68822 0 0 1 waiting 
3 650 429 749 609 68823 0 0 1 waiting 
3 652 431 753 603 68824 0 0 0 waiting 
3 647 431 763 600 68825 0 0 1 waiting 
3 642 432 773 597 68826 0 0 1 waiting 
3 638 433 784 594 68827 0 0 0 waiting 
3 638 431 787 594 68828 0 0 1 waiting 
3 638 429 790 594 68829 0 0 1 waiting 
3 638 427 794 594 68830 0 0 0 waiting 
3 644 422 793 591 68831 0 0 1 waiting 
3 651 418 793 589 68832 0 0 1 waiting 
3 658 413 793 586 68833 0 0 1 waiting 
3 665 409 793 584 68834 0 0 1 waiting 
4 396 381 458 569 68815 0 0 0 waiting 
4 392 382 463 568 68816 0 0 1 standing 
4 388 384 468 567 68817 0 0 1 standing 
4 384 386 473 567 68818 0 0 0 standing 
4 383 388 468 566 68819 0 0 1 standing 
4 382 390 463 565 68820 0 0 1 standing 
4 382 392 458 565 68821 0 0 0 standing 
4 380 389 456 567 68822 0 0 1 standing 
4 378 386 454 569 68823 0 0 1 standing 
4 376 383 452 571 68824 0 0 0 standing 
4 377 383 450 573 68825 0 0 1 standing 
4 378 383 449 576 68826 0 0 1 standing 
4 379 383 448 579 68827 0 0 0 standing 
4 379 388 448 584 68828 0 0 1 standing 
4 379 393 448 589 68829 0 0 1 standing 
4 379 399 448 595 68830 0 0 0 standing 
4 380 401 447 596 68831 0 0 1 standing 
4 381 403 447 597 68832 0 0 1 standing 
4 382 405 447 599 68833 0 0 1 standing 
4 383 407 447 600 68834 0 0 1 standing 
5 432 622 577 805 68815 0 0 0 standing 
5 426 619 568 806 68816 0 0 1 standing 
5 421 616 559 807 68817 0 0 1 standing 
5 416 614 551 808 68818 0 0 0 standing 
5 411 609 545 807 68819 0 0 1 standing 
5 406 604 540 807 68820 0 0 1 standing 
5 402 600 535 807 68821 0 0 0 standing 
5 397 596 527 808 68822 0 0 1 standing 
5 392 593 519 809 68823 0 0 1 standing 
5 387 590 512 810 68824 0 0 0 standing 
5 378 587 506 812 68825 0 0 1 standing 
5 369 585 500 814 68826 0 0 1 standing 
5 360 583 495 817 68827 0 0 0 standing 
5 354 583 489 817 68828 0 0 1 standing 
5 349 584 484 817 68829 0 0 1 standing 
5 344 585 479 818 68830 0 0 0 standing 
5 342 585 475 818 68831 0 0 1 standing 
5 341 585 471 818 68832 0 0 1 standing 
5 340 586 467 819 68833 0 0 0 standing 
5 340 586 467 819 68834 0 0 1 standing 
6 617 609 711 841 68815 0 0 0 standing 
6 617 603 707 838 68816 0 0 1 moving 
6 617 598 703 835 68817 0 0 1 moving 
6 617 593 699 832 68818 0 0 0 moving 
6 616 588 698 830 68819 0 0 1 moving 
6 615 583 697 828 68820 0 0 1 moving 
6 615 579 696 826 68821 0 0 0 moving 
6 614 578 695 820 68822 0 0 1 moving 
6 613 577 694 814 68823 0 0 1 moving 
6 613 576 694 809 68824 0 0 0 moving 
6 616 571 696 800 68825 0 0 1 moving 
6 619 566 699 791 68826 0 0 1 moving 
6 623 562 702 782 68827 0 0 0 moving 
6 624 560 709 775 68828 0 0 1 moving 
6 625 558 717 769 68829 0 0 1 moving 
6 627 556 725 763 68830 0 0 0 moving 
6 629 556 734 763 68831 0 0 1 moving 
6 632 557 743 763 68832 0 0 1 moving 
6 634 557 753 763 68833 0 0 1 moving 
6 637 558 762 763 68834 0 0 1 moving 
7 953 430 1075 610 68815 0 0 0 moving 
7 949 426 1071 610 68816 0 0 1 waiting 
7 945 423 1067 610 68817 0 0 1 waiting 
7 942 420 1064 611 68818 0 0 0 waiting 
7 944 420 1064 611 68819 0 0 1 waiting 
7 946 420 1064 611 68820 0 0 1 waiting 
7 948 420 1064 611 68821 0 0 1 waiting 
7 950 420 1064 611 68822 0 0 1 waiting 
7 952 420 1064 611 68823 0 0 1 waiting 
7 955 420 1064 611 68824 0 0 0 waiting 
7 955 421 1071 610 68825 0 0 1 waiting 
7 955 423 1078 610 68826 0 0 1 waiting 
7 955 425 1085 610 68827 0 0 0 waiting 
7 952 427 1084 609 68828 0 0 1 waiting 
7 949 430 1083 608 68829 0 0 1 waiting 
7 946 433 1083 608 68830 0 0 0 waiting 
7 946 435 1082 608 68831 0 0 1 waiting 
7 946 438 1081 608 68832 0 0 1 waiting 
7 946 441 1081 608 68833 0 0 0 waiting 
7 946 441 1081 608 68834 0 0 1 waiting 
8 1439 396 1569 556 68815 0 0 0 waiting 
8 1426 394 1563 557 68816 0 0 1 standing 
8 1413 392 1557 559 68817 0 0 1 standing 
8 1400 391 1551 561 68818 0 0 0 standing 
8 1394 391 1532 561 68819 0 0 1 standing 
8 1388 391 1514 561 68820 0 0 1 standing 
8 1382 391 1496 561 68821 0 0 0 standing 
8 1373 388 1472 561 68822 0 0 1 standing 
8 1364 386 1448 561 68823 0 0 1 standing 
8 1356 384 1425 561 68824 0 0 0 standing 
8 1339 384 1414 563 68825 0 0 1 standing 
8 1323 384 1403 565 68826 0 0 1 standing 
8 1307 384 1392 567 68827 0 0 0 standing 
8 1302 385 1382 571 68828 0 0 1 standing 
8 1298 386 1372 576 68829 0 0 1 standing 
8 1294 387 1363 581 68830 0 0 0 standing 
8 1283 389 1357 580 68831 0 0 1 standing 
8 1272 391 1352 580 68832 0 0 1 standing 
8 1261 394 1347 580 68833 0 0 1 standing 
8 1250 396 1342 580 68834 0 0 1 standing 
9 1529 580 1666 772 68815 0 0 0 standing 
9 1514 575 1644 771 68816 0 0 1 standing 
9 1499 571 1622 771 68817 0 0 1 standing 
9 1485 567 1601 771 68818 0 0 0 standing 
9 1478 560 1587 768 68819 0 0 1 standing 
9 1471 553 1573 765 68820 0 0 1 standing 
9 1465 546 1560 763 68821 0 0 0 standing 
9 1461 540 1552 752 68822 0 0 1 standing 
9 1457 535 1544 742 68823 0 0 1 standing 
9 1454 530 1536 732 68824 0 0 0 standing 
9 1434 528 1527 729 68825 0 0 1 standing 
9 1414 526 1519 726 68826 0 0 1 standing 
9 1394 525 1511 724 68827 0 0 0 standing 
9 1383 526 1508 719 68828 0 0 1 standing 
9 1372 528 1505 715 68829 0 0 1 standing 
9 1361 530 1502 711 68830 0 0 0 standing 
9 1360 531 1498 710 68831 0 0 1 standing 
9 1359 532 1494 709 68832 0 0 1 standing 
9 1358 533 1491 708 68833 0 0 1 standing 
9 1357 534 1487 707 68834 0 0 1 standing 
10 449 305 561 487 68815 0 0 0 standing 
10 441 305 549 486 68816 0 0 1 standing 
10 433 305 538 485 68817 0 0 1 standing 
10 426 305 527 485 68818 0 0 0 standing 
10 416 302 506 486 68819 0 0 1 standing 
10 407 299 486 488 68820 0 0 1 standing 
10 398 296 466 490 68821 0 0 0 standing 
10 386 295 461 489 68822 0 0 1 standing 
10 374 294 457 488 68823 0 0 1 standing 
10 363 294 453 488 68824 0 0 0 standing 
10 354 295 438 483 68825 0 0 1 standing 
10 345 296 424 479 68826 0 0 1 standing 
10 337 298 410 475 68827 0 0 0 standing 
10 332 296 404 474 68828 0 0 1 standing 
10 327 295 398 474 68829 0 0 1 standing 
10 322 294 393 474 68830 0 0 0 standing 
10 314 293 390 476 68831 0 0 1 standing 
10 306 292 387 479 68832 0 0 1 standing 
10 298 292 384 482 68833 0 0 1 standing 
10 290 291 381 485 68834 0 0 1 standing 
