0 312 463 359 553 24245 0 1 0 falling 
0 326 467 373 555 24246 0 1 1 falling 
0 340 471 387 558 24247 0 1 1 falling 
0 355 475 401 560 24248 0 1 1 falling 
0 369 479 415 563 24249 0 1 1 falling 
0 384 484 430 566 24250 0 1 0 falling 
0 393 485 439 567 24251 0 1 1 falling 
0 402 487 448 569 24252 0 1 1 falling 
0 411 488 457 571 24253 0 1 1 falling 
0 420 490 466 573 24254 0 1 1 falling 
0 430 492 475 575 24255 0 1 0 falling 
0 433 489 478 574 24256 0 1 1 falling 
0 437 486 482 573 24257 0 1 1 falling 
0 441 484 486 573 24258 0 1 1 falling 
0 445 481 490 572 24259 0 1 1 falling 
0 449 478 494 571 24260 0 1 1 falling 
0 453 476 498 571 24261 0 1 0 falling 
0 451 472 496 570 24262 0 1 1 falling 
0 450 469 495 570 24263 0 1 1 falling 
0 448 466 493 569 24264 0 1 1 falling 
1 478 409 520 518 24245 0 0 0 falling 
1 483 407 525 517 24246 0 0 1 standing 
1 489 406 531 517 24247 0 0 1 standing 
1 495 405 537 516 24248 0 0 1 standing 
1 501 404 542 516 24249 0 0 1 standing 
1 507 403 548 516 24250 0 0 1 standing 
1 513 402 554 515 24251 0 0 1 standing 
1 519 401 559 515 24252 0 0 1 standing 
1 525 400 565 514 24253 0 0 1 standing 
1 531 399 571 514 24254 0 0 1 standing 
1 537 398 577 514 24255 0 0 0 standing 
1 539 397 579 514 24256 0 0 1 standing 
1 541 396 581 515 24257 0 0 1 standing 
1 544 395 583 516 24258 0 0 0 standing 
1 542 395 582 515 24259 0 0 1 standing 
1 541 396 581 515 24260 0 0 1 standing 
1 540 396 580 515 24261 0 0 1 standing 
1 539 397 579 515 24262 0 0 1 standing 
1 538 397 578 515 24263 0 0 1 standing 
1 537 398 577 515 24264 0 0 0 standing 
2 557 357 602 466 24245 0 0 0 standing 
2 560 356 605 465 24246 0 0 1 standing 
2 564 355 608 465 24247 0 0 1 standing 
2 568 354 612 464 24248 0 0 1 standing 
2 572 353 615 464 24249 0 0 1 standing 
2 576 352 618 463 24250 0 0 1 standing 
2 580 352 622 463 24251 0 0 0 standing 
2 582 351 624 462 24252 0 0 1 standing 
2 585 350 626 461 24253 0 0 1 standing 
2 587 349 628 460 24254 0 0 1 standing 
2 590 349 630 460 24255 0 0 0 standing 
2 590 348 630 459 24256 0 0 1 standing 
2 591 348 631 458 24257 0 0 1 standing 
2 591 348 631 457 24258 0 0 1 standing 
2 592 348 632 456 24259 0 0 0 standing 
2 588 348 628 455 24260 0 0 1 standing 
2 584 348 624 454 24261 0 0 1 standing 
2 581 348 620 453 24262 0 0 1 standing 
2 577 348 616 452 24263 0 0 1 standing 
2 573 348 612 451 24264 0 0 1 standing 
3 609 397 652 519 24245 0 0 0 standing 
3 615 396 657 519 24246 0 0 1 standing 
3 621 395 663 519 24247 0 0 1 standing 
3 627 395 669 520 24248 0 0 1 standing 
3 633 394 675 520 24249 0 0 1 standing 
3 639 394 681 521 24250 0 0 0 standing 
3 644 396 686 522 24251 0 0 1 standing 
3 649 398 691 523 24252 0 0 1 standing 
3 654 400 697 524 24253 0 0 1 standing 
3 659 402 702 526 24254 0 0 1 standing 
3 664 404 708 527 24255 0 0 1 standing 
3 669 406 713 528 24256 0 0 1 standing 
3 675 408 719 530 24257 0 0 0 standing 
3 673 406 717 528 24258 0 0 1 standing 
3 671 405 715 526 24259 0 0 1 standing 
3 669 403 714 525 24260 0 0 1 standing 
3 667 402 712 523 24261 0 0 1 standing 
3 665 401 711 522 24262 0 0 0 standing 
3 661 400 707 521 24263 0 0 1 standing 
3 657 400 704 521 24264 0 0 1 standing 
4 720 363 757 484 24245 0 0 0 standing 
4 728 363 765 484 24246 0 0 1 standing 
4 736 363 773 484 24247 0 0 1 standing 
4 744 363 781 484 24248 0 0 1 standing 
4 752 363 789 484 24249 0 0 1 standing 
4 761 363 798 484 24250 0 0 0 standing 
4 768 365 805 486 24251 0 0 1 standing 
4 775 367 812 488 24252 0 0 1 standing 
4 783 369 820 490 24253 0 0 1 standing 
4 790 371 827 492 24254 0 0 1 standing 
4 798 373 835 494 24255 0 0 0 standing 
4 802 372 839 494 24256 0 0 1 standing 
4 806 371 843 494 24257 0 0 1 standing 
4 810 370 847 494 24258 0 0 1 standing 
4 815 370 851 495 24259 0 0 0 standing 
4 814 370 851 494 24260 0 0 1 standing 
4 814 370 851 494 24261 0 0 1 standing 
4 814 371 851 494 24262 0 0 1 standing 
4 814 371 851 494 24263 0 0 1 standing 
4 814 372 851 494 24264 0 0 1 standing 
5 911 442 954 580 24245 0 0 0 standing 
5 919 442 963 579 24246 0 0 1 standing 
5 928 443 973 579 24247 0 0 1 standing 
5 937 444 982 579 24248 0 0 1 standing 
5 946 445 992 579 24249 0 0 1 standing 
5 955 446 1002 579 24250 0 0 1 standing 
5 963 446 1011 579 24251 0 0 1 standing 
5 972 447 1021 579 24252 0 0 1 standing 
5 981 448 1030 579 24253 0 0 1 standing 
5 990 449 1040 579 24254 0 0 1 standing 
5 999 450 1050 579 24255 0 0 0 standing 
5 1009 451 1060 580 24256 0 0 1 standing 
5 1019 452 1070 582 24257 0 0 1 standing 
5 1029 454 1080 584 24258 0 0 0 standing 
5 1034 455 1086 585 24259 0 0 1 standing 
5 1040 456 1092 586 24260 0 0 1 standing 
5 1046 458 1098 587 24261 0 0 1 standing 
5 1051 459 1104 588 24262 0 0 1 standing 
5 1057 460 1111 590 24263 0 0 1 standing 
5 1063 462 1117 591 24264 0 0 1 standing 
6 993 379 1030 509 24245 0 0 0 standing 
6 1000 379 1037 509 24246 0 0 1 standing 
6 1007 379 1045 509 24247 0 0 1 standing 
6 1015 379 1052 509 24248 0 0 1 standing 
6 1022 379 1060 509 24249 0 0 1 standing 
6 1030 379 1067 509 24250 0 0 1 standing 
6 1037 379 1075 509 24251 0 0 1 standing 
6 1045 380 1083 510 24252 0 0 0 standing 
6 1051 379 1089 509 24253 0 0 1 standing 
6 1057 379 1095 508 24254 0 0 1 standing 
6 1064 379 1102 508 24255 0 0 0 standing 
6 1067 379 1106 508 24256 0 0 1 standing 
6 1070 380 1110 509 24257 0 0 1 standing 
6 1073 380 1114 509 24258 0 0 1 standing 
6 1077 381 1118 510 24259 0 0 0 standing 
6 1077 381 1118 510 24260 0 0 1 standing 
6 1077 382 1119 511 24261 0 0 1 standing 
6 1077 383 1120 511 24262 0 0 1 standing 
6 1077 383 1120 512 24263 0 0 1 standing 
6 1077 384 1121 512 24264 0 0 1 standing 
7 1090 416 1130 544 24245 0 0 0 standing 
7 1097 415 1137 544 24246 0 0 1 standing 
7 1105 415 1145 545 24247 0 0 1 standing 
7 1112 415 1153 546 24248 0 0 1 standing 
7 1120 415 1160 546 24249 0 0 1 standing 
7 1127 415 1168 547 24250 0 0 1 standing 
7 1135 415 1176 548 24251 0 0 1 standing 
7 1142 415 1183 548 24252 0 0 1 standing 
7 1150 415 1191 549 24253 0 0 1 standing 
7 1157 415 1199 550 24254 0 0 1 standing 
7 1165 415 1207 551 24255 0 0 0 standing 
7 1168 416 1211 552 24256 0 0 1 standing 
7 1171 418 1215 553 24257 0 0 1 standing 
7 1174 419 1219 554 24258 0 0 1 standing 
7 1178 421 1223 555 24259 0 0 0 standing 
7 1178 421 1223 555 24260 0 0 1 standing 
7 1178 421 1223 555 24261 0 0 1 standing 
7 1179 422 1224 555 24262 0 0 1 standing 
7 1179 422 1224 555 24263 0 0 1 standing 
7 1179 422 1224 555 24264 0 0 1 standing 
8 331 487 383 602 24245 0 1 0 standing 
8 344 487 397 599 24246 0 1 1 digging 
8 358 488 411 597 24247 0 1 1 digging 
8 372 489 425 595 24248 0 1 1 digging 
8 385 489 439 592 24249 0 1 1 digging 
8 399 490 453 590 24250 0 1 1 digging 
8 413 491 467 588 24251 0 1 0 digging 
8 422 492 483 586 24252 0 1 1 digging 
8 432 493 499 584 24253 0 1 1 digging 
8 442 495 515 583 24254 0 1 1 digging 
8 452 496 531 581 24255 0 1 1 digging 
8 462 497 547 579 24256 0 1 1 digging 
8 472 499 564 578 24257 0 1 0 digging 
8 477 500 564 578 24258 0 1 1 digging 
8 482 501 565 579 24259 0 1 1 digging 
8 488 503 565 580 24260 0 1 1 digging 
8 493 504 566 581 24261 0 1 1 digging 
8 499 506 567 582 24262 0 1 0 digging 
8 494 507 572 580 24263 0 1 1 digging 
8 490 509 577 579 24264 0 1 1 digging 
9 554 438 600 544 24245 0 0 0 digging 
9 563 439 608 546 24246 0 0 1 standing 
9 573 440 617 548 24247 0 0 1 standing 
9 582 441 626 550 24248 0 0 1 standing 
9 592 442 635 553 24249 0 0 1 standing 
9 601 444 644 555 24250 0 0 1 standing 
9 611 445 652 557 24251 0 0 1 standing 
9 620 446 661 560 24252 0 0 1 standing 
9 630 447 670 562 24253 0 0 1 standing 
9 639 448 679 564 24254 0 0 1 standing 
9 649 450 688 567 24255 0 0 0 standing 
9 655 451 695 568 24256 0 0 1 standing 
9 662 452 702 570 24257 0 0 1 standing 
9 669 453 709 571 24258 0 0 1 standing 
9 676 455 717 573 24259 0 0 0 standing 
9 678 455 719 573 24260 0 0 1 standing 
9 681 456 722 573 24261 0 0 1 standing 
9 683 457 724 573 24262 0 0 1 standing 
9 686 458 727 573 24263 0 0 0 standing 
9 688 456 729 573 24264 0 0 1 standing 
10 695 411 738 533 24245 0 0 0 standing 
10 704 411 746 534 24246 0 0 1 standing 
10 713 411 754 535 24247 0 0 1 standing 
10 722 411 763 536 24248 0 0 1 standing 
10 731 411 771 537 24249 0 0 1 standing 
10 740 412 780 539 24250 0 0 0 standing 
10 746 412 786 540 24251 0 0 1 standing 
10 753 412 792 541 24252 0 0 1 standing 
10 760 412 798 542 24253 0 0 1 standing 
10 767 412 804 543 24254 0 0 1 standing 
10 774 412 811 544 24255 0 0 0 standing 
10 778 411 815 543 24256 0 0 1 standing 
10 782 411 819 543 24257 0 0 1 standing 
10 786 411 823 543 24258 0 0 1 standing 
10 790 411 828 543 24259 0 0 0 standing 
10 790 411 828 543 24260 0 0 1 standing 
10 791 412 829 543 24261 0 0 1 standing 
10 791 412 830 544 24262 0 0 1 standing 
10 792 413 830 544 24263 0 0 1 standing 
10 792 413 831 544 24264 0 0 1 standing 
11 724 435 767 567 24245 0 0 0 standing 
11 729 434 772 567 24246 0 0 1 standing 
11 735 434 777 567 24247 0 0 1 standing 
11 741 434 782 568 24248 0 0 1 standing 
11 746 434 788 568 24249 0 0 1 standing 
11 752 434 793 569 24250 0 0 1 standing 
11 758 433 798 569 24251 0 0 1 standing 
11 763 433 804 569 24252 0 0 1 standing 
11 769 433 809 570 24253 0 0 1 standing 
11 775 433 814 570 24254 0 0 1 standing 
11 781 433 820 571 24255 0 0 0 standing 
11 784 433 823 571 24256 0 0 1 standing 
11 787 433 826 571 24257 0 0 1 standing 
11 791 433 830 571 24258 0 0 0 standing 
11 791 433 830 571 24259 0 0 1 standing 
11 791 433 830 571 24260 0 0 1 standing 
11 791 433 830 571 24261 0 0 1 standing 
11 791 433 830 571 24262 0 0 1 standing 
11 791 433 830 571 24263 0 0 1 standing 
11 791 433 830 571 24264 0 0 1 standing 
