0 877 319 978 430 53541 0 0 0 standing 
0 874 324 970 435 53542 0 0 1 standing 
0 871 330 962 440 53543 0 0 1 standing 
0 868 335 954 445 53544 0 0 1 standing 
0 865 341 946 450 53545 0 0 0 standing 
0 862 346 942 455 53546 0 0 1 standing 
0 859 352 938 460 53547 0 0 1 standing 
0 857 358 935 466 53548 0 0 1 standing 
0 854 364 931 471 53549 0 0 1 standing 
0 851 370 927 476 53550 0 0 1 standing 
0 849 376 924 482 53551 0 0 0 standing 
0 846 378 921 481 53552 0 0 1 standing 
0 843 380 919 481 53553 0 0 1 standing 
0 841 382 917 481 53554 0 0 1 standing 
0 838 384 915 480 53555 0 0 1 standing 
0 835 386 913 480 53556 0 0 1 standing 
0 833 388 911 480 53557 0 0 0 standing 
0 833 390 909 480 53558 0 0 1 standing 
0 834 392 907 481 53559 0 0 1 standing 
0 835 394 905 481 53560 0 0 1 standing 
1 966 371 1017 520 53541 0 0 0 standing 
1 968 372 1023 520 53542 0 0 1 standing 
1 970 374 1029 520 53543 0 0 1 standing 
1 972 376 1035 520 53544 0 0 1 standing 
1 974 378 1041 520 53545 0 0 0 standing 
1 976 380 1043 520 53546 0 0 1 standing 
1 978 382 1045 521 53547 0 0 1 standing 
1 980 384 1047 522 53548 0 0 1 standing 
1 982 386 1049 523 53549 0 0 1 standing 
1 984 388 1051 524 53550 0 0 1 standing 
1 986 390 1054 525 53551 0 0 0 standing 
1 985 387 1053 523 53552 0 0 1 standing 
1 984 384 1052 522 53553 0 0 1 standing 
1 984 381 1051 521 53554 0 0 1 standing 
1 983 379 1051 519 53555 0 0 1 standing 
1 983 376 1050 518 53556 0 0 1 standing 
1 982 373 1049 517 53557 0 0 1 standing 
1 981 371 1049 515 53558 0 0 1 standing 
1 981 368 1048 514 53559 0 0 1 standing 
1 980 365 1047 513 53560 0 0 1 standing 
2 839 422 929 541 53541 0 0 0 standing 
2 840 420 931 541 53542 0 0 1 standing 
2 841 419 933 541 53543 0 0 1 standing 
2 842 417 935 541 53544 0 0 1 standing 
2 843 416 937 541 53545 0 0 1 standing 
2 845 414 939 541 53546 0 0 1 standing 
2 846 413 941 541 53547 0 0 1 standing 
2 847 411 943 541 53548 0 0 1 standing 
2 848 410 945 541 53549 0 0 1 standing 
2 849 408 947 541 53550 0 0 1 standing 
2 851 407 950 542 53551 0 0 0 standing 
2 851 401 947 541 53552 0 0 1 standing 
2 851 396 944 540 53553 0 0 1 standing 
2 851 391 942 540 53554 0 0 0 standing 
2 854 390 941 539 53555 0 0 1 standing 
2 857 390 940 539 53556 0 0 1 standing 
2 861 390 939 538 53557 0 0 1 standing 
2 864 390 938 538 53558 0 0 1 standing 
2 868 390 937 538 53559 0 0 0 standing 
2 869 390 935 539 53560 0 0 1 standing 
3 1014 453 1120 625 53541 0 0 1 standing 
3 1010 452 1117 624 53542 0 0 1 standing 
3 1006 451 1114 622 53543 0 0 1 standing 
3 1003 451 1111 621 53544 0 0 0 standing 
3 1001 450 1108 620 53545 0 0 1 standing 
3 1000 449 1105 620 53546 0 0 1 standing 
3 999 448 1102 619 53547 0 0 1 standing 
3 998 448 1099 619 53548 0 0 0 standing 
3 996 446 1087 616 53549 0 0 1 standing 
3 994 444 1076 614 53550 0 0 1 standing 
3 992 443 1065 611 53551 0 0 1 standing 
3 990 441 1054 609 53552 0 0 1 standing 
3 988 440 1043 607 53553 0 0 0 standing 
3 979 440 1039 607 53554 0 0 1 standing 
3 971 440 1036 608 53555 0 0 1 standing 
3 963 441 1033 609 53556 0 0 1 standing 
3 954 441 1029 609 53557 0 0 1 standing 
3 946 441 1026 610 53558 0 0 1 standing 
3 938 442 1023 611 53559 0 0 0 standing 
3 932 443 1019 611 53560 0 0 1 standing 
4 1106 405 1192 552 53541 0 0 0 standing 
4 1107 405 1193 552 53542 0 0 1 standing 
4 1108 406 1194 552 53543 0 0 1 standing 
4 1109 407 1195 553 53544 0 0 0 standing 
4 1109 410 1193 554 53545 0 0 1 standing 
4 1110 413 1192 555 53546 0 0 1 standing 
4 1111 416 1191 556 53547 0 0 1 standing 
4 1112 420 1190 558 53548 0 0 0 standing 
4 1113 418 1188 557 53549 0 0 1 standing 
4 1114 416 1186 556 53550 0 0 1 standing 
4 1116 415 1184 556 53551 0 0 0 standing 
4 1117 411 1184 555 53552 0 0 1 standing 
4 1119 408 1185 554 53553 0 0 1 standing 
4 1121 405 1186 553 53554 0 0 1 standing 
4 1123 401 1187 553 53555 0 0 1 standing 
4 1125 398 1188 552 53556 0 0 1 standing 
4 1127 395 1189 551 53557 0 0 1 standing 
4 1129 392 1190 551 53558 0 0 0 standing 
4 1128 392 1191 551 53559 0 0 1 standing 
4 1127 392 1192 551 53560 0 0 1 standing 
5 1097 367 1162 489 53541 0 0 0 standing 
5 1096 370 1160 489 53542 0 0 1 waiting 
5 1096 373 1159 490 53543 0 0 1 waiting 
5 1095 376 1157 491 53544 0 0 1 waiting 
5 1095 379 1156 492 53545 0 0 1 waiting 
5 1095 382 1155 493 53546 0 0 0 waiting 
5 1095 383 1155 493 53547 0 0 1 waiting 
5 1095 384 1156 494 53548 0 0 1 waiting 
5 1095 385 1157 494 53549 0 0 1 waiting 
5 1095 386 1158 495 53550 0 0 0 waiting 
5 1096 383 1157 495 53551 0 0 1 waiting 
5 1098 380 1157 496 53552 0 0 1 waiting 
5 1099 378 1156 496 53553 0 0 1 waiting 
5 1101 375 1156 497 53554 0 0 1 waiting 
5 1102 372 1155 497 53555 0 0 1 waiting 
5 1104 370 1155 498 53556 0 0 0 waiting 
5 1105 370 1157 498 53557 0 0 1 waiting 
5 1106 370 1160 498 53558 0 0 1 waiting 
5 1108 370 1162 498 53559 0 0 1 waiting 
5 1109 370 1165 498 53560 0 0 1 waiting 
6 326 446 394 556 53541 0 1 0 waiting 
6 327 445 396 556 53542 0 1 1 digging 
6 328 444 399 556 53543 0 1 1 digging 
6 329 443 402 556 53544 0 1 1 digging 
6 330 442 405 556 53545 0 1 1 digging 
6 331 441 408 556 53546 0 1 1 digging 
6 332 440 411 556 53547 0 1 1 digging 
6 333 439 414 556 53548 0 1 1 digging 
6 334 438 417 556 53549 0 1 1 digging 
6 336 438 420 557 53550 0 1 0 digging 
6 336 436 418 557 53551 0 1 1 digging 
6 336 435 416 558 53552 0 1 1 digging 
6 337 434 414 558 53553 0 1 1 digging 
6 337 433 412 559 53554 0 1 1 digging 
6 337 432 410 559 53555 0 1 1 digging 
6 338 431 408 560 53556 0 1 1 digging 
6 338 430 406 560 53557 0 1 1 digging 
6 338 429 404 561 53558 0 1 1 digging 
6 339 428 402 561 53559 0 1 1 digging 
6 339 427 400 562 53560 0 1 1 digging 
7 582 417 668 530 53541 0 0 0 digging 
7 584 416 669 530 53542 0 0 1 standing 
7 586 415 670 531 53543 0 0 1 standing 
7 588 414 671 531 53544 0 0 1 standing 
7 590 414 673 532 53545 0 0 1 standing 
7 592 413 674 532 53546 0 0 1 standing 
7 594 412 675 533 53547 0 0 1 standing 
7 596 412 677 533 53548 0 0 1 standing 
7 598 411 678 534 53549 0 0 1 standing 
7 600 410 679 534 53550 0 0 1 standing 
7 603 410 681 535 53551 0 0 0 standing 
7 605 411 683 537 53552 0 0 1 standing 
7 608 412 686 539 53553 0 0 1 standing 
7 610 413 689 542 53554 0 0 1 standing 
7 613 414 692 544 53555 0 0 1 standing 
7 616 415 695 547 53556 0 0 1 standing 
7 618 416 698 549 53557 0 0 1 standing 
7 621 417 701 551 53558 0 0 1 standing 
7 623 418 704 554 53559 0 0 1 standing 
7 626 419 707 556 53560 0 0 1 standing 
8 315 370 376 481 53541 0 0 0 standing 
8 316 369 376 481 53542 0 0 1 standing 
8 317 369 376 481 53543 0 0 1 standing 
8 319 368 377 481 53544 0 0 1 standing 
8 320 368 377 481 53545 0 0 1 standing 
8 322 367 378 481 53546 0 0 1 standing 
8 323 367 378 481 53547 0 0 1 standing 
8 324 366 378 481 53548 0 0 1 standing 
8 326 366 379 481 53549 0 0 1 standing 
8 327 365 379 481 53550 0 0 1 standing 
8 329 365 380 482 53551 0 0 0 standing 
8 328 364 380 481 53552 0 0 1 standing 
8 327 363 380 481 53553 0 0 1 standing 
8 326 362 380 481 53554 0 0 1 standing 
8 326 361 380 481 53555 0 0 1 standing 
8 325 360 381 481 53556 0 0 1 standing 
8 324 359 381 481 53557 0 0 1 standing 
8 324 358 381 481 53558 0 0 1 standing 
8 323 357 381 481 53559 0 0 1 standing 
8 322 356 381 481 53560 0 0 1 standing 
9 429 320 490 418 53541 0 0 0 standing 
9 430 320 491 418 53542 0 0 1 digging 
9 431 320 492 418 53543 0 0 1 digging 
9 432 320 493 418 53544 0 0 1 digging 
9 433 321 494 419 53545 0 0 1 digging 
9 434 321 495 419 53546 0 0 1 digging 
9 435 321 496 419 53547 0 0 1 digging 
9 436 322 497 420 53548 0 0 1 digging 
9 437 322 498 420 53549 0 0 1 digging 
9 438 322 499 420 53550 0 0 1 digging 
9 440 323 500 421 53551 0 0 0 digging 
9 439 323 502 421 53552 0 0 1 digging 
9 439 324 504 422 53553 0 0 1 digging 
9 439 324 507 423 53554 0 0 1 digging 
9 439 325 509 424 53555 0 0 1 digging 
9 439 325 512 425 53556 0 0 1 digging 
9 439 326 514 425 53557 0 0 1 digging 
9 439 326 516 426 53558 0 0 1 digging 
9 439 327 519 427 53559 0 0 1 digging 
9 439 327 521 428 53560 0 0 1 digging 
10 760 297 831 462 53541 0 0 1 digging 
10 764 299 837 461 53542 0 0 1 blocking 
10 768 301 844 460 53543 0 0 0 blocking 
10 766 302 841 461 53544 0 0 1 blocking 
10 764 303 838 462 53545 0 0 1 blocking 
10 763 305 836 463 53546 0 0 0 blocking 
10 761 306 830 465 53547 0 0 1 blocking 
10 760 308 825 467 53548 0 0 1 blocking 
10 759 310 820 469 53549 0 0 0 blocking 
10 763 320 819 474 53550 0 0 1 blocking 
10 768 330 819 479 53551 0 0 1 blocking 
10 773 340 818 484 53552 0 0 1 blocking 
10 778 351 818 490 53553 0 0 0 blocking 
10 777 350 818 490 53554 0 0 1 blocking 
10 777 349 819 490 53555 0 0 1 blocking 
10 777 348 819 490 53556 0 0 1 blocking 
10 777 348 820 491 53557 0 0 1 blocking 
10 776 347 821 491 53558 0 0 1 blocking 
10 776 346 821 491 53559 0 0 1 blocking 
10 776 345 822 491 53560 0 0 1 blocking 
11 772 290 841 447 53541 0 0 0 blocking 
11 773 288 840 448 53542 0 0 1 standing 
11 774 286 839 449 53543 0 0 1 standing 
11 775 284 838 450 53544 0 0 1 standing 
11 777 282 837 451 53545 0 0 0 standing 
11 777 287 836 454 53546 0 0 1 standing 
11 778 292 836 458 53547 0 0 1 standing 
11 778 297 835 462 53548 0 0 1 standing 
11 779 303 835 466 53549 0 0 0 standing 
11 779 304 834 465 53550 0 0 1 standing 
11 780 306 834 464 53551 0 0 1 standing 
11 781 307 834 464 53552 0 0 1 standing 
11 782 309 833 463 53553 0 0 1 standing 
11 783 310 833 462 53554 0 0 1 standing 
11 784 312 833 462 53555 0 0 0 standing 
11 784 313 833 461 53556 0 0 1 standing 
11 784 314 833 461 53557 0 0 1 standing 
11 785 316 834 461 53558 0 0 1 standing 
11 785 317 834 461 53559 0 0 1 standing 
11 785 318 834 461 53560 0 0 1 standing 
