0 754 389 789 490 31670 0 1 0 standing 
0 751 390 786 491 31671 0 1 1 standing 
0 748 391 783 492 31672 0 1 1 standing 
0 745 392 780 493 31673 0 1 1 standing 
0 742 393 777 494 31674 0 1 1 standing 
0 739 394 774 495 31675 0 1 1 standing 
0 736 395 771 496 31676 0 1 1 standing 
0 733 396 768 497 31677 0 1 1 standing 
0 730 397 765 498 31678 0 1 1 standing 
0 727 398 762 499 31679 0 1 1 standing 
0 725 400 760 501 31680 0 1 0 standing 
0 722 400 760 503 31681 0 1 1 standing 
0 720 401 760 506 31682 0 1 1 standing 
0 717 402 760 509 31683 0 1 1 standing 
0 715 403 760 512 31684 0 1 1 standing 
0 712 404 760 515 31685 0 1 1 standing 
0 710 404 760 517 31686 0 1 1 standing 
0 707 405 760 520 31687 0 1 1 standing 
0 705 406 760 523 31688 0 1 1 standing 
0 702 407 760 526 31689 0 1 1 standing 
1 793 398 834 514 31670 0 1 0 standing 
1 790 396 831 512 31671 0 1 1 standing 
1 787 395 829 511 31672 0 1 1 standing 
1 784 394 827 510 31673 0 1 1 standing 
1 781 393 824 509 31674 0 1 1 standing 
1 778 392 822 508 31675 0 1 1 standing 
1 775 391 820 506 31676 0 1 1 standing 
1 772 390 817 505 31677 0 1 1 standing 
1 769 389 815 504 31678 0 1 1 standing 
1 766 388 813 503 31679 0 1 1 standing 
1 763 387 811 502 31680 0 1 0 standing 
1 762 386 810 501 31681 0 1 1 standing 
1 761 386 809 501 31682 0 1 1 standing 
1 760 386 808 501 31683 0 1 1 standing 
1 759 385 807 500 31684 0 1 1 standing 
1 758 385 806 500 31685 0 1 1 standing 
1 757 385 805 500 31686 0 1 1 standing 
1 756 384 804 499 31687 0 1 1 standing 
1 755 384 803 499 31688 0 1 1 standing 
1 754 384 802 499 31689 0 1 1 standing 
2 812 421 873 546 31670 0 1 0 standing 
2 810 419 871 544 31671 0 1 1 standing 
2 809 418 870 543 31672 0 1 1 standing 
2 807 417 868 542 31673 0 1 1 standing 
2 806 415 867 540 31674 0 1 1 standing 
2 805 414 866 539 31675 0 1 1 standing 
2 803 413 864 538 31676 0 1 1 standing 
2 802 411 863 536 31677 0 1 1 standing 
2 800 410 861 535 31678 0 1 1 standing 
2 799 409 860 534 31679 0 1 1 standing 
2 798 408 859 533 31680 0 1 0 standing 
2 797 407 858 532 31681 0 1 1 standing 
2 797 407 858 531 31682 0 1 1 standing 
2 797 407 858 530 31683 0 1 1 standing 
2 797 407 857 529 31684 0 1 1 standing 
2 797 407 857 528 31685 0 1 1 standing 
2 796 407 857 527 31686 0 1 1 standing 
2 796 407 856 526 31687 0 1 1 standing 
2 796 407 856 525 31688 0 1 1 standing 
2 796 407 856 524 31689 0 1 1 standing 
3 865 298 899 408 31670 0 1 0 standing 
3 863 299 898 408 31671 0 1 1 standing 
3 861 301 897 408 31672 0 1 1 standing 
3 860 303 896 408 31673 0 1 1 standing 
3 858 305 895 409 31674 0 1 1 standing 
3 857 307 894 409 31675 0 1 1 standing 
3 855 309 893 409 31676 0 1 1 standing 
3 853 311 892 410 31677 0 1 1 standing 
3 852 313 891 410 31678 0 1 1 standing 
3 850 315 890 410 31679 0 1 1 standing 
3 849 317 890 411 31680 0 1 0 standing 
3 846 318 887 412 31681 0 1 1 standing 
3 844 319 885 414 31682 0 1 1 standing 
3 842 320 883 416 31683 0 1 1 standing 
3 840 321 881 418 31684 0 1 1 standing 
3 838 322 879 420 31685 0 1 1 standing 
3 836 323 876 422 31686 0 1 1 standing 
3 834 324 874 424 31687 0 1 1 standing 
3 832 325 872 426 31688 0 1 1 standing 
3 830 326 870 428 31689 0 1 1 standing 
4 896 329 933 438 31670 0 1 0 standing 
4 888 330 927 439 31671 0 1 1 standing 
4 881 332 921 441 31672 0 1 1 standing 
4 873 334 915 442 31673 0 1 1 standing 
4 866 335 909 444 31674 0 1 1 standing 
4 858 337 903 446 31675 0 1 1 standing 
4 851 339 897 447 31676 0 1 1 standing 
4 843 340 891 449 31677 0 1 1 standing 
4 836 342 885 450 31678 0 1 1 standing 
4 828 344 879 452 31679 0 1 1 standing 
4 821 346 873 454 31680 0 1 0 standing 
4 818 347 870 455 31681 0 1 1 standing 
4 815 348 867 456 31682 0 1 1 standing 
4 812 349 864 457 31683 0 1 1 standing 
4 810 350 862 458 31684 0 1 1 standing 
4 807 351 859 459 31685 0 1 1 standing 
4 804 352 856 460 31686 0 1 1 standing 
4 802 353 854 461 31687 0 1 1 standing 
4 799 354 851 462 31688 0 1 1 standing 
4 796 355 848 463 31689 0 1 1 standing 
5 1027 369 1084 477 31670 0 1 0 standing 
5 1021 370 1080 478 31671 0 1 1 moving 
5 1015 371 1076 479 31672 0 1 1 moving 
5 1010 372 1072 480 31673 0 1 1 moving 
5 1004 373 1068 481 31674 0 1 1 moving 
5 998 374 1064 482 31675 0 1 1 moving 
5 993 375 1060 483 31676 0 1 1 moving 
5 987 376 1056 484 31677 0 1 1 moving 
5 982 378 1053 485 31678 0 1 0 moving 
5 974 379 1045 486 31679 0 1 1 moving 
5 967 380 1038 487 31680 0 1 1 moving 
5 959 381 1031 488 31681 0 1 1 moving 
5 952 382 1024 489 31682 0 1 1 moving 
5 944 383 1017 490 31683 0 1 1 moving 
5 937 384 1010 491 31684 0 1 1 moving 
5 929 385 1002 492 31685 0 1 1 moving 
5 922 386 995 493 31686 0 1 1 moving 
5 914 387 988 494 31687 0 1 1 moving 
5 907 388 981 495 31688 0 1 1 moving 
5 899 389 974 496 31689 0 1 1 moving 
6 517 350 599 445 31670 0 0 0 moving 
6 519 348 597 444 31671 0 0 1 standing 
6 522 347 596 444 31672 0 0 1 standing 
6 524 345 594 443 31673 0 0 1 standing 
6 527 344 593 443 31674 0 0 1 standing 
6 530 342 591 442 31675 0 0 1 standing 
6 532 341 590 442 31676 0 0 1 standing 
6 535 339 588 441 31677 0 0 1 standing 
6 537 338 587 441 31678 0 0 1 standing 
6 540 336 585 440 31679 0 0 1 standing 
6 543 335 584 440 31680 0 0 0 standing 
6 543 336 583 440 31681 0 0 1 standing 
6 543 337 583 440 31682 0 0 1 standing 
6 543 338 583 440 31683 0 0 1 standing 
6 543 339 583 440 31684 0 0 1 standing 
6 543 340 583 440 31685 0 0 1 standing 
6 543 341 583 440 31686 0 0 1 standing 
6 543 342 583 440 31687 0 0 1 standing 
6 543 343 583 440 31688 0 0 1 standing 
6 543 344 583 440 31689 0 0 1 standing 
7 321 365 360 467 31670 0 0 0 standing 
7 317 364 356 466 31671 0 0 1 standing 
7 313 364 352 466 31672 0 0 1 standing 
7 310 363 349 465 31673 0 0 1 standing 
7 306 363 345 465 31674 0 0 1 standing 
7 303 362 342 465 31675 0 0 1 standing 
7 299 362 338 464 31676 0 0 1 standing 
7 295 361 334 464 31677 0 0 1 standing 
7 292 361 331 463 31678 0 0 1 standing 
7 288 360 327 463 31679 0 0 1 standing 
7 285 360 324 463 31680 0 0 0 standing 
7 280 360 319 463 31681 0 0 1 standing 
7 276 360 315 463 31682 0 0 1 standing 
7 272 360 311 463 31683 0 0 1 standing 
7 268 361 307 464 31684 0 0 1 standing 
7 264 361 303 464 31685 0 0 1 standing 
7 260 361 299 464 31686 0 0 1 standing 
7 256 362 295 465 31687 0 0 1 standing 
7 252 362 291 465 31688 0 0 1 standing 
7 248 362 287 465 31689 0 0 1 standing 
8 379 458 454 549 31670 0 0 0 standing 
8 374 458 449 549 31671 0 0 1 digging 
8 369 459 444 550 31672 0 0 1 digging 
8 364 459 440 550 31673 0 0 1 digging 
8 360 460 435 551 31674 0 0 1 digging 
8 355 460 431 551 31675 0 0 1 digging 
8 350 461 426 552 31676 0 0 1 digging 
8 346 461 421 552 31677 0 0 1 digging 
8 341 462 417 553 31678 0 0 1 digging 
8 336 462 412 553 31679 0 0 1 digging 
8 332 463 408 554 31680 0 0 0 digging 
8 327 461 403 554 31681 0 0 1 digging 
8 323 459 399 555 31682 0 0 1 digging 
8 318 457 394 556 31683 0 0 1 digging 
8 314 456 390 557 31684 0 0 1 digging 
8 310 454 385 558 31685 0 0 1 digging 
8 305 452 381 558 31686 0 0 1 digging 
8 301 451 376 559 31687 0 0 1 digging 
8 296 449 372 560 31688 0 0 1 digging 
8 292 447 367 561 31689 0 0 1 digging 
9 563 458 635 536 31670 0 0 0 digging 
9 557 456 628 536 31671 0 0 1 standing 
9 551 455 621 536 31672 0 0 1 standing 
9 545 454 614 536 31673 0 0 1 standing 
9 539 453 607 536 31674 0 0 1 standing 
9 534 452 601 536 31675 0 0 1 standing 
9 528 450 594 536 31676 0 0 1 standing 
9 522 449 587 536 31677 0 0 1 standing 
9 516 448 580 536 31678 0 0 1 standing 
9 510 447 573 536 31679 0 0 1 standing 
9 505 446 567 536 31680 0 0 0 standing 
9 499 443 560 536 31681 0 0 1 standing 
9 493 440 554 536 31682 0 0 1 standing 
9 487 437 548 536 31683 0 0 1 standing 
9 481 434 542 536 31684 0 0 1 standing 
9 475 431 536 536 31685 0 0 1 standing 
9 469 428 530 536 31686 0 0 1 standing 
9 463 425 524 536 31687 0 0 1 standing 
9 457 422 518 536 31688 0 0 1 standing 
9 451 419 512 536 31689 0 0 1 standing 
10 690 458 732 595 31670 0 0 0 standing 
10 685 457 727 594 31671 0 0 1 standing 
10 680 457 722 594 31672 0 0 1 standing 
10 675 456 717 593 31673 0 0 1 standing 
10 670 456 712 593 31674 0 0 1 standing 
10 665 456 707 593 31675 0 0 1 standing 
10 660 455 702 592 31676 0 0 1 standing 
10 655 455 697 592 31677 0 0 1 standing 
10 650 454 692 591 31678 0 0 1 standing 
10 645 454 687 591 31679 0 0 1 standing 
10 640 454 683 591 31680 0 0 0 standing 
10 636 453 679 590 31681 0 0 1 standing 
10 633 453 676 590 31682 0 0 1 standing 
10 630 453 673 590 31683 0 0 1 standing 
10 627 453 670 590 31684 0 0 1 standing 
10 624 453 667 590 31685 0 0 1 standing 
10 620 453 663 590 31686 0 0 1 standing 
10 617 453 660 590 31687 0 0 1 standing 
10 614 453 657 590 31688 0 0 1 standing 
10 611 453 654 590 31689 0 0 1 standing 
11 631 445 696 600 31670 0 0 0 standing 
11 625 445 690 600 31671 0 0 1 standing 
11 620 445 685 600 31672 0 0 1 standing 
11 615 445 680 600 31673 0 0 1 standing 
11 610 445 675 600 31674 0 0 1 standing 
11 605 446 670 601 31675 0 0 1 standing 
11 599 446 664 601 31676 0 0 1 standing 
11 594 446 659 601 31677 0 0 1 standing 
11 589 446 654 601 31678 0 0 1 standing 
11 584 446 649 601 31679 0 0 1 standing 
11 579 447 644 602 31680 0 0 0 standing 
11 574 448 638 601 31681 0 0 1 standing 
11 569 449 632 601 31682 0 0 1 standing 
11 564 450 626 600 31683 0 0 1 standing 
11 559 451 620 600 31684 0 0 1 standing 
11 555 452 614 599 31685 0 0 1 standing 
11 550 453 608 599 31686 0 0 1 standing 
11 545 454 602 598 31687 0 0 1 standing 
11 540 455 596 598 31688 0 0 1 standing 
11 535 456 590 597 31689 0 0 1 standing 
