0 1096 356 1159 504 28545 0 0 0 standing 
0 1090 355 1153 501 28546 0 0 1 standing 
0 1085 355 1148 499 28547 0 0 1 standing 
0 1080 354 1142 497 28548 0 0 1 standing 
0 1074 354 1137 495 28549 0 0 1 standing 
0 1069 353 1132 493 28550 0 0 1 standing 
0 1064 353 1126 491 28551 0 0 1 standing 
0 1058 352 1121 489 28552 0 0 1 standing 
0 1053 352 1115 487 28553 0 0 1 standing 
0 1048 351 1110 485 28554 0 0 1 standing 
0 1043 351 1105 483 28555 0 0 0 standing 
0 1038 350 1099 482 28556 0 0 1 standing 
0 1033 350 1093 482 28557 0 0 1 standing 
0 1028 350 1088 482 28558 0 0 1 standing 
0 1023 350 1082 482 28559 0 0 1 standing 
0 1018 350 1077 482 28560 0 0 1 standing 
0 1013 350 1071 481 28561 0 0 1 standing 
0 1008 350 1065 481 28562 0 0 1 standing 
0 1003 350 1060 481 28563 0 0 1 standing 
0 998 350 1054 481 28564 0 0 1 standing 
1 1078 383 1168 538 28545 0 0 0 standing 
1 1078 382 1168 537 28546 0 0 1 moving 
1 1079 381 1169 536 28547 0 0 1 moving 
1 1080 380 1170 535 28548 0 0 1 moving 
1 1081 379 1171 534 28549 0 0 1 moving 
1 1082 378 1172 533 28550 0 0 1 moving 
1 1083 377 1173 532 28551 0 0 1 moving 
1 1084 376 1174 531 28552 0 0 1 moving 
1 1085 375 1175 530 28553 0 0 1 moving 
1 1086 374 1176 529 28554 0 0 1 moving 
1 1087 373 1177 528 28555 0 0 0 moving 
1 1090 373 1173 528 28556 0 0 1 moving 
1 1094 374 1170 528 28557 0 0 1 moving 
1 1097 374 1167 528 28558 0 0 1 moving 
1 1101 375 1164 528 28559 0 0 1 moving 
1 1104 375 1161 528 28560 0 0 1 moving 
1 1108 376 1158 529 28561 0 0 0 moving 
1 1105 376 1165 530 28562 0 0 1 moving 
1 1103 377 1173 531 28563 0 0 1 moving 
1 1101 378 1181 532 28564 0 0 1 moving 
2 1091 443 1169 586 28545 0 0 0 moving 
2 1088 443 1166 586 28546 0 0 1 standing 
2 1085 444 1163 587 28547 0 0 1 standing 
2 1082 445 1160 588 28548 0 0 1 standing 
2 1080 445 1158 588 28549 0 0 1 standing 
2 1077 446 1155 589 28550 0 0 1 standing 
2 1074 447 1152 590 28551 0 0 1 standing 
2 1072 447 1150 590 28552 0 0 1 standing 
2 1069 448 1147 591 28553 0 0 1 standing 
2 1066 449 1144 592 28554 0 0 1 standing 
2 1064 450 1142 593 28555 0 0 0 standing 
2 1062 449 1138 592 28556 0 0 1 standing 
2 1060 449 1134 592 28557 0 0 1 standing 
2 1058 449 1131 591 28558 0 0 1 standing 
2 1056 448 1127 591 28559 0 0 1 standing 
2 1054 448 1124 591 28560 0 0 1 standing 
2 1052 448 1120 590 28561 0 0 1 standing 
2 1050 447 1116 590 28562 0 0 1 standing 
2 1048 447 1113 589 28563 0 0 1 standing 
2 1046 447 1109 589 28564 0 0 1 standing 
3 826 408 897 574 28545 0 0 0 standing 
3 820 407 888 571 28546 0 0 1 standing 
3 814 407 880 569 28547 0 0 1 standing 
3 808 407 871 567 28548 0 0 1 standing 
3 803 406 863 565 28549 0 0 1 standing 
3 797 406 854 563 28550 0 0 1 standing 
3 791 406 846 560 28551 0 0 1 standing 
3 786 405 837 558 28552 0 0 1 standing 
3 780 405 829 556 28553 0 0 1 standing 
3 774 405 820 554 28554 0 0 1 standing 
3 769 405 812 552 28555 0 0 0 standing 
3 761 404 806 551 28556 0 0 1 standing 
3 753 404 800 550 28557 0 0 1 standing 
3 746 403 794 550 28558 0 0 1 standing 
3 738 403 789 549 28559 0 0 1 standing 
3 730 402 783 549 28560 0 0 1 standing 
3 723 402 777 548 28561 0 0 1 standing 
3 715 401 771 547 28562 0 0 1 standing 
3 707 401 766 547 28563 0 0 1 standing 
3 700 400 760 546 28564 0 0 1 standing 
4 806 365 850 499 28545 0 0 0 standing 
4 800 365 844 499 28546 0 0 1 standing 
4 794 365 838 499 28547 0 0 1 standing 
4 788 365 832 499 28548 0 0 1 standing 
4 783 365 827 499 28549 0 0 1 standing 
4 777 365 821 499 28550 0 0 1 standing 
4 771 365 815 499 28551 0 0 1 standing 
4 766 365 810 499 28552 0 0 1 standing 
4 760 365 804 499 28553 0 0 1 standing 
4 754 365 798 499 28554 0 0 1 standing 
4 749 365 793 499 28555 0 0 0 standing 
4 743 365 787 499 28556 0 0 1 standing 
4 738 365 782 499 28557 0 0 1 standing 
4 733 365 777 499 28558 0 0 1 standing 
4 727 366 771 500 28559 0 0 1 standing 
4 722 366 766 500 28560 0 0 1 standing 
4 717 366 761 500 28561 0 0 1 standing 
4 711 367 755 501 28562 0 0 1 standing 
4 706 367 750 501 28563 0 0 1 standing 
4 701 367 745 501 28564 0 0 1 standing 
5 791 387 835 528 28545 0 0 0 standing 
5 786 387 830 528 28546 0 0 1 standing 
5 781 387 825 528 28547 0 0 1 standing 
5 777 387 821 528 28548 0 0 1 standing 
5 772 387 816 528 28549 0 0 1 standing 
5 768 387 812 528 28550 0 0 1 standing 
5 763 387 807 528 28551 0 0 1 standing 
5 758 387 802 528 28552 0 0 1 standing 
5 754 387 798 528 28553 0 0 1 standing 
5 749 387 793 528 28554 0 0 1 standing 
5 745 387 789 528 28555 0 0 0 standing 
5 739 386 783 527 28556 0 0 1 standing 
5 733 386 777 527 28557 0 0 1 standing 
5 728 386 772 527 28558 0 0 1 standing 
5 722 386 766 527 28559 0 0 1 standing 
5 717 386 761 527 28560 0 0 1 standing 
5 711 386 755 527 28561 0 0 1 standing 
5 705 386 749 527 28562 0 0 1 standing 
5 700 386 744 527 28563 0 0 1 standing 
5 694 386 738 527 28564 0 0 1 standing 
6 498 350 556 467 28545 0 1 0 standing 
6 497 349 555 467 28546 0 1 1 digging 
6 497 348 555 467 28547 0 1 1 digging 
6 496 347 554 467 28548 0 1 1 digging 
6 496 346 554 468 28549 0 1 1 digging 
6 495 345 553 468 28550 0 1 1 digging 
6 495 344 553 468 28551 0 1 1 digging 
6 494 343 552 468 28552 0 1 1 digging 
6 494 342 552 469 28553 0 1 0 digging 
6 492 340 550 468 28554 0 1 1 digging 
6 490 338 548 468 28555 0 1 1 digging 
6 488 337 546 467 28556 0 1 1 digging 
6 486 335 544 467 28557 0 1 1 digging 
6 485 334 543 467 28558 0 1 0 digging 
6 480 328 538 462 28559 0 1 1 digging 
6 476 322 534 457 28560 0 1 1 digging 
6 472 316 530 452 28561 0 1 1 digging 
6 468 310 525 448 28562 0 1 1 digging 
6 464 304 521 443 28563 0 1 1 digging 
6 460 298 517 438 28564 0 1 1 digging 
7 532 414 607 560 28545 0 0 0 digging 
7 526 413 601 559 28546 0 0 1 standing 
7 520 413 595 559 28547 0 0 1 standing 
7 514 412 589 558 28548 0 0 1 standing 
7 509 412 584 558 28549 0 0 1 standing 
7 503 411 578 557 28550 0 0 1 standing 
7 497 411 572 557 28551 0 0 1 standing 
7 492 410 567 556 28552 0 0 1 standing 
7 486 410 561 556 28553 0 0 1 standing 
7 480 409 555 555 28554 0 0 1 standing 
7 475 409 550 555 28555 0 0 0 standing 
7 469 410 548 558 28556 0 0 1 standing 
7 463 411 546 561 28557 0 0 1 standing 
7 458 413 544 565 28558 0 0 1 standing 
7 452 414 542 568 28559 0 0 1 standing 
7 447 416 540 572 28560 0 0 0 standing 
7 447 417 538 571 28561 0 0 1 standing 
7 447 419 537 570 28562 0 0 1 standing 
7 447 420 535 570 28563 0 0 1 standing 
7 447 422 534 569 28564 0 0 1 standing 
8 685 338 746 464 28545 0 0 0 standing 
8 679 336 740 462 28546 0 0 1 moving 
8 674 334 735 460 28547 0 0 1 moving 
8 669 332 730 458 28548 0 0 1 moving 
8 664 330 725 456 28549 0 0 1 moving 
8 659 328 720 454 28550 0 0 1 moving 
8 654 326 715 452 28551 0 0 1 moving 
8 649 324 710 450 28552 0 0 0 moving 
8 642 324 703 450 28553 0 0 1 moving 
8 636 324 697 450 28554 0 0 1 moving 
8 630 324 691 450 28555 0 0 0 moving 
8 625 323 686 449 28556 0 0 1 moving 
8 620 323 681 449 28557 0 0 1 moving 
8 616 322 677 448 28558 0 0 1 moving 
8 611 322 672 448 28559 0 0 1 moving 
8 607 321 668 447 28560 0 0 1 moving 
8 602 321 663 447 28561 0 0 1 moving 
8 597 320 658 446 28562 0 0 1 moving 
8 593 320 654 446 28563 0 0 1 moving 
8 588 319 649 445 28564 0 0 1 moving 
9 715 371 766 521 28545 0 0 0 moving 
9 709 370 760 520 28546 0 0 1 standing 
9 703 369 754 519 28547 0 0 1 standing 
9 698 368 749 518 28548 0 0 1 standing 
9 692 368 743 518 28549 0 0 1 standing 
9 687 367 738 517 28550 0 0 1 standing 
9 681 366 732 516 28551 0 0 1 standing 
9 676 365 727 515 28552 0 0 1 standing 
9 670 365 721 515 28553 0 0 1 standing 
9 665 364 716 514 28554 0 0 1 standing 
9 659 363 710 513 28555 0 0 1 standing 
9 654 363 705 513 28556 0 0 0 standing 
9 647 363 698 513 28557 0 0 1 standing 
9 641 363 692 513 28558 0 0 1 standing 
9 635 364 686 514 28559 0 0 1 standing 
9 628 364 679 514 28560 0 0 1 standing 
9 622 364 673 514 28561 0 0 1 standing 
9 616 365 667 515 28562 0 0 1 standing 
9 609 365 660 515 28563 0 0 1 standing 
9 603 365 654 515 28564 0 0 1 standing 
10 201 382 263 526 28545 0 0 0 standing 
10 194 383 259 526 28546 0 0 1 standing 
10 188 384 255 527 28547 0 0 1 standing 
10 182 385 251 528 28548 0 0 1 standing 
10 176 386 247 529 28549 0 0 1 standing 
10 170 387 243 530 28550 0 0 1 standing 
10 164 388 239 531 28551 0 0 1 standing 
10 158 389 235 532 28552 0 0 1 standing 
10 152 390 231 533 28553 0 0 1 standing 
10 146 391 227 534 28554 0 0 1 standing 
10 140 392 224 535 28555 0 0 0 standing 
10 139 392 221 534 28556 0 0 1 standing 
10 139 392 218 534 28557 0 0 1 standing 
10 139 392 215 534 28558 0 0 1 standing 
10 138 392 212 534 28559 0 0 1 standing 
10 138 392 209 534 28560 0 0 1 standing 
10 138 392 206 534 28561 0 0 1 standing 
10 137 392 203 534 28562 0 0 1 standing 
10 137 392 200 534 28563 0 0 1 standing 
10 137 392 197 534 28564 0 0 1 standing 
11 97 434 174 599 28545 0 0 0 standing 
11 90 433 163 599 28546 0 0 1 standing 
11 84 433 153 599 28547 0 0 1 standing 
11 78 433 143 600 28548 0 0 1 standing 
11 72 432 133 600 28549 0 0 1 standing 
11 66 432 123 600 28550 0 0 1 standing 
11 60 432 113 601 28551 0 0 0 standing 
11 54 432 107 602 28552 0 0 1 standing 
11 48 432 102 603 28553 0 0 1 standing 
11 42 432 97 604 28554 0 0 1 standing 
11 36 432 92 606 28555 0 0 0 standing 
11 28 432 89 606 28556 0 0 1 standing 
11 21 432 86 606 28557 0 0 1 standing 
11 14 433 83 606 28558 0 0 1 standing 
11 7 433 80 606 28559 0 0 1 standing 
11 0 434 77 606 28560 0 0 0 standing 
11 0 434 74 607 28561 0 0 1 standing 
11 0 435 71 608 28562 0 0 1 standing 
11 0 436 68 609 28563 0 0 0 standing 
11 0 436 71 608 28564 0 0 1 standing 
