0 813 499 900 661 36315 0 1 0 spiking 
0 807 489 896 654 36316 0 1 1 spiking 
0 802 479 893 647 36317 0 1 1 spiking 
0 796 469 889 641 36318 0 1 1 spiking 
0 791 459 886 634 36319 0 1 1 spiking 
0 785 449 883 627 36320 0 1 1 spiking 
0 780 439 879 621 36321 0 1 1 spiking 
0 774 429 876 614 36322 0 1 1 spiking 
0 769 420 873 608 36323 0 1 0 spiking 
0 764 415 871 601 36324 0 1 1 spiking 
0 760 411 869 595 36325 0 1 1 spiking 
0 755 407 867 589 36326 0 1 1 spiking 
0 751 403 865 583 36327 0 1 1 spiking 
0 746 399 863 577 36328 0 1 1 spiking 
0 742 395 861 571 36329 0 1 1 spiking 
0 738 391 860 565 36330 0 1 0 spiking 
0 734 396 866 570 36331 0 1 1 spiking 
0 730 401 873 575 36332 0 1 1 spiking 
0 726 406 880 580 36333 0 1 0 spiking 
0 723 412 868 588 36334 0 1 1 spiking 
1 544 425 628 566 36315 0 1 0 spiking 
1 549 422 630 569 36316 0 1 1 blocking 
1 554 420 633 572 36317 0 1 1 blocking 
1 559 418 635 575 36318 0 1 1 blocking 
1 564 416 638 578 36319 0 1 1 blocking 
1 569 414 640 581 36320 0 1 1 blocking 
1 574 412 643 585 36321 0 1 1 blocking 
1 579 410 645 588 36322 0 1 1 blocking 
1 584 408 648 591 36323 0 1 1 blocking 
1 589 406 650 594 36324 0 1 1 blocking 
1 594 404 653 597 36325 0 1 1 blocking 
1 600 402 656 601 36326 0 1 0 blocking 
1 604 401 657 599 36327 0 1 1 blocking 
1 609 400 659 598 36328 0 1 1 blocking 
1 613 399 660 597 36329 0 1 1 blocking 
1 618 398 662 596 36330 0 1 1 blocking 
1 623 397 664 595 36331 0 1 0 blocking 
1 623 402 666 598 36332 0 1 1 blocking 
1 623 407 668 601 36333 0 1 1 blocking 
1 623 412 671 604 36334 0 1 1 blocking 
2 551 484 613 619 36315 0 1 0 blocking 
2 555 477 617 619 36316 0 1 1 blocking 
2 560 470 622 619 36317 0 1 1 blocking 
2 565 464 627 619 36318 0 1 1 blocking 
2 570 457 632 619 36319 0 1 1 blocking 
2 575 450 636 619 36320 0 1 1 blocking 
2 580 444 641 619 36321 0 1 1 blocking 
2 585 437 646 619 36322 0 1 1 blocking 
2 590 431 651 619 36323 0 1 0 blocking 
2 595 429 655 617 36324 0 1 1 blocking 
2 601 427 659 615 36325 0 1 1 blocking 
2 607 425 663 614 36326 0 1 1 blocking 
2 612 423 668 612 36327 0 1 1 blocking 
2 618 421 672 611 36328 0 1 1 blocking 
2 624 419 676 609 36329 0 1 1 blocking 
2 629 418 681 608 36330 0 1 1 blocking 
2 635 416 685 606 36331 0 1 1 blocking 
2 641 414 689 605 36332 0 1 1 blocking 
2 646 412 694 603 36333 0 1 1 blocking 
2 652 410 698 602 36334 0 1 1 blocking 
3 669 366 729 491 36315 0 0 0 blocking 
3 669 369 729 494 36316 0 0 1 digging 
3 669 372 729 498 36317 0 0 1 digging 
3 670 376 729 502 36318 0 0 0 digging 
3 678 378 738 502 36319 0 0 1 digging 
3 686 380 748 502 36320 0 0 1 digging 
3 694 383 758 503 36321 0 0 0 digging 
3 702 382 765 501 36322 0 0 1 digging 
3 710 381 773 499 36323 0 0 1 digging 
3 718 380 781 498 36324 0 0 0 digging 
3 722 378 785 497 36325 0 0 1 digging 
3 726 377 789 496 36326 0 0 1 digging 
3 730 376 793 496 36327 0 0 0 digging 
3 736 376 800 496 36328 0 0 1 digging 
3 743 376 807 496 36329 0 0 1 digging 
3 750 377 814 497 36330 0 0 0 digging 
3 759 378 824 495 36331 0 0 1 digging 
3 769 379 835 494 36332 0 0 1 digging 
3 779 380 846 492 36333 0 0 1 digging 
3 789 381 857 491 36334 0 0 1 digging 
4 771 339 818 459 36315 0 0 0 digging 
4 767 337 818 459 36316 0 0 1 standing 
4 764 336 819 459 36317 0 0 1 standing 
4 761 335 820 460 36318 0 0 0 standing 
4 759 335 819 460 36319 0 0 1 standing 
4 758 335 818 460 36320 0 0 1 standing 
4 757 335 818 460 36321 0 0 0 standing 
4 757 332 818 457 36322 0 0 1 standing 
4 757 329 818 454 36323 0 0 1 standing 
4 757 326 818 452 36324 0 0 0 standing 
4 757 326 818 452 36325 0 0 1 standing 
4 757 326 818 452 36326 0 0 1 standing 
4 758 326 819 452 36327 0 0 0 standing 
4 759 330 820 456 36328 0 0 1 standing 
4 761 335 822 461 36329 0 0 1 standing 
4 763 340 824 466 36330 0 0 0 standing 
4 765 343 826 463 36331 0 0 1 standing 
4 767 347 828 460 36332 0 0 1 standing 
4 770 350 830 457 36333 0 0 1 standing 
4 772 354 832 454 36334 0 0 1 standing 
5 1007 419 1066 526 36315 0 0 0 standing 
5 1007 420 1066 527 36316 0 0 1 standing 
5 1007 421 1066 528 36317 0 0 1 standing 
5 1007 422 1066 530 36318 0 0 0 standing 
5 1009 422 1068 532 36319 0 0 1 standing 
5 1012 422 1070 534 36320 0 0 1 standing 
5 1015 422 1073 536 36321 0 0 0 standing 
5 1017 419 1073 534 36322 0 0 1 standing 
5 1019 416 1073 532 36323 0 0 1 standing 
5 1021 414 1074 530 36324 0 0 0 standing 
5 1022 414 1075 532 36325 0 0 1 standing 
5 1023 415 1076 534 36326 0 0 1 standing 
5 1025 416 1078 536 36327 0 0 0 standing 
5 1026 418 1079 537 36328 0 0 1 standing 
5 1028 420 1080 538 36329 0 0 1 standing 
5 1030 422 1082 539 36330 0 0 0 standing 
5 1030 425 1084 541 36331 0 0 1 standing 
5 1030 428 1087 543 36332 0 0 1 standing 
5 1030 431 1089 545 36333 0 0 1 standing 
5 1030 434 1092 547 36334 0 0 1 standing 
6 654 383 703 513 36315 0 0 0 standing 
6 656 377 707 514 36316 0 0 1 standing 
6 659 372 711 515 36317 0 0 1 standing 
6 662 367 715 516 36318 0 0 0 standing 
6 661 377 716 525 36319 0 0 1 standing 
6 660 387 717 535 36320 0 0 1 standing 
6 660 397 718 545 36321 0 0 0 standing 
6 662 404 718 544 36322 0 0 1 standing 
6 664 411 718 543 36323 0 0 1 standing 
6 667 418 718 543 36324 0 0 0 standing 
6 671 417 721 548 36325 0 0 1 standing 
6 675 416 724 553 36326 0 0 1 standing 
6 679 415 728 558 36327 0 0 0 standing 
6 685 418 733 560 36328 0 0 1 standing 
6 692 422 739 562 36329 0 0 1 standing 
6 699 426 745 564 36330 0 0 0 standing 
6 704 426 752 561 36331 0 0 1 standing 
6 709 427 759 558 36332 0 0 1 standing 
6 714 428 767 555 36333 0 0 1 standing 
6 719 429 774 552 36334 0 0 1 standing 
7 519 378 609 476 36315 0 0 0 standing 
7 522 377 610 474 36316 0 0 1 standing 
7 525 376 611 472 36317 0 0 1 standing 
7 529 376 613 471 36318 0 0 0 standing 
7 528 373 608 471 36319 0 0 1 standing 
7 527 370 603 472 36320 0 0 1 standing 
7 527 367 598 473 36321 0 0 0 standing 
7 525 365 587 472 36322 0 0 1 standing 
7 523 363 576 472 36323 0 0 1 standing 
7 522 361 565 472 36324 0 0 0 standing 
7 514 361 563 472 36325 0 0 1 standing 
7 507 361 561 472 36326 0 0 1 standing 
7 500 361 559 473 36327 0 0 0 standing 
7 488 364 558 472 36328 0 0 1 standing 
7 476 367 557 471 36329 0 0 1 standing 
7 464 370 557 471 36330 0 0 0 standing 
7 469 371 560 471 36331 0 0 1 standing 
7 474 372 563 472 36332 0 0 1 standing 
7 479 373 566 473 36333 0 0 1 standing 
7 484 374 569 474 36334 0 0 1 standing 
8 348 401 413 493 36315 0 0 0 standing 
8 348 401 421 493 36316 0 0 1 standing 
8 348 401 429 493 36317 0 0 1 standing 
8 349 401 437 493 36318 0 0 0 standing 
8 351 401 441 496 36319 0 0 1 standing 
8 353 402 445 499 36320 0 0 1 standing 
8 355 403 449 502 36321 0 0 0 standing 
8 357 401 451 501 36322 0 0 1 standing 
8 359 399 453 500 36323 0 0 1 standing 
8 362 398 456 499 36324 0 0 0 standing 
8 364 394 453 497 36325 0 0 1 standing 
8 367 391 450 495 36326 0 0 1 standing 
8 370 388 447 494 36327 0 0 0 standing 
8 367 387 442 493 36328 0 0 1 standing 
8 365 386 437 492 36329 0 0 1 standing 
8 363 386 433 492 36330 0 0 0 standing 
8 359 387 436 491 36331 0 0 1 standing 
8 356 389 440 490 36332 0 0 1 standing 
8 352 390 443 490 36333 0 0 1 standing 
8 349 392 447 489 36334 0 0 1 standing 
9 198 452 257 609 36315 0 0 0 standing 
9 192 453 257 609 36316 0 0 1 standing 
9 186 454 257 609 36317 0 0 1 standing 
9 181 455 258 610 36318 0 0 0 standing 
9 175 453 259 610 36319 0 0 1 standing 
9 169 452 261 610 36320 0 0 1 standing 
9 163 451 263 611 36321 0 0 0 standing 
9 163 449 253 610 36322 0 0 1 standing 
9 163 447 243 609 36323 0 0 1 standing 
9 163 445 233 608 36324 0 0 0 standing 
9 159 443 225 608 36325 0 0 1 standing 
9 155 441 217 608 36326 0 0 1 standing 
9 151 439 210 608 36327 0 0 0 standing 
9 150 439 208 604 36328 0 0 1 standing 
9 149 439 207 600 36329 0 0 1 standing 
9 148 439 206 596 36330 0 0 0 standing 
9 139 441 209 598 36331 0 0 1 standing 
9 131 443 213 601 36332 0 0 1 standing 
9 122 446 216 604 36333 0 0 1 standing 
9 114 448 220 607 36334 0 0 1 standing 
10 108 420 186 555 36315 0 0 0 standing 
10 111 419 187 554 36316 0 0 1 standing 
10 114 419 188 553 36317 0 0 1 standing 
10 118 419 189 552 36318 0 0 0 standing 
10 119 418 189 552 36319 0 0 1 standing 
10 120 418 190 552 36320 0 0 1 standing 
10 121 418 191 553 36321 0 0 0 standing 
10 124 415 194 549 36322 0 0 1 standing 
10 127 412 197 545 36323 0 0 1 standing 
10 130 410 200 542 36324 0 0 0 standing 
10 135 408 205 538 36325 0 0 1 standing 
10 140 406 210 534 36326 0 0 1 standing 
10 146 404 216 530 36327 0 0 0 standing 
10 155 406 224 529 36328 0 0 1 standing 
10 165 408 232 528 36329 0 0 1 standing 
10 175 410 240 527 36330 0 0 0 standing 
10 177 412 246 526 36331 0 0 1 standing 
10 179 415 253 526 36332 0 0 1 standing 
10 182 418 260 525 36333 0 0 1 standing 
10 184 421 267 525 36334 0 0 1 standing 
11 835 399 897 513 36315 0 0 0 standing 
11 835 400 898 511 36316 0 0 1 standing 
11 835 401 900 510 36317 0 0 1 standing 
11 835 403 902 509 36318 0 0 0 standing 
11 832 407 896 521 36319 0 0 1 standing 
11 830 411 891 533 36320 0 0 1 standing 
11 828 416 886 545 36321 0 0 0 standing 
11 826 417 881 543 36322 0 0 1 standing 
11 824 419 876 542 36323 0 0 1 standing 
11 823 421 872 541 36324 0 0 0 standing 
11 825 423 874 546 36325 0 0 1 standing 
11 827 425 876 551 36326 0 0 1 standing 
11 829 427 878 557 36327 0 0 0 standing 
11 831 427 880 559 36328 0 0 1 standing 
11 834 427 882 561 36329 0 0 1 standing 
11 837 428 884 564 36330 0 0 0 standing 
11 834 430 887 566 36331 0 0 1 standing 
11 831 432 891 568 36332 0 0 1 standing 
11 829 435 894 571 36333 0 0 1 standing 
11 826 437 898 573 36334 0 0 1 standing 
