0 203 509 290 615 36905 0 0 1 falling 
0 203 509 288 615 36906 0 0 1 falling 
0 203 509 287 615 36907 0 0 1 falling 
0 203 509 286 615 36908 0 0 1 falling 
0 203 509 285 615 36909 0 0 0 falling 
0 203 506 284 616 36910 0 0 1 falling 
0 203 503 284 618 36911 0 0 1 falling 
0 203 501 284 620 36912 0 0 1 falling 
0 203 498 283 622 36913 0 0 1 falling 
0 203 495 283 624 36914 0 0 1 falling 
0 203 493 283 626 36915 0 0 0 falling 
0 203 487 284 625 36916 0 0 1 falling 
0 203 482 286 625 36917 0 0 1 falling 
0 203 476 287 625 36918 0 0 1 falling 
0 203 471 289 625 36919 0 0 1 falling 
0 203 465 290 625 36920 0 0 1 falling 
0 203 460 292 625 36921 0 0 0 falling 
0 205 454 292 622 36922 0 0 1 falling 
0 207 448 292 620 36923 0 0 1 falling 
0 210 442 292 618 36924 0 0 1 falling 
1 1006 381 1106 539 36905 0 1 0 falling 
1 1007 381 1100 539 36906 0 1 1 standing 
1 1008 382 1094 539 36907 0 1 1 standing 
1 1009 383 1088 540 36908 0 1 0 standing 
1 1006 383 1086 540 36909 0 1 1 standing 
1 1003 383 1085 541 36910 0 1 1 standing 
1 1001 383 1084 542 36911 0 1 0 standing 
1 998 383 1082 542 36912 0 1 1 standing 
1 995 383 1081 543 36913 0 1 1 standing 
1 993 383 1080 544 36914 0 1 1 standing 
1 990 383 1079 545 36915 0 1 1 standing 
1 988 383 1078 546 36916 0 1 0 standing 
1 985 384 1074 547 36917 0 1 1 standing 
1 983 385 1071 548 36918 0 1 1 standing 
1 980 386 1067 549 36919 0 1 1 standing 
1 978 387 1064 550 36920 0 1 1 standing 
1 975 388 1060 551 36921 0 1 1 standing 
1 973 389 1057 552 36922 0 1 1 standing 
1 971 391 1054 553 36923 0 1 0 standing 
1 970 391 1050 552 36924 0 1 1 standing 
2 187 366 288 513 36905 0 0 1 standing 
2 186 367 287 515 36906 0 0 1 standing 
2 185 368 286 518 36907 0 0 0 standing 
2 185 366 286 518 36908 0 0 1 standing 
2 185 365 286 518 36909 0 0 1 standing 
2 185 364 286 519 36910 0 0 1 standing 
2 185 362 287 519 36911 0 0 1 standing 
2 185 361 287 520 36912 0 0 1 standing 
2 185 360 287 520 36913 0 0 1 standing 
2 186 359 288 521 36914 0 0 0 standing 
2 190 358 288 520 36915 0 0 1 standing 
2 194 358 288 519 36916 0 0 1 standing 
2 199 357 288 518 36917 0 0 1 standing 
2 203 357 288 517 36918 0 0 1 standing 
2 207 356 288 516 36919 0 0 1 standing 
2 212 356 289 515 36920 0 0 0 standing 
2 214 357 289 511 36921 0 0 1 standing 
2 217 358 290 507 36922 0 0 1 standing 
2 219 359 290 503 36923 0 0 1 standing 
2 222 361 291 499 36924 0 0 0 standing 
3 351 327 428 449 36905 0 0 1 standing 
3 352 325 427 449 36906 0 0 1 standing 
3 353 324 427 449 36907 0 0 0 standing 
3 353 324 426 450 36908 0 0 1 standing 
3 353 324 426 451 36909 0 0 1 standing 
3 353 324 426 452 36910 0 0 1 standing 
3 353 324 426 453 36911 0 0 1 standing 
3 353 324 426 454 36912 0 0 1 standing 
3 353 324 426 455 36913 0 0 1 standing 
3 353 324 426 456 36914 0 0 1 standing 
3 353 324 426 458 36915 0 0 0 standing 
3 349 324 422 458 36916 0 0 1 standing 
3 345 324 418 458 36917 0 0 1 standing 
3 342 324 415 458 36918 0 0 0 standing 
3 341 324 414 459 36919 0 0 1 standing 
3 341 324 413 460 36920 0 0 1 standing 
3 340 324 413 461 36921 0 0 1 standing 
3 340 324 412 463 36922 0 0 1 standing 
3 339 324 412 464 36923 0 0 1 standing 
3 339 324 411 465 36924 0 0 1 standing 
4 498 343 588 473 36905 0 0 1 standing 
4 498 342 589 473 36906 0 0 0 standing 
4 497 341 588 473 36907 0 0 1 standing 
4 496 341 588 473 36908 0 0 1 standing 
4 495 340 587 474 36909 0 0 1 standing 
4 495 340 587 474 36910 0 0 1 standing 
4 494 339 586 475 36911 0 0 1 standing 
4 493 339 586 475 36912 0 0 1 standing 
4 493 339 586 476 36913 0 0 0 standing 
4 493 338 585 476 36914 0 0 1 standing 
4 494 338 584 477 36915 0 0 1 standing 
4 495 337 583 477 36916 0 0 1 standing 
4 496 337 582 478 36917 0 0 1 standing 
4 497 336 581 478 36918 0 0 1 standing 
4 498 336 581 479 36919 0 0 0 standing 
4 498 335 579 479 36920 0 0 1 standing 
4 498 335 577 480 36921 0 0 1 standing 
4 498 334 575 481 36922 0 0 1 standing 
4 498 334 574 482 36923 0 0 0 standing 
4 495 334 569 482 36924 0 0 1 standing 
5 877 419 940 579 36905 0 1 0 standing 
5 878 420 941 584 36906 0 1 1 standing 
5 880 421 943 589 36907 0 1 1 standing 
5 882 423 945 594 36908 0 1 0 standing 
5 882 428 944 594 36909 0 1 1 standing 
5 882 433 944 594 36910 0 1 1 standing 
5 882 438 944 594 36911 0 1 0 standing 
5 886 438 944 593 36912 0 1 1 standing 
5 891 438 944 593 36913 0 1 1 standing 
5 895 438 944 593 36914 0 1 1 standing 
5 900 438 944 593 36915 0 1 0 standing 
5 900 434 943 593 36916 0 1 1 standing 
5 900 431 943 593 36917 0 1 1 standing 
5 900 428 943 593 36918 0 1 1 standing 
5 900 425 943 593 36919 0 1 0 standing 
5 900 425 949 592 36920 0 1 1 standing 
5 900 425 955 592 36921 0 1 1 standing 
5 900 425 962 592 36922 0 1 0 standing 
5 901 423 966 590 36923 0 1 1 standing 
5 902 421 970 588 36924 0 1 1 standing 
6 907 388 977 528 36905 0 1 0 standing 
6 908 387 978 527 36906 0 1 1 standing 
6 910 387 980 527 36907 0 1 1 standing 
6 911 387 981 527 36908 0 1 1 standing 
6 913 387 983 527 36909 0 1 0 standing 
6 915 387 985 527 36910 0 1 1 standing 
6 917 387 987 527 36911 0 1 1 standing 
6 919 387 989 527 36912 0 1 1 standing 
6 921 387 991 527 36913 0 1 0 standing 
6 920 387 991 526 36914 0 1 1 standing 
6 919 387 991 526 36915 0 1 1 standing 
6 918 387 991 526 36916 0 1 1 standing 
6 917 387 991 526 36917 0 1 1 standing 
6 916 387 991 526 36918 0 1 1 standing 
6 915 387 991 526 36919 0 1 1 standing 
6 914 387 991 526 36920 0 1 1 standing 
6 913 387 991 526 36921 0 1 1 standing 
6 912 387 991 526 36922 0 1 0 standing 
6 915 388 994 527 36923 0 1 1 standing 
6 918 389 997 528 36924 0 1 1 standing 
7 778 454 847 626 36905 0 1 0 standing 
7 782 454 850 626 36906 0 1 1 standing 
7 787 454 854 627 36907 0 1 1 standing 
7 792 454 857 628 36908 0 1 1 standing 
7 797 454 861 629 36909 0 1 1 standing 
7 802 454 864 630 36910 0 1 1 standing 
7 807 454 868 631 36911 0 1 1 standing 
7 812 455 872 632 36912 0 1 0 standing 
7 815 455 873 631 36913 0 1 1 standing 
7 818 455 874 631 36914 0 1 1 standing 
7 822 455 876 631 36915 0 1 0 standing 
7 822 452 878 628 36916 0 1 1 standing 
7 822 450 881 626 36917 0 1 1 standing 
7 822 448 883 623 36918 0 1 1 standing 
7 822 446 886 621 36919 0 1 1 standing 
7 822 444 889 619 36920 0 1 0 standing 
7 825 440 892 615 36921 0 1 1 standing 
7 828 437 895 612 36922 0 1 1 standing 
7 831 434 898 609 36923 0 1 1 standing 
7 834 430 901 605 36924 0 1 1 standing 
8 631 399 692 596 36905 0 0 1 standing 
8 632 403 693 598 36906 0 0 0 standing 
8 632 410 692 599 36907 0 0 1 standing 
8 632 417 692 601 36908 0 0 1 standing 
8 632 424 692 603 36909 0 0 0 standing 
8 631 424 691 603 36910 0 0 1 standing 
8 631 424 691 604 36911 0 0 1 standing 
8 630 424 691 605 36912 0 0 1 standing 
8 630 424 691 605 36913 0 0 1 standing 
8 629 424 691 606 36914 0 0 1 standing 
8 629 424 691 607 36915 0 0 1 standing 
8 628 424 691 608 36916 0 0 1 standing 
8 628 424 691 608 36917 0 0 1 standing 
8 627 424 691 609 36918 0 0 1 standing 
8 627 424 691 610 36919 0 0 1 standing 
8 626 424 691 610 36920 0 0 1 standing 
8 626 424 691 611 36921 0 0 1 standing 
8 625 424 691 612 36922 0 0 1 standing 
8 625 424 691 613 36923 0 0 0 standing 
8 623 425 690 613 36924 0 0 1 standing 
9 604 458 679 621 36905 0 0 0 standing 
9 601 458 673 621 36906 0 0 1 standing 
9 599 458 667 621 36907 0 0 1 standing 
9 596 458 661 621 36908 0 0 1 standing 
9 594 458 655 621 36909 0 0 1 standing 
9 592 459 650 621 36910 0 0 0 standing 
9 588 459 647 620 36911 0 0 1 standing 
9 584 459 645 620 36912 0 0 1 standing 
9 580 459 643 620 36913 0 0 1 standing 
9 576 459 641 620 36914 0 0 1 standing 
9 572 459 639 620 36915 0 0 0 standing 
9 569 459 638 620 36916 0 0 1 standing 
9 567 460 637 621 36917 0 0 1 standing 
9 564 461 637 621 36918 0 0 1 standing 
9 562 462 636 622 36919 0 0 1 standing 
9 560 463 636 623 36920 0 0 0 standing 
9 557 460 629 622 36921 0 0 1 standing 
9 554 457 623 622 36922 0 0 1 standing 
9 551 454 617 621 36923 0 0 1 standing 
9 548 452 611 621 36924 0 0 0 standing 
10 745 404 813 557 36905 0 1 0 standing 
10 747 404 816 556 36906 0 1 1 standing 
10 750 404 819 556 36907 0 1 1 standing 
10 753 404 822 556 36908 0 1 1 standing 
10 755 404 826 555 36909 0 1 1 standing 
10 758 404 829 555 36910 0 1 1 standing 
10 761 404 832 555 36911 0 1 1 standing 
10 764 404 836 555 36912 0 1 0 standing 
10 767 404 839 554 36913 0 1 1 standing 
10 771 404 842 554 36914 0 1 1 standing 
10 775 404 846 554 36915 0 1 1 standing 
10 778 404 849 553 36916 0 1 1 standing 
10 782 404 852 553 36917 0 1 1 standing 
10 786 404 856 553 36918 0 1 0 standing 
10 786 404 855 557 36919 0 1 1 standing 
10 786 404 855 561 36920 0 1 1 standing 
10 786 404 855 565 36921 0 1 0 standing 
10 787 403 856 564 36922 0 1 1 standing 
10 788 403 857 564 36923 0 1 1 standing 
10 790 403 859 564 36924 0 1 1 standing 
11 747 344 822 460 36905 0 1 0 standing 
11 751 344 824 461 36906 0 1 1 standing 
11 755 345 826 463 36907 0 1 1 standing 
11 759 345 828 465 36908 0 1 1 standing 
11 763 346 831 467 36909 0 1 0 standing 
11 766 345 834 466 36910 0 1 1 standing 
11 769 344 837 465 36911 0 1 1 standing 
11 772 343 840 464 36912 0 1 0 standing 
11 775 343 847 465 36913 0 1 1 standing 
11 778 344 854 466 36914 0 1 1 standing 
11 781 345 861 467 36915 0 1 1 standing 
11 785 346 869 469 36916 0 1 0 standing 
11 789 346 871 472 36917 0 1 1 standing 
11 793 346 873 476 36918 0 1 1 standing 
11 798 346 876 480 36919 0 1 0 standing 
11 801 346 875 479 36920 0 1 1 standing 
11 804 346 874 479 36921 0 1 1 standing 
11 807 346 874 478 36922 0 1 1 standing 
11 810 346 873 478 36923 0 1 1 standing 
11 814 346 873 478 36924 0 1 0 standing 
