0 748 292 801 417 24490 0 0 0 standing 
0 757 292 810 417 24491 0 0 1 standing 
0 766 292 819 417 24492 0 0 1 standing 
0 775 292 828 417 24493 0 0 1 standing 
0 784 292 837 417 24494 0 0 1 standing 
0 794 292 847 417 24495 0 0 1 standing 
0 803 292 856 417 24496 0 0 1 standing 
0 812 292 865 417 24497 0 0 1 standing 
0 821 292 874 417 24498 0 0 1 standing 
0 830 292 883 417 24499 0 0 1 standing 
0 840 292 893 417 24500 0 0 0 standing 
0 847 293 901 418 24501 0 0 1 standing 
0 854 294 909 419 24502 0 0 1 standing 
0 862 295 917 420 24503 0 0 1 standing 
0 869 296 925 421 24504 0 0 1 standing 
0 876 297 933 422 24505 0 0 1 standing 
0 884 299 941 423 24506 0 0 0 standing 
0 890 302 951 426 24507 0 0 1 standing 
0 897 305 962 429 24508 0 0 1 standing 
0 904 308 973 432 24509 0 0 1 standing 
1 830 247 897 372 24490 0 1 0 standing 
1 832 242 899 371 24491 0 1 1 spiking 
1 834 237 902 371 24492 0 1 1 spiking 
1 836 232 904 370 24493 0 1 1 spiking 
1 838 227 907 370 24494 0 1 1 spiking 
1 841 223 910 370 24495 0 1 0 spiking 
1 840 218 909 366 24496 0 1 1 spiking 
1 839 214 909 363 24497 0 1 1 spiking 
1 838 209 908 360 24498 0 1 1 spiking 
1 837 205 908 357 24499 0 1 1 spiking 
1 836 201 907 353 24500 0 1 1 spiking 
1 835 196 907 350 24501 0 1 1 spiking 
1 834 192 906 347 24502 0 1 1 spiking 
1 833 188 906 344 24503 0 1 0 spiking 
1 832 190 905 345 24504 0 1 1 spiking 
1 831 193 904 347 24505 0 1 1 spiking 
1 830 195 903 348 24506 0 1 1 spiking 
1 829 198 902 350 24507 0 1 1 spiking 
1 828 201 901 352 24508 0 1 1 spiking 
1 827 203 900 353 24509 0 1 1 spiking 
2 321 392 421 533 24490 0 0 0 spiking 
2 326 391 425 532 24491 0 0 1 standing 
2 332 391 430 532 24492 0 0 1 standing 
2 337 391 434 532 24493 0 0 1 standing 
2 343 391 439 532 24494 0 0 1 standing 
2 348 391 443 532 24495 0 0 1 standing 
2 354 390 448 531 24496 0 0 1 standing 
2 359 390 452 531 24497 0 0 1 standing 
2 365 390 457 531 24498 0 0 1 standing 
2 370 390 461 531 24499 0 0 1 standing 
2 376 390 466 531 24500 0 0 0 standing 
2 379 389 467 529 24501 0 0 1 standing 
2 382 389 469 528 24502 0 0 1 standing 
2 385 388 470 527 24503 0 0 1 standing 
2 388 388 472 526 24504 0 0 1 standing 
2 391 387 473 525 24505 0 0 1 standing 
2 395 387 475 524 24506 0 0 0 standing 
2 397 388 475 524 24507 0 0 1 standing 
2 400 390 476 525 24508 0 0 1 standing 
2 402 391 477 525 24509 0 0 1 standing 
3 169 357 242 501 24490 0 0 0 standing 
3 173 357 245 500 24491 0 0 1 standing 
3 177 358 249 500 24492 0 0 1 standing 
3 181 358 253 499 24493 0 0 1 standing 
3 185 359 257 499 24494 0 0 1 standing 
3 189 359 261 499 24495 0 0 1 standing 
3 193 360 265 498 24496 0 0 1 standing 
3 197 360 269 498 24497 0 0 1 standing 
3 201 361 273 497 24498 0 0 1 standing 
3 205 361 277 497 24499 0 0 1 standing 
3 209 362 281 497 24500 0 0 0 standing 
3 210 362 283 498 24501 0 0 1 standing 
3 212 362 286 499 24502 0 0 1 standing 
3 214 362 288 500 24503 0 0 1 standing 
3 216 362 291 501 24504 0 0 1 standing 
3 218 362 293 502 24505 0 0 1 standing 
3 220 363 296 504 24506 0 0 0 standing 
3 221 365 297 506 24507 0 0 1 standing 
3 222 367 299 509 24508 0 0 1 standing 
3 223 369 301 512 24509 0 0 1 standing 
4 670 276 719 405 24490 0 1 0 standing 
4 675 268 724 399 24491 0 1 1 blocking 
4 681 261 729 393 24492 0 1 1 blocking 
4 687 253 734 387 24493 0 1 1 blocking 
4 692 246 740 382 24494 0 1 1 blocking 
4 698 238 745 376 24495 0 1 1 blocking 
4 704 231 750 370 24496 0 1 1 blocking 
4 709 223 756 365 24497 0 1 1 blocking 
4 715 216 761 359 24498 0 1 1 blocking 
4 721 208 766 353 24499 0 1 1 blocking 
4 727 201 772 348 24500 0 1 0 blocking 
4 729 201 774 350 24501 0 1 1 blocking 
4 732 202 777 353 24502 0 1 1 blocking 
4 734 202 779 355 24503 0 1 1 blocking 
4 737 203 782 358 24504 0 1 1 blocking 
4 740 203 784 361 24505 0 1 1 blocking 
4 742 204 787 363 24506 0 1 1 blocking 
4 745 204 789 366 24507 0 1 1 blocking 
4 748 205 792 369 24508 0 1 1 blocking 
4 750 205 794 371 24509 0 1 1 blocking 
5 1068 398 1145 567 24490 0 0 0 blocking 
5 1070 397 1147 564 24491 0 0 1 standing 
5 1072 397 1149 562 24492 0 0 1 standing 
5 1075 397 1152 560 24493 0 0 1 standing 
5 1077 397 1154 558 24494 0 0 1 standing 
5 1080 397 1157 556 24495 0 0 0 standing 
5 1078 396 1155 553 24496 0 0 1 standing 
5 1076 396 1153 551 24497 0 0 1 standing 
5 1075 395 1152 548 24498 0 0 1 standing 
5 1073 395 1150 546 24499 0 0 1 standing 
5 1072 395 1149 544 24500 0 0 0 standing 
5 1074 393 1151 543 24501 0 0 1 standing 
5 1076 392 1154 542 24502 0 0 1 standing 
5 1078 391 1156 542 24503 0 0 1 standing 
5 1080 389 1159 541 24504 0 0 1 standing 
5 1082 388 1161 540 24505 0 0 1 standing 
5 1085 387 1164 540 24506 0 0 0 standing 
5 1084 387 1164 540 24507 0 0 1 standing 
5 1084 388 1164 540 24508 0 0 1 standing 
5 1084 388 1164 541 24509 0 0 1 standing 
6 746 292 836 463 24490 0 0 0 standing 
6 751 291 839 460 24491 0 0 1 jumping 
6 756 291 843 458 24492 0 0 1 jumping 
6 761 290 846 456 24493 0 0 1 jumping 
6 766 290 850 453 24494 0 0 1 jumping 
6 771 289 853 451 24495 0 0 1 jumping 
6 776 289 857 449 24496 0 0 0 jumping 
6 781 288 857 451 24497 0 0 1 jumping 
6 786 288 857 453 24498 0 0 1 jumping 
6 791 288 857 455 24499 0 0 1 jumping 
6 796 288 858 458 24500 0 0 0 jumping 
6 797 293 859 460 24501 0 0 1 jumping 
6 798 299 861 463 24502 0 0 1 jumping 
6 799 304 863 465 24503 0 0 1 jumping 
6 801 310 865 468 24504 0 0 1 jumping 
6 802 315 867 470 24505 0 0 1 jumping 
6 803 321 869 473 24506 0 0 1 jumping 
6 805 326 871 475 24507 0 0 1 jumping 
6 806 332 873 478 24508 0 0 1 jumping 
6 807 337 875 480 24509 0 0 1 jumping 
7 953 318 1061 467 24490 0 0 0 jumping 
7 953 320 1054 467 24491 0 0 1 standing 
7 953 322 1048 467 24492 0 0 1 standing 
7 953 324 1042 467 24493 0 0 1 standing 
7 953 326 1036 467 24494 0 0 1 standing 
7 953 328 1030 467 24495 0 0 1 standing 
7 954 330 1024 467 24496 0 0 0 standing 
7 950 332 1023 467 24497 0 0 1 standing 
7 946 334 1022 467 24498 0 0 1 standing 
7 942 336 1021 467 24499 0 0 1 standing 
7 938 338 1021 467 24500 0 0 0 standing 
7 941 337 1022 465 24501 0 0 1 standing 
7 944 337 1024 463 24502 0 0 1 standing 
7 948 336 1026 462 24503 0 0 1 standing 
7 951 336 1028 460 24504 0 0 1 standing 
7 955 336 1030 459 24505 0 0 1 standing 
7 958 335 1031 457 24506 0 0 1 standing 
7 961 335 1033 455 24507 0 0 1 standing 
7 965 334 1035 454 24508 0 0 1 standing 
7 968 334 1037 452 24509 0 0 1 standing 
8 934 474 1039 675 24490 0 0 0 standing 
8 936 472 1037 671 24491 0 0 1 moving 
8 938 471 1036 667 24492 0 0 1 moving 
8 940 470 1035 664 24493 0 0 1 moving 
8 942 469 1034 660 24494 0 0 1 moving 
8 944 468 1033 657 24495 0 0 1 moving 
8 946 466 1031 653 24496 0 0 1 moving 
8 948 465 1030 649 24497 0 0 1 moving 
8 950 464 1029 646 24498 0 0 1 moving 
8 952 463 1028 642 24499 0 0 1 moving 
8 954 462 1027 639 24500 0 0 0 moving 
8 953 456 1026 635 24501 0 0 1 moving 
8 953 451 1026 631 24502 0 0 1 moving 
8 953 446 1025 628 24503 0 0 1 moving 
8 952 441 1025 624 24504 0 0 1 moving 
8 952 436 1025 621 24505 0 0 1 moving 
8 952 431 1024 617 24506 0 0 1 moving 
8 951 426 1024 613 24507 0 0 1 moving 
8 951 421 1023 610 24508 0 0 1 moving 
8 951 416 1023 606 24509 0 0 1 moving 
9 643 337 688 479 24490 0 0 0 moving 
9 648 334 693 477 24491 0 0 1 standing 
9 654 331 698 475 24492 0 0 1 standing 
9 660 329 703 474 24493 0 0 1 standing 
9 666 326 709 472 24494 0 0 1 standing 
9 672 324 714 471 24495 0 0 1 standing 
9 678 321 719 469 24496 0 0 1 standing 
9 684 318 725 467 24497 0 0 1 standing 
9 690 316 730 466 24498 0 0 1 standing 
9 696 313 735 464 24499 0 0 1 standing 
9 702 311 741 463 24500 0 0 0 standing 
9 705 305 744 458 24501 0 0 1 standing 
9 708 299 748 453 24502 0 0 1 standing 
9 711 293 752 449 24503 0 0 1 standing 
9 714 287 756 444 24504 0 0 1 standing 
9 718 281 760 440 24505 0 0 1 standing 
9 721 275 763 435 24506 0 0 1 standing 
9 724 269 767 430 24507 0 0 1 standing 
9 727 263 771 426 24508 0 0 1 standing 
9 730 257 775 421 24509 0 0 1 standing 
10 614 420 667 589 24490 0 0 0 standing 
10 617 417 670 585 24491 0 0 1 standing 
10 621 414 674 582 24492 0 0 1 standing 
10 625 411 677 579 24493 0 0 1 standing 
10 628 408 681 576 24494 0 0 1 standing 
10 632 406 685 573 24495 0 0 1 standing 
10 636 403 688 569 24496 0 0 1 standing 
10 639 400 692 566 24497 0 0 1 standing 
10 643 397 695 563 24498 0 0 1 standing 
10 647 394 699 560 24499 0 0 1 standing 
10 651 392 703 557 24500 0 0 0 standing 
10 650 391 706 555 24501 0 0 1 standing 
10 649 390 710 553 24502 0 0 1 standing 
10 648 389 714 551 24503 0 0 1 standing 
10 648 388 718 549 24504 0 0 1 standing 
10 647 388 722 547 24505 0 0 1 standing 
10 646 387 726 545 24506 0 0 1 standing 
10 646 386 730 543 24507 0 0 1 standing 
10 645 385 734 541 24508 0 0 1 standing 
10 644 384 738 539 24509 0 0 1 standing 
11 383 293 440 414 24490 0 0 0 standing 
11 384 292 442 413 24491 0 0 1 moving 
11 385 292 444 412 24492 0 0 1 moving 
11 387 292 446 411 24493 0 0 1 moving 
11 388 292 448 411 24494 0 0 1 moving 
11 390 292 450 410 24495 0 0 1 moving 
11 391 292 452 409 24496 0 0 1 moving 
11 392 292 454 409 24497 0 0 1 moving 
11 394 292 456 408 24498 0 0 1 moving 
11 395 292 458 407 24499 0 0 1 moving 
11 397 292 461 407 24500 0 0 0 moving 
11 397 292 461 407 24501 0 0 1 moving 
11 397 292 461 407 24502 0 0 1 moving 
11 397 292 461 407 24503 0 0 1 moving 
11 397 292 461 407 24504 0 0 1 moving 
11 397 292 461 407 24505 0 0 1 moving 
11 397 292 461 407 24506 0 0 1 moving 
11 397 292 461 407 24507 0 0 1 moving 
11 397 292 461 407 24508 0 0 1 moving 
11 397 292 461 407 24509 0 0 1 moving 
