0 566 454 637 561 30465 0 1 0 setting 
0 561 448 630 560 30466 0 1 1 setting 
0 557 443 624 559 30467 0 1 1 setting 
0 553 438 618 558 30468 0 1 1 setting 
0 549 432 612 558 30469 0 1 1 setting 
0 545 427 606 557 30470 0 1 1 setting 
0 541 422 600 556 30471 0 1 1 setting 
0 537 417 594 556 30472 0 1 0 setting 
0 533 412 588 552 30473 0 1 1 setting 
0 529 407 582 548 30474 0 1 1 setting 
0 526 403 576 545 30475 0 1 0 setting 
0 518 408 571 546 30476 0 1 1 setting 
0 511 413 566 547 30477 0 1 1 setting 
0 504 418 562 548 30478 0 1 1 setting 
0 496 424 557 549 30479 0 1 1 setting 
0 489 429 553 551 30480 0 1 1 setting 
0 482 434 548 552 30481 0 1 1 setting 
0 474 440 543 553 30482 0 1 1 setting 
0 467 445 539 554 30483 0 1 1 setting 
0 460 450 534 555 30484 0 1 1 setting 
1 358 461 431 556 30465 0 1 0 setting 
1 360 460 433 557 30466 0 1 1 moving 
1 363 460 435 559 30467 0 1 1 moving 
1 365 460 437 560 30468 0 1 1 moving 
1 368 460 439 562 30469 0 1 1 moving 
1 370 460 441 563 30470 0 1 1 moving 
1 373 460 443 565 30471 0 1 1 moving 
1 376 460 446 567 30472 0 1 0 moving 
1 376 462 446 572 30473 0 1 1 moving 
1 377 464 447 578 30474 0 1 1 moving 
1 378 466 448 584 30475 0 1 0 moving 
1 384 467 449 588 30476 0 1 1 moving 
1 391 469 450 592 30477 0 1 1 moving 
1 397 470 451 596 30478 0 1 1 moving 
1 404 472 452 600 30479 0 1 0 moving 
1 405 473 455 602 30480 0 1 1 moving 
1 407 474 458 604 30481 0 1 1 moving 
1 409 475 461 606 30482 0 1 1 moving 
1 411 476 464 608 30483 0 1 1 moving 
1 413 477 467 610 30484 0 1 1 moving 
2 205 432 268 544 30465 0 1 0 moving 
2 207 432 271 543 30466 0 1 1 moving 
2 209 432 274 543 30467 0 1 1 moving 
2 212 432 278 543 30468 0 1 1 moving 
2 214 432 281 542 30469 0 1 1 moving 
2 217 432 285 542 30470 0 1 1 moving 
2 219 432 288 542 30471 0 1 1 moving 
2 222 432 292 542 30472 0 1 0 moving 
2 231 432 296 543 30473 0 1 1 moving 
2 240 433 300 544 30474 0 1 1 moving 
2 250 434 304 545 30475 0 1 0 moving 
2 258 431 313 544 30476 0 1 1 moving 
2 266 428 322 544 30477 0 1 1 moving 
2 274 426 331 543 30478 0 1 1 moving 
2 282 423 340 543 30479 0 1 1 moving 
2 291 421 350 543 30480 0 1 0 moving 
2 299 423 359 543 30481 0 1 1 moving 
2 308 425 369 543 30482 0 1 1 moving 
2 316 428 379 543 30483 0 1 1 moving 
2 325 430 389 543 30484 0 1 1 moving 
3 363 377 413 459 30465 0 1 0 moving 
3 364 377 415 459 30466 0 1 1 moving 
3 365 377 417 459 30467 0 1 1 moving 
3 366 378 419 459 30468 0 1 1 moving 
3 368 378 421 459 30469 0 1 1 moving 
3 369 379 423 459 30470 0 1 1 moving 
3 370 379 425 459 30471 0 1 1 moving 
3 372 380 427 459 30472 0 1 0 moving 
3 379 379 431 458 30473 0 1 1 moving 
3 387 378 435 458 30474 0 1 1 moving 
3 395 377 440 458 30475 0 1 0 moving 
3 399 378 444 459 30476 0 1 1 moving 
3 403 380 448 461 30477 0 1 1 moving 
3 407 381 452 462 30478 0 1 1 moving 
3 411 383 456 464 30479 0 1 1 moving 
3 415 385 460 466 30480 0 1 1 moving 
3 419 386 464 467 30481 0 1 1 moving 
3 423 388 468 469 30482 0 1 1 moving 
3 427 389 472 470 30483 0 1 1 moving 
3 431 391 476 472 30484 0 1 1 moving 
4 287 468 332 589 30465 0 0 0 moving 
4 286 467 331 589 30466 0 0 1 standing 
4 285 466 331 589 30467 0 0 1 standing 
4 284 465 330 589 30468 0 0 1 standing 
4 283 464 330 589 30469 0 0 1 standing 
4 283 463 329 590 30470 0 0 1 standing 
4 282 462 329 590 30471 0 0 1 standing 
4 281 461 328 590 30472 0 0 1 standing 
4 280 460 328 590 30473 0 0 1 standing 
4 279 459 327 590 30474 0 0 1 standing 
4 279 459 327 591 30475 0 0 0 standing 
4 277 459 325 591 30476 0 0 1 standing 
4 276 459 323 591 30477 0 0 1 standing 
4 275 460 321 591 30478 0 0 1 standing 
4 274 460 319 592 30479 0 0 1 standing 
4 273 461 318 592 30480 0 0 1 standing 
4 272 461 316 592 30481 0 0 1 standing 
4 271 461 314 593 30482 0 0 1 standing 
4 270 462 312 593 30483 0 0 1 standing 
4 269 462 310 593 30484 0 0 1 standing 
5 325 419 357 510 30465 0 0 0 standing 
5 325 418 358 510 30466 0 0 1 standing 
5 326 417 360 510 30467 0 0 1 standing 
5 327 416 362 511 30468 0 0 1 standing 
5 327 415 364 511 30469 0 0 1 standing 
5 328 414 366 512 30470 0 0 1 standing 
5 329 413 367 512 30471 0 0 1 standing 
5 329 412 369 512 30472 0 0 1 standing 
5 330 411 371 513 30473 0 0 1 standing 
5 331 410 373 513 30474 0 0 1 standing 
5 332 410 375 514 30475 0 0 0 standing 
5 330 410 376 514 30476 0 0 1 standing 
5 328 410 378 514 30477 0 0 1 standing 
5 327 410 379 514 30478 0 0 1 standing 
5 325 410 381 514 30479 0 0 1 standing 
5 324 411 382 514 30480 0 0 1 standing 
5 322 411 384 514 30481 0 0 1 standing 
5 320 411 385 514 30482 0 0 1 standing 
5 319 411 387 514 30483 0 0 1 standing 
5 317 411 388 514 30484 0 0 1 standing 
6 690 473 732 581 30465 0 0 0 standing 
6 686 475 729 582 30466 0 0 1 standing 
6 683 477 727 584 30467 0 0 1 standing 
6 680 479 725 585 30468 0 0 1 standing 
6 676 481 722 587 30469 0 0 1 standing 
6 673 484 720 589 30470 0 0 1 standing 
6 670 486 718 590 30471 0 0 1 standing 
6 666 488 715 592 30472 0 0 1 standing 
6 663 490 713 593 30473 0 0 1 standing 
6 660 492 711 595 30474 0 0 1 standing 
6 657 495 709 597 30475 0 0 0 standing 
6 653 496 705 598 30476 0 0 1 standing 
6 650 498 701 599 30477 0 0 1 standing 
6 647 500 697 600 30478 0 0 1 standing 
6 643 502 693 601 30479 0 0 1 standing 
6 640 504 689 602 30480 0 0 1 standing 
6 637 506 686 604 30481 0 0 0 standing 
6 634 509 683 606 30482 0 0 1 standing 
6 632 513 680 608 30483 0 0 1 standing 
6 629 516 677 610 30484 0 0 1 standing 
7 668 435 706 547 30465 0 0 0 standing 
7 666 434 705 544 30466 0 0 1 standing 
7 665 433 704 541 30467 0 0 1 standing 
7 663 432 703 538 30468 0 0 1 standing 
7 662 432 702 535 30469 0 0 1 standing 
7 661 431 702 533 30470 0 0 1 standing 
7 659 430 701 530 30471 0 0 1 standing 
7 658 430 700 527 30472 0 0 1 standing 
7 656 429 699 524 30473 0 0 1 standing 
7 655 428 698 521 30474 0 0 1 standing 
7 654 428 698 519 30475 0 0 0 standing 
7 651 427 695 520 30476 0 0 1 standing 
7 648 427 693 521 30477 0 0 1 standing 
7 646 427 690 522 30478 0 0 1 standing 
7 643 426 688 523 30479 0 0 1 standing 
7 641 426 686 525 30480 0 0 1 standing 
7 638 426 683 526 30481 0 0 1 standing 
7 635 425 681 527 30482 0 0 1 standing 
7 633 425 678 528 30483 0 0 1 standing 
7 630 425 676 529 30484 0 0 1 standing 
8 677 382 713 476 30465 0 0 0 standing 
8 675 381 711 477 30466 0 0 1 standing 
8 673 381 710 478 30467 0 0 1 standing 
8 672 381 709 479 30468 0 0 1 standing 
8 670 380 708 481 30469 0 0 1 standing 
8 669 380 707 482 30470 0 0 1 standing 
8 667 380 705 483 30471 0 0 1 standing 
8 665 379 704 485 30472 0 0 1 standing 
8 664 379 703 486 30473 0 0 1 standing 
8 662 379 702 487 30474 0 0 1 standing 
8 661 379 701 489 30475 0 0 0 standing 
8 658 378 698 488 30476 0 0 1 standing 
8 656 378 696 488 30477 0 0 1 standing 
8 654 377 694 487 30478 0 0 1 standing 
8 651 377 691 487 30479 0 0 1 standing 
8 649 377 689 487 30480 0 0 1 standing 
8 647 376 687 486 30481 0 0 1 standing 
8 644 376 684 486 30482 0 0 1 standing 
8 642 375 682 485 30483 0 0 1 standing 
8 640 375 680 485 30484 0 0 1 standing 
9 949 486 994 608 30465 0 0 0 standing 
9 950 487 995 609 30466 0 0 1 standing 
9 951 489 996 611 30467 0 0 1 standing 
9 952 491 997 613 30468 0 0 1 standing 
9 954 492 999 614 30469 0 0 1 standing 
9 955 494 1000 616 30470 0 0 1 standing 
9 956 496 1001 618 30471 0 0 1 standing 
9 958 497 1003 619 30472 0 0 1 standing 
9 959 499 1004 621 30473 0 0 1 standing 
9 960 501 1005 623 30474 0 0 1 standing 
9 962 503 1007 625 30475 0 0 0 standing 
9 962 503 1010 625 30476 0 0 1 standing 
9 962 503 1013 625 30477 0 0 1 standing 
9 963 504 1016 625 30478 0 0 1 standing 
9 963 504 1019 625 30479 0 0 1 standing 
9 963 504 1022 625 30480 0 0 1 standing 
9 964 505 1025 625 30481 0 0 1 standing 
9 964 505 1028 625 30482 0 0 1 standing 
9 965 506 1032 625 30483 0 0 0 standing 
9 964 506 1031 624 30484 0 0 1 standing 
10 939 437 987 528 30465 0 0 0 standing 
10 939 436 986 529 30466 0 0 1 standing 
10 940 436 986 530 30467 0 0 1 standing 
10 940 436 986 532 30468 0 0 1 standing 
10 941 436 986 533 30469 0 0 1 standing 
10 942 436 986 535 30470 0 0 1 standing 
10 942 436 986 536 30471 0 0 1 standing 
10 943 436 986 537 30472 0 0 1 standing 
10 943 436 986 539 30473 0 0 1 standing 
10 944 436 986 540 30474 0 0 1 standing 
10 945 436 986 542 30475 0 0 0 standing 
10 944 436 986 542 30476 0 0 1 standing 
10 943 436 986 542 30477 0 0 1 standing 
10 942 436 986 542 30478 0 0 1 standing 
10 941 436 986 543 30479 0 0 1 standing 
10 940 436 986 543 30480 0 0 1 standing 
10 939 436 986 543 30481 0 0 1 standing 
10 938 436 986 543 30482 0 0 1 standing 
10 938 437 987 544 30483 0 0 0 standing 
10 937 437 986 544 30484 0 0 1 standing 
11 973 403 1010 507 30465 0 0 0 standing 
11 966 404 1003 507 30466 0 0 1 standing 
11 959 405 997 508 30467 0 0 1 standing 
11 953 406 991 508 30468 0 0 1 standing 
11 946 408 985 509 30469 0 0 1 standing 
11 940 409 979 510 30470 0 0 1 standing 
11 933 410 972 510 30471 0 0 1 standing 
11 926 412 966 511 30472 0 0 1 standing 
11 920 413 960 511 30473 0 0 1 standing 
11 913 414 954 512 30474 0 0 1 standing 
11 907 416 948 513 30475 0 0 0 standing 
11 900 416 943 513 30476 0 0 1 standing 
11 893 416 938 513 30477 0 0 1 standing 
11 887 416 934 513 30478 0 0 1 standing 
11 880 416 929 513 30479 0 0 1 standing 
11 874 416 925 513 30480 0 0 1 standing 
11 867 416 920 513 30481 0 0 1 standing 
11 861 416 916 514 30482 0 0 0 standing 
11 858 416 911 514 30483 0 0 1 standing 
11 855 417 906 515 30484 0 0 1 standing 
