0 1580 608 1668 802 63280 0 1 0 digging 
0 1571 607 1661 801 63281 0 1 1 digging 
0 1562 606 1654 800 63282 0 1 1 digging 
0 1553 605 1648 799 63283 0 1 1 digging 
0 1544 604 1641 798 63284 0 1 1 digging 
0 1536 603 1635 797 63285 0 1 0 digging 
0 1532 600 1634 794 63286 0 1 1 digging 
0 1528 598 1633 792 63287 0 1 1 digging 
0 1525 596 1633 789 63288 0 1 1 digging 
0 1521 594 1632 787 63289 0 1 1 digging 
0 1518 592 1632 785 63290 0 1 0 digging 
0 1518 591 1633 783 63291 0 1 1 digging 
0 1518 590 1634 781 63292 0 1 1 digging 
0 1518 589 1636 779 63293 0 1 1 digging 
0 1518 588 1637 777 63294 0 1 1 digging 
0 1518 587 1638 775 63295 0 1 1 digging 
0 1518 586 1640 774 63296 0 1 0 digging 
0 1520 589 1643 776 63297 0 1 1 digging 
0 1523 592 1647 778 63298 0 1 1 digging 
0 1525 595 1651 780 63299 0 1 1 digging 
1 1307 621 1393 849 63280 0 0 0 digging 
1 1301 620 1390 849 63281 0 0 1 standing 
1 1296 619 1387 849 63282 0 0 1 standing 
1 1291 618 1384 849 63283 0 0 1 standing 
1 1286 617 1381 849 63284 0 0 1 standing 
1 1281 617 1379 850 63285 0 0 1 standing 
1 1276 616 1376 850 63286 0 0 1 standing 
1 1271 615 1373 850 63287 0 0 1 standing 
1 1266 614 1370 850 63288 0 0 1 standing 
1 1261 613 1367 850 63289 0 0 1 standing 
1 1256 613 1365 851 63290 0 0 0 standing 
1 1257 614 1369 851 63291 0 0 1 standing 
1 1258 615 1374 851 63292 0 0 1 standing 
1 1259 616 1379 851 63293 0 0 1 standing 
1 1260 617 1384 851 63294 0 0 1 standing 
1 1261 618 1389 852 63295 0 0 1 standing 
1 1262 619 1393 852 63296 0 0 1 standing 
1 1263 620 1398 852 63297 0 0 1 standing 
1 1264 621 1403 852 63298 0 0 1 standing 
1 1265 622 1408 852 63299 0 0 1 standing 
2 1047 519 1149 674 63280 0 0 0 standing 
2 1039 516 1140 673 63281 0 0 1 standing 
2 1032 514 1131 672 63282 0 0 1 standing 
2 1025 511 1123 671 63283 0 0 1 standing 
2 1017 509 1114 670 63284 0 0 1 standing 
2 1010 507 1106 669 63285 0 0 1 standing 
2 1003 504 1097 668 63286 0 0 1 standing 
2 995 502 1088 667 63287 0 0 1 standing 
2 988 499 1080 666 63288 0 0 1 standing 
2 981 497 1071 665 63289 0 0 1 standing 
2 974 495 1063 664 63290 0 0 0 standing 
2 973 494 1063 663 63291 0 0 1 standing 
2 973 493 1063 663 63292 0 0 1 standing 
2 973 492 1063 662 63293 0 0 1 standing 
2 972 491 1064 662 63294 0 0 1 standing 
2 972 490 1064 661 63295 0 0 1 standing 
2 972 489 1064 661 63296 0 0 1 standing 
2 971 488 1065 660 63297 0 0 1 standing 
2 971 487 1065 660 63298 0 0 1 standing 
2 971 486 1065 659 63299 0 0 1 standing 
3 1499 515 1602 673 63280 0 0 0 standing 
3 1492 513 1594 671 63281 0 0 1 standing 
3 1486 512 1587 669 63282 0 0 1 standing 
3 1479 510 1580 668 63283 0 0 1 standing 
3 1473 509 1573 666 63284 0 0 1 standing 
3 1466 508 1566 665 63285 0 0 1 standing 
3 1460 506 1558 663 63286 0 0 1 standing 
3 1453 505 1551 661 63287 0 0 1 standing 
3 1447 503 1544 660 63288 0 0 1 standing 
3 1440 502 1537 658 63289 0 0 1 standing 
3 1434 501 1530 657 63290 0 0 0 standing 
3 1431 499 1526 655 63291 0 0 1 standing 
3 1428 497 1522 653 63292 0 0 1 standing 
3 1425 495 1518 651 63293 0 0 1 standing 
3 1422 493 1514 649 63294 0 0 1 standing 
3 1419 491 1510 647 63295 0 0 1 standing 
3 1416 489 1506 645 63296 0 0 1 standing 
3 1413 487 1502 643 63297 0 0 1 standing 
3 1410 485 1498 641 63298 0 0 1 standing 
3 1407 483 1494 639 63299 0 0 1 standing 
4 1696 506 1792 699 63280 0 0 0 standing 
4 1690 506 1785 698 63281 0 0 1 standing 
4 1684 506 1778 698 63282 0 0 1 standing 
4 1678 506 1771 698 63283 0 0 1 standing 
4 1672 506 1764 698 63284 0 0 1 standing 
4 1666 506 1758 698 63285 0 0 1 standing 
4 1660 506 1751 697 63286 0 0 1 standing 
4 1654 506 1744 697 63287 0 0 1 standing 
4 1648 506 1737 697 63288 0 0 1 standing 
4 1642 506 1730 697 63289 0 0 1 standing 
4 1636 507 1724 697 63290 0 0 0 standing 
4 1633 506 1723 696 63291 0 0 1 standing 
4 1631 506 1723 696 63292 0 0 1 standing 
4 1628 506 1722 696 63293 0 0 1 standing 
4 1626 506 1722 695 63294 0 0 1 standing 
4 1624 506 1722 695 63295 0 0 1 standing 
4 1621 505 1721 695 63296 0 0 1 standing 
4 1619 505 1721 694 63297 0 0 1 standing 
4 1616 505 1720 694 63298 0 0 1 standing 
4 1614 505 1720 694 63299 0 0 1 standing 
5 1476 348 1550 535 63280 0 0 0 standing 
5 1473 347 1545 534 63281 0 0 1 standing 
5 1470 347 1541 534 63282 0 0 1 standing 
5 1467 347 1537 534 63283 0 0 1 standing 
5 1464 347 1533 534 63284 0 0 1 standing 
5 1461 347 1529 534 63285 0 0 1 standing 
5 1458 347 1524 533 63286 0 0 1 standing 
5 1455 347 1520 533 63287 0 0 1 standing 
5 1452 347 1516 533 63288 0 0 1 standing 
5 1449 347 1512 533 63289 0 0 1 standing 
5 1446 347 1508 533 63290 0 0 0 standing 
5 1443 347 1505 533 63291 0 0 1 standing 
5 1440 347 1502 533 63292 0 0 1 standing 
5 1437 347 1499 533 63293 0 0 1 standing 
5 1434 348 1496 534 63294 0 0 1 standing 
5 1431 348 1493 534 63295 0 0 1 standing 
5 1428 348 1490 534 63296 0 0 1 standing 
5 1425 349 1487 535 63297 0 0 1 standing 
5 1422 349 1484 535 63298 0 0 1 standing 
5 1419 349 1481 535 63299 0 0 1 standing 
6 160 605 286 796 63280 0 0 0 standing 
6 167 604 289 795 63281 0 0 1 standing 
6 175 603 292 794 63282 0 0 1 standing 
6 183 602 295 793 63283 0 0 1 standing 
6 191 601 298 792 63284 0 0 1 standing 
6 199 601 301 791 63285 0 0 1 standing 
6 206 600 304 790 63286 0 0 1 standing 
6 214 599 307 789 63287 0 0 1 standing 
6 222 598 310 788 63288 0 0 1 standing 
6 230 597 313 787 63289 0 0 1 standing 
6 238 597 316 787 63290 0 0 0 standing 
6 242 597 323 787 63291 0 0 1 standing 
6 246 598 331 787 63292 0 0 1 standing 
6 251 598 339 787 63293 0 0 1 standing 
6 255 599 347 787 63294 0 0 1 standing 
6 260 599 355 787 63295 0 0 1 standing 
6 264 600 362 787 63296 0 0 1 standing 
6 268 600 370 787 63297 0 0 1 standing 
6 273 601 378 787 63298 0 0 1 standing 
6 277 601 386 787 63299 0 0 1 standing 
7 448 516 541 719 63280 0 0 0 standing 
7 441 516 530 719 63281 0 0 1 standing 
7 434 516 520 719 63282 0 0 1 standing 
7 427 517 510 719 63283 0 0 1 standing 
7 420 517 499 720 63284 0 0 1 standing 
7 413 518 489 720 63285 0 0 1 standing 
7 406 518 479 720 63286 0 0 1 standing 
7 399 518 468 721 63287 0 0 1 standing 
7 392 519 458 721 63288 0 0 1 standing 
7 385 519 448 721 63289 0 0 1 standing 
7 378 520 438 722 63290 0 0 0 standing 
7 374 520 435 722 63291 0 0 1 standing 
7 371 520 433 722 63292 0 0 1 standing 
7 367 520 431 722 63293 0 0 1 standing 
7 364 521 428 722 63294 0 0 1 standing 
7 360 521 426 723 63295 0 0 1 standing 
7 357 521 424 723 63296 0 0 1 standing 
7 353 522 421 723 63297 0 0 1 standing 
7 350 522 419 723 63298 0 0 1 standing 
7 346 522 417 723 63299 0 0 1 standing 
8 629 517 700 705 63280 0 0 0 standing 
8 625 513 696 701 63281 0 0 1 standing 
8 622 510 693 698 63282 0 0 1 standing 
8 618 507 689 695 63283 0 0 1 standing 
8 615 504 686 692 63284 0 0 1 standing 
8 611 501 682 689 63285 0 0 1 standing 
8 608 497 679 685 63286 0 0 1 standing 
8 604 494 675 682 63287 0 0 1 standing 
8 601 491 672 679 63288 0 0 1 standing 
8 597 488 668 676 63289 0 0 1 standing 
8 594 485 665 673 63290 0 0 0 standing 
8 593 483 663 670 63291 0 0 1 standing 
8 592 482 661 667 63292 0 0 1 standing 
8 591 480 659 664 63293 0 0 1 standing 
8 591 479 657 661 63294 0 0 1 standing 
8 590 478 656 658 63295 0 0 1 standing 
8 589 476 654 655 63296 0 0 1 standing 
8 589 475 652 652 63297 0 0 1 standing 
8 588 473 650 649 63298 0 0 1 standing 
8 587 472 648 646 63299 0 0 1 standing 
9 802 524 887 720 63280 0 0 0 standing 
9 800 526 888 721 63281 0 0 1 standing 
9 799 528 890 723 63282 0 0 1 standing 
9 798 530 891 725 63283 0 0 1 standing 
9 797 532 893 727 63284 0 0 1 standing 
9 796 534 895 729 63285 0 0 1 standing 
9 795 536 896 731 63286 0 0 1 standing 
9 794 538 898 733 63287 0 0 1 standing 
9 793 540 899 735 63288 0 0 1 standing 
9 792 542 901 737 63289 0 0 1 standing 
9 791 544 903 739 63290 0 0 0 standing 
9 795 546 905 742 63291 0 0 1 standing 
9 799 548 907 746 63292 0 0 1 standing 
9 804 550 909 750 63293 0 0 1 standing 
9 808 552 911 754 63294 0 0 1 standing 
9 813 554 913 758 63295 0 0 1 standing 
9 817 556 915 762 63296 0 0 1 standing 
9 821 558 917 766 63297 0 0 1 standing 
9 826 560 919 770 63298 0 0 1 standing 
9 830 562 921 774 63299 0 0 1 standing 
10 906 460 997 679 63280 0 0 0 standing 
10 899 463 990 680 63281 0 0 1 standing 
10 892 466 984 681 63282 0 0 1 standing 
10 886 470 978 682 63283 0 0 1 standing 
10 879 473 972 683 63284 0 0 1 standing 
10 873 477 966 684 63285 0 0 1 standing 
10 866 480 960 685 63286 0 0 1 standing 
10 859 483 954 686 63287 0 0 1 standing 
10 853 487 948 687 63288 0 0 1 standing 
10 846 490 942 688 63289 0 0 1 standing 
10 840 494 936 690 63290 0 0 0 standing 
10 839 495 935 691 63291 0 0 1 standing 
10 838 496 934 693 63292 0 0 1 standing 
10 837 498 933 695 63293 0 0 1 standing 
10 836 499 932 696 63294 0 0 1 standing 
10 835 501 931 698 63295 0 0 1 standing 
10 834 502 930 700 63296 0 0 1 standing 
10 833 503 929 701 63297 0 0 1 standing 
10 832 505 928 703 63298 0 0 1 standing 
10 831 506 927 705 63299 0 0 1 standing 
11 848 471 923 670 63280 0 0 0 standing 
11 847 468 921 667 63281 0 0 1 standing 
11 846 465 920 664 63282 0 0 1 standing 
11 845 462 918 661 63283 0 0 1 standing 
11 844 459 917 658 63284 0 0 1 standing 
11 844 457 915 655 63285 0 0 1 standing 
11 843 454 914 652 63286 0 0 1 standing 
11 842 451 912 649 63287 0 0 1 standing 
11 841 448 911 646 63288 0 0 1 standing 
11 840 445 909 643 63289 0 0 1 standing 
11 840 443 908 641 63290 0 0 0 standing 
11 840 443 908 639 63291 0 0 1 standing 
11 841 443 909 638 63292 0 0 1 standing 
11 842 443 910 636 63293 0 0 1 standing 
11 843 443 911 635 63294 0 0 1 standing 
11 844 443 912 634 63295 0 0 1 standing 
11 845 443 912 632 63296 0 0 1 standing 
11 846 443 913 631 63297 0 0 1 standing 
11 847 443 914 629 63298 0 0 1 standing 
11 848 443 915 628 63299 0 0 1 standing 
