0 319 461 369 563 31440 0 1 0 digging 
0 324 457 374 559 31441 0 1 1 digging 
0 329 454 380 556 31442 0 1 1 digging 
0 334 451 385 553 31443 0 1 1 digging 
0 339 448 391 550 31444 0 1 1 digging 
0 345 445 397 547 31445 0 1 0 digging 
0 352 442 404 543 31446 0 1 1 digging 
0 359 439 411 540 31447 0 1 1 digging 
0 366 436 419 537 31448 0 1 1 digging 
0 373 433 426 534 31449 0 1 1 digging 
0 381 430 434 531 31450 0 1 0 digging 
0 380 429 442 529 31451 0 1 1 digging 
0 379 428 451 527 31452 0 1 1 digging 
0 378 427 460 525 31453 0 1 1 digging 
0 377 426 468 523 31454 0 1 1 digging 
0 376 425 477 521 31455 0 1 1 digging 
0 376 425 486 520 31456 0 1 0 digging 
0 393 423 489 519 31457 0 1 1 digging 
0 411 421 492 519 31458 0 1 1 digging 
0 429 419 495 519 31459 0 1 1 digging 
1 410 376 457 480 31440 0 1 0 digging 
1 412 376 459 479 31441 0 1 1 waiting 
1 415 376 462 479 31442 0 1 1 waiting 
1 418 376 465 479 31443 0 1 1 waiting 
1 421 377 467 478 31444 0 1 1 waiting 
1 424 377 470 478 31445 0 1 1 waiting 
1 426 377 473 478 31446 0 1 1 waiting 
1 429 378 475 477 31447 0 1 1 waiting 
1 432 378 478 477 31448 0 1 1 waiting 
1 435 378 481 477 31449 0 1 1 waiting 
1 438 379 484 477 31450 0 1 0 waiting 
1 436 378 482 475 31451 0 1 1 waiting 
1 435 378 480 474 31452 0 1 1 waiting 
1 433 377 479 473 31453 0 1 1 waiting 
1 432 377 477 472 31454 0 1 1 waiting 
1 430 377 476 471 31455 0 1 1 waiting 
1 429 376 474 470 31456 0 1 1 waiting 
1 427 376 472 469 31457 0 1 1 waiting 
1 426 375 471 468 31458 0 1 1 waiting 
1 424 375 469 467 31459 0 1 1 waiting 
2 530 343 576 417 31440 0 0 0 waiting 
2 534 342 580 417 31441 0 0 1 standing 
2 538 342 584 418 31442 0 0 1 standing 
2 543 342 589 419 31443 0 0 0 standing 
2 545 340 591 418 31444 0 0 1 standing 
2 547 339 593 417 31445 0 0 1 standing 
2 550 337 595 416 31446 0 0 1 standing 
2 552 336 598 416 31447 0 0 1 standing 
2 555 334 600 415 31448 0 0 1 standing 
2 557 333 602 414 31449 0 0 1 standing 
2 560 332 605 414 31450 0 0 0 standing 
2 561 333 606 415 31451 0 0 1 standing 
2 563 334 607 416 31452 0 0 1 standing 
2 565 335 608 417 31453 0 0 1 standing 
2 566 336 609 418 31454 0 0 1 standing 
2 568 337 610 419 31455 0 0 1 standing 
2 570 338 611 421 31456 0 0 0 standing 
2 570 338 611 421 31457 0 0 1 standing 
2 571 338 611 421 31458 0 0 1 standing 
2 571 338 611 421 31459 0 0 1 standing 
3 684 390 732 505 31440 0 0 0 standing 
3 686 390 734 505 31441 0 0 1 standing 
3 688 390 736 505 31442 0 0 1 standing 
3 690 390 738 505 31443 0 0 1 standing 
3 692 390 740 505 31444 0 0 1 standing 
3 694 390 742 505 31445 0 0 1 standing 
3 696 390 744 505 31446 0 0 1 standing 
3 698 390 746 505 31447 0 0 1 standing 
3 700 390 748 505 31448 0 0 1 standing 
3 702 390 750 505 31449 0 0 1 standing 
3 704 391 752 506 31450 0 0 0 standing 
3 706 392 753 506 31451 0 0 1 standing 
3 708 393 754 506 31452 0 0 1 standing 
3 710 394 755 506 31453 0 0 1 standing 
3 712 395 756 506 31454 0 0 1 standing 
3 715 397 757 506 31455 0 0 0 standing 
3 716 394 757 504 31456 0 0 1 standing 
3 718 391 758 503 31457 0 0 1 standing 
3 719 388 759 502 31458 0 0 1 standing 
3 721 385 759 501 31459 0 0 1 standing 
4 761 391 796 498 31440 0 0 0 standing 
4 764 389 799 498 31441 0 0 1 standing 
4 767 388 802 498 31442 0 0 1 standing 
4 770 387 805 498 31443 0 0 1 standing 
4 774 386 808 498 31444 0 0 1 standing 
4 777 385 811 498 31445 0 0 1 standing 
4 780 384 814 498 31446 0 0 1 standing 
4 783 383 817 498 31447 0 0 1 standing 
4 787 382 821 499 31448 0 0 0 standing 
4 789 382 823 499 31449 0 0 1 standing 
4 791 382 825 499 31450 0 0 1 standing 
4 794 382 828 499 31451 0 0 1 standing 
4 796 382 830 499 31452 0 0 1 standing 
4 799 382 833 500 31453 0 0 0 standing 
4 800 382 834 500 31454 0 0 1 standing 
4 801 382 835 500 31455 0 0 1 standing 
4 802 382 836 500 31456 0 0 1 standing 
4 804 382 838 501 31457 0 0 1 standing 
4 805 382 839 501 31458 0 0 1 standing 
4 806 382 840 501 31459 0 0 1 standing 
5 874 302 917 405 31440 0 0 0 standing 
5 874 303 917 406 31441 0 0 1 standing 
5 875 304 918 407 31442 0 0 1 standing 
5 876 305 919 408 31443 0 0 1 standing 
5 876 306 919 409 31444 0 0 1 standing 
5 877 307 920 410 31445 0 0 1 standing 
5 878 308 921 411 31446 0 0 1 standing 
5 879 309 922 412 31447 0 0 0 standing 
5 879 310 922 413 31448 0 0 1 standing 
5 880 311 923 414 31449 0 0 1 standing 
5 881 312 924 415 31450 0 0 0 standing 
5 883 312 926 415 31451 0 0 1 standing 
5 885 312 928 415 31452 0 0 1 standing 
5 887 312 930 415 31453 0 0 1 standing 
5 889 312 932 415 31454 0 0 0 standing 
5 890 312 933 415 31455 0 0 1 standing 
5 892 313 935 416 31456 0 0 1 standing 
5 894 313 937 416 31457 0 0 1 standing 
5 896 314 939 417 31458 0 0 0 standing 
5 896 314 939 417 31459 0 0 1 standing 
6 985 349 1021 451 31440 0 0 0 standing 
6 990 351 1026 453 31441 0 0 1 standing 
6 995 354 1032 456 31442 0 0 1 standing 
6 1000 357 1037 459 31443 0 0 1 standing 
6 1005 360 1043 462 31444 0 0 1 standing 
6 1011 363 1049 465 31445 0 0 0 standing 
6 1017 364 1055 465 31446 0 0 1 standing 
6 1024 365 1062 466 31447 0 0 1 standing 
6 1030 366 1069 467 31448 0 0 1 standing 
6 1037 367 1076 468 31449 0 0 1 standing 
6 1044 368 1083 469 31450 0 0 0 standing 
6 1048 368 1087 470 31451 0 0 1 standing 
6 1053 368 1091 471 31452 0 0 1 standing 
6 1058 368 1095 472 31453 0 0 1 standing 
6 1063 369 1100 473 31454 0 0 0 standing 
6 1067 370 1103 475 31455 0 0 1 standing 
6 1071 372 1107 477 31456 0 0 1 standing 
6 1075 374 1110 479 31457 0 0 1 standing 
6 1079 376 1114 482 31458 0 0 0 standing 
6 1080 379 1115 485 31459 0 0 1 standing 
7 705 397 743 514 31440 0 0 0 standing 
7 708 402 746 519 31441 0 0 1 standing 
7 711 407 749 524 31442 0 0 1 standing 
7 715 412 753 529 31443 0 0 0 standing 
7 718 419 756 536 31444 0 0 1 standing 
7 721 427 759 544 31445 0 0 1 standing 
7 725 435 763 552 31446 0 0 0 standing 
7 725 437 763 554 31447 0 0 1 standing 
7 726 440 764 557 31448 0 0 1 standing 
7 727 442 765 559 31449 0 0 1 standing 
7 728 445 766 562 31450 0 0 0 standing 
7 726 446 764 565 31451 0 0 1 standing 
7 724 447 762 569 31452 0 0 1 standing 
7 722 448 761 573 31453 0 0 1 standing 
7 720 449 759 577 31454 0 0 1 standing 
7 719 450 758 581 31455 0 0 0 standing 
7 714 451 753 585 31456 0 0 1 standing 
7 710 453 749 589 31457 0 0 1 standing 
7 705 455 745 594 31458 0 0 1 standing 
7 701 457 741 598 31459 0 0 1 standing 
8 799 418 846 553 31440 0 0 0 standing 
8 800 425 847 560 31441 0 0 1 moving 
8 802 433 849 567 31442 0 0 1 moving 
8 803 441 850 574 31443 0 0 1 moving 
8 805 449 852 582 31444 0 0 0 moving 
8 807 455 854 587 31445 0 0 1 moving 
8 809 461 856 593 31446 0 0 1 moving 
8 811 468 858 599 31447 0 0 0 moving 
8 816 467 863 598 31448 0 0 1 moving 
8 821 467 868 597 31449 0 0 1 moving 
8 827 467 873 596 31450 0 0 0 moving 
8 833 465 879 594 31451 0 0 1 moving 
8 840 463 886 592 31452 0 0 1 moving 
8 846 462 892 591 31453 0 0 1 moving 
8 853 460 899 589 31454 0 0 1 moving 
8 860 459 906 588 31455 0 0 0 moving 
8 863 457 909 586 31456 0 0 1 moving 
8 867 455 913 584 31457 0 0 1 moving 
8 871 454 917 583 31458 0 0 0 moving 
8 872 452 918 581 31459 0 0 1 moving 
9 874 359 917 462 31440 0 0 0 moving 
9 875 360 917 462 31441 0 0 1 standing 
9 876 362 918 462 31442 0 0 1 standing 
9 877 363 919 463 31443 0 0 1 standing 
9 878 365 920 463 31444 0 0 1 standing 
9 879 367 921 464 31445 0 0 0 standing 
9 880 365 922 464 31446 0 0 1 standing 
9 882 364 924 465 31447 0 0 1 standing 
9 884 362 926 465 31448 0 0 1 standing 
9 886 361 928 466 31449 0 0 1 standing 
9 888 360 930 467 31450 0 0 0 standing 
9 888 361 930 467 31451 0 0 1 standing 
9 888 362 930 467 31452 0 0 1 standing 
9 889 363 930 467 31453 0 0 1 standing 
9 889 364 931 468 31454 0 0 1 standing 
9 889 365 931 468 31455 0 0 1 standing 
9 890 366 931 468 31456 0 0 1 standing 
9 890 367 931 468 31457 0 0 1 standing 
9 891 369 932 469 31458 0 0 0 standing 
9 894 368 935 468 31459 0 0 1 standing 
10 730 429 761 574 31440 0 0 0 standing 
10 733 434 764 575 31441 0 0 1 standing 
10 736 440 767 577 31442 0 0 1 standing 
10 740 446 770 579 31443 0 0 0 standing 
10 744 450 774 581 31444 0 0 1 standing 
10 748 455 778 583 31445 0 0 1 standing 
10 753 460 782 586 31446 0 0 0 standing 
10 754 459 784 586 31447 0 0 1 standing 
10 756 458 786 587 31448 0 0 1 standing 
10 758 458 788 588 31449 0 0 0 standing 
10 758 459 789 588 31450 0 0 1 standing 
10 758 460 790 589 31451 0 0 1 standing 
10 759 461 791 590 31452 0 0 1 standing 
10 759 462 792 591 31453 0 0 1 standing 
10 760 464 794 592 31454 0 0 0 standing 
10 759 465 793 593 31455 0 0 1 standing 
10 759 467 793 595 31456 0 0 1 standing 
10 758 468 792 596 31457 0 0 1 standing 
10 758 470 792 598 31458 0 0 0 standing 
10 753 469 790 597 31459 0 0 1 standing 
11 896 397 942 508 31440 0 0 0 standing 
11 898 397 944 508 31441 0 0 1 standing 
11 901 397 947 508 31442 0 0 1 standing 
11 903 397 949 508 31443 0 0 1 standing 
11 906 397 952 508 31444 0 0 1 standing 
11 909 397 955 508 31445 0 0 0 standing 
11 910 394 956 505 31446 0 0 1 standing 
11 912 391 958 502 31447 0 0 1 standing 
11 913 389 959 500 31448 0 0 1 standing 
11 915 386 961 497 31449 0 0 1 standing 
11 917 384 963 495 31450 0 0 0 standing 
11 916 383 962 494 31451 0 0 1 standing 
11 915 382 961 493 31452 0 0 1 standing 
11 914 382 960 493 31453 0 0 1 standing 
11 913 381 959 492 31454 0 0 1 standing 
11 913 381 959 492 31455 0 0 0 standing 
11 910 380 956 491 31456 0 0 1 standing 
11 908 379 954 490 31457 0 0 1 standing 
11 906 378 952 489 31458 0 0 1 standing 
11 904 378 950 489 31459 0 0 0 standing 
