0 154 350 216 510 52145 0 0 0 standing 
0 151 349 212 509 52146 0 0 1 standing 
0 148 349 208 509 52147 0 0 1 standing 
0 145 349 204 509 52148 0 0 1 standing 
0 142 348 200 509 52149 0 0 1 standing 
0 139 348 196 509 52150 0 0 1 standing 
0 136 348 192 508 52151 0 0 1 standing 
0 133 347 188 508 52152 0 0 1 standing 
0 130 347 184 508 52153 0 0 1 standing 
0 127 347 180 508 52154 0 0 1 standing 
0 125 347 176 508 52155 0 0 0 standing 
0 124 347 175 507 52156 0 0 1 standing 
0 124 348 175 507 52157 0 0 1 standing 
0 124 349 175 507 52158 0 0 1 standing 
0 124 350 175 507 52159 0 0 1 standing 
0 124 351 175 507 52160 0 0 1 standing 
0 124 352 175 507 52161 0 0 1 standing 
0 124 353 175 507 52162 0 0 1 standing 
0 124 354 175 507 52163 0 0 1 standing 
0 124 355 175 507 52164 0 0 1 standing 
1 362 434 410 596 52145 0 0 0 standing 
1 360 433 408 593 52146 0 0 1 standing 
1 359 432 407 591 52147 0 0 1 standing 
1 358 431 406 588 52148 0 0 1 standing 
1 357 431 404 586 52149 0 0 1 standing 
1 356 430 403 583 52150 0 0 1 standing 
1 354 429 402 581 52151 0 0 1 standing 
1 353 429 400 578 52152 0 0 1 standing 
1 352 428 399 576 52153 0 0 1 standing 
1 351 427 398 573 52154 0 0 1 standing 
1 350 427 397 571 52155 0 0 0 standing 
1 349 425 396 570 52156 0 0 1 standing 
1 349 424 396 570 52157 0 0 1 standing 
1 348 423 395 569 52158 0 0 1 standing 
1 348 422 395 569 52159 0 0 1 standing 
1 348 421 394 568 52160 0 0 1 standing 
1 347 419 394 568 52161 0 0 1 standing 
1 347 418 393 567 52162 0 0 1 standing 
1 346 417 393 567 52163 0 0 1 standing 
1 346 416 392 566 52164 0 0 1 standing 
2 425 463 515 657 52145 0 0 0 standing 
2 421 461 503 655 52146 0 0 1 standing 
2 417 460 492 653 52147 0 0 1 standing 
2 414 458 480 651 52148 0 0 1 standing 
2 410 457 469 649 52149 0 0 1 standing 
2 407 456 458 648 52150 0 0 0 standing 
2 396 455 453 647 52151 0 0 1 standing 
2 386 454 448 646 52152 0 0 1 standing 
2 376 453 443 645 52153 0 0 1 standing 
2 366 452 438 644 52154 0 0 1 standing 
2 356 452 433 644 52155 0 0 0 standing 
2 351 451 426 643 52156 0 0 1 standing 
2 347 450 419 642 52157 0 0 1 standing 
2 343 449 413 641 52158 0 0 1 standing 
2 339 448 406 640 52159 0 0 1 standing 
2 335 447 400 639 52160 0 0 1 standing 
2 330 446 393 638 52161 0 0 1 standing 
2 326 445 386 637 52162 0 0 1 standing 
2 322 444 380 636 52163 0 0 1 standing 
2 318 443 373 635 52164 0 0 1 standing 
3 419 359 506 503 52145 0 0 0 standing 
3 419 359 504 502 52146 0 0 1 standing 
3 419 359 502 502 52147 0 0 1 standing 
3 419 359 500 502 52148 0 0 1 standing 
3 419 359 499 502 52149 0 0 1 standing 
3 419 359 497 502 52150 0 0 1 standing 
3 419 359 495 502 52151 0 0 1 standing 
3 419 359 494 502 52152 0 0 1 standing 
3 419 359 492 502 52153 0 0 1 standing 
3 419 359 490 502 52154 0 0 1 standing 
3 419 359 489 502 52155 0 0 0 standing 
3 417 359 487 502 52156 0 0 1 standing 
3 415 359 486 502 52157 0 0 1 standing 
3 413 359 485 502 52158 0 0 1 standing 
3 411 360 484 502 52159 0 0 1 standing 
3 409 360 483 503 52160 0 0 1 standing 
3 407 360 482 503 52161 0 0 1 standing 
3 405 361 481 503 52162 0 0 1 standing 
3 403 361 480 503 52163 0 0 1 standing 
3 401 361 479 503 52164 0 0 1 standing 
4 536 416 583 582 52145 0 0 0 standing 
4 533 415 580 581 52146 0 0 1 standing 
4 530 414 577 580 52147 0 0 1 standing 
4 528 414 575 580 52148 0 0 1 standing 
4 525 413 572 579 52149 0 0 1 standing 
4 523 413 570 579 52150 0 0 1 standing 
4 520 412 567 578 52151 0 0 1 standing 
4 517 411 564 577 52152 0 0 1 standing 
4 515 411 562 577 52153 0 0 1 standing 
4 512 410 559 576 52154 0 0 1 standing 
4 510 410 557 576 52155 0 0 0 standing 
4 507 408 554 574 52156 0 0 1 standing 
4 505 407 552 573 52157 0 0 1 standing 
4 503 406 550 572 52158 0 0 1 standing 
4 500 405 547 571 52159 0 0 1 standing 
4 498 404 545 570 52160 0 0 1 standing 
4 496 403 543 568 52161 0 0 1 standing 
4 493 402 540 567 52162 0 0 1 standing 
4 491 401 538 566 52163 0 0 1 standing 
4 489 400 536 565 52164 0 0 1 standing 
5 576 377 629 541 52145 0 0 0 standing 
5 572 375 624 539 52146 0 0 1 standing 
5 569 374 619 537 52147 0 0 1 standing 
5 565 373 614 535 52148 0 0 1 standing 
5 562 371 610 533 52149 0 0 1 standing 
5 558 370 605 532 52150 0 0 1 standing 
5 555 369 600 530 52151 0 0 1 standing 
5 551 367 596 528 52152 0 0 1 standing 
5 548 366 591 526 52153 0 0 1 standing 
5 544 365 586 524 52154 0 0 1 standing 
5 541 364 582 523 52155 0 0 0 standing 
5 539 363 580 521 52156 0 0 1 standing 
5 537 362 578 519 52157 0 0 1 standing 
5 535 362 576 518 52158 0 0 1 standing 
5 533 361 574 516 52159 0 0 1 standing 
5 532 361 572 515 52160 0 0 1 standing 
5 530 360 570 513 52161 0 0 1 standing 
5 528 359 568 511 52162 0 0 1 standing 
5 526 359 566 510 52163 0 0 1 standing 
5 524 358 564 508 52164 0 0 1 standing 
6 776 367 837 529 52145 0 1 0 standing 
6 779 365 840 527 52146 0 1 1 standing 
6 782 363 843 525 52147 0 1 1 standing 
6 786 361 846 523 52148 0 1 1 standing 
6 789 359 850 521 52149 0 1 1 standing 
6 793 358 853 520 52150 0 1 1 standing 
6 796 356 856 518 52151 0 1 1 standing 
6 799 354 860 516 52152 0 1 1 standing 
6 803 352 863 514 52153 0 1 1 standing 
6 806 350 866 512 52154 0 1 1 standing 
6 810 349 870 511 52155 0 1 0 standing 
6 815 349 875 509 52156 0 1 1 standing 
6 820 349 881 508 52157 0 1 1 standing 
6 825 349 886 507 52158 0 1 1 standing 
6 830 350 892 506 52159 0 1 1 standing 
6 835 350 898 505 52160 0 1 1 standing 
6 840 350 903 503 52161 0 1 1 standing 
6 845 351 909 502 52162 0 1 1 standing 
6 850 351 914 501 52163 0 1 1 standing 
6 855 351 920 500 52164 0 1 1 standing 
7 856 375 908 511 52145 0 1 0 standing 
7 860 375 912 513 52146 0 1 1 moving 
7 864 375 917 515 52147 0 1 1 moving 
7 868 375 922 517 52148 0 1 1 moving 
7 872 375 927 519 52149 0 1 1 moving 
7 876 376 932 521 52150 0 1 1 moving 
7 880 376 937 523 52151 0 1 1 moving 
7 884 376 942 525 52152 0 1 1 moving 
7 888 376 947 527 52153 0 1 1 moving 
7 892 376 952 529 52154 0 1 1 moving 
7 897 377 957 532 52155 0 1 0 moving 
7 904 378 964 533 52156 0 1 1 moving 
7 911 380 971 535 52157 0 1 1 moving 
7 918 381 978 536 52158 0 1 1 moving 
7 925 383 985 538 52159 0 1 1 moving 
7 933 384 993 540 52160 0 1 1 moving 
7 940 386 1000 541 52161 0 1 1 moving 
7 947 387 1007 543 52162 0 1 1 moving 
7 954 389 1014 544 52163 0 1 1 moving 
7 961 390 1021 546 52164 0 1 1 moving 
8 909 452 995 603 52145 0 1 0 moving 
8 921 451 1006 602 52146 0 1 1 moving 
8 933 450 1018 602 52147 0 1 1 moving 
8 945 449 1030 602 52148 0 1 1 moving 
8 957 448 1042 602 52149 0 1 1 moving 
8 969 447 1054 602 52150 0 1 1 moving 
8 981 446 1066 601 52151 0 1 1 moving 
8 993 445 1078 601 52152 0 1 1 moving 
8 1005 444 1090 601 52153 0 1 1 moving 
8 1017 443 1102 601 52154 0 1 1 moving 
8 1030 443 1114 601 52155 0 1 0 moving 
8 1043 442 1127 601 52156 0 1 1 moving 
8 1057 442 1141 602 52157 0 1 1 moving 
8 1071 442 1155 603 52158 0 1 1 moving 
8 1085 441 1168 603 52159 0 1 1 moving 
8 1099 441 1182 604 52160 0 1 1 moving 
8 1112 441 1196 605 52161 0 1 1 moving 
8 1126 440 1209 605 52162 0 1 1 moving 
8 1140 440 1223 606 52163 0 1 1 moving 
8 1154 440 1237 607 52164 0 1 1 moving 
9 1037 361 1133 493 52145 0 1 0 moving 
9 1043 361 1137 494 52146 0 1 1 moving 
9 1049 362 1141 495 52147 0 1 1 moving 
9 1055 363 1146 497 52148 0 1 1 moving 
9 1062 364 1150 498 52149 0 1 1 moving 
9 1068 365 1155 500 52150 0 1 1 moving 
9 1074 366 1159 501 52151 0 1 1 moving 
9 1081 367 1163 502 52152 0 1 1 moving 
9 1087 368 1168 504 52153 0 1 1 moving 
9 1093 369 1172 505 52154 0 1 1 moving 
9 1100 370 1177 507 52155 0 1 0 moving 
9 1103 371 1179 506 52156 0 1 1 moving 
9 1107 372 1182 506 52157 0 1 1 moving 
9 1111 373 1184 506 52158 0 1 1 moving 
9 1115 374 1187 506 52159 0 1 1 moving 
9 1119 375 1189 506 52160 0 1 1 moving 
9 1123 376 1192 505 52161 0 1 1 moving 
9 1127 377 1194 505 52162 0 1 1 moving 
9 1131 378 1197 505 52163 0 1 1 moving 
9 1135 379 1199 505 52164 0 1 1 moving 
10 1076 485 1175 624 52145 0 1 0 moving 
10 1079 486 1176 627 52146 0 1 1 moving 
10 1083 488 1178 630 52147 0 1 1 moving 
10 1086 489 1180 633 52148 0 1 1 moving 
10 1090 491 1182 636 52149 0 1 1 moving 
10 1093 493 1184 640 52150 0 1 1 moving 
10 1097 494 1186 643 52151 0 1 1 moving 
10 1100 496 1188 646 52152 0 1 1 moving 
10 1104 497 1190 649 52153 0 1 1 moving 
10 1107 499 1192 652 52154 0 1 1 moving 
10 1111 501 1194 656 52155 0 1 0 moving 
10 1109 502 1189 658 52156 0 1 1 moving 
10 1108 503 1185 661 52157 0 1 1 moving 
10 1107 504 1181 663 52158 0 1 1 moving 
10 1106 505 1177 666 52159 0 1 1 moving 
10 1105 507 1173 668 52160 0 1 1 moving 
10 1103 508 1168 671 52161 0 1 1 moving 
10 1102 509 1164 673 52162 0 1 1 moving 
10 1101 510 1160 676 52163 0 1 1 moving 
10 1100 511 1156 678 52164 0 1 1 moving 
11 1169 384 1244 536 52145 0 1 0 moving 
11 1171 382 1246 534 52146 0 1 1 standing 
11 1173 380 1248 532 52147 0 1 1 standing 
11 1175 378 1250 531 52148 0 1 1 standing 
11 1177 376 1252 529 52149 0 1 1 standing 
11 1179 374 1254 528 52150 0 1 1 standing 
11 1181 372 1256 526 52151 0 1 1 standing 
11 1183 370 1258 524 52152 0 1 1 standing 
11 1185 368 1260 523 52153 0 1 1 standing 
11 1187 366 1262 521 52154 0 1 1 standing 
11 1189 365 1264 520 52155 0 1 0 standing 
11 1189 363 1264 516 52156 0 1 1 standing 
11 1189 362 1264 513 52157 0 1 1 standing 
11 1190 361 1265 510 52158 0 1 1 standing 
11 1190 359 1265 507 52159 0 1 1 standing 
11 1191 358 1266 504 52160 0 1 1 standing 
11 1191 357 1266 501 52161 0 1 1 standing 
11 1191 355 1266 498 52162 0 1 1 standing 
11 1192 354 1267 495 52163 0 1 1 standing 
11 1192 353 1267 492 52164 0 1 1 standing 
