0 1521 610 1624 788 71700 0 1 0 digging 
0 1517 610 1621 787 71701 0 1 1 digging 
0 1513 611 1619 786 71702 0 1 1 digging 
0 1509 612 1616 785 71703 0 1 1 digging 
0 1505 613 1614 784 71704 0 1 1 digging 
0 1502 614 1611 784 71705 0 1 1 digging 
0 1498 614 1609 783 71706 0 1 1 digging 
0 1494 615 1606 782 71707 0 1 1 digging 
0 1490 616 1604 781 71708 0 1 1 digging 
0 1486 617 1601 780 71709 0 1 1 digging 
0 1483 618 1599 780 71710 0 1 0 digging 
0 1483 621 1591 777 71711 0 1 1 digging 
0 1484 625 1584 775 71712 0 1 1 digging 
0 1485 629 1577 773 71713 0 1 0 digging 
0 1479 640 1582 779 71714 0 1 1 digging 
0 1473 652 1588 785 71715 0 1 1 digging 
0 1468 663 1594 791 71716 0 1 1 digging 
0 1462 675 1600 797 71717 0 1 1 digging 
0 1457 686 1606 803 71718 0 1 1 digging 
0 1451 698 1612 809 71719 0 1 1 digging 
1 1639 469 1720 654 71700 0 0 0 digging 
1 1635 470 1718 654 71701 0 0 1 waiting 
1 1631 472 1717 655 71702 0 0 1 waiting 
1 1628 474 1715 656 71703 0 0 1 waiting 
1 1624 476 1714 657 71704 0 0 1 waiting 
1 1621 478 1713 658 71705 0 0 0 waiting 
1 1621 476 1711 657 71706 0 0 1 waiting 
1 1622 475 1709 656 71707 0 0 1 waiting 
1 1622 474 1707 655 71708 0 0 1 waiting 
1 1623 473 1705 654 71709 0 0 1 waiting 
1 1624 472 1704 654 71710 0 0 0 waiting 
1 1623 471 1703 654 71711 0 0 1 waiting 
1 1622 470 1702 654 71712 0 0 1 waiting 
1 1621 469 1701 654 71713 0 0 1 waiting 
1 1620 468 1700 654 71714 0 0 1 waiting 
1 1619 467 1699 654 71715 0 0 1 waiting 
1 1618 466 1698 654 71716 0 0 1 waiting 
1 1617 465 1697 654 71717 0 0 1 waiting 
1 1616 464 1696 654 71718 0 0 1 waiting 
1 1615 463 1695 654 71719 0 0 1 waiting 
2 1280 451 1350 599 71700 0 0 0 waiting 
2 1274 449 1347 598 71701 0 0 1 waiting 
2 1269 448 1344 597 71702 0 0 1 waiting 
2 1263 447 1341 596 71703 0 0 1 waiting 
2 1258 446 1338 595 71704 0 0 1 waiting 
2 1253 445 1335 595 71705 0 0 0 waiting 
2 1254 444 1333 595 71706 0 0 1 waiting 
2 1255 443 1331 595 71707 0 0 1 waiting 
2 1257 443 1329 595 71708 0 0 1 waiting 
2 1258 442 1327 595 71709 0 0 1 waiting 
2 1260 442 1325 595 71710 0 0 0 waiting 
2 1257 439 1326 593 71711 0 0 1 waiting 
2 1255 436 1328 591 71712 0 0 1 waiting 
2 1253 433 1329 589 71713 0 0 1 waiting 
2 1251 430 1331 588 71714 0 0 0 waiting 
2 1249 431 1332 586 71715 0 0 1 waiting 
2 1247 432 1334 585 71716 0 0 1 waiting 
2 1245 434 1335 584 71717 0 0 1 waiting 
2 1243 435 1337 582 71718 0 0 1 waiting 
2 1241 436 1338 581 71719 0 0 1 waiting 
3 969 503 1092 687 71700 0 0 0 waiting 
3 969 504 1093 687 71701 0 0 1 standing 
3 969 505 1095 688 71702 0 0 1 standing 
3 969 507 1096 689 71703 0 0 1 standing 
3 969 508 1098 690 71704 0 0 1 standing 
3 969 510 1100 691 71705 0 0 0 standing 
3 972 508 1097 690 71706 0 0 1 standing 
3 976 507 1094 689 71707 0 0 1 standing 
3 980 506 1091 689 71708 0 0 1 standing 
3 984 505 1088 688 71709 0 0 1 standing 
3 988 504 1085 688 71710 0 0 0 standing 
3 990 506 1086 689 71711 0 0 1 standing 
3 993 509 1087 690 71712 0 0 1 standing 
3 996 512 1088 691 71713 0 0 1 standing 
3 999 515 1090 692 71714 0 0 1 standing 
3 1002 518 1091 693 71715 0 0 1 standing 
3 1004 520 1092 694 71716 0 0 1 standing 
3 1007 523 1094 695 71717 0 0 1 standing 
3 1010 526 1095 696 71718 0 0 1 standing 
3 1013 529 1096 697 71719 0 0 1 standing 
4 924 340 1011 547 71700 0 0 0 standing 
4 928 339 1015 551 71701 0 0 1 standing 
4 933 338 1019 555 71702 0 0 1 standing 
4 938 338 1023 559 71703 0 0 1 standing 
4 943 337 1027 563 71704 0 0 1 standing 
4 948 337 1031 567 71705 0 0 0 standing 
4 949 350 1033 571 71706 0 0 1 standing 
4 950 363 1035 575 71707 0 0 1 standing 
4 952 376 1037 580 71708 0 0 1 standing 
4 953 389 1039 584 71709 0 0 1 standing 
4 955 403 1041 589 71710 0 0 0 standing 
4 954 406 1042 588 71711 0 0 1 standing 
4 954 409 1044 588 71712 0 0 1 standing 
4 953 412 1046 588 71713 0 0 1 standing 
4 953 415 1048 588 71714 0 0 0 standing 
4 955 415 1052 585 71715 0 0 1 standing 
4 957 415 1057 583 71716 0 0 1 standing 
4 959 415 1062 580 71717 0 0 1 standing 
4 961 415 1066 578 71718 0 0 1 standing 
4 963 415 1071 575 71719 0 0 1 standing 
5 916 317 1000 535 71700 0 0 0 standing 
5 920 318 996 541 71701 0 0 1 blocking 
5 925 320 993 547 71702 0 0 1 blocking 
5 930 321 990 553 71703 0 0 1 blocking 
5 935 323 987 559 71704 0 0 1 blocking 
5 940 325 984 565 71705 0 0 0 blocking 
5 937 337 988 567 71706 0 0 1 blocking 
5 934 350 992 569 71707 0 0 1 blocking 
5 931 362 996 571 71708 0 0 1 blocking 
5 928 375 1000 573 71709 0 0 1 blocking 
5 925 388 1004 576 71710 0 0 0 blocking 
5 925 387 997 575 71711 0 0 1 blocking 
5 926 386 991 574 71712 0 0 1 blocking 
5 927 385 984 573 71713 0 0 1 blocking 
5 928 385 978 573 71714 0 0 0 blocking 
5 926 385 981 570 71715 0 0 1 blocking 
5 925 385 984 567 71716 0 0 1 blocking 
5 924 386 988 564 71717 0 0 1 blocking 
5 923 386 991 561 71718 0 0 1 blocking 
5 922 386 994 558 71719 0 0 1 blocking 
6 716 595 797 776 71700 0 0 0 blocking 
6 721 593 805 773 71701 0 0 1 waiting 
6 726 592 813 770 71702 0 0 1 waiting 
6 731 591 821 767 71703 0 0 1 waiting 
6 736 590 829 764 71704 0 0 1 waiting 
6 742 589 837 762 71705 0 0 0 waiting 
6 742 586 838 760 71706 0 0 1 waiting 
6 742 584 839 758 71707 0 0 1 waiting 
6 743 581 840 756 71708 0 0 1 waiting 
6 743 579 841 754 71709 0 0 1 waiting 
6 744 577 842 753 71710 0 0 0 waiting 
6 743 576 841 753 71711 0 0 1 waiting 
6 742 575 841 753 71712 0 0 1 waiting 
6 741 575 841 753 71713 0 0 1 waiting 
6 741 574 841 753 71714 0 0 1 waiting 
6 740 574 841 753 71715 0 0 1 waiting 
6 739 573 840 753 71716 0 0 1 waiting 
6 739 572 840 753 71717 0 0 1 waiting 
6 738 572 840 753 71718 0 0 1 waiting 
6 737 571 840 753 71719 0 0 1 waiting 
7 363 617 448 857 71700 0 0 0 waiting 
7 363 619 448 858 71701 0 0 1 standing 
7 363 621 448 859 71702 0 0 1 standing 
7 364 623 449 861 71703 0 0 1 standing 
7 364 625 449 862 71704 0 0 1 standing 
7 365 628 450 864 71705 0 0 0 standing 
7 363 625 449 862 71706 0 0 1 standing 
7 361 623 449 860 71707 0 0 1 standing 
7 359 620 449 859 71708 0 0 1 standing 
7 357 618 449 857 71709 0 0 1 standing 
7 355 616 449 856 71710 0 0 0 standing 
7 351 612 438 850 71711 0 0 1 standing 
7 347 608 428 845 71712 0 0 1 standing 
7 343 604 418 839 71713 0 0 1 standing 
7 340 601 408 834 71714 0 0 0 standing 
7 338 597 406 829 71715 0 0 1 standing 
7 336 593 404 824 71716 0 0 1 standing 
7 334 589 402 819 71717 0 0 1 standing 
7 332 585 400 814 71718 0 0 1 standing 
7 330 581 398 809 71719 0 0 1 standing 
8 298 556 370 743 71700 0 0 0 standing 
8 296 554 366 741 71701 0 0 1 standing 
8 294 553 363 739 71702 0 0 1 standing 
8 292 552 359 738 71703 0 0 1 standing 
8 290 551 356 736 71704 0 0 1 standing 
8 288 550 353 735 71705 0 0 0 standing 
8 286 545 350 732 71706 0 0 1 standing 
8 284 541 347 730 71707 0 0 1 standing 
8 282 537 344 727 71708 0 0 1 standing 
8 280 533 341 725 71709 0 0 1 standing 
8 279 529 338 723 71710 0 0 0 standing 
8 275 523 334 715 71711 0 0 1 standing 
8 272 518 331 708 71712 0 0 1 standing 
8 268 513 327 700 71713 0 0 1 standing 
8 265 508 324 693 71714 0 0 0 standing 
8 259 509 321 691 71715 0 0 1 standing 
8 254 510 318 690 71716 0 0 1 standing 
8 249 511 315 688 71717 0 0 1 standing 
8 243 512 312 687 71718 0 0 1 standing 
8 238 513 309 685 71719 0 0 1 standing 
9 712 476 776 628 71700 0 0 0 standing 
9 713 475 778 627 71701 0 0 1 standing 
9 715 475 780 627 71702 0 0 1 standing 
9 716 475 783 627 71703 0 0 1 standing 
9 718 475 785 627 71704 0 0 1 standing 
9 720 475 788 627 71705 0 0 0 standing 
9 718 470 784 626 71706 0 0 1 standing 
9 716 466 780 625 71707 0 0 1 standing 
9 715 462 776 625 71708 0 0 1 standing 
9 713 458 772 624 71709 0 0 1 standing 
9 712 454 768 624 71710 0 0 0 standing 
9 709 451 766 623 71711 0 0 1 standing 
9 707 449 764 622 71712 0 0 1 standing 
9 704 447 762 621 71713 0 0 1 standing 
9 702 445 761 621 71714 0 0 0 standing 
9 699 445 760 620 71715 0 0 1 standing 
9 697 445 759 619 71716 0 0 1 standing 
9 695 445 758 618 71717 0 0 1 standing 
9 693 445 757 617 71718 0 0 1 standing 
9 691 445 756 616 71719 0 0 1 standing 
10 780 498 847 690 71700 0 0 0 standing 
10 779 500 846 690 71701 0 0 1 standing 
10 779 503 846 690 71702 0 0 1 standing 
10 778 505 846 690 71703 0 0 1 standing 
10 778 508 846 690 71704 0 0 1 standing 
10 778 511 846 690 71705 0 0 0 standing 
10 777 509 845 689 71706 0 0 1 standing 
10 776 507 845 689 71707 0 0 1 standing 
10 775 505 845 688 71708 0 0 1 standing 
10 774 503 845 688 71709 0 0 1 standing 
10 774 502 845 688 71710 0 0 0 standing 
10 773 502 844 688 71711 0 0 1 standing 
10 772 503 844 688 71712 0 0 1 standing 
10 771 503 844 688 71713 0 0 1 standing 
10 770 504 844 688 71714 0 0 0 standing 
10 772 504 844 688 71715 0 0 1 standing 
10 774 505 844 689 71716 0 0 1 standing 
10 777 506 844 690 71717 0 0 1 standing 
10 779 506 844 691 71718 0 0 1 standing 
10 781 507 844 692 71719 0 0 1 standing 
11 779 353 872 524 71700 0 0 0 standing 
11 782 363 876 536 71701 0 0 1 standing 
11 785 374 880 549 71702 0 0 1 standing 
11 788 384 885 562 71703 0 0 1 standing 
11 791 395 889 575 71704 0 0 1 standing 
11 794 406 894 588 71705 0 0 0 standing 
11 800 408 895 588 71706 0 0 1 standing 
11 806 410 896 588 71707 0 0 1 standing 
11 813 413 897 588 71708 0 0 1 standing 
11 819 415 898 588 71709 0 0 1 standing 
11 826 418 899 589 71710 0 0 0 standing 
11 828 417 900 588 71711 0 0 1 standing 
11 831 416 902 588 71712 0 0 1 standing 
11 834 415 903 588 71713 0 0 1 standing 
11 837 415 905 588 71714 0 0 0 standing 
11 833 412 903 581 71715 0 0 1 standing 
11 829 409 902 575 71716 0 0 1 standing 
11 826 407 901 569 71717 0 0 1 standing 
11 822 404 900 563 71718 0 0 1 standing 
11 818 401 899 557 71719 0 0 1 standing 
