0 960 514 1029 603 24900 0 1 0 digging 
0 956 512 1025 603 24901 0 1 1 digging 
0 953 511 1021 604 24902 0 1 1 digging 
0 950 510 1018 605 24903 0 1 0 digging 
0 949 504 1018 605 24904 0 1 1 digging 
0 949 498 1018 606 24905 0 1 1 digging 
0 949 493 1018 607 24906 0 1 0 digging 
0 954 487 1019 605 24907 0 1 1 digging 
0 960 481 1021 603 24908 0 1 1 digging 
0 966 475 1023 601 24909 0 1 0 digging 
0 969 472 1027 600 24910 0 1 1 digging 
0 973 470 1031 600 24911 0 1 1 digging 
0 977 468 1035 600 24912 0 1 0 digging 
0 981 468 1042 602 24913 0 1 1 digging 
0 985 469 1049 605 24914 0 1 1 digging 
0 989 470 1057 608 24915 0 1 0 digging 
0 992 471 1061 609 24916 0 1 1 digging 
0 995 472 1066 610 24917 0 1 1 digging 
0 998 473 1070 611 24918 0 1 1 digging 
0 1001 474 1075 612 24919 0 1 1 digging 
1 1159 475 1209 597 24900 0 0 0 digging 
1 1156 473 1207 596 24901 0 0 1 standing 
1 1154 471 1205 596 24902 0 0 1 standing 
1 1152 469 1203 596 24903 0 0 0 standing 
1 1149 468 1203 595 24904 0 0 1 standing 
1 1146 467 1203 594 24905 0 0 1 standing 
1 1143 467 1203 594 24906 0 0 0 standing 
1 1141 463 1201 592 24907 0 0 1 standing 
1 1139 460 1199 590 24908 0 0 1 standing 
1 1138 457 1198 589 24909 0 0 0 standing 
1 1138 451 1195 585 24910 0 0 1 standing 
1 1138 446 1192 582 24911 0 0 1 standing 
1 1138 441 1190 579 24912 0 0 0 standing 
1 1137 439 1189 576 24913 0 0 1 standing 
1 1137 437 1188 573 24914 0 0 1 standing 
1 1137 436 1188 571 24915 0 0 0 standing 
1 1134 437 1188 571 24916 0 0 1 standing 
1 1132 438 1189 572 24917 0 0 1 standing 
1 1129 440 1190 572 24918 0 0 1 standing 
1 1127 441 1191 573 24919 0 0 1 standing 
2 962 466 1012 554 24900 0 0 0 standing 
2 958 464 1011 555 24901 0 0 1 standing 
2 954 462 1010 556 24902 0 0 1 standing 
2 951 460 1009 557 24903 0 0 0 standing 
2 955 456 1011 558 24904 0 0 1 standing 
2 960 453 1013 559 24905 0 0 1 standing 
2 965 449 1015 561 24906 0 0 1 standing 
2 969 446 1017 562 24907 0 0 1 standing 
2 974 442 1019 563 24908 0 0 1 standing 
2 979 439 1021 565 24909 0 0 0 standing 
2 980 437 1025 564 24910 0 0 1 standing 
2 982 435 1029 563 24911 0 0 1 standing 
2 984 433 1034 562 24912 0 0 0 standing 
2 987 434 1041 566 24913 0 0 1 standing 
2 990 435 1048 570 24914 0 0 1 standing 
2 994 437 1056 575 24915 0 0 0 standing 
2 997 439 1062 577 24916 0 0 1 standing 
2 1000 441 1068 580 24917 0 0 1 standing 
2 1004 444 1075 583 24918 0 0 0 standing 
2 1005 444 1074 578 24919 0 0 1 standing 
3 949 437 984 523 24900 0 0 0 standing 
3 945 435 984 522 24901 0 0 1 standing 
3 942 433 984 521 24902 0 0 1 standing 
3 939 431 984 521 24903 0 0 0 standing 
3 937 429 980 523 24904 0 0 1 standing 
3 935 428 977 525 24905 0 0 1 standing 
3 934 427 974 527 24906 0 0 0 standing 
3 932 425 974 526 24907 0 0 1 standing 
3 931 423 974 525 24908 0 0 1 standing 
3 930 421 974 524 24909 0 0 0 standing 
3 928 419 973 523 24910 0 0 1 standing 
3 926 417 972 523 24911 0 0 1 standing 
3 924 415 971 523 24912 0 0 0 standing 
3 922 413 972 524 24913 0 0 1 standing 
3 921 411 974 525 24914 0 0 1 standing 
3 920 410 976 526 24915 0 0 0 standing 
3 917 409 973 525 24916 0 0 1 standing 
3 915 408 971 525 24917 0 0 1 standing 
3 913 408 968 525 24918 0 0 1 standing 
3 911 407 966 525 24919 0 0 1 standing 
4 804 501 868 609 24900 0 0 0 standing 
4 802 498 864 608 24901 0 0 1 standing 
4 800 495 860 607 24902 0 0 1 standing 
4 798 492 857 607 24903 0 0 0 standing 
4 792 488 855 607 24904 0 0 1 standing 
4 786 484 853 607 24905 0 0 1 standing 
4 780 480 851 607 24906 0 0 0 standing 
4 780 476 849 605 24907 0 0 1 standing 
4 780 472 847 604 24908 0 0 1 standing 
4 780 468 846 603 24909 0 0 0 standing 
4 777 464 844 600 24910 0 0 1 standing 
4 774 461 843 597 24911 0 0 1 standing 
4 771 458 842 595 24912 0 0 0 standing 
4 769 457 841 592 24913 0 0 1 standing 
4 767 457 840 590 24914 0 0 1 standing 
4 765 457 840 588 24915 0 0 0 standing 
4 762 459 841 590 24916 0 0 1 standing 
4 759 462 842 593 24917 0 0 1 standing 
4 756 465 843 596 24918 0 0 0 standing 
4 756 464 842 595 24919 0 0 1 standing 
5 670 427 716 531 24900 0 0 0 standing 
5 661 425 710 530 24901 0 0 1 standing 
5 652 423 704 529 24902 0 0 1 standing 
5 644 422 699 529 24903 0 0 0 standing 
5 637 420 693 530 24904 0 0 1 standing 
5 630 418 688 531 24905 0 0 1 standing 
5 624 417 683 532 24906 0 0 0 standing 
5 619 416 677 532 24907 0 0 1 standing 
5 614 415 671 532 24908 0 0 1 standing 
5 609 414 665 533 24909 0 0 0 standing 
5 606 413 662 532 24910 0 0 1 standing 
5 603 412 659 531 24911 0 0 1 standing 
5 600 411 657 530 24912 0 0 0 standing 
5 594 412 655 533 24913 0 0 1 standing 
5 588 413 653 537 24914 0 0 1 standing 
5 582 414 651 541 24915 0 0 0 standing 
5 580 416 649 542 24916 0 0 1 standing 
5 578 418 647 543 24917 0 0 1 standing 
5 576 420 646 545 24918 0 0 0 standing 
5 577 419 644 544 24919 0 0 1 standing 
6 187 473 235 564 24900 0 0 0 standing 
6 181 470 230 568 24901 0 0 1 standing 
6 175 468 225 572 24902 0 0 1 standing 
6 170 466 220 576 24903 0 0 0 standing 
6 162 465 212 576 24904 0 0 1 standing 
6 155 465 205 576 24905 0 0 1 standing 
6 148 465 198 576 24906 0 0 0 standing 
6 140 461 191 574 24907 0 0 1 standing 
6 132 458 184 573 24908 0 0 1 standing 
6 124 455 177 572 24909 0 0 0 standing 
6 117 453 171 573 24910 0 0 1 standing 
6 110 451 166 574 24911 0 0 1 standing 
6 104 450 161 575 24912 0 0 0 standing 
6 96 450 157 578 24913 0 0 1 standing 
6 89 451 154 581 24914 0 0 1 standing 
6 82 452 151 584 24915 0 0 0 standing 
6 82 452 149 585 24916 0 0 1 standing 
6 82 453 147 587 24917 0 0 1 standing 
6 82 453 145 588 24918 0 0 1 standing 
6 82 454 143 590 24919 0 0 1 standing 
7 402 441 442 532 24900 0 0 0 standing 
7 393 439 435 530 24901 0 0 1 standing 
7 384 438 428 529 24902 0 0 1 standing 
7 375 437 422 528 24903 0 0 0 standing 
7 366 435 414 528 24904 0 0 1 standing 
7 358 433 406 528 24905 0 0 1 standing 
7 350 431 399 528 24906 0 0 0 standing 
7 343 429 391 526 24907 0 0 1 standing 
7 336 427 383 525 24908 0 0 1 standing 
7 329 425 375 524 24909 0 0 0 standing 
7 322 423 369 525 24910 0 0 1 standing 
7 315 422 364 527 24911 0 0 1 standing 
7 308 421 359 529 24912 0 0 0 standing 
7 301 419 352 527 24913 0 0 1 standing 
7 294 417 345 525 24914 0 0 1 standing 
7 288 415 338 523 24915 0 0 0 standing 
7 284 415 334 523 24916 0 0 1 standing 
7 281 415 331 523 24917 0 0 1 standing 
7 278 415 328 523 24918 0 0 1 standing 
7 275 415 325 523 24919 0 0 1 standing 
8 423 478 458 597 24900 0 0 0 standing 
8 415 477 451 598 24901 0 0 1 standing 
8 407 476 444 600 24902 0 0 1 standing 
8 399 475 438 602 24903 0 0 0 standing 
8 390 475 430 601 24904 0 0 1 standing 
8 382 476 422 600 24905 0 0 1 standing 
8 374 477 414 600 24906 0 0 0 standing 
8 365 474 408 601 24907 0 0 1 standing 
8 357 472 403 603 24908 0 0 1 standing 
8 349 470 398 605 24909 0 0 0 standing 
8 340 470 389 606 24910 0 0 1 standing 
8 332 470 380 607 24911 0 0 1 standing 
8 324 470 372 608 24912 0 0 0 standing 
8 318 470 367 608 24913 0 0 1 standing 
8 313 470 362 609 24914 0 0 1 standing 
8 308 470 357 610 24915 0 0 0 standing 
8 304 470 353 611 24916 0 0 1 standing 
8 300 470 350 612 24917 0 0 1 standing 
8 296 470 346 613 24918 0 0 1 standing 
8 292 470 343 614 24919 0 0 1 standing 
9 555 454 604 575 24900 0 0 0 standing 
9 549 451 599 574 24901 0 0 1 standing 
9 543 448 594 573 24902 0 0 1 standing 
9 538 446 590 573 24903 0 0 0 standing 
9 531 445 585 573 24904 0 0 1 standing 
9 524 444 580 574 24905 0 0 1 standing 
9 518 444 576 575 24906 0 0 0 standing 
9 515 441 571 576 24907 0 0 1 standing 
9 512 438 567 578 24908 0 0 1 standing 
9 509 435 563 580 24909 0 0 0 standing 
9 506 434 559 584 24910 0 0 1 standing 
9 504 433 555 588 24911 0 0 1 standing 
9 502 432 551 592 24912 0 0 0 standing 
9 500 432 551 595 24913 0 0 1 standing 
9 498 432 552 599 24914 0 0 1 standing 
9 496 433 553 603 24915 0 0 0 standing 
9 492 435 552 604 24916 0 0 1 standing 
9 489 438 551 606 24917 0 0 1 standing 
9 486 441 551 608 24918 0 0 0 standing 
9 486 441 548 606 24919 0 0 1 standing 
10 586 438 641 565 24900 0 0 0 standing 
10 578 436 634 563 24901 0 0 1 standing 
10 571 434 628 562 24902 0 0 1 standing 
10 564 432 622 561 24903 0 0 0 standing 
10 556 433 616 561 24904 0 0 1 standing 
10 548 434 610 561 24905 0 0 1 standing 
10 540 435 605 562 24906 0 0 0 standing 
10 536 430 599 562 24907 0 0 1 standing 
10 533 425 593 562 24908 0 0 1 standing 
10 530 421 587 562 24909 0 0 0 standing 
10 524 422 581 562 24910 0 0 1 standing 
10 518 423 576 563 24911 0 0 1 standing 
10 512 425 571 564 24912 0 0 0 standing 
10 510 425 566 564 24913 0 0 1 standing 
10 508 425 562 565 24914 0 0 1 standing 
10 507 425 558 566 24915 0 0 0 standing 
10 505 426 556 566 24916 0 0 1 standing 
10 503 427 555 567 24917 0 0 1 standing 
10 501 428 554 567 24918 0 0 1 standing 
10 499 429 553 568 24919 0 0 1 standing 
11 589 429 640 559 24900 0 0 0 standing 
11 580 426 633 557 24901 0 0 1 standing 
11 572 423 626 555 24902 0 0 1 standing 
11 564 420 619 554 24903 0 0 0 standing 
11 559 418 614 553 24904 0 0 1 standing 
11 554 416 609 552 24905 0 0 1 standing 
11 549 415 605 552 24906 0 0 0 standing 
11 544 415 598 552 24907 0 0 1 standing 
11 540 415 592 553 24908 0 0 1 standing 
11 536 416 586 554 24909 0 0 0 standing 
11 531 414 580 554 24910 0 0 1 standing 
11 526 412 575 554 24911 0 0 1 standing 
11 521 410 570 555 24912 0 0 0 standing 
11 517 408 566 555 24913 0 0 1 standing 
11 513 406 562 555 24914 0 0 1 standing 
11 509 405 559 555 24915 0 0 0 standing 
11 507 405 558 553 24916 0 0 1 standing 
11 505 406 557 552 24917 0 0 1 standing 
11 503 406 557 551 24918 0 0 1 standing 
11 501 407 556 550 24919 0 0 1 standing 
