0 448 297 510 438 86145 0 1 0 spiking 
0 444 299 506 437 86146 0 1 1 spiking 
0 440 301 503 436 86147 0 1 1 spiking 
0 436 303 499 435 86148 0 1 1 spiking 
0 432 305 496 435 86149 0 1 1 spiking 
0 429 307 492 434 86150 0 1 1 spiking 
0 425 309 489 433 86151 0 1 1 spiking 
0 421 311 485 433 86152 0 1 1 spiking 
0 417 313 482 432 86153 0 1 1 spiking 
0 413 315 478 431 86154 0 1 1 spiking 
0 410 317 475 431 86155 0 1 0 spiking 
0 409 325 473 437 86156 0 1 1 spiking 
0 408 333 472 443 86157 0 1 1 spiking 
0 407 341 471 449 86158 0 1 1 spiking 
0 406 350 470 455 86159 0 1 1 spiking 
0 405 358 469 462 86160 0 1 1 spiking 
0 404 366 468 468 86161 0 1 1 spiking 
0 403 375 467 474 86162 0 1 1 spiking 
0 402 383 466 480 86163 0 1 1 spiking 
0 401 391 465 486 86164 0 1 1 spiking 
1 615 371 652 488 86145 0 1 0 spiking 
1 608 364 645 483 86146 0 1 1 blocking 
1 601 357 639 479 86147 0 1 1 blocking 
1 594 350 633 475 86148 0 1 1 blocking 
1 587 344 627 471 86149 0 1 1 blocking 
1 580 337 621 467 86150 0 1 1 blocking 
1 573 330 614 463 86151 0 1 1 blocking 
1 566 324 608 459 86152 0 1 1 blocking 
1 559 317 602 455 86153 0 1 1 blocking 
1 552 310 596 451 86154 0 1 1 blocking 
1 545 304 590 447 86155 0 1 0 blocking 
1 541 307 586 450 86156 0 1 1 blocking 
1 538 310 583 453 86157 0 1 1 blocking 
1 535 313 580 456 86158 0 1 1 blocking 
1 532 316 577 459 86159 0 1 1 blocking 
1 529 319 574 462 86160 0 1 1 blocking 
1 525 322 571 465 86161 0 1 1 blocking 
1 522 325 568 468 86162 0 1 1 blocking 
1 519 328 565 471 86163 0 1 1 blocking 
1 516 331 562 474 86164 0 1 1 blocking 
2 623 365 668 467 86145 0 1 0 blocking 
2 616 359 661 463 86146 0 1 1 blocking 
2 609 353 654 460 86147 0 1 1 blocking 
2 602 347 647 456 86148 0 1 1 blocking 
2 595 341 641 453 86149 0 1 1 blocking 
2 588 335 634 449 86150 0 1 1 blocking 
2 581 329 627 446 86151 0 1 1 blocking 
2 574 323 621 442 86152 0 1 1 blocking 
2 567 317 614 439 86153 0 1 1 blocking 
2 560 311 607 435 86154 0 1 1 blocking 
2 554 305 601 432 86155 0 1 0 blocking 
2 549 307 596 434 86156 0 1 1 blocking 
2 545 310 592 437 86157 0 1 1 blocking 
2 540 313 587 440 86158 0 1 1 blocking 
2 536 315 583 442 86159 0 1 1 blocking 
2 531 318 578 445 86160 0 1 1 blocking 
2 527 321 574 448 86161 0 1 1 blocking 
2 522 323 569 450 86162 0 1 1 blocking 
2 518 326 565 453 86163 0 1 1 blocking 
2 513 329 560 456 86164 0 1 1 blocking 
3 762 446 853 580 86145 0 0 0 blocking 
3 759 446 855 579 86146 0 0 1 standing 
3 756 446 857 579 86147 0 0 1 standing 
3 754 446 860 579 86148 0 0 0 standing 
3 753 446 854 579 86149 0 0 1 standing 
3 752 447 848 579 86150 0 0 1 standing 
3 752 448 843 579 86151 0 0 0 standing 
3 756 447 845 583 86152 0 0 1 standing 
3 760 446 847 587 86153 0 0 1 standing 
3 764 446 849 591 86154 0 0 0 standing 
3 763 448 845 592 86155 0 0 1 standing 
3 762 450 841 593 86156 0 0 1 standing 
3 761 452 837 595 86157 0 0 0 standing 
3 756 451 833 595 86158 0 0 1 standing 
3 751 450 829 595 86159 0 0 1 standing 
3 747 450 826 595 86160 0 0 0 standing 
3 743 449 822 595 86161 0 0 1 standing 
3 739 448 818 596 86162 0 0 1 standing 
3 736 447 814 596 86163 0 0 1 standing 
3 732 446 810 597 86164 0 0 1 standing 
4 923 374 979 476 86145 0 0 0 standing 
4 918 371 975 475 86146 0 0 1 waiting 
4 914 368 971 474 86147 0 0 1 waiting 
4 910 366 968 474 86148 0 0 0 waiting 
4 903 363 957 473 86149 0 0 1 waiting 
4 896 360 946 472 86150 0 0 1 waiting 
4 889 358 935 472 86151 0 0 0 waiting 
4 880 360 928 473 86152 0 0 1 waiting 
4 872 362 921 475 86153 0 0 1 waiting 
4 864 364 914 477 86154 0 0 0 waiting 
4 856 366 906 477 86155 0 0 1 waiting 
4 848 369 898 477 86156 0 0 1 waiting 
4 840 372 890 477 86157 0 0 0 waiting 
4 833 373 884 479 86158 0 0 1 waiting 
4 826 374 878 481 86159 0 0 1 waiting 
4 819 376 872 484 86160 0 0 0 waiting 
4 817 372 869 483 86161 0 0 1 waiting 
4 815 368 866 482 86162 0 0 1 waiting 
4 813 364 863 482 86163 0 0 1 waiting 
4 811 360 860 481 86164 0 0 1 waiting 
5 1023 482 1093 615 86145 0 0 0 waiting 
5 1016 477 1087 614 86146 0 0 1 digging 
5 1009 472 1081 613 86147 0 0 1 digging 
5 1003 467 1076 613 86148 0 0 0 digging 
5 998 464 1073 608 86149 0 0 1 digging 
5 994 462 1070 603 86150 0 0 1 digging 
5 990 460 1068 599 86151 0 0 0 digging 
5 982 461 1061 598 86152 0 0 1 digging 
5 974 462 1055 597 86153 0 0 1 digging 
5 967 464 1049 597 86154 0 0 0 digging 
5 961 465 1043 595 86155 0 0 1 digging 
5 955 466 1038 594 86156 0 0 1 digging 
5 949 468 1033 593 86157 0 0 0 digging 
5 943 465 1027 592 86158 0 0 1 digging 
5 938 462 1022 591 86159 0 0 1 digging 
5 933 460 1017 590 86160 0 0 0 digging 
5 931 458 1010 588 86161 0 0 1 digging 
5 929 457 1004 586 86162 0 0 1 digging 
5 927 455 997 585 86163 0 0 1 digging 
5 925 454 991 583 86164 0 0 1 digging 
6 1083 394 1144 524 86145 0 0 0 digging 
6 1077 394 1137 523 86146 0 0 1 waiting 
6 1071 395 1130 522 86147 0 0 1 waiting 
6 1066 396 1124 522 86148 0 0 0 waiting 
6 1060 396 1118 522 86149 0 0 1 waiting 
6 1055 396 1113 522 86150 0 0 1 waiting 
6 1050 396 1108 522 86151 0 0 0 waiting 
6 1043 394 1099 520 86152 0 0 1 waiting 
6 1037 393 1090 519 86153 0 0 1 waiting 
6 1031 392 1082 518 86154 0 0 0 waiting 
6 1025 392 1076 517 86155 0 0 1 waiting 
6 1019 392 1070 516 86156 0 0 1 waiting 
6 1014 393 1065 516 86157 0 0 0 waiting 
6 1009 396 1060 514 86158 0 0 1 waiting 
6 1005 399 1055 512 86159 0 0 1 waiting 
6 1001 402 1050 511 86160 0 0 0 waiting 
6 997 401 1046 511 86161 0 0 1 waiting 
6 994 400 1042 511 86162 0 0 1 waiting 
6 990 399 1039 511 86163 0 0 1 waiting 
6 987 398 1035 511 86164 0 0 1 waiting 
7 486 390 559 501 86145 0 0 0 waiting 
7 480 390 557 501 86146 0 0 1 standing 
7 475 390 555 502 86147 0 0 1 standing 
7 470 390 553 503 86148 0 0 0 standing 
7 467 390 548 503 86149 0 0 1 standing 
7 464 390 544 503 86150 0 0 1 standing 
7 462 390 540 504 86151 0 0 0 standing 
7 456 392 536 505 86152 0 0 1 standing 
7 450 394 532 506 86153 0 0 1 standing 
7 444 397 528 507 86154 0 0 0 standing 
7 439 398 523 508 86155 0 0 1 standing 
7 434 399 518 509 86156 0 0 1 standing 
7 430 401 514 511 86157 0 0 0 standing 
7 430 402 509 510 86158 0 0 1 standing 
7 430 403 504 510 86159 0 0 1 standing 
7 431 405 499 510 86160 0 0 0 standing 
7 428 403 495 511 86161 0 0 1 standing 
7 426 402 492 513 86162 0 0 1 standing 
7 424 400 489 515 86163 0 0 1 standing 
7 422 399 486 517 86164 0 0 1 standing 
8 353 388 411 504 86145 0 0 0 standing 
8 351 388 406 508 86146 0 0 1 standing 
8 349 388 401 512 86147 0 0 1 standing 
8 348 388 396 517 86148 0 0 0 standing 
8 344 388 393 516 86149 0 0 1 standing 
8 341 389 390 515 86150 0 0 1 standing 
8 338 390 387 515 86151 0 0 0 standing 
8 333 390 384 515 86152 0 0 1 standing 
8 329 390 381 515 86153 0 0 1 standing 
8 325 390 378 516 86154 0 0 0 standing 
8 321 393 372 519 86155 0 0 1 standing 
8 317 396 367 522 86156 0 0 1 standing 
8 313 400 362 525 86157 0 0 0 standing 
8 310 401 358 525 86158 0 0 1 standing 
8 307 403 355 525 86159 0 0 1 standing 
8 304 405 352 526 86160 0 0 0 standing 
8 299 403 347 526 86161 0 0 1 standing 
8 295 401 342 526 86162 0 0 1 standing 
8 291 399 338 526 86163 0 0 1 standing 
8 287 397 333 526 86164 0 0 1 standing 
9 394 450 450 581 86145 0 0 0 standing 
9 397 449 458 580 86146 0 0 1 standing 
9 400 448 466 579 86147 0 0 1 standing 
9 403 448 475 578 86148 0 0 0 standing 
9 403 447 476 576 86149 0 0 1 standing 
9 404 446 477 575 86150 0 0 1 standing 
9 405 446 479 574 86151 0 0 0 standing 
9 405 443 474 571 86152 0 0 1 standing 
9 405 441 469 568 86153 0 0 1 standing 
9 405 439 464 566 86154 0 0 0 standing 
9 403 439 464 566 86155 0 0 1 standing 
9 401 439 464 566 86156 0 0 1 standing 
9 399 439 464 566 86157 0 0 0 standing 
9 398 439 469 565 86158 0 0 1 standing 
9 398 439 475 564 86159 0 0 1 standing 
9 398 439 481 563 86160 0 0 0 standing 
9 397 438 479 562 86161 0 0 1 standing 
9 397 438 477 562 86162 0 0 1 standing 
9 396 438 476 561 86163 0 0 1 standing 
9 396 438 474 561 86164 0 0 1 standing 
10 174 425 257 556 86145 0 0 0 standing 
10 169 424 250 558 86146 0 0 1 standing 
10 164 423 243 561 86147 0 0 1 standing 
10 160 422 237 564 86148 0 0 0 standing 
10 154 422 231 566 86149 0 0 1 standing 
10 148 423 225 568 86150 0 0 1 standing 
10 142 424 219 571 86151 0 0 0 standing 
10 142 424 214 571 86152 0 0 1 standing 
10 142 425 209 572 86153 0 0 1 standing 
10 142 426 205 573 86154 0 0 0 standing 
10 142 426 201 572 86155 0 0 1 standing 
10 142 427 198 572 86156 0 0 1 standing 
10 142 428 195 572 86157 0 0 0 standing 
10 137 430 199 572 86158 0 0 1 standing 
10 133 432 204 573 86159 0 0 1 standing 
10 129 435 209 574 86160 0 0 0 standing 
10 126 434 207 574 86161 0 0 1 standing 
10 123 434 205 574 86162 0 0 1 standing 
10 121 433 204 575 86163 0 0 1 standing 
10 118 433 202 575 86164 0 0 1 standing 
11 256 393 317 517 86145 0 0 0 standing 
11 253 393 313 517 86146 0 0 1 standing 
11 251 393 309 518 86147 0 0 1 standing 
11 249 394 305 519 86148 0 0 0 standing 
11 244 393 300 518 86149 0 0 1 standing 
11 240 392 295 518 86150 0 0 1 standing 
11 236 391 290 518 86151 0 0 0 standing 
11 229 390 281 517 86152 0 0 1 standing 
11 223 389 273 516 86153 0 0 1 standing 
11 217 389 265 515 86154 0 0 0 standing 
11 209 389 259 514 86155 0 0 1 standing 
11 202 390 254 514 86156 0 0 1 standing 
11 195 391 249 514 86157 0 0 0 standing 
11 188 392 246 515 86158 0 0 1 standing 
11 182 394 243 516 86159 0 0 1 standing 
11 176 396 241 518 86160 0 0 0 standing 
11 174 393 237 512 86161 0 0 1 standing 
11 172 390 233 507 86162 0 0 1 standing 
11 170 387 230 502 86163 0 0 1 standing 
11 168 384 226 497 86164 0 0 1 standing 
