0 547 317 599 426 22245 0 1 0 spiking 
0 545 312 597 423 22246 0 1 1 spiking 
0 544 307 596 420 22247 0 1 1 spiking 
0 542 303 594 417 22248 0 1 1 spiking 
0 541 298 593 414 22249 0 1 1 spiking 
0 540 294 591 411 22250 0 1 1 spiking 
0 538 289 590 408 22251 0 1 1 spiking 
0 537 284 588 405 22252 0 1 1 spiking 
0 535 280 587 402 22253 0 1 1 spiking 
0 534 275 585 399 22254 0 1 1 spiking 
0 533 271 584 397 22255 0 1 0 spiking 
0 533 275 584 400 22256 0 1 1 spiking 
0 533 279 584 404 22257 0 1 1 spiking 
0 533 283 584 408 22258 0 1 1 spiking 
0 533 287 584 412 22259 0 1 1 spiking 
0 533 291 584 416 22260 0 1 1 spiking 
0 534 295 585 420 22261 0 1 0 spiking 
0 531 298 582 423 22262 0 1 1 spiking 
0 529 301 580 426 22263 0 1 1 spiking 
0 527 304 578 429 22264 0 1 1 spiking 
1 659 341 706 446 22245 0 1 0 spiking 
1 655 340 702 445 22246 0 1 1 standing 
1 652 339 699 444 22247 0 1 1 standing 
1 648 338 695 443 22248 0 1 1 standing 
1 645 337 692 442 22249 0 1 1 standing 
1 641 336 688 441 22250 0 1 1 standing 
1 638 335 685 440 22251 0 1 1 standing 
1 635 334 682 440 22252 0 1 0 standing 
1 632 322 679 428 22253 0 1 1 standing 
1 629 310 676 417 22254 0 1 1 standing 
1 627 299 674 406 22255 0 1 0 standing 
1 623 296 671 405 22256 0 1 1 standing 
1 619 294 668 404 22257 0 1 1 standing 
1 616 291 665 403 22258 0 1 1 standing 
1 612 289 662 402 22259 0 1 1 standing 
1 609 286 660 402 22260 0 1 1 standing 
1 605 284 657 401 22261 0 1 1 standing 
1 601 281 654 400 22262 0 1 1 standing 
1 598 279 651 399 22263 0 1 1 standing 
1 594 276 648 398 22264 0 1 1 standing 
2 273 328 314 423 22245 0 0 0 standing 
2 273 328 314 423 22246 0 0 1 standing 
2 274 328 314 423 22247 0 0 1 standing 
2 275 329 315 423 22248 0 0 0 standing 
2 272 331 318 425 22249 0 0 1 standing 
2 270 333 322 427 22250 0 0 1 standing 
2 268 335 326 429 22251 0 0 0 standing 
2 265 336 326 429 22252 0 0 1 standing 
2 262 337 326 430 22253 0 0 1 standing 
2 259 338 326 431 22254 0 0 0 standing 
2 259 336 323 430 22255 0 0 1 standing 
2 260 334 320 430 22256 0 0 1 standing 
2 261 333 318 430 22257 0 0 0 standing 
2 265 330 317 429 22258 0 0 1 standing 
2 269 327 316 428 22259 0 0 1 standing 
2 273 325 316 428 22260 0 0 0 standing 
2 272 326 316 427 22261 0 0 1 standing 
2 272 327 316 427 22262 0 0 1 standing 
2 272 329 316 427 22263 0 0 1 standing 
2 272 330 316 427 22264 0 0 1 standing 
3 357 308 447 410 22245 0 0 0 standing 
3 367 312 448 411 22246 0 0 1 setting 
3 377 316 449 412 22247 0 0 1 setting 
3 388 321 451 414 22248 0 0 0 setting 
3 396 321 455 414 22249 0 0 1 setting 
3 405 321 459 414 22250 0 0 1 setting 
3 414 321 463 414 22251 0 0 0 setting 
3 414 318 469 413 22252 0 0 1 setting 
3 414 315 475 412 22253 0 0 1 setting 
3 414 313 482 412 22254 0 0 0 setting 
3 419 303 482 409 22255 0 0 1 setting 
3 424 293 482 407 22256 0 0 1 setting 
3 429 283 482 405 22257 0 0 0 setting 
3 434 284 484 404 22258 0 0 1 setting 
3 439 285 486 403 22259 0 0 1 setting 
3 444 286 488 403 22260 0 0 0 setting 
3 448 286 492 402 22261 0 0 1 setting 
3 452 286 496 401 22262 0 0 1 setting 
3 456 286 500 401 22263 0 0 1 setting 
3 460 286 504 400 22264 0 0 1 setting 
4 319 428 377 549 22245 0 0 0 setting 
4 317 426 380 548 22246 0 0 1 moving 
4 315 425 383 548 22247 0 0 1 moving 
4 314 424 387 548 22248 0 0 0 moving 
4 322 423 392 540 22249 0 0 1 moving 
4 330 422 397 532 22250 0 0 1 moving 
4 338 422 402 525 22251 0 0 0 moving 
4 347 421 405 524 22252 0 0 1 moving 
4 357 421 408 524 22253 0 0 1 moving 
4 367 421 411 524 22254 0 0 0 moving 
4 372 417 419 520 22255 0 0 1 moving 
4 378 413 428 516 22256 0 0 1 moving 
4 384 409 437 513 22257 0 0 0 moving 
4 385 407 443 514 22258 0 0 1 moving 
4 387 405 450 515 22259 0 0 1 moving 
4 389 403 457 516 22260 0 0 0 moving 
4 392 402 459 517 22261 0 0 1 moving 
4 396 401 462 518 22262 0 0 1 moving 
4 399 401 465 520 22263 0 0 1 moving 
4 403 400 468 521 22264 0 0 1 moving 
5 502 284 546 353 22245 0 0 0 moving 
5 501 281 547 350 22246 0 0 1 moving 
5 501 278 548 347 22247 0 0 1 moving 
5 501 276 550 344 22248 0 0 0 moving 
5 503 275 552 343 22249 0 0 1 moving 
5 505 274 554 343 22250 0 0 1 moving 
5 508 274 557 343 22251 0 0 0 moving 
5 507 273 556 342 22252 0 0 1 moving 
5 506 272 555 341 22253 0 0 1 moving 
5 506 271 555 340 22254 0 0 0 moving 
5 510 268 555 342 22255 0 0 1 moving 
5 514 266 555 345 22256 0 0 1 moving 
5 519 264 556 348 22257 0 0 0 moving 
5 519 262 556 349 22258 0 0 1 moving 
5 519 260 556 351 22259 0 0 1 moving 
5 519 259 556 353 22260 0 0 0 moving 
5 518 258 559 352 22261 0 0 1 moving 
5 517 258 562 351 22262 0 0 1 moving 
5 517 257 566 350 22263 0 0 1 moving 
5 516 257 569 349 22264 0 0 1 moving 
6 584 304 628 438 22245 0 0 0 moving 
6 580 308 625 438 22246 0 0 1 standing 
6 576 312 623 438 22247 0 0 1 standing 
6 573 316 621 439 22248 0 0 0 standing 
6 570 323 618 442 22249 0 0 1 standing 
6 567 330 615 446 22250 0 0 1 standing 
6 565 337 612 450 22251 0 0 0 standing 
6 559 343 610 454 22252 0 0 1 standing 
6 553 349 608 458 22253 0 0 1 standing 
6 548 356 606 463 22254 0 0 0 standing 
6 546 357 604 463 22255 0 0 1 standing 
6 544 358 602 463 22256 0 0 1 standing 
6 542 359 601 463 22257 0 0 0 standing 
6 537 358 596 463 22258 0 0 1 standing 
6 533 357 591 463 22259 0 0 1 standing 
6 529 356 587 464 22260 0 0 0 standing 
6 524 356 584 464 22261 0 0 1 standing 
6 519 357 581 465 22262 0 0 1 standing 
6 515 358 578 466 22263 0 0 1 standing 
6 510 359 575 467 22264 0 0 1 standing 
7 694 305 731 393 22245 0 0 0 standing 
7 686 305 724 393 22246 0 0 1 standing 
7 679 305 717 393 22247 0 0 1 standing 
7 672 306 711 394 22248 0 0 0 standing 
7 668 304 707 392 22249 0 0 1 standing 
7 664 302 703 390 22250 0 0 1 standing 
7 660 300 699 388 22251 0 0 0 standing 
7 653 298 694 386 22252 0 0 1 standing 
7 646 297 689 385 22253 0 0 1 standing 
7 639 296 684 384 22254 0 0 0 standing 
7 633 295 677 383 22255 0 0 1 standing 
7 627 295 671 383 22256 0 0 1 standing 
7 621 295 665 383 22257 0 0 0 standing 
7 619 294 660 383 22258 0 0 1 standing 
7 617 294 655 383 22259 0 0 1 standing 
7 616 294 650 383 22260 0 0 0 standing 
7 613 293 647 382 22261 0 0 1 standing 
7 610 292 644 381 22262 0 0 1 standing 
7 607 292 641 381 22263 0 0 0 standing 
7 607 292 641 381 22264 0 0 1 standing 
8 818 311 874 400 22245 0 0 0 standing 
8 817 310 872 399 22246 0 0 1 waiting 
8 816 310 871 399 22247 0 0 1 waiting 
8 816 310 870 399 22248 0 0 0 waiting 
8 813 310 867 399 22249 0 0 1 waiting 
8 810 310 864 399 22250 0 0 1 waiting 
8 807 310 861 399 22251 0 0 0 waiting 
8 804 308 858 397 22252 0 0 1 waiting 
8 801 307 855 396 22253 0 0 1 waiting 
8 799 306 853 395 22254 0 0 0 waiting 
8 796 306 855 394 22255 0 0 1 waiting 
8 794 306 858 393 22256 0 0 1 waiting 
8 792 307 861 392 22257 0 0 0 waiting 
8 791 307 858 392 22258 0 0 1 waiting 
8 790 307 855 392 22259 0 0 1 waiting 
8 789 308 853 392 22260 0 0 0 waiting 
8 788 308 850 392 22261 0 0 1 waiting 
8 787 308 847 392 22262 0 0 1 waiting 
8 787 309 844 392 22263 0 0 1 waiting 
8 786 309 841 392 22264 0 0 1 waiting 
9 919 346 963 424 22245 0 0 0 waiting 
9 915 347 960 427 22246 0 0 1 waiting 
9 911 348 958 430 22247 0 0 1 waiting 
9 907 349 956 433 22248 0 0 0 waiting 
9 904 349 956 433 22249 0 0 1 waiting 
9 901 350 956 433 22250 0 0 1 waiting 
9 899 351 957 434 22251 0 0 0 waiting 
9 895 351 953 434 22252 0 0 1 waiting 
9 891 351 949 434 22253 0 0 1 waiting 
9 888 351 946 434 22254 0 0 0 waiting 
9 888 350 946 435 22255 0 0 1 waiting 
9 888 349 946 436 22256 0 0 1 waiting 
9 888 349 946 438 22257 0 0 0 waiting 
9 889 349 947 439 22258 0 0 1 waiting 
9 890 349 948 441 22259 0 0 1 waiting 
9 891 350 949 443 22260 0 0 0 waiting 
9 890 352 948 443 22261 0 0 1 waiting 
9 889 355 947 443 22262 0 0 1 waiting 
9 888 358 947 443 22263 0 0 1 waiting 
9 887 361 946 443 22264 0 0 1 waiting 
10 922 381 962 483 22245 0 0 0 waiting 
10 921 380 961 483 22246 0 0 1 standing 
10 920 380 960 483 22247 0 0 1 standing 
10 919 380 959 483 22248 0 0 0 standing 
10 914 380 955 482 22249 0 0 1 standing 
10 909 381 951 482 22250 0 0 1 standing 
10 904 382 947 482 22251 0 0 0 standing 
10 900 381 943 481 22252 0 0 1 standing 
10 896 380 939 480 22253 0 0 1 standing 
10 892 380 936 480 22254 0 0 0 standing 
10 889 378 932 478 22255 0 0 1 standing 
10 887 377 928 476 22256 0 0 1 standing 
10 885 376 924 475 22257 0 0 0 standing 
10 882 378 920 480 22258 0 0 1 standing 
10 879 380 917 485 22259 0 0 1 standing 
10 876 383 914 490 22260 0 0 0 standing 
10 872 385 913 489 22261 0 0 1 standing 
10 868 387 912 489 22262 0 0 1 standing 
10 864 390 911 489 22263 0 0 1 standing 
10 860 392 910 489 22264 0 0 1 standing 
11 669 366 704 474 22245 0 0 0 standing 
11 667 369 703 475 22246 0 0 1 standing 
11 665 372 702 476 22247 0 0 1 standing 
11 663 376 702 478 22248 0 0 0 standing 
11 659 377 698 479 22249 0 0 1 standing 
11 655 378 694 481 22250 0 0 1 standing 
11 651 379 690 483 22251 0 0 0 standing 
11 646 378 685 480 22252 0 0 1 standing 
11 641 378 680 478 22253 0 0 1 standing 
11 637 378 676 476 22254 0 0 0 standing 
11 634 378 675 476 22255 0 0 1 standing 
11 631 378 674 477 22256 0 0 1 standing 
11 628 379 673 478 22257 0 0 0 standing 
11 624 381 674 478 22258 0 0 1 standing 
11 621 384 675 478 22259 0 0 1 standing 
11 618 387 676 479 22260 0 0 0 standing 
11 615 385 674 480 22261 0 0 1 standing 
11 613 383 673 481 22262 0 0 1 standing 
11 610 381 671 482 22263 0 0 1 standing 
11 608 379 670 483 22264 0 0 1 standing 
