0 564 589 622 712 3105 0 1 0 setting 
0 559 581 617 711 3106 0 1 1 setting 
0 554 573 612 711 3107 0 1 1 setting 
0 550 566 608 711 3108 0 1 1 setting 
0 545 558 603 711 3109 0 1 1 setting 
0 541 551 599 711 3110 0 1 0 setting 
0 534 542 592 710 3111 0 1 1 setting 
0 528 534 585 709 3112 0 1 1 setting 
0 521 526 579 708 3113 0 1 1 setting 
0 515 518 572 707 3114 0 1 1 setting 
0 509 510 566 707 3115 0 1 0 setting 
0 500 511 559 708 3116 0 1 1 setting 
0 491 512 553 709 3117 0 1 1 setting 
0 482 514 547 711 3118 0 1 1 setting 
0 473 515 541 712 3119 0 1 1 setting 
0 465 517 535 714 3120 0 1 0 setting 
0 454 529 528 718 3121 0 1 1 setting 
0 444 541 521 722 3122 0 1 1 setting 
0 434 553 515 727 3123 0 1 1 setting 
0 424 565 508 731 3124 0 1 1 setting 
1 502 712 635 882 3105 0 1 0 setting 
1 501 708 633 881 3106 0 1 1 standing 
1 501 705 632 880 3107 0 1 1 standing 
1 501 702 630 879 3108 0 1 1 standing 
1 501 699 629 878 3109 0 1 1 standing 
1 501 696 628 878 3110 0 1 0 standing 
1 502 698 624 877 3111 0 1 1 standing 
1 503 700 620 876 3112 0 1 1 standing 
1 505 703 616 876 3113 0 1 0 standing 
1 504 702 618 876 3114 0 1 1 standing 
1 503 701 620 876 3115 0 1 1 standing 
1 502 700 622 876 3116 0 1 1 standing 
1 502 699 624 877 3117 0 1 1 standing 
1 501 698 626 877 3118 0 1 1 standing 
1 500 697 628 877 3119 0 1 1 standing 
1 500 697 630 878 3120 0 1 0 standing 
1 509 698 634 881 3121 0 1 1 standing 
1 518 699 638 884 3122 0 1 1 standing 
1 527 701 642 887 3123 0 1 0 standing 
1 530 699 644 885 3124 0 1 1 standing 
2 683 425 739 548 3105 0 1 0 standing 
2 679 424 738 546 3106 0 1 1 moving 
2 676 423 737 545 3107 0 1 1 moving 
2 672 422 736 543 3108 0 1 1 moving 
2 669 421 735 542 3109 0 1 1 moving 
2 666 421 735 541 3110 0 1 0 moving 
2 659 423 731 541 3111 0 1 1 moving 
2 653 425 727 541 3112 0 1 1 moving 
2 647 428 724 542 3113 0 1 1 moving 
2 641 430 720 542 3114 0 1 1 moving 
2 635 433 717 543 3115 0 1 0 moving 
2 636 433 716 543 3116 0 1 1 moving 
2 637 433 715 543 3117 0 1 1 moving 
2 639 434 714 543 3118 0 1 1 moving 
2 640 434 713 543 3119 0 1 1 moving 
2 642 435 713 544 3120 0 1 0 moving 
2 637 435 714 546 3121 0 1 1 moving 
2 633 435 715 548 3122 0 1 1 moving 
2 629 435 717 551 3123 0 1 1 moving 
2 625 435 718 553 3124 0 1 1 moving 
3 907 546 978 731 3105 0 0 0 moving 
3 901 542 971 726 3106 0 0 1 standing 
3 895 538 964 721 3107 0 0 1 standing 
3 890 535 957 717 3108 0 0 1 standing 
3 884 531 950 712 3109 0 0 1 standing 
3 878 527 943 707 3110 0 0 1 standing 
3 873 524 936 703 3111 0 0 0 standing 
3 868 526 930 703 3112 0 0 1 standing 
3 863 528 924 704 3113 0 0 1 standing 
3 858 530 918 705 3114 0 0 1 standing 
3 853 532 912 706 3115 0 0 1 standing 
3 848 534 906 707 3116 0 0 1 standing 
3 843 537 901 708 3117 0 0 0 standing 
3 837 533 895 705 3118 0 0 1 standing 
3 832 530 889 703 3119 0 0 1 standing 
3 826 526 884 700 3120 0 0 1 standing 
3 821 523 878 698 3121 0 0 1 standing 
3 816 520 872 695 3122 0 0 1 standing 
3 810 516 867 693 3123 0 0 1 standing 
3 805 513 861 690 3124 0 0 1 standing 
4 568 480 620 623 3105 0 0 0 standing 
4 567 479 624 623 3106 0 0 1 standing 
4 566 478 629 623 3107 0 0 1 standing 
4 565 478 634 623 3108 0 0 1 standing 
4 564 477 639 623 3109 0 0 1 standing 
4 563 477 644 623 3110 0 0 0 standing 
4 562 476 638 623 3111 0 0 1 standing 
4 561 476 633 623 3112 0 0 1 standing 
4 561 476 627 623 3113 0 0 1 standing 
4 560 476 622 623 3114 0 0 1 standing 
4 560 476 617 624 3115 0 0 0 standing 
4 562 474 621 626 3116 0 0 1 standing 
4 564 473 626 629 3117 0 0 1 standing 
4 566 472 631 632 3118 0 0 0 standing 
4 563 474 631 633 3119 0 0 1 standing 
4 560 477 631 634 3120 0 0 1 standing 
4 557 480 631 635 3121 0 0 1 standing 
4 554 483 631 637 3122 0 0 1 standing 
4 551 486 631 638 3123 0 0 1 standing 
4 548 489 631 639 3124 0 0 1 standing 
5 568 445 628 556 3105 0 0 0 standing 
5 567 443 627 554 3106 0 0 1 standing 
5 567 441 627 552 3107 0 0 1 standing 
5 567 439 626 550 3108 0 0 1 standing 
5 567 437 626 548 3109 0 0 1 standing 
5 567 435 626 546 3110 0 0 0 standing 
5 565 436 624 547 3111 0 0 1 standing 
5 564 438 623 549 3112 0 0 1 standing 
5 563 439 622 551 3113 0 0 1 standing 
5 562 441 621 553 3114 0 0 1 standing 
5 561 443 620 555 3115 0 0 0 standing 
5 559 442 617 560 3116 0 0 1 standing 
5 557 441 615 565 3117 0 0 1 standing 
5 555 440 613 570 3118 0 0 0 standing 
5 551 442 610 570 3119 0 0 1 standing 
5 548 444 607 570 3120 0 0 1 standing 
5 545 446 604 570 3121 0 0 1 standing 
5 542 449 601 570 3122 0 0 1 standing 
5 539 451 598 570 3123 0 0 1 standing 
5 536 453 595 570 3124 0 0 1 standing 
6 1134 579 1183 747 3105 0 0 0 standing 
6 1128 579 1177 747 3106 0 0 1 standing 
6 1122 580 1172 748 3107 0 0 1 standing 
6 1116 581 1167 749 3108 0 0 1 standing 
6 1110 582 1162 750 3109 0 0 1 standing 
6 1104 583 1157 751 3110 0 0 1 standing 
6 1099 584 1152 752 3111 0 0 1 standing 
6 1093 584 1147 753 3112 0 0 1 standing 
6 1087 585 1142 754 3113 0 0 1 standing 
6 1081 586 1137 755 3114 0 0 1 standing 
6 1075 587 1132 756 3115 0 0 1 standing 
6 1069 588 1127 757 3116 0 0 1 standing 
6 1064 589 1122 758 3117 0 0 0 standing 
6 1058 586 1115 757 3118 0 0 1 standing 
6 1053 584 1109 756 3119 0 0 1 standing 
6 1047 582 1102 755 3120 0 0 1 standing 
6 1042 580 1096 754 3121 0 0 1 standing 
6 1037 578 1089 753 3122 0 0 1 standing 
6 1031 576 1083 752 3123 0 0 1 standing 
6 1026 574 1076 751 3124 0 0 1 standing 
7 1129 545 1184 705 3105 0 0 0 standing 
7 1123 544 1178 704 3106 0 0 1 standing 
7 1118 543 1173 704 3107 0 0 1 standing 
7 1113 543 1168 704 3108 0 0 1 standing 
7 1108 542 1163 704 3109 0 0 1 standing 
7 1102 541 1157 703 3110 0 0 1 standing 
7 1097 541 1152 703 3111 0 0 1 standing 
7 1092 540 1147 703 3112 0 0 1 standing 
7 1087 539 1142 703 3113 0 0 1 standing 
7 1081 539 1136 702 3114 0 0 1 standing 
7 1076 538 1131 702 3115 0 0 1 standing 
7 1071 537 1126 702 3116 0 0 1 standing 
7 1066 537 1121 702 3117 0 0 0 standing 
7 1059 538 1115 702 3118 0 0 1 standing 
7 1053 539 1109 702 3119 0 0 1 standing 
7 1047 540 1104 703 3120 0 0 1 standing 
7 1041 541 1098 703 3121 0 0 1 standing 
7 1034 542 1092 703 3122 0 0 1 standing 
7 1028 543 1087 704 3123 0 0 1 standing 
7 1022 544 1081 704 3124 0 0 1 standing 
8 1118 501 1164 653 3105 0 0 0 standing 
8 1112 500 1159 651 3106 0 0 1 standing 
8 1107 499 1154 649 3107 0 0 1 standing 
8 1102 498 1150 647 3108 0 0 1 standing 
8 1097 497 1145 645 3109 0 0 1 standing 
8 1092 496 1141 643 3110 0 0 1 standing 
8 1087 496 1136 642 3111 0 0 1 standing 
8 1082 495 1131 640 3112 0 0 1 standing 
8 1077 494 1127 638 3113 0 0 1 standing 
8 1072 493 1122 636 3114 0 0 1 standing 
8 1067 492 1118 634 3115 0 0 1 standing 
8 1062 491 1113 632 3116 0 0 1 standing 
8 1057 491 1109 631 3117 0 0 0 standing 
8 1051 491 1102 631 3118 0 0 1 standing 
8 1046 492 1096 632 3119 0 0 1 standing 
8 1040 492 1090 632 3120 0 0 1 standing 
8 1035 493 1084 633 3121 0 0 1 standing 
8 1029 493 1078 634 3122 0 0 1 standing 
8 1024 494 1072 634 3123 0 0 1 standing 
8 1018 494 1066 635 3124 0 0 1 standing 
9 1473 517 1529 654 3105 0 0 0 standing 
9 1472 515 1529 651 3106 0 0 1 standing 
9 1471 514 1529 648 3107 0 0 1 standing 
9 1470 512 1529 646 3108 0 0 1 standing 
9 1469 511 1529 643 3109 0 0 1 standing 
9 1468 510 1529 641 3110 0 0 0 standing 
9 1465 508 1525 639 3111 0 0 1 standing 
9 1463 507 1522 637 3112 0 0 1 standing 
9 1460 505 1518 636 3113 0 0 1 standing 
9 1458 504 1515 634 3114 0 0 1 standing 
9 1456 503 1512 633 3115 0 0 0 standing 
9 1452 502 1507 632 3116 0 0 1 standing 
9 1449 501 1503 631 3117 0 0 1 standing 
9 1445 501 1498 630 3118 0 0 1 standing 
9 1442 500 1494 629 3119 0 0 1 standing 
9 1439 500 1490 628 3120 0 0 0 standing 
9 1434 499 1486 627 3121 0 0 1 standing 
9 1429 498 1482 627 3122 0 0 1 standing 
9 1424 498 1478 626 3123 0 0 1 standing 
9 1419 497 1474 626 3124 0 0 1 standing 
10 1695 657 1768 825 3105 0 0 0 standing 
10 1692 656 1770 823 3106 0 0 1 standing 
10 1689 655 1772 821 3107 0 0 1 standing 
10 1686 654 1774 819 3108 0 0 1 standing 
10 1683 653 1776 817 3109 0 0 1 standing 
10 1681 653 1779 816 3110 0 0 0 standing 
10 1678 652 1771 815 3111 0 0 1 standing 
10 1676 652 1763 814 3112 0 0 1 standing 
10 1674 652 1755 813 3113 0 0 1 standing 
10 1672 652 1747 812 3114 0 0 1 standing 
10 1670 652 1740 812 3115 0 0 0 standing 
10 1670 651 1734 810 3116 0 0 1 standing 
10 1670 650 1728 809 3117 0 0 1 standing 
10 1670 649 1722 808 3118 0 0 1 standing 
10 1670 648 1716 807 3119 0 0 1 standing 
10 1671 647 1711 806 3120 0 0 0 standing 
10 1662 646 1706 805 3121 0 0 1 standing 
10 1654 646 1702 805 3122 0 0 1 standing 
10 1646 645 1698 804 3123 0 0 1 standing 
10 1638 645 1694 804 3124 0 0 1 standing 
11 1722 561 1776 721 3105 0 0 0 standing 
11 1718 560 1772 720 3106 0 0 1 standing 
11 1715 559 1769 719 3107 0 0 1 standing 
11 1712 558 1765 718 3108 0 0 1 standing 
11 1709 558 1762 718 3109 0 0 1 standing 
11 1706 557 1759 717 3110 0 0 1 standing 
11 1702 556 1755 716 3111 0 0 1 standing 
11 1699 556 1752 716 3112 0 0 1 standing 
11 1696 555 1748 715 3113 0 0 1 standing 
11 1693 554 1745 714 3114 0 0 1 standing 
11 1690 554 1742 714 3115 0 0 0 standing 
11 1684 553 1738 713 3116 0 0 1 standing 
11 1678 553 1734 712 3117 0 0 1 standing 
11 1673 552 1730 712 3118 0 0 1 standing 
11 1667 552 1726 711 3119 0 0 1 standing 
11 1662 552 1723 711 3120 0 0 0 standing 
11 1655 552 1719 711 3121 0 0 1 standing 
11 1649 552 1716 711 3122 0 0 1 standing 
11 1643 552 1713 712 3123 0 0 1 standing 
11 1637 552 1710 712 3124 0 0 1 standing 
