0 449 605 515 789 20290 0 0 0 standing 
0 445 605 513 789 20291 0 0 1 standing 
0 442 606 512 790 20292 0 0 1 standing 
0 439 606 510 790 20293 0 0 1 standing 
0 436 607 509 791 20294 0 0 1 standing 
0 433 607 507 791 20295 0 0 1 standing 
0 430 608 506 792 20296 0 0 1 standing 
0 427 608 504 792 20297 0 0 1 standing 
0 424 609 503 793 20298 0 0 1 standing 
0 421 609 501 793 20299 0 0 1 standing 
0 418 610 500 794 20300 0 0 0 standing 
0 416 607 500 791 20301 0 0 1 standing 
0 415 605 500 789 20302 0 0 1 standing 
0 413 603 500 787 20303 0 0 1 standing 
0 412 601 500 785 20304 0 0 1 standing 
0 410 599 500 783 20305 0 0 1 standing 
0 409 597 500 781 20306 0 0 1 standing 
0 407 595 500 779 20307 0 0 1 standing 
0 406 593 500 777 20308 0 0 1 standing 
0 404 591 500 775 20309 0 0 1 standing 
1 1069 608 1130 776 20290 0 0 0 standing 
1 1069 608 1130 776 20291 0 0 1 standing 
1 1070 609 1131 777 20292 0 0 1 standing 
1 1071 610 1132 778 20293 0 0 1 standing 
1 1072 611 1132 779 20294 0 0 1 standing 
1 1073 612 1133 780 20295 0 0 1 standing 
1 1074 613 1134 781 20296 0 0 1 standing 
1 1075 614 1134 782 20297 0 0 1 standing 
1 1076 615 1135 783 20298 0 0 1 standing 
1 1077 616 1136 784 20299 0 0 1 standing 
1 1078 617 1137 785 20300 0 0 0 standing 
1 1076 617 1135 783 20301 0 0 1 standing 
1 1075 617 1134 782 20302 0 0 1 standing 
1 1074 617 1132 781 20303 0 0 1 standing 
1 1072 618 1131 780 20304 0 0 1 standing 
1 1071 618 1130 779 20305 0 0 1 standing 
1 1070 618 1128 778 20306 0 0 1 standing 
1 1068 619 1127 777 20307 0 0 1 standing 
1 1067 619 1125 776 20308 0 0 1 standing 
1 1066 619 1124 775 20309 0 0 1 standing 
2 711 443 765 576 20290 0 0 0 standing 
2 710 442 764 575 20291 0 0 1 standing 
2 709 441 763 575 20292 0 0 1 standing 
2 709 441 763 574 20293 0 0 1 standing 
2 708 440 762 574 20294 0 0 1 standing 
2 708 440 762 573 20295 0 0 1 standing 
2 707 439 761 573 20296 0 0 1 standing 
2 706 438 760 572 20297 0 0 1 standing 
2 706 438 760 572 20298 0 0 1 standing 
2 705 437 759 571 20299 0 0 1 standing 
2 705 437 759 571 20300 0 0 0 standing 
2 703 437 758 570 20301 0 0 1 standing 
2 702 437 757 570 20302 0 0 1 standing 
2 700 437 756 570 20303 0 0 1 standing 
2 699 437 756 569 20304 0 0 1 standing 
2 697 437 755 569 20305 0 0 1 standing 
2 696 437 754 569 20306 0 0 1 standing 
2 695 437 754 569 20307 0 0 0 standing 
2 690 434 749 565 20308 0 0 1 standing 
2 686 431 745 562 20309 0 0 1 standing 
3 1178 650 1230 843 20290 0 0 0 standing 
3 1177 650 1229 843 20291 0 0 1 standing 
3 1177 650 1229 843 20292 0 0 1 standing 
3 1176 650 1228 843 20293 0 0 1 standing 
3 1176 650 1228 843 20294 0 0 1 standing 
3 1176 650 1228 843 20295 0 0 1 standing 
3 1175 650 1227 843 20296 0 0 1 standing 
3 1175 650 1227 843 20297 0 0 1 standing 
3 1174 650 1226 843 20298 0 0 1 standing 
3 1174 650 1226 843 20299 0 0 1 standing 
3 1174 650 1226 843 20300 0 0 0 standing 
3 1172 648 1224 841 20301 0 0 1 standing 
3 1171 647 1223 840 20302 0 0 1 standing 
3 1169 646 1221 839 20303 0 0 1 standing 
3 1168 645 1220 838 20304 0 0 1 standing 
3 1166 644 1218 837 20305 0 0 1 standing 
3 1165 642 1217 835 20306 0 0 1 standing 
3 1163 641 1215 834 20307 0 0 1 standing 
3 1162 640 1214 833 20308 0 0 1 standing 
3 1160 639 1212 832 20309 0 0 1 standing 
4 1143 495 1199 651 20290 0 0 0 standing 
4 1142 494 1198 650 20291 0 0 1 standing 
4 1141 493 1197 649 20292 0 0 1 standing 
4 1140 493 1197 649 20293 0 0 1 standing 
4 1140 492 1196 648 20294 0 0 1 standing 
4 1139 491 1195 648 20295 0 0 1 standing 
4 1138 491 1195 647 20296 0 0 1 standing 
4 1138 490 1194 646 20297 0 0 1 standing 
4 1137 489 1193 646 20298 0 0 1 standing 
4 1136 489 1193 645 20299 0 0 1 standing 
4 1136 488 1192 645 20300 0 0 1 standing 
4 1135 487 1191 644 20301 0 0 1 standing 
4 1134 487 1191 643 20302 0 0 1 standing 
4 1133 486 1190 643 20303 0 0 1 standing 
4 1133 485 1189 642 20304 0 0 1 standing 
4 1132 485 1189 642 20305 0 0 1 standing 
4 1131 484 1188 641 20306 0 0 1 standing 
4 1131 483 1187 640 20307 0 0 1 standing 
4 1130 483 1187 640 20308 0 0 1 standing 
4 1129 482 1186 639 20309 0 0 1 standing 
5 1455 605 1520 792 20290 0 0 0 standing 
5 1460 602 1525 789 20291 0 0 1 standing 
5 1465 600 1530 787 20292 0 0 1 standing 
5 1470 597 1535 784 20293 0 0 1 standing 
5 1475 595 1540 782 20294 0 0 1 standing 
5 1480 593 1545 780 20295 0 0 1 standing 
5 1485 590 1550 777 20296 0 0 1 standing 
5 1490 588 1555 775 20297 0 0 1 standing 
5 1495 585 1560 772 20298 0 0 1 standing 
5 1500 583 1565 770 20299 0 0 1 standing 
5 1506 581 1571 768 20300 0 0 0 standing 
5 1509 579 1575 766 20301 0 0 1 standing 
5 1512 577 1580 764 20302 0 0 1 standing 
5 1515 575 1585 762 20303 0 0 1 standing 
5 1518 574 1589 760 20304 0 0 1 standing 
5 1521 572 1594 758 20305 0 0 1 standing 
5 1524 570 1599 756 20306 0 0 1 standing 
5 1528 569 1604 755 20307 0 0 0 standing 
5 1533 569 1609 755 20308 0 0 1 standing 
5 1539 569 1615 755 20309 0 0 1 standing 
6 653 695 714 894 20290 0 0 0 standing 
6 653 695 714 894 20291 0 0 1 standing 
6 654 695 715 894 20292 0 0 1 standing 
6 655 695 716 894 20293 0 0 1 standing 
6 656 696 717 895 20294 0 0 1 standing 
6 657 696 718 895 20295 0 0 1 standing 
6 658 696 719 895 20296 0 0 1 standing 
6 659 697 720 896 20297 0 0 1 standing 
6 660 697 721 896 20298 0 0 1 standing 
6 661 697 722 896 20299 0 0 1 standing 
6 662 698 723 897 20300 0 0 0 standing 
6 661 696 724 895 20301 0 0 1 standing 
6 660 695 726 894 20302 0 0 1 standing 
6 659 694 728 892 20303 0 0 1 standing 
6 658 692 730 891 20304 0 0 1 standing 
6 657 691 732 890 20305 0 0 1 standing 
6 656 690 734 888 20306 0 0 1 standing 
6 655 688 736 887 20307 0 0 1 standing 
6 654 687 738 885 20308 0 0 1 standing 
6 653 686 740 884 20309 0 0 1 standing 
7 503 595 582 740 20290 0 1 0 standing 
7 502 595 585 739 20291 0 1 1 digging 
7 502 595 588 739 20292 0 1 1 digging 
7 502 595 591 739 20293 0 1 1 digging 
7 502 595 595 739 20294 0 1 1 digging 
7 502 595 598 739 20295 0 1 1 digging 
7 502 595 601 739 20296 0 1 1 digging 
7 502 595 605 739 20297 0 1 1 digging 
7 502 595 608 739 20298 0 1 1 digging 
7 502 595 611 739 20299 0 1 1 digging 
7 502 596 615 739 20300 0 1 0 digging 
7 504 596 615 738 20301 0 1 1 digging 
7 506 596 616 737 20302 0 1 1 digging 
7 509 597 616 736 20303 0 1 1 digging 
7 511 597 617 735 20304 0 1 1 digging 
7 514 597 617 734 20305 0 1 1 digging 
7 516 598 618 733 20306 0 1 1 digging 
7 519 598 618 732 20307 0 1 1 digging 
7 521 598 619 731 20308 0 1 1 digging 
7 524 599 620 731 20309 0 1 0 digging 
8 762 527 834 687 20290 0 0 0 digging 
8 762 527 834 687 20291 0 0 1 standing 
8 762 527 834 687 20292 0 0 1 standing 
8 763 528 834 688 20293 0 0 1 standing 
8 763 528 835 688 20294 0 0 1 standing 
8 764 529 835 689 20295 0 0 1 standing 
8 764 529 835 689 20296 0 0 1 standing 
8 764 529 836 689 20297 0 0 1 standing 
8 765 530 836 690 20298 0 0 1 standing 
8 765 530 836 690 20299 0 0 1 standing 
8 766 531 837 691 20300 0 0 0 standing 
8 766 530 841 690 20301 0 0 1 standing 
8 767 530 845 690 20302 0 0 1 standing 
8 767 529 849 689 20303 0 0 1 standing 
8 768 529 854 689 20304 0 0 1 standing 
8 768 528 858 688 20305 0 0 1 standing 
8 769 528 862 688 20306 0 0 1 standing 
8 770 528 867 688 20307 0 0 0 standing 
8 777 527 869 687 20308 0 0 1 standing 
8 784 526 871 686 20309 0 0 1 standing 
9 1150 569 1215 754 20290 0 0 0 standing 
9 1150 569 1215 754 20291 0 0 1 standing 
9 1150 569 1215 754 20292 0 0 1 standing 
9 1150 569 1215 754 20293 0 0 1 standing 
9 1150 569 1215 754 20294 0 0 1 standing 
9 1151 569 1216 755 20295 0 0 1 standing 
9 1151 569 1216 755 20296 0 0 1 standing 
9 1151 569 1216 755 20297 0 0 1 standing 
9 1151 569 1216 755 20298 0 0 1 standing 
9 1151 569 1216 755 20299 0 0 1 standing 
9 1152 570 1217 756 20300 0 0 0 standing 
9 1150 569 1215 755 20301 0 0 1 standing 
9 1149 569 1214 755 20302 0 0 1 standing 
9 1147 569 1212 755 20303 0 0 1 standing 
9 1146 568 1211 754 20304 0 0 1 standing 
9 1145 568 1210 754 20305 0 0 1 standing 
9 1143 568 1208 754 20306 0 0 1 standing 
9 1142 567 1207 753 20307 0 0 1 standing 
9 1140 567 1205 753 20308 0 0 1 standing 
9 1139 567 1204 753 20309 0 0 1 standing 
10 1492 706 1592 903 20290 0 0 0 standing 
10 1489 705 1589 901 20291 0 0 1 standing 
10 1486 705 1586 899 20292 0 0 1 standing 
10 1483 705 1583 897 20293 0 0 1 standing 
10 1481 704 1581 895 20294 0 0 1 standing 
10 1478 704 1578 893 20295 0 0 1 standing 
10 1475 704 1575 891 20296 0 0 1 standing 
10 1473 703 1573 889 20297 0 0 1 standing 
10 1470 703 1570 887 20298 0 0 1 standing 
10 1467 703 1567 885 20299 0 0 1 standing 
10 1465 703 1565 884 20300 0 0 0 standing 
10 1464 701 1562 883 20301 0 0 1 standing 
10 1463 699 1560 882 20302 0 0 1 standing 
10 1462 697 1558 881 20303 0 0 1 standing 
10 1461 695 1556 880 20304 0 0 1 standing 
10 1460 694 1554 879 20305 0 0 1 standing 
10 1459 692 1551 878 20306 0 0 1 standing 
10 1458 690 1549 877 20307 0 0 1 standing 
10 1457 688 1547 876 20308 0 0 1 standing 
10 1456 686 1545 875 20309 0 0 1 standing 
11 1440 510 1512 656 20290 0 0 0 standing 
11 1437 510 1511 655 20291 0 0 1 waiting 
11 1434 510 1510 655 20292 0 0 1 waiting 
11 1431 510 1510 655 20293 0 0 1 waiting 
11 1429 510 1509 655 20294 0 0 1 waiting 
11 1426 510 1509 655 20295 0 0 1 waiting 
11 1423 510 1508 655 20296 0 0 1 waiting 
11 1421 510 1507 655 20297 0 0 1 waiting 
11 1418 510 1507 655 20298 0 0 1 waiting 
11 1415 510 1506 655 20299 0 0 1 waiting 
11 1413 511 1506 655 20300 0 0 0 waiting 
11 1411 512 1505 655 20301 0 0 1 waiting 
11 1409 513 1504 655 20302 0 0 1 waiting 
11 1408 514 1503 655 20303 0 0 1 waiting 
11 1406 515 1502 656 20304 0 0 1 waiting 
11 1405 516 1502 656 20305 0 0 1 waiting 
11 1403 517 1501 656 20306 0 0 1 waiting 
11 1401 518 1500 657 20307 0 0 1 waiting 
11 1400 519 1499 657 20308 0 0 1 waiting 
11 1398 520 1498 657 20309 0 0 1 waiting 
