0 722 456 793 602 29200 0 1 0 spiking 
0 720 449 789 601 29201 0 1 1 spiking 
0 718 443 785 601 29202 0 1 1 spiking 
0 716 437 781 600 29203 0 1 1 spiking 
0 715 431 778 600 29204 0 1 0 spiking 
0 715 439 777 606 29205 0 1 1 spiking 
0 716 447 776 612 29206 0 1 1 spiking 
0 717 455 775 618 29207 0 1 1 spiking 
0 718 463 774 624 29208 0 1 1 spiking 
0 719 471 773 630 29209 0 1 1 spiking 
0 720 480 772 637 29210 0 1 0 spiking 
0 718 483 770 638 29211 0 1 1 spiking 
0 716 487 769 640 29212 0 1 1 spiking 
0 714 490 767 641 29213 0 1 1 spiking 
0 712 494 766 643 29214 0 1 1 spiking 
0 710 497 765 644 29215 0 1 1 spiking 
0 708 501 763 646 29216 0 1 1 spiking 
0 706 504 762 647 29217 0 1 1 spiking 
0 704 508 760 649 29218 0 1 1 spiking 
0 702 511 759 650 29219 0 1 1 spiking 
1 835 530 885 690 29200 0 1 0 spiking 
1 831 521 881 686 29201 0 1 1 blocking 
1 827 513 877 683 29202 0 1 1 blocking 
1 823 505 873 680 29203 0 1 1 blocking 
1 819 497 869 677 29204 0 1 1 blocking 
1 815 489 866 674 29205 0 1 1 blocking 
1 811 481 862 671 29206 0 1 1 blocking 
1 807 473 858 668 29207 0 1 1 blocking 
1 803 465 854 665 29208 0 1 1 blocking 
1 799 457 850 662 29209 0 1 1 blocking 
1 796 449 847 659 29210 0 1 0 blocking 
1 795 456 846 661 29211 0 1 1 blocking 
1 795 464 846 664 29212 0 1 1 blocking 
1 794 471 846 666 29213 0 1 1 blocking 
1 794 479 845 669 29214 0 1 1 blocking 
1 793 486 845 671 29215 0 1 1 blocking 
1 793 494 845 674 29216 0 1 1 blocking 
1 792 501 844 676 29217 0 1 1 blocking 
1 792 509 844 679 29218 0 1 1 blocking 
1 791 516 844 681 29219 0 1 1 blocking 
2 839 517 893 673 29200 0 1 0 blocking 
2 835 509 888 668 29201 0 1 1 blocking 
2 831 502 884 664 29202 0 1 1 blocking 
2 827 494 880 659 29203 0 1 1 blocking 
2 823 487 876 655 29204 0 1 1 blocking 
2 819 480 872 650 29205 0 1 1 blocking 
2 815 472 868 646 29206 0 1 1 blocking 
2 811 465 864 641 29207 0 1 1 blocking 
2 807 457 860 637 29208 0 1 1 blocking 
2 803 450 856 632 29209 0 1 1 blocking 
2 799 443 852 628 29210 0 1 0 blocking 
2 799 450 852 633 29211 0 1 1 blocking 
2 800 457 853 639 29212 0 1 1 blocking 
2 800 464 853 644 29213 0 1 1 blocking 
2 801 471 854 650 29214 0 1 1 blocking 
2 801 479 854 655 29215 0 1 1 blocking 
2 802 486 855 661 29216 0 1 1 blocking 
2 802 493 855 666 29217 0 1 1 blocking 
2 803 500 856 672 29218 0 1 1 blocking 
2 803 507 856 677 29219 0 1 1 blocking 
3 500 599 551 756 29200 0 0 0 blocking 
3 493 600 545 757 29201 0 0 1 standing 
3 486 601 539 758 29202 0 0 1 standing 
3 480 602 533 759 29203 0 0 0 standing 
3 475 601 528 758 29204 0 0 1 standing 
3 470 600 523 758 29205 0 0 1 standing 
3 466 600 519 758 29206 0 0 0 standing 
3 465 595 519 753 29207 0 0 1 standing 
3 465 591 519 749 29208 0 0 1 standing 
3 465 587 519 745 29209 0 0 0 standing 
3 462 584 514 741 29210 0 0 1 standing 
3 459 582 510 738 29211 0 0 1 standing 
3 457 580 506 735 29212 0 0 0 standing 
3 459 581 508 736 29213 0 0 1 standing 
3 461 582 510 737 29214 0 0 1 standing 
3 464 584 513 739 29215 0 0 0 standing 
3 464 585 513 738 29216 0 0 1 standing 
3 465 586 513 737 29217 0 0 1 standing 
3 465 588 514 736 29218 0 0 1 standing 
3 466 589 514 735 29219 0 0 1 standing 
4 460 714 530 886 29200 0 0 0 standing 
4 455 712 525 884 29201 0 0 1 standing 
4 450 710 520 882 29202 0 0 1 standing 
4 446 708 516 880 29203 0 0 0 standing 
4 441 707 511 877 29204 0 0 1 standing 
4 437 706 506 875 29205 0 0 1 standing 
4 433 706 501 873 29206 0 0 0 standing 
4 429 704 497 871 29207 0 0 1 standing 
4 426 703 494 870 29208 0 0 1 standing 
4 423 702 491 869 29209 0 0 0 standing 
4 421 701 489 868 29210 0 0 1 standing 
4 420 700 488 868 29211 0 0 1 standing 
4 419 699 487 868 29212 0 0 0 standing 
4 416 697 484 866 29213 0 0 1 standing 
4 413 695 481 864 29214 0 0 1 standing 
4 410 694 479 863 29215 0 0 0 standing 
4 407 694 477 862 29216 0 0 1 standing 
4 404 695 475 862 29217 0 0 1 standing 
4 401 696 473 862 29218 0 0 1 standing 
4 398 697 471 862 29219 0 0 1 standing 
5 549 686 629 830 29200 0 0 0 standing 
5 546 686 626 830 29201 0 0 1 standing 
5 544 686 624 830 29202 0 0 1 standing 
5 542 686 622 830 29203 0 0 0 standing 
5 537 685 619 829 29204 0 0 1 standing 
5 532 685 617 829 29205 0 0 1 standing 
5 527 685 615 829 29206 0 0 0 standing 
5 523 682 611 828 29207 0 0 1 standing 
5 519 680 607 827 29208 0 0 1 standing 
5 516 678 604 827 29209 0 0 0 standing 
5 515 679 603 828 29210 0 0 1 standing 
5 514 681 602 830 29211 0 0 1 standing 
5 514 683 602 832 29212 0 0 0 standing 
5 512 687 601 832 29213 0 0 1 standing 
5 511 691 600 833 29214 0 0 1 standing 
5 510 696 599 834 29215 0 0 0 standing 
5 510 696 600 834 29216 0 0 1 standing 
5 510 696 601 834 29217 0 0 1 standing 
5 510 697 602 835 29218 0 0 1 standing 
5 510 697 603 835 29219 0 0 1 standing 
6 640 623 744 746 29200 0 0 0 standing 
6 646 616 741 743 29201 0 0 1 standing 
6 652 610 739 740 29202 0 0 1 standing 
6 659 604 737 738 29203 0 0 0 standing 
6 661 599 736 735 29204 0 0 1 standing 
6 663 594 735 732 29205 0 0 1 standing 
6 666 590 734 729 29206 0 0 0 standing 
6 668 588 736 725 29207 0 0 1 standing 
6 670 586 738 722 29208 0 0 1 standing 
6 673 584 740 719 29209 0 0 0 standing 
6 675 587 749 717 29210 0 0 1 standing 
6 678 590 759 716 29211 0 0 1 standing 
6 681 593 769 715 29212 0 0 0 standing 
6 683 599 768 717 29213 0 0 1 standing 
6 686 605 767 720 29214 0 0 1 standing 
6 689 611 767 723 29215 0 0 0 standing 
6 686 607 760 722 29216 0 0 1 standing 
6 683 603 753 722 29217 0 0 1 standing 
6 680 600 746 721 29218 0 0 1 standing 
6 677 596 739 721 29219 0 0 1 standing 
7 695 685 800 836 29200 0 0 0 standing 
7 690 685 795 836 29201 0 0 1 standing 
7 685 685 790 837 29202 0 0 1 standing 
7 680 686 785 838 29203 0 0 0 standing 
7 676 686 781 838 29204 0 0 1 standing 
7 672 686 777 838 29205 0 0 1 standing 
7 669 686 773 838 29206 0 0 0 standing 
7 665 686 769 838 29207 0 0 1 standing 
7 661 686 765 838 29208 0 0 1 standing 
7 658 686 762 838 29209 0 0 0 standing 
7 657 684 763 837 29210 0 0 1 standing 
7 656 683 764 837 29211 0 0 1 standing 
7 656 682 765 837 29212 0 0 0 standing 
7 657 682 766 837 29213 0 0 1 standing 
7 659 682 768 837 29214 0 0 1 standing 
7 661 682 770 837 29215 0 0 0 standing 
7 669 679 770 836 29216 0 0 1 standing 
7 677 677 770 836 29217 0 0 1 standing 
7 685 675 770 836 29218 0 0 1 standing 
7 693 673 770 836 29219 0 0 1 standing 
8 1052 685 1157 859 29200 0 0 0 standing 
8 1047 684 1152 858 29201 0 0 1 standing 
8 1043 683 1147 857 29202 0 0 1 standing 
8 1039 682 1143 856 29203 0 0 0 standing 
8 1044 678 1139 855 29204 0 0 1 standing 
8 1049 674 1135 854 29205 0 0 1 standing 
8 1054 671 1131 854 29206 0 0 0 standing 
8 1056 671 1133 857 29207 0 0 1 standing 
8 1059 671 1136 861 29208 0 0 1 standing 
8 1062 672 1139 865 29209 0 0 0 standing 
8 1061 672 1142 865 29210 0 0 1 standing 
8 1061 672 1145 865 29211 0 0 1 standing 
8 1061 673 1149 866 29212 0 0 0 standing 
8 1065 673 1149 865 29213 0 0 1 standing 
8 1070 673 1149 865 29214 0 0 1 standing 
8 1075 673 1149 865 29215 0 0 0 standing 
8 1078 672 1151 864 29216 0 0 1 standing 
8 1081 672 1154 864 29217 0 0 1 standing 
8 1085 672 1156 864 29218 0 0 1 standing 
8 1088 672 1159 864 29219 0 0 1 standing 
9 1171 578 1255 699 29200 0 0 0 standing 
9 1160 576 1244 699 29201 0 0 1 standing 
9 1149 574 1233 700 29202 0 0 1 standing 
9 1139 573 1222 701 29203 0 0 0 standing 
9 1133 571 1210 701 29204 0 0 1 standing 
9 1128 570 1198 702 29205 0 0 1 standing 
9 1123 569 1187 703 29206 0 0 0 standing 
9 1115 568 1177 703 29207 0 0 1 standing 
9 1108 567 1168 703 29208 0 0 1 standing 
9 1101 566 1159 704 29209 0 0 0 standing 
9 1094 570 1154 705 29210 0 0 1 standing 
9 1087 574 1149 706 29211 0 0 1 standing 
9 1080 578 1144 707 29212 0 0 0 standing 
9 1078 582 1139 707 29213 0 0 1 standing 
9 1076 586 1134 707 29214 0 0 1 standing 
9 1075 591 1129 708 29215 0 0 0 standing 
9 1071 593 1126 712 29216 0 0 1 standing 
9 1068 595 1124 716 29217 0 0 1 standing 
9 1065 597 1121 721 29218 0 0 1 standing 
9 1062 599 1119 725 29219 0 0 1 standing 
10 1279 689 1384 845 29200 0 0 0 standing 
10 1274 688 1379 844 29201 0 0 1 standing 
10 1270 687 1375 843 29202 0 0 1 standing 
10 1266 686 1371 843 29203 0 0 0 standing 
10 1268 680 1367 841 29204 0 0 1 standing 
10 1270 675 1363 840 29205 0 0 1 standing 
10 1273 670 1360 839 29206 0 0 0 standing 
10 1278 667 1365 837 29207 0 0 1 standing 
10 1283 664 1370 836 29208 0 0 1 standing 
10 1289 661 1376 835 29209 0 0 0 standing 
10 1289 661 1381 833 29210 0 0 1 standing 
10 1289 662 1386 831 29211 0 0 1 standing 
10 1289 663 1391 830 29212 0 0 0 standing 
10 1288 666 1386 830 29213 0 0 1 standing 
10 1287 669 1381 831 29214 0 0 1 standing 
10 1287 672 1376 832 29215 0 0 0 standing 
10 1288 670 1374 831 29216 0 0 1 standing 
10 1290 668 1373 830 29217 0 0 1 standing 
10 1291 666 1371 830 29218 0 0 1 standing 
10 1293 664 1370 829 29219 0 0 1 standing 
11 1385 570 1454 718 29200 0 0 0 standing 
11 1380 565 1449 714 29201 0 0 1 standing 
11 1376 561 1444 710 29202 0 0 1 standing 
11 1372 557 1440 707 29203 0 0 0 standing 
11 1369 553 1440 703 29204 0 0 1 standing 
11 1366 549 1440 699 29205 0 0 1 standing 
11 1363 546 1440 695 29206 0 0 0 standing 
11 1362 546 1439 699 29207 0 0 1 standing 
11 1361 547 1439 703 29208 0 0 1 standing 
11 1361 548 1439 707 29209 0 0 0 standing 
11 1359 552 1437 709 29210 0 0 1 standing 
11 1358 556 1436 711 29211 0 0 1 standing 
11 1357 560 1435 713 29212 0 0 0 standing 
11 1357 561 1435 710 29213 0 0 1 standing 
11 1358 562 1436 707 29214 0 0 1 standing 
11 1359 564 1437 704 29215 0 0 0 standing 
11 1357 568 1438 703 29216 0 0 1 standing 
11 1355 572 1439 703 29217 0 0 1 standing 
11 1353 576 1441 703 29218 0 0 1 standing 
11 1351 580 1442 703 29219 0 0 1 standing 
