0 1207 662 1276 807 2985 0 1 0 digging 
0 1202 663 1277 807 2986 0 1 1 digging 
0 1197 664 1278 807 2987 0 1 1 digging 
0 1192 665 1279 807 2988 0 1 1 digging 
0 1187 667 1281 807 2989 0 1 0 digging 
0 1188 660 1280 805 2990 0 1 1 digging 
0 1189 654 1280 803 2991 0 1 1 digging 
0 1190 648 1279 801 2992 0 1 1 digging 
0 1191 642 1279 799 2993 0 1 1 digging 
0 1192 636 1279 797 2994 0 1 1 digging 
0 1193 630 1278 795 2995 0 1 1 digging 
0 1194 624 1278 793 2996 0 1 1 digging 
0 1195 618 1278 792 2997 0 1 0 digging 
0 1199 615 1280 791 2998 0 1 1 digging 
0 1204 613 1282 790 2999 0 1 1 digging 
0 1209 611 1284 789 3000 0 1 0 digging 
0 1212 613 1284 792 3001 0 1 1 digging 
0 1215 615 1284 795 3002 0 1 1 digging 
0 1218 617 1284 799 3003 0 1 1 digging 
0 1221 619 1284 802 3004 0 1 1 digging 
1 1248 761 1338 976 2985 0 0 0 digging 
1 1252 762 1339 977 2986 0 0 1 moving 
1 1256 764 1341 979 2987 0 0 1 moving 
1 1260 766 1343 981 2988 0 0 1 moving 
1 1265 768 1345 983 2989 0 0 0 moving 
1 1265 767 1347 982 2990 0 0 1 moving 
1 1265 766 1349 981 2991 0 0 1 moving 
1 1266 765 1351 981 2992 0 0 1 moving 
1 1266 764 1353 980 2993 0 0 1 moving 
1 1266 763 1355 979 2994 0 0 1 moving 
1 1267 763 1358 979 2995 0 0 0 moving 
1 1264 762 1355 976 2996 0 0 1 moving 
1 1261 761 1353 974 2997 0 0 1 moving 
1 1259 761 1351 972 2998 0 0 1 moving 
1 1256 760 1349 970 2999 0 0 1 moving 
1 1253 759 1346 968 3000 0 0 1 moving 
1 1251 759 1344 966 3001 0 0 1 moving 
1 1248 758 1342 964 3002 0 0 1 moving 
1 1245 757 1340 962 3003 0 0 1 moving 
1 1243 757 1338 960 3004 0 0 0 moving 
2 1208 416 1268 547 2985 0 0 0 moving 
2 1208 416 1265 547 2986 0 0 1 moving 
2 1208 416 1262 547 2987 0 0 1 moving 
2 1209 416 1259 547 2988 0 0 1 moving 
2 1209 416 1256 547 2989 0 0 1 moving 
2 1210 417 1254 548 2990 0 0 0 moving 
2 1209 417 1255 547 2991 0 0 1 moving 
2 1208 417 1256 547 2992 0 0 1 moving 
2 1208 417 1257 546 2993 0 0 1 moving 
2 1207 417 1258 546 2994 0 0 1 moving 
2 1207 418 1259 546 2995 0 0 0 moving 
2 1207 419 1258 546 2996 0 0 1 moving 
2 1207 421 1258 546 2997 0 0 1 moving 
2 1207 422 1257 546 2998 0 0 1 moving 
2 1207 424 1257 546 2999 0 0 0 moving 
2 1204 426 1258 546 3000 0 0 1 moving 
2 1202 428 1259 546 3001 0 0 1 moving 
2 1200 430 1261 546 3002 0 0 1 moving 
2 1198 432 1262 546 3003 0 0 1 moving 
2 1196 435 1264 547 3004 0 0 0 moving 
3 1259 497 1329 639 2985 0 0 0 moving 
3 1263 497 1331 638 2986 0 0 1 moving 
3 1267 497 1333 637 2987 0 0 1 moving 
3 1272 497 1335 636 2988 0 0 1 moving 
3 1276 497 1337 635 2989 0 0 1 moving 
3 1281 498 1340 635 2990 0 0 0 moving 
3 1283 498 1341 634 2991 0 0 1 moving 
3 1285 498 1343 634 2992 0 0 1 moving 
3 1288 498 1345 633 2993 0 0 1 moving 
3 1290 498 1347 633 2994 0 0 1 moving 
3 1293 499 1349 633 2995 0 0 0 moving 
3 1293 499 1349 633 2996 0 0 1 moving 
3 1294 500 1350 633 2997 0 0 1 moving 
3 1295 500 1351 633 2998 0 0 1 moving 
3 1296 501 1352 633 2999 0 0 1 moving 
3 1297 502 1353 633 3000 0 0 1 moving 
3 1298 502 1354 633 3001 0 0 1 moving 
3 1299 503 1355 633 3002 0 0 1 moving 
3 1300 503 1356 633 3003 0 0 1 moving 
3 1301 504 1357 633 3004 0 0 1 moving 
4 1318 530 1385 678 2985 0 0 0 moving 
4 1315 530 1381 679 2986 0 0 1 standing 
4 1312 530 1378 680 2987 0 0 1 standing 
4 1310 531 1375 681 2988 0 0 1 standing 
4 1307 531 1372 682 2989 0 0 1 standing 
4 1305 532 1369 684 2990 0 0 0 standing 
4 1305 532 1369 685 2991 0 0 1 standing 
4 1306 533 1369 686 2992 0 0 1 standing 
4 1307 533 1370 687 2993 0 0 1 standing 
4 1308 534 1370 688 2994 0 0 1 standing 
4 1309 535 1371 690 2995 0 0 0 standing 
4 1308 536 1371 690 2996 0 0 1 standing 
4 1307 537 1372 690 2997 0 0 1 standing 
4 1306 538 1372 690 2998 0 0 1 standing 
4 1305 539 1373 690 2999 0 0 1 standing 
4 1304 540 1373 690 3000 0 0 1 standing 
4 1303 541 1374 690 3001 0 0 1 standing 
4 1302 542 1374 690 3002 0 0 1 standing 
4 1301 543 1375 690 3003 0 0 1 standing 
4 1300 544 1375 690 3004 0 0 1 standing 
5 1026 549 1078 718 2985 0 0 0 standing 
5 1027 548 1080 717 2986 0 0 1 standing 
5 1029 548 1083 717 2987 0 0 1 standing 
5 1031 548 1085 717 2988 0 0 1 standing 
5 1033 548 1088 717 2989 0 0 1 standing 
5 1035 548 1090 717 2990 0 0 1 standing 
5 1036 547 1093 717 2991 0 0 1 standing 
5 1038 547 1095 717 2992 0 0 1 standing 
5 1040 547 1098 717 2993 0 0 1 standing 
5 1042 547 1100 717 2994 0 0 1 standing 
5 1044 547 1103 717 2995 0 0 0 standing 
5 1044 548 1104 716 2996 0 0 1 standing 
5 1045 549 1105 716 2997 0 0 1 standing 
5 1045 550 1106 716 2998 0 0 1 standing 
5 1046 551 1107 716 2999 0 0 1 standing 
5 1047 552 1109 716 3000 0 0 1 standing 
5 1047 553 1110 716 3001 0 0 1 standing 
5 1048 554 1111 716 3002 0 0 1 standing 
5 1048 555 1112 716 3003 0 0 1 standing 
5 1049 556 1113 716 3004 0 0 1 standing 
6 890 612 960 776 2985 0 0 0 standing 
6 893 611 963 777 2986 0 0 1 standing 
6 897 611 966 778 2987 0 0 1 standing 
6 900 610 969 779 2988 0 0 1 standing 
6 904 610 972 780 2989 0 0 0 standing 
6 904 609 972 780 2990 0 0 1 standing 
6 905 609 972 780 2991 0 0 1 standing 
6 906 608 973 780 2992 0 0 1 standing 
6 907 608 973 780 2993 0 0 1 standing 
6 908 607 973 780 2994 0 0 1 standing 
6 909 607 974 780 2995 0 0 0 standing 
6 910 611 975 786 2996 0 0 1 standing 
6 911 616 977 792 2997 0 0 1 standing 
6 912 620 979 798 2998 0 0 1 standing 
6 914 625 981 804 2999 0 0 0 standing 
6 914 629 982 805 3000 0 0 1 standing 
6 915 633 983 806 3001 0 0 1 standing 
6 916 638 985 807 3002 0 0 1 standing 
6 916 642 986 808 3003 0 0 1 standing 
6 917 646 987 809 3004 0 0 1 standing 
7 452 659 531 811 2985 0 0 0 standing 
7 452 658 530 811 2986 0 0 1 waiting 
7 453 657 529 811 2987 0 0 1 waiting 
7 453 656 528 811 2988 0 0 1 waiting 
7 454 655 528 811 2989 0 0 0 waiting 
7 453 654 526 810 2990 0 0 1 waiting 
7 453 653 525 809 2991 0 0 1 waiting 
7 453 652 524 809 2992 0 0 1 waiting 
7 452 651 522 808 2993 0 0 1 waiting 
7 452 650 521 807 2994 0 0 1 waiting 
7 452 649 520 807 2995 0 0 0 waiting 
7 447 650 519 808 2996 0 0 1 waiting 
7 443 652 519 810 2997 0 0 1 waiting 
7 439 654 519 812 2998 0 0 1 waiting 
7 434 656 518 814 2999 0 0 1 waiting 
7 430 658 518 816 3000 0 0 1 waiting 
7 426 660 518 818 3001 0 0 1 waiting 
7 421 662 517 820 3002 0 0 1 waiting 
7 417 664 517 822 3003 0 0 1 waiting 
7 413 666 517 824 3004 0 0 0 waiting 
8 335 557 410 703 2985 0 0 0 waiting 
8 336 557 410 703 2986 0 0 1 waiting 
8 337 557 411 703 2987 0 0 1 waiting 
8 338 557 412 703 2988 0 0 1 waiting 
8 339 558 413 703 2989 0 0 0 waiting 
8 337 558 414 702 2990 0 0 1 waiting 
8 335 558 415 701 2991 0 0 1 waiting 
8 333 558 416 701 2992 0 0 1 waiting 
8 331 558 417 700 2993 0 0 1 waiting 
8 329 558 418 699 2994 0 0 1 waiting 
8 328 559 420 699 2995 0 0 0 waiting 
8 324 558 414 698 2996 0 0 1 waiting 
8 321 558 409 697 2997 0 0 1 waiting 
8 318 557 404 696 2998 0 0 1 waiting 
8 315 557 399 695 2999 0 0 1 waiting 
8 311 556 393 695 3000 0 0 1 waiting 
8 308 556 388 694 3001 0 0 1 waiting 
8 305 555 383 693 3002 0 0 1 waiting 
8 302 555 378 692 3003 0 0 1 waiting 
8 299 555 373 692 3004 0 0 0 waiting 
9 883 546 935 724 2985 0 0 0 waiting 
9 885 546 936 723 2986 0 0 1 standing 
9 888 546 938 722 2987 0 0 1 standing 
9 891 546 939 721 2988 0 0 1 standing 
9 894 546 941 721 2989 0 0 0 standing 
9 895 547 943 721 2990 0 0 1 standing 
9 896 548 945 722 2991 0 0 1 standing 
9 897 549 947 723 2992 0 0 1 standing 
9 898 550 949 724 2993 0 0 1 standing 
9 899 551 951 725 2994 0 0 1 standing 
9 901 553 953 726 2995 0 0 0 standing 
9 903 553 955 724 2996 0 0 1 standing 
9 905 554 957 723 2997 0 0 1 standing 
9 907 555 959 722 2998 0 0 1 standing 
9 910 556 961 721 2999 0 0 1 standing 
9 912 557 963 720 3000 0 0 1 standing 
9 914 558 965 719 3001 0 0 1 standing 
9 917 559 967 718 3002 0 0 1 standing 
9 919 560 969 717 3003 0 0 1 standing 
9 921 561 971 716 3004 0 0 1 standing 
10 866 448 916 595 2985 0 0 0 standing 
10 868 448 917 594 2986 0 0 1 standing 
10 871 449 918 593 2987 0 0 1 standing 
10 874 449 919 592 2988 0 0 1 standing 
10 877 450 921 592 2989 0 0 0 standing 
10 877 450 922 591 2990 0 0 1 standing 
10 878 451 924 591 2991 0 0 1 standing 
10 879 452 926 591 2992 0 0 1 standing 
10 880 452 928 591 2993 0 0 1 standing 
10 881 453 930 591 2994 0 0 1 standing 
10 882 454 932 591 2995 0 0 0 standing 
10 881 456 934 592 2996 0 0 1 standing 
10 881 458 937 594 2997 0 0 1 standing 
10 881 460 939 595 2998 0 0 1 standing 
10 881 463 942 597 2999 0 0 0 standing 
10 876 466 943 599 3000 0 0 1 standing 
10 871 469 945 601 3001 0 0 1 standing 
10 866 472 947 603 3002 0 0 1 standing 
10 861 475 949 605 3003 0 0 1 standing 
10 856 478 951 607 3004 0 0 1 standing 
11 563 487 634 636 2985 0 0 0 standing 
11 565 487 633 634 2986 0 0 1 standing 
11 567 487 633 633 2987 0 0 1 standing 
11 569 487 632 631 2988 0 0 1 standing 
11 571 487 632 630 2989 0 0 0 standing 
11 570 484 631 629 2990 0 0 1 standing 
11 570 482 631 628 2991 0 0 1 standing 
11 569 480 631 628 2992 0 0 1 standing 
11 569 478 630 627 2993 0 0 1 standing 
11 568 476 630 626 2994 0 0 1 standing 
11 568 474 630 626 2995 0 0 0 standing 
11 568 474 630 625 2996 0 0 1 standing 
11 569 474 631 625 2997 0 0 1 standing 
11 570 474 631 624 2998 0 0 1 standing 
11 571 474 632 624 2999 0 0 1 standing 
11 572 474 633 623 3000 0 0 1 standing 
11 573 474 633 623 3001 0 0 1 standing 
11 574 474 634 622 3002 0 0 1 standing 
11 575 474 634 622 3003 0 0 1 standing 
11 576 474 635 621 3004 0 0 1 standing 
