0 454 454 513 596 28185 0 0 0 standing 
0 457 453 517 595 28186 0 0 1 standing 
0 460 453 521 595 28187 0 0 1 standing 
0 464 453 525 595 28188 0 0 1 standing 
0 467 453 529 594 28189 0 0 1 standing 
0 471 453 533 594 28190 0 0 1 standing 
0 474 452 537 594 28191 0 0 1 standing 
0 477 452 541 593 28192 0 0 1 standing 
0 481 452 545 593 28193 0 0 1 standing 
0 484 452 549 593 28194 0 0 1 standing 
0 488 452 553 593 28195 0 0 0 standing 
0 493 449 559 590 28196 0 0 1 standing 
0 498 447 565 588 28197 0 0 1 standing 
0 503 445 571 586 28198 0 0 0 standing 
0 504 445 577 586 28199 0 0 1 standing 
0 506 445 584 586 28200 0 0 1 standing 
0 508 446 591 586 28201 0 0 1 standing 
0 509 446 598 586 28202 0 0 1 standing 
0 511 447 605 586 28203 0 0 1 standing 
0 513 447 612 586 28204 0 0 1 standing 
1 558 410 599 556 28185 0 0 0 standing 
1 559 408 601 554 28186 0 0 1 standing 
1 560 406 604 552 28187 0 0 1 standing 
1 561 404 606 550 28188 0 0 1 standing 
1 562 403 609 548 28189 0 0 1 standing 
1 563 401 612 547 28190 0 0 1 standing 
1 564 399 614 545 28191 0 0 1 standing 
1 565 398 617 543 28192 0 0 1 standing 
1 566 396 619 541 28193 0 0 1 standing 
1 567 394 622 539 28194 0 0 1 standing 
1 568 393 625 538 28195 0 0 0 standing 
1 564 391 621 533 28196 0 0 1 standing 
1 561 390 617 529 28197 0 0 1 standing 
1 558 388 613 525 28198 0 0 1 standing 
1 554 387 609 521 28199 0 0 1 standing 
1 551 385 606 517 28200 0 0 1 standing 
1 548 384 602 512 28201 0 0 1 standing 
1 544 382 598 508 28202 0 0 1 standing 
1 541 381 594 504 28203 0 0 1 standing 
1 538 379 590 500 28204 0 0 1 standing 
2 448 390 542 477 28185 0 0 0 standing 
2 448 386 538 476 28186 0 0 1 standing 
2 449 383 534 476 28187 0 0 1 standing 
2 450 379 530 476 28188 0 0 1 standing 
2 451 376 526 476 28189 0 0 1 standing 
2 452 372 523 476 28190 0 0 1 standing 
2 452 369 519 476 28191 0 0 1 standing 
2 453 365 515 476 28192 0 0 1 standing 
2 454 362 511 476 28193 0 0 1 standing 
2 455 358 507 476 28194 0 0 1 standing 
2 456 355 504 476 28195 0 0 0 standing 
2 450 351 501 474 28196 0 0 1 standing 
2 444 348 498 473 28197 0 0 1 standing 
2 438 345 496 472 28198 0 0 0 standing 
2 436 346 494 471 28199 0 0 1 standing 
2 435 347 492 470 28200 0 0 1 standing 
2 433 348 490 469 28201 0 0 1 standing 
2 432 349 488 468 28202 0 0 1 standing 
2 430 350 486 467 28203 0 0 1 standing 
2 429 351 484 466 28204 0 0 1 standing 
3 217 458 290 595 28185 0 0 0 standing 
3 216 455 291 597 28186 0 0 1 standing 
3 215 452 292 599 28187 0 0 1 standing 
3 215 450 294 601 28188 0 0 0 standing 
3 208 450 284 602 28189 0 0 1 standing 
3 202 450 274 603 28190 0 0 1 standing 
3 196 450 265 605 28191 0 0 0 standing 
3 190 451 256 607 28192 0 0 1 standing 
3 184 452 248 609 28193 0 0 1 standing 
3 178 453 239 611 28194 0 0 1 standing 
3 173 454 231 614 28195 0 0 0 standing 
3 155 454 226 615 28196 0 0 1 standing 
3 137 454 222 616 28197 0 0 1 standing 
3 119 455 218 617 28198 0 0 0 standing 
3 109 455 206 618 28199 0 0 1 standing 
3 100 456 195 620 28200 0 0 1 standing 
3 91 456 184 621 28201 0 0 1 standing 
3 82 457 173 623 28202 0 0 1 standing 
3 73 457 162 624 28203 0 0 1 standing 
3 64 458 151 626 28204 0 0 1 standing 
4 164 436 229 550 28185 0 0 0 standing 
4 168 434 234 546 28186 0 0 1 standing 
4 173 432 240 542 28187 0 0 1 standing 
4 178 431 246 539 28188 0 0 0 standing 
4 178 427 247 540 28189 0 0 1 standing 
4 178 424 248 542 28190 0 0 1 standing 
4 178 421 249 544 28191 0 0 1 standing 
4 179 418 250 546 28192 0 0 1 standing 
4 179 415 251 548 28193 0 0 1 standing 
4 179 412 252 550 28194 0 0 1 standing 
4 180 409 253 552 28195 0 0 0 standing 
4 175 407 246 549 28196 0 0 1 standing 
4 170 406 239 547 28197 0 0 1 standing 
4 166 405 233 545 28198 0 0 0 standing 
4 156 405 226 545 28199 0 0 1 standing 
4 147 406 220 545 28200 0 0 1 standing 
4 137 406 214 546 28201 0 0 1 standing 
4 128 407 207 546 28202 0 0 1 standing 
4 118 407 201 547 28203 0 0 1 standing 
4 109 408 195 547 28204 0 0 1 standing 
5 310 400 360 513 28185 0 1 0 standing 
5 312 396 363 513 28186 0 1 1 setting 
5 314 392 366 513 28187 0 1 1 setting 
5 317 388 370 514 28188 0 1 1 setting 
5 319 384 373 514 28189 0 1 1 setting 
5 322 380 377 515 28190 0 1 0 setting 
5 322 381 377 516 28191 0 1 1 setting 
5 322 382 378 517 28192 0 1 1 setting 
5 323 383 379 518 28193 0 1 1 setting 
5 323 384 380 520 28194 0 1 1 setting 
5 324 385 381 521 28195 0 1 1 setting 
5 324 386 382 522 28196 0 1 1 setting 
5 325 388 383 524 28197 0 1 0 setting 
5 323 390 381 524 28198 0 1 1 setting 
5 322 392 380 524 28199 0 1 1 setting 
5 321 394 379 525 28200 0 1 1 setting 
5 319 396 377 525 28201 0 1 1 setting 
5 318 398 376 525 28202 0 1 1 setting 
5 317 400 375 526 28203 0 1 0 setting 
5 316 399 374 526 28204 0 1 1 setting 
6 1045 392 1084 538 28185 0 0 0 setting 
6 1040 391 1086 538 28186 0 0 1 standing 
6 1035 391 1088 538 28187 0 0 1 standing 
6 1030 391 1090 538 28188 0 0 0 standing 
6 1030 392 1094 539 28189 0 0 1 standing 
6 1030 393 1098 540 28190 0 0 1 standing 
6 1031 394 1103 541 28191 0 0 0 standing 
6 1032 393 1103 542 28192 0 0 1 standing 
6 1034 392 1103 543 28193 0 0 1 standing 
6 1035 392 1104 544 28194 0 0 1 standing 
6 1037 391 1104 545 28195 0 0 1 standing 
6 1038 390 1104 546 28196 0 0 1 standing 
6 1040 390 1105 547 28197 0 0 0 standing 
6 1041 390 1105 546 28198 0 0 1 standing 
6 1043 390 1105 545 28199 0 0 1 standing 
6 1044 391 1105 544 28200 0 0 1 standing 
6 1046 391 1106 544 28201 0 0 1 standing 
6 1047 391 1106 543 28202 0 0 1 standing 
6 1049 392 1106 542 28203 0 0 1 standing 
6 1050 392 1106 541 28204 0 0 1 standing 
7 617 395 672 536 28185 0 0 0 standing 
7 620 393 674 534 28186 0 0 1 standing 
7 624 391 677 532 28187 0 0 1 standing 
7 628 390 680 530 28188 0 0 1 standing 
7 631 388 683 528 28189 0 0 1 standing 
7 635 386 686 526 28190 0 0 1 standing 
7 639 385 689 525 28191 0 0 0 standing 
7 641 386 690 526 28192 0 0 1 standing 
7 644 387 692 527 28193 0 0 1 standing 
7 646 388 694 528 28194 0 0 1 standing 
7 649 389 696 529 28195 0 0 0 standing 
7 649 389 696 530 28196 0 0 1 standing 
7 650 389 697 531 28197 0 0 1 standing 
7 650 389 697 532 28198 0 0 1 standing 
7 651 389 698 534 28199 0 0 1 standing 
7 652 389 698 535 28200 0 0 1 standing 
7 652 389 699 536 28201 0 0 1 standing 
7 653 389 699 538 28202 0 0 1 standing 
7 653 389 700 539 28203 0 0 1 standing 
7 654 389 700 540 28204 0 0 1 standing 
8 771 332 844 460 28185 0 0 0 standing 
8 769 333 830 461 28186 0 0 1 standing 
8 767 334 817 463 28187 0 0 1 standing 
8 765 335 804 465 28188 0 0 0 standing 
8 759 335 800 466 28189 0 0 1 standing 
8 753 336 797 467 28190 0 0 1 standing 
8 748 337 794 468 28191 0 0 0 standing 
8 753 348 801 480 28192 0 0 1 standing 
8 759 359 809 493 28193 0 0 1 standing 
8 764 370 817 506 28194 0 0 1 standing 
8 770 382 825 519 28195 0 0 0 standing 
8 773 381 828 518 28196 0 0 1 standing 
8 776 380 831 517 28197 0 0 1 standing 
8 779 379 834 516 28198 0 0 1 standing 
8 782 378 837 515 28199 0 0 1 standing 
8 786 378 841 515 28200 0 0 1 standing 
8 789 377 844 514 28201 0 0 1 standing 
8 792 376 847 513 28202 0 0 1 standing 
8 795 375 850 512 28203 0 0 1 standing 
8 798 374 853 511 28204 0 0 1 standing 
9 718 463 794 618 28185 0 0 0 standing 
9 719 462 797 617 28186 0 0 1 standing 
9 721 461 800 616 28187 0 0 1 standing 
9 723 460 803 615 28188 0 0 0 standing 
9 722 458 799 611 28189 0 0 1 standing 
9 722 456 795 607 28190 0 0 1 standing 
9 722 455 791 604 28191 0 0 0 standing 
9 718 453 786 604 28192 0 0 1 standing 
9 714 451 782 604 28193 0 0 1 standing 
9 710 450 778 604 28194 0 0 1 standing 
9 706 448 774 604 28195 0 0 1 standing 
9 702 446 770 604 28196 0 0 1 standing 
9 698 445 766 605 28197 0 0 0 standing 
9 693 444 760 604 28198 0 0 1 standing 
9 689 444 754 603 28199 0 0 1 standing 
9 684 444 748 602 28200 0 0 1 standing 
9 680 444 742 601 28201 0 0 1 standing 
9 675 444 736 600 28202 0 0 1 standing 
9 671 444 730 599 28203 0 0 1 standing 
9 666 444 724 598 28204 0 0 1 standing 
10 780 436 836 579 28185 0 0 0 standing 
10 783 433 839 579 28186 0 0 1 standing 
10 786 430 842 579 28187 0 0 1 standing 
10 789 428 845 580 28188 0 0 0 standing 
10 791 427 848 580 28189 0 0 1 standing 
10 794 427 851 580 28190 0 0 1 standing 
10 797 427 854 581 28191 0 0 1 standing 
10 800 427 857 581 28192 0 0 1 standing 
10 803 426 861 582 28193 0 0 1 standing 
10 806 426 864 582 28194 0 0 1 standing 
10 809 426 867 583 28195 0 0 1 standing 
10 812 426 870 583 28196 0 0 1 standing 
10 815 426 874 584 28197 0 0 0 standing 
10 817 425 878 584 28198 0 0 1 standing 
10 820 425 882 585 28199 0 0 1 standing 
10 822 425 886 585 28200 0 0 1 standing 
10 825 425 890 586 28201 0 0 1 standing 
10 828 425 894 586 28202 0 0 1 standing 
10 830 425 898 587 28203 0 0 1 standing 
10 833 425 902 587 28204 0 0 1 standing 
11 717 394 787 499 28185 0 0 0 standing 
11 718 391 786 502 28186 0 0 1 standing 
11 719 388 786 505 28187 0 0 1 standing 
11 720 385 786 508 28188 0 0 0 standing 
11 730 385 791 509 28189 0 0 1 standing 
11 741 385 797 511 28190 0 0 1 standing 
11 752 385 803 513 28191 0 0 0 standing 
11 744 377 798 507 28192 0 0 1 standing 
11 737 369 793 501 28193 0 0 1 standing 
11 730 361 788 495 28194 0 0 1 standing 
11 722 353 783 489 28195 0 0 1 standing 
11 715 345 778 483 28196 0 0 1 standing 
11 708 337 773 478 28197 0 0 0 standing 
11 706 336 768 477 28198 0 0 1 standing 
11 704 336 764 477 28199 0 0 1 standing 
11 702 336 760 476 28200 0 0 1 standing 
11 700 336 756 476 28201 0 0 1 standing 
11 698 335 751 476 28202 0 0 1 standing 
11 696 335 747 475 28203 0 0 1 standing 
11 694 335 743 475 28204 0 0 1 standing 
