0 79 408 144 568 9620 0 0 0 standing 
0 87 406 152 566 9621 0 0 1 standing 
0 95 404 160 564 9622 0 0 1 standing 
0 103 402 168 562 9623 0 0 1 standing 
0 111 400 176 560 9624 0 0 1 standing 
0 119 398 184 558 9625 0 0 1 standing 
0 128 397 193 557 9626 0 0 0 standing 
0 130 395 195 555 9627 0 0 1 standing 
0 133 394 198 554 9628 0 0 1 standing 
0 136 393 201 553 9629 0 0 1 standing 
0 139 392 204 552 9630 0 0 0 standing 
0 137 391 202 551 9631 0 0 1 standing 
0 135 390 200 550 9632 0 0 1 standing 
0 133 390 198 550 9633 0 0 1 standing 
0 131 389 196 549 9634 0 0 1 standing 
0 130 389 195 549 9635 0 0 0 standing 
0 132 389 197 549 9636 0 0 1 standing 
0 135 390 200 550 9637 0 0 1 standing 
0 138 390 203 550 9638 0 0 1 standing 
0 141 391 206 551 9639 0 0 1 standing 
1 334 399 401 559 9620 0 0 0 standing 
1 340 396 407 554 9621 0 0 1 standing 
1 346 393 414 550 9622 0 0 1 standing 
1 352 391 420 546 9623 0 0 1 standing 
1 358 388 427 542 9624 0 0 1 standing 
1 364 385 433 538 9625 0 0 1 standing 
1 371 383 440 534 9626 0 0 0 standing 
1 369 383 442 533 9627 0 0 1 standing 
1 368 383 444 533 9628 0 0 1 standing 
1 367 384 446 533 9629 0 0 0 standing 
1 369 384 446 533 9630 0 0 1 standing 
1 371 384 447 533 9631 0 0 1 standing 
1 373 384 447 534 9632 0 0 1 standing 
1 375 384 448 534 9633 0 0 1 standing 
1 377 384 448 534 9634 0 0 1 standing 
1 379 384 449 535 9635 0 0 1 standing 
1 381 384 449 535 9636 0 0 1 standing 
1 383 385 450 536 9637 0 0 0 standing 
1 386 385 452 536 9638 0 0 1 standing 
1 390 385 454 536 9639 0 0 1 standing 
2 161 304 217 417 9620 0 1 0 standing 
2 166 301 222 415 9621 0 1 1 standing 
2 171 299 227 414 9622 0 1 1 standing 
2 177 297 232 413 9623 0 1 1 standing 
2 182 295 237 412 9624 0 1 1 standing 
2 187 292 243 411 9625 0 1 1 standing 
2 193 290 248 410 9626 0 1 1 standing 
2 198 288 253 409 9627 0 1 1 standing 
2 203 286 258 408 9628 0 1 1 standing 
2 209 284 264 407 9629 0 1 0 standing 
2 208 282 263 403 9630 0 1 1 standing 
2 207 280 263 400 9631 0 1 1 standing 
2 206 278 262 397 9632 0 1 1 standing 
2 205 276 262 394 9633 0 1 1 standing 
2 204 274 261 391 9634 0 1 1 standing 
2 203 272 261 388 9635 0 1 1 standing 
2 202 270 260 385 9636 0 1 1 standing 
2 201 268 260 382 9637 0 1 1 standing 
2 201 266 260 379 9638 0 1 0 standing 
2 201 266 260 379 9639 0 1 1 standing 
3 585 329 642 472 9620 0 0 0 standing 
3 594 328 650 470 9621 0 0 1 standing 
3 603 327 659 469 9622 0 0 1 standing 
3 612 326 667 468 9623 0 0 1 standing 
3 621 325 676 467 9624 0 0 1 standing 
3 630 324 684 466 9625 0 0 1 standing 
3 640 323 693 465 9626 0 0 0 standing 
3 642 322 695 464 9627 0 0 1 standing 
3 645 321 698 463 9628 0 0 1 standing 
3 648 321 701 462 9629 0 0 0 standing 
3 648 321 701 462 9630 0 0 1 standing 
3 648 321 701 462 9631 0 0 1 standing 
3 648 321 701 462 9632 0 0 1 standing 
3 648 321 701 462 9633 0 0 1 standing 
3 648 321 701 462 9634 0 0 1 standing 
3 648 321 701 462 9635 0 0 1 standing 
3 648 321 701 462 9636 0 0 1 standing 
3 648 321 701 462 9637 0 0 1 standing 
3 648 321 701 462 9638 0 0 1 standing 
3 648 321 701 462 9639 0 0 1 standing 
4 696 348 748 488 9620 0 0 0 standing 
4 701 345 754 485 9621 0 0 1 standing 
4 707 342 760 482 9622 0 0 1 standing 
4 713 339 767 479 9623 0 0 1 standing 
4 718 336 773 476 9624 0 0 1 standing 
4 724 333 779 473 9625 0 0 1 standing 
4 730 331 786 470 9626 0 0 0 standing 
4 730 329 787 468 9627 0 0 1 standing 
4 731 328 789 467 9628 0 0 1 standing 
4 732 327 791 466 9629 0 0 0 standing 
4 729 324 787 463 9630 0 0 1 standing 
4 726 322 783 461 9631 0 0 1 standing 
4 723 319 779 458 9632 0 0 1 standing 
4 720 317 775 456 9633 0 0 1 standing 
4 717 315 771 454 9634 0 0 1 standing 
4 714 312 767 451 9635 0 0 1 standing 
4 711 310 763 449 9636 0 0 1 standing 
4 708 308 760 447 9637 0 0 0 standing 
4 706 306 757 444 9638 0 0 1 standing 
4 704 304 754 442 9639 0 0 1 standing 
5 992 339 1043 486 9620 0 0 0 standing 
5 1001 337 1053 484 9621 0 0 1 standing 
5 1010 335 1064 482 9622 0 0 1 standing 
5 1019 333 1075 480 9623 0 0 1 standing 
5 1028 331 1085 478 9624 0 0 1 standing 
5 1037 329 1096 476 9625 0 0 1 standing 
5 1046 328 1107 475 9626 0 0 0 standing 
5 1049 328 1111 474 9627 0 0 1 standing 
5 1052 328 1115 473 9628 0 0 1 standing 
5 1055 328 1120 473 9629 0 0 0 standing 
5 1055 328 1120 473 9630 0 0 1 standing 
5 1055 328 1120 473 9631 0 0 1 standing 
5 1055 328 1120 473 9632 0 0 1 standing 
5 1055 328 1120 473 9633 0 0 1 standing 
5 1055 328 1120 473 9634 0 0 1 standing 
5 1055 328 1120 473 9635 0 0 1 standing 
5 1055 328 1120 473 9636 0 0 1 standing 
5 1055 328 1120 473 9637 0 0 1 standing 
5 1055 328 1120 473 9638 0 0 1 standing 
5 1055 328 1120 473 9639 0 0 1 standing 
6 107 380 169 471 9620 0 1 0 standing 
6 117 378 180 471 9621 0 1 1 digging 
6 127 377 191 471 9622 0 1 1 digging 
6 137 376 202 471 9623 0 1 1 digging 
6 147 375 213 472 9624 0 1 0 digging 
6 149 371 216 469 9625 0 1 1 digging 
6 151 367 220 467 9626 0 1 1 digging 
6 154 363 223 465 9627 0 1 1 digging 
6 156 359 227 462 9628 0 1 1 digging 
6 158 355 230 460 9629 0 1 1 digging 
6 161 351 234 458 9630 0 1 0 digging 
6 160 350 233 457 9631 0 1 1 digging 
6 159 349 232 456 9632 0 1 1 digging 
6 159 349 232 456 9633 0 1 1 digging 
6 158 348 231 455 9634 0 1 1 digging 
6 158 348 231 455 9635 0 1 1 digging 
6 157 347 230 454 9636 0 1 1 digging 
6 156 346 229 453 9637 0 1 1 digging 
6 156 346 229 453 9638 0 1 1 digging 
6 155 345 228 452 9639 0 1 1 digging 
7 252 407 319 541 9620 0 0 0 digging 
7 256 404 325 539 9621 0 0 1 standing 
7 261 401 331 538 9622 0 0 1 standing 
7 266 398 337 537 9623 0 0 1 standing 
7 271 395 344 536 9624 0 0 0 standing 
7 272 393 345 536 9625 0 0 1 standing 
7 273 392 346 537 9626 0 0 1 standing 
7 274 391 347 538 9627 0 0 1 standing 
7 275 389 348 538 9628 0 0 1 standing 
7 276 388 349 539 9629 0 0 1 standing 
7 277 387 351 540 9630 0 0 0 standing 
7 277 389 351 540 9631 0 0 1 standing 
7 277 391 351 540 9632 0 0 1 standing 
7 277 393 351 540 9633 0 0 1 standing 
7 278 395 351 541 9634 0 0 1 standing 
7 278 397 351 541 9635 0 0 1 standing 
7 278 399 351 541 9636 0 0 1 standing 
7 279 401 351 542 9637 0 0 1 standing 
7 279 403 351 542 9638 0 0 1 standing 
7 279 405 351 542 9639 0 0 1 standing 
8 472 372 560 515 9620 0 0 0 standing 
8 485 372 572 514 9621 0 0 1 standing 
8 499 372 584 514 9622 0 0 1 standing 
8 513 372 596 514 9623 0 0 1 standing 
8 527 372 608 514 9624 0 0 0 standing 
8 532 368 610 513 9625 0 0 1 standing 
8 537 364 613 512 9626 0 0 1 standing 
8 542 361 616 511 9627 0 0 1 standing 
8 547 357 619 510 9628 0 0 1 standing 
8 552 353 622 509 9629 0 0 1 standing 
8 557 350 625 508 9630 0 0 0 standing 
8 557 352 625 508 9631 0 0 1 standing 
8 557 354 626 508 9632 0 0 1 standing 
8 557 356 627 508 9633 0 0 1 standing 
8 557 358 627 509 9634 0 0 1 standing 
8 558 360 628 509 9635 0 0 1 standing 
8 558 362 629 509 9636 0 0 1 standing 
8 558 364 629 510 9637 0 0 1 standing 
8 558 366 630 510 9638 0 0 1 standing 
8 558 368 631 510 9639 0 0 1 standing 
9 638 334 685 480 9620 0 0 0 standing 
9 644 333 691 480 9621 0 0 1 standing 
9 651 332 698 481 9622 0 0 1 standing 
9 658 332 704 481 9623 0 0 1 standing 
9 665 331 711 482 9624 0 0 1 standing 
9 672 330 717 482 9625 0 0 1 standing 
9 679 330 724 483 9626 0 0 0 standing 
9 679 330 724 484 9627 0 0 1 standing 
9 679 331 724 486 9628 0 0 1 standing 
9 679 331 724 487 9629 0 0 1 standing 
9 680 332 725 489 9630 0 0 0 standing 
9 678 332 723 489 9631 0 0 1 standing 
9 676 333 721 490 9632 0 0 1 standing 
9 674 334 719 491 9633 0 0 1 standing 
9 672 335 717 492 9634 0 0 1 standing 
9 671 336 716 493 9635 0 0 1 standing 
9 669 336 714 493 9636 0 0 1 standing 
9 667 337 712 494 9637 0 0 1 standing 
9 665 338 710 495 9638 0 0 1 standing 
9 663 339 708 496 9639 0 0 1 standing 
10 856 371 908 515 9620 0 0 0 standing 
10 864 371 916 516 9621 0 0 1 standing 
10 872 372 924 517 9622 0 0 1 standing 
10 881 373 933 518 9623 0 0 1 standing 
10 889 374 941 519 9624 0 0 1 standing 
10 897 375 949 520 9625 0 0 1 standing 
10 906 376 958 521 9626 0 0 0 standing 
10 907 377 959 522 9627 0 0 1 standing 
10 908 379 960 524 9628 0 0 1 standing 
10 909 380 961 525 9629 0 0 1 standing 
10 910 382 962 527 9630 0 0 0 standing 
10 911 383 965 528 9631 0 0 1 standing 
10 913 384 969 529 9632 0 0 1 standing 
10 915 385 972 530 9633 0 0 1 standing 
10 917 387 976 531 9634 0 0 1 standing 
10 919 388 979 533 9635 0 0 1 standing 
10 920 389 983 534 9636 0 0 1 standing 
10 922 391 986 535 9637 0 0 1 standing 
10 924 392 990 536 9638 0 0 1 standing 
10 926 393 993 537 9639 0 0 1 standing 
11 1210 342 1258 516 9620 0 0 0 standing 
11 1211 339 1261 512 9621 0 0 1 standing 
11 1212 336 1265 508 9622 0 0 1 standing 
11 1213 333 1268 505 9623 0 0 1 standing 
11 1214 330 1272 501 9624 0 0 1 standing 
11 1215 328 1276 498 9625 0 0 0 standing 
11 1210 325 1274 494 9626 0 0 1 standing 
11 1206 323 1272 491 9627 0 0 1 standing 
11 1201 320 1270 488 9628 0 0 1 standing 
11 1197 318 1268 485 9629 0 0 1 standing 
11 1193 316 1266 482 9630 0 0 0 standing 
11 1185 313 1259 477 9631 0 0 1 standing 
11 1177 310 1252 472 9632 0 0 1 standing 
11 1169 307 1245 467 9633 0 0 1 standing 
11 1162 304 1239 462 9634 0 0 1 standing 
11 1154 301 1232 457 9635 0 0 1 standing 
11 1146 298 1225 452 9636 0 0 1 standing 
11 1139 295 1219 447 9637 0 0 1 standing 
11 1131 292 1212 442 9638 0 0 1 standing 
11 1123 289 1205 437 9639 0 0 1 standing 
