0 496 447 580 582 42720 0 1 0 moving 
0 494 444 574 578 42721 0 1 1 moving 
0 493 442 569 574 42722 0 1 1 moving 
0 491 440 564 570 42723 0 1 1 moving 
0 490 438 559 566 42724 0 1 1 moving 
0 489 436 554 563 42725 0 1 1 moving 
0 487 433 549 559 42726 0 1 1 moving 
0 486 431 544 555 42727 0 1 1 moving 
0 484 429 539 551 42728 0 1 1 moving 
0 483 427 534 547 42729 0 1 1 moving 
0 482 425 529 544 42730 0 1 0 moving 
0 477 421 526 540 42731 0 1 1 moving 
0 473 418 524 537 42732 0 1 1 moving 
0 469 415 521 534 42733 0 1 1 moving 
0 465 411 519 530 42734 0 1 1 moving 
0 461 408 517 527 42735 0 1 1 moving 
0 456 405 514 524 42736 0 1 1 moving 
0 452 401 512 520 42737 0 1 1 moving 
0 448 398 509 517 42738 0 1 1 moving 
0 444 395 507 514 42739 0 1 1 moving 
1 542 393 599 481 42720 0 1 0 moving 
1 540 391 598 480 42721 0 1 1 falling 
1 539 389 597 479 42722 0 1 1 falling 
1 538 387 596 478 42723 0 1 1 falling 
1 537 385 595 478 42724 0 1 1 falling 
1 536 383 594 477 42725 0 1 1 falling 
1 534 381 593 476 42726 0 1 1 falling 
1 533 379 592 476 42727 0 1 1 falling 
1 532 377 591 475 42728 0 1 1 falling 
1 531 375 590 474 42729 0 1 1 falling 
1 530 374 589 474 42730 0 1 0 falling 
1 528 371 588 472 42731 0 1 1 falling 
1 526 368 588 470 42732 0 1 1 falling 
1 524 365 588 468 42733 0 1 1 falling 
1 522 362 587 466 42734 0 1 1 falling 
1 520 359 587 464 42735 0 1 1 falling 
1 518 356 587 462 42736 0 1 1 falling 
1 516 353 586 460 42737 0 1 1 falling 
1 514 350 586 458 42738 0 1 1 falling 
1 512 347 586 456 42739 0 1 1 falling 
2 594 419 689 543 42720 0 1 0 falling 
2 583 414 679 540 42721 0 1 1 digging 
2 572 409 670 538 42722 0 1 1 digging 
2 561 404 660 535 42723 0 1 1 digging 
2 551 399 651 533 42724 0 1 1 digging 
2 540 394 641 530 42725 0 1 1 digging 
2 529 389 632 528 42726 0 1 1 digging 
2 519 384 622 525 42727 0 1 1 digging 
2 508 379 613 523 42728 0 1 1 digging 
2 497 374 603 520 42729 0 1 1 digging 
2 487 370 594 518 42730 0 1 0 digging 
2 479 373 582 516 42731 0 1 1 digging 
2 471 376 571 515 42732 0 1 1 digging 
2 463 380 560 513 42733 0 1 1 digging 
2 455 383 549 512 42734 0 1 1 digging 
2 447 387 538 511 42735 0 1 1 digging 
2 439 390 526 509 42736 0 1 1 digging 
2 431 393 515 508 42737 0 1 1 digging 
2 423 397 504 506 42738 0 1 1 digging 
2 415 400 493 505 42739 0 1 1 digging 
3 158 449 237 626 42720 0 0 0 digging 
3 151 450 232 627 42721 0 0 1 standing 
3 144 451 227 628 42722 0 0 1 standing 
3 137 452 222 629 42723 0 0 1 standing 
3 130 453 217 630 42724 0 0 1 standing 
3 123 454 212 632 42725 0 0 1 standing 
3 116 455 207 633 42726 0 0 1 standing 
3 109 456 202 634 42727 0 0 1 standing 
3 102 457 197 635 42728 0 0 1 standing 
3 95 458 192 636 42729 0 0 1 standing 
3 89 459 188 638 42730 0 0 0 standing 
3 91 456 187 635 42731 0 0 1 standing 
3 93 454 186 633 42732 0 0 1 standing 
3 95 452 186 631 42733 0 0 1 standing 
3 97 450 185 629 42734 0 0 1 standing 
3 100 448 185 627 42735 0 0 1 standing 
3 102 446 184 624 42736 0 0 1 standing 
3 104 444 183 622 42737 0 0 1 standing 
3 106 442 183 620 42738 0 0 1 standing 
3 108 440 182 618 42739 0 0 1 standing 
4 232 416 294 559 42720 0 0 0 standing 
4 230 414 292 557 42721 0 0 1 standing 
4 228 413 291 556 42722 0 0 1 standing 
4 226 412 290 555 42723 0 0 1 standing 
4 224 411 289 553 42724 0 0 1 standing 
4 222 410 288 552 42725 0 0 1 standing 
4 220 408 287 551 42726 0 0 1 standing 
4 218 407 286 549 42727 0 0 1 standing 
4 216 406 285 548 42728 0 0 1 standing 
4 214 405 284 547 42729 0 0 1 standing 
4 213 404 283 546 42730 0 0 0 standing 
4 214 402 284 545 42731 0 0 1 standing 
4 215 401 285 544 42732 0 0 1 standing 
4 216 400 286 543 42733 0 0 1 standing 
4 217 399 287 542 42734 0 0 1 standing 
4 218 398 289 541 42735 0 0 1 standing 
4 219 397 290 540 42736 0 0 1 standing 
4 220 396 291 539 42737 0 0 1 standing 
4 221 395 292 538 42738 0 0 1 standing 
4 222 394 293 537 42739 0 0 1 standing 
5 635 345 686 489 42720 0 0 0 standing 
5 633 343 684 486 42721 0 0 1 standing 
5 632 341 683 483 42722 0 0 1 standing 
5 631 339 682 480 42723 0 0 1 standing 
5 629 337 680 478 42724 0 0 1 standing 
5 628 335 679 475 42725 0 0 1 standing 
5 627 333 678 472 42726 0 0 1 standing 
5 625 331 676 470 42727 0 0 1 standing 
5 624 329 675 467 42728 0 0 1 standing 
5 623 327 674 464 42729 0 0 1 standing 
5 622 325 673 462 42730 0 0 0 standing 
5 619 325 671 460 42731 0 0 1 standing 
5 617 325 670 458 42732 0 0 1 standing 
5 614 325 669 457 42733 0 0 1 standing 
5 612 326 668 455 42734 0 0 1 standing 
5 610 326 667 454 42735 0 0 1 standing 
5 607 326 665 452 42736 0 0 1 standing 
5 605 327 664 450 42737 0 0 1 standing 
5 602 327 663 449 42738 0 0 1 standing 
5 600 327 662 447 42739 0 0 1 standing 
6 732 359 777 505 42720 0 0 0 standing 
6 731 358 776 503 42721 0 0 1 standing 
6 731 357 775 502 42722 0 0 1 standing 
6 731 356 774 501 42723 0 0 1 standing 
6 730 355 774 500 42724 0 0 1 standing 
6 730 354 773 499 42725 0 0 1 standing 
6 730 353 772 497 42726 0 0 1 standing 
6 729 352 772 496 42727 0 0 1 standing 
6 729 351 771 495 42728 0 0 1 standing 
6 729 350 770 494 42729 0 0 1 standing 
6 729 350 770 493 42730 0 0 0 standing 
6 729 350 770 493 42731 0 0 1 standing 
6 730 350 771 494 42732 0 0 1 standing 
6 731 351 772 494 42733 0 0 1 standing 
6 732 351 773 495 42734 0 0 1 standing 
6 733 352 774 495 42735 0 0 1 standing 
6 733 352 774 496 42736 0 0 1 standing 
6 734 352 775 496 42737 0 0 1 standing 
6 735 353 776 497 42738 0 0 1 standing 
6 736 353 777 497 42739 0 0 1 standing 
7 804 464 878 649 42720 0 0 0 standing 
7 801 462 876 646 42721 0 0 1 standing 
7 799 461 874 643 42722 0 0 1 standing 
7 797 459 872 640 42723 0 0 1 standing 
7 795 458 870 638 42724 0 0 1 standing 
7 793 457 868 635 42725 0 0 1 standing 
7 791 455 866 632 42726 0 0 1 standing 
7 789 454 864 630 42727 0 0 1 standing 
7 787 452 862 627 42728 0 0 1 standing 
7 785 451 860 624 42729 0 0 1 standing 
7 783 450 859 622 42730 0 0 0 standing 
7 782 449 856 619 42731 0 0 1 standing 
7 781 448 853 617 42732 0 0 1 standing 
7 780 447 850 615 42733 0 0 1 standing 
7 779 446 848 612 42734 0 0 1 standing 
7 778 445 845 610 42735 0 0 1 standing 
7 777 444 842 608 42736 0 0 1 standing 
7 776 443 840 605 42737 0 0 1 standing 
7 775 442 837 603 42738 0 0 1 standing 
7 774 441 834 601 42739 0 0 1 standing 
8 866 451 930 589 42720 0 0 0 standing 
8 871 449 934 588 42721 0 0 1 standing 
8 876 447 939 587 42722 0 0 1 standing 
8 881 445 943 586 42723 0 0 1 standing 
8 887 444 948 585 42724 0 0 1 standing 
8 892 442 953 585 42725 0 0 1 standing 
8 897 440 957 584 42726 0 0 1 standing 
8 903 439 962 583 42727 0 0 1 standing 
8 908 437 966 582 42728 0 0 1 standing 
8 913 435 971 581 42729 0 0 1 standing 
8 919 434 976 581 42730 0 0 0 standing 
8 926 435 983 582 42731 0 0 1 standing 
8 934 436 991 583 42732 0 0 1 standing 
8 942 437 999 584 42733 0 0 1 standing 
8 950 438 1007 585 42734 0 0 1 standing 
8 958 439 1015 586 42735 0 0 1 standing 
8 965 440 1022 587 42736 0 0 1 standing 
8 973 441 1030 588 42737 0 0 1 standing 
8 981 442 1038 589 42738 0 0 1 standing 
8 989 443 1046 590 42739 0 0 1 standing 
9 842 378 890 512 42720 0 0 0 standing 
9 837 376 886 510 42721 0 0 1 moving 
9 832 375 883 509 42722 0 0 1 moving 
9 827 374 880 508 42723 0 0 1 moving 
9 822 373 877 506 42724 0 0 1 moving 
9 817 372 874 505 42725 0 0 1 moving 
9 812 371 870 504 42726 0 0 1 moving 
9 807 370 867 502 42727 0 0 1 moving 
9 802 369 864 501 42728 0 0 1 moving 
9 797 368 861 500 42729 0 0 1 moving 
9 793 367 858 499 42730 0 0 0 moving 
9 790 365 853 497 42731 0 0 1 moving 
9 787 364 848 495 42732 0 0 1 moving 
9 784 362 844 494 42733 0 0 1 moving 
9 781 361 839 492 42734 0 0 1 moving 
9 779 359 835 491 42735 0 0 1 moving 
9 776 358 830 489 42736 0 0 1 moving 
9 773 356 825 487 42737 0 0 1 moving 
9 770 355 821 486 42738 0 0 1 moving 
9 767 353 816 484 42739 0 0 1 moving 
10 879 351 945 492 42720 0 0 0 moving 
10 883 350 947 491 42721 0 0 1 standing 
10 887 349 949 490 42722 0 0 1 standing 
10 891 348 951 489 42723 0 0 1 standing 
10 895 347 954 488 42724 0 0 1 standing 
10 900 346 956 488 42725 0 0 1 standing 
10 904 345 958 487 42726 0 0 1 standing 
10 908 344 961 486 42727 0 0 1 standing 
10 912 343 963 485 42728 0 0 1 standing 
10 916 342 965 484 42729 0 0 1 standing 
10 921 341 968 484 42730 0 0 0 standing 
10 923 340 975 483 42731 0 0 1 standing 
10 926 339 982 482 42732 0 0 1 standing 
10 929 339 989 482 42733 0 0 1 standing 
10 932 338 996 481 42734 0 0 1 standing 
10 935 338 1003 481 42735 0 0 1 standing 
10 938 337 1010 480 42736 0 0 1 standing 
10 941 336 1017 479 42737 0 0 1 standing 
10 944 336 1024 479 42738 0 0 1 standing 
10 947 335 1031 478 42739 0 0 1 standing 
11 990 409 1060 565 42720 0 0 0 standing 
11 995 408 1065 564 42721 0 0 1 standing 
11 1000 407 1070 563 42722 0 0 1 standing 
11 1005 406 1075 562 42723 0 0 1 standing 
11 1010 405 1080 562 42724 0 0 1 standing 
11 1015 405 1085 561 42725 0 0 1 standing 
11 1020 404 1090 560 42726 0 0 1 standing 
11 1025 403 1095 560 42727 0 0 1 standing 
11 1030 402 1100 559 42728 0 0 1 standing 
11 1035 401 1105 558 42729 0 0 1 standing 
11 1040 401 1111 558 42730 0 0 0 standing 
11 1047 399 1117 556 42731 0 0 1 standing 
11 1054 398 1124 554 42732 0 0 1 standing 
11 1061 396 1131 552 42733 0 0 1 standing 
11 1069 395 1137 551 42734 0 0 1 standing 
11 1076 393 1144 549 42735 0 0 1 standing 
11 1083 392 1151 547 42736 0 0 1 standing 
11 1091 390 1157 546 42737 0 0 1 standing 
11 1098 389 1164 544 42738 0 0 1 standing 
11 1105 387 1171 542 42739 0 0 1 standing 
