0 423 447 465 542 34175 0 1 0 standing 
0 417 447 459 542 34176 0 1 1 standing 
0 412 447 454 542 34177 0 1 1 standing 
0 407 447 449 542 34178 0 1 1 standing 
0 402 447 444 542 34179 0 1 1 standing 
0 397 448 439 543 34180 0 1 1 standing 
0 391 448 433 543 34181 0 1 1 standing 
0 386 448 428 543 34182 0 1 1 standing 
0 381 448 423 543 34183 0 1 1 standing 
0 376 448 418 543 34184 0 1 1 standing 
0 371 449 413 544 34185 0 1 0 standing 
0 368 448 410 543 34186 0 1 1 standing 
0 366 448 408 543 34187 0 1 1 standing 
0 364 448 406 543 34188 0 1 1 standing 
0 361 448 404 543 34189 0 1 1 standing 
0 359 448 402 543 34190 0 1 1 standing 
0 357 448 399 543 34191 0 1 1 standing 
0 354 448 397 543 34192 0 1 1 standing 
0 352 448 395 543 34193 0 1 1 standing 
0 350 448 393 543 34194 0 1 1 standing 
1 479 418 521 505 34175 0 1 0 standing 
1 472 419 514 506 34176 0 1 1 standing 
1 466 420 508 507 34177 0 1 1 standing 
1 460 421 502 508 34178 0 1 1 standing 
1 454 422 496 509 34179 0 1 1 standing 
1 448 424 490 511 34180 0 1 1 standing 
1 442 425 484 512 34181 0 1 1 standing 
1 436 426 478 513 34182 0 1 1 standing 
1 430 427 472 514 34183 0 1 1 standing 
1 424 428 466 515 34184 0 1 1 standing 
1 418 430 460 517 34185 0 1 0 standing 
1 414 430 456 517 34186 0 1 1 standing 
1 410 431 452 518 34187 0 1 1 standing 
1 406 431 448 518 34188 0 1 1 standing 
1 402 432 444 519 34189 0 1 1 standing 
1 398 432 440 519 34190 0 1 1 standing 
1 394 433 436 520 34191 0 1 1 standing 
1 390 433 432 520 34192 0 1 1 standing 
1 386 434 428 521 34193 0 1 1 standing 
1 382 434 424 521 34194 0 1 1 standing 
2 481 506 533 626 34175 0 1 0 standing 
2 470 506 521 625 34176 0 1 1 standing 
2 460 506 509 625 34177 0 1 1 standing 
2 449 506 497 625 34178 0 1 1 standing 
2 439 506 486 625 34179 0 1 1 standing 
2 429 506 474 625 34180 0 1 1 standing 
2 418 506 462 625 34181 0 1 1 standing 
2 408 506 451 625 34182 0 1 1 standing 
2 397 506 439 625 34183 0 1 1 standing 
2 387 506 427 625 34184 0 1 1 standing 
2 377 506 416 625 34185 0 1 0 standing 
2 371 505 410 624 34186 0 1 1 standing 
2 366 504 405 623 34187 0 1 1 standing 
2 360 503 399 622 34188 0 1 1 standing 
2 355 502 394 621 34189 0 1 1 standing 
2 350 501 389 620 34190 0 1 1 standing 
2 344 500 383 619 34191 0 1 1 standing 
2 339 499 378 618 34192 0 1 1 standing 
2 333 498 372 617 34193 0 1 1 standing 
2 328 497 367 616 34194 0 1 1 standing 
3 522 464 574 563 34175 0 1 0 standing 
3 513 463 565 562 34176 0 1 1 standing 
3 504 463 556 561 34177 0 1 1 standing 
3 496 463 547 560 34178 0 1 1 standing 
3 487 463 539 559 34179 0 1 1 standing 
3 479 463 530 558 34180 0 1 1 standing 
3 470 463 521 557 34181 0 1 1 standing 
3 461 463 513 556 34182 0 1 1 standing 
3 453 463 504 555 34183 0 1 1 standing 
3 444 463 495 554 34184 0 1 1 standing 
3 436 463 487 554 34185 0 1 0 standing 
3 431 462 482 553 34186 0 1 1 standing 
3 426 462 477 553 34187 0 1 1 standing 
3 421 462 472 553 34188 0 1 1 standing 
3 416 462 467 553 34189 0 1 1 standing 
3 412 462 463 553 34190 0 1 1 standing 
3 407 461 458 552 34191 0 1 1 standing 
3 402 461 453 552 34192 0 1 1 standing 
3 397 461 448 552 34193 0 1 1 standing 
3 392 461 443 552 34194 0 1 1 standing 
4 537 403 566 490 34175 0 1 0 standing 
4 529 405 559 492 34176 0 1 1 standing 
4 521 407 553 494 34177 0 1 1 standing 
4 514 409 547 496 34178 0 1 1 standing 
4 506 411 541 498 34179 0 1 1 standing 
4 499 414 535 500 34180 0 1 1 standing 
4 491 416 528 502 34181 0 1 1 standing 
4 483 418 522 504 34182 0 1 1 standing 
4 476 420 516 506 34183 0 1 1 standing 
4 468 422 510 508 34184 0 1 1 standing 
4 461 425 504 511 34185 0 1 0 standing 
4 456 425 499 512 34186 0 1 1 standing 
4 451 426 494 514 34187 0 1 1 standing 
4 446 427 489 515 34188 0 1 1 standing 
4 441 428 484 517 34189 0 1 1 standing 
4 437 429 480 518 34190 0 1 1 standing 
4 432 430 475 520 34191 0 1 1 standing 
4 427 431 470 521 34192 0 1 1 standing 
4 422 432 465 523 34193 0 1 1 standing 
4 417 433 460 524 34194 0 1 1 standing 
5 608 416 651 533 34175 0 1 0 standing 
5 599 416 641 532 34176 0 1 1 standing 
5 590 416 631 532 34177 0 1 1 standing 
5 581 416 621 532 34178 0 1 1 standing 
5 572 416 611 532 34179 0 1 1 standing 
5 563 416 602 532 34180 0 1 1 standing 
5 554 416 592 532 34181 0 1 1 standing 
5 545 416 582 532 34182 0 1 1 standing 
5 536 416 572 532 34183 0 1 1 standing 
5 527 416 562 532 34184 0 1 1 standing 
5 518 417 553 532 34185 0 1 0 standing 
5 510 417 545 532 34186 0 1 1 standing 
5 503 417 537 532 34187 0 1 1 standing 
5 495 417 530 532 34188 0 1 1 standing 
5 488 418 522 532 34189 0 1 1 standing 
5 480 418 515 533 34190 0 1 1 standing 
5 473 418 507 533 34191 0 1 1 standing 
5 465 419 499 533 34192 0 1 1 standing 
5 458 419 492 533 34193 0 1 1 standing 
5 450 419 484 533 34194 0 1 1 standing 
6 1102 459 1150 559 34175 0 0 0 standing 
6 1091 460 1139 560 34176 0 0 1 standing 
6 1081 461 1129 562 34177 0 0 1 standing 
6 1071 463 1119 564 34178 0 0 0 standing 
6 1064 465 1109 563 34179 0 0 1 standing 
6 1057 467 1099 562 34180 0 0 1 standing 
6 1050 470 1089 561 34181 0 0 0 standing 
6 1045 469 1084 564 34182 0 0 1 standing 
6 1040 468 1079 567 34183 0 0 1 standing 
6 1036 468 1075 570 34184 0 0 0 standing 
6 1028 469 1070 574 34185 0 0 1 standing 
6 1020 471 1065 578 34186 0 0 1 standing 
6 1012 473 1061 582 34187 0 0 0 standing 
6 1008 475 1056 581 34188 0 0 1 standing 
6 1004 478 1051 580 34189 0 0 1 standing 
6 1001 481 1047 580 34190 0 0 0 standing 
6 997 481 1043 583 34191 0 0 1 standing 
6 994 482 1040 586 34192 0 0 1 standing 
6 991 483 1037 590 34193 0 0 1 standing 
6 988 484 1034 593 34194 0 0 1 standing 
7 1080 421 1120 512 34175 0 0 0 standing 
7 1069 422 1109 513 34176 0 0 1 standing 
7 1059 423 1098 515 34177 0 0 1 standing 
7 1049 425 1088 517 34178 0 0 0 standing 
7 1039 425 1078 518 34179 0 0 1 standing 
7 1030 425 1068 520 34180 0 0 1 standing 
7 1021 425 1059 522 34181 0 0 0 standing 
7 1014 425 1049 522 34182 0 0 1 standing 
7 1007 425 1039 522 34183 0 0 1 standing 
7 1000 425 1030 522 34184 0 0 0 standing 
7 992 426 1022 523 34185 0 0 1 standing 
7 985 427 1015 524 34186 0 0 1 standing 
7 978 428 1008 526 34187 0 0 0 standing 
7 971 429 1001 527 34188 0 0 1 standing 
7 964 430 994 529 34189 0 0 1 standing 
7 957 432 987 531 34190 0 0 0 standing 
7 950 432 983 531 34191 0 0 1 standing 
7 943 433 980 531 34192 0 0 1 standing 
7 936 433 977 532 34193 0 0 1 standing 
7 929 434 974 532 34194 0 0 1 standing 
8 958 408 994 507 34175 0 0 0 standing 
8 948 408 984 507 34176 0 0 1 standing 
8 939 408 975 507 34177 0 0 1 standing 
8 930 409 966 508 34178 0 0 0 standing 
8 923 411 959 507 34179 0 0 1 standing 
8 916 413 953 507 34180 0 0 1 standing 
8 910 415 947 507 34181 0 0 0 standing 
8 903 415 940 507 34182 0 0 1 standing 
8 896 415 933 507 34183 0 0 1 standing 
8 890 415 927 507 34184 0 0 0 standing 
8 883 416 921 510 34185 0 0 1 standing 
8 876 417 915 513 34186 0 0 1 standing 
8 870 418 910 517 34187 0 0 0 standing 
8 863 420 906 519 34188 0 0 1 standing 
8 856 422 902 521 34189 0 0 1 standing 
8 849 425 898 523 34190 0 0 0 standing 
8 845 425 893 523 34191 0 0 1 standing 
8 841 425 889 523 34192 0 0 1 standing 
8 837 425 885 523 34193 0 0 1 standing 
8 833 425 881 523 34194 0 0 1 standing 
9 807 472 864 591 34175 0 0 0 standing 
9 798 472 855 591 34176 0 0 1 standing 
9 789 472 846 591 34177 0 0 1 standing 
9 781 472 838 591 34178 0 0 0 standing 
9 776 471 831 587 34179 0 0 1 standing 
9 771 471 824 584 34180 0 0 1 standing 
9 767 471 818 581 34181 0 0 0 standing 
9 766 470 813 580 34182 0 0 1 standing 
9 765 470 808 579 34183 0 0 1 standing 
9 765 470 803 578 34184 0 0 0 standing 
9 760 470 801 579 34185 0 0 1 standing 
9 755 471 799 580 34186 0 0 1 standing 
9 750 472 798 581 34187 0 0 0 standing 
9 744 472 792 581 34188 0 0 1 standing 
9 738 472 787 582 34189 0 0 1 standing 
9 732 473 782 583 34190 0 0 0 standing 
9 732 471 781 581 34191 0 0 1 standing 
9 733 469 780 579 34192 0 0 1 standing 
9 734 468 780 577 34193 0 0 1 standing 
9 735 466 779 575 34194 0 0 1 standing 
10 812 438 857 529 34175 0 0 0 standing 
10 805 438 850 529 34176 0 0 1 standing 
10 798 439 843 529 34177 0 0 1 standing 
10 791 440 836 530 34178 0 0 0 standing 
10 784 440 829 533 34179 0 0 1 standing 
10 777 440 823 536 34180 0 0 1 standing 
10 771 440 817 539 34181 0 0 0 standing 
10 764 442 810 540 34182 0 0 1 standing 
10 757 445 804 542 34183 0 0 1 standing 
10 751 448 798 544 34184 0 0 0 standing 
10 746 447 794 543 34185 0 0 1 standing 
10 741 447 791 542 34186 0 0 1 standing 
10 736 447 788 542 34187 0 0 0 standing 
10 735 447 787 542 34188 0 0 1 standing 
10 734 447 786 542 34189 0 0 1 standing 
10 733 447 785 542 34190 0 0 0 standing 
10 732 448 780 544 34191 0 0 1 standing 
10 732 449 776 546 34192 0 0 1 standing 
10 732 451 771 548 34193 0 0 1 standing 
10 732 452 767 550 34194 0 0 1 standing 
11 797 396 840 473 34175 0 0 0 standing 
11 787 395 831 476 34176 0 0 1 standing 
11 777 395 822 479 34177 0 0 1 standing 
11 767 395 813 482 34178 0 0 0 standing 
11 759 394 808 481 34179 0 0 1 standing 
11 751 393 804 481 34180 0 0 1 standing 
11 743 392 800 481 34181 0 0 0 standing 
11 741 392 792 481 34182 0 0 1 standing 
11 739 392 785 481 34183 0 0 1 standing 
11 737 392 778 481 34184 0 0 0 standing 
11 735 391 773 480 34185 0 0 1 standing 
11 733 391 768 480 34186 0 0 1 standing 
11 732 391 763 480 34187 0 0 0 standing 
11 728 390 761 479 34188 0 0 1 standing 
11 724 390 759 478 34189 0 0 1 standing 
11 720 390 757 478 34190 0 0 0 standing 
11 715 391 756 479 34191 0 0 1 standing 
11 710 392 755 480 34192 0 0 1 standing 
11 705 393 755 481 34193 0 0 0 standing 
11 705 393 755 481 34194 0 0 1 standing 
