0 696 283 753 382 17375 0 1 0 setting 
0 701 278 756 379 17376 0 1 1 setting 
0 706 273 760 377 17377 0 1 1 setting 
0 711 268 764 375 17378 0 1 1 setting 
0 716 263 767 372 17379 0 1 1 setting 
0 722 259 771 370 17380 0 1 1 setting 
0 727 254 775 368 17381 0 1 1 setting 
0 732 249 778 365 17382 0 1 1 setting 
0 737 244 782 363 17383 0 1 1 setting 
0 742 239 786 361 17384 0 1 1 setting 
0 748 235 790 359 17385 0 1 0 setting 
0 753 238 797 361 17386 0 1 1 setting 
0 758 242 804 363 17387 0 1 1 setting 
0 763 246 811 365 17388 0 1 1 setting 
0 768 250 818 368 17389 0 1 1 setting 
0 774 254 825 370 17390 0 1 1 setting 
0 779 257 832 372 17391 0 1 1 setting 
0 784 261 839 375 17392 0 1 1 setting 
0 789 265 846 377 17393 0 1 1 setting 
0 794 269 853 379 17394 0 1 1 setting 
1 776 304 869 409 17375 0 1 0 setting 
1 775 304 865 409 17376 0 1 1 jumping 
1 775 304 861 410 17377 0 1 1 jumping 
1 775 304 857 411 17378 0 1 1 jumping 
1 774 304 853 412 17379 0 1 1 jumping 
1 774 305 849 413 17380 0 1 1 jumping 
1 774 305 845 414 17381 0 1 1 jumping 
1 773 305 841 415 17382 0 1 1 jumping 
1 773 305 837 416 17383 0 1 1 jumping 
1 773 305 833 417 17384 0 1 1 jumping 
1 773 306 830 418 17385 0 1 0 jumping 
1 771 301 828 416 17386 0 1 1 jumping 
1 769 297 826 414 17387 0 1 1 jumping 
1 768 292 824 412 17388 0 1 1 jumping 
1 766 288 823 410 17389 0 1 1 jumping 
1 765 284 821 409 17390 0 1 1 jumping 
1 763 279 819 407 17391 0 1 1 jumping 
1 761 275 818 405 17392 0 1 1 jumping 
1 760 270 816 403 17393 0 1 1 jumping 
1 758 266 814 401 17394 0 1 1 jumping 
2 878 361 954 483 17375 0 1 0 jumping 
2 881 364 958 486 17376 0 1 1 moving 
2 885 367 963 489 17377 0 1 1 moving 
2 888 370 968 492 17378 0 1 1 moving 
2 892 373 972 495 17379 0 1 1 moving 
2 895 376 977 498 17380 0 1 1 moving 
2 899 379 982 501 17381 0 1 1 moving 
2 902 382 986 504 17382 0 1 1 moving 
2 906 385 991 507 17383 0 1 1 moving 
2 909 388 996 510 17384 0 1 1 moving 
2 913 392 1001 513 17385 0 1 0 moving 
2 907 394 999 515 17386 0 1 1 moving 
2 902 397 998 518 17387 0 1 1 moving 
2 896 400 996 521 17388 0 1 1 moving 
2 891 403 995 523 17389 0 1 1 moving 
2 885 406 993 526 17390 0 1 1 moving 
2 880 408 992 529 17391 0 1 1 moving 
2 874 411 990 531 17392 0 1 1 moving 
2 869 414 989 534 17393 0 1 1 moving 
2 863 417 987 537 17394 0 1 1 moving 
3 1043 313 1118 419 17375 0 1 0 moving 
3 1036 314 1110 419 17376 0 1 1 standing 
3 1030 315 1103 420 17377 0 1 1 standing 
3 1023 316 1096 421 17378 0 1 1 standing 
3 1017 317 1088 422 17379 0 1 1 standing 
3 1010 318 1081 423 17380 0 1 1 standing 
3 1004 319 1074 424 17381 0 1 1 standing 
3 997 320 1066 425 17382 0 1 1 standing 
3 991 321 1059 426 17383 0 1 1 standing 
3 984 322 1052 427 17384 0 1 1 standing 
3 978 323 1045 428 17385 0 1 0 standing 
3 968 323 1036 428 17386 0 1 1 standing 
3 958 323 1028 429 17387 0 1 1 standing 
3 948 323 1019 429 17388 0 1 1 standing 
3 939 323 1011 430 17389 0 1 1 standing 
3 929 323 1003 430 17390 0 1 1 standing 
3 919 323 994 431 17391 0 1 1 standing 
3 910 323 986 431 17392 0 1 1 standing 
3 900 323 977 432 17393 0 1 1 standing 
3 890 323 969 432 17394 0 1 1 standing 
4 925 244 989 355 17375 0 1 0 standing 
4 924 244 988 353 17376 0 1 1 moving 
4 923 244 988 351 17377 0 1 1 moving 
4 922 244 988 350 17378 0 1 1 moving 
4 922 244 988 348 17379 0 1 1 moving 
4 921 244 988 347 17380 0 1 1 moving 
4 920 244 988 345 17381 0 1 1 moving 
4 920 244 988 343 17382 0 1 1 moving 
4 919 244 988 342 17383 0 1 1 moving 
4 918 244 988 340 17384 0 1 1 moving 
4 918 245 988 339 17385 0 1 0 moving 
4 918 245 988 339 17386 0 1 1 moving 
4 918 245 988 339 17387 0 1 1 moving 
4 918 245 988 339 17388 0 1 1 moving 
4 918 245 988 339 17389 0 1 1 moving 
4 918 245 988 339 17390 0 1 1 moving 
4 918 245 988 339 17391 0 1 1 moving 
4 918 245 988 339 17392 0 1 1 moving 
4 918 245 988 339 17393 0 1 1 moving 
4 918 245 988 339 17394 0 1 1 moving 
5 648 469 701 612 17375 0 0 0 moving 
5 650 468 703 611 17376 0 0 1 moving 
5 653 467 705 610 17377 0 0 1 moving 
5 656 467 707 610 17378 0 0 0 moving 
5 658 466 709 609 17379 0 0 1 moving 
5 660 465 711 608 17380 0 0 1 moving 
5 662 465 713 608 17381 0 0 0 moving 
5 664 466 715 612 17382 0 0 1 moving 
5 667 468 717 616 17383 0 0 1 moving 
5 670 470 720 620 17384 0 0 0 moving 
5 672 475 724 627 17385 0 0 1 moving 
5 674 481 729 635 17386 0 0 1 moving 
5 676 487 734 643 17387 0 0 0 moving 
5 681 491 739 646 17388 0 0 1 moving 
5 686 496 744 649 17389 0 0 1 moving 
5 692 501 750 653 17390 0 0 0 moving 
5 696 499 756 651 17391 0 0 1 moving 
5 701 497 762 649 17392 0 0 1 moving 
5 706 496 769 647 17393 0 0 1 moving 
5 711 494 775 645 17394 0 0 1 moving 
6 103 337 181 448 17375 0 0 0 moving 
6 105 336 178 446 17376 0 0 1 standing 
6 107 335 175 445 17377 0 0 1 standing 
6 109 334 173 444 17378 0 0 0 standing 
6 110 333 171 445 17379 0 0 1 standing 
6 111 332 170 446 17380 0 0 1 standing 
6 113 332 169 448 17381 0 0 0 standing 
6 113 331 168 449 17382 0 0 1 standing 
6 113 330 168 450 17383 0 0 1 standing 
6 113 330 168 452 17384 0 0 0 standing 
6 113 331 170 454 17385 0 0 1 standing 
6 114 333 172 456 17386 0 0 1 standing 
6 115 335 175 458 17387 0 0 0 standing 
6 116 336 176 459 17388 0 0 1 standing 
6 118 337 177 460 17389 0 0 1 standing 
6 120 339 179 462 17390 0 0 0 standing 
6 124 339 183 461 17391 0 0 1 standing 
6 129 340 187 460 17392 0 0 1 standing 
6 133 341 192 460 17393 0 0 1 standing 
6 138 342 196 459 17394 0 0 1 standing 
7 299 281 354 388 17375 0 0 0 standing 
7 298 281 353 388 17376 0 0 1 standing 
7 297 281 352 388 17377 0 0 1 standing 
7 296 281 351 388 17378 0 0 1 standing 
7 295 281 350 388 17379 0 0 1 standing 
7 294 281 349 388 17380 0 0 1 standing 
7 293 281 348 388 17381 0 0 0 standing 
7 290 282 348 387 17382 0 0 1 standing 
7 287 283 348 386 17383 0 0 1 standing 
7 285 284 348 386 17384 0 0 0 standing 
7 288 283 350 385 17385 0 0 1 standing 
7 292 282 352 384 17386 0 0 1 standing 
7 296 282 354 384 17387 0 0 0 standing 
7 299 281 356 383 17388 0 0 1 standing 
7 302 281 358 383 17389 0 0 1 standing 
7 305 281 361 383 17390 0 0 0 standing 
7 309 280 364 382 17391 0 0 1 standing 
7 314 280 368 382 17392 0 0 1 standing 
7 318 280 371 382 17393 0 0 1 standing 
7 323 280 375 382 17394 0 0 1 standing 
8 312 384 378 515 17375 0 0 0 standing 
8 311 384 380 515 17376 0 0 1 waiting 
8 310 385 382 515 17377 0 0 1 waiting 
8 310 386 384 516 17378 0 0 0 waiting 
8 310 390 387 515 17379 0 0 1 waiting 
8 310 394 390 515 17380 0 0 1 waiting 
8 311 399 394 515 17381 0 0 0 waiting 
8 314 399 394 514 17382 0 0 1 waiting 
8 317 399 394 514 17383 0 0 1 waiting 
8 320 399 394 514 17384 0 0 0 waiting 
8 321 399 395 514 17385 0 0 1 waiting 
8 322 399 396 514 17386 0 0 1 waiting 
8 324 399 398 514 17387 0 0 0 waiting 
8 326 398 396 512 17388 0 0 1 waiting 
8 328 397 395 511 17389 0 0 1 waiting 
8 330 396 394 510 17390 0 0 0 waiting 
8 332 395 396 510 17391 0 0 1 waiting 
8 334 394 398 510 17392 0 0 1 waiting 
8 336 393 400 510 17393 0 0 1 waiting 
8 338 392 402 510 17394 0 0 1 waiting 
9 566 356 610 487 17375 0 0 0 waiting 
9 569 356 613 487 17376 0 0 1 standing 
9 573 356 617 487 17377 0 0 1 standing 
9 577 357 621 488 17378 0 0 0 standing 
9 580 357 624 488 17379 0 0 1 standing 
9 583 357 627 488 17380 0 0 1 standing 
9 586 357 630 488 17381 0 0 0 standing 
9 589 358 633 489 17382 0 0 1 standing 
9 592 359 636 490 17383 0 0 1 standing 
9 596 360 639 491 17384 0 0 0 standing 
9 599 362 642 490 17385 0 0 1 standing 
9 602 365 645 489 17386 0 0 1 standing 
9 606 368 648 488 17387 0 0 0 standing 
9 610 368 652 488 17388 0 0 1 standing 
9 615 368 657 488 17389 0 0 1 standing 
9 620 368 662 488 17390 0 0 0 standing 
9 621 371 666 489 17391 0 0 1 standing 
9 623 375 671 490 17392 0 0 1 standing 
9 624 379 676 491 17393 0 0 1 standing 
9 626 383 681 492 17394 0 0 1 standing 
10 567 315 605 450 17375 0 0 0 standing 
10 569 315 607 450 17376 0 0 1 standing 
10 571 315 609 450 17377 0 0 1 standing 
10 574 315 612 450 17378 0 0 0 standing 
10 576 314 614 449 17379 0 0 1 standing 
10 578 314 617 449 17380 0 0 1 standing 
10 581 314 620 449 17381 0 0 0 standing 
10 584 314 623 449 17382 0 0 1 standing 
10 588 314 627 449 17383 0 0 1 standing 
10 592 314 631 449 17384 0 0 0 standing 
10 595 315 634 450 17385 0 0 1 standing 
10 599 316 638 451 17386 0 0 1 standing 
10 603 318 642 453 17387 0 0 0 standing 
10 606 320 645 455 17388 0 0 1 standing 
10 609 322 648 457 17389 0 0 1 standing 
10 613 325 652 460 17390 0 0 0 standing 
10 619 326 658 459 17391 0 0 1 standing 
10 625 328 664 458 17392 0 0 1 standing 
10 631 329 670 457 17393 0 0 1 standing 
10 637 331 676 456 17394 0 0 1 standing 
11 564 290 615 404 17375 0 0 0 standing 
11 567 288 618 402 17376 0 0 1 standing 
11 570 287 621 401 17377 0 0 1 standing 
11 573 286 624 400 17378 0 0 0 standing 
11 573 285 624 399 17379 0 0 1 standing 
11 574 285 625 399 17380 0 0 1 standing 
11 575 285 626 399 17381 0 0 0 standing 
11 581 284 632 398 17382 0 0 1 standing 
11 587 284 638 398 17383 0 0 1 standing 
11 594 284 645 398 17384 0 0 0 standing 
11 595 286 646 400 17385 0 0 1 standing 
11 596 289 647 403 17386 0 0 1 standing 
11 598 292 649 406 17387 0 0 0 standing 
11 601 293 652 407 17388 0 0 1 standing 
11 604 295 655 409 17389 0 0 1 standing 
11 608 297 659 411 17390 0 0 0 standing 
11 613 296 664 410 17391 0 0 1 standing 
11 618 296 669 410 17392 0 0 1 standing 
11 623 295 674 410 17393 0 0 1 standing 
11 628 295 679 410 17394 0 0 1 standing 
