0 1148 549 1261 830 65780 0 1 0 spiking 
0 1145 539 1255 822 65781 0 1 1 spiking 
0 1143 530 1250 815 65782 0 1 1 spiking 
0 1141 521 1245 807 65783 0 1 1 spiking 
0 1139 512 1240 800 65784 0 1 1 spiking 
0 1137 503 1235 792 65785 0 1 1 spiking 
0 1134 494 1229 785 65786 0 1 1 spiking 
0 1132 485 1224 777 65787 0 1 1 spiking 
0 1130 476 1219 770 65788 0 1 1 spiking 
0 1128 467 1214 762 65789 0 1 1 spiking 
0 1126 458 1209 755 65790 0 1 0 spiking 
0 1122 470 1204 757 65791 0 1 1 spiking 
0 1118 483 1199 759 65792 0 1 1 spiking 
0 1114 495 1195 761 65793 0 1 1 spiking 
0 1110 508 1190 763 65794 0 1 1 spiking 
0 1107 521 1186 765 65795 0 1 1 spiking 
0 1103 533 1181 767 65796 0 1 1 spiking 
0 1099 546 1176 769 65797 0 1 1 spiking 
0 1095 558 1172 771 65798 0 1 1 spiking 
0 1091 571 1167 773 65799 0 1 1 spiking 
1 921 595 995 798 65780 0 1 0 spiking 
1 925 581 999 791 65781 0 1 1 blocking 
1 930 568 1003 784 65782 0 1 1 blocking 
1 935 555 1008 777 65783 0 1 1 blocking 
1 939 542 1012 770 65784 0 1 1 blocking 
1 944 529 1017 763 65785 0 1 1 blocking 
1 949 516 1021 756 65786 0 1 1 blocking 
1 953 503 1025 749 65787 0 1 1 blocking 
1 958 490 1030 742 65788 0 1 1 blocking 
1 963 477 1034 735 65789 0 1 1 blocking 
1 968 464 1039 729 65790 0 1 0 blocking 
1 968 470 1038 735 65791 0 1 1 blocking 
1 969 477 1038 741 65792 0 1 1 blocking 
1 970 483 1037 748 65793 0 1 1 blocking 
1 971 490 1037 754 65794 0 1 1 blocking 
1 972 497 1037 761 65795 0 1 1 blocking 
1 972 503 1036 767 65796 0 1 1 blocking 
1 973 510 1036 773 65797 0 1 1 blocking 
1 974 516 1035 780 65798 0 1 1 blocking 
1 975 523 1035 786 65799 0 1 1 blocking 
2 936 548 1003 737 65780 0 1 0 blocking 
2 939 538 1006 731 65781 0 1 1 blocking 
2 943 528 1009 726 65782 0 1 1 blocking 
2 946 519 1012 720 65783 0 1 1 blocking 
2 950 509 1016 715 65784 0 1 1 blocking 
2 953 500 1019 710 65785 0 1 1 blocking 
2 957 490 1022 704 65786 0 1 1 blocking 
2 960 480 1026 699 65787 0 1 1 blocking 
2 964 471 1029 693 65788 0 1 1 blocking 
2 967 461 1032 688 65789 0 1 1 blocking 
2 971 452 1036 683 65790 0 1 0 blocking 
2 967 460 1035 691 65791 0 1 1 blocking 
2 964 468 1034 699 65792 0 1 1 blocking 
2 961 476 1033 707 65793 0 1 1 blocking 
2 958 484 1032 716 65794 0 1 1 blocking 
2 955 492 1031 724 65795 0 1 1 blocking 
2 951 500 1030 732 65796 0 1 1 blocking 
2 948 508 1029 741 65797 0 1 1 blocking 
2 945 516 1028 749 65798 0 1 1 blocking 
2 942 524 1027 757 65799 0 1 1 blocking 
3 936 500 1001 705 65780 0 1 0 blocking 
3 939 492 1004 701 65781 0 1 1 blocking 
3 943 485 1008 697 65782 0 1 1 blocking 
3 947 477 1012 693 65783 0 1 1 blocking 
3 951 470 1015 689 65784 0 1 1 blocking 
3 955 462 1019 685 65785 0 1 1 blocking 
3 958 455 1023 681 65786 0 1 1 blocking 
3 962 447 1026 677 65787 0 1 1 blocking 
3 966 440 1030 673 65788 0 1 1 blocking 
3 970 432 1034 669 65789 0 1 1 blocking 
3 974 425 1038 665 65790 0 1 0 blocking 
3 972 433 1036 673 65791 0 1 1 blocking 
3 971 442 1035 682 65792 0 1 1 blocking 
3 970 451 1034 691 65793 0 1 1 blocking 
3 968 460 1033 699 65794 0 1 1 blocking 
3 967 469 1032 708 65795 0 1 1 blocking 
3 966 477 1030 717 65796 0 1 1 blocking 
3 964 486 1029 725 65797 0 1 1 blocking 
3 963 495 1028 734 65798 0 1 1 blocking 
3 962 504 1027 743 65799 0 1 1 blocking 
4 47 474 122 677 65780 0 0 0 blocking 
4 51 474 125 677 65781 0 0 1 standing 
4 55 474 129 677 65782 0 0 1 standing 
4 59 474 133 677 65783 0 0 0 standing 
4 63 474 137 677 65784 0 0 1 standing 
4 67 474 141 677 65785 0 0 1 standing 
4 71 475 145 678 65786 0 0 0 standing 
4 74 474 149 677 65787 0 0 1 standing 
4 78 473 154 676 65788 0 0 1 standing 
4 82 473 159 676 65789 0 0 0 standing 
4 82 477 163 676 65790 0 0 1 standing 
4 82 481 167 676 65791 0 0 1 standing 
4 82 486 171 676 65792 0 0 0 standing 
4 88 490 177 681 65793 0 0 1 standing 
4 94 495 183 686 65794 0 0 1 standing 
4 100 500 190 691 65795 0 0 0 standing 
4 100 503 191 690 65796 0 0 1 standing 
4 100 507 193 690 65797 0 0 1 standing 
4 100 511 195 690 65798 0 0 0 standing 
4 101 512 193 691 65799 0 0 1 standing 
5 284 681 395 882 65780 0 0 0 standing 
5 294 679 399 878 65781 0 0 1 waiting 
5 305 678 403 874 65782 0 0 1 waiting 
5 316 677 408 871 65783 0 0 0 waiting 
5 327 677 416 871 65784 0 0 1 waiting 
5 338 677 424 871 65785 0 0 1 waiting 
5 349 678 432 872 65786 0 0 0 waiting 
5 356 678 441 872 65787 0 0 1 waiting 
5 364 679 451 873 65788 0 0 1 waiting 
5 372 680 461 874 65789 0 0 0 waiting 
5 373 677 469 872 65790 0 0 1 waiting 
5 374 674 477 870 65791 0 0 1 waiting 
5 376 672 486 869 65792 0 0 0 waiting 
5 377 665 486 867 65793 0 0 1 waiting 
5 378 659 486 866 65794 0 0 1 waiting 
5 379 653 486 865 65795 0 0 0 waiting 
5 385 652 492 853 65796 0 0 1 waiting 
5 391 651 498 841 65797 0 0 1 waiting 
5 397 650 504 829 65798 0 0 0 waiting 
5 396 650 522 827 65799 0 0 1 waiting 
6 614 393 713 524 65780 0 0 0 waiting 
6 624 396 718 527 65781 0 0 1 standing 
6 635 399 723 530 65782 0 0 1 standing 
6 646 403 729 533 65783 0 0 0 standing 
6 650 400 730 535 65784 0 0 1 standing 
6 654 398 731 537 65785 0 0 1 standing 
6 658 396 732 539 65786 0 0 0 standing 
6 661 396 735 539 65787 0 0 1 standing 
6 664 396 738 539 65788 0 0 1 standing 
6 667 396 742 539 65789 0 0 0 standing 
6 665 399 744 541 65790 0 0 1 standing 
6 663 402 747 543 65791 0 0 1 standing 
6 661 406 750 545 65792 0 0 0 standing 
6 662 408 750 546 65793 0 0 1 standing 
6 663 410 750 548 65794 0 0 1 standing 
6 664 413 750 550 65795 0 0 0 standing 
6 671 419 749 553 65796 0 0 1 standing 
6 678 425 748 556 65797 0 0 1 standing 
6 685 432 747 559 65798 0 0 0 standing 
6 687 438 751 570 65799 0 0 1 standing 
7 1063 516 1142 725 65780 0 0 0 standing 
7 1062 521 1141 724 65781 0 0 1 standing 
7 1061 526 1140 724 65782 0 0 1 standing 
7 1060 531 1140 724 65783 0 0 0 standing 
7 1057 532 1140 725 65784 0 0 1 standing 
7 1054 534 1140 726 65785 0 0 1 standing 
7 1051 536 1140 727 65786 0 0 0 standing 
7 1048 537 1139 727 65787 0 0 1 standing 
7 1045 538 1138 727 65788 0 0 1 standing 
7 1042 539 1137 727 65789 0 0 0 standing 
7 1041 539 1136 727 65790 0 0 1 standing 
7 1040 539 1135 727 65791 0 0 1 standing 
7 1039 540 1135 728 65792 0 0 0 standing 
7 1038 539 1133 719 65793 0 0 1 standing 
7 1037 539 1132 711 65794 0 0 1 standing 
7 1036 539 1131 703 65795 0 0 0 standing 
7 1039 540 1134 711 65796 0 0 1 standing 
7 1042 542 1137 719 65797 0 0 1 standing 
7 1045 544 1140 728 65798 0 0 0 standing 
7 1044 545 1139 724 65799 0 0 1 standing 
8 1109 407 1160 591 65780 0 0 0 standing 
8 1109 411 1160 592 65781 0 0 1 digging 
8 1109 415 1161 593 65782 0 0 1 digging 
8 1110 419 1162 595 65783 0 0 0 digging 
8 1111 423 1163 599 65784 0 0 1 digging 
8 1112 427 1164 603 65785 0 0 1 digging 
8 1113 431 1165 607 65786 0 0 0 digging 
8 1107 434 1164 610 65787 0 0 1 digging 
8 1101 437 1164 613 65788 0 0 1 digging 
8 1096 440 1164 616 65789 0 0 0 digging 
8 1093 441 1164 617 65790 0 0 1 digging 
8 1090 442 1164 618 65791 0 0 1 digging 
8 1087 443 1165 619 65792 0 0 0 digging 
8 1078 444 1161 619 65793 0 0 1 digging 
8 1069 445 1158 619 65794 0 0 1 digging 
8 1060 447 1155 620 65795 0 0 0 digging 
8 1065 445 1155 617 65796 0 0 1 digging 
8 1070 443 1155 615 65797 0 0 1 digging 
8 1075 441 1156 613 65798 0 0 0 digging 
8 1073 441 1154 614 65799 0 0 1 digging 
9 1316 563 1421 753 65780 0 0 0 digging 
9 1314 568 1417 756 65781 0 0 1 standing 
9 1313 573 1413 759 65782 0 0 1 standing 
9 1312 578 1410 763 65783 0 0 0 standing 
9 1315 575 1413 761 65784 0 0 1 standing 
9 1318 572 1416 759 65785 0 0 1 standing 
9 1321 570 1420 758 65786 0 0 0 standing 
9 1321 568 1414 756 65787 0 0 1 standing 
9 1322 567 1408 755 65788 0 0 1 standing 
9 1323 566 1403 754 65789 0 0 0 standing 
9 1316 566 1400 754 65790 0 0 1 standing 
9 1309 566 1397 754 65791 0 0 1 standing 
9 1303 566 1395 754 65792 0 0 0 standing 
9 1302 570 1391 753 65793 0 0 1 standing 
9 1301 574 1387 752 65794 0 0 1 standing 
9 1300 578 1383 751 65795 0 0 0 standing 
9 1299 578 1381 753 65796 0 0 1 standing 
9 1298 579 1379 755 65797 0 0 1 standing 
9 1297 580 1377 758 65798 0 0 0 standing 
9 1298 577 1376 755 65799 0 0 1 standing 
10 1432 395 1502 561 65780 0 0 0 standing 
10 1433 397 1501 563 65781 0 0 1 standing 
10 1434 399 1500 565 65782 0 0 1 standing 
10 1435 401 1500 568 65783 0 0 0 standing 
10 1435 403 1500 573 65784 0 0 1 standing 
10 1435 405 1500 578 65785 0 0 1 standing 
10 1435 408 1501 583 65786 0 0 0 standing 
10 1435 409 1501 581 65787 0 0 1 standing 
10 1435 410 1501 579 65788 0 0 1 standing 
10 1435 412 1501 578 65789 0 0 0 standing 
10 1428 411 1500 577 65790 0 0 1 standing 
10 1421 411 1500 577 65791 0 0 1 standing 
10 1414 411 1500 577 65792 0 0 0 standing 
10 1411 410 1497 578 65793 0 0 1 standing 
10 1408 409 1494 579 65794 0 0 1 standing 
10 1405 408 1491 580 65795 0 0 0 standing 
10 1403 408 1492 582 65796 0 0 1 standing 
10 1401 409 1493 584 65797 0 0 1 standing 
10 1399 410 1494 586 65798 0 0 0 standing 
10 1398 409 1491 587 65799 0 0 1 standing 
11 1679 396 1760 575 65780 0 0 0 standing 
11 1682 399 1764 578 65781 0 0 1 standing 
11 1685 402 1768 581 65782 0 0 1 standing 
11 1689 405 1772 584 65783 0 0 0 standing 
11 1693 405 1776 584 65784 0 0 1 standing 
11 1697 405 1780 584 65785 0 0 1 standing 
11 1701 406 1784 585 65786 0 0 0 standing 
11 1705 403 1787 582 65787 0 0 1 standing 
11 1709 400 1790 579 65788 0 0 1 standing 
11 1714 398 1794 577 65789 0 0 0 standing 
11 1717 400 1796 583 65790 0 0 1 standing 
11 1720 402 1798 589 65791 0 0 1 standing 
11 1723 404 1800 595 65792 0 0 0 standing 
11 1724 410 1801 601 65793 0 0 1 standing 
11 1725 416 1802 607 65794 0 0 1 standing 
11 1726 423 1804 614 65795 0 0 0 standing 
11 1721 427 1801 618 65796 0 0 1 standing 
11 1716 431 1799 622 65797 0 0 1 standing 
11 1711 436 1797 626 65798 0 0 0 standing 
11 1712 436 1795 626 65799 0 0 1 standing 
