0 650 328 730 463 140300 0 1 0 spiking 
0 650 328 732 462 140301 0 1 1 spiking 
0 650 328 735 462 140302 0 1 1 spiking 
0 650 328 737 462 140303 0 1 1 spiking 
0 650 328 740 462 140304 0 1 1 spiking 
0 650 328 743 462 140305 0 1 1 spiking 
0 650 328 745 462 140306 0 1 1 spiking 
0 650 328 748 462 140307 0 1 1 spiking 
0 650 328 750 462 140308 0 1 1 spiking 
0 650 328 753 462 140309 0 1 1 spiking 
0 650 328 756 462 140310 0 1 0 spiking 
0 650 328 751 461 140311 0 1 1 spiking 
0 650 328 747 461 140312 0 1 1 spiking 
0 650 328 742 461 140313 0 1 1 spiking 
0 650 328 738 461 140314 0 1 1 spiking 
0 650 328 733 461 140315 0 1 1 spiking 
0 650 328 729 461 140316 0 1 1 spiking 
0 650 328 724 461 140317 0 1 1 spiking 
0 650 328 720 461 140318 0 1 1 spiking 
0 650 328 715 461 140319 0 1 1 spiking 
1 568 296 622 469 140300 0 1 0 spiking 
1 571 295 625 464 140301 0 1 1 blocking 
1 575 294 629 460 140302 0 1 1 blocking 
1 578 294 633 456 140303 0 1 1 blocking 
1 582 293 636 452 140304 0 1 1 blocking 
1 585 292 640 448 140305 0 1 1 blocking 
1 589 292 644 444 140306 0 1 0 blocking 
1 591 294 641 451 140307 0 1 1 blocking 
1 594 296 638 458 140308 0 1 1 blocking 
1 597 298 635 465 140309 0 1 1 blocking 
1 600 300 632 472 140310 0 1 0 blocking 
1 600 302 632 472 140311 0 1 1 blocking 
1 601 304 633 473 140312 0 1 1 blocking 
1 602 306 634 474 140313 0 1 1 blocking 
1 603 309 635 475 140314 0 1 1 blocking 
1 604 311 636 476 140315 0 1 1 blocking 
1 605 313 636 477 140316 0 1 1 blocking 
1 606 316 637 478 140317 0 1 1 blocking 
1 607 318 638 479 140318 0 1 1 blocking 
1 608 320 639 480 140319 0 1 1 blocking 
2 41 443 109 556 140300 0 0 0 blocking 
2 44 438 112 555 140301 0 0 1 standing 
2 47 433 115 555 140302 0 0 1 standing 
2 51 428 119 555 140303 0 0 0 standing 
2 57 426 124 553 140304 0 0 1 standing 
2 64 424 129 552 140305 0 0 1 standing 
2 71 423 135 551 140306 0 0 0 standing 
2 77 426 147 554 140307 0 0 1 standing 
2 83 429 159 557 140308 0 0 1 standing 
2 90 433 172 561 140309 0 0 0 standing 
2 93 432 178 560 140310 0 0 1 standing 
2 96 432 185 559 140311 0 0 1 standing 
2 99 432 192 559 140312 0 0 0 standing 
2 105 429 193 558 140313 0 0 1 standing 
2 111 426 195 557 140314 0 0 1 standing 
2 118 423 197 556 140315 0 0 0 standing 
2 128 419 201 552 140316 0 0 1 standing 
2 138 415 206 548 140317 0 0 1 standing 
2 149 411 210 544 140318 0 0 1 standing 
2 159 407 215 540 140319 0 0 1 standing 
3 219 371 309 466 140300 0 0 0 standing 
3 226 366 313 464 140301 0 0 1 standing 
3 234 362 317 462 140302 0 0 1 standing 
3 242 358 321 461 140303 0 0 0 standing 
3 253 357 331 463 140304 0 0 1 standing 
3 264 356 342 465 140305 0 0 1 standing 
3 275 355 353 468 140306 0 0 0 standing 
3 289 355 362 469 140307 0 0 1 standing 
3 304 355 372 471 140308 0 0 1 standing 
3 319 355 382 473 140309 0 0 0 standing 
3 327 359 392 472 140310 0 0 1 standing 
3 335 363 402 472 140311 0 0 1 standing 
3 343 368 412 472 140312 0 0 0 standing 
3 345 370 416 475 140313 0 0 1 standing 
3 348 372 420 479 140314 0 0 1 standing 
3 351 374 425 483 140315 0 0 0 standing 
3 354 373 425 482 140316 0 0 1 standing 
3 358 373 425 482 140317 0 0 1 standing 
3 361 373 425 481 140318 0 0 1 standing 
3 365 373 425 481 140319 0 0 1 standing 
4 183 448 268 606 140300 0 0 0 standing 
4 190 443 268 602 140301 0 0 1 standing 
4 198 438 268 599 140302 0 0 1 standing 
4 206 433 268 596 140303 0 0 0 standing 
4 211 430 272 593 140304 0 0 1 standing 
4 217 427 276 590 140305 0 0 1 standing 
4 223 424 281 588 140306 0 0 0 standing 
4 229 424 294 585 140307 0 0 1 standing 
4 236 425 308 582 140308 0 0 1 standing 
4 243 426 322 579 140309 0 0 0 standing 
4 247 428 324 578 140310 0 0 1 standing 
4 251 430 327 577 140311 0 0 1 standing 
4 256 433 330 577 140312 0 0 0 standing 
4 256 431 330 576 140313 0 0 1 standing 
4 257 429 330 576 140314 0 0 1 standing 
4 258 428 331 576 140315 0 0 0 standing 
4 258 424 331 574 140316 0 0 1 standing 
4 259 420 332 572 140317 0 0 1 standing 
4 259 417 333 571 140318 0 0 1 standing 
4 260 413 334 569 140319 0 0 1 standing 
5 456 423 513 559 140300 0 0 0 standing 
5 456 421 514 555 140301 0 0 1 standing 
5 456 419 515 551 140302 0 0 1 standing 
5 457 418 516 547 140303 0 0 0 standing 
5 459 416 518 545 140304 0 0 1 standing 
5 462 415 521 544 140305 0 0 1 standing 
5 465 414 524 543 140306 0 0 0 standing 
5 464 413 526 540 140307 0 0 1 standing 
5 464 412 529 537 140308 0 0 1 standing 
5 464 411 532 534 140309 0 0 0 standing 
5 466 410 534 533 140310 0 0 1 standing 
5 468 410 536 533 140311 0 0 1 standing 
5 470 410 538 533 140312 0 0 0 standing 
5 469 409 537 532 140313 0 0 1 standing 
5 469 408 537 531 140314 0 0 1 standing 
5 469 407 537 530 140315 0 0 0 standing 
5 468 403 535 529 140316 0 0 1 standing 
5 468 400 534 529 140317 0 0 1 standing 
5 468 397 533 528 140318 0 0 1 standing 
5 468 394 532 528 140319 0 0 1 standing 
6 578 346 617 484 140300 0 0 0 standing 
6 579 349 617 484 140301 0 0 1 standing 
6 580 352 618 484 140302 0 0 1 standing 
6 581 355 619 484 140303 0 0 0 standing 
6 580 355 618 484 140304 0 0 1 standing 
6 580 355 618 484 140305 0 0 1 standing 
6 580 356 618 485 140306 0 0 0 standing 
6 574 358 619 485 140307 0 0 1 standing 
6 568 360 620 485 140308 0 0 1 standing 
6 563 363 622 486 140309 0 0 0 standing 
6 561 363 625 486 140310 0 0 1 standing 
6 559 363 628 486 140311 0 0 1 standing 
6 557 363 631 486 140312 0 0 0 standing 
6 557 363 631 486 140313 0 0 1 standing 
6 557 364 631 487 140314 0 0 1 standing 
6 557 365 631 488 140315 0 0 0 standing 
6 556 362 623 488 140316 0 0 1 standing 
6 556 360 616 489 140317 0 0 1 standing 
6 556 357 609 489 140318 0 0 1 standing 
6 556 355 602 490 140319 0 0 1 standing 
7 659 446 724 599 140300 0 0 0 standing 
7 658 444 723 597 140301 0 0 1 standing 
7 657 443 722 596 140302 0 0 1 standing 
7 657 442 722 595 140303 0 0 0 standing 
7 657 441 723 594 140304 0 0 1 standing 
7 657 441 724 594 140305 0 0 1 standing 
7 657 441 726 594 140306 0 0 0 standing 
7 662 442 729 593 140307 0 0 1 standing 
7 668 443 733 593 140308 0 0 1 standing 
7 674 445 737 593 140309 0 0 0 standing 
7 674 444 739 593 140310 0 0 1 standing 
7 674 444 742 593 140311 0 0 1 standing 
7 675 444 745 593 140312 0 0 0 standing 
7 675 444 745 593 140313 0 0 1 standing 
7 676 444 746 593 140314 0 0 1 standing 
7 677 445 747 594 140315 0 0 0 standing 
7 677 444 749 592 140316 0 0 1 standing 
7 677 443 752 591 140317 0 0 1 standing 
7 677 442 755 590 140318 0 0 1 standing 
7 677 441 758 589 140319 0 0 1 standing 
8 662 393 712 521 140300 0 0 0 standing 
8 660 390 711 522 140301 0 0 1 standing 
8 658 387 711 523 140302 0 0 1 standing 
8 657 385 711 524 140303 0 0 0 standing 
8 653 388 717 523 140304 0 0 1 standing 
8 650 391 724 523 140305 0 0 1 standing 
8 647 395 731 523 140306 0 0 0 standing 
8 649 398 734 525 140307 0 0 1 standing 
8 651 401 738 527 140308 0 0 1 standing 
8 653 405 742 529 140309 0 0 0 standing 
8 655 404 744 528 140310 0 0 1 standing 
8 657 404 746 528 140311 0 0 1 standing 
8 659 404 748 528 140312 0 0 0 standing 
8 659 403 748 527 140313 0 0 1 standing 
8 659 403 748 527 140314 0 0 1 standing 
8 660 403 749 527 140315 0 0 0 standing 
8 659 401 746 526 140316 0 0 1 standing 
8 659 399 744 526 140317 0 0 1 standing 
8 659 397 741 526 140318 0 0 1 standing 
8 659 395 739 526 140319 0 0 1 standing 
9 759 356 828 489 140300 0 0 0 standing 
9 759 355 821 490 140301 0 0 1 standing 
9 759 354 814 491 140302 0 0 1 standing 
9 759 354 807 493 140303 0 0 0 standing 
9 757 356 805 493 140304 0 0 1 standing 
9 755 358 803 493 140305 0 0 1 standing 
9 754 361 802 493 140306 0 0 0 standing 
9 754 365 802 494 140307 0 0 1 standing 
9 755 369 803 495 140308 0 0 1 standing 
9 756 373 804 497 140309 0 0 0 standing 
9 753 376 805 496 140310 0 0 1 standing 
9 750 379 806 495 140311 0 0 1 standing 
9 748 382 807 494 140312 0 0 0 standing 
9 748 384 805 493 140313 0 0 1 standing 
9 748 387 803 493 140314 0 0 1 standing 
9 748 390 801 493 140315 0 0 0 standing 
9 747 389 800 490 140316 0 0 1 standing 
9 747 389 800 488 140317 0 0 1 standing 
9 746 388 799 486 140318 0 0 1 standing 
9 746 388 799 484 140319 0 0 1 standing 
10 837 390 888 526 140300 0 0 0 standing 
10 836 389 886 526 140301 0 0 1 standing 
10 836 389 885 527 140302 0 0 1 standing 
10 836 389 884 528 140303 0 0 0 standing 
10 837 388 885 525 140304 0 0 1 standing 
10 838 387 886 522 140305 0 0 1 standing 
10 839 387 887 520 140306 0 0 0 standing 
10 839 388 887 521 140307 0 0 1 standing 
10 840 389 888 522 140308 0 0 1 standing 
10 841 390 889 523 140309 0 0 0 standing 
10 841 391 890 522 140310 0 0 1 standing 
10 842 392 891 522 140311 0 0 1 standing 
10 843 393 892 522 140312 0 0 0 standing 
10 843 393 893 522 140313 0 0 1 standing 
10 843 394 895 522 140314 0 0 1 standing 
10 843 395 897 523 140315 0 0 0 standing 
10 843 395 897 523 140316 0 0 1 standing 
10 843 395 897 523 140317 0 0 1 standing 
10 844 395 898 523 140318 0 0 1 standing 
10 844 395 898 523 140319 0 0 1 standing 
11 956 421 1019 556 140300 0 0 0 standing 
11 963 420 1028 553 140301 0 0 1 waiting 
11 970 419 1037 551 140302 0 0 1 waiting 
11 978 419 1046 549 140303 0 0 0 waiting 
11 986 422 1054 551 140304 0 0 1 waiting 
11 994 425 1062 553 140305 0 0 1 waiting 
11 1003 428 1071 555 140306 0 0 0 waiting 
11 1013 428 1081 556 140307 0 0 1 waiting 
11 1024 429 1092 557 140308 0 0 1 waiting 
11 1035 430 1103 558 140309 0 0 0 waiting 
11 1038 429 1108 558 140310 0 0 1 waiting 
11 1041 429 1113 558 140311 0 0 1 waiting 
11 1045 429 1118 558 140312 0 0 0 waiting 
11 1049 427 1118 558 140313 0 0 1 waiting 
11 1054 426 1118 558 140314 0 0 1 waiting 
11 1059 425 1118 559 140315 0 0 0 waiting 
11 1059 426 1117 558 140316 0 0 1 waiting 
11 1059 427 1117 557 140317 0 0 1 waiting 
11 1059 429 1117 556 140318 0 0 1 waiting 
11 1059 430 1117 555 140319 0 0 1 waiting 
