0 772 254 826 368 18470 0 1 0 spiking 
0 770 248 824 365 18471 0 1 1 spiking 
0 768 243 822 362 18472 0 1 1 spiking 
0 767 238 820 359 18473 0 1 1 spiking 
0 765 232 818 356 18474 0 1 1 spiking 
0 763 227 816 353 18475 0 1 1 spiking 
0 762 222 815 351 18476 0 1 0 spiking 
0 764 228 816 349 18477 0 1 1 spiking 
0 766 234 817 347 18478 0 1 1 spiking 
0 769 240 818 345 18479 0 1 0 spiking 
0 767 245 823 348 18480 0 1 1 spiking 
0 766 251 828 351 18481 0 1 1 spiking 
0 765 257 833 354 18482 0 1 1 spiking 
0 764 263 838 358 18483 0 1 0 spiking 
0 762 268 833 361 18484 0 1 1 spiking 
0 761 274 828 365 18485 0 1 1 spiking 
0 760 280 824 368 18486 0 1 1 spiking 
0 759 286 819 372 18487 0 1 1 spiking 
0 758 292 814 375 18488 0 1 1 spiking 
0 757 298 810 379 18489 0 1 1 spiking 
1 630 286 672 403 18470 0 1 0 spiking 
1 636 282 678 399 18471 0 1 1 blocking 
1 642 278 684 395 18472 0 1 1 blocking 
1 648 274 691 391 18473 0 1 1 blocking 
1 655 270 697 387 18474 0 1 1 blocking 
1 661 266 704 383 18475 0 1 1 blocking 
1 667 262 710 379 18476 0 1 1 blocking 
1 673 258 717 375 18477 0 1 1 blocking 
1 680 254 723 371 18478 0 1 1 blocking 
1 686 250 730 367 18479 0 1 1 blocking 
1 692 246 736 363 18480 0 1 1 blocking 
1 699 242 743 359 18481 0 1 0 blocking 
1 699 245 744 362 18482 0 1 1 blocking 
1 700 248 746 365 18483 0 1 1 blocking 
1 701 251 748 368 18484 0 1 1 blocking 
1 702 254 750 371 18485 0 1 1 blocking 
1 703 258 752 374 18486 0 1 1 blocking 
1 704 261 754 377 18487 0 1 1 blocking 
1 705 264 756 380 18488 0 1 1 blocking 
1 706 267 758 383 18489 0 1 1 blocking 
2 632 307 676 425 18470 0 1 0 blocking 
2 638 296 682 421 18471 0 1 1 blocking 
2 645 286 688 417 18472 0 1 1 blocking 
2 652 275 694 413 18473 0 1 1 blocking 
2 658 265 700 409 18474 0 1 1 blocking 
2 665 254 706 405 18475 0 1 1 blocking 
2 672 244 713 401 18476 0 1 0 blocking 
2 674 243 718 398 18477 0 1 1 blocking 
2 676 242 724 395 18478 0 1 1 blocking 
2 678 241 729 392 18479 0 1 1 blocking 
2 680 240 735 389 18480 0 1 1 blocking 
2 682 240 741 386 18481 0 1 0 blocking 
2 683 244 742 386 18482 0 1 1 blocking 
2 685 248 743 386 18483 0 1 1 blocking 
2 686 253 745 387 18484 0 1 1 blocking 
2 688 257 746 387 18485 0 1 1 blocking 
2 689 262 748 387 18486 0 1 1 blocking 
2 691 266 749 388 18487 0 1 1 blocking 
2 692 271 751 388 18488 0 1 1 blocking 
2 694 275 752 388 18489 0 1 1 blocking 
3 235 397 286 512 18470 0 0 0 blocking 
3 237 398 291 511 18471 0 0 1 digging 
3 240 399 296 510 18472 0 0 1 digging 
3 243 400 301 510 18473 0 0 0 digging 
3 246 396 304 509 18474 0 0 1 digging 
3 249 393 307 508 18475 0 0 1 digging 
3 253 390 311 507 18476 0 0 0 digging 
3 254 390 316 508 18477 0 0 1 digging 
3 256 391 321 509 18478 0 0 1 digging 
3 258 392 327 511 18479 0 0 0 digging 
3 261 395 330 512 18480 0 0 1 digging 
3 264 399 333 513 18481 0 0 1 digging 
3 268 403 336 515 18482 0 0 0 digging 
3 273 403 341 515 18483 0 0 1 digging 
3 278 404 346 515 18484 0 0 1 digging 
3 283 405 352 515 18485 0 0 0 digging 
3 287 404 356 514 18486 0 0 1 digging 
3 291 403 360 514 18487 0 0 1 digging 
3 296 403 365 514 18488 0 0 0 digging 
3 294 401 363 513 18489 0 0 1 digging 
4 320 318 365 414 18470 0 0 0 digging 
4 323 316 370 410 18471 0 0 1 digging 
4 327 315 375 406 18472 0 0 1 digging 
4 331 314 380 403 18473 0 0 0 digging 
4 335 314 387 400 18474 0 0 1 digging 
4 340 314 394 398 18475 0 0 1 digging 
4 345 315 401 396 18476 0 0 0 digging 
4 351 313 407 396 18477 0 0 1 digging 
4 357 312 414 396 18478 0 0 1 digging 
4 363 311 421 397 18479 0 0 0 digging 
4 371 309 429 396 18480 0 0 1 digging 
4 379 307 437 395 18481 0 0 1 digging 
4 388 306 445 394 18482 0 0 0 digging 
4 393 307 450 395 18483 0 0 1 digging 
4 398 308 455 396 18484 0 0 1 digging 
4 403 309 461 397 18485 0 0 0 digging 
4 406 308 464 396 18486 0 0 1 digging 
4 409 308 467 396 18487 0 0 1 digging 
4 412 308 470 396 18488 0 0 0 digging 
4 412 307 467 396 18489 0 0 1 digging 
5 351 420 427 535 18470 0 0 0 digging 
5 355 419 431 534 18471 0 0 1 waiting 
5 360 418 436 533 18472 0 0 1 waiting 
5 365 417 441 532 18473 0 0 0 waiting 
5 371 413 445 528 18474 0 0 1 waiting 
5 377 410 449 525 18475 0 0 1 waiting 
5 383 407 453 522 18476 0 0 0 waiting 
5 387 405 456 521 18477 0 0 1 waiting 
5 392 403 459 520 18478 0 0 1 waiting 
5 397 402 463 520 18479 0 0 0 waiting 
5 398 403 468 517 18480 0 0 1 waiting 
5 399 404 473 515 18481 0 0 1 waiting 
5 400 405 478 513 18482 0 0 0 waiting 
5 405 407 486 512 18483 0 0 1 waiting 
5 410 409 495 511 18484 0 0 1 waiting 
5 416 412 504 511 18485 0 0 0 waiting 
5 424 410 509 512 18486 0 0 1 waiting 
5 432 408 514 513 18487 0 0 1 waiting 
5 440 407 520 514 18488 0 0 0 waiting 
5 450 406 522 514 18489 0 0 1 waiting 
6 572 408 636 524 18470 0 0 0 waiting 
6 572 405 637 519 18471 0 0 1 waiting 
6 573 402 639 515 18472 0 0 1 waiting 
6 574 400 641 511 18473 0 0 0 waiting 
6 573 399 641 506 18474 0 0 1 waiting 
6 572 398 641 501 18475 0 0 1 waiting 
6 572 398 641 497 18476 0 0 0 waiting 
6 567 397 640 493 18477 0 0 1 waiting 
6 562 397 639 489 18478 0 0 1 waiting 
6 558 397 638 485 18479 0 0 0 waiting 
6 560 396 641 484 18480 0 0 1 waiting 
6 562 395 644 483 18481 0 0 1 waiting 
6 564 395 647 482 18482 0 0 0 waiting 
6 569 391 650 482 18483 0 0 1 waiting 
6 574 388 654 482 18484 0 0 1 waiting 
6 580 385 658 482 18485 0 0 0 waiting 
6 582 377 661 481 18486 0 0 1 waiting 
6 585 370 664 481 18487 0 0 1 waiting 
6 588 363 668 481 18488 0 0 0 waiting 
6 586 355 666 480 18489 0 0 1 waiting 
7 692 300 740 428 18470 0 0 0 waiting 
7 695 304 743 432 18471 0 0 1 standing 
7 699 308 747 437 18472 0 0 1 standing 
7 703 313 751 442 18473 0 0 0 standing 
7 708 320 755 446 18474 0 0 1 standing 
7 713 327 760 450 18475 0 0 1 standing 
7 718 335 765 454 18476 0 0 0 standing 
7 723 336 770 452 18477 0 0 1 standing 
7 728 338 776 451 18478 0 0 1 standing 
7 734 340 782 450 18479 0 0 0 standing 
7 739 339 787 448 18480 0 0 1 standing 
7 744 338 792 447 18481 0 0 1 standing 
7 750 338 797 446 18482 0 0 0 standing 
7 754 338 801 446 18483 0 0 1 standing 
7 759 338 806 446 18484 0 0 1 standing 
7 764 338 811 446 18485 0 0 0 standing 
7 766 337 813 445 18486 0 0 1 standing 
7 768 336 815 445 18487 0 0 1 standing 
7 771 336 817 445 18488 0 0 0 standing 
7 769 334 817 443 18489 0 0 1 standing 
8 792 340 849 436 18470 0 0 0 standing 
8 795 338 849 434 18471 0 0 1 waiting 
8 798 336 849 432 18472 0 0 1 waiting 
8 801 335 850 431 18473 0 0 0 waiting 
8 805 335 854 430 18474 0 0 1 waiting 
8 809 336 858 429 18475 0 0 1 waiting 
8 813 337 862 429 18476 0 0 0 waiting 
8 820 336 869 428 18477 0 0 1 waiting 
8 827 336 876 428 18478 0 0 1 waiting 
8 834 336 883 428 18479 0 0 0 waiting 
8 839 336 888 428 18480 0 0 1 waiting 
8 844 336 893 428 18481 0 0 1 waiting 
8 850 337 899 429 18482 0 0 0 waiting 
8 855 337 904 429 18483 0 0 1 waiting 
8 860 337 909 429 18484 0 0 1 waiting 
8 865 337 914 429 18485 0 0 0 waiting 
8 867 336 916 428 18486 0 0 1 waiting 
8 870 336 918 428 18487 0 0 1 waiting 
8 873 336 920 428 18488 0 0 0 waiting 
8 875 336 920 429 18489 0 0 1 waiting 
9 859 367 924 485 18470 0 0 0 waiting 
9 862 365 925 482 18471 0 0 1 standing 
9 865 363 926 480 18472 0 0 1 standing 
9 868 361 928 478 18473 0 0 0 standing 
9 872 359 929 475 18474 0 0 1 standing 
9 877 357 930 473 18475 0 0 1 standing 
9 882 355 931 471 18476 0 0 0 standing 
9 882 355 934 471 18477 0 0 1 standing 
9 882 355 937 471 18478 0 0 1 standing 
9 882 355 941 472 18479 0 0 0 standing 
9 888 357 946 472 18480 0 0 1 standing 
9 894 359 952 473 18481 0 0 1 standing 
9 900 362 958 474 18482 0 0 0 standing 
9 904 362 962 474 18483 0 0 1 standing 
9 909 363 967 475 18484 0 0 1 standing 
9 914 364 972 476 18485 0 0 0 standing 
9 917 361 975 476 18486 0 0 1 standing 
9 920 358 978 476 18487 0 0 1 standing 
9 923 355 981 476 18488 0 0 0 standing 
9 925 352 980 473 18489 0 0 1 standing 
10 833 445 896 563 18470 0 0 0 standing 
10 824 443 892 561 18471 0 0 1 standing 
10 815 441 889 560 18472 0 0 1 standing 
10 807 440 886 559 18473 0 0 0 standing 
10 804 437 887 556 18474 0 0 1 standing 
10 801 434 888 553 18475 0 0 1 standing 
10 799 432 890 551 18476 0 0 0 standing 
10 806 431 892 550 18477 0 0 1 standing 
10 813 430 894 549 18478 0 0 1 standing 
10 821 430 897 548 18479 0 0 0 standing 
10 828 427 902 549 18480 0 0 1 standing 
10 835 425 907 550 18481 0 0 1 standing 
10 843 423 913 552 18482 0 0 0 standing 
10 845 421 915 551 18483 0 0 1 standing 
10 848 419 917 551 18484 0 0 1 standing 
10 851 418 920 551 18485 0 0 0 standing 
10 855 417 921 551 18486 0 0 1 standing 
10 859 416 923 551 18487 0 0 1 standing 
10 863 415 925 552 18488 0 0 0 standing 
10 861 414 925 551 18489 0 0 1 standing 
11 759 252 813 348 18470 0 0 0 standing 
11 767 249 817 349 18471 0 0 1 standing 
11 776 247 822 350 18472 0 0 1 standing 
11 785 245 827 352 18473 0 0 0 standing 
11 796 243 838 348 18474 0 0 1 standing 
11 807 242 849 344 18475 0 0 1 standing 
11 819 241 860 340 18476 0 0 0 standing 
11 829 240 871 339 18477 0 0 1 standing 
11 839 240 883 338 18478 0 0 1 standing 
11 849 240 895 338 18479 0 0 0 standing 
11 856 241 906 336 18480 0 0 1 standing 
11 863 242 918 334 18481 0 0 1 standing 
11 871 243 930 333 18482 0 0 0 standing 
11 876 243 937 333 18483 0 0 1 standing 
11 881 244 945 333 18484 0 0 1 standing 
11 887 245 953 333 18485 0 0 0 standing 
11 897 244 956 333 18486 0 0 1 standing 
11 907 244 960 333 18487 0 0 1 standing 
11 917 244 964 333 18488 0 0 0 standing 
11 921 243 965 333 18489 0 0 1 standing 
