0 366 473 429 643 119610 0 1 0 spiking 
0 366 467 429 633 119611 0 1 1 spiking 
0 366 462 429 624 119612 0 1 1 spiking 
0 366 456 430 615 119613 0 1 1 spiking 
0 366 451 430 606 119614 0 1 1 spiking 
0 367 446 431 597 119615 0 1 0 spiking 
0 369 438 433 592 119616 0 1 1 spiking 
0 371 430 435 588 119617 0 1 1 spiking 
0 373 422 437 584 119618 0 1 0 spiking 
0 371 427 439 584 119619 0 1 1 spiking 
0 369 432 442 584 119620 0 1 1 spiking 
0 368 438 445 584 119621 0 1 0 spiking 
0 367 445 447 589 119622 0 1 1 spiking 
0 366 453 449 595 119623 0 1 1 spiking 
0 365 460 452 601 119624 0 1 1 spiking 
0 364 468 454 607 119625 0 1 1 spiking 
0 364 476 457 613 119626 0 1 0 spiking 
0 361 480 458 615 119627 0 1 1 spiking 
0 359 484 459 618 119628 0 1 1 spiking 
0 357 488 460 621 119629 0 1 1 spiking 
1 598 500 648 638 119610 0 1 0 spiking 
1 595 490 645 632 119611 0 1 1 blocking 
1 593 480 642 626 119612 0 1 1 blocking 
1 591 470 640 620 119613 0 1 1 blocking 
1 588 461 637 614 119614 0 1 1 blocking 
1 586 451 635 609 119615 0 1 1 blocking 
1 584 441 632 603 119616 0 1 1 blocking 
1 581 432 629 597 119617 0 1 1 blocking 
1 579 422 627 591 119618 0 1 1 blocking 
1 577 412 624 585 119619 0 1 1 blocking 
1 575 403 622 580 119620 0 1 0 blocking 
1 573 407 620 584 119621 0 1 1 blocking 
1 572 411 619 588 119622 0 1 1 blocking 
1 570 415 617 592 119623 0 1 1 blocking 
1 569 419 616 596 119624 0 1 1 blocking 
1 567 423 614 601 119625 0 1 1 blocking 
1 566 427 613 605 119626 0 1 1 blocking 
1 564 431 611 609 119627 0 1 1 blocking 
1 563 435 610 613 119628 0 1 1 blocking 
1 561 439 608 617 119629 0 1 1 blocking 
2 591 450 642 620 119610 0 1 0 blocking 
2 590 445 641 612 119611 0 1 1 blocking 
2 589 440 641 604 119612 0 1 1 blocking 
2 588 435 641 596 119613 0 1 1 blocking 
2 587 430 641 588 119614 0 1 1 blocking 
2 587 425 641 580 119615 0 1 1 blocking 
2 586 420 641 572 119616 0 1 1 blocking 
2 585 415 641 564 119617 0 1 1 blocking 
2 584 410 641 556 119618 0 1 1 blocking 
2 583 405 641 548 119619 0 1 1 blocking 
2 583 401 641 540 119620 0 1 0 blocking 
2 581 405 639 544 119621 0 1 1 blocking 
2 579 410 637 549 119622 0 1 1 blocking 
2 577 415 635 554 119623 0 1 1 blocking 
2 575 420 633 559 119624 0 1 1 blocking 
2 574 425 632 564 119625 0 1 1 blocking 
2 572 430 630 569 119626 0 1 1 blocking 
2 570 435 628 574 119627 0 1 1 blocking 
2 568 440 626 579 119628 0 1 1 blocking 
2 566 445 624 584 119629 0 1 1 blocking 
3 460 427 523 560 119610 0 0 0 blocking 
3 461 426 523 559 119611 0 0 1 standing 
3 462 425 523 559 119612 0 0 1 standing 
3 463 424 524 559 119613 0 0 1 standing 
3 464 423 524 559 119614 0 0 1 standing 
3 465 422 524 559 119615 0 0 1 standing 
3 467 422 525 559 119616 0 0 0 standing 
3 469 421 527 558 119617 0 0 1 standing 
3 471 421 529 558 119618 0 0 1 standing 
3 473 421 531 558 119619 0 0 0 standing 
3 472 424 533 560 119620 0 0 1 standing 
3 472 427 535 562 119621 0 0 1 standing 
3 472 430 537 564 119622 0 0 0 standing 
3 471 435 535 562 119623 0 0 1 standing 
3 470 441 534 560 119624 0 0 1 standing 
3 469 447 533 558 119625 0 0 0 standing 
3 464 446 529 557 119626 0 0 1 standing 
3 459 446 525 557 119627 0 0 1 standing 
3 455 445 521 557 119628 0 0 1 standing 
3 450 445 517 557 119629 0 0 1 standing 
4 326 466 375 597 119610 0 0 0 standing 
4 327 466 376 597 119611 0 0 1 standing 
4 328 467 377 597 119612 0 0 1 standing 
4 330 468 378 598 119613 0 0 0 standing 
4 333 468 380 600 119614 0 0 1 standing 
4 336 468 383 602 119615 0 0 1 standing 
4 340 468 386 604 119616 0 0 0 standing 
4 341 467 387 603 119617 0 0 1 standing 
4 343 467 389 603 119618 0 0 1 standing 
4 345 467 391 603 119619 0 0 0 standing 
4 346 467 397 603 119620 0 0 1 standing 
4 347 468 404 604 119621 0 0 1 standing 
4 348 469 411 605 119622 0 0 0 standing 
4 347 472 410 607 119623 0 0 1 standing 
4 347 476 409 609 119624 0 0 1 standing 
4 347 480 409 612 119625 0 0 0 standing 
4 343 480 403 611 119626 0 0 1 standing 
4 340 481 398 610 119627 0 0 1 standing 
4 337 481 392 609 119628 0 0 1 standing 
4 334 482 387 608 119629 0 0 1 standing 
5 353 428 427 538 119610 0 0 0 standing 
5 353 426 417 536 119611 0 0 1 standing 
5 354 424 408 535 119612 0 0 1 standing 
5 355 423 399 534 119613 0 0 0 standing 
5 353 422 397 533 119614 0 0 1 standing 
5 352 421 396 532 119615 0 0 1 standing 
5 351 421 395 532 119616 0 0 0 standing 
5 348 419 391 528 119617 0 0 1 standing 
5 345 417 388 525 119618 0 0 1 standing 
5 342 416 385 522 119619 0 0 0 standing 
5 338 416 386 526 119620 0 0 1 standing 
5 334 416 387 531 119621 0 0 1 standing 
5 330 416 388 536 119622 0 0 0 standing 
5 322 420 388 540 119623 0 0 1 standing 
5 315 424 388 545 119624 0 0 1 standing 
5 308 429 388 550 119625 0 0 0 standing 
5 303 429 383 548 119626 0 0 1 standing 
5 298 430 378 547 119627 0 0 1 standing 
5 294 431 373 545 119628 0 0 1 standing 
5 289 432 368 544 119629 0 0 1 standing 
6 465 369 509 468 119610 0 0 0 standing 
6 466 369 510 468 119611 0 0 1 standing 
6 467 369 511 468 119612 0 0 1 standing 
6 469 369 513 468 119613 0 0 0 standing 
6 471 368 514 472 119614 0 0 1 standing 
6 473 367 516 477 119615 0 0 1 standing 
6 475 367 518 482 119616 0 0 0 standing 
6 475 367 519 482 119617 0 0 1 standing 
6 476 367 520 482 119618 0 0 1 standing 
6 477 367 522 482 119619 0 0 0 standing 
6 477 368 522 483 119620 0 0 1 standing 
6 477 370 522 484 119621 0 0 1 standing 
6 477 372 523 485 119622 0 0 0 standing 
6 473 373 523 485 119623 0 0 1 standing 
6 469 374 523 486 119624 0 0 1 standing 
6 466 375 524 487 119625 0 0 0 standing 
6 465 376 521 490 119626 0 0 1 standing 
6 464 377 519 493 119627 0 0 1 standing 
6 463 378 517 496 119628 0 0 1 standing 
6 462 379 515 499 119629 0 0 1 standing 
7 197 484 275 606 119610 0 0 0 standing 
7 200 484 277 605 119611 0 0 1 standing 
7 203 484 280 605 119612 0 0 1 standing 
7 207 484 283 605 119613 0 0 0 standing 
7 208 484 284 607 119614 0 0 1 standing 
7 210 484 285 610 119615 0 0 1 standing 
7 212 485 287 613 119616 0 0 0 standing 
7 214 486 289 614 119617 0 0 1 standing 
7 216 487 291 615 119618 0 0 1 standing 
7 219 488 294 616 119619 0 0 0 standing 
7 222 488 295 618 119620 0 0 1 standing 
7 225 489 296 620 119621 0 0 1 standing 
7 229 490 298 623 119622 0 0 0 standing 
7 229 491 295 624 119623 0 0 1 standing 
7 229 493 293 626 119624 0 0 1 standing 
7 230 495 291 628 119625 0 0 0 standing 
7 227 495 288 628 119626 0 0 1 standing 
7 224 496 285 628 119627 0 0 1 standing 
7 221 497 282 628 119628 0 0 1 standing 
7 218 498 279 628 119629 0 0 1 standing 
8 700 401 767 502 119610 0 0 0 standing 
8 705 402 773 505 119611 0 0 1 standing 
8 711 404 779 509 119612 0 0 1 standing 
8 717 406 785 513 119613 0 0 0 standing 
8 719 405 784 512 119614 0 0 1 standing 
8 721 405 784 511 119615 0 0 1 standing 
8 724 405 784 511 119616 0 0 0 standing 
8 724 404 784 513 119617 0 0 1 standing 
8 725 404 784 515 119618 0 0 1 standing 
8 726 404 785 517 119619 0 0 0 standing 
8 723 407 788 519 119620 0 0 1 standing 
8 720 410 792 522 119621 0 0 1 standing 
8 717 413 796 525 119622 0 0 0 standing 
8 717 415 796 527 119623 0 0 1 standing 
8 717 418 796 529 119624 0 0 1 standing 
8 718 421 797 532 119625 0 0 0 standing 
8 713 420 792 532 119626 0 0 1 standing 
8 708 419 787 532 119627 0 0 1 standing 
8 704 418 782 532 119628 0 0 1 standing 
8 699 417 777 532 119629 0 0 1 standing 
9 869 418 956 510 119610 0 0 0 standing 
9 872 419 961 512 119611 0 0 1 standing 
9 875 421 966 515 119612 0 0 1 standing 
9 878 423 971 518 119613 0 0 0 standing 
9 877 422 970 517 119614 0 0 1 standing 
9 877 421 969 517 119615 0 0 1 standing 
9 876 420 968 517 119616 0 0 1 standing 
9 876 419 967 516 119617 0 0 1 standing 
9 875 418 966 516 119618 0 0 1 standing 
9 875 418 965 516 119619 0 0 0 standing 
9 878 419 965 516 119620 0 0 1 standing 
9 882 420 965 516 119621 0 0 1 standing 
9 886 422 966 517 119622 0 0 0 standing 
9 884 423 964 518 119623 0 0 1 standing 
9 882 424 962 519 119624 0 0 1 standing 
9 880 426 961 520 119625 0 0 0 standing 
9 873 423 954 519 119626 0 0 1 standing 
9 867 420 947 519 119627 0 0 1 standing 
9 860 417 940 518 119628 0 0 1 standing 
9 854 414 933 518 119629 0 0 1 standing 
10 1040 460 1115 584 119610 0 0 0 standing 
10 1042 460 1114 584 119611 0 0 1 standing 
10 1044 460 1114 584 119612 0 0 1 standing 
10 1047 460 1114 584 119613 0 0 0 standing 
10 1048 458 1113 583 119614 0 0 1 standing 
10 1049 456 1113 582 119615 0 0 1 standing 
10 1050 455 1113 582 119616 0 0 0 standing 
10 1051 453 1116 580 119617 0 0 1 standing 
10 1052 452 1119 578 119618 0 0 1 standing 
10 1054 451 1122 576 119619 0 0 0 standing 
10 1054 453 1122 578 119620 0 0 1 standing 
10 1054 455 1122 580 119621 0 0 1 standing 
10 1054 458 1122 582 119622 0 0 0 standing 
10 1050 461 1118 580 119623 0 0 1 standing 
10 1047 464 1114 578 119624 0 0 1 standing 
10 1044 467 1111 576 119625 0 0 0 standing 
10 1040 463 1106 575 119626 0 0 1 standing 
10 1036 459 1101 575 119627 0 0 1 standing 
10 1032 456 1096 575 119628 0 0 1 standing 
10 1028 452 1091 575 119629 0 0 1 standing 
11 1005 521 1072 648 119610 0 0 0 standing 
11 1006 523 1071 648 119611 0 0 1 standing 
11 1007 525 1071 649 119612 0 0 1 standing 
11 1009 527 1071 650 119613 0 0 0 standing 
11 1008 526 1076 650 119614 0 0 1 standing 
11 1008 525 1081 650 119615 0 0 1 standing 
11 1008 524 1086 651 119616 0 0 0 standing 
11 1005 523 1082 650 119617 0 0 1 standing 
11 1003 522 1078 650 119618 0 0 1 standing 
11 1001 521 1074 650 119619 0 0 0 standing 
11 996 522 1067 649 119620 0 0 1 standing 
11 992 524 1060 648 119621 0 0 1 standing 
11 988 526 1054 648 119622 0 0 0 standing 
11 985 526 1051 648 119623 0 0 1 standing 
11 983 527 1048 648 119624 0 0 1 standing 
11 981 528 1046 648 119625 0 0 0 standing 
11 977 526 1040 647 119626 0 0 1 standing 
11 973 525 1035 647 119627 0 0 1 standing 
11 969 523 1030 646 119628 0 0 1 standing 
11 965 522 1025 646 119629 0 0 1 standing 
