0 932 457 980 540 35800 0 1 0 digging 
0 928 454 976 537 35801 0 1 1 digging 
0 924 451 972 535 35802 0 1 1 digging 
0 920 448 968 533 35803 0 1 1 digging 
0 916 445 964 531 35804 0 1 1 digging 
0 913 442 960 529 35805 0 1 1 digging 
0 909 439 956 527 35806 0 1 1 digging 
0 905 436 952 525 35807 0 1 1 digging 
0 901 433 948 523 35808 0 1 1 digging 
0 897 430 944 521 35809 0 1 1 digging 
0 894 428 941 519 35810 0 1 0 digging 
0 894 428 941 518 35811 0 1 1 digging 
0 894 429 941 517 35812 0 1 1 digging 
0 894 429 941 516 35813 0 1 1 digging 
0 894 430 941 516 35814 0 1 1 digging 
0 895 430 941 515 35815 0 1 1 digging 
0 895 431 941 514 35816 0 1 1 digging 
0 895 431 941 514 35817 0 1 1 digging 
0 895 432 941 513 35818 0 1 1 digging 
0 895 432 941 512 35819 0 1 1 digging 
1 969 520 1030 637 35800 0 0 0 digging 
1 964 518 1024 635 35801 0 0 1 standing 
1 959 517 1018 634 35802 0 0 1 standing 
1 955 516 1012 632 35803 0 0 1 standing 
1 950 515 1006 631 35804 0 0 1 standing 
1 946 514 1001 630 35805 0 0 0 standing 
1 944 514 996 631 35806 0 0 1 standing 
1 942 514 992 633 35807 0 0 1 standing 
1 941 514 988 635 35808 0 0 1 standing 
1 939 514 984 637 35809 0 0 1 standing 
1 938 514 980 639 35810 0 0 0 standing 
1 938 514 981 638 35811 0 0 1 standing 
1 938 514 982 638 35812 0 0 1 standing 
1 938 514 983 638 35813 0 0 1 standing 
1 938 514 984 638 35814 0 0 1 standing 
1 938 514 985 638 35815 0 0 1 standing 
1 938 514 986 638 35816 0 0 1 standing 
1 938 514 987 638 35817 0 0 1 standing 
1 938 514 988 638 35818 0 0 1 standing 
1 938 514 989 638 35819 0 0 1 standing 
2 986 474 1036 566 35800 0 0 0 standing 
2 982 471 1031 563 35801 0 0 1 digging 
2 978 469 1026 561 35802 0 0 1 digging 
2 975 467 1022 559 35803 0 0 1 digging 
2 971 465 1017 557 35804 0 0 1 digging 
2 968 463 1013 555 35805 0 0 0 digging 
2 965 461 1009 553 35806 0 0 1 digging 
2 963 459 1006 551 35807 0 0 1 digging 
2 960 458 1002 549 35808 0 0 1 digging 
2 958 456 999 547 35809 0 0 1 digging 
2 956 455 996 546 35810 0 0 0 digging 
2 955 453 996 544 35811 0 0 1 digging 
2 954 452 997 542 35812 0 0 1 digging 
2 954 451 998 541 35813 0 0 0 digging 
2 954 451 999 541 35814 0 0 1 digging 
2 954 452 1000 542 35815 0 0 1 digging 
2 954 453 1002 542 35816 0 0 1 digging 
2 954 453 1003 543 35817 0 0 1 digging 
2 954 454 1005 543 35818 0 0 1 digging 
2 954 455 1006 544 35819 0 0 1 digging 
3 1079 450 1127 562 35800 0 0 0 digging 
3 1073 449 1120 561 35801 0 0 1 standing 
3 1067 448 1113 560 35802 0 0 1 standing 
3 1061 447 1107 559 35803 0 0 1 standing 
3 1055 446 1100 558 35804 0 0 1 standing 
3 1049 446 1094 557 35805 0 0 0 standing 
3 1045 443 1090 554 35806 0 0 1 standing 
3 1042 441 1086 552 35807 0 0 1 standing 
3 1039 439 1082 549 35808 0 0 1 standing 
3 1036 437 1078 547 35809 0 0 1 standing 
3 1033 435 1074 545 35810 0 0 0 standing 
3 1031 434 1072 544 35811 0 0 1 standing 
3 1030 434 1071 544 35812 0 0 1 standing 
3 1029 433 1070 543 35813 0 0 1 standing 
3 1027 433 1068 543 35814 0 0 1 standing 
3 1026 433 1067 543 35815 0 0 1 standing 
3 1025 432 1066 542 35816 0 0 1 standing 
3 1023 432 1064 542 35817 0 0 1 standing 
3 1022 431 1063 541 35818 0 0 1 standing 
3 1021 431 1062 541 35819 0 0 1 standing 
4 792 470 851 583 35800 0 0 0 standing 
4 788 466 845 580 35801 0 0 1 standing 
4 785 463 840 577 35802 0 0 1 standing 
4 782 459 834 574 35803 0 0 1 standing 
4 779 456 829 571 35804 0 0 1 standing 
4 776 453 824 569 35805 0 0 0 standing 
4 774 449 821 565 35806 0 0 1 standing 
4 772 445 819 562 35807 0 0 1 standing 
4 770 441 817 559 35808 0 0 1 standing 
4 768 437 815 556 35809 0 0 1 standing 
4 767 433 813 553 35810 0 0 0 standing 
4 767 432 813 552 35811 0 0 1 standing 
4 768 432 814 551 35812 0 0 1 standing 
4 769 432 815 550 35813 0 0 1 standing 
4 770 432 816 549 35814 0 0 1 standing 
4 771 432 817 548 35815 0 0 1 standing 
4 772 431 817 547 35816 0 0 1 standing 
4 773 431 818 546 35817 0 0 1 standing 
4 774 431 819 545 35818 0 0 1 standing 
4 775 431 820 544 35819 0 0 1 standing 
5 653 447 696 543 35800 0 0 0 standing 
5 646 445 688 540 35801 0 0 1 standing 
5 639 443 681 538 35802 0 0 1 standing 
5 632 442 674 536 35803 0 0 1 standing 
5 625 440 667 534 35804 0 0 1 standing 
5 618 439 660 532 35805 0 0 0 standing 
5 614 437 656 530 35806 0 0 1 standing 
5 611 435 653 529 35807 0 0 1 standing 
5 607 433 650 527 35808 0 0 1 standing 
5 604 431 647 526 35809 0 0 1 standing 
5 601 429 644 525 35810 0 0 0 standing 
5 599 428 641 523 35811 0 0 1 standing 
5 598 427 639 522 35812 0 0 1 standing 
5 597 426 637 521 35813 0 0 0 standing 
5 596 426 637 521 35814 0 0 1 standing 
5 595 426 638 521 35815 0 0 1 standing 
5 595 426 638 521 35816 0 0 1 standing 
5 594 427 639 522 35817 0 0 1 standing 
5 594 427 639 522 35818 0 0 1 standing 
5 593 427 640 522 35819 0 0 1 standing 
6 569 475 608 595 35800 0 0 0 standing 
6 564 474 603 595 35801 0 0 1 standing 
6 560 473 599 595 35802 0 0 1 standing 
6 556 472 595 595 35803 0 0 1 standing 
6 552 471 591 595 35804 0 0 1 standing 
6 548 471 587 596 35805 0 0 0 standing 
6 544 469 583 595 35806 0 0 1 standing 
6 540 468 579 595 35807 0 0 1 standing 
6 537 467 575 594 35808 0 0 1 standing 
6 533 466 571 594 35809 0 0 1 standing 
6 530 465 568 594 35810 0 0 0 standing 
6 529 465 567 594 35811 0 0 1 standing 
6 529 465 566 594 35812 0 0 1 standing 
6 528 465 566 594 35813 0 0 1 standing 
6 528 465 565 594 35814 0 0 1 standing 
6 527 465 565 595 35815 0 0 1 standing 
6 527 465 564 595 35816 0 0 1 standing 
6 526 465 563 595 35817 0 0 1 standing 
6 526 465 563 595 35818 0 0 1 standing 
6 525 465 562 595 35819 0 0 1 standing 
7 386 447 451 527 35800 0 0 0 standing 
7 378 445 443 525 35801 0 0 1 waiting 
7 370 444 435 524 35802 0 0 1 waiting 
7 362 442 427 522 35803 0 0 1 waiting 
7 354 441 419 521 35804 0 0 1 waiting 
7 346 440 411 520 35805 0 0 0 waiting 
7 341 438 406 518 35806 0 0 1 waiting 
7 336 437 401 517 35807 0 0 1 waiting 
7 332 436 397 516 35808 0 0 1 waiting 
7 327 435 392 515 35809 0 0 1 waiting 
7 323 434 388 514 35810 0 0 0 waiting 
7 320 432 385 513 35811 0 0 1 waiting 
7 318 431 383 513 35812 0 0 1 waiting 
7 316 430 381 513 35813 0 0 0 waiting 
7 315 428 380 512 35814 0 0 1 waiting 
7 315 427 379 512 35815 0 0 1 waiting 
7 314 426 379 512 35816 0 0 1 waiting 
7 314 425 378 512 35817 0 0 1 waiting 
7 313 424 378 512 35818 0 0 1 waiting 
7 313 423 377 512 35819 0 0 1 waiting 
8 317 514 375 616 35800 0 0 0 waiting 
8 310 512 367 615 35801 0 0 1 standing 
8 303 511 360 614 35802 0 0 1 standing 
8 297 509 353 613 35803 0 0 1 standing 
8 290 508 346 612 35804 0 0 1 standing 
8 284 507 339 611 35805 0 0 0 standing 
8 279 506 333 610 35806 0 0 1 standing 
8 274 505 327 610 35807 0 0 1 standing 
8 269 505 321 610 35808 0 0 1 standing 
8 264 504 315 610 35809 0 0 1 standing 
8 259 504 310 610 35810 0 0 0 standing 
8 257 503 308 610 35811 0 0 1 standing 
8 256 503 307 610 35812 0 0 1 standing 
8 255 502 306 610 35813 0 0 1 standing 
8 254 502 304 610 35814 0 0 1 standing 
8 253 501 303 610 35815 0 0 1 standing 
8 251 501 302 610 35816 0 0 1 standing 
8 250 500 300 610 35817 0 0 1 standing 
8 249 500 299 610 35818 0 0 1 standing 
8 248 499 298 610 35819 0 0 1 standing 
9 580 456 622 564 35800 0 0 0 standing 
9 574 454 616 562 35801 0 0 1 standing 
9 569 453 611 561 35802 0 0 1 standing 
9 563 451 605 559 35803 0 0 1 standing 
9 558 450 600 558 35804 0 0 1 standing 
9 552 449 594 557 35805 0 0 1 standing 
9 547 447 589 555 35806 0 0 1 standing 
9 541 446 583 554 35807 0 0 1 standing 
9 536 444 578 552 35808 0 0 1 standing 
9 530 443 572 551 35809 0 0 1 standing 
9 525 442 567 550 35810 0 0 0 standing 
9 524 441 566 549 35811 0 0 1 standing 
9 524 440 566 548 35812 0 0 1 standing 
9 524 440 566 548 35813 0 0 1 standing 
9 524 439 566 547 35814 0 0 1 standing 
9 524 439 566 547 35815 0 0 1 standing 
9 523 438 565 546 35816 0 0 1 standing 
9 523 437 565 545 35817 0 0 1 standing 
9 523 437 565 545 35818 0 0 1 standing 
9 523 436 565 544 35819 0 0 1 standing 
10 590 432 627 542 35800 0 0 0 standing 
10 584 431 621 541 35801 0 0 1 standing 
10 579 430 616 540 35802 0 0 1 standing 
10 574 429 611 539 35803 0 0 1 standing 
10 569 428 606 538 35804 0 0 1 standing 
10 564 427 601 537 35805 0 0 1 standing 
10 558 426 595 536 35806 0 0 1 standing 
10 553 425 590 535 35807 0 0 1 standing 
10 548 424 585 534 35808 0 0 1 standing 
10 543 423 580 533 35809 0 0 1 standing 
10 538 422 575 532 35810 0 0 0 standing 
10 538 421 575 531 35811 0 0 1 standing 
10 538 420 575 530 35812 0 0 1 standing 
10 538 420 575 530 35813 0 0 1 standing 
10 538 419 575 529 35814 0 0 1 standing 
10 538 419 575 529 35815 0 0 1 standing 
10 538 418 575 528 35816 0 0 1 standing 
10 538 417 575 527 35817 0 0 1 standing 
10 538 417 575 527 35818 0 0 1 standing 
10 538 416 575 526 35819 0 0 1 standing 
11 163 468 213 593 35800 0 0 0 standing 
11 157 464 207 589 35801 0 0 1 standing 
11 151 461 201 585 35802 0 0 1 standing 
11 145 458 195 581 35803 0 0 1 standing 
11 139 455 189 577 35804 0 0 1 standing 
11 133 452 183 574 35805 0 0 0 standing 
11 128 452 178 573 35806 0 0 1 standing 
11 123 452 173 573 35807 0 0 1 standing 
11 119 452 168 572 35808 0 0 1 standing 
11 114 452 163 572 35809 0 0 1 standing 
11 110 453 159 572 35810 0 0 0 standing 
11 110 452 159 571 35811 0 0 1 standing 
11 110 452 159 570 35812 0 0 1 standing 
11 110 451 159 570 35813 0 0 1 standing 
11 111 451 159 569 35814 0 0 1 standing 
11 111 450 159 569 35815 0 0 1 standing 
11 111 450 159 568 35816 0 0 1 standing 
11 112 449 159 567 35817 0 0 1 standing 
11 112 449 159 567 35818 0 0 1 standing 
11 112 448 159 566 35819 0 0 1 standing 
