0 187 425 239 535 15680 0 1 0 standing 
0 198 424 249 534 15681 0 1 1 standing 
0 209 424 260 534 15682 0 1 1 standing 
0 220 424 271 534 15683 0 1 0 standing 
0 241 422 291 532 15684 0 1 1 standing 
0 262 420 312 530 15685 0 1 1 standing 
0 283 418 333 528 15686 0 1 1 standing 
0 305 417 354 526 15687 0 1 0 standing 
0 324 416 385 525 15688 0 1 1 standing 
0 343 416 417 524 15689 0 1 1 standing 
0 362 416 449 524 15690 0 1 0 standing 
0 377 413 468 519 15691 0 1 1 standing 
0 392 411 487 515 15692 0 1 1 standing 
0 407 408 506 510 15693 0 1 1 standing 
0 422 406 525 506 15694 0 1 0 standing 
0 443 406 527 504 15695 0 1 1 standing 
0 464 406 529 502 15696 0 1 1 standing 
0 485 406 532 501 15697 0 1 0 standing 
0 482 406 533 500 15698 0 1 1 standing 
0 479 406 534 499 15699 0 1 1 standing 
1 303 396 351 500 15680 0 0 0 standing 
1 318 397 365 499 15681 0 0 1 standing 
1 334 398 380 498 15682 0 0 1 standing 
1 349 399 394 497 15683 0 0 1 standing 
1 365 401 409 496 15684 0 0 0 standing 
1 385 402 428 495 15685 0 0 1 standing 
1 405 404 447 495 15686 0 0 1 standing 
1 425 406 467 495 15687 0 0 0 standing 
1 446 407 487 494 15688 0 0 1 standing 
1 468 409 508 493 15689 0 0 1 standing 
1 490 411 529 493 15690 0 0 0 standing 
1 509 412 548 494 15691 0 0 1 standing 
1 528 414 567 496 15692 0 0 1 standing 
1 548 416 587 498 15693 0 0 0 standing 
1 559 421 601 499 15694 0 0 1 standing 
1 570 426 615 501 15695 0 0 1 standing 
1 581 431 629 503 15696 0 0 0 standing 
1 582 431 628 505 15697 0 0 1 standing 
1 584 431 627 508 15698 0 0 1 standing 
1 585 431 626 510 15699 0 0 1 standing 
2 589 397 624 510 15680 0 0 0 standing 
2 601 396 636 509 15681 0 0 1 standing 
2 613 396 649 509 15682 0 0 1 standing 
2 625 395 661 508 15683 0 0 1 standing 
2 638 395 674 508 15684 0 0 0 standing 
2 657 395 693 507 15685 0 0 1 standing 
2 676 396 712 506 15686 0 0 1 standing 
2 695 396 731 506 15687 0 0 1 standing 
2 714 397 751 505 15688 0 0 1 standing 
2 733 397 770 505 15689 0 0 1 standing 
2 752 398 789 504 15690 0 0 1 standing 
2 771 399 809 504 15691 0 0 0 standing 
2 781 398 821 503 15692 0 0 1 standing 
2 792 397 834 502 15693 0 0 1 standing 
2 803 396 847 501 15694 0 0 1 standing 
2 814 396 860 501 15695 0 0 0 standing 
2 809 393 857 498 15696 0 0 1 standing 
2 805 390 855 495 15697 0 0 1 standing 
2 801 388 852 493 15698 0 0 1 standing 
2 797 385 850 490 15699 0 0 1 standing 
3 749 348 792 450 15680 0 0 0 standing 
3 758 347 799 450 15681 0 0 1 standing 
3 768 346 806 451 15682 0 0 1 standing 
3 777 345 813 451 15683 0 0 1 standing 
3 787 345 820 452 15684 0 0 0 standing 
3 802 344 836 454 15685 0 0 1 standing 
3 818 343 852 456 15686 0 0 1 standing 
3 834 342 868 458 15687 0 0 1 standing 
3 850 341 885 460 15688 0 0 0 standing 
3 868 341 903 459 15689 0 0 1 standing 
3 887 341 922 459 15690 0 0 1 standing 
3 905 341 940 459 15691 0 0 1 standing 
3 924 341 959 459 15692 0 0 0 standing 
3 935 343 970 461 15693 0 0 1 standing 
3 947 345 982 463 15694 0 0 1 standing 
3 958 347 994 465 15695 0 0 1 standing 
3 970 350 1006 467 15696 0 0 0 standing 
3 969 351 1005 468 15697 0 0 1 standing 
3 969 353 1005 469 15698 0 0 1 standing 
3 969 355 1005 471 15699 0 0 0 standing 
4 900 422 941 549 15680 0 0 0 standing 
4 901 422 943 549 15681 0 0 1 standing 
4 903 423 946 550 15682 0 0 1 standing 
4 905 424 949 551 15683 0 0 0 standing 
4 915 426 960 553 15684 0 0 1 standing 
4 926 429 972 556 15685 0 0 1 standing 
4 937 432 984 559 15686 0 0 1 standing 
4 948 435 996 562 15687 0 0 0 standing 
4 964 435 1013 562 15688 0 0 1 standing 
4 980 436 1030 563 15689 0 0 1 standing 
4 996 436 1047 563 15690 0 0 1 standing 
4 1013 437 1064 564 15691 0 0 0 standing 
4 1027 436 1078 565 15692 0 0 1 standing 
4 1042 436 1093 566 15693 0 0 1 standing 
4 1056 436 1107 567 15694 0 0 1 standing 
4 1071 436 1122 568 15695 0 0 0 standing 
4 1073 434 1123 567 15696 0 0 1 standing 
4 1075 433 1125 567 15697 0 0 1 standing 
4 1077 432 1127 567 15698 0 0 1 standing 
4 1079 431 1129 567 15699 0 0 0 standing 
5 1006 446 1044 574 15680 0 0 0 standing 
5 1017 446 1055 574 15681 0 0 1 standing 
5 1029 446 1067 574 15682 0 0 1 standing 
5 1041 446 1079 574 15683 0 0 0 standing 
5 1058 447 1096 575 15684 0 0 1 standing 
5 1075 449 1113 577 15685 0 0 1 standing 
5 1092 451 1130 579 15686 0 0 1 standing 
5 1110 453 1148 581 15687 0 0 0 standing 
5 1132 454 1170 583 15688 0 0 1 standing 
5 1154 455 1192 585 15689 0 0 1 standing 
5 1177 456 1214 587 15690 0 0 1 standing 
5 1199 457 1236 589 15691 0 0 1 standing 
5 1222 458 1259 591 15692 1 0 0 standing 
5 1225 457 1261 591 15693 1 0 1 standing 
5 1228 457 1264 591 15694 1 0 1 standing 
5 1231 457 1267 591 15695 1 0 1 standing 
5 1234 456 1270 591 15696 1 0 1 standing 
5 1237 456 1273 591 15697 1 0 1 standing 
5 1240 456 1276 591 15698 1 0 0 standing 
5 1240 456 1276 591 15699 1 0 1 standing 
6 278 495 326 619 15680 0 0 0 standing 
6 290 495 338 619 15681 0 0 1 standing 
6 303 495 351 620 15682 0 0 1 standing 
6 315 495 363 621 15683 0 0 1 standing 
6 328 495 376 622 15684 0 0 0 standing 
6 350 491 398 619 15685 0 0 1 standing 
6 372 488 420 616 15686 0 0 1 standing 
6 395 484 442 613 15687 0 0 1 standing 
6 417 481 464 610 15688 0 0 1 standing 
6 439 477 486 607 15689 0 0 1 standing 
6 462 474 509 604 15690 0 0 0 standing 
6 485 470 532 599 15691 0 0 1 standing 
6 508 467 555 595 15692 0 0 1 standing 
6 532 464 578 591 15693 0 0 0 standing 
6 538 463 596 591 15694 0 0 1 standing 
6 545 463 614 591 15695 0 0 1 standing 
6 552 463 633 591 15696 0 0 0 standing 
6 556 462 639 590 15697 0 0 1 standing 
6 560 461 645 589 15698 0 0 1 standing 
6 565 460 651 588 15699 0 0 1 standing 
7 605 379 636 512 15680 0 0 0 standing 
7 618 374 648 511 15681 0 0 1 standing 
7 631 370 661 510 15682 0 0 1 standing 
7 644 366 674 510 15683 0 0 0 standing 
7 664 367 694 508 15684 0 0 1 standing 
7 684 369 714 506 15685 0 0 1 standing 
7 704 370 734 504 15686 0 0 1 standing 
7 724 372 754 502 15687 0 0 0 standing 
7 746 377 776 504 15688 0 0 1 standing 
7 768 382 798 506 15689 0 0 1 standing 
7 790 387 820 509 15690 0 0 1 standing 
7 812 392 842 511 15691 0 0 1 standing 
7 834 398 865 514 15692 0 0 0 standing 
7 847 403 880 521 15693 0 0 1 standing 
7 861 408 895 529 15694 0 0 1 standing 
7 875 414 910 537 15695 0 0 0 standing 
7 878 413 914 538 15696 0 0 1 standing 
7 882 412 919 539 15697 0 0 1 standing 
7 886 412 924 541 15698 0 0 0 standing 
7 882 412 920 541 15699 0 0 1 standing 
8 737 390 778 524 15680 0 0 0 standing 
8 751 388 792 522 15681 0 0 1 standing 
8 765 387 806 521 15682 0 0 1 standing 
8 779 386 820 520 15683 0 0 1 standing 
8 793 385 834 519 15684 0 0 0 standing 
8 814 386 855 520 15685 0 0 1 standing 
8 836 387 877 521 15686 0 0 1 standing 
8 858 388 899 522 15687 0 0 1 standing 
8 880 390 921 524 15688 0 0 0 standing 
8 904 390 945 523 15689 0 0 1 standing 
8 928 390 969 523 15690 0 0 1 standing 
8 952 390 993 522 15691 0 0 1 standing 
8 976 391 1017 522 15692 0 0 0 standing 
8 992 390 1033 521 15693 0 0 1 standing 
8 1008 390 1049 520 15694 0 0 1 standing 
8 1024 390 1065 519 15695 0 0 1 standing 
8 1040 390 1081 518 15696 0 0 0 standing 
8 1044 391 1085 518 15697 0 0 1 standing 
8 1048 392 1089 518 15698 0 0 1 standing 
8 1052 393 1093 518 15699 0 0 1 standing 
9 806 505 852 637 15680 0 0 0 standing 
9 809 505 855 638 15681 0 0 1 standing 
9 812 505 858 640 15682 0 0 1 standing 
9 815 505 861 642 15683 0 0 1 standing 
9 819 506 865 644 15684 0 0 0 standing 
9 830 504 876 643 15685 0 0 1 standing 
9 842 503 888 643 15686 0 0 1 standing 
9 854 501 899 643 15687 0 0 1 standing 
9 866 500 911 643 15688 0 0 0 standing 
9 881 499 926 643 15689 0 0 1 standing 
9 896 499 941 643 15690 0 0 1 standing 
9 912 499 957 643 15691 0 0 0 standing 
9 922 499 967 642 15692 0 0 1 standing 
9 932 500 977 642 15693 0 0 1 standing 
9 942 501 987 642 15694 0 0 1 standing 
9 952 502 997 642 15695 0 0 0 standing 
9 952 502 997 643 15696 0 0 1 standing 
9 952 502 997 644 15697 0 0 1 standing 
9 952 502 997 646 15698 0 0 0 standing 
9 949 499 994 644 15699 0 0 1 standing 
10 573 466 619 594 15680 0 0 0 standing 
10 587 463 633 591 15681 0 0 1 standing 
10 601 460 647 588 15682 0 0 1 standing 
10 615 458 661 586 15683 0 0 1 standing 
10 629 455 675 583 15684 0 0 1 standing 
10 644 453 690 581 15685 0 0 0 standing 
10 663 453 709 581 15686 0 0 1 standing 
10 682 454 728 582 15687 0 0 1 standing 
10 701 455 747 583 15688 0 0 1 standing 
10 720 455 767 583 15689 0 0 1 standing 
10 739 456 786 584 15690 0 0 1 standing 
10 758 457 805 585 15691 0 0 1 standing 
10 777 458 825 586 15692 0 0 0 standing 
10 785 459 834 587 15693 0 0 1 standing 
10 794 461 844 589 15694 0 0 1 standing 
10 803 462 853 590 15695 0 0 1 standing 
10 812 464 863 592 15696 0 0 0 standing 
10 806 465 857 592 15697 0 0 1 standing 
10 800 466 852 593 15698 0 0 1 standing 
10 794 467 846 594 15699 0 0 1 standing 
11 718 368 759 497 15680 0 0 0 standing 
11 726 373 767 501 15681 0 0 1 standing 
11 734 378 775 506 15682 0 0 1 standing 
11 742 383 783 511 15683 0 0 1 standing 
11 750 388 791 516 15684 0 0 0 standing 
11 766 399 807 527 15685 0 0 1 standing 
11 782 410 823 538 15686 0 0 1 standing 
11 798 421 839 549 15687 0 0 0 standing 
11 818 425 859 551 15688 0 0 1 standing 
11 839 429 879 553 15689 0 0 1 standing 
11 860 433 899 556 15690 0 0 0 standing 
11 878 432 917 557 15691 0 0 1 standing 
11 896 432 936 559 15692 0 0 1 standing 
11 914 432 954 561 15693 0 0 1 standing 
11 932 432 973 563 15694 0 0 0 standing 
11 939 433 980 566 15695 0 0 1 standing 
11 946 434 988 569 15696 0 0 1 standing 
11 953 435 996 572 15697 0 0 1 standing 
11 961 437 1004 575 15698 0 0 0 standing 
11 958 436 1001 574 15699 0 0 1 standing 
