0 630 341 677 460 35715 0 1 0 digging 
0 629 340 677 459 35716 0 1 1 digging 
0 628 340 678 458 35717 0 1 1 digging 
0 627 340 679 457 35718 0 1 1 digging 
0 626 340 679 457 35719 0 1 1 digging 
0 626 340 680 456 35720 0 1 1 digging 
0 625 339 681 455 35721 0 1 1 digging 
0 624 339 681 455 35722 0 1 1 digging 
0 623 339 682 454 35723 0 1 1 digging 
0 622 339 683 453 35724 0 1 1 digging 
0 622 339 684 453 35725 0 1 0 digging 
0 626 333 687 452 35726 0 1 1 digging 
0 630 327 691 451 35727 0 1 1 digging 
0 634 321 695 451 35728 0 1 0 digging 
0 638 322 699 450 35729 0 1 1 digging 
0 642 324 704 450 35730 0 1 1 digging 
0 647 326 708 449 35731 0 1 1 digging 
0 651 328 713 449 35732 0 1 1 digging 
0 656 330 717 448 35733 0 1 1 digging 
0 660 332 722 448 35734 0 1 1 digging 
1 973 426 1045 586 35715 0 0 0 digging 
1 971 425 1044 585 35716 0 0 1 standing 
1 969 425 1044 585 35717 0 0 1 standing 
1 967 424 1044 584 35718 0 0 1 standing 
1 966 424 1044 584 35719 0 0 1 standing 
1 964 424 1044 583 35720 0 0 1 standing 
1 962 423 1044 583 35721 0 0 1 standing 
1 961 423 1044 582 35722 0 0 1 standing 
1 959 422 1044 582 35723 0 0 1 standing 
1 957 422 1044 581 35724 0 0 1 standing 
1 956 422 1044 581 35725 0 0 0 standing 
1 959 422 1047 581 35726 0 0 1 standing 
1 962 422 1050 581 35727 0 0 1 standing 
1 965 422 1053 581 35728 0 0 1 standing 
1 968 422 1056 581 35729 0 0 1 standing 
1 971 422 1059 581 35730 0 0 1 standing 
1 974 422 1062 581 35731 0 0 1 standing 
1 977 422 1065 581 35732 0 0 1 standing 
1 980 422 1068 581 35733 0 0 1 standing 
1 983 422 1071 581 35734 0 0 1 standing 
2 1070 349 1147 501 35715 0 0 0 standing 
2 1070 348 1149 500 35716 0 0 1 standing 
2 1071 348 1152 500 35717 0 0 1 standing 
2 1071 348 1155 500 35718 0 0 1 standing 
2 1072 348 1158 500 35719 0 0 1 standing 
2 1072 348 1161 500 35720 0 0 1 standing 
2 1073 348 1164 499 35721 0 0 1 standing 
2 1073 348 1167 499 35722 0 0 1 standing 
2 1074 348 1170 499 35723 0 0 1 standing 
2 1074 348 1173 499 35724 0 0 1 standing 
2 1075 348 1176 499 35725 0 0 0 standing 
2 1072 347 1173 498 35726 0 0 1 standing 
2 1069 347 1170 498 35727 0 0 1 standing 
2 1066 347 1167 498 35728 0 0 1 standing 
2 1063 347 1164 497 35729 0 0 1 standing 
2 1061 347 1162 497 35730 0 0 1 standing 
2 1058 346 1159 497 35731 0 0 1 standing 
2 1055 346 1156 496 35732 0 0 1 standing 
2 1052 346 1153 496 35733 0 0 1 standing 
2 1049 346 1150 496 35734 0 0 1 standing 
3 800 469 915 657 35715 0 0 0 standing 
3 806 469 919 657 35716 0 0 1 standing 
3 813 469 924 657 35717 0 0 1 standing 
3 820 469 928 657 35718 0 0 1 standing 
3 827 469 933 658 35719 0 0 1 standing 
3 834 470 938 658 35720 0 0 1 standing 
3 840 470 942 658 35721 0 0 1 standing 
3 847 470 947 659 35722 0 0 1 standing 
3 854 470 951 659 35723 0 0 1 standing 
3 861 470 956 659 35724 0 0 1 standing 
3 868 471 961 660 35725 0 0 0 standing 
3 871 470 964 658 35726 0 0 1 standing 
3 874 470 968 657 35727 0 0 1 standing 
3 877 470 972 655 35728 0 0 1 standing 
3 880 470 976 654 35729 0 0 1 standing 
3 884 470 980 653 35730 0 0 1 standing 
3 887 470 984 651 35731 0 0 1 standing 
3 890 470 988 650 35732 0 0 1 standing 
3 893 470 992 648 35733 0 0 1 standing 
3 896 470 996 647 35734 0 0 1 standing 
4 786 290 848 426 35715 0 0 0 standing 
4 789 289 851 425 35716 0 0 1 standing 
4 792 288 854 424 35717 0 0 1 standing 
4 796 287 858 423 35718 0 0 1 standing 
4 799 286 861 422 35719 0 0 1 standing 
4 803 285 865 422 35720 0 0 1 standing 
4 806 284 868 421 35721 0 0 1 standing 
4 809 283 871 420 35722 0 0 1 standing 
4 813 282 875 419 35723 0 0 1 standing 
4 816 281 878 418 35724 0 0 1 standing 
4 820 281 882 418 35725 0 0 0 standing 
4 820 282 883 419 35726 0 0 1 standing 
4 820 284 884 421 35727 0 0 1 standing 
4 820 286 885 423 35728 0 0 1 standing 
4 820 288 886 424 35729 0 0 1 standing 
4 820 290 887 426 35730 0 0 1 standing 
4 820 292 888 428 35731 0 0 1 standing 
4 820 294 889 429 35732 0 0 1 standing 
4 820 296 890 431 35733 0 0 1 standing 
4 820 298 891 433 35734 0 0 1 standing 
5 598 383 660 553 35715 0 0 0 standing 
5 599 380 660 549 35716 0 0 1 standing 
5 600 378 661 545 35717 0 0 1 standing 
5 601 376 662 541 35718 0 0 1 standing 
5 602 373 663 537 35719 0 0 1 standing 
5 603 371 664 534 35720 0 0 1 standing 
5 604 369 664 530 35721 0 0 1 standing 
5 605 366 665 526 35722 0 0 1 standing 
5 606 364 666 522 35723 0 0 1 standing 
5 607 362 667 518 35724 0 0 1 standing 
5 608 360 668 515 35725 0 0 0 standing 
5 610 359 670 514 35726 0 0 1 standing 
5 612 358 672 514 35727 0 0 1 standing 
5 614 357 674 513 35728 0 0 1 standing 
5 616 357 676 513 35729 0 0 1 standing 
5 619 356 679 512 35730 0 0 1 standing 
5 621 355 681 512 35731 0 0 1 standing 
5 623 355 683 511 35732 0 0 1 standing 
5 625 354 685 511 35733 0 0 1 standing 
5 627 353 687 510 35734 0 0 1 standing 
6 444 412 486 593 35715 0 0 0 standing 
6 446 411 488 592 35716 0 0 1 standing 
6 449 410 491 591 35717 0 0 1 standing 
6 452 409 494 590 35718 0 0 1 standing 
6 455 408 497 589 35719 0 0 1 standing 
6 458 408 500 589 35720 0 0 1 standing 
6 461 407 502 588 35721 0 0 1 standing 
6 464 406 505 587 35722 0 0 1 standing 
6 467 405 508 586 35723 0 0 1 standing 
6 470 404 511 585 35724 0 0 1 standing 
6 473 404 514 585 35725 0 0 0 standing 
6 476 403 516 585 35726 0 0 1 standing 
6 479 403 519 586 35727 0 0 1 standing 
6 482 402 522 586 35728 0 0 1 standing 
6 485 402 525 587 35729 0 0 1 standing 
6 488 402 528 588 35730 0 0 1 standing 
6 491 401 530 588 35731 0 0 1 standing 
6 494 401 533 589 35732 0 0 1 standing 
6 497 400 536 589 35733 0 0 1 standing 
6 500 400 539 590 35734 0 0 1 standing 
7 120 409 167 574 35715 0 0 0 standing 
7 119 408 168 571 35716 0 0 1 standing 
7 118 407 170 569 35717 0 0 1 standing 
7 117 406 171 566 35718 0 0 1 standing 
7 116 405 173 564 35719 0 0 1 standing 
7 116 405 175 562 35720 0 0 0 standing 
7 116 405 177 562 35721 0 0 1 standing 
7 116 405 179 563 35722 0 0 1 standing 
7 117 405 181 564 35723 0 0 1 standing 
7 117 405 183 565 35724 0 0 1 standing 
7 118 405 185 566 35725 0 0 0 standing 
7 116 405 184 565 35726 0 0 1 standing 
7 115 405 184 565 35727 0 0 1 standing 
7 113 405 183 565 35728 0 0 1 standing 
7 112 405 183 565 35729 0 0 1 standing 
7 111 405 183 565 35730 0 0 1 standing 
7 109 405 182 564 35731 0 0 1 standing 
7 108 405 182 564 35732 0 0 1 standing 
7 106 405 181 564 35733 0 0 1 standing 
7 105 405 181 564 35734 0 0 1 standing 
8 161 343 209 472 35715 0 0 0 standing 
8 158 341 206 470 35716 0 0 1 standing 
8 156 339 204 468 35717 0 0 1 standing 
8 154 337 202 466 35718 0 0 1 standing 
8 152 336 200 465 35719 0 0 1 standing 
8 150 334 198 463 35720 0 0 1 standing 
8 148 332 196 461 35721 0 0 1 standing 
8 146 331 194 460 35722 0 0 1 standing 
8 144 329 192 458 35723 0 0 1 standing 
8 142 327 190 456 35724 0 0 1 standing 
8 140 326 188 455 35725 0 0 0 standing 
8 140 326 188 455 35726 0 0 1 standing 
8 141 326 189 455 35727 0 0 1 standing 
8 142 326 190 455 35728 0 0 1 standing 
8 143 326 191 455 35729 0 0 1 standing 
8 144 326 192 455 35730 0 0 1 standing 
8 144 326 192 455 35731 0 0 1 standing 
8 145 326 193 455 35732 0 0 1 standing 
8 146 326 194 455 35733 0 0 1 standing 
8 147 326 195 455 35734 0 0 1 standing 
9 445 364 495 522 35715 0 0 0 standing 
9 447 362 497 520 35716 0 0 1 standing 
9 450 361 500 519 35717 0 0 1 standing 
9 453 359 503 517 35718 0 0 1 standing 
9 456 358 506 516 35719 0 0 1 standing 
9 459 357 509 515 35720 0 0 1 standing 
9 461 355 511 513 35721 0 0 1 standing 
9 464 354 514 512 35722 0 0 1 standing 
9 467 352 517 510 35723 0 0 1 standing 
9 470 351 520 509 35724 0 0 1 standing 
9 473 350 523 508 35725 0 0 0 standing 
9 476 351 526 509 35726 0 0 1 standing 
9 480 353 530 511 35727 0 0 1 standing 
9 483 354 533 512 35728 0 0 1 standing 
9 487 356 537 514 35729 0 0 1 standing 
9 491 358 541 516 35730 0 0 1 standing 
9 494 359 544 517 35731 0 0 1 standing 
9 498 361 548 519 35732 0 0 1 standing 
9 501 362 551 520 35733 0 0 1 standing 
9 505 364 555 522 35734 0 0 1 standing 
10 454 327 499 458 35715 0 0 0 standing 
10 455 326 501 457 35716 0 0 1 standing 
10 457 326 504 457 35717 0 0 1 standing 
10 458 326 506 457 35718 0 0 1 standing 
10 460 326 509 456 35719 0 0 1 standing 
10 461 326 512 456 35720 0 0 1 standing 
10 463 325 514 456 35721 0 0 1 standing 
10 464 325 517 455 35722 0 0 1 standing 
10 466 325 519 455 35723 0 0 1 standing 
10 467 325 522 455 35724 0 0 1 standing 
10 469 325 525 455 35725 0 0 0 standing 
10 471 324 528 454 35726 0 0 1 standing 
10 473 324 531 454 35727 0 0 1 standing 
10 476 324 534 453 35728 0 0 1 standing 
10 478 323 538 453 35729 0 0 1 standing 
10 481 323 541 453 35730 0 0 1 standing 
10 483 323 544 452 35731 0 0 1 standing 
10 485 322 548 452 35732 0 0 1 standing 
10 488 322 551 451 35733 0 0 1 standing 
10 490 322 554 451 35734 0 0 1 standing 
