0 821 579 913 767 37335 0 1 0 spiking 
0 825 560 916 760 37336 0 1 1 spiking 
0 829 542 919 754 37337 0 1 1 spiking 
0 833 524 922 747 37338 0 1 1 spiking 
0 837 506 926 741 37339 0 1 0 spiking 
0 841 501 929 734 37340 0 1 1 spiking 
0 845 496 932 728 37341 0 1 1 spiking 
0 849 491 936 722 37342 0 1 1 spiking 
0 853 486 939 715 37343 0 1 1 spiking 
0 857 481 942 709 37344 0 1 1 spiking 
0 862 476 946 703 37345 0 1 0 spiking 
0 858 481 945 704 37346 0 1 1 spiking 
0 855 487 944 706 37347 0 1 1 spiking 
0 851 493 943 707 37348 0 1 1 spiking 
0 848 498 943 709 37349 0 1 1 spiking 
0 844 504 942 710 37350 0 1 1 spiking 
0 841 510 941 712 37351 0 1 1 spiking 
0 837 515 941 713 37352 0 1 1 spiking 
0 834 521 940 715 37353 0 1 1 spiking 
0 830 527 939 716 37354 0 1 1 spiking 
1 304 550 387 723 37335 0 0 0 spiking 
1 303 549 389 719 37336 0 0 1 standing 
1 302 548 392 715 37337 0 0 1 standing 
1 301 548 395 712 37338 0 0 0 standing 
1 302 546 394 716 37339 0 0 1 standing 
1 303 545 394 720 37340 0 0 1 standing 
1 305 544 394 725 37341 0 0 1 standing 
1 306 542 393 729 37342 0 0 1 standing 
1 307 541 393 733 37343 0 0 1 standing 
1 309 540 393 738 37344 0 0 0 standing 
1 312 541 390 739 37345 0 0 1 standing 
1 316 542 387 741 37346 0 0 1 standing 
1 320 544 385 743 37347 0 0 0 standing 
1 320 544 388 743 37348 0 0 1 standing 
1 320 544 391 743 37349 0 0 1 standing 
1 320 544 394 743 37350 0 0 0 standing 
1 321 544 398 743 37351 0 0 1 standing 
1 322 544 402 743 37352 0 0 1 standing 
1 323 544 407 743 37353 0 0 1 standing 
1 324 544 411 743 37354 0 0 1 standing 
2 262 648 385 865 37335 0 0 0 standing 
2 262 649 385 871 37336 0 0 1 standing 
2 263 650 386 877 37337 0 0 1 standing 
2 264 651 387 883 37338 0 0 0 standing 
2 267 650 392 883 37339 0 0 1 standing 
2 270 650 397 883 37340 0 0 1 standing 
2 274 650 403 883 37341 0 0 0 standing 
2 282 650 411 883 37342 0 0 1 standing 
2 290 651 419 884 37343 0 0 1 standing 
2 298 652 427 885 37344 0 0 0 standing 
2 307 652 429 882 37345 0 0 1 standing 
2 317 652 432 879 37346 0 0 1 standing 
2 327 652 435 877 37347 0 0 0 standing 
2 330 653 438 878 37348 0 0 1 standing 
2 333 654 441 879 37349 0 0 1 standing 
2 337 656 445 881 37350 0 0 0 standing 
2 337 655 467 880 37351 0 0 1 standing 
2 337 655 489 879 37352 0 0 1 standing 
2 338 655 512 878 37353 0 0 0 standing 
2 338 654 512 877 37354 0 0 1 standing 
3 422 625 586 706 37335 0 0 0 standing 
3 422 625 589 705 37336 0 0 1 falling 
3 422 625 592 705 37337 0 0 1 falling 
3 422 625 596 705 37338 0 0 0 falling 
3 426 628 596 708 37339 0 0 1 falling 
3 430 631 597 711 37340 0 0 1 falling 
3 434 635 598 714 37341 0 0 0 falling 
3 435 632 596 718 37342 0 0 1 falling 
3 437 629 594 722 37343 0 0 1 falling 
3 439 627 593 726 37344 0 0 0 falling 
3 436 625 593 727 37345 0 0 1 falling 
3 433 623 593 729 37346 0 0 1 falling 
3 430 622 594 731 37347 0 0 0 falling 
3 430 622 594 731 37348 0 0 1 falling 
3 430 622 594 731 37349 0 0 1 falling 
3 430 622 594 731 37350 0 0 0 falling 
3 430 621 594 730 37351 0 0 1 falling 
3 430 621 594 729 37352 0 0 1 falling 
3 430 620 594 729 37353 0 0 1 falling 
3 430 620 594 728 37354 0 0 1 falling 
4 740 419 816 558 37335 0 0 0 falling 
4 737 419 812 553 37336 0 0 1 standing 
4 734 419 809 548 37337 0 0 1 standing 
4 732 420 806 544 37338 0 0 0 standing 
4 731 419 807 543 37339 0 0 1 standing 
4 731 418 808 543 37340 0 0 1 standing 
4 730 417 809 543 37341 0 0 1 standing 
4 730 416 810 543 37342 0 0 1 standing 
4 729 415 811 543 37343 0 0 1 standing 
4 729 415 812 543 37344 0 0 0 standing 
4 730 411 813 542 37345 0 0 1 standing 
4 732 407 814 541 37346 0 0 1 standing 
4 734 403 816 540 37347 0 0 0 standing 
4 739 404 817 538 37348 0 0 1 standing 
4 745 405 818 536 37349 0 0 1 standing 
4 751 407 819 535 37350 0 0 0 standing 
4 753 408 823 538 37351 0 0 1 standing 
4 755 409 827 542 37352 0 0 1 standing 
4 758 410 831 546 37353 0 0 1 standing 
4 760 411 835 550 37354 0 0 1 standing 
5 886 516 954 718 37335 0 0 0 standing 
5 888 515 957 719 37336 0 0 1 standing 
5 890 514 960 721 37337 0 0 1 standing 
5 892 514 964 723 37338 0 0 0 standing 
5 892 512 964 721 37339 0 0 1 standing 
5 892 510 964 719 37340 0 0 1 standing 
5 893 509 965 718 37341 0 0 0 standing 
5 894 507 963 715 37342 0 0 1 standing 
5 896 505 962 713 37343 0 0 1 standing 
5 898 503 961 711 37344 0 0 0 standing 
5 895 499 958 704 37345 0 0 1 standing 
5 892 495 955 697 37346 0 0 1 standing 
5 889 492 952 691 37347 0 0 0 standing 
5 886 491 950 689 37348 0 0 1 standing 
5 884 491 948 688 37349 0 0 1 standing 
5 882 491 947 686 37350 0 0 1 standing 
5 880 491 945 685 37351 0 0 1 standing 
5 878 491 943 684 37352 0 0 1 standing 
5 876 491 942 682 37353 0 0 1 standing 
5 874 491 940 681 37354 0 0 1 standing 
6 989 471 1076 639 37335 0 0 0 standing 
6 987 468 1075 637 37336 0 0 1 digging 
6 986 466 1074 635 37337 0 0 1 digging 
6 985 464 1074 633 37338 0 0 0 digging 
6 982 460 1071 629 37339 0 0 1 digging 
6 980 456 1069 625 37340 0 0 1 digging 
6 978 452 1067 621 37341 0 0 0 digging 
6 976 449 1065 615 37342 0 0 1 digging 
6 974 446 1063 609 37343 0 0 1 digging 
6 973 444 1061 603 37344 0 0 0 digging 
6 974 443 1059 600 37345 0 0 1 digging 
6 975 442 1057 597 37346 0 0 1 digging 
6 977 442 1055 595 37347 0 0 0 digging 
6 978 441 1053 596 37348 0 0 1 digging 
6 980 440 1052 597 37349 0 0 1 digging 
6 982 440 1051 599 37350 0 0 0 digging 
6 981 439 1052 596 37351 0 0 1 digging 
6 980 439 1054 593 37352 0 0 1 digging 
6 979 438 1056 590 37353 0 0 1 digging 
6 978 438 1058 587 37354 0 0 1 digging 
7 989 546 1074 734 37335 0 0 0 digging 
7 988 542 1069 727 37336 0 0 1 standing 
7 987 538 1064 720 37337 0 0 1 standing 
7 986 534 1059 713 37338 0 0 0 standing 
7 985 530 1059 712 37339 0 0 1 standing 
7 985 526 1059 712 37340 0 0 1 standing 
7 985 523 1059 712 37341 0 0 0 standing 
7 986 521 1058 710 37342 0 0 1 standing 
7 987 519 1057 708 37343 0 0 1 standing 
7 988 518 1057 706 37344 0 0 0 standing 
7 986 517 1055 708 37345 0 0 1 standing 
7 985 516 1053 710 37346 0 0 1 standing 
7 984 516 1052 713 37347 0 0 0 standing 
7 984 512 1052 709 37348 0 0 1 standing 
7 984 509 1052 706 37349 0 0 1 standing 
7 984 506 1052 703 37350 0 0 0 standing 
7 984 502 1052 697 37351 0 0 1 standing 
7 984 499 1053 691 37352 0 0 1 standing 
7 984 495 1054 685 37353 0 0 1 standing 
7 984 492 1055 679 37354 0 0 1 standing 
8 1014 645 1115 858 37335 0 0 0 standing 
8 1014 644 1116 852 37336 0 0 1 standing 
8 1014 643 1117 847 37337 0 0 1 standing 
8 1015 643 1119 842 37338 0 0 0 standing 
8 1015 640 1119 839 37339 0 0 1 standing 
8 1015 637 1119 836 37340 0 0 1 standing 
8 1015 635 1119 834 37341 0 0 0 standing 
8 1011 635 1122 832 37342 0 0 1 standing 
8 1008 636 1125 830 37343 0 0 1 standing 
8 1005 637 1129 829 37344 0 0 0 standing 
8 1002 640 1130 830 37345 0 0 1 standing 
8 999 643 1132 831 37346 0 0 1 standing 
8 997 646 1134 833 37347 0 0 0 standing 
8 997 649 1134 831 37348 0 0 1 standing 
8 997 652 1134 829 37349 0 0 1 standing 
8 998 655 1135 828 37350 0 0 0 standing 
8 999 652 1136 826 37351 0 0 1 standing 
8 1000 650 1137 825 37352 0 0 1 standing 
8 1001 647 1138 824 37353 0 0 1 standing 
8 1002 645 1139 823 37354 0 0 1 standing 
9 1236 595 1336 798 37335 0 0 0 standing 
9 1238 594 1341 797 37336 0 0 1 standing 
9 1241 593 1346 796 37337 0 0 1 standing 
9 1244 593 1352 796 37338 0 0 0 standing 
9 1261 593 1357 798 37339 0 0 1 standing 
9 1278 593 1363 800 37340 0 0 1 standing 
9 1295 594 1369 803 37341 0 0 0 standing 
9 1302 597 1372 807 37342 0 0 1 standing 
9 1309 600 1376 811 37343 0 0 1 standing 
9 1317 603 1380 816 37344 0 0 0 standing 
9 1316 606 1388 816 37345 0 0 1 standing 
9 1315 609 1396 816 37346 0 0 1 standing 
9 1315 612 1404 816 37347 0 0 0 standing 
9 1317 611 1408 815 37348 0 0 1 standing 
9 1319 610 1412 814 37349 0 0 1 standing 
9 1321 610 1416 814 37350 0 0 0 standing 
9 1322 612 1415 811 37351 0 0 1 standing 
9 1324 615 1415 808 37352 0 0 1 standing 
9 1326 617 1414 805 37353 0 0 1 standing 
9 1328 620 1414 802 37354 0 0 1 standing 
10 1257 545 1349 685 37335 0 0 0 standing 
10 1277 546 1357 692 37336 0 0 1 waiting 
10 1297 547 1365 699 37337 0 0 1 waiting 
10 1317 548 1374 706 37338 0 0 0 waiting 
10 1324 546 1384 707 37339 0 0 1 waiting 
10 1332 544 1394 708 37340 0 0 1 waiting 
10 1340 543 1404 710 37341 0 0 0 waiting 
10 1347 539 1411 706 37342 0 0 1 waiting 
10 1355 536 1419 703 37343 0 0 1 waiting 
10 1363 533 1427 700 37344 0 0 0 waiting 
10 1368 532 1439 697 37345 0 0 1 waiting 
10 1374 531 1451 695 37346 0 0 1 waiting 
10 1380 530 1464 693 37347 0 0 0 waiting 
10 1392 532 1476 689 37348 0 0 1 waiting 
10 1404 535 1488 685 37349 0 0 1 waiting 
10 1416 538 1500 682 37350 0 0 0 waiting 
10 1418 548 1505 681 37351 0 0 1 waiting 
10 1421 558 1510 680 37352 0 0 1 waiting 
10 1423 568 1515 679 37353 0 0 1 waiting 
10 1426 578 1520 678 37354 0 0 1 waiting 
11 1245 473 1319 629 37335 0 0 0 waiting 
11 1246 474 1324 629 37336 0 0 1 standing 
11 1248 476 1329 630 37337 0 0 1 standing 
11 1250 478 1334 631 37338 0 0 0 standing 
11 1248 479 1332 632 37339 0 0 1 standing 
11 1246 480 1330 633 37340 0 0 1 standing 
11 1244 482 1328 635 37341 0 0 0 standing 
11 1241 481 1320 634 37342 0 0 1 standing 
11 1238 481 1312 634 37343 0 0 1 standing 
11 1236 481 1304 634 37344 0 0 0 standing 
11 1235 482 1297 642 37345 0 0 1 standing 
11 1234 484 1290 650 37346 0 0 1 standing 
11 1233 486 1283 659 37347 0 0 0 standing 
11 1223 490 1280 662 37348 0 0 1 standing 
11 1214 494 1277 665 37349 0 0 1 standing 
11 1205 499 1274 669 37350 0 0 0 standing 
11 1203 502 1274 668 37351 0 0 1 standing 
11 1201 505 1274 668 37352 0 0 1 standing 
11 1200 509 1274 668 37353 0 0 0 standing 
11 1200 509 1274 668 37354 0 0 1 standing 
