0 822 485 866 571 12500 0 1 0 digging 
0 818 484 862 570 12501 0 1 1 digging 
0 814 483 858 569 12502 0 1 1 digging 
0 810 482 854 568 12503 0 1 1 digging 
0 806 481 850 567 12504 0 1 1 digging 
0 802 480 846 566 12505 0 1 1 digging 
0 798 479 842 565 12506 0 1 1 digging 
0 794 478 838 564 12507 0 1 1 digging 
0 790 477 834 563 12508 0 1 1 digging 
0 786 476 830 562 12509 0 1 1 digging 
0 782 475 826 561 12510 0 1 0 digging 
0 782 475 826 561 12511 0 1 1 digging 
0 782 475 826 561 12512 0 1 1 digging 
0 782 475 826 561 12513 0 1 1 digging 
0 783 475 827 561 12514 0 1 1 digging 
0 783 475 827 561 12515 0 1 1 digging 
0 783 475 827 561 12516 0 1 1 digging 
0 784 475 828 561 12517 0 1 1 digging 
0 784 475 828 561 12518 0 1 1 digging 
0 784 475 828 561 12519 0 1 1 digging 
1 704 480 756 579 12500 0 0 0 digging 
1 703 482 760 578 12501 0 0 1 standing 
1 702 484 764 578 12502 0 0 1 standing 
1 701 486 768 578 12503 0 0 0 standing 
1 698 487 765 579 12504 0 0 1 standing 
1 695 488 763 581 12505 0 0 1 standing 
1 692 489 761 583 12506 0 0 0 standing 
1 688 485 755 580 12507 0 0 1 standing 
1 684 481 750 578 12508 0 0 1 standing 
1 681 478 745 576 12509 0 0 0 standing 
1 681 478 741 577 12510 0 0 1 standing 
1 681 478 738 578 12511 0 0 1 standing 
1 681 478 735 580 12512 0 0 0 standing 
1 678 479 732 581 12513 0 0 1 standing 
1 675 481 729 583 12514 0 0 1 standing 
1 673 483 727 585 12515 0 0 0 standing 
1 673 484 729 586 12516 0 0 1 standing 
1 674 485 731 588 12517 0 0 1 standing 
1 674 487 734 589 12518 0 0 1 standing 
1 675 488 736 591 12519 0 0 1 standing 
2 871 419 908 494 12500 0 0 0 standing 
2 866 418 903 494 12501 0 0 1 standing 
2 861 417 898 494 12502 0 0 1 standing 
2 856 416 893 495 12503 0 0 0 standing 
2 851 415 889 494 12504 0 0 1 standing 
2 846 414 885 493 12505 0 0 1 standing 
2 842 414 881 493 12506 0 0 0 standing 
2 837 411 876 492 12507 0 0 1 standing 
2 832 408 871 491 12508 0 0 1 standing 
2 828 406 867 490 12509 0 0 0 standing 
2 824 404 863 488 12510 0 0 1 standing 
2 820 402 859 486 12511 0 0 1 standing 
2 817 401 856 485 12512 0 0 0 standing 
2 813 400 852 484 12513 0 0 1 standing 
2 810 400 849 484 12514 0 0 1 standing 
2 807 400 846 484 12515 0 0 0 standing 
2 807 400 846 484 12516 0 0 1 standing 
2 807 400 847 484 12517 0 0 1 standing 
2 807 401 848 485 12518 0 0 1 standing 
2 807 401 849 485 12519 0 0 1 standing 
3 669 389 718 459 12500 0 0 0 standing 
3 659 390 711 461 12501 0 0 1 waiting 
3 649 391 704 463 12502 0 0 1 waiting 
3 640 392 697 466 12503 0 0 0 waiting 
3 635 393 692 465 12504 0 0 1 waiting 
3 630 394 687 465 12505 0 0 1 waiting 
3 625 396 682 465 12506 0 0 0 waiting 
3 621 396 678 465 12507 0 0 1 waiting 
3 618 396 675 465 12508 0 0 1 waiting 
3 615 396 672 465 12509 0 0 0 waiting 
3 612 396 670 465 12510 0 0 1 waiting 
3 609 396 668 465 12511 0 0 1 waiting 
3 607 396 666 465 12512 0 0 0 waiting 
3 602 392 667 463 12513 0 0 1 waiting 
3 597 389 669 461 12514 0 0 1 waiting 
3 593 386 671 460 12515 0 0 0 waiting 
3 600 386 672 459 12516 0 0 1 waiting 
3 607 386 673 458 12517 0 0 1 waiting 
3 615 387 675 457 12518 0 0 1 waiting 
3 622 387 676 456 12519 0 0 1 waiting 
4 561 354 611 469 12500 0 0 0 waiting 
4 557 357 610 465 12501 0 0 1 blocking 
4 554 360 610 461 12502 0 0 1 blocking 
4 551 364 610 458 12503 0 0 0 blocking 
4 549 368 606 461 12504 0 0 1 blocking 
4 547 372 603 465 12505 0 0 1 blocking 
4 546 376 600 469 12506 0 0 0 blocking 
4 541 380 594 468 12507 0 0 1 blocking 
4 536 384 588 468 12508 0 0 1 blocking 
4 531 389 583 468 12509 0 0 0 blocking 
4 527 389 574 471 12510 0 0 1 blocking 
4 524 389 566 474 12511 0 0 1 blocking 
4 521 389 558 478 12512 0 0 0 blocking 
4 519 389 557 477 12513 0 0 1 blocking 
4 518 390 557 477 12514 0 0 1 blocking 
4 516 391 557 477 12515 0 0 1 blocking 
4 515 391 556 476 12516 0 0 1 blocking 
4 513 392 556 476 12517 0 0 1 blocking 
4 512 393 556 476 12518 0 0 0 blocking 
4 512 393 556 476 12519 0 0 1 blocking 
5 566 360 598 454 12500 0 0 0 blocking 
5 560 360 592 454 12501 0 0 1 blocking 
5 554 361 586 455 12502 0 0 1 blocking 
5 548 362 581 456 12503 0 0 0 blocking 
5 545 366 578 460 12504 0 0 1 blocking 
5 542 371 575 465 12505 0 0 1 blocking 
5 539 376 572 470 12506 0 0 0 blocking 
5 535 376 566 470 12507 0 0 1 blocking 
5 531 377 561 470 12508 0 0 1 blocking 
5 527 378 556 471 12509 0 0 0 blocking 
5 525 378 554 471 12510 0 0 1 blocking 
5 523 378 552 472 12511 0 0 1 blocking 
5 522 379 551 473 12512 0 0 0 blocking 
5 521 378 554 472 12513 0 0 1 blocking 
5 521 378 557 471 12514 0 0 1 blocking 
5 521 378 560 471 12515 0 0 0 blocking 
5 519 380 562 471 12516 0 0 1 blocking 
5 517 382 564 471 12517 0 0 1 blocking 
5 516 384 567 472 12518 0 0 1 blocking 
5 514 386 569 472 12519 0 0 1 blocking 
6 507 490 556 589 12500 0 0 0 blocking 
6 505 487 553 588 12501 0 0 1 standing 
6 503 484 551 588 12502 0 0 1 standing 
6 501 481 549 588 12503 0 0 0 standing 
6 499 479 546 586 12504 0 0 1 standing 
6 497 477 543 584 12505 0 0 1 standing 
6 496 475 540 583 12506 0 0 0 standing 
6 493 473 535 578 12507 0 0 1 standing 
6 490 472 530 573 12508 0 0 1 standing 
6 487 471 526 569 12509 0 0 0 standing 
6 484 470 524 568 12510 0 0 1 standing 
6 481 469 523 567 12511 0 0 1 standing 
6 478 468 522 566 12512 0 0 0 standing 
6 474 466 518 564 12513 0 0 1 standing 
6 470 464 514 562 12514 0 0 1 standing 
6 466 463 510 561 12515 0 0 0 standing 
6 466 460 508 558 12516 0 0 1 standing 
6 467 457 507 555 12517 0 0 1 standing 
6 468 455 506 553 12518 0 0 1 standing 
6 469 452 505 550 12519 0 0 1 standing 
7 471 418 504 493 12500 0 0 0 standing 
7 467 418 500 496 12501 0 0 1 standing 
7 464 418 496 499 12502 0 0 1 standing 
7 461 419 493 503 12503 0 0 0 standing 
7 456 419 488 502 12504 0 0 1 standing 
7 452 420 484 501 12505 0 0 1 standing 
7 447 421 479 501 12506 0 0 1 standing 
7 443 422 475 500 12507 0 0 1 standing 
7 438 423 470 499 12508 0 0 1 standing 
7 434 424 466 499 12509 0 0 0 standing 
7 428 422 461 498 12510 0 0 1 standing 
7 423 420 456 497 12511 0 0 1 standing 
7 418 418 451 497 12512 0 0 0 standing 
7 413 416 446 495 12513 0 0 1 standing 
7 409 414 442 493 12514 0 0 1 standing 
7 405 412 438 491 12515 0 0 0 standing 
7 400 413 436 490 12516 0 0 1 standing 
7 395 414 434 490 12517 0 0 1 standing 
7 390 415 432 489 12518 0 0 1 standing 
7 385 416 430 489 12519 0 0 1 standing 
8 499 354 531 453 12500 0 0 0 standing 
8 498 361 531 456 12501 0 0 1 standing 
8 498 368 531 460 12502 0 0 1 standing 
8 498 375 531 464 12503 0 0 0 standing 
8 496 381 532 472 12504 0 0 1 standing 
8 494 387 534 480 12505 0 0 1 standing 
8 492 394 536 488 12506 0 0 0 standing 
8 489 399 532 488 12507 0 0 1 standing 
8 487 404 528 488 12508 0 0 1 standing 
8 485 410 524 488 12509 0 0 0 standing 
8 484 409 521 488 12510 0 0 1 standing 
8 484 409 519 488 12511 0 0 1 standing 
8 484 409 517 488 12512 0 0 0 standing 
8 482 408 515 487 12513 0 0 1 standing 
8 480 407 513 486 12514 0 0 1 standing 
8 479 406 512 485 12515 0 0 0 standing 
8 478 404 511 484 12516 0 0 1 standing 
8 478 402 511 483 12517 0 0 1 standing 
8 477 400 511 482 12518 0 0 1 standing 
8 477 398 511 481 12519 0 0 1 standing 
9 412 493 452 586 12500 0 0 0 standing 
9 409 493 452 586 12501 0 0 1 standing 
9 406 493 453 586 12502 0 0 1 standing 
9 404 493 454 586 12503 0 0 0 standing 
9 399 494 451 587 12504 0 0 1 standing 
9 394 496 449 588 12505 0 0 1 standing 
9 390 498 447 590 12506 0 0 0 standing 
9 386 497 443 589 12507 0 0 1 standing 
9 383 497 440 589 12508 0 0 1 standing 
9 380 497 437 589 12509 0 0 0 standing 
9 374 496 432 588 12510 0 0 1 standing 
9 368 496 427 588 12511 0 0 1 standing 
9 362 496 422 588 12512 0 0 0 standing 
9 356 495 411 589 12513 0 0 1 standing 
9 351 494 400 590 12514 0 0 1 standing 
9 346 493 390 592 12515 0 0 0 standing 
9 340 493 386 593 12516 0 0 1 standing 
9 334 493 382 594 12517 0 0 1 standing 
9 329 493 379 595 12518 0 0 1 standing 
9 323 493 375 596 12519 0 0 1 standing 
10 396 451 436 510 12500 0 0 0 standing 
10 392 451 432 510 12501 0 0 1 waiting 
10 388 451 428 510 12502 0 0 1 waiting 
10 385 452 425 511 12503 0 0 0 waiting 
10 380 453 420 512 12504 0 0 1 waiting 
10 376 454 416 513 12505 0 0 1 waiting 
10 372 456 412 515 12506 0 0 0 waiting 
10 368 454 408 513 12507 0 0 1 waiting 
10 364 453 404 512 12508 0 0 1 waiting 
10 360 452 400 511 12509 0 0 0 waiting 
10 354 449 394 512 12510 0 0 1 waiting 
10 349 446 388 513 12511 0 0 1 waiting 
10 344 443 382 515 12512 0 0 0 waiting 
10 341 442 379 514 12513 0 0 1 waiting 
10 338 441 376 513 12514 0 0 1 waiting 
10 335 440 373 513 12515 0 0 0 waiting 
10 334 439 371 514 12516 0 0 1 waiting 
10 333 438 369 515 12517 0 0 1 waiting 
10 332 438 367 516 12518 0 0 1 waiting 
10 331 437 365 517 12519 0 0 1 waiting 
11 319 506 386 569 12500 0 0 0 waiting 
11 313 505 381 568 12501 0 0 1 falling 
11 308 505 376 568 12502 0 0 1 falling 
11 303 505 371 568 12503 0 0 0 falling 
11 300 504 363 568 12504 0 0 1 falling 
11 297 504 356 568 12505 0 0 1 falling 
11 295 504 349 568 12506 0 0 0 falling 
11 291 502 343 568 12507 0 0 1 falling 
11 287 500 337 569 12508 0 0 1 falling 
11 284 498 332 570 12509 0 0 0 falling 
11 279 496 327 570 12510 0 0 1 falling 
11 274 494 322 570 12511 0 0 1 falling 
11 269 493 317 570 12512 0 0 0 falling 
11 267 490 315 569 12513 0 0 1 falling 
11 265 487 313 568 12514 0 0 1 falling 
11 263 484 311 568 12515 0 0 0 falling 
11 265 483 311 567 12516 0 0 1 falling 
11 267 483 312 567 12517 0 0 1 falling 
11 270 483 313 566 12518 0 0 1 falling 
11 272 483 314 566 12519 0 0 1 falling 
