0 733 384 779 469 39790 0 1 0 setting 
0 736 382 781 469 39791 0 1 1 setting 
0 739 381 783 469 39792 0 1 1 setting 
0 742 379 785 469 39793 0 1 1 setting 
0 745 378 787 469 39794 0 1 1 setting 
0 748 377 789 469 39795 0 1 1 setting 
0 751 375 791 469 39796 0 1 1 setting 
0 754 374 793 469 39797 0 1 1 setting 
0 757 372 795 469 39798 0 1 1 setting 
0 760 371 797 469 39799 0 1 1 setting 
0 763 370 799 470 39800 0 1 0 setting 
0 764 371 801 470 39801 0 1 1 setting 
0 765 372 803 470 39802 0 1 1 setting 
0 766 373 805 470 39803 0 1 1 setting 
0 767 374 808 471 39804 0 1 1 setting 
0 769 376 810 471 39805 0 1 1 setting 
0 770 377 812 471 39806 0 1 1 setting 
0 771 378 815 472 39807 0 1 1 setting 
0 772 379 817 472 39808 0 1 1 setting 
0 773 380 819 472 39809 0 1 1 setting 
1 793 493 860 608 39790 0 1 0 setting 
1 797 496 866 610 39791 0 1 1 moving 
1 802 499 873 612 39792 0 1 1 moving 
1 807 502 880 614 39793 0 1 1 moving 
1 811 505 886 616 39794 0 1 1 moving 
1 816 508 893 618 39795 0 1 1 moving 
1 821 511 900 620 39796 0 1 1 moving 
1 825 514 906 622 39797 0 1 1 moving 
1 830 517 913 624 39798 0 1 1 moving 
1 835 520 920 626 39799 0 1 1 moving 
1 840 524 927 628 39800 0 1 0 moving 
1 839 523 926 627 39801 0 1 1 moving 
1 839 523 925 627 39802 0 1 1 moving 
1 839 523 924 626 39803 0 1 1 moving 
1 839 522 923 626 39804 0 1 1 moving 
1 839 522 922 625 39805 0 1 1 moving 
1 839 522 921 625 39806 0 1 1 moving 
1 839 521 920 624 39807 0 1 1 moving 
1 839 521 919 624 39808 0 1 1 moving 
1 839 521 918 624 39809 0 1 0 moving 
2 909 480 1020 535 39790 0 0 0 moving 
2 915 480 1023 534 39791 0 0 1 falling 
2 922 480 1026 534 39792 0 0 1 falling 
2 929 480 1029 534 39793 0 0 0 falling 
2 932 477 1028 534 39794 0 0 1 falling 
2 935 475 1028 534 39795 0 0 1 falling 
2 938 473 1028 535 39796 0 0 0 falling 
2 941 473 1025 535 39797 0 0 1 falling 
2 945 473 1023 535 39798 0 0 1 falling 
2 949 473 1021 535 39799 0 0 0 falling 
2 950 468 1024 534 39800 0 0 1 falling 
2 951 463 1027 534 39801 0 0 1 falling 
2 952 459 1030 534 39802 0 0 0 falling 
2 952 457 1030 534 39803 0 0 1 falling 
2 952 455 1030 534 39804 0 0 1 falling 
2 952 453 1030 535 39805 0 0 0 falling 
2 951 451 1023 534 39806 0 0 1 falling 
2 950 449 1017 533 39807 0 0 1 falling 
2 949 448 1010 533 39808 0 0 1 falling 
2 948 446 1004 532 39809 0 0 1 falling 
3 859 477 905 576 39790 0 0 0 falling 
3 860 476 904 575 39791 0 0 1 standing 
3 862 476 903 574 39792 0 0 1 standing 
3 864 476 902 574 39793 0 0 0 standing 
3 863 476 903 574 39794 0 0 1 standing 
3 863 477 904 575 39795 0 0 1 standing 
3 862 478 905 576 39796 0 0 1 standing 
3 862 479 906 577 39797 0 0 1 standing 
3 861 480 907 578 39798 0 0 1 standing 
3 861 481 908 579 39799 0 0 0 standing 
3 859 481 910 579 39800 0 0 1 standing 
3 857 481 912 579 39801 0 0 1 standing 
3 856 481 914 579 39802 0 0 0 standing 
3 857 479 911 577 39803 0 0 1 standing 
3 858 478 908 576 39804 0 0 1 standing 
3 859 477 906 575 39805 0 0 0 standing 
3 858 476 903 574 39806 0 0 1 standing 
3 857 475 901 573 39807 0 0 1 standing 
3 857 475 898 573 39808 0 0 1 standing 
3 856 474 896 572 39809 0 0 1 standing 
4 709 367 764 442 39790 0 0 0 standing 
4 716 367 771 442 39791 0 0 1 moving 
4 723 368 778 443 39792 0 0 1 moving 
4 730 369 785 444 39793 0 0 0 moving 
4 735 369 790 444 39794 0 0 1 moving 
4 741 369 796 444 39795 0 0 1 moving 
4 747 370 802 444 39796 0 0 0 moving 
4 750 369 804 441 39797 0 0 1 moving 
4 753 368 807 438 39798 0 0 1 moving 
4 756 367 810 435 39799 0 0 0 moving 
4 759 366 812 434 39800 0 0 1 moving 
4 762 366 814 433 39801 0 0 1 moving 
4 766 366 816 432 39802 0 0 0 moving 
4 765 366 814 432 39803 0 0 1 moving 
4 764 366 812 432 39804 0 0 1 moving 
4 764 366 811 432 39805 0 0 0 moving 
4 764 366 811 432 39806 0 0 1 moving 
4 765 366 812 432 39807 0 0 1 moving 
4 766 366 813 433 39808 0 0 1 moving 
4 767 366 814 433 39809 0 0 1 moving 
5 626 410 658 508 39790 0 0 0 moving 
5 630 411 662 509 39791 0 0 1 standing 
5 634 412 666 510 39792 0 0 1 standing 
5 638 413 670 511 39793 0 0 0 standing 
5 641 413 673 512 39794 0 0 1 standing 
5 644 414 676 513 39795 0 0 1 standing 
5 648 415 679 514 39796 0 0 0 standing 
5 651 415 682 514 39797 0 0 1 standing 
5 654 415 685 514 39798 0 0 1 standing 
5 658 416 689 515 39799 0 0 0 standing 
5 659 416 690 515 39800 0 0 1 standing 
5 661 416 692 515 39801 0 0 1 standing 
5 663 416 694 515 39802 0 0 0 standing 
5 665 416 696 515 39803 0 0 1 standing 
5 668 416 699 515 39804 0 0 1 standing 
5 671 416 702 515 39805 0 0 0 standing 
5 673 416 704 515 39806 0 0 1 standing 
5 675 417 706 516 39807 0 0 1 standing 
5 678 417 709 516 39808 0 0 1 standing 
5 680 418 711 517 39809 0 0 1 standing 
6 216 436 286 539 39790 0 0 0 standing 
6 217 435 288 538 39791 0 0 1 standing 
6 219 435 290 538 39792 0 0 1 standing 
6 221 435 292 538 39793 0 0 0 standing 
6 221 435 285 538 39794 0 0 1 standing 
6 221 435 279 538 39795 0 0 1 standing 
6 221 435 273 538 39796 0 0 0 standing 
6 221 433 268 536 39797 0 0 1 standing 
6 221 432 264 535 39798 0 0 1 standing 
6 222 431 260 534 39799 0 0 0 standing 
6 216 431 256 534 39800 0 0 1 standing 
6 211 432 252 535 39801 0 0 1 standing 
6 206 433 249 536 39802 0 0 0 standing 
6 200 434 251 536 39803 0 0 1 standing 
6 195 435 254 537 39804 0 0 1 standing 
6 190 436 257 538 39805 0 0 0 standing 
6 190 435 253 537 39806 0 0 1 standing 
6 190 435 249 537 39807 0 0 1 standing 
6 190 434 246 536 39808 0 0 1 standing 
6 190 434 242 536 39809 0 0 1 standing 
7 276 407 314 494 39790 0 0 0 standing 
7 273 407 314 494 39791 0 0 1 standing 
7 270 407 314 494 39792 0 0 1 standing 
7 268 407 314 494 39793 0 0 0 standing 
7 269 407 315 494 39794 0 0 1 standing 
7 270 407 316 494 39795 0 0 1 standing 
7 272 408 318 495 39796 0 0 0 standing 
7 272 407 318 494 39797 0 0 1 standing 
7 273 406 318 493 39798 0 0 1 standing 
7 274 406 318 492 39799 0 0 0 standing 
7 276 405 319 491 39800 0 0 1 standing 
7 278 404 321 490 39801 0 0 1 standing 
7 280 404 323 490 39802 0 0 0 standing 
7 282 403 325 489 39803 0 0 1 standing 
7 284 402 327 488 39804 0 0 1 standing 
7 286 401 329 487 39805 0 0 0 standing 
7 286 400 330 486 39806 0 0 1 standing 
7 287 400 332 485 39807 0 0 1 standing 
7 288 400 333 485 39808 0 0 1 standing 
7 289 400 335 484 39809 0 0 1 standing 
8 341 481 385 588 39790 0 0 0 standing 
8 341 481 383 588 39791 0 0 1 standing 
8 341 481 381 588 39792 0 0 1 standing 
8 341 481 380 588 39793 0 0 0 standing 
8 336 481 379 588 39794 0 0 1 standing 
8 331 481 378 588 39795 0 0 1 standing 
8 326 482 378 588 39796 0 0 0 standing 
8 326 483 380 589 39797 0 0 1 standing 
8 326 484 383 590 39798 0 0 1 standing 
8 326 486 386 592 39799 0 0 0 standing 
8 327 486 383 592 39800 0 0 1 standing 
8 329 486 380 592 39801 0 0 1 standing 
8 331 486 378 592 39802 0 0 0 standing 
8 331 486 376 592 39803 0 0 1 standing 
8 331 487 374 592 39804 0 0 1 standing 
8 331 488 373 592 39805 0 0 0 standing 
8 325 489 372 594 39806 0 0 1 standing 
8 320 491 371 596 39807 0 0 1 standing 
8 314 492 371 598 39808 0 0 1 standing 
8 309 494 370 600 39809 0 0 1 standing 
9 502 456 534 551 39790 0 0 0 standing 
9 509 456 543 552 39791 0 0 1 standing 
9 516 456 553 554 39792 0 0 1 standing 
9 523 456 563 556 39793 0 0 0 standing 
9 526 460 566 559 39794 0 0 1 standing 
9 530 464 569 562 39795 0 0 1 standing 
9 534 468 573 566 39796 0 0 0 standing 
9 537 468 576 566 39797 0 0 1 standing 
9 541 468 580 566 39798 0 0 1 standing 
9 545 469 584 567 39799 0 0 0 standing 
9 549 469 588 568 39800 0 0 1 standing 
9 553 470 592 569 39801 0 0 1 standing 
9 558 471 597 570 39802 0 0 0 standing 
9 559 471 598 570 39803 0 0 1 standing 
9 561 471 600 570 39804 0 0 1 standing 
9 562 471 601 570 39805 0 0 1 standing 
9 564 471 603 570 39806 0 0 1 standing 
9 566 471 605 570 39807 0 0 1 standing 
9 567 471 606 570 39808 0 0 1 standing 
9 569 471 608 570 39809 0 0 1 standing 
10 516 429 550 522 39790 0 0 0 standing 
10 520 429 554 521 39791 0 0 1 standing 
10 524 429 558 521 39792 0 0 1 standing 
10 528 430 562 521 39793 0 0 0 standing 
10 530 430 564 521 39794 0 0 1 standing 
10 533 431 567 522 39795 0 0 1 standing 
10 536 432 570 523 39796 0 0 0 standing 
10 538 432 572 523 39797 0 0 1 standing 
10 540 432 574 523 39798 0 0 1 standing 
10 542 433 576 524 39799 0 0 0 standing 
10 544 436 577 527 39800 0 0 1 standing 
10 546 439 578 530 39801 0 0 1 standing 
10 549 443 580 534 39802 0 0 0 standing 
10 552 443 583 534 39803 0 0 1 standing 
10 555 443 586 534 39804 0 0 1 standing 
10 558 443 589 534 39805 0 0 0 standing 
10 559 444 592 535 39806 0 0 1 standing 
10 561 445 595 536 39807 0 0 1 standing 
10 562 447 598 537 39808 0 0 1 standing 
10 564 448 601 538 39809 0 0 1 standing 
11 523 397 558 488 39790 0 0 0 standing 
11 526 397 561 488 39791 0 0 1 standing 
11 530 398 565 489 39792 0 0 1 standing 
11 534 399 569 490 39793 0 0 0 standing 
11 535 399 570 490 39794 0 0 1 standing 
11 536 399 571 490 39795 0 0 1 standing 
11 537 399 572 490 39796 0 0 0 standing 
11 540 399 575 490 39797 0 0 1 standing 
11 544 400 579 491 39798 0 0 1 standing 
11 548 401 583 492 39799 0 0 0 standing 
11 549 405 584 496 39800 0 0 1 standing 
11 550 409 585 500 39801 0 0 1 standing 
11 551 413 586 504 39802 0 0 0 standing 
11 553 413 588 504 39803 0 0 1 standing 
11 556 413 591 504 39804 0 0 1 standing 
11 559 414 594 505 39805 0 0 0 standing 
11 561 414 596 505 39806 0 0 1 standing 
11 563 415 598 506 39807 0 0 1 standing 
11 566 416 601 507 39808 0 0 0 standing 
11 566 416 601 507 39809 0 0 1 standing 
