0 996 400 1042 524 68350 0 0 0 standing 
0 996 399 1044 525 68351 0 0 1 standing 
0 996 399 1046 527 68352 0 0 1 standing 
0 996 399 1048 528 68353 0 0 1 standing 
0 996 399 1050 530 68354 0 0 0 standing 
0 1003 398 1055 531 68355 0 0 1 standing 
0 1010 398 1061 533 68356 0 0 1 standing 
0 1018 397 1067 535 68357 0 0 1 standing 
0 1025 397 1073 537 68358 0 0 1 standing 
0 1032 396 1079 539 68359 0 0 1 standing 
0 1040 396 1085 541 68360 0 0 0 standing 
0 1046 401 1093 546 68361 0 0 1 standing 
0 1052 407 1102 552 68362 0 0 1 standing 
0 1058 413 1110 557 68363 0 0 1 standing 
0 1064 419 1119 563 68364 0 0 1 standing 
0 1070 425 1128 569 68365 0 0 0 standing 
0 1077 425 1132 569 68366 0 0 1 standing 
0 1084 425 1137 570 68367 0 0 1 standing 
0 1091 426 1141 570 68368 0 0 1 standing 
0 1098 426 1146 571 68369 0 0 1 standing 
1 875 328 933 458 68350 0 0 0 standing 
1 876 327 933 458 68351 0 0 1 standing 
1 878 326 934 458 68352 0 0 1 standing 
1 880 325 934 458 68353 0 0 1 standing 
1 881 324 935 458 68354 0 0 1 standing 
1 883 323 935 458 68355 0 0 1 standing 
1 885 322 936 458 68356 0 0 1 standing 
1 887 321 937 459 68357 0 0 0 standing 
1 889 321 941 460 68358 0 0 1 standing 
1 891 322 945 461 68359 0 0 1 standing 
1 893 323 950 462 68360 0 0 0 standing 
1 899 324 956 463 68361 0 0 1 standing 
1 905 325 962 464 68362 0 0 1 standing 
1 911 326 968 465 68363 0 0 1 standing 
1 917 327 974 466 68364 0 0 1 standing 
1 923 328 980 467 68365 0 0 1 standing 
1 929 329 986 468 68366 0 0 1 standing 
1 935 330 992 469 68367 0 0 1 standing 
1 941 331 998 470 68368 0 0 1 standing 
1 947 332 1004 471 68369 0 0 1 standing 
2 821 418 883 550 68350 0 0 0 standing 
2 816 418 878 551 68351 0 0 1 standing 
2 811 418 873 553 68352 0 0 1 standing 
2 807 418 868 554 68353 0 0 1 standing 
2 802 418 863 556 68354 0 0 1 standing 
2 797 418 858 557 68355 0 0 1 standing 
2 793 418 854 559 68356 0 0 0 standing 
2 795 419 856 562 68357 0 0 1 standing 
2 797 421 858 565 68358 0 0 1 standing 
2 799 422 860 568 68359 0 0 1 standing 
2 802 424 863 571 68360 0 0 0 standing 
2 805 426 865 572 68361 0 0 1 standing 
2 808 429 868 574 68362 0 0 1 standing 
2 811 432 871 576 68363 0 0 1 standing 
2 814 435 874 577 68364 0 0 1 standing 
2 817 438 877 579 68365 0 0 1 standing 
2 820 440 880 581 68366 0 0 1 standing 
2 823 443 883 582 68367 0 0 1 standing 
2 826 446 886 584 68368 0 0 1 standing 
2 829 449 889 586 68369 0 0 1 standing 
3 738 374 803 506 68350 0 0 0 standing 
3 740 374 805 506 68351 0 0 1 standing 
3 742 374 807 506 68352 0 0 1 standing 
3 744 374 809 506 68353 0 0 1 standing 
3 746 374 811 506 68354 0 0 1 standing 
3 748 375 813 507 68355 0 0 0 standing 
3 754 374 817 506 68356 0 0 1 standing 
3 760 374 821 506 68357 0 0 1 standing 
3 766 374 825 505 68358 0 0 1 standing 
3 772 374 829 505 68359 0 0 1 standing 
3 778 374 833 505 68360 0 0 0 standing 
3 784 375 839 506 68361 0 0 1 standing 
3 791 376 846 507 68362 0 0 1 standing 
3 798 377 853 508 68363 0 0 1 standing 
3 805 378 860 509 68364 0 0 1 standing 
3 812 379 867 510 68365 0 0 1 standing 
3 819 380 874 511 68366 0 0 1 standing 
3 826 381 881 512 68367 0 0 1 standing 
3 833 382 888 513 68368 0 0 1 standing 
3 840 384 895 515 68369 0 0 0 standing 
4 737 404 796 595 68350 0 1 0 standing 
4 735 399 796 592 68351 0 1 1 spiking 
4 734 394 796 590 68352 0 1 1 spiking 
4 732 390 796 588 68353 0 1 1 spiking 
4 731 385 797 586 68354 0 1 1 spiking 
4 729 381 797 584 68355 0 1 1 spiking 
4 728 376 797 582 68356 0 1 1 spiking 
4 727 372 798 580 68357 0 1 0 spiking 
4 728 384 802 584 68358 0 1 1 spiking 
4 730 397 806 589 68359 0 1 1 spiking 
4 732 410 810 594 68360 0 1 1 spiking 
4 734 423 814 599 68361 0 1 1 spiking 
4 736 436 819 604 68362 0 1 0 spiking 
4 739 445 819 605 68363 0 1 1 spiking 
4 743 454 819 607 68364 0 1 1 spiking 
4 746 463 819 608 68365 0 1 1 spiking 
4 750 472 820 610 68366 0 1 0 spiking 
4 753 474 820 611 68367 0 1 1 spiking 
4 757 476 821 613 68368 0 1 1 spiking 
4 761 478 822 614 68369 0 1 1 spiking 
5 646 364 693 474 68350 0 0 0 spiking 
5 650 363 697 475 68351 0 0 1 standing 
5 655 363 702 477 68352 0 0 1 standing 
5 660 362 707 478 68353 0 0 1 standing 
5 665 362 712 480 68354 0 0 1 standing 
5 670 361 717 481 68355 0 0 1 standing 
5 675 361 721 483 68356 0 0 1 standing 
5 680 360 726 484 68357 0 0 1 standing 
5 685 360 731 486 68358 0 0 1 standing 
5 690 359 736 487 68359 0 0 1 standing 
5 695 359 741 489 68360 0 0 0 standing 
5 701 360 747 490 68361 0 0 1 standing 
5 707 361 753 491 68362 0 0 1 standing 
5 713 362 759 492 68363 0 0 1 standing 
5 720 363 766 493 68364 0 0 1 standing 
5 726 364 772 494 68365 0 0 1 standing 
5 732 365 778 495 68366 0 0 1 standing 
5 739 366 785 496 68367 0 0 1 standing 
5 745 367 791 497 68368 0 0 1 standing 
5 751 368 797 498 68369 0 0 1 standing 
6 519 379 580 485 68350 0 0 0 standing 
6 515 378 580 485 68351 0 0 1 standing 
6 511 378 580 486 68352 0 0 1 standing 
6 508 378 580 487 68353 0 0 1 standing 
6 504 378 580 488 68354 0 0 1 standing 
6 501 378 581 489 68355 0 0 0 standing 
6 506 380 581 490 68356 0 0 1 standing 
6 512 382 582 492 68357 0 0 1 standing 
6 517 384 583 494 68358 0 0 1 standing 
6 523 386 584 495 68359 0 0 1 standing 
6 528 388 585 497 68360 0 0 1 standing 
6 534 390 586 499 68361 0 0 1 standing 
6 540 392 587 501 68362 0 0 0 standing 
6 538 393 590 504 68363 0 0 1 standing 
6 536 394 593 507 68364 0 0 1 standing 
6 534 395 596 510 68365 0 0 1 standing 
6 532 396 599 513 68366 0 0 1 standing 
6 530 398 602 516 68367 0 0 0 standing 
6 531 398 605 517 68368 0 0 1 standing 
6 532 398 609 519 68369 0 0 1 standing 
7 335 374 409 487 68350 0 0 0 standing 
7 334 375 409 487 68351 0 0 1 standing 
7 333 376 410 488 68352 0 0 1 standing 
7 332 377 411 489 68353 0 0 0 standing 
7 339 377 416 489 68354 0 0 1 standing 
7 347 377 422 489 68355 0 0 1 standing 
7 354 378 428 490 68356 0 0 1 standing 
7 362 378 433 490 68357 0 0 1 standing 
7 369 379 439 491 68358 0 0 1 standing 
7 377 379 445 491 68359 0 0 1 standing 
7 385 380 451 492 68360 0 0 0 standing 
7 393 382 458 494 68361 0 0 1 standing 
7 402 384 465 496 68362 0 0 1 standing 
7 411 386 472 498 68363 0 0 1 standing 
7 420 388 479 500 68364 0 0 1 standing 
7 429 390 486 502 68365 0 0 1 standing 
7 438 393 494 504 68366 0 0 0 standing 
7 443 392 498 503 68367 0 0 1 standing 
7 449 391 503 502 68368 0 0 1 standing 
7 455 390 507 501 68369 0 0 1 standing 
8 126 417 221 542 68350 0 0 0 standing 
8 121 418 220 542 68351 0 0 1 standing 
8 117 419 219 543 68352 0 0 1 standing 
8 113 420 218 544 68353 0 0 0 standing 
8 117 419 216 543 68354 0 0 1 standing 
8 121 418 214 542 68355 0 0 1 standing 
8 125 418 213 542 68356 0 0 1 standing 
8 129 417 211 541 68357 0 0 1 standing 
8 134 417 210 541 68358 0 0 0 standing 
8 140 417 214 540 68359 0 0 1 standing 
8 147 417 219 540 68360 0 0 1 standing 
8 154 417 224 540 68361 0 0 1 standing 
8 161 417 229 540 68362 0 0 1 standing 
8 168 417 233 540 68363 0 0 1 standing 
8 175 417 238 540 68364 0 0 1 standing 
8 181 417 243 540 68365 0 0 1 standing 
8 188 417 248 540 68366 0 0 1 standing 
8 195 417 252 540 68367 0 0 1 standing 
8 202 417 257 540 68368 0 0 1 standing 
8 209 417 262 540 68369 0 0 1 standing 
9 266 465 343 602 68350 0 0 0 standing 
9 268 463 342 601 68351 0 0 1 moving 
9 270 461 341 601 68352 0 0 1 moving 
9 272 459 340 601 68353 0 0 1 moving 
9 275 458 340 601 68354 0 0 0 moving 
9 276 460 348 601 68355 0 0 1 moving 
9 278 463 356 601 68356 0 0 1 moving 
9 279 466 365 601 68357 0 0 1 moving 
9 281 468 373 601 68358 0 0 1 moving 
9 282 471 381 601 68359 0 0 1 moving 
9 284 474 390 601 68360 0 0 0 moving 
9 295 473 398 599 68361 0 0 1 moving 
9 306 473 406 597 68362 0 0 1 moving 
9 318 472 415 595 68363 0 0 1 moving 
9 329 472 423 593 68364 0 0 1 moving 
9 341 472 432 591 68365 0 0 0 moving 
9 349 474 446 591 68366 0 0 1 moving 
9 358 477 461 592 68367 0 0 1 moving 
9 367 480 476 593 68368 0 0 1 moving 
9 376 483 491 594 68369 0 0 0 moving 
10 601 396 638 596 68350 0 1 0 moving 
10 601 393 642 588 68351 0 1 1 blocking 
10 602 391 646 581 68352 0 1 1 blocking 
10 602 388 651 573 68353 0 1 1 blocking 
10 603 386 655 566 68354 0 1 1 blocking 
10 603 383 660 559 68355 0 1 1 blocking 
10 604 381 664 551 68356 0 1 1 blocking 
10 604 378 668 544 68357 0 1 1 blocking 
10 605 376 673 536 68358 0 1 1 blocking 
10 605 373 677 529 68359 0 1 1 blocking 
10 606 371 682 522 68360 0 1 0 blocking 
10 611 374 686 528 68361 0 1 1 blocking 
10 616 378 691 534 68362 0 1 1 blocking 
10 621 382 696 541 68363 0 1 1 blocking 
10 626 386 701 547 68364 0 1 1 blocking 
10 631 390 706 554 68365 0 1 0 blocking 
10 636 405 711 560 68366 0 1 1 blocking 
10 641 420 716 566 68367 0 1 1 blocking 
10 646 435 721 572 68368 0 1 1 blocking 
10 651 450 726 578 68369 0 1 1 blocking 
11 588 396 644 603 68350 0 1 0 blocking 
11 590 395 648 602 68351 0 1 1 blocking 
11 592 394 653 601 68352 0 1 1 blocking 
11 594 394 657 600 68353 0 1 1 blocking 
11 597 393 662 600 68354 0 1 1 blocking 
11 599 393 666 599 68355 0 1 1 blocking 
11 601 392 671 598 68356 0 1 1 blocking 
11 604 391 675 598 68357 0 1 1 blocking 
11 606 391 680 597 68358 0 1 1 blocking 
11 608 390 684 596 68359 0 1 1 blocking 
11 611 390 689 596 68360 0 1 0 blocking 
11 619 401 694 602 68361 0 1 1 blocking 
11 627 412 700 608 68362 0 1 1 blocking 
11 636 424 706 614 68363 0 1 1 blocking 
11 644 435 712 620 68364 0 1 1 blocking 
11 653 447 718 626 68365 0 1 0 blocking 
11 660 450 722 624 68366 0 1 1 blocking 
11 667 454 726 622 68367 0 1 1 blocking 
11 674 458 731 621 68368 0 1 1 blocking 
11 681 462 735 619 68369 0 1 1 blocking 
