0 799 427 864 545 50410 0 1 0 standing 
0 792 421 854 544 50411 0 1 1 standing 
0 786 415 845 543 50412 0 1 1 standing 
0 779 409 836 542 50413 0 1 1 standing 
0 773 403 827 541 50414 0 1 1 standing 
0 766 397 818 540 50415 0 1 1 standing 
0 760 392 809 539 50416 0 1 0 standing 
0 748 391 797 538 50417 0 1 1 standing 
0 737 391 785 538 50418 0 1 1 standing 
0 726 390 773 538 50419 0 1 1 standing 
0 715 390 762 537 50420 0 1 1 standing 
0 704 389 750 537 50421 0 1 1 standing 
0 693 389 738 537 50422 0 1 1 standing 
0 682 389 727 537 50423 0 1 0 standing 
0 674 391 720 537 50424 0 1 1 standing 
0 666 394 713 537 50425 0 1 1 standing 
0 658 396 706 537 50426 0 1 1 standing 
0 650 399 700 537 50427 0 1 1 standing 
0 643 402 693 538 50428 0 1 1 standing 
0 635 404 686 538 50429 0 1 1 standing 
1 673 440 731 570 50410 0 0 0 standing 
1 668 441 730 571 50411 0 0 1 standing 
1 663 442 730 572 50412 0 0 1 standing 
1 659 443 730 574 50413 0 0 0 standing 
1 653 444 724 572 50414 0 0 1 standing 
1 647 445 718 571 50415 0 0 1 standing 
1 641 446 712 570 50416 0 0 0 standing 
1 635 445 708 569 50417 0 0 1 standing 
1 629 444 704 568 50418 0 0 1 standing 
1 623 443 700 568 50419 0 0 0 standing 
1 619 442 692 567 50420 0 0 1 standing 
1 615 442 684 566 50421 0 0 1 standing 
1 612 442 676 566 50422 0 0 0 standing 
1 603 440 671 566 50423 0 0 1 standing 
1 594 438 666 566 50424 0 0 1 standing 
1 586 436 661 566 50425 0 0 0 standing 
1 581 435 658 567 50426 0 0 1 standing 
1 577 434 655 569 50427 0 0 1 standing 
1 573 434 652 571 50428 0 0 1 standing 
1 569 433 649 573 50429 0 0 1 standing 
2 714 460 766 620 50410 0 0 0 standing 
2 707 463 761 617 50411 0 0 1 standing 
2 700 466 756 614 50412 0 0 1 standing 
2 693 469 752 612 50413 0 0 0 standing 
2 687 471 745 612 50414 0 0 1 standing 
2 681 473 739 612 50415 0 0 1 standing 
2 675 476 733 612 50416 0 0 0 standing 
2 667 474 730 615 50417 0 0 1 standing 
2 660 473 727 618 50418 0 0 1 standing 
2 653 472 724 621 50419 0 0 0 standing 
2 651 472 718 620 50420 0 0 1 standing 
2 649 472 712 620 50421 0 0 1 standing 
2 647 472 706 620 50422 0 0 0 standing 
2 642 468 701 617 50423 0 0 1 standing 
2 637 464 696 615 50424 0 0 1 standing 
2 633 461 691 613 50425 0 0 0 standing 
2 634 463 691 616 50426 0 0 1 standing 
2 635 465 691 620 50427 0 0 1 standing 
2 636 467 692 623 50428 0 0 1 standing 
2 637 469 692 627 50429 0 0 1 standing 
3 737 397 783 529 50410 0 0 0 standing 
3 731 398 781 525 50411 0 0 1 standing 
3 726 399 780 521 50412 0 0 1 standing 
3 721 400 779 518 50413 0 0 0 standing 
3 715 398 773 516 50414 0 0 1 standing 
3 709 396 767 515 50415 0 0 1 standing 
3 703 395 761 514 50416 0 0 0 standing 
3 693 392 750 515 50417 0 0 1 standing 
3 683 389 740 516 50418 0 0 1 standing 
3 673 386 730 517 50419 0 0 0 standing 
3 661 387 725 514 50420 0 0 1 standing 
3 649 389 720 511 50421 0 0 1 standing 
3 638 391 715 508 50422 0 0 0 standing 
3 637 390 714 508 50423 0 0 1 standing 
3 637 389 714 508 50424 0 0 1 standing 
3 637 389 714 508 50425 0 0 0 standing 
3 638 388 711 506 50426 0 0 1 standing 
3 640 387 709 505 50427 0 0 1 standing 
3 641 386 707 504 50428 0 0 1 standing 
3 643 385 705 503 50429 0 0 1 standing 
4 881 479 937 601 50410 0 0 0 standing 
4 879 476 940 599 50411 0 0 1 moving 
4 878 474 943 597 50412 0 0 1 moving 
4 877 472 947 595 50413 0 0 0 moving 
4 872 470 940 593 50414 0 0 1 moving 
4 868 468 934 591 50415 0 0 1 moving 
4 864 466 928 590 50416 0 0 0 moving 
4 854 463 921 587 50417 0 0 1 moving 
4 845 460 915 584 50418 0 0 1 moving 
4 836 458 909 581 50419 0 0 0 moving 
4 824 456 897 578 50420 0 0 1 moving 
4 813 454 885 575 50421 0 0 1 moving 
4 802 452 873 573 50422 0 0 0 moving 
4 792 449 857 569 50423 0 0 1 moving 
4 783 446 841 565 50424 0 0 1 moving 
4 774 443 826 562 50425 0 0 0 moving 
4 767 444 821 561 50426 0 0 1 moving 
4 761 445 816 560 50427 0 0 1 moving 
4 755 446 811 559 50428 0 0 1 moving 
4 749 447 806 558 50429 0 0 1 moving 
5 930 468 992 580 50410 0 0 0 moving 
5 925 468 990 575 50411 0 0 1 moving 
5 921 469 989 571 50412 0 0 1 moving 
5 917 470 988 567 50413 0 0 0 moving 
5 909 469 980 566 50414 0 0 1 moving 
5 902 468 973 565 50415 0 0 1 moving 
5 895 468 966 565 50416 0 0 0 moving 
5 883 467 955 563 50417 0 0 1 moving 
5 871 466 945 562 50418 0 0 1 moving 
5 860 465 935 561 50419 0 0 0 moving 
5 846 462 920 561 50420 0 0 1 moving 
5 832 460 905 561 50421 0 0 1 moving 
5 819 458 891 561 50422 0 0 0 moving 
5 813 455 881 559 50423 0 0 1 moving 
5 808 452 871 557 50424 0 0 1 moving 
5 803 449 862 556 50425 0 0 0 moving 
5 799 445 858 556 50426 0 0 1 moving 
5 795 441 854 556 50427 0 0 1 moving 
5 791 438 850 556 50428 0 0 1 moving 
5 787 434 846 556 50429 0 0 1 moving 
6 555 474 626 609 50410 0 0 0 moving 
6 551 473 621 607 50411 0 0 1 standing 
6 547 473 617 605 50412 0 0 1 standing 
6 543 473 613 604 50413 0 0 0 standing 
6 542 472 610 603 50414 0 0 1 standing 
6 542 472 607 602 50415 0 0 1 standing 
6 542 472 605 602 50416 0 0 0 standing 
6 533 473 596 600 50417 0 0 1 standing 
6 524 474 588 598 50418 0 0 1 standing 
6 515 476 580 597 50419 0 0 0 standing 
6 506 474 568 596 50420 0 0 1 standing 
6 497 473 557 596 50421 0 0 1 standing 
6 489 472 546 596 50422 0 0 0 standing 
6 481 473 537 597 50423 0 0 1 standing 
6 473 474 528 599 50424 0 0 1 standing 
6 465 475 519 601 50425 0 0 0 standing 
6 460 475 515 602 50426 0 0 1 standing 
6 455 476 511 603 50427 0 0 1 standing 
6 450 476 508 604 50428 0 0 1 standing 
6 445 477 504 605 50429 0 0 1 standing 
7 590 396 651 523 50410 0 0 0 standing 
7 586 396 647 523 50411 0 0 1 standing 
7 582 396 643 523 50412 0 0 1 standing 
7 579 396 639 524 50413 0 0 0 standing 
7 572 396 632 524 50414 0 0 1 standing 
7 565 397 625 524 50415 0 0 1 standing 
7 559 398 619 525 50416 0 0 0 standing 
7 549 396 609 523 50417 0 0 1 standing 
7 539 394 599 521 50418 0 0 1 standing 
7 529 392 589 519 50419 0 0 0 standing 
7 521 391 578 517 50420 0 0 1 standing 
7 514 390 568 515 50421 0 0 1 standing 
7 507 389 558 514 50422 0 0 0 standing 
7 500 390 551 513 50423 0 0 1 standing 
7 493 391 544 512 50424 0 0 1 standing 
7 487 392 538 511 50425 0 0 0 standing 
7 482 391 533 511 50426 0 0 1 standing 
7 477 391 528 511 50427 0 0 1 standing 
7 472 391 524 511 50428 0 0 1 standing 
7 467 391 519 511 50429 0 0 1 standing 
8 402 431 478 485 50410 0 0 0 standing 
8 396 432 475 485 50411 0 0 1 falling 
8 390 433 472 485 50412 0 0 1 falling 
8 385 434 470 486 50413 0 0 0 falling 
8 376 436 464 484 50414 0 0 1 falling 
8 367 438 458 483 50415 0 0 1 falling 
8 358 440 452 482 50416 0 0 0 falling 
8 348 440 442 482 50417 0 0 1 falling 
8 339 440 433 482 50418 0 0 1 falling 
8 330 440 424 482 50419 0 0 0 falling 
8 321 438 415 481 50420 0 0 1 falling 
8 312 437 407 481 50421 0 0 1 falling 
8 304 436 399 481 50422 0 0 0 falling 
8 298 433 387 481 50423 0 0 1 falling 
8 292 430 375 481 50424 0 0 1 falling 
8 286 428 363 481 50425 0 0 0 falling 
8 280 427 358 479 50426 0 0 1 falling 
8 274 426 353 477 50427 0 0 1 falling 
8 268 426 348 476 50428 0 0 1 falling 
8 262 425 343 474 50429 0 0 1 falling 
9 216 477 302 623 50410 0 0 0 falling 
9 213 474 297 622 50411 0 0 1 standing 
9 211 471 292 621 50412 0 0 1 standing 
9 209 469 288 620 50413 0 0 0 standing 
9 210 468 284 620 50414 0 0 1 standing 
9 211 467 280 621 50415 0 0 1 standing 
9 213 467 276 622 50416 0 0 0 standing 
9 204 468 270 623 50417 0 0 1 standing 
9 195 469 264 624 50418 0 0 1 standing 
9 187 470 258 625 50419 0 0 0 standing 
9 178 469 257 624 50420 0 0 1 standing 
9 169 469 256 623 50421 0 0 1 standing 
9 161 469 256 623 50422 0 0 0 standing 
9 157 469 248 623 50423 0 0 1 standing 
9 154 469 240 623 50424 0 0 1 standing 
9 151 469 233 623 50425 0 0 0 standing 
9 154 468 229 623 50426 0 0 1 standing 
9 157 467 225 623 50427 0 0 1 standing 
9 161 466 222 623 50428 0 0 1 standing 
9 164 465 218 623 50429 0 0 1 standing 
10 595 393 651 525 50410 0 0 0 standing 
10 591 393 647 525 50411 0 0 1 standing 
10 587 393 643 525 50412 0 0 1 standing 
10 583 393 640 525 50413 0 0 0 standing 
10 576 390 633 522 50414 0 0 1 standing 
10 569 388 626 520 50415 0 0 1 standing 
10 562 386 619 518 50416 0 0 0 standing 
10 550 387 607 519 50417 0 0 1 standing 
10 538 388 595 520 50418 0 0 1 standing 
10 526 389 583 521 50419 0 0 0 standing 
10 519 388 573 520 50420 0 0 1 standing 
10 512 387 563 519 50421 0 0 1 standing 
10 505 387 553 519 50422 0 0 0 standing 
10 500 395 548 519 50423 0 0 1 standing 
10 495 403 543 519 50424 0 0 1 standing 
10 491 412 538 519 50425 0 0 0 standing 
10 485 412 536 523 50426 0 0 1 standing 
10 479 412 535 527 50427 0 0 1 standing 
10 473 412 534 531 50428 0 0 1 standing 
10 467 412 533 535 50429 0 0 1 standing 
11 248 439 301 570 50410 0 0 0 standing 
11 243 439 300 568 50411 0 0 1 standing 
11 239 439 299 566 50412 0 0 1 standing 
11 235 439 299 564 50413 0 0 0 standing 
11 231 438 295 563 50414 0 0 1 standing 
11 227 437 291 562 50415 0 0 1 standing 
11 224 437 287 562 50416 0 0 0 standing 
11 217 437 280 562 50417 0 0 1 standing 
11 210 437 274 562 50418 0 0 1 standing 
11 203 438 268 563 50419 0 0 0 standing 
11 197 437 258 562 50420 0 0 1 standing 
11 191 437 249 562 50421 0 0 1 standing 
11 186 437 240 562 50422 0 0 0 standing 
11 180 437 234 562 50423 0 0 1 standing 
11 174 438 228 563 50424 0 0 1 standing 
11 168 439 222 564 50425 0 0 0 standing 
11 161 439 218 565 50426 0 0 1 standing 
11 155 440 214 566 50427 0 0 1 standing 
11 149 441 210 567 50428 0 0 1 standing 
11 143 442 206 568 50429 0 0 1 standing 
