0 1017 428 1089 576 30165 0 1 0 spiking 
0 1026 417 1097 572 30166 0 1 1 spiking 
0 1036 407 1105 569 30167 0 1 1 spiking 
0 1046 396 1114 566 30168 0 1 1 spiking 
0 1055 386 1122 562 30169 0 1 1 spiking 
0 1065 375 1130 559 30170 0 1 1 spiking 
0 1075 365 1139 556 30171 0 1 0 spiking 
0 1084 361 1150 552 30172 0 1 1 spiking 
0 1093 357 1161 548 30173 0 1 1 spiking 
0 1102 353 1172 544 30174 0 1 1 spiking 
0 1112 350 1183 541 30175 0 1 0 spiking 
0 1125 347 1196 538 30176 0 1 1 spiking 
0 1139 345 1210 535 30177 0 1 1 spiking 
0 1153 343 1224 533 30178 0 1 0 spiking 
0 1164 347 1235 538 30179 0 1 1 spiking 
0 1175 352 1246 543 30180 0 1 1 spiking 
0 1186 357 1257 548 30181 0 1 1 spiking 
0 1198 361 1269 553 30182 0 1 1 spiking 
0 1209 366 1280 558 30183 0 1 1 spiking 
0 1220 371 1291 563 30184 0 1 1 spiking 
1 887 512 953 692 30165 0 1 0 spiking 
1 898 498 962 684 30166 0 1 1 blocking 
1 909 484 972 677 30167 0 1 1 blocking 
1 921 470 981 670 30168 0 1 1 blocking 
1 932 456 991 662 30169 0 1 1 blocking 
1 944 443 1000 655 30170 0 1 1 blocking 
1 955 429 1010 648 30171 0 1 1 blocking 
1 966 415 1019 640 30172 0 1 1 blocking 
1 978 401 1029 633 30173 0 1 1 blocking 
1 989 387 1038 626 30174 0 1 1 blocking 
1 1001 374 1048 619 30175 0 1 0 blocking 
1 1013 374 1061 613 30176 0 1 1 blocking 
1 1025 375 1075 608 30177 0 1 1 blocking 
1 1037 376 1089 603 30178 0 1 1 blocking 
1 1049 377 1103 598 30179 0 1 0 blocking 
1 1056 382 1111 597 30180 0 1 1 blocking 
1 1063 387 1120 596 30181 0 1 1 blocking 
1 1070 392 1129 596 30182 0 1 1 blocking 
1 1077 397 1138 595 30183 0 1 1 blocking 
1 1084 402 1147 594 30184 0 1 1 blocking 
2 896 457 959 629 30165 0 1 0 blocking 
2 905 445 968 623 30166 0 1 1 blocking 
2 915 434 977 617 30167 0 1 1 blocking 
2 925 423 987 612 30168 0 1 1 blocking 
2 934 411 996 606 30169 0 1 1 blocking 
2 944 400 1006 601 30170 0 1 1 blocking 
2 954 389 1015 595 30171 0 1 1 blocking 
2 963 377 1024 589 30172 0 1 1 blocking 
2 973 366 1034 584 30173 0 1 1 blocking 
2 983 355 1043 578 30174 0 1 1 blocking 
2 993 344 1053 573 30175 0 1 0 blocking 
2 1006 343 1068 572 30176 0 1 1 blocking 
2 1019 343 1083 571 30177 0 1 1 blocking 
2 1032 342 1098 571 30178 0 1 1 blocking 
2 1045 342 1113 570 30179 0 1 1 blocking 
2 1059 341 1129 569 30180 0 1 1 blocking 
2 1072 341 1144 569 30181 0 1 1 blocking 
2 1085 340 1159 568 30182 0 1 1 blocking 
2 1098 340 1174 567 30183 0 1 1 blocking 
2 1112 340 1190 567 30184 0 1 0 blocking 
3 284 549 355 744 30165 0 0 0 blocking 
3 287 550 360 743 30166 0 0 1 standing 
3 290 551 366 742 30167 0 0 1 standing 
3 294 553 372 742 30168 0 0 0 standing 
3 303 556 379 747 30169 0 0 1 standing 
3 312 559 387 752 30170 0 0 1 standing 
3 321 563 395 757 30171 0 0 0 standing 
3 332 566 406 759 30172 0 0 1 standing 
3 344 569 418 762 30173 0 0 1 standing 
3 356 573 430 765 30174 0 0 0 standing 
3 365 576 443 763 30175 0 0 1 standing 
3 375 579 456 762 30176 0 0 1 standing 
3 385 583 469 761 30177 0 0 0 standing 
3 392 584 481 759 30178 0 0 1 standing 
3 399 585 493 757 30179 0 0 1 standing 
3 407 587 506 755 30180 0 0 0 standing 
3 420 587 515 753 30181 0 0 1 standing 
3 433 587 525 752 30182 0 0 1 standing 
3 446 588 534 750 30183 0 0 1 standing 
3 459 588 544 749 30184 0 0 1 standing 
4 446 613 522 806 30165 0 0 0 standing 
4 448 614 528 805 30166 0 0 1 standing 
4 451 616 535 805 30167 0 0 1 standing 
4 454 618 542 805 30168 0 0 0 standing 
4 465 620 562 807 30169 0 0 1 standing 
4 476 623 583 810 30170 0 0 1 standing 
4 487 626 604 813 30171 0 0 0 standing 
4 500 628 625 815 30172 0 0 1 standing 
4 513 630 647 818 30173 0 0 1 standing 
4 527 633 669 821 30174 0 0 0 standing 
4 543 633 681 821 30175 0 0 1 standing 
4 560 634 693 822 30176 0 0 1 standing 
4 577 635 705 823 30177 0 0 0 standing 
4 590 635 718 821 30178 0 0 1 standing 
4 603 635 732 820 30179 0 0 1 standing 
4 617 636 746 819 30180 0 0 0 standing 
4 628 635 756 818 30181 0 0 1 standing 
4 639 635 766 817 30182 0 0 1 standing 
4 650 635 776 816 30183 0 0 1 standing 
4 661 635 786 815 30184 0 0 1 standing 
5 584 453 669 618 30165 0 0 0 standing 
5 581 455 669 620 30166 0 0 1 standing 
5 578 458 669 622 30167 0 0 1 standing 
5 575 461 669 625 30168 0 0 0 standing 
5 585 462 676 626 30169 0 0 1 standing 
5 596 463 683 627 30170 0 0 1 standing 
5 607 464 690 628 30171 0 0 0 standing 
5 619 464 705 626 30172 0 0 1 standing 
5 631 464 720 624 30173 0 0 1 standing 
5 644 465 736 623 30174 0 0 0 standing 
5 657 462 751 622 30175 0 0 1 standing 
5 670 459 767 621 30176 0 0 1 standing 
5 684 456 783 620 30177 0 0 0 standing 
5 697 454 796 619 30178 0 0 1 standing 
5 710 452 809 618 30179 0 0 1 standing 
5 724 450 822 618 30180 0 0 0 standing 
5 735 452 832 620 30181 0 0 1 standing 
5 747 454 842 622 30182 0 0 1 standing 
5 758 456 852 624 30183 0 0 1 standing 
5 770 458 862 626 30184 0 0 1 standing 
6 795 659 922 855 30165 0 0 0 standing 
6 802 652 927 853 30166 0 0 1 standing 
6 810 646 932 851 30167 0 0 1 standing 
6 818 640 938 849 30168 0 0 0 standing 
6 822 635 935 844 30169 0 0 1 standing 
6 826 631 932 839 30170 0 0 1 standing 
6 830 627 929 834 30171 0 0 0 standing 
6 836 622 935 825 30172 0 0 1 standing 
6 843 617 942 816 30173 0 0 1 standing 
6 850 613 949 807 30174 0 0 0 standing 
6 848 611 955 803 30175 0 0 1 standing 
6 846 609 962 799 30176 0 0 1 standing 
6 845 607 969 796 30177 0 0 0 standing 
6 841 609 968 793 30178 0 0 1 standing 
6 837 611 967 790 30179 0 0 1 standing 
6 834 613 967 787 30180 0 0 0 standing 
6 840 613 975 786 30181 0 0 1 standing 
6 846 614 983 786 30182 0 0 1 standing 
6 852 614 991 785 30183 0 0 1 standing 
6 858 615 999 785 30184 0 0 1 standing 
7 1016 559 1095 746 30165 0 0 0 standing 
7 1021 555 1104 745 30166 0 0 1 standing 
7 1027 552 1113 744 30167 0 0 1 standing 
7 1033 549 1122 743 30168 0 0 0 standing 
7 1045 547 1131 738 30169 0 0 1 standing 
7 1057 545 1140 734 30170 0 0 1 standing 
7 1070 543 1149 730 30171 0 0 0 standing 
7 1075 541 1162 722 30172 0 0 1 standing 
7 1081 540 1176 715 30173 0 0 1 standing 
7 1087 539 1190 708 30174 0 0 0 standing 
7 1096 540 1203 705 30175 0 0 1 standing 
7 1106 541 1216 703 30176 0 0 1 standing 
7 1116 543 1230 701 30177 0 0 0 standing 
7 1127 541 1244 700 30178 0 0 1 standing 
7 1139 540 1259 699 30179 0 0 1 standing 
7 1151 539 1274 698 30180 0 0 0 standing 
7 1161 537 1283 697 30181 0 0 1 standing 
7 1172 536 1292 696 30182 0 0 1 standing 
7 1183 535 1301 696 30183 0 0 1 standing 
7 1194 534 1310 695 30184 0 0 1 standing 
8 1170 565 1252 754 30165 0 0 0 standing 
8 1183 568 1262 753 30166 0 0 1 moving 
8 1196 571 1272 753 30167 0 0 1 moving 
8 1209 574 1282 753 30168 0 0 0 moving 
8 1224 576 1308 758 30169 0 0 1 moving 
8 1240 578 1334 763 30170 0 0 1 moving 
8 1256 581 1360 769 30171 0 0 0 moving 
8 1268 583 1374 770 30172 0 0 1 moving 
8 1281 585 1388 772 30173 0 0 1 moving 
8 1294 587 1403 774 30174 0 0 0 moving 
8 1313 584 1415 774 30175 0 0 1 moving 
8 1332 581 1428 774 30176 0 0 1 moving 
8 1351 578 1441 775 30177 0 0 0 moving 
8 1364 578 1453 777 30178 0 0 1 moving 
8 1377 578 1466 779 30179 0 0 1 moving 
8 1390 578 1479 782 30180 0 0 0 moving 
8 1399 579 1487 783 30181 0 0 1 moving 
8 1408 581 1496 785 30182 0 0 1 moving 
8 1417 583 1504 786 30183 0 0 1 moving 
8 1426 585 1513 788 30184 0 0 1 moving 
9 1137 724 1207 941 30165 0 0 0 moving 
9 1138 717 1209 936 30166 0 0 1 standing 
9 1139 710 1212 932 30167 0 0 1 standing 
9 1141 704 1215 928 30168 0 0 0 standing 
9 1147 700 1223 917 30169 0 0 1 standing 
9 1154 696 1231 906 30170 0 0 1 standing 
9 1161 693 1239 895 30171 0 0 0 standing 
9 1173 688 1249 890 30172 0 0 1 standing 
9 1185 683 1259 885 30173 0 0 1 standing 
9 1197 678 1270 880 30174 0 0 0 standing 
9 1207 670 1282 876 30175 0 0 1 standing 
9 1218 662 1295 872 30176 0 0 1 standing 
9 1229 654 1308 868 30177 0 0 0 standing 
9 1241 651 1320 863 30178 0 0 1 standing 
9 1253 649 1332 858 30179 0 0 1 standing 
9 1266 647 1345 854 30180 0 0 0 standing 
9 1277 643 1356 848 30181 0 0 1 standing 
9 1288 639 1367 842 30182 0 0 1 standing 
9 1299 636 1378 836 30183 0 0 1 standing 
9 1310 632 1389 830 30184 0 0 1 standing 
10 1295 503 1390 650 30165 0 0 0 standing 
10 1295 500 1383 647 30166 0 0 1 standing 
10 1295 497 1376 645 30167 0 0 1 standing 
10 1295 494 1369 643 30168 0 0 0 standing 
10 1297 494 1365 638 30169 0 0 1 standing 
10 1299 494 1362 633 30170 0 0 1 standing 
10 1301 494 1359 628 30171 0 0 0 standing 
10 1301 493 1362 627 30172 0 0 1 standing 
10 1301 492 1365 626 30173 0 0 1 standing 
10 1301 492 1369 625 30174 0 0 0 standing 
10 1307 489 1375 622 30175 0 0 1 standing 
10 1313 487 1382 620 30176 0 0 1 standing 
10 1320 485 1389 618 30177 0 0 0 standing 
10 1328 484 1397 621 30178 0 0 1 standing 
10 1336 483 1405 625 30179 0 0 1 standing 
10 1345 482 1414 629 30180 0 0 0 standing 
10 1351 482 1420 629 30181 0 0 1 standing 
10 1357 482 1426 630 30182 0 0 1 standing 
10 1364 483 1433 631 30183 0 0 1 standing 
10 1370 483 1439 632 30184 0 0 1 standing 
11 1482 583 1556 794 30165 0 0 0 standing 
11 1483 583 1562 794 30166 0 0 1 standing 
11 1485 583 1568 794 30167 0 0 1 standing 
11 1487 583 1575 795 30168 0 0 0 standing 
11 1498 585 1584 792 30169 0 0 1 standing 
11 1509 587 1594 790 30170 0 0 1 standing 
11 1521 589 1604 788 30171 0 0 0 standing 
11 1532 588 1615 783 30172 0 0 1 standing 
11 1543 587 1627 778 30173 0 0 1 standing 
11 1555 586 1639 774 30174 0 0 0 standing 
11 1570 583 1651 773 30175 0 0 1 standing 
11 1586 580 1663 772 30176 0 0 1 standing 
11 1602 578 1675 771 30177 0 0 0 standing 
11 1614 578 1688 771 30178 0 0 1 standing 
11 1627 578 1702 771 30179 0 0 1 standing 
11 1639 578 1716 772 30180 0 0 1 standing 
11 1652 578 1730 772 30181 0 0 1 standing 
11 1665 579 1744 773 30182 0 0 0 standing 
11 1675 579 1754 773 30183 0 0 1 standing 
11 1685 580 1764 773 30184 0 0 1 standing 
