0 432 317 479 446 50165 0 1 0 standing 
0 433 317 480 446 50166 0 1 1 standing 
0 435 317 481 446 50167 0 1 1 standing 
0 436 317 482 446 50168 0 1 1 standing 
0 438 317 483 446 50169 0 1 1 standing 
0 439 317 484 446 50170 0 1 1 standing 
0 441 317 485 446 50171 0 1 1 standing 
0 442 317 486 446 50172 0 1 1 standing 
0 444 317 487 446 50173 0 1 1 standing 
0 445 317 488 446 50174 0 1 1 standing 
0 447 318 489 447 50175 0 1 0 standing 
0 448 318 490 448 50176 0 1 1 standing 
0 449 319 491 449 50177 0 1 1 standing 
0 450 320 492 450 50178 0 1 1 standing 
0 451 320 494 451 50179 0 1 1 standing 
0 452 321 495 452 50180 0 1 1 standing 
0 453 322 496 453 50181 0 1 1 standing 
0 455 323 498 454 50182 0 1 0 standing 
0 455 323 498 454 50183 0 1 1 standing 
0 455 323 498 454 50184 0 1 1 standing 
1 439 349 486 487 50165 0 1 0 standing 
1 440 348 487 486 50166 0 1 1 standing 
1 441 347 488 485 50167 0 1 1 standing 
1 442 347 489 485 50168 0 1 1 standing 
1 444 346 491 484 50169 0 1 1 standing 
1 445 346 492 484 50170 0 1 1 standing 
1 446 345 493 483 50171 0 1 1 standing 
1 448 344 495 482 50172 0 1 1 standing 
1 449 344 496 482 50173 0 1 1 standing 
1 450 343 497 481 50174 0 1 1 standing 
1 452 343 499 481 50175 0 1 0 standing 
1 452 341 499 478 50176 0 1 1 standing 
1 453 340 499 476 50177 0 1 1 standing 
1 453 339 499 474 50178 0 1 1 standing 
1 454 337 499 471 50179 0 1 1 standing 
1 454 336 499 469 50180 0 1 1 standing 
1 455 335 499 467 50181 0 1 1 standing 
1 456 334 500 465 50182 0 1 0 standing 
1 456 334 500 465 50183 0 1 1 standing 
1 456 334 500 465 50184 0 1 1 standing 
2 490 290 534 427 50165 0 1 0 standing 
2 489 291 532 427 50166 0 1 1 standing 
2 488 293 530 428 50167 0 1 1 standing 
2 487 294 528 429 50168 0 1 1 standing 
2 486 296 526 429 50169 0 1 1 standing 
2 485 298 524 430 50170 0 1 1 standing 
2 484 299 522 431 50171 0 1 1 standing 
2 483 301 520 431 50172 0 1 1 standing 
2 482 302 518 432 50173 0 1 1 standing 
2 481 304 516 433 50174 0 1 1 standing 
2 480 306 515 434 50175 0 1 0 standing 
2 480 306 515 434 50176 0 1 1 standing 
2 480 306 515 434 50177 0 1 1 standing 
2 480 306 515 434 50178 0 1 1 standing 
2 480 306 515 434 50179 0 1 1 standing 
2 480 306 515 434 50180 0 1 1 standing 
2 480 306 515 434 50181 0 1 1 standing 
2 480 306 515 434 50182 0 1 1 standing 
2 480 306 515 434 50183 0 1 1 standing 
2 480 306 515 434 50184 0 1 1 standing 
3 513 283 552 402 50165 0 1 0 standing 
3 512 283 551 402 50166 0 1 1 standing 
3 511 284 550 403 50167 0 1 1 standing 
3 510 284 549 403 50168 0 1 1 standing 
3 509 285 548 404 50169 0 1 1 standing 
3 508 285 547 404 50170 0 1 1 standing 
3 507 286 546 405 50171 0 1 1 standing 
3 506 286 545 405 50172 0 1 1 standing 
3 505 287 544 406 50173 0 1 1 standing 
3 504 287 543 406 50174 0 1 1 standing 
3 503 288 542 407 50175 0 1 0 standing 
3 503 288 542 407 50176 0 1 1 standing 
3 503 288 542 407 50177 0 1 1 standing 
3 503 288 542 407 50178 0 1 1 standing 
3 503 288 542 407 50179 0 1 1 standing 
3 503 288 542 407 50180 0 1 1 standing 
3 503 288 542 407 50181 0 1 1 standing 
3 503 288 542 407 50182 0 1 1 standing 
3 503 288 542 407 50183 0 1 1 standing 
3 503 288 542 407 50184 0 1 1 standing 
4 539 301 605 428 50165 0 1 0 standing 
4 537 301 600 428 50166 0 1 1 standing 
4 536 302 596 428 50167 0 1 1 standing 
4 535 302 592 429 50168 0 1 1 standing 
4 534 303 588 429 50169 0 1 1 standing 
4 533 303 584 430 50170 0 1 1 standing 
4 532 304 580 430 50171 0 1 1 standing 
4 531 304 576 430 50172 0 1 1 standing 
4 530 305 572 431 50173 0 1 1 standing 
4 529 305 568 431 50174 0 1 1 standing 
4 528 306 564 432 50175 0 1 0 standing 
4 528 306 564 432 50176 0 1 1 standing 
4 528 306 564 432 50177 0 1 1 standing 
4 528 306 564 432 50178 0 1 1 standing 
4 528 306 564 432 50179 0 1 1 standing 
4 528 306 564 432 50180 0 1 1 standing 
4 528 306 564 432 50181 0 1 1 standing 
4 528 306 564 432 50182 0 1 1 standing 
4 528 306 564 432 50183 0 1 1 standing 
4 528 306 564 432 50184 0 1 1 standing 
5 535 358 582 509 50165 0 1 0 standing 
5 533 356 582 506 50166 0 1 1 standing 
5 531 355 583 504 50167 0 1 1 standing 
5 529 354 583 502 50168 0 1 1 standing 
5 527 352 584 499 50169 0 1 1 standing 
5 525 351 585 497 50170 0 1 1 standing 
5 523 350 585 495 50171 0 1 1 standing 
5 521 348 586 492 50172 0 1 1 standing 
5 519 347 586 490 50173 0 1 1 standing 
5 517 346 587 488 50174 0 1 1 standing 
5 516 345 588 486 50175 0 1 0 standing 
5 514 343 586 484 50176 0 1 1 standing 
5 512 342 584 483 50177 0 1 1 standing 
5 510 341 582 482 50178 0 1 1 standing 
5 509 339 581 480 50179 0 1 1 standing 
5 507 338 579 479 50180 0 1 1 standing 
5 505 337 577 478 50181 0 1 1 standing 
5 504 336 576 477 50182 0 1 0 standing 
5 504 336 576 477 50183 0 1 1 standing 
5 504 336 576 477 50184 0 1 1 standing 
6 673 293 721 387 50165 0 0 0 standing 
6 674 293 722 387 50166 0 0 1 standing 
6 675 293 723 387 50167 0 0 1 standing 
6 676 294 724 388 50168 0 0 0 standing 
6 677 292 723 387 50169 0 0 1 standing 
6 678 291 723 387 50170 0 0 1 standing 
6 679 290 723 387 50171 0 0 0 standing 
6 679 290 724 386 50172 0 0 1 standing 
6 679 290 725 386 50173 0 0 1 standing 
6 679 290 726 386 50174 0 0 0 standing 
6 679 287 726 386 50175 0 0 1 standing 
6 680 284 726 386 50176 0 0 1 standing 
6 681 281 727 386 50177 0 0 0 standing 
6 681 281 727 386 50178 0 0 1 standing 
6 681 281 727 386 50179 0 0 1 standing 
6 681 281 727 386 50180 0 0 1 standing 
6 681 281 727 386 50181 0 0 1 standing 
6 681 281 727 386 50182 0 0 1 standing 
6 681 281 727 386 50183 0 0 1 standing 
6 681 281 727 386 50184 0 0 1 standing 
7 707 270 750 398 50165 0 0 0 standing 
7 707 270 750 398 50166 0 0 1 standing 
7 707 270 750 398 50167 0 0 1 standing 
7 708 270 751 398 50168 0 0 0 standing 
7 707 270 752 397 50169 0 0 1 standing 
7 707 270 753 397 50170 0 0 1 standing 
7 707 270 755 397 50171 0 0 0 standing 
7 706 270 757 397 50172 0 0 1 standing 
7 706 271 760 397 50173 0 0 1 standing 
7 706 272 763 397 50174 0 0 0 standing 
7 709 272 765 397 50175 0 0 1 standing 
7 713 272 767 397 50176 0 0 1 standing 
7 717 273 770 397 50177 0 0 0 standing 
7 718 273 773 397 50178 0 0 1 standing 
7 720 274 777 397 50179 0 0 1 standing 
7 722 275 781 397 50180 0 0 0 standing 
7 722 275 781 397 50181 0 0 1 standing 
7 722 275 781 397 50182 0 0 1 standing 
7 722 275 781 397 50183 0 0 1 standing 
7 722 275 781 397 50184 0 0 1 standing 
8 739 301 781 432 50165 0 0 0 standing 
8 737 301 781 432 50166 0 0 1 standing 
8 736 301 782 432 50167 0 0 1 standing 
8 735 302 783 432 50168 0 0 0 standing 
8 733 304 783 432 50169 0 0 1 standing 
8 731 306 784 433 50170 0 0 1 standing 
8 730 309 785 434 50171 0 0 0 standing 
8 730 311 786 434 50172 0 0 1 standing 
8 731 313 787 434 50173 0 0 1 standing 
8 732 315 788 435 50174 0 0 0 standing 
8 732 317 788 434 50175 0 0 1 standing 
8 732 319 789 434 50176 0 0 1 standing 
8 732 321 790 434 50177 0 0 0 standing 
8 732 321 790 434 50178 0 0 1 standing 
8 732 321 790 434 50179 0 0 1 standing 
8 732 321 790 434 50180 0 0 1 standing 
8 732 321 790 434 50181 0 0 1 standing 
8 732 321 790 434 50182 0 0 1 standing 
8 732 321 790 434 50183 0 0 1 standing 
8 732 321 790 434 50184 0 0 1 standing 
9 718 366 766 513 50165 0 0 0 standing 
9 718 365 766 512 50166 0 0 1 standing 
9 719 365 767 512 50167 0 0 1 standing 
9 720 365 768 512 50168 0 0 1 standing 
9 720 365 768 512 50169 0 0 1 standing 
9 721 365 769 512 50170 0 0 1 standing 
9 722 365 770 512 50171 0 0 0 standing 
9 720 365 770 511 50172 0 0 1 standing 
9 718 365 770 510 50173 0 0 1 standing 
9 716 365 770 510 50174 0 0 0 standing 
9 716 363 770 508 50175 0 0 1 standing 
9 717 361 771 506 50176 0 0 1 standing 
9 718 359 772 504 50177 0 0 0 standing 
9 718 357 772 502 50178 0 0 1 standing 
9 718 356 772 501 50179 0 0 1 standing 
9 718 355 772 500 50180 0 0 0 standing 
9 718 355 772 500 50181 0 0 1 standing 
9 718 355 772 500 50182 0 0 1 standing 
9 718 355 772 500 50183 0 0 1 standing 
9 718 355 772 500 50184 0 0 1 standing 
10 819 342 870 470 50165 0 0 0 standing 
10 818 341 869 469 50166 0 0 1 standing 
10 817 340 868 468 50167 0 0 1 standing 
10 817 340 868 468 50168 0 0 0 standing 
10 815 339 867 467 50169 0 0 1 standing 
10 813 339 866 466 50170 0 0 1 standing 
10 812 339 865 466 50171 0 0 0 standing 
10 811 337 863 465 50172 0 0 1 standing 
10 810 336 862 465 50173 0 0 1 standing 
10 809 335 861 465 50174 0 0 0 standing 
10 808 334 859 463 50175 0 0 1 standing 
10 807 333 858 461 50176 0 0 1 standing 
10 806 332 857 459 50177 0 0 0 standing 
10 804 330 855 456 50178 0 0 1 standing 
10 803 328 853 453 50179 0 0 1 standing 
10 802 327 852 451 50180 0 0 0 standing 
10 802 327 852 451 50181 0 0 1 standing 
10 802 327 852 451 50182 0 0 1 standing 
10 802 327 852 451 50183 0 0 1 standing 
10 802 327 852 451 50184 0 0 1 standing 
11 849 289 890 432 50165 0 0 0 standing 
11 848 288 889 431 50166 0 0 1 standing 
11 847 288 888 431 50167 0 0 1 standing 
11 847 288 888 431 50168 0 0 1 standing 
11 846 288 887 431 50169 0 0 1 standing 
11 845 288 886 431 50170 0 0 1 standing 
11 845 288 886 431 50171 0 0 0 standing 
11 842 288 886 430 50172 0 0 1 standing 
11 840 288 886 430 50173 0 0 1 standing 
11 838 288 886 430 50174 0 0 0 standing 
11 837 286 884 426 50175 0 0 1 standing 
11 837 285 883 422 50176 0 0 1 standing 
11 837 284 882 419 50177 0 0 0 standing 
11 837 284 882 419 50178 0 0 1 standing 
11 837 284 882 419 50179 0 0 1 standing 
11 837 284 882 419 50180 0 0 1 standing 
11 837 284 882 419 50181 0 0 1 standing 
11 837 284 882 419 50182 0 0 1 standing 
11 837 284 882 419 50183 0 0 1 standing 
11 837 284 882 419 50184 0 0 1 standing 
