0 1074 321 1131 393 22075 0 1 0 standing 
0 1064 322 1121 394 22076 0 1 1 standing 
0 1055 324 1112 396 22077 0 1 1 standing 
0 1045 325 1102 397 22078 0 1 1 standing 
0 1036 327 1093 399 22079 0 1 1 standing 
0 1027 328 1084 400 22080 0 1 1 standing 
0 1017 330 1074 402 22081 0 1 1 standing 
0 1008 331 1065 403 22082 0 1 1 standing 
0 998 333 1055 405 22083 0 1 1 standing 
0 989 334 1046 406 22084 0 1 1 standing 
0 980 336 1037 408 22085 0 1 0 standing 
0 975 339 1033 408 22086 0 1 1 standing 
0 971 342 1029 409 22087 0 1 1 standing 
0 966 345 1025 410 22088 0 1 1 standing 
0 962 349 1022 411 22089 0 1 0 standing 
0 957 352 1023 412 22090 0 1 1 standing 
0 953 356 1024 414 22091 0 1 1 standing 
0 948 359 1025 415 22092 0 1 1 standing 
0 944 363 1026 417 22093 0 1 1 standing 
0 939 366 1027 418 22094 0 1 1 standing 
1 1095 365 1162 441 22075 0 1 0 standing 
1 1084 363 1149 439 22076 0 1 1 digging 
1 1073 362 1136 437 22077 0 1 1 digging 
1 1062 360 1124 436 22078 0 1 1 digging 
1 1051 359 1111 434 22079 0 1 1 digging 
1 1040 357 1099 433 22080 0 1 1 digging 
1 1029 356 1086 431 22081 0 1 1 digging 
1 1018 354 1073 429 22082 0 1 1 digging 
1 1007 353 1061 428 22083 0 1 1 digging 
1 996 351 1048 426 22084 0 1 1 digging 
1 986 350 1036 425 22085 0 1 0 digging 
1 976 347 1026 422 22086 0 1 1 digging 
1 966 344 1016 420 22087 0 1 1 digging 
1 956 341 1006 418 22088 0 1 1 digging 
1 947 338 997 416 22089 0 1 0 digging 
1 941 337 991 416 22090 0 1 1 digging 
1 935 337 985 416 22091 0 1 1 digging 
1 929 337 979 417 22092 0 1 1 digging 
1 923 336 973 417 22093 0 1 1 digging 
1 917 336 967 417 22094 0 1 1 digging 
2 930 410 989 509 22075 0 0 0 digging 
2 921 409 980 508 22076 0 0 1 waiting 
2 913 408 972 508 22077 0 0 1 waiting 
2 905 407 964 508 22078 0 0 1 waiting 
2 897 406 956 508 22079 0 0 0 waiting 
2 887 403 946 507 22080 0 0 1 waiting 
2 877 401 936 507 22081 0 0 1 waiting 
2 867 398 926 506 22082 0 0 1 waiting 
2 858 396 916 506 22083 0 0 1 waiting 
2 848 393 906 505 22084 0 0 1 waiting 
2 838 391 896 505 22085 0 0 1 waiting 
2 828 388 886 504 22086 0 0 1 waiting 
2 819 386 877 504 22087 0 0 0 waiting 
2 815 382 874 500 22088 0 0 1 waiting 
2 812 379 871 497 22089 0 0 1 waiting 
2 809 375 868 494 22090 0 0 1 waiting 
2 806 372 865 491 22091 0 0 0 waiting 
2 802 372 858 488 22092 0 0 1 waiting 
2 798 372 851 485 22093 0 0 1 waiting 
2 794 373 844 482 22094 0 0 0 waiting 
3 1122 396 1165 499 22075 0 0 0 waiting 
3 1111 396 1154 499 22076 0 0 1 waiting 
3 1100 396 1143 499 22077 0 0 1 waiting 
3 1089 396 1132 499 22078 0 0 1 waiting 
3 1079 397 1121 499 22079 0 0 0 waiting 
3 1068 395 1110 497 22080 0 0 1 waiting 
3 1057 394 1100 496 22081 0 0 1 waiting 
3 1046 393 1090 494 22082 0 0 1 waiting 
3 1036 392 1080 493 22083 0 0 1 waiting 
3 1025 390 1070 491 22084 0 0 1 waiting 
3 1014 389 1060 490 22085 0 0 1 waiting 
3 1003 388 1050 488 22086 0 0 1 waiting 
3 993 387 1040 487 22087 0 0 0 waiting 
3 985 386 1031 486 22088 0 0 1 waiting 
3 978 386 1022 486 22089 0 0 1 waiting 
3 971 385 1013 485 22090 0 0 1 waiting 
3 964 385 1005 485 22091 0 0 0 waiting 
3 960 385 1000 485 22092 0 0 1 waiting 
3 956 385 996 485 22093 0 0 1 waiting 
3 952 385 992 485 22094 0 0 1 waiting 
4 1162 275 1198 371 22075 0 0 0 waiting 
4 1151 273 1187 369 22076 0 0 1 standing 
4 1140 271 1177 367 22077 0 0 1 standing 
4 1129 269 1167 365 22078 0 0 1 standing 
4 1118 268 1157 364 22079 0 0 0 standing 
4 1107 267 1145 363 22080 0 0 1 standing 
4 1096 266 1133 362 22081 0 0 1 standing 
4 1085 265 1121 361 22082 0 0 1 standing 
4 1074 264 1109 361 22083 0 0 1 standing 
4 1063 263 1097 360 22084 0 0 1 standing 
4 1052 262 1085 359 22085 0 0 1 standing 
4 1041 261 1073 358 22086 0 0 1 standing 
4 1030 261 1062 358 22087 0 0 0 standing 
4 1023 260 1055 357 22088 0 0 1 standing 
4 1017 260 1048 357 22089 0 0 1 standing 
4 1010 259 1041 357 22090 0 0 1 standing 
4 1004 259 1035 357 22091 0 0 0 standing 
4 998 258 1029 356 22092 0 0 1 standing 
4 993 258 1024 355 22093 0 0 1 standing 
4 988 257 1019 354 22094 0 0 1 standing 
5 801 395 841 506 22075 0 0 0 standing 
5 792 391 832 502 22076 0 0 1 moving 
5 784 388 824 499 22077 0 0 1 moving 
5 775 385 815 496 22078 0 0 1 moving 
5 767 382 807 493 22079 0 0 0 moving 
5 757 379 796 490 22080 0 0 1 moving 
5 747 377 785 488 22081 0 0 1 moving 
5 737 375 774 486 22082 0 0 1 moving 
5 727 373 763 484 22083 0 0 1 moving 
5 717 371 752 482 22084 0 0 1 moving 
5 707 369 741 480 22085 0 0 1 moving 
5 697 367 730 478 22086 0 0 1 moving 
5 688 365 719 476 22087 0 0 0 moving 
5 680 363 713 469 22088 0 0 1 moving 
5 672 361 707 463 22089 0 0 1 moving 
5 664 359 701 456 22090 0 0 1 moving 
5 656 357 695 450 22091 0 0 0 moving 
5 650 356 693 448 22092 0 0 1 moving 
5 644 356 692 447 22093 0 0 1 moving 
5 638 355 690 445 22094 0 0 1 moving 
6 283 350 351 458 22075 0 0 0 moving 
6 282 355 349 462 22076 0 0 1 moving 
6 281 361 348 466 22077 0 0 1 moving 
6 280 366 347 470 22078 0 0 1 moving 
6 279 372 346 475 22079 0 0 0 moving 
6 275 377 342 484 22080 0 0 1 moving 
6 271 383 338 493 22081 0 0 1 moving 
6 267 389 334 502 22082 0 0 1 moving 
6 264 395 330 511 22083 0 0 0 moving 
6 259 396 325 511 22084 0 0 1 moving 
6 254 398 321 511 22085 0 0 1 moving 
6 249 400 317 511 22086 0 0 1 moving 
6 245 402 313 511 22087 0 0 0 moving 
6 245 400 308 511 22088 0 0 1 moving 
6 245 399 303 511 22089 0 0 1 moving 
6 245 398 298 511 22090 0 0 1 moving 
6 246 397 294 512 22091 0 0 0 moving 
6 246 397 294 513 22092 0 0 1 moving 
6 246 397 295 514 22093 0 0 1 moving 
6 247 398 296 516 22094 0 0 0 moving 
7 472 316 504 419 22075 0 0 0 moving 
7 463 316 495 419 22076 0 0 1 standing 
7 455 317 486 419 22077 0 0 1 standing 
7 446 318 477 419 22078 0 0 1 standing 
7 438 319 469 420 22079 0 0 0 standing 
7 427 319 458 421 22080 0 0 1 standing 
7 417 320 448 422 22081 0 0 1 standing 
7 407 320 438 424 22082 0 0 1 standing 
7 397 321 428 425 22083 0 0 1 standing 
7 387 322 418 426 22084 0 0 1 standing 
7 377 322 408 428 22085 0 0 1 standing 
7 367 323 398 429 22086 0 0 1 standing 
7 357 324 388 431 22087 0 0 0 standing 
7 350 325 381 432 22088 0 0 1 standing 
7 344 326 374 433 22089 0 0 1 standing 
7 337 327 367 434 22090 0 0 1 standing 
7 331 328 361 436 22091 0 0 0 standing 
7 327 329 356 437 22092 0 0 1 standing 
7 323 330 352 438 22093 0 0 1 standing 
7 319 331 348 439 22094 0 0 1 standing 
8 530 343 561 435 22075 0 0 0 standing 
8 522 342 553 434 22076 0 0 1 standing 
8 514 341 545 434 22077 0 0 1 standing 
8 506 340 537 434 22078 0 0 1 standing 
8 498 339 529 434 22079 0 0 0 standing 
8 487 337 518 433 22080 0 0 1 standing 
8 476 336 508 432 22081 0 0 1 standing 
8 465 334 498 431 22082 0 0 1 standing 
8 455 333 488 430 22083 0 0 1 standing 
8 444 332 477 429 22084 0 0 1 standing 
8 433 330 467 428 22085 0 0 1 standing 
8 422 329 457 427 22086 0 0 1 standing 
8 412 328 447 427 22087 0 0 0 standing 
8 404 328 438 427 22088 0 0 1 standing 
8 397 328 430 427 22089 0 0 1 standing 
8 389 328 422 427 22090 0 0 1 standing 
8 382 328 414 427 22091 0 0 0 standing 
8 377 328 409 427 22092 0 0 1 standing 
8 373 328 404 427 22093 0 0 1 standing 
8 369 328 399 427 22094 0 0 1 standing 
9 718 327 768 445 22075 0 0 0 standing 
9 709 326 758 444 22076 0 0 1 standing 
9 701 325 749 443 22077 0 0 1 standing 
9 692 324 740 442 22078 0 0 1 standing 
9 684 324 731 442 22079 0 0 0 standing 
9 673 324 720 442 22080 0 0 1 standing 
9 663 324 709 442 22081 0 0 1 standing 
9 652 324 698 442 22082 0 0 1 standing 
9 642 324 687 442 22083 0 0 1 standing 
9 631 324 676 442 22084 0 0 1 standing 
9 621 324 665 442 22085 0 0 1 standing 
9 610 324 654 442 22086 0 0 1 standing 
9 600 325 643 443 22087 0 0 0 standing 
9 594 325 636 442 22088 0 0 1 standing 
9 589 325 629 442 22089 0 0 1 standing 
9 583 325 622 442 22090 0 0 1 standing 
9 578 325 615 442 22091 0 0 0 standing 
9 572 324 611 441 22092 0 0 1 standing 
9 567 323 607 441 22093 0 0 1 standing 
9 562 322 603 441 22094 0 0 1 standing 
10 691 340 724 442 22075 0 0 0 standing 
10 683 340 716 442 22076 0 0 1 standing 
10 675 340 708 442 22077 0 0 1 standing 
10 667 340 700 442 22078 0 0 1 standing 
10 660 341 692 443 22079 0 0 0 standing 
10 650 338 682 440 22080 0 0 1 standing 
10 641 336 673 438 22081 0 0 1 standing 
10 631 334 663 436 22082 0 0 1 standing 
10 622 332 654 434 22083 0 0 1 standing 
10 612 329 644 431 22084 0 0 1 standing 
10 603 327 635 429 22085 0 0 1 standing 
10 593 325 625 427 22086 0 0 1 standing 
10 584 323 616 425 22087 0 0 0 standing 
10 577 323 608 425 22088 0 0 1 standing 
10 570 323 601 425 22089 0 0 1 standing 
10 563 323 593 425 22090 0 0 1 standing 
10 556 323 586 425 22091 0 0 0 standing 
10 552 322 582 424 22092 0 0 1 standing 
10 548 322 579 424 22093 0 0 1 standing 
10 544 322 575 424 22094 0 0 1 standing 
11 644 350 689 456 22075 0 0 0 standing 
11 636 351 680 456 22076 0 0 1 standing 
11 629 353 671 457 22077 0 0 1 standing 
11 621 355 662 458 22078 0 0 1 standing 
11 614 357 654 459 22079 0 0 0 standing 
11 607 357 646 460 22080 0 0 1 standing 
11 600 358 639 462 22081 0 0 1 standing 
11 593 358 632 463 22082 0 0 1 standing 
11 586 359 625 465 22083 0 0 1 standing 
11 579 359 618 466 22084 0 0 1 standing 
11 572 360 611 468 22085 0 0 1 standing 
11 565 360 604 469 22086 0 0 1 standing 
11 558 361 597 471 22087 0 0 0 standing 
11 551 363 594 472 22088 0 0 1 standing 
11 544 365 591 474 22089 0 0 1 standing 
11 537 367 588 475 22090 0 0 1 standing 
11 530 370 585 477 22091 0 0 0 standing 
11 532 370 582 476 22092 0 0 1 standing 
11 534 370 580 476 22093 0 0 1 standing 
11 536 370 578 475 22094 0 0 1 standing 
