0 841 310 920 396 38480 0 1 0 digging 
0 837 308 916 395 38481 0 1 1 digging 
0 833 307 912 395 38482 0 1 1 digging 
0 829 305 908 395 38483 0 1 1 digging 
0 826 304 904 395 38484 0 1 1 digging 
0 822 302 901 395 38485 0 1 1 digging 
0 818 301 897 395 38486 0 1 1 digging 
0 815 299 893 395 38487 0 1 1 digging 
0 811 298 889 395 38488 0 1 1 digging 
0 807 296 885 395 38489 0 1 1 digging 
0 804 295 882 395 38490 0 1 0 digging 
0 802 295 878 394 38491 0 1 1 digging 
0 801 295 875 394 38492 0 1 1 digging 
0 799 295 872 394 38493 0 1 1 digging 
0 798 295 869 394 38494 0 1 1 digging 
0 796 295 866 394 38495 0 1 1 digging 
0 795 295 862 393 38496 0 1 1 digging 
0 793 295 859 393 38497 0 1 1 digging 
0 792 295 856 393 38498 0 1 1 digging 
0 790 295 853 393 38499 0 1 1 digging 
1 669 317 722 410 38480 0 0 0 digging 
1 666 316 719 409 38481 0 0 1 standing 
1 663 315 716 408 38482 0 0 1 standing 
1 661 314 713 408 38483 0 0 1 standing 
1 658 313 710 407 38484 0 0 1 standing 
1 655 312 707 406 38485 0 0 1 standing 
1 653 311 704 406 38486 0 0 1 standing 
1 650 310 701 405 38487 0 0 1 standing 
1 647 309 698 404 38488 0 0 1 standing 
1 645 308 695 404 38489 0 0 1 standing 
1 642 307 692 403 38490 0 0 1 standing 
1 640 306 689 403 38491 0 0 0 standing 
1 640 304 692 402 38492 0 0 1 standing 
1 640 303 695 401 38493 0 0 1 standing 
1 640 301 698 400 38494 0 0 1 standing 
1 640 300 702 400 38495 0 0 0 standing 
1 642 298 703 396 38496 0 0 1 standing 
1 645 297 705 393 38497 0 0 1 standing 
1 647 295 707 389 38498 0 0 1 standing 
1 650 294 709 386 38499 0 0 1 standing 
2 931 316 982 418 38480 0 0 0 standing 
2 928 317 979 417 38481 0 0 1 standing 
2 926 318 976 416 38482 0 0 1 standing 
2 924 319 973 416 38483 0 0 1 standing 
2 922 320 970 415 38484 0 0 1 standing 
2 920 322 968 415 38485 0 0 0 standing 
2 919 319 966 415 38486 0 0 1 standing 
2 919 317 965 415 38487 0 0 1 standing 
2 918 315 963 416 38488 0 0 1 standing 
2 918 312 962 416 38489 0 0 1 standing 
2 917 310 960 416 38490 0 0 1 standing 
2 917 308 959 417 38491 0 0 0 standing 
2 919 308 959 417 38492 0 0 1 standing 
2 921 308 960 418 38493 0 0 1 standing 
2 923 308 960 418 38494 0 0 1 standing 
2 925 308 961 419 38495 0 0 0 standing 
2 925 307 963 419 38496 0 0 1 standing 
2 925 307 966 420 38497 0 0 1 standing 
2 925 306 968 420 38498 0 0 1 standing 
2 925 306 971 421 38499 0 0 1 standing 
3 903 400 952 505 38480 0 0 0 standing 
3 898 399 948 504 38481 0 0 1 standing 
3 894 399 944 504 38482 0 0 1 standing 
3 890 399 940 504 38483 0 0 1 standing 
3 885 398 936 503 38484 0 0 1 standing 
3 881 398 932 503 38485 0 0 1 standing 
3 877 398 928 503 38486 0 0 1 standing 
3 872 397 924 502 38487 0 0 1 standing 
3 868 397 920 502 38488 0 0 1 standing 
3 864 397 916 502 38489 0 0 1 standing 
3 860 397 912 502 38490 0 0 0 standing 
3 857 397 910 502 38491 0 0 1 standing 
3 855 398 909 503 38492 0 0 1 standing 
3 852 398 907 504 38493 0 0 1 standing 
3 850 399 906 505 38494 0 0 1 standing 
3 848 400 905 506 38495 0 0 0 standing 
3 846 400 904 505 38496 0 0 1 standing 
3 844 400 903 504 38497 0 0 1 standing 
3 843 400 902 503 38498 0 0 1 standing 
3 841 400 901 502 38499 0 0 1 standing 
4 586 322 625 484 38480 0 0 0 standing 
4 583 327 626 485 38481 0 0 1 standing 
4 580 332 627 486 38482 0 0 1 standing 
4 578 337 629 488 38483 0 0 1 standing 
4 575 342 630 489 38484 0 0 1 standing 
4 573 348 632 491 38485 0 0 0 standing 
4 572 351 628 491 38486 0 0 1 standing 
4 571 354 625 491 38487 0 0 1 standing 
4 570 358 622 491 38488 0 0 1 standing 
4 569 361 619 491 38489 0 0 1 standing 
4 569 365 616 492 38490 0 0 0 standing 
4 569 369 617 492 38491 0 0 1 standing 
4 570 373 619 493 38492 0 0 1 standing 
4 571 377 620 494 38493 0 0 1 standing 
4 572 381 622 495 38494 0 0 1 standing 
4 573 385 624 496 38495 0 0 0 standing 
4 574 387 626 497 38496 0 0 1 standing 
4 575 389 628 498 38497 0 0 1 standing 
4 576 391 631 500 38498 0 0 1 standing 
4 577 393 633 501 38499 0 0 1 standing 
5 573 302 648 451 38480 0 0 0 standing 
5 572 306 649 452 38481 0 0 1 standing 
5 571 311 650 453 38482 0 0 1 standing 
5 570 315 652 455 38483 0 0 1 standing 
5 569 320 653 456 38484 0 0 1 standing 
5 569 325 655 458 38485 0 0 0 standing 
5 568 329 652 459 38486 0 0 1 standing 
5 568 333 649 461 38487 0 0 1 standing 
5 568 337 646 463 38488 0 0 1 standing 
5 567 341 643 465 38489 0 0 1 standing 
5 567 345 640 467 38490 0 0 1 standing 
5 567 350 638 469 38491 0 0 0 standing 
5 568 350 639 470 38492 0 0 1 standing 
5 570 351 640 471 38493 0 0 1 standing 
5 571 352 641 472 38494 0 0 1 standing 
5 573 353 642 473 38495 0 0 0 standing 
5 574 354 647 474 38496 0 0 1 standing 
5 576 355 652 475 38497 0 0 1 standing 
5 578 357 657 476 38498 0 0 1 standing 
5 580 358 662 477 38499 0 0 1 standing 
6 493 329 562 438 38480 0 0 0 standing 
6 490 329 559 439 38481 0 0 1 standing 
6 487 330 556 440 38482 0 0 1 standing 
6 485 330 554 441 38483 0 0 1 standing 
6 482 331 551 442 38484 0 0 1 standing 
6 480 332 549 443 38485 0 0 0 standing 
6 479 330 546 441 38486 0 0 1 standing 
6 478 329 544 440 38487 0 0 1 standing 
6 477 328 541 439 38488 0 0 1 standing 
6 476 327 539 437 38489 0 0 1 standing 
6 475 326 536 436 38490 0 0 1 standing 
6 475 325 534 435 38491 0 0 0 standing 
6 477 325 533 434 38492 0 0 1 standing 
6 479 325 532 434 38493 0 0 1 standing 
6 481 325 531 434 38494 0 0 1 standing 
6 483 325 531 434 38495 0 0 0 standing 
6 482 325 530 434 38496 0 0 1 standing 
6 481 325 529 435 38497 0 0 1 standing 
6 480 325 528 436 38498 0 0 1 standing 
6 479 325 527 437 38499 0 0 1 standing 
7 404 342 460 460 38480 0 0 0 standing 
7 403 346 457 462 38481 0 0 1 standing 
7 402 350 455 465 38482 0 0 1 standing 
7 402 354 452 468 38483 0 0 1 standing 
7 401 358 450 471 38484 0 0 1 standing 
7 401 363 448 474 38485 0 0 0 standing 
7 399 363 446 473 38486 0 0 1 standing 
7 397 364 445 473 38487 0 0 1 standing 
7 395 364 444 472 38488 0 0 1 standing 
7 393 365 443 472 38489 0 0 1 standing 
7 391 366 442 472 38490 0 0 0 standing 
7 390 365 441 471 38491 0 0 1 standing 
7 390 365 441 470 38492 0 0 1 standing 
7 390 365 440 469 38493 0 0 1 standing 
7 390 365 440 468 38494 0 0 1 standing 
7 390 365 440 468 38495 0 0 0 standing 
7 390 365 442 468 38496 0 0 1 standing 
7 390 365 444 469 38497 0 0 1 standing 
7 390 365 446 469 38498 0 0 1 standing 
7 390 365 448 470 38499 0 0 1 standing 
8 313 389 364 489 38480 0 0 0 standing 
8 311 389 361 488 38481 0 0 1 waiting 
8 309 389 359 488 38482 0 0 1 waiting 
8 308 389 356 488 38483 0 0 1 waiting 
8 306 389 354 488 38484 0 0 1 waiting 
8 305 389 352 488 38485 0 0 0 waiting 
8 303 389 349 488 38486 0 0 1 waiting 
8 302 390 347 489 38487 0 0 1 waiting 
8 301 391 345 490 38488 0 0 1 waiting 
8 299 392 342 491 38489 0 0 1 waiting 
8 298 393 340 492 38490 0 0 1 waiting 
8 297 394 338 493 38491 0 0 0 waiting 
8 295 393 336 493 38492 0 0 1 waiting 
8 293 393 334 494 38493 0 0 1 waiting 
8 291 393 332 495 38494 0 0 1 waiting 
8 289 392 330 495 38495 0 0 1 waiting 
8 287 392 329 496 38496 0 0 1 waiting 
8 285 392 327 497 38497 0 0 1 waiting 
8 283 391 325 497 38498 0 0 1 waiting 
8 281 391 323 498 38499 0 0 1 waiting 
9 282 350 323 454 38480 0 0 0 waiting 
9 279 349 319 454 38481 0 0 1 standing 
9 276 349 316 454 38482 0 0 1 standing 
9 273 349 313 455 38483 0 0 1 standing 
9 270 349 310 455 38484 0 0 1 standing 
9 268 349 307 456 38485 0 0 1 standing 
9 265 348 304 456 38486 0 0 1 standing 
9 262 348 301 456 38487 0 0 1 standing 
9 259 348 298 457 38488 0 0 1 standing 
9 256 348 295 457 38489 0 0 1 standing 
9 254 348 292 458 38490 0 0 0 standing 
9 250 348 290 456 38491 0 0 1 standing 
9 246 349 289 455 38492 0 0 1 standing 
9 243 349 287 453 38493 0 0 1 standing 
9 239 350 286 452 38494 0 0 1 standing 
9 236 351 285 451 38495 0 0 0 standing 
9 233 351 282 451 38496 0 0 1 standing 
9 230 352 279 451 38497 0 0 1 standing 
9 228 353 277 452 38498 0 0 1 standing 
9 225 354 274 452 38499 0 0 1 standing 
10 325 296 382 396 38480 0 0 0 standing 
10 322 296 378 395 38481 0 0 1 standing 
10 320 297 375 395 38482 0 0 1 standing 
10 318 298 372 395 38483 0 0 1 standing 
10 316 299 368 395 38484 0 0 1 standing 
10 314 300 365 395 38485 0 0 1 standing 
10 311 300 362 394 38486 0 0 1 standing 
10 309 301 359 394 38487 0 0 1 standing 
10 307 302 355 394 38488 0 0 1 standing 
10 305 303 352 394 38489 0 0 1 standing 
10 303 304 349 394 38490 0 0 1 standing 
10 301 305 346 394 38491 0 0 0 standing 
10 298 305 340 394 38492 0 0 1 standing 
10 295 305 334 395 38493 0 0 1 standing 
10 292 305 328 395 38494 0 0 1 standing 
10 290 306 323 396 38495 0 0 0 standing 
10 287 306 323 396 38496 0 0 1 standing 
10 284 307 323 397 38497 0 0 1 standing 
10 282 308 323 397 38498 0 0 1 standing 
10 279 309 323 398 38499 0 0 1 standing 
11 497 278 544 391 38480 0 0 0 standing 
11 498 280 545 392 38481 0 0 1 standing 
11 499 282 546 394 38482 0 0 1 standing 
11 500 284 548 395 38483 0 0 1 standing 
11 501 286 549 397 38484 0 0 1 standing 
11 502 288 551 399 38485 0 0 0 standing 
11 502 288 549 398 38486 0 0 1 standing 
11 502 288 548 398 38487 0 0 1 standing 
11 502 289 546 397 38488 0 0 1 standing 
11 502 289 545 397 38489 0 0 1 standing 
11 502 289 543 396 38490 0 0 1 standing 
11 502 290 542 396 38491 0 0 0 standing 
11 501 291 540 397 38492 0 0 1 standing 
11 501 292 539 398 38493 0 0 1 standing 
11 501 293 538 399 38494 0 0 1 standing 
11 501 294 537 400 38495 0 0 1 standing 
11 500 295 536 401 38496 0 0 1 standing 
11 500 296 535 402 38497 0 0 1 standing 
11 500 297 534 403 38498 0 0 1 standing 
11 500 298 533 404 38499 0 0 1 standing 
