0 233 386 295 520 43475 0 1 0 standing 
0 239 388 300 521 43476 0 1 1 standing 
0 246 390 306 522 43477 0 1 1 standing 
0 253 393 311 524 43478 0 1 1 standing 
0 259 395 317 525 43479 0 1 1 standing 
0 266 398 322 527 43480 0 1 1 standing 
0 273 400 328 528 43481 0 1 1 standing 
0 279 402 333 529 43482 0 1 1 standing 
0 286 405 339 531 43483 0 1 1 standing 
0 293 407 344 532 43484 0 1 1 standing 
0 300 410 350 534 43485 0 1 0 standing 
0 303 410 351 534 43486 0 1 1 standing 
0 306 410 353 534 43487 0 1 1 standing 
0 309 410 355 534 43488 0 1 1 standing 
0 312 411 356 534 43489 0 1 1 standing 
0 315 411 358 535 43490 0 1 1 standing 
0 318 411 360 535 43491 0 1 1 standing 
0 321 412 361 535 43492 0 1 1 standing 
0 324 412 363 535 43493 0 1 1 standing 
0 327 412 365 535 43494 0 1 1 standing 
1 281 419 324 553 43475 0 1 0 standing 
1 283 418 329 552 43476 0 1 1 standing 
1 286 418 334 552 43477 0 1 1 standing 
1 289 418 339 551 43478 0 1 1 standing 
1 292 417 344 551 43479 0 1 1 standing 
1 295 417 349 551 43480 0 1 1 standing 
1 297 417 354 550 43481 0 1 1 standing 
1 300 416 359 550 43482 0 1 1 standing 
1 303 416 364 549 43483 0 1 1 standing 
1 306 416 369 549 43484 0 1 1 standing 
1 309 416 374 549 43485 0 1 0 standing 
1 312 416 375 548 43486 0 1 1 standing 
1 315 416 376 548 43487 0 1 1 standing 
1 318 416 377 548 43488 0 1 1 standing 
1 321 416 378 548 43489 0 1 1 standing 
1 324 416 379 548 43490 0 1 1 standing 
1 327 416 380 548 43491 0 1 1 standing 
1 330 416 381 548 43492 0 1 1 standing 
1 333 416 382 548 43493 0 1 1 standing 
1 336 416 383 548 43494 0 1 1 standing 
2 307 405 355 517 43475 0 1 0 standing 
2 311 406 359 518 43476 0 1 1 standing 
2 315 408 363 520 43477 0 1 1 standing 
2 319 410 367 521 43478 0 1 1 standing 
2 323 411 371 523 43479 0 1 1 standing 
2 328 413 376 525 43480 0 1 1 standing 
2 332 415 380 526 43481 0 1 1 standing 
2 336 416 384 528 43482 0 1 1 standing 
2 340 418 388 529 43483 0 1 1 standing 
2 344 420 392 531 43484 0 1 1 standing 
2 349 422 397 533 43485 0 1 0 standing 
2 349 422 397 533 43486 0 1 1 standing 
2 350 422 398 533 43487 0 1 1 standing 
2 351 422 399 533 43488 0 1 1 standing 
2 351 422 399 533 43489 0 1 1 standing 
2 352 423 400 534 43490 0 1 1 standing 
2 353 423 401 534 43491 0 1 1 standing 
2 353 423 401 534 43492 0 1 1 standing 
2 354 423 402 534 43493 0 1 1 standing 
2 355 423 403 534 43494 0 1 1 standing 
3 489 426 568 566 43475 0 1 0 standing 
3 488 425 565 566 43476 0 1 1 standing 
3 487 425 562 566 43477 0 1 1 standing 
3 486 425 560 566 43478 0 1 1 standing 
3 485 425 557 566 43479 0 1 1 standing 
3 484 425 555 566 43480 0 1 1 standing 
3 483 425 552 566 43481 0 1 1 standing 
3 482 425 549 566 43482 0 1 1 standing 
3 481 425 547 566 43483 0 1 1 standing 
3 480 425 544 566 43484 0 1 1 standing 
3 479 425 542 566 43485 0 1 0 standing 
3 475 423 538 564 43486 0 1 1 standing 
3 472 422 534 563 43487 0 1 1 standing 
3 469 421 530 561 43488 0 1 1 standing 
3 466 420 526 560 43489 0 1 1 standing 
3 463 419 522 558 43490 0 1 1 standing 
3 460 417 518 557 43491 0 1 1 standing 
3 457 416 514 555 43492 0 1 1 standing 
3 454 415 510 554 43493 0 1 1 standing 
3 451 414 506 552 43494 0 1 1 standing 
4 448 408 531 531 43475 0 1 0 standing 
4 443 407 525 531 43476 0 1 1 standing 
4 439 407 520 531 43477 0 1 1 standing 
4 435 407 515 531 43478 0 1 1 standing 
4 430 407 510 531 43479 0 1 1 standing 
4 426 407 505 532 43480 0 1 1 standing 
4 422 406 500 532 43481 0 1 1 standing 
4 417 406 495 532 43482 0 1 1 standing 
4 413 406 490 532 43483 0 1 1 standing 
4 409 406 485 532 43484 0 1 1 standing 
4 405 406 480 533 43485 0 1 0 standing 
4 404 406 476 533 43486 0 1 1 standing 
4 403 406 472 533 43487 0 1 1 standing 
4 402 407 468 533 43488 0 1 1 standing 
4 401 407 464 534 43489 0 1 1 standing 
4 401 408 460 534 43490 0 1 1 standing 
4 400 408 456 534 43491 0 1 1 standing 
4 399 408 452 535 43492 0 1 1 standing 
4 398 409 448 535 43493 0 1 1 standing 
4 397 409 444 535 43494 0 1 1 standing 
5 472 366 525 482 43475 0 1 0 standing 
5 470 366 522 482 43476 0 1 1 standing 
5 468 367 520 483 43477 0 1 1 standing 
5 466 368 518 483 43478 0 1 1 standing 
5 464 369 516 484 43479 0 1 1 standing 
5 462 370 514 485 43480 0 1 1 standing 
5 460 370 511 485 43481 0 1 1 standing 
5 458 371 509 486 43482 0 1 1 standing 
5 456 372 507 486 43483 0 1 1 standing 
5 454 373 505 487 43484 0 1 1 standing 
5 452 374 503 488 43485 0 1 0 standing 
5 449 374 500 488 43486 0 1 1 standing 
5 446 375 497 489 43487 0 1 1 standing 
5 443 376 494 490 43488 0 1 1 standing 
5 441 377 492 491 43489 0 1 1 standing 
5 438 378 489 492 43490 0 1 1 standing 
5 435 379 486 493 43491 0 1 1 standing 
5 433 380 484 494 43492 0 1 1 standing 
5 430 381 481 495 43493 0 1 1 standing 
5 427 382 478 496 43494 0 1 1 standing 
6 649 359 686 483 43475 0 0 0 standing 
6 652 359 688 481 43476 0 0 1 standing 
6 655 359 690 480 43477 0 0 1 standing 
6 658 359 692 479 43478 0 0 0 standing 
6 661 359 695 479 43479 0 0 1 standing 
6 664 360 698 480 43480 0 0 1 standing 
6 667 361 701 481 43481 0 0 0 standing 
6 666 361 706 480 43482 0 0 1 standing 
6 666 361 711 480 43483 0 0 1 standing 
6 666 362 716 480 43484 0 0 0 standing 
6 666 363 723 479 43485 0 0 1 standing 
6 666 364 730 478 43486 0 0 1 standing 
6 667 366 738 478 43487 0 0 0 standing 
6 667 366 740 478 43488 0 0 1 standing 
6 667 366 742 478 43489 0 0 1 standing 
6 668 367 744 478 43490 0 0 0 standing 
6 670 367 743 478 43491 0 0 1 standing 
6 673 367 743 478 43492 0 0 1 standing 
6 676 367 743 478 43493 0 0 1 standing 
6 679 367 743 478 43494 0 0 1 standing 
7 812 387 876 523 43475 0 0 0 standing 
7 812 387 875 522 43476 0 0 1 standing 
7 813 387 874 521 43477 0 0 1 standing 
7 814 387 873 521 43478 0 0 0 standing 
7 815 387 874 522 43479 0 0 1 standing 
7 816 387 876 523 43480 0 0 1 standing 
7 817 388 878 524 43481 0 0 0 standing 
7 817 388 878 524 43482 0 0 1 standing 
7 818 389 879 525 43483 0 0 1 standing 
7 819 390 880 526 43484 0 0 0 standing 
7 820 391 880 526 43485 0 0 1 standing 
7 821 392 881 526 43486 0 0 1 standing 
7 822 393 882 526 43487 0 0 0 standing 
7 822 392 881 526 43488 0 0 1 standing 
7 822 392 881 526 43489 0 0 1 standing 
7 822 391 881 526 43490 0 0 1 standing 
7 822 391 881 526 43491 0 0 1 standing 
7 822 390 881 526 43492 0 0 1 standing 
7 822 390 881 526 43493 0 0 0 standing 
7 822 390 881 526 43494 0 0 1 standing 
8 908 434 976 557 43475 0 0 0 standing 
8 906 433 965 559 43476 0 0 1 standing 
8 904 432 954 561 43477 0 0 1 standing 
8 903 432 943 563 43478 0 0 0 standing 
8 894 432 942 563 43479 0 0 1 standing 
8 885 433 942 563 43480 0 0 1 standing 
8 876 434 942 564 43481 0 0 0 standing 
8 872 435 942 565 43482 0 0 1 standing 
8 869 437 942 566 43483 0 0 1 standing 
8 866 439 942 568 43484 0 0 0 standing 
8 866 440 935 568 43485 0 0 1 standing 
8 867 441 929 569 43486 0 0 1 standing 
8 868 442 923 570 43487 0 0 0 standing 
8 865 442 914 569 43488 0 0 1 standing 
8 862 442 905 569 43489 0 0 1 standing 
8 859 442 897 569 43490 0 0 0 standing 
8 850 442 896 569 43491 0 0 1 standing 
8 841 442 896 569 43492 0 0 1 standing 
8 832 443 895 570 43493 0 0 1 standing 
8 823 443 895 570 43494 0 0 1 standing 
9 952 493 1032 649 43475 0 0 0 standing 
9 949 493 1032 648 43476 0 0 1 standing 
9 947 493 1032 647 43477 0 0 1 standing 
9 945 493 1032 647 43478 0 0 0 standing 
9 945 491 1028 646 43479 0 0 1 standing 
9 945 489 1025 646 43480 0 0 1 standing 
9 945 487 1022 646 43481 0 0 0 standing 
9 945 485 1014 644 43482 0 0 1 standing 
9 945 484 1006 642 43483 0 0 1 standing 
9 945 483 998 641 43484 0 0 0 standing 
9 943 482 995 638 43485 0 0 1 standing 
9 941 481 992 635 43486 0 0 1 standing 
9 940 480 990 632 43487 0 0 0 standing 
9 932 480 987 632 43488 0 0 1 standing 
9 924 480 984 632 43489 0 0 1 standing 
9 916 480 981 632 43490 0 0 0 standing 
9 915 478 979 632 43491 0 0 1 standing 
9 914 477 978 632 43492 0 0 1 standing 
9 913 475 976 632 43493 0 0 1 standing 
9 912 474 975 632 43494 0 0 1 standing 
10 927 381 985 449 43475 0 0 0 standing 
10 929 380 987 448 43476 0 0 1 falling 
10 931 379 989 447 43477 0 0 1 falling 
10 933 378 991 446 43478 0 0 0 falling 
10 933 378 991 446 43479 0 0 1 falling 
10 934 378 992 446 43480 0 0 1 falling 
10 934 378 992 446 43481 0 0 1 falling 
10 935 378 993 446 43482 0 0 1 falling 
10 935 378 993 446 43483 0 0 1 falling 
10 936 378 994 446 43484 0 0 0 falling 
10 937 377 995 445 43485 0 0 1 falling 
10 938 376 996 444 43486 0 0 1 falling 
10 939 376 997 444 43487 0 0 0 falling 
10 939 375 996 443 43488 0 0 1 falling 
10 940 375 996 442 43489 0 0 1 falling 
10 941 374 995 442 43490 0 0 1 falling 
10 942 374 995 441 43491 0 0 1 falling 
10 943 374 995 440 43492 0 0 1 falling 
10 944 373 994 440 43493 0 0 1 falling 
10 945 373 994 439 43494 0 0 1 falling 
11 981 410 1046 493 43475 0 0 0 falling 
11 982 410 1046 492 43476 0 0 1 falling 
11 983 410 1047 491 43477 0 0 1 falling 
11 984 411 1048 491 43478 0 0 0 falling 
11 985 411 1049 491 43479 0 0 1 falling 
11 986 411 1050 491 43480 0 0 1 falling 
11 988 412 1052 492 43481 0 0 0 falling 
11 988 412 1052 492 43482 0 0 1 falling 
11 989 412 1053 492 43483 0 0 1 falling 
11 989 413 1053 493 43484 0 0 1 falling 
11 990 413 1054 493 43485 0 0 1 falling 
11 990 413 1054 493 43486 0 0 1 falling 
11 991 414 1055 494 43487 0 0 0 falling 
11 990 413 1055 494 43488 0 0 1 falling 
11 989 413 1055 494 43489 0 0 1 falling 
11 989 413 1056 494 43490 0 0 1 falling 
11 988 413 1056 494 43491 0 0 1 falling 
11 987 412 1056 494 43492 0 0 1 falling 
11 987 412 1057 494 43493 0 0 1 falling 
11 986 412 1057 494 43494 0 0 1 falling 
