0 877 423 962 578 49215 0 1 0 spiking 
0 877 409 960 569 49216 0 1 1 spiking 
0 878 395 958 561 49217 0 1 1 spiking 
0 879 382 956 552 49218 0 1 1 spiking 
0 880 368 954 544 49219 0 1 1 spiking 
0 881 355 952 536 49220 0 1 0 spiking 
0 876 352 945 531 49221 0 1 1 spiking 
0 872 350 938 527 49222 0 1 1 spiking 
0 867 347 932 523 49223 0 1 1 spiking 
0 863 345 925 519 49224 0 1 1 spiking 
0 859 343 919 515 49225 0 1 0 spiking 
0 856 348 916 517 49226 0 1 1 spiking 
0 854 353 914 519 49227 0 1 1 spiking 
0 852 359 912 522 49228 0 1 1 spiking 
0 850 364 909 524 49229 0 1 1 spiking 
0 848 369 907 526 49230 0 1 1 spiking 
0 846 375 905 529 49231 0 1 0 spiking 
0 844 381 903 532 49232 0 1 1 spiking 
0 842 387 901 535 49233 0 1 1 spiking 
0 841 393 900 539 49234 0 1 1 spiking 
1 110 440 189 577 49215 0 0 0 spiking 
1 112 438 191 576 49216 0 0 1 standing 
1 114 436 193 576 49217 0 0 1 standing 
1 117 435 195 576 49218 0 0 0 standing 
1 124 436 200 572 49219 0 0 1 standing 
1 131 438 205 568 49220 0 0 1 standing 
1 139 440 210 565 49221 0 0 0 standing 
1 140 440 210 563 49222 0 0 1 standing 
1 142 440 210 562 49223 0 0 1 standing 
1 144 441 211 561 49224 0 0 0 standing 
1 149 441 214 561 49225 0 0 1 standing 
1 155 442 217 562 49226 0 0 1 standing 
1 161 443 220 563 49227 0 0 0 standing 
1 165 444 221 570 49228 0 0 1 standing 
1 170 445 222 577 49229 0 0 1 standing 
1 175 447 224 585 49230 0 0 0 standing 
1 178 448 228 584 49231 0 0 1 standing 
1 181 449 232 583 49232 0 0 1 standing 
1 185 451 236 582 49233 0 0 0 standing 
1 186 455 243 586 49234 0 0 1 standing 
2 167 374 234 510 49215 0 0 0 standing 
2 164 374 229 505 49216 0 0 1 standing 
2 161 374 224 500 49217 0 0 1 standing 
2 158 375 220 495 49218 0 0 0 standing 
2 152 376 216 501 49219 0 0 1 standing 
2 146 378 213 508 49220 0 0 1 standing 
2 140 380 210 515 49221 0 0 0 standing 
2 137 382 206 515 49222 0 0 1 standing 
2 134 384 202 515 49223 0 0 1 standing 
2 131 386 199 515 49224 0 0 0 standing 
2 131 385 196 513 49225 0 0 1 standing 
2 131 384 194 512 49226 0 0 1 standing 
2 132 384 192 511 49227 0 0 0 standing 
2 127 384 189 511 49228 0 0 1 standing 
2 122 384 187 511 49229 0 0 1 standing 
2 117 385 185 512 49230 0 0 0 standing 
2 113 387 184 515 49231 0 0 1 standing 
2 109 390 183 518 49232 0 0 1 standing 
2 105 393 182 521 49233 0 0 0 standing 
2 107 395 185 520 49234 0 0 1 standing 
3 191 461 251 623 49215 0 0 0 standing 
3 182 462 251 622 49216 0 0 1 standing 
3 173 463 251 622 49217 0 0 1 standing 
3 164 465 252 622 49218 0 0 0 standing 
3 161 465 248 620 49219 0 0 1 standing 
3 158 465 245 619 49220 0 0 1 standing 
3 156 465 242 618 49221 0 0 0 standing 
3 156 465 234 611 49222 0 0 1 standing 
3 156 465 226 604 49223 0 0 1 standing 
3 157 465 218 597 49224 0 0 0 standing 
3 151 466 214 606 49225 0 0 1 standing 
3 145 468 210 615 49226 0 0 1 standing 
3 140 470 206 625 49227 0 0 0 standing 
3 138 471 204 624 49228 0 0 1 standing 
3 136 473 202 624 49229 0 0 1 standing 
3 135 475 201 624 49230 0 0 0 standing 
3 134 475 198 623 49231 0 0 1 standing 
3 134 475 195 622 49232 0 0 1 standing 
3 134 476 192 622 49233 0 0 0 standing 
3 133 475 192 622 49234 0 0 1 standing 
4 437 372 489 507 49215 0 0 0 standing 
4 428 373 481 505 49216 0 0 1 standing 
4 419 374 474 503 49217 0 0 1 standing 
4 411 375 467 502 49218 0 0 0 standing 
4 400 374 462 503 49219 0 0 1 standing 
4 389 373 458 504 49220 0 0 1 standing 
4 379 373 454 505 49221 0 0 0 standing 
4 377 369 448 503 49222 0 0 1 standing 
4 375 365 442 502 49223 0 0 1 standing 
4 374 361 436 501 49224 0 0 0 standing 
4 370 359 429 499 49225 0 0 1 standing 
4 367 357 422 497 49226 0 0 1 standing 
4 364 356 415 495 49227 0 0 0 standing 
4 351 356 408 493 49228 0 0 1 standing 
4 338 357 401 492 49229 0 0 1 standing 
4 326 358 394 491 49230 0 0 0 standing 
4 319 360 394 489 49231 0 0 1 standing 
4 312 362 394 488 49232 0 0 1 standing 
4 306 365 394 487 49233 0 0 0 standing 
4 307 365 394 486 49234 0 0 1 standing 
5 546 425 620 568 49215 0 0 0 standing 
5 544 423 616 565 49216 0 0 1 standing 
5 542 421 612 563 49217 0 0 1 standing 
5 540 420 609 561 49218 0 0 0 standing 
5 535 417 598 561 49219 0 0 1 standing 
5 530 414 587 562 49220 0 0 1 standing 
5 526 412 577 563 49221 0 0 0 standing 
5 521 411 571 562 49222 0 0 1 standing 
5 516 410 565 561 49223 0 0 1 standing 
5 511 409 560 560 49224 0 0 0 standing 
5 505 411 556 557 49225 0 0 1 standing 
5 500 413 552 554 49226 0 0 1 standing 
5 495 415 548 552 49227 0 0 0 standing 
5 485 417 544 548 49228 0 0 1 standing 
5 475 419 540 544 49229 0 0 1 standing 
5 466 422 536 541 49230 0 0 0 standing 
5 459 418 534 541 49231 0 0 1 standing 
5 452 414 532 541 49232 0 0 1 standing 
5 446 411 531 542 49233 0 0 0 standing 
5 447 409 529 540 49234 0 0 1 standing 
6 562 455 604 595 49215 0 0 0 standing 
6 561 453 604 593 49216 0 0 1 standing 
6 560 451 604 591 49217 0 0 1 standing 
6 559 450 605 589 49218 0 0 0 standing 
6 557 450 605 589 49219 0 0 1 standing 
6 555 450 605 589 49220 0 0 1 standing 
6 553 450 605 589 49221 0 0 1 standing 
6 551 450 605 589 49222 0 0 1 standing 
6 549 450 605 589 49223 0 0 1 standing 
6 547 451 606 590 49224 0 0 0 standing 
6 544 450 607 590 49225 0 0 1 standing 
6 541 450 608 590 49226 0 0 1 standing 
6 539 450 609 591 49227 0 0 0 standing 
6 538 450 608 591 49228 0 0 1 standing 
6 538 451 608 592 49229 0 0 1 standing 
6 538 452 608 593 49230 0 0 0 standing 
6 536 453 612 592 49231 0 0 1 standing 
6 534 454 616 591 49232 0 0 1 standing 
6 532 455 621 591 49233 0 0 0 standing 
6 525 458 621 591 49234 0 0 1 standing 
7 676 430 753 592 49215 0 0 0 standing 
7 675 429 754 590 49216 0 0 1 standing 
7 675 428 755 589 49217 0 0 1 standing 
7 675 427 756 588 49218 0 0 0 standing 
7 674 425 755 586 49219 0 0 1 standing 
7 674 424 755 585 49220 0 0 1 standing 
7 674 423 755 584 49221 0 0 0 standing 
7 673 422 750 581 49222 0 0 1 standing 
7 672 422 745 578 49223 0 0 1 standing 
7 672 422 741 575 49224 0 0 0 standing 
7 672 423 738 575 49225 0 0 1 standing 
7 672 424 736 576 49226 0 0 1 standing 
7 673 426 734 577 49227 0 0 0 standing 
7 672 426 732 577 49228 0 0 1 standing 
7 671 427 731 578 49229 0 0 1 standing 
7 671 428 730 579 49230 0 0 0 standing 
7 672 430 730 577 49231 0 0 1 standing 
7 673 432 731 576 49232 0 0 1 standing 
7 674 435 732 575 49233 0 0 0 standing 
7 674 436 732 576 49234 0 0 1 standing 
8 696 383 773 515 49215 0 0 0 standing 
8 702 382 776 513 49216 0 0 1 standing 
8 708 381 780 511 49217 0 0 1 standing 
8 715 380 784 509 49218 0 0 0 standing 
8 715 380 784 509 49219 0 0 1 standing 
8 716 380 785 509 49220 0 0 1 standing 
8 717 380 786 509 49221 0 0 0 standing 
8 720 379 789 509 49222 0 0 1 standing 
8 723 378 792 509 49223 0 0 1 standing 
8 727 378 795 510 49224 0 0 0 standing 
8 731 377 796 508 49225 0 0 1 standing 
8 736 376 798 507 49226 0 0 1 standing 
8 741 375 800 506 49227 0 0 0 standing 
8 744 375 806 505 49228 0 0 1 standing 
8 747 375 813 505 49229 0 0 1 standing 
8 751 375 820 505 49230 0 0 0 standing 
8 751 375 824 502 49231 0 0 1 standing 
8 751 375 828 500 49232 0 0 1 standing 
8 752 376 832 498 49233 0 0 0 standing 
8 758 375 834 496 49234 0 0 1 standing 
9 717 351 774 487 49215 0 0 0 standing 
9 715 352 773 488 49216 0 0 1 standing 
9 714 353 772 489 49217 0 0 1 standing 
9 713 354 771 491 49218 0 0 0 standing 
9 711 353 770 491 49219 0 0 1 standing 
9 710 352 770 491 49220 0 0 1 standing 
9 709 352 770 491 49221 0 0 0 standing 
9 696 353 770 491 49222 0 0 1 standing 
9 684 354 770 492 49223 0 0 1 standing 
9 672 355 771 493 49224 0 0 0 standing 
9 673 354 772 493 49225 0 0 1 standing 
9 674 353 773 493 49226 0 0 1 standing 
9 676 353 774 494 49227 0 0 0 standing 
9 675 353 767 494 49228 0 0 1 standing 
9 674 353 760 494 49229 0 0 1 standing 
9 673 354 753 495 49230 0 0 0 standing 
9 673 353 749 493 49231 0 0 1 standing 
9 674 352 745 492 49232 0 0 1 standing 
9 675 351 741 491 49233 0 0 0 standing 
9 674 351 738 490 49234 0 0 1 standing 
10 882 470 967 614 49215 0 0 0 standing 
10 879 466 965 613 49216 0 0 1 standing 
10 876 463 963 612 49217 0 0 1 standing 
10 874 460 962 611 49218 0 0 0 standing 
10 872 455 950 608 49219 0 0 1 standing 
10 870 450 939 606 49220 0 0 1 standing 
10 869 445 928 604 49221 0 0 0 standing 
10 866 443 924 604 49222 0 0 1 standing 
10 863 441 921 604 49223 0 0 1 standing 
10 860 440 918 605 49224 0 0 0 standing 
10 850 441 917 605 49225 0 0 1 standing 
10 840 443 917 605 49226 0 0 1 standing 
10 831 445 917 605 49227 0 0 0 standing 
10 822 447 915 605 49228 0 0 1 standing 
10 813 449 913 606 49229 0 0 1 standing 
10 804 451 912 607 49230 0 0 0 standing 
10 802 451 910 607 49231 0 0 1 standing 
10 801 451 909 608 49232 0 0 1 standing 
10 800 452 908 609 49233 0 0 0 standing 
10 801 451 899 609 49234 0 0 1 standing 
11 1025 414 1090 548 49215 0 0 0 standing 
11 1026 414 1090 546 49216 0 0 1 standing 
11 1027 414 1090 544 49217 0 0 1 standing 
11 1029 415 1090 543 49218 0 0 0 standing 
11 1029 415 1091 546 49219 0 0 1 standing 
11 1029 415 1092 549 49220 0 0 1 standing 
11 1029 415 1094 552 49221 0 0 0 standing 
11 1029 414 1094 551 49222 0 0 1 standing 
11 1030 413 1095 551 49223 0 0 1 standing 
11 1031 412 1096 551 49224 0 0 0 standing 
11 1032 412 1097 551 49225 0 0 1 standing 
11 1033 412 1099 551 49226 0 0 1 standing 
11 1034 412 1101 551 49227 0 0 0 standing 
11 1032 413 1100 552 49228 0 0 1 standing 
11 1031 414 1100 553 49229 0 0 1 standing 
11 1030 416 1100 555 49230 0 0 0 standing 
11 1029 417 1101 559 49231 0 0 1 standing 
11 1028 419 1102 563 49232 0 0 1 standing 
11 1028 421 1103 567 49233 0 0 0 standing 
11 1031 421 1103 569 49234 0 0 1 standing 
