0 1594 530 1690 710 71510 0 1 0 falling 
0 1577 535 1674 708 71511 0 1 1 falling 
0 1561 540 1658 707 71512 0 1 1 falling 
0 1544 545 1642 705 71513 0 1 1 falling 
0 1528 550 1627 704 71514 0 1 0 falling 
0 1515 556 1617 704 71515 0 1 1 falling 
0 1502 563 1608 705 71516 0 1 1 falling 
0 1489 570 1598 705 71517 0 1 1 falling 
0 1476 577 1589 706 71518 0 1 0 falling 
0 1473 581 1594 708 71519 0 1 1 falling 
0 1471 586 1599 710 71520 0 1 1 falling 
0 1469 590 1604 712 71521 0 1 1 falling 
0 1467 595 1609 714 71522 0 1 1 falling 
0 1465 600 1615 717 71523 0 1 0 falling 
0 1465 604 1623 719 71524 0 1 1 falling 
0 1466 609 1631 721 71525 0 1 1 falling 
0 1467 614 1640 724 71526 0 1 0 falling 
0 1474 619 1654 726 71527 0 1 1 falling 
0 1482 624 1669 729 71528 0 1 1 falling 
0 1489 629 1684 732 71529 0 1 1 falling 
1 1251 596 1414 786 71510 0 0 0 falling 
1 1235 593 1401 784 71511 0 0 1 standing 
1 1220 591 1389 783 71512 0 0 1 standing 
1 1204 589 1376 782 71513 0 0 1 standing 
1 1189 587 1364 781 71514 0 0 1 standing 
1 1173 585 1351 780 71515 0 0 1 standing 
1 1158 583 1339 779 71516 0 0 1 standing 
1 1143 581 1327 778 71517 0 0 0 standing 
1 1145 578 1321 776 71518 0 0 1 standing 
1 1147 575 1316 775 71519 0 0 1 standing 
1 1149 572 1311 774 71520 0 0 0 standing 
1 1153 571 1314 774 71521 0 0 1 standing 
1 1158 571 1318 774 71522 0 0 1 standing 
1 1163 570 1322 774 71523 0 0 1 standing 
1 1168 570 1325 774 71524 0 0 1 standing 
1 1173 570 1329 774 71525 0 0 1 standing 
1 1178 569 1333 774 71526 0 0 1 standing 
1 1183 569 1336 774 71527 0 0 1 standing 
1 1188 568 1340 774 71528 0 0 1 standing 
1 1193 568 1344 774 71529 0 0 1 standing 
2 1220 494 1306 641 71510 0 0 0 standing 
2 1197 492 1288 639 71511 0 0 1 waiting 
2 1174 491 1271 638 71512 0 0 1 waiting 
2 1151 489 1254 637 71513 0 0 1 waiting 
2 1128 488 1236 636 71514 0 0 1 waiting 
2 1105 486 1219 635 71515 0 0 1 waiting 
2 1082 485 1202 634 71516 0 0 1 waiting 
2 1060 484 1185 633 71517 0 0 0 waiting 
2 1052 481 1171 631 71518 0 0 1 waiting 
2 1044 479 1157 629 71519 0 0 1 waiting 
2 1036 477 1143 628 71520 0 0 0 waiting 
2 1029 476 1137 628 71521 0 0 1 waiting 
2 1022 475 1131 628 71522 0 0 1 waiting 
2 1015 474 1125 628 71523 0 0 1 waiting 
2 1008 473 1120 628 71524 0 0 1 waiting 
2 1002 472 1114 628 71525 0 0 1 waiting 
2 995 471 1108 628 71526 0 0 1 waiting 
2 988 470 1103 628 71527 0 0 1 waiting 
2 981 469 1097 628 71528 0 0 1 waiting 
2 974 468 1091 628 71529 0 0 1 waiting 
3 1251 380 1318 537 71510 0 0 0 waiting 
3 1236 377 1306 537 71511 0 0 1 standing 
3 1222 375 1294 537 71512 0 0 1 standing 
3 1208 372 1283 538 71513 0 0 1 standing 
3 1193 370 1271 538 71514 0 0 1 standing 
3 1179 367 1260 539 71515 0 0 1 standing 
3 1165 365 1248 539 71516 0 0 1 standing 
3 1151 363 1237 540 71517 0 0 0 standing 
3 1146 362 1229 534 71518 0 0 1 standing 
3 1141 361 1221 528 71519 0 0 1 standing 
3 1136 360 1213 522 71520 0 0 0 standing 
3 1136 358 1213 519 71521 0 0 1 standing 
3 1137 356 1213 517 71522 0 0 1 standing 
3 1138 354 1213 515 71523 0 0 1 standing 
3 1139 352 1213 513 71524 0 0 1 standing 
3 1140 350 1213 511 71525 0 0 1 standing 
3 1140 348 1213 509 71526 0 0 1 standing 
3 1141 346 1213 507 71527 0 0 1 standing 
3 1142 344 1213 505 71528 0 0 1 standing 
3 1143 342 1213 503 71529 0 0 1 standing 
4 1686 609 1776 799 71510 0 0 0 standing 
4 1673 608 1763 798 71511 0 0 1 digging 
4 1660 607 1750 797 71512 0 0 1 digging 
4 1647 606 1737 796 71513 0 0 1 digging 
4 1634 605 1724 795 71514 0 0 1 digging 
4 1621 604 1711 794 71515 0 0 1 digging 
4 1608 603 1698 793 71516 0 0 1 digging 
4 1595 602 1685 792 71517 0 0 1 digging 
4 1582 601 1672 791 71518 0 0 1 digging 
4 1569 600 1659 790 71519 0 0 1 digging 
4 1557 600 1647 790 71520 0 0 0 digging 
4 1558 600 1646 793 71521 0 0 1 digging 
4 1559 601 1646 796 71522 0 0 1 digging 
4 1560 602 1645 800 71523 0 0 1 digging 
4 1561 603 1645 803 71524 0 0 1 digging 
4 1562 604 1644 807 71525 0 0 1 digging 
4 1563 605 1644 810 71526 0 0 1 digging 
4 1564 606 1643 813 71527 0 0 1 digging 
4 1565 607 1643 817 71528 0 0 1 digging 
4 1566 608 1642 820 71529 0 0 1 digging 
5 1628 486 1701 633 71510 0 0 0 digging 
5 1615 484 1690 630 71511 0 0 1 waiting 
5 1603 482 1679 627 71512 0 0 1 waiting 
5 1591 480 1668 625 71513 0 0 1 waiting 
5 1578 478 1657 622 71514 0 0 1 waiting 
5 1566 477 1646 620 71515 0 0 1 waiting 
5 1554 475 1635 617 71516 0 0 1 waiting 
5 1541 473 1624 614 71517 0 0 1 waiting 
5 1529 471 1613 612 71518 0 0 1 waiting 
5 1517 469 1602 609 71519 0 0 1 waiting 
5 1505 468 1591 607 71520 0 0 0 waiting 
5 1503 468 1590 608 71521 0 0 1 waiting 
5 1501 469 1589 609 71522 0 0 1 waiting 
5 1499 470 1589 611 71523 0 0 1 waiting 
5 1497 470 1588 612 71524 0 0 1 waiting 
5 1496 471 1588 614 71525 0 0 1 waiting 
5 1494 472 1587 615 71526 0 0 1 waiting 
5 1492 472 1586 616 71527 0 0 1 waiting 
5 1490 473 1586 618 71528 0 0 1 waiting 
5 1488 474 1585 619 71529 0 0 1 waiting 
6 202 474 311 671 71510 0 0 0 waiting 
6 200 482 305 678 71511 0 0 1 standing 
6 198 491 300 685 71512 0 0 1 standing 
6 196 499 295 693 71513 0 0 1 standing 
6 195 508 290 700 71514 0 0 1 standing 
6 193 516 285 708 71515 0 0 1 standing 
6 191 525 280 715 71516 0 0 1 standing 
6 190 534 275 723 71517 0 0 0 standing 
6 189 536 290 724 71518 0 0 1 standing 
6 188 538 306 726 71519 0 0 1 standing 
6 188 541 322 728 71520 0 0 0 standing 
6 195 539 325 725 71521 0 0 1 standing 
6 203 537 328 722 71522 0 0 1 standing 
6 211 535 331 719 71523 0 0 1 standing 
6 219 533 334 716 71524 0 0 1 standing 
6 227 531 337 714 71525 0 0 1 standing 
6 235 529 340 711 71526 0 0 1 standing 
6 243 527 343 708 71527 0 0 1 standing 
6 251 525 346 705 71528 0 0 1 standing 
6 259 523 349 702 71529 0 0 1 standing 
7 541 476 612 676 71510 0 0 0 standing 
7 524 476 597 676 71511 0 0 1 standing 
7 507 477 582 677 71512 0 0 1 standing 
7 491 478 567 678 71513 0 0 1 standing 
7 474 479 553 678 71514 0 0 1 standing 
7 458 480 538 679 71515 0 0 1 standing 
7 441 481 523 680 71516 0 0 1 standing 
7 425 482 509 681 71517 0 0 0 standing 
7 416 482 502 681 71518 0 0 1 standing 
7 408 482 496 681 71519 0 0 1 standing 
7 400 482 490 681 71520 0 0 0 standing 
7 396 482 485 681 71521 0 0 1 standing 
7 393 482 480 681 71522 0 0 1 standing 
7 390 482 475 681 71523 0 0 1 standing 
7 386 483 470 681 71524 0 0 1 standing 
7 383 483 465 682 71525 0 0 1 standing 
7 380 483 460 682 71526 0 0 1 standing 
7 376 484 455 682 71527 0 0 1 standing 
7 373 484 450 682 71528 0 0 1 standing 
7 370 484 445 682 71529 0 0 1 standing 
8 625 507 694 699 71510 0 0 0 standing 
8 612 504 680 696 71511 0 0 1 standing 
8 599 501 667 693 71512 0 0 1 standing 
8 586 499 654 690 71513 0 0 1 standing 
8 573 496 640 688 71514 0 0 1 standing 
8 560 494 627 685 71515 0 0 1 standing 
8 547 491 614 682 71516 0 0 1 standing 
8 535 489 601 680 71517 0 0 0 standing 
8 528 488 594 679 71518 0 0 1 standing 
8 522 488 587 679 71519 0 0 1 standing 
8 516 488 581 679 71520 0 0 0 standing 
8 515 485 580 676 71521 0 0 1 standing 
8 515 482 580 673 71522 0 0 1 standing 
8 515 479 580 670 71523 0 0 1 standing 
8 515 476 580 667 71524 0 0 1 standing 
8 515 473 580 664 71525 0 0 1 standing 
8 515 470 580 661 71526 0 0 1 standing 
8 515 467 580 658 71527 0 0 1 standing 
8 515 464 580 655 71528 0 0 1 standing 
8 515 461 580 652 71529 0 0 1 standing 
9 760 518 860 709 71510 0 0 0 standing 
9 753 519 849 710 71511 0 0 1 standing 
9 746 520 838 712 71512 0 0 1 standing 
9 740 521 828 714 71513 0 0 1 standing 
9 733 522 817 716 71514 0 0 1 standing 
9 727 523 807 718 71515 0 0 1 standing 
9 720 524 796 720 71516 0 0 1 standing 
9 714 525 786 722 71517 0 0 0 standing 
9 711 526 782 725 71518 0 0 1 standing 
9 708 528 778 728 71519 0 0 1 standing 
9 706 530 775 731 71520 0 0 0 standing 
9 709 531 779 732 71521 0 0 1 standing 
9 713 532 784 733 71522 0 0 1 standing 
9 717 533 789 734 71523 0 0 1 standing 
9 721 535 793 735 71524 0 0 1 standing 
9 725 536 798 737 71525 0 0 1 standing 
9 728 537 803 738 71526 0 0 1 standing 
9 732 539 807 739 71527 0 0 1 standing 
9 736 540 812 740 71528 0 0 1 standing 
9 740 541 817 741 71529 0 0 1 standing 
10 863 469 925 684 71510 0 0 0 standing 
10 849 468 911 683 71511 0 0 1 standing 
10 835 468 897 683 71512 0 0 1 standing 
10 821 468 883 683 71513 0 0 1 standing 
10 807 468 869 683 71514 0 0 1 standing 
10 793 468 855 683 71515 0 0 1 standing 
10 779 468 841 683 71516 0 0 1 standing 
10 765 468 827 683 71517 0 0 0 standing 
10 759 469 821 684 71518 0 0 1 standing 
10 754 470 816 685 71519 0 0 1 standing 
10 749 472 811 687 71520 0 0 0 standing 
10 750 473 812 686 71521 0 0 1 standing 
10 751 474 813 685 71522 0 0 1 standing 
10 752 475 814 684 71523 0 0 1 standing 
10 753 476 815 683 71524 0 0 1 standing 
10 754 477 816 682 71525 0 0 1 standing 
10 755 478 817 681 71526 0 0 1 standing 
10 756 479 818 680 71527 0 0 1 standing 
10 757 480 819 679 71528 0 0 1 standing 
10 758 481 820 678 71529 0 0 1 standing 
11 841 454 891 644 71510 0 0 0 standing 
11 831 453 885 641 71511 0 0 1 standing 
11 821 452 879 639 71512 0 0 1 standing 
11 811 451 874 636 71513 0 0 1 standing 
11 801 450 868 634 71514 0 0 1 standing 
11 791 449 863 631 71515 0 0 1 standing 
11 781 448 857 629 71516 0 0 1 standing 
11 772 448 852 627 71517 0 0 0 standing 
11 769 448 842 626 71518 0 0 1 standing 
11 767 448 833 625 71519 0 0 1 standing 
11 765 449 824 625 71520 0 0 0 standing 
11 766 448 826 624 71521 0 0 1 standing 
11 767 447 828 623 71522 0 0 1 standing 
11 768 446 831 622 71523 0 0 1 standing 
11 769 445 833 621 71524 0 0 1 standing 
11 770 444 836 620 71525 0 0 1 standing 
11 771 443 838 619 71526 0 0 1 standing 
11 772 442 840 618 71527 0 0 1 standing 
11 773 441 843 617 71528 0 0 1 standing 
11 774 440 845 616 71529 0 0 1 standing 
