0 936 442 1023 549 13810 0 0 0 moving 
0 932 441 1013 548 13811 0 0 1 moving 
0 928 440 1004 547 13812 0 0 1 moving 
0 924 439 995 546 13813 0 0 0 moving 
0 914 438 986 546 13814 0 0 1 moving 
0 905 437 978 546 13815 0 0 1 moving 
0 895 436 969 546 13816 0 0 1 moving 
0 886 436 961 547 13817 0 0 0 moving 
0 879 437 954 547 13818 0 0 1 moving 
0 873 439 947 547 13819 0 0 1 moving 
0 867 441 940 547 13820 0 0 0 moving 
0 861 440 926 548 13821 0 0 1 moving 
0 855 439 912 549 13822 0 0 1 moving 
0 850 439 898 550 13823 0 0 0 moving 
0 834 439 894 551 13824 0 0 1 moving 
0 818 440 890 553 13825 0 0 1 moving 
0 802 440 886 554 13826 0 0 1 moving 
0 786 441 882 556 13827 0 0 0 moving 
0 784 441 872 558 13828 0 0 1 moving 
0 783 442 863 560 13829 0 0 1 moving 
1 910 376 959 462 13810 0 0 0 moving 
1 905 374 955 463 13811 0 0 1 moving 
1 900 372 952 464 13812 0 0 1 moving 
1 895 371 949 466 13813 0 0 0 moving 
1 890 371 942 466 13814 0 0 1 moving 
1 886 371 935 466 13815 0 0 1 moving 
1 882 371 928 466 13816 0 0 1 moving 
1 878 371 921 467 13817 0 0 0 moving 
1 873 370 913 466 13818 0 0 1 moving 
1 868 369 906 465 13819 0 0 1 moving 
1 863 369 899 464 13820 0 0 0 moving 
1 856 369 893 466 13821 0 0 1 moving 
1 849 369 887 469 13822 0 0 1 moving 
1 842 370 881 472 13823 0 0 0 moving 
1 835 372 877 473 13824 0 0 1 moving 
1 829 374 874 474 13825 0 0 1 moving 
1 822 376 870 475 13826 0 0 1 moving 
1 816 378 867 476 13827 0 0 0 moving 
1 816 377 862 474 13828 0 0 1 moving 
1 817 377 858 473 13829 0 0 1 moving 
2 974 360 1058 428 13810 0 0 0 moving 
2 977 356 1057 426 13811 0 0 1 falling 
2 981 353 1056 425 13812 0 0 1 falling 
2 985 350 1056 424 13813 0 0 0 falling 
2 986 348 1056 423 13814 0 0 1 falling 
2 987 347 1056 423 13815 0 0 1 falling 
2 988 346 1056 423 13816 0 0 1 falling 
2 990 345 1057 423 13817 0 0 0 falling 
2 991 345 1058 421 13818 0 0 1 falling 
2 992 346 1059 420 13819 0 0 1 falling 
2 994 347 1060 419 13820 0 0 0 falling 
2 991 349 1060 420 13821 0 0 1 falling 
2 988 351 1061 422 13822 0 0 1 falling 
2 986 353 1062 424 13823 0 0 0 falling 
2 983 355 1061 423 13824 0 0 1 falling 
2 981 357 1061 422 13825 0 0 1 falling 
2 979 359 1060 421 13826 0 0 1 falling 
2 977 361 1060 420 13827 0 0 1 falling 
2 975 363 1059 419 13828 0 0 1 falling 
2 973 365 1059 418 13829 0 0 1 falling 
3 785 293 835 363 13810 0 0 0 falling 
3 781 292 831 363 13811 0 0 1 moving 
3 778 291 827 363 13812 0 0 1 moving 
3 774 290 823 363 13813 0 0 1 moving 
3 771 290 819 363 13814 0 0 1 moving 
3 767 289 815 363 13815 0 0 1 moving 
3 764 288 811 363 13816 0 0 1 moving 
3 761 288 808 364 13817 0 0 0 moving 
3 757 289 805 365 13818 0 0 1 moving 
3 754 290 802 366 13819 0 0 1 moving 
3 751 291 800 367 13820 0 0 0 moving 
3 742 290 798 370 13821 0 0 1 moving 
3 733 289 796 373 13822 0 0 1 moving 
3 724 289 795 376 13823 0 0 0 moving 
3 723 289 790 376 13824 0 0 1 moving 
3 723 290 785 377 13825 0 0 1 moving 
3 723 291 780 378 13826 0 0 1 moving 
3 723 291 776 379 13827 0 0 1 moving 
3 723 292 771 380 13828 0 0 1 moving 
3 723 293 766 381 13829 0 0 1 moving 
4 717 353 773 456 13810 0 1 0 moving 
4 710 353 765 457 13811 0 1 1 standing 
4 703 353 758 458 13812 0 1 1 standing 
4 697 354 751 460 13813 0 1 0 standing 
4 694 349 746 459 13814 0 1 1 standing 
4 691 345 741 458 13815 0 1 1 standing 
4 688 341 736 457 13816 0 1 1 standing 
4 685 337 731 456 13817 0 1 0 standing 
4 680 332 731 452 13818 0 1 1 standing 
4 676 328 732 448 13819 0 1 1 standing 
4 671 324 733 444 13820 0 1 1 standing 
4 667 320 734 440 13821 0 1 0 standing 
4 667 317 730 438 13822 0 1 1 standing 
4 668 314 727 436 13823 0 1 1 standing 
4 669 311 723 434 13824 0 1 1 standing 
4 669 308 720 432 13825 0 1 1 standing 
4 670 305 716 430 13826 0 1 1 standing 
4 671 302 713 428 13827 0 1 0 standing 
4 670 309 712 431 13828 0 1 1 standing 
4 670 317 712 435 13829 0 1 1 standing 
5 649 332 701 446 13810 0 0 0 standing 
5 650 325 699 444 13811 0 0 1 setting 
5 651 318 697 443 13812 0 0 1 setting 
5 652 311 695 442 13813 0 0 0 setting 
5 652 308 694 438 13814 0 0 1 setting 
5 652 306 693 434 13815 0 0 1 setting 
5 652 303 692 430 13816 0 0 1 setting 
5 652 301 691 427 13817 0 0 0 setting 
5 651 303 691 426 13818 0 0 1 setting 
5 650 305 692 426 13819 0 0 1 setting 
5 650 307 693 426 13820 0 0 0 setting 
5 651 314 693 431 13821 0 0 1 setting 
5 652 321 694 436 13822 0 0 1 setting 
5 653 328 695 442 13823 0 0 0 setting 
5 652 330 694 442 13824 0 0 1 setting 
5 652 333 694 443 13825 0 0 1 setting 
5 651 335 693 443 13826 0 0 1 setting 
5 651 338 693 444 13827 0 0 0 setting 
5 653 338 695 442 13828 0 0 1 setting 
5 655 338 697 441 13829 0 0 1 setting 
6 594 436 646 539 13810 0 0 0 setting 
6 596 434 647 537 13811 0 0 1 standing 
6 598 432 649 535 13812 0 0 1 standing 
6 600 431 651 533 13813 0 0 0 standing 
6 599 429 649 531 13814 0 0 1 standing 
6 598 428 647 530 13815 0 0 1 standing 
6 597 427 645 529 13816 0 0 1 standing 
6 597 426 644 528 13817 0 0 0 standing 
6 598 425 645 527 13818 0 0 1 standing 
6 599 424 646 526 13819 0 0 1 standing 
6 600 424 647 526 13820 0 0 0 standing 
6 601 423 647 524 13821 0 0 1 standing 
6 602 423 648 522 13822 0 0 1 standing 
6 603 422 649 521 13823 0 0 1 standing 
6 605 422 650 519 13824 0 0 1 standing 
6 606 422 651 518 13825 0 0 1 standing 
6 607 421 651 516 13826 0 0 1 standing 
6 609 421 652 514 13827 0 0 1 standing 
6 610 420 653 513 13828 0 0 1 standing 
6 611 420 654 511 13829 0 0 1 standing 
7 597 354 645 466 13810 0 1 0 standing 
7 598 354 646 466 13811 0 1 1 standing 
7 600 355 647 467 13812 0 1 1 standing 
7 602 356 648 468 13813 0 1 0 standing 
7 602 355 647 467 13814 0 1 1 standing 
7 602 355 646 467 13815 0 1 1 standing 
7 602 355 645 466 13816 0 1 1 standing 
7 602 354 645 466 13817 0 1 1 standing 
7 602 354 644 465 13818 0 1 1 standing 
7 602 354 643 465 13819 0 1 1 standing 
7 603 354 643 465 13820 0 1 0 standing 
7 604 348 644 461 13821 0 1 1 standing 
7 606 342 645 457 13822 0 1 1 standing 
7 607 337 646 453 13823 0 1 1 standing 
7 609 331 648 449 13824 0 1 1 standing 
7 611 326 649 446 13825 0 1 1 standing 
7 612 320 650 442 13826 0 1 1 standing 
7 614 314 652 438 13827 0 1 1 standing 
7 615 309 653 434 13828 0 1 1 standing 
7 617 303 654 430 13829 0 1 1 standing 
8 601 325 631 430 13810 0 0 0 standing 
8 600 321 631 425 13811 0 0 1 standing 
8 600 317 631 421 13812 0 0 1 standing 
8 600 314 631 417 13813 0 0 0 standing 
8 599 311 631 414 13814 0 0 1 standing 
8 599 309 632 412 13815 0 0 1 standing 
8 599 306 633 410 13816 0 0 1 standing 
8 599 304 634 408 13817 0 0 0 standing 
8 599 305 634 409 13818 0 0 1 standing 
8 599 307 634 411 13819 0 0 1 standing 
8 599 309 634 413 13820 0 0 0 standing 
8 599 308 634 412 13821 0 0 1 standing 
8 599 307 635 411 13822 0 0 1 standing 
8 599 306 635 410 13823 0 0 1 standing 
8 599 306 636 409 13824 0 0 1 standing 
8 599 305 636 409 13825 0 0 1 standing 
8 599 304 637 408 13826 0 0 1 standing 
8 599 304 637 407 13827 0 0 1 standing 
8 599 303 638 406 13828 0 0 1 standing 
8 599 302 638 405 13829 0 0 1 standing 
9 390 413 435 523 13810 0 0 0 standing 
9 388 414 435 527 13811 0 0 1 standing 
9 386 415 435 531 13812 0 0 1 standing 
9 385 417 436 536 13813 0 0 0 standing 
9 381 417 433 534 13814 0 0 1 standing 
9 378 417 431 532 13815 0 0 1 standing 
9 374 417 428 530 13816 0 0 1 standing 
9 371 417 426 529 13817 0 0 0 standing 
9 366 419 427 530 13818 0 0 1 standing 
9 361 422 428 532 13819 0 0 1 standing 
9 357 425 429 534 13820 0 0 0 standing 
9 349 428 427 536 13821 0 0 1 standing 
9 342 431 426 539 13822 0 0 1 standing 
9 335 435 425 542 13823 0 0 0 standing 
9 335 435 423 541 13824 0 0 1 standing 
9 336 435 422 541 13825 0 0 1 standing 
9 336 435 421 540 13826 0 0 1 standing 
9 337 436 420 540 13827 0 0 0 standing 
9 339 434 421 538 13828 0 0 1 standing 
9 342 433 423 536 13829 0 0 1 standing 
10 275 358 323 468 13810 0 0 0 standing 
10 272 358 322 468 13811 0 0 1 standing 
10 270 358 321 468 13812 0 0 1 standing 
10 268 358 320 468 13813 0 0 0 standing 
10 265 357 314 467 13814 0 0 1 standing 
10 263 356 309 466 13815 0 0 1 standing 
10 261 355 304 465 13816 0 0 1 standing 
10 259 354 299 465 13817 0 0 0 standing 
10 257 356 298 466 13818 0 0 1 standing 
10 256 358 298 467 13819 0 0 1 standing 
10 255 360 298 469 13820 0 0 0 standing 
10 252 363 295 471 13821 0 0 1 standing 
10 249 366 292 473 13822 0 0 1 standing 
10 246 370 289 476 13823 0 0 0 standing 
10 246 369 290 474 13824 0 0 1 standing 
10 247 368 292 473 13825 0 0 1 standing 
10 248 367 294 471 13826 0 0 1 standing 
10 249 367 296 470 13827 0 0 0 standing 
10 250 364 301 467 13828 0 0 1 standing 
10 251 362 306 464 13829 0 0 1 standing 
11 364 327 404 416 13810 0 0 0 standing 
11 364 325 404 415 13811 0 0 1 standing 
11 364 324 404 414 13812 0 0 1 standing 
11 364 323 404 413 13813 0 0 1 standing 
11 364 322 404 412 13814 0 0 1 standing 
11 364 321 404 411 13815 0 0 1 standing 
11 364 319 404 410 13816 0 0 1 standing 
11 364 318 404 409 13817 0 0 1 standing 
11 364 317 404 408 13818 0 0 1 standing 
11 364 316 404 407 13819 0 0 1 standing 
11 364 315 405 406 13820 0 0 0 standing 
11 361 315 407 407 13821 0 0 1 standing 
11 359 315 409 409 13822 0 0 1 standing 
11 357 316 411 411 13823 0 0 0 standing 
11 357 316 412 410 13824 0 0 1 standing 
11 358 316 414 410 13825 0 0 1 standing 
11 358 316 415 410 13826 0 0 1 standing 
11 359 316 417 410 13827 0 0 0 standing 
11 365 317 424 410 13828 0 0 1 standing 
11 371 319 432 410 13829 0 0 1 standing 
