0 410 288 495 415 18991 0 1 0 standing 
0 416 288 496 414 18992 0 1 1 standing 
0 422 288 497 414 18993 0 1 1 standing 
0 428 288 498 414 18994 0 1 1 standing 
0 434 288 499 414 18995 0 1 1 standing 
0 440 288 500 414 18996 0 1 1 standing 
0 447 289 502 414 18997 0 1 0 standing 
0 442 288 500 414 18998 0 1 1 standing 
0 438 288 499 414 18999 0 1 1 standing 
0 434 288 498 414 19000 0 1 1 standing 
0 430 288 497 414 19001 0 1 0 standing 
0 425 280 492 411 19002 0 1 1 standing 
0 420 272 488 408 19003 0 1 1 standing 
0 415 264 483 405 19004 0 1 1 standing 
0 410 256 479 402 19005 0 1 1 standing 
0 405 248 474 399 19006 0 1 1 standing 
0 400 241 470 397 19007 0 1 0 standing 
0 398 236 465 395 19008 0 1 1 standing 
0 396 231 461 393 19009 0 1 1 standing 
0 394 226 457 391 19010 0 1 1 standing 
1 949 489 1062 639 18991 0 0 0 standing 
1 943 488 1056 637 18992 0 0 1 standing 
1 937 488 1050 636 18993 0 0 1 standing 
1 931 488 1044 634 18994 0 0 1 standing 
1 925 488 1038 633 18995 0 0 1 standing 
1 919 488 1032 632 18996 0 0 1 standing 
1 913 488 1026 630 18997 0 0 1 standing 
1 907 488 1020 629 18998 0 0 1 standing 
1 901 488 1014 627 18999 0 0 1 standing 
1 895 488 1008 626 19000 0 0 1 standing 
1 890 488 1002 625 19001 0 0 0 standing 
1 882 487 994 624 19002 0 0 1 standing 
1 874 487 986 624 19003 0 0 1 standing 
1 867 487 979 624 19004 0 0 1 standing 
1 859 486 971 623 19005 0 0 1 standing 
1 852 486 964 623 19006 0 0 1 standing 
1 844 486 956 623 19007 0 0 1 standing 
1 836 485 948 622 19008 0 0 1 standing 
1 829 485 941 622 19009 0 0 1 standing 
1 821 485 933 622 19010 0 0 1 standing 
2 1018 351 1093 451 18991 0 0 0 standing 
2 1013 349 1089 449 18992 0 0 1 standing 
2 1009 348 1086 447 18993 0 0 1 standing 
2 1004 346 1082 446 18994 0 0 1 standing 
2 1000 345 1079 444 18995 0 0 1 standing 
2 996 343 1076 443 18996 0 0 1 standing 
2 991 342 1072 441 18997 0 0 1 standing 
2 987 340 1069 439 18998 0 0 1 standing 
2 982 339 1065 438 18999 0 0 1 standing 
2 978 337 1062 436 19000 0 0 1 standing 
2 974 336 1059 435 19001 0 0 0 standing 
2 969 335 1052 434 19002 0 0 1 standing 
2 965 335 1046 434 19003 0 0 1 standing 
2 961 335 1040 433 19004 0 0 1 standing 
2 956 334 1034 433 19005 0 0 1 standing 
2 952 334 1028 432 19006 0 0 1 standing 
2 948 334 1022 432 19007 0 0 1 standing 
2 943 333 1016 431 19008 0 0 1 standing 
2 939 333 1010 431 19009 0 0 1 standing 
2 935 333 1004 430 19010 0 0 1 standing 
3 534 412 605 575 18991 0 0 0 standing 
3 529 411 600 574 18992 0 0 1 standing 
3 524 411 595 574 18993 0 0 1 standing 
3 519 410 590 573 18994 0 0 1 standing 
3 514 410 585 573 18995 0 0 1 standing 
3 510 410 581 573 18996 0 0 1 standing 
3 505 409 576 572 18997 0 0 1 standing 
3 500 409 571 572 18998 0 0 1 standing 
3 495 408 566 571 18999 0 0 1 standing 
3 490 408 561 571 19000 0 0 1 standing 
3 486 408 557 571 19001 0 0 0 standing 
3 479 407 550 570 19002 0 0 1 standing 
3 472 406 543 569 19003 0 0 1 standing 
3 465 405 536 568 19004 0 0 1 standing 
3 458 405 529 568 19005 0 0 1 standing 
3 451 404 522 567 19006 0 0 1 standing 
3 444 403 515 566 19007 0 0 1 standing 
3 437 403 508 566 19008 0 0 1 standing 
3 430 402 501 565 19009 0 0 1 standing 
3 423 401 494 564 19010 0 0 1 standing 
4 675 454 750 611 18991 0 0 0 standing 
4 670 455 744 612 18992 0 0 1 standing 
4 665 457 739 614 18993 0 0 1 standing 
4 661 459 734 615 18994 0 0 1 standing 
4 656 460 729 617 18995 0 0 1 standing 
4 652 462 724 619 18996 0 0 1 standing 
4 647 464 718 620 18997 0 0 1 standing 
4 642 465 713 622 18998 0 0 1 standing 
4 638 467 708 623 18999 0 0 1 standing 
4 633 469 703 625 19000 0 0 1 standing 
4 629 471 698 627 19001 0 0 0 standing 
4 624 468 692 625 19002 0 0 1 standing 
4 620 465 687 623 19003 0 0 1 standing 
4 615 462 681 622 19004 0 0 1 standing 
4 611 459 676 620 19005 0 0 1 standing 
4 606 457 671 619 19006 0 0 1 standing 
4 602 454 665 617 19007 0 0 1 standing 
4 597 451 660 615 19008 0 0 1 standing 
4 593 448 654 614 19009 0 0 1 standing 
4 588 445 649 612 19010 0 0 1 standing 
5 692 322 755 455 18991 0 1 0 standing 
5 685 320 748 453 18992 0 1 1 standing 
5 678 319 741 452 18993 0 1 1 standing 
5 672 317 735 450 18994 0 1 1 standing 
5 665 316 728 449 18995 0 1 1 standing 
5 659 314 722 447 18996 0 1 1 standing 
5 652 313 715 446 18997 0 1 1 standing 
5 645 311 708 444 18998 0 1 1 standing 
5 639 310 702 443 18999 0 1 1 standing 
5 632 308 695 441 19000 0 1 1 standing 
5 626 307 689 440 19001 0 1 0 standing 
5 616 301 679 436 19002 0 1 1 standing 
5 607 295 670 432 19003 0 1 1 standing 
5 598 290 660 428 19004 0 1 1 standing 
5 588 284 651 424 19005 0 1 1 standing 
5 579 278 642 420 19006 0 1 1 standing 
5 570 273 632 416 19007 0 1 1 standing 
5 561 267 623 412 19008 0 1 1 standing 
5 551 261 614 408 19009 0 1 1 standing 
5 542 256 604 404 19010 0 1 1 standing 
6 203 419 294 583 18991 0 0 0 standing 
6 205 418 296 581 18992 0 0 1 moving 
6 208 418 298 580 18993 0 0 1 moving 
6 210 418 300 579 18994 0 0 1 moving 
6 213 418 303 577 18995 0 0 1 moving 
6 215 418 305 576 18996 0 0 1 moving 
6 218 417 307 575 18997 0 0 1 moving 
6 220 417 310 573 18998 0 0 1 moving 
6 223 417 312 572 18999 0 0 1 moving 
6 225 417 314 571 19000 0 0 1 moving 
6 228 417 317 570 19001 0 0 0 moving 
6 223 414 311 567 19002 0 0 1 moving 
6 218 411 305 564 19003 0 0 1 moving 
6 213 408 299 561 19004 0 0 1 moving 
6 208 405 294 558 19005 0 0 1 moving 
6 203 402 288 555 19006 0 0 1 moving 
6 198 399 282 552 19007 0 0 1 moving 
6 193 396 277 549 19008 0 0 1 moving 
6 188 393 271 546 19009 0 0 1 moving 
6 183 390 265 543 19010 0 0 1 moving 
7 555 315 621 463 18991 0 0 0 moving 
7 550 319 616 467 18992 0 0 1 standing 
7 545 323 611 471 18993 0 0 1 standing 
7 540 327 606 476 18994 0 0 1 standing 
7 535 332 601 480 18995 0 0 1 standing 
7 531 336 597 485 18996 0 0 1 standing 
7 526 340 592 489 18997 0 0 1 standing 
7 521 345 587 493 18998 0 0 1 standing 
7 516 349 582 498 18999 0 0 1 standing 
7 511 353 577 502 19000 0 0 1 standing 
7 507 358 573 507 19001 0 0 0 standing 
7 500 360 566 509 19002 0 0 1 standing 
7 493 362 559 511 19003 0 0 1 standing 
7 486 364 552 513 19004 0 0 1 standing 
7 479 366 545 515 19005 0 0 1 standing 
7 472 369 538 518 19006 0 0 1 standing 
7 465 371 531 520 19007 0 0 1 standing 
7 458 373 524 522 19008 0 0 1 standing 
7 451 375 517 524 19009 0 0 1 standing 
7 444 377 510 526 19010 0 0 1 standing 
8 381 489 474 664 18991 0 0 0 standing 
8 382 487 475 662 18992 0 0 1 standing 
8 383 486 476 661 18993 0 0 1 standing 
8 385 485 478 660 18994 0 0 1 standing 
8 386 484 479 659 18995 0 0 1 standing 
8 388 483 481 658 18996 0 0 1 standing 
8 389 481 482 656 18997 0 0 1 standing 
8 390 480 483 655 18998 0 0 1 standing 
8 392 479 485 654 18999 0 0 1 standing 
8 393 478 486 653 19000 0 0 1 standing 
8 395 477 488 652 19001 0 0 0 standing 
8 392 475 482 651 19002 0 0 1 standing 
8 389 473 476 650 19003 0 0 1 standing 
8 386 471 471 649 19004 0 0 1 standing 
8 384 469 465 648 19005 0 0 1 standing 
8 381 468 460 647 19006 0 0 1 standing 
8 378 466 454 646 19007 0 0 1 standing 
8 376 464 448 645 19008 0 0 1 standing 
8 373 462 443 644 19009 0 0 1 standing 
8 370 460 437 643 19010 0 0 1 standing 
9 263 353 340 510 18991 0 0 0 standing 
9 267 353 343 508 18992 0 0 1 standing 
9 272 353 347 507 18993 0 0 1 standing 
9 277 353 351 506 18994 0 0 1 standing 
9 281 353 354 505 18995 0 0 1 standing 
9 286 354 358 504 18996 0 0 1 standing 
9 291 354 362 503 18997 0 0 1 standing 
9 295 354 365 502 18998 0 0 1 standing 
9 300 354 369 501 18999 0 0 1 standing 
9 305 354 373 500 19000 0 0 1 standing 
9 310 355 377 499 19001 0 0 0 standing 
9 308 353 374 498 19002 0 0 1 standing 
9 306 351 372 497 19003 0 0 1 standing 
9 304 349 370 496 19004 0 0 1 standing 
9 302 348 368 496 19005 0 0 1 standing 
9 300 346 366 495 19006 0 0 1 standing 
9 298 344 363 494 19007 0 0 1 standing 
9 296 343 361 494 19008 0 0 1 standing 
9 294 341 359 493 19009 0 0 1 standing 
9 292 339 357 492 19010 0 0 1 standing 
10 1216 401 1277 545 18991 0 0 0 standing 
10 1209 401 1271 545 18992 0 0 1 standing 
10 1203 402 1266 546 18993 0 0 1 standing 
10 1197 402 1261 546 18994 0 0 1 standing 
10 1190 403 1256 547 18995 0 0 1 standing 
10 1184 403 1251 548 18996 0 0 1 standing 
10 1178 404 1246 548 18997 0 0 1 standing 
10 1171 404 1241 549 18998 0 0 1 standing 
10 1165 405 1236 549 18999 0 0 1 standing 
10 1159 405 1231 550 19000 0 0 1 standing 
10 1153 406 1226 551 19001 0 0 0 standing 
10 1144 405 1217 550 19002 0 0 1 standing 
10 1135 404 1208 549 19003 0 0 1 standing 
10 1126 403 1199 549 19004 0 0 1 standing 
10 1117 402 1190 548 19005 0 0 1 standing 
10 1108 401 1181 548 19006 0 0 1 standing 
10 1099 400 1172 547 19007 0 0 1 standing 
10 1090 399 1163 546 19008 0 0 1 standing 
10 1081 398 1154 546 19009 0 0 1 standing 
10 1072 397 1145 545 19010 0 0 1 standing 
11 690 374 738 515 18991 0 1 0 standing 
11 683 371 732 512 18992 0 1 1 standing 
11 676 369 726 510 18993 0 1 1 standing 
11 670 366 720 507 18994 0 1 1 standing 
11 663 364 715 505 18995 0 1 1 standing 
11 657 361 709 502 18996 0 1 1 standing 
11 650 359 703 500 18997 0 1 1 standing 
11 644 356 697 497 18998 0 1 1 standing 
11 637 354 692 495 18999 0 1 1 standing 
11 631 351 686 492 19000 0 1 1 standing 
11 624 349 680 490 19001 0 1 1 standing 
11 618 347 675 488 19002 0 1 0 standing 
11 608 342 665 485 19003 0 1 1 standing 
11 599 338 656 483 19004 0 1 1 standing 
11 590 334 647 481 19005 0 1 1 standing 
11 580 330 637 478 19006 0 1 1 standing 
11 571 326 628 476 19007 0 1 1 standing 
11 562 322 619 474 19008 0 1 0 standing 
11 553 313 611 470 19009 0 1 1 standing 
11 545 304 603 467 19010 0 1 1 standing 
