0 807 397 903 603 34420 0 1 0 spiking 
0 806 391 898 588 34421 0 1 1 spiking 
0 806 386 894 574 34422 0 1 1 spiking 
0 806 381 890 560 34423 0 1 1 spiking 
0 806 376 886 546 34424 0 1 0 spiking 
0 806 373 882 549 34425 0 1 1 spiking 
0 806 370 879 553 34426 0 1 1 spiking 
0 807 367 876 557 34427 0 1 1 spiking 
0 807 364 873 560 34428 0 1 1 spiking 
0 807 361 870 564 34429 0 1 1 spiking 
0 808 359 867 568 34430 0 1 0 spiking 
0 811 364 871 569 34431 0 1 1 spiking 
0 814 370 876 570 34432 0 1 1 spiking 
0 817 376 881 572 34433 0 1 1 spiking 
0 820 381 885 573 34434 0 1 1 spiking 
0 823 387 890 575 34435 0 1 1 spiking 
0 826 393 895 576 34436 0 1 1 spiking 
0 829 398 899 577 34437 0 1 1 spiking 
0 832 404 904 579 34438 0 1 1 spiking 
0 835 410 909 580 34439 0 1 1 spiking 
1 527 415 586 578 34420 0 1 0 spiking 
1 531 406 591 575 34421 0 1 1 blocking 
1 536 397 597 572 34422 0 1 1 blocking 
1 541 388 602 569 34423 0 1 1 blocking 
1 545 379 608 566 34424 0 1 1 blocking 
1 550 370 613 564 34425 0 1 1 blocking 
1 555 361 619 561 34426 0 1 1 blocking 
1 559 352 624 558 34427 0 1 1 blocking 
1 564 343 630 555 34428 0 1 1 blocking 
1 569 334 635 552 34429 0 1 1 blocking 
1 574 325 641 550 34430 0 1 0 blocking 
1 581 328 647 553 34431 0 1 1 blocking 
1 589 331 654 556 34432 0 1 1 blocking 
1 597 334 660 560 34433 0 1 1 blocking 
1 605 338 667 563 34434 0 1 1 blocking 
1 613 341 673 567 34435 0 1 1 blocking 
1 620 344 680 570 34436 0 1 1 blocking 
1 628 348 686 573 34437 0 1 1 blocking 
1 636 351 693 577 34438 0 1 1 blocking 
1 644 354 699 580 34439 0 1 1 blocking 
2 514 391 582 555 34420 0 1 0 blocking 
2 519 384 588 551 34421 0 1 1 blocking 
2 525 377 595 547 34422 0 1 1 blocking 
2 530 370 601 543 34423 0 1 1 blocking 
2 536 363 608 540 34424 0 1 1 blocking 
2 541 356 614 536 34425 0 1 1 blocking 
2 547 349 621 532 34426 0 1 1 blocking 
2 552 342 627 529 34427 0 1 1 blocking 
2 558 335 634 525 34428 0 1 1 blocking 
2 563 328 640 521 34429 0 1 1 blocking 
2 569 322 647 518 34430 0 1 0 blocking 
2 572 325 652 521 34431 0 1 1 blocking 
2 576 329 657 525 34432 0 1 1 blocking 
2 579 333 663 529 34433 0 1 1 blocking 
2 583 336 668 533 34434 0 1 1 blocking 
2 587 340 674 537 34435 0 1 1 blocking 
2 590 344 679 540 34436 0 1 1 blocking 
2 594 347 684 544 34437 0 1 1 blocking 
2 597 351 690 548 34438 0 1 1 blocking 
2 601 355 695 552 34439 0 1 1 blocking 
3 836 424 929 553 34420 1 0 1 blocking 
3 836 424 929 553 34421 0 0 0 standing 
3 830 428 930 553 34422 0 0 1 standing 
3 825 432 932 554 34423 0 0 1 standing 
3 820 437 934 555 34424 0 0 0 standing 
3 822 435 936 555 34425 0 0 1 standing 
3 824 433 938 555 34426 0 0 1 standing 
3 827 431 941 555 34427 0 0 0 standing 
3 831 428 944 554 34428 0 0 1 standing 
3 836 425 947 554 34429 0 0 1 standing 
3 841 422 950 554 34430 0 0 0 standing 
3 847 419 949 553 34431 0 0 1 standing 
3 853 416 948 552 34432 0 0 1 standing 
3 859 413 948 551 34433 0 0 0 standing 
3 867 416 951 554 34434 0 0 1 standing 
3 875 419 954 557 34435 0 0 1 standing 
3 884 423 958 560 34436 0 0 0 standing 
3 892 426 965 563 34437 0 0 1 standing 
3 900 429 972 566 34438 0 0 1 standing 
3 908 432 979 569 34439 0 0 1 standing 
4 963 379 1032 533 34420 1 0 1 standing 
4 963 379 1032 533 34421 0 0 0 standing 
4 963 379 1030 533 34422 0 0 1 standing 
4 963 379 1029 533 34423 0 0 1 standing 
4 963 379 1027 533 34424 0 0 1 standing 
4 963 379 1026 533 34425 0 0 1 standing 
4 963 379 1024 533 34426 0 0 1 standing 
4 963 379 1023 533 34427 0 0 0 standing 
4 966 380 1026 534 34428 0 0 1 standing 
4 969 382 1029 536 34429 0 0 1 standing 
4 972 384 1032 538 34430 0 0 1 standing 
4 975 385 1035 539 34431 0 0 1 standing 
4 978 387 1038 541 34432 0 0 1 standing 
4 982 389 1042 543 34433 0 0 0 standing 
4 987 393 1046 545 34434 0 0 1 standing 
4 992 397 1051 547 34435 0 0 1 standing 
4 997 401 1056 550 34436 0 0 0 standing 
4 1007 402 1066 551 34437 0 0 1 standing 
4 1017 403 1076 552 34438 0 0 1 standing 
4 1027 404 1086 553 34439 0 0 1 standing 
5 713 388 776 540 34420 1 0 1 standing 
5 713 388 776 540 34421 0 0 0 waiting 
5 707 390 776 539 34422 0 0 1 waiting 
5 702 392 776 539 34423 0 0 1 waiting 
5 697 394 776 539 34424 0 0 0 waiting 
5 698 395 777 538 34425 0 0 1 waiting 
5 700 396 779 537 34426 0 0 1 waiting 
5 702 398 781 536 34427 0 0 0 waiting 
5 706 399 786 536 34428 0 0 1 waiting 
5 710 401 791 536 34429 0 0 1 waiting 
5 715 403 797 536 34430 0 0 0 waiting 
5 718 401 802 535 34431 0 0 1 waiting 
5 722 399 807 535 34432 0 0 1 waiting 
5 726 398 813 535 34433 0 0 0 waiting 
5 735 398 818 536 34434 0 0 1 waiting 
5 744 399 824 538 34435 0 0 1 waiting 
5 753 400 830 540 34436 0 0 1 waiting 
5 762 401 836 542 34437 0 0 1 waiting 
5 771 402 842 544 34438 0 0 1 waiting 
5 780 403 848 546 34439 0 0 1 waiting 
6 784 305 841 440 34420 1 0 1 waiting 
6 784 305 841 440 34421 0 0 0 standing 
6 784 307 839 441 34422 0 0 1 standing 
6 784 309 837 443 34423 0 0 1 standing 
6 784 311 836 445 34424 0 0 0 standing 
6 784 312 836 446 34425 0 0 1 standing 
6 785 314 837 448 34426 0 0 1 standing 
6 786 316 838 450 34427 0 0 1 standing 
6 787 318 839 452 34428 0 0 1 standing 
6 788 320 840 454 34429 0 0 1 standing 
6 789 322 841 456 34430 0 0 0 standing 
6 791 323 843 457 34431 0 0 1 standing 
6 793 324 845 458 34432 0 0 1 standing 
6 796 326 848 460 34433 0 0 0 standing 
6 798 329 850 460 34434 0 0 1 standing 
6 800 333 853 460 34435 0 0 1 standing 
6 802 337 856 461 34436 0 0 0 standing 
6 807 338 861 460 34437 0 0 1 standing 
6 812 339 866 460 34438 0 0 1 standing 
6 818 341 872 460 34439 0 0 0 standing 
7 983 349 1039 493 34420 1 0 1 standing 
7 983 349 1039 493 34421 0 0 0 standing 
7 981 352 1041 495 34422 0 0 1 standing 
7 979 355 1044 497 34423 0 0 1 standing 
7 977 358 1047 500 34424 0 0 0 standing 
7 973 360 1051 499 34425 0 0 1 standing 
7 970 363 1056 498 34426 0 0 1 standing 
7 967 366 1061 498 34427 0 0 0 standing 
7 967 365 1062 498 34428 0 0 1 standing 
7 967 365 1064 498 34429 0 0 1 standing 
7 967 365 1066 498 34430 0 0 0 standing 
7 975 362 1062 497 34431 0 0 1 standing 
7 983 360 1059 496 34432 0 0 1 standing 
7 992 358 1056 496 34433 0 0 0 standing 
7 993 359 1054 497 34434 0 0 1 standing 
7 995 361 1053 498 34435 0 0 1 standing 
7 997 363 1052 500 34436 0 0 0 standing 
7 1002 368 1057 506 34437 0 0 1 standing 
7 1007 373 1062 512 34438 0 0 1 standing 
7 1013 379 1068 518 34439 0 0 0 standing 
8 376 340 466 481 34420 1 0 1 standing 
8 376 340 466 481 34421 0 0 0 waiting 
8 374 341 463 481 34422 0 0 1 waiting 
8 372 342 461 482 34423 0 0 1 waiting 
8 371 344 459 483 34424 0 0 0 waiting 
8 374 344 459 481 34425 0 0 1 waiting 
8 377 344 459 479 34426 0 0 1 waiting 
8 381 345 460 478 34427 0 0 0 waiting 
8 387 345 463 478 34428 0 0 1 waiting 
8 394 345 466 478 34429 0 0 1 waiting 
8 401 346 470 479 34430 0 0 0 waiting 
8 407 345 476 478 34431 0 0 1 waiting 
8 413 345 482 478 34432 0 0 1 waiting 
8 419 345 488 478 34433 0 0 0 waiting 
8 426 345 494 478 34434 0 0 1 waiting 
8 434 345 500 478 34435 0 0 1 waiting 
8 442 346 506 479 34436 0 0 0 waiting 
8 450 344 514 479 34437 0 0 1 waiting 
8 459 343 523 480 34438 0 0 1 waiting 
8 468 342 532 480 34439 0 0 1 waiting 
9 214 334 298 445 34420 1 0 1 waiting 
9 214 334 298 445 34421 0 0 0 waiting 
9 215 333 299 444 34422 0 0 1 waiting 
9 216 333 300 443 34423 0 0 1 waiting 
9 218 333 302 442 34424 0 0 0 waiting 
9 223 333 307 442 34425 0 0 1 waiting 
9 228 333 312 442 34426 0 0 1 waiting 
9 233 334 317 443 34427 0 0 0 waiting 
9 239 333 323 442 34428 0 0 1 waiting 
9 245 333 329 442 34429 0 0 1 waiting 
9 251 333 335 442 34430 0 0 0 waiting 
9 256 334 340 443 34431 0 0 1 waiting 
9 262 335 346 444 34432 0 0 1 waiting 
9 268 336 352 445 34433 0 0 0 waiting 
9 275 338 360 447 34434 0 0 1 waiting 
9 282 340 369 449 34435 0 0 1 waiting 
9 289 343 378 451 34436 0 0 0 waiting 
9 298 344 387 452 34437 0 0 1 waiting 
9 307 345 396 453 34438 0 0 1 waiting 
9 316 346 405 454 34439 0 0 1 waiting 
10 39 491 149 615 34420 1 0 1 waiting 
10 39 491 149 615 34421 0 0 0 waiting 
10 42 490 152 614 34422 0 0 1 waiting 
10 45 489 155 613 34423 0 0 1 waiting 
10 49 488 159 612 34424 0 0 0 waiting 
10 54 488 163 611 34425 0 0 1 waiting 
10 59 488 168 610 34426 0 0 1 waiting 
10 65 488 173 610 34427 0 0 0 waiting 
10 72 487 179 609 34428 0 0 1 waiting 
10 80 486 185 608 34429 0 0 1 waiting 
10 88 486 191 608 34430 0 0 0 waiting 
10 96 484 199 606 34431 0 0 1 waiting 
10 105 483 208 605 34432 0 0 1 waiting 
10 114 482 217 604 34433 0 0 0 waiting 
10 123 479 225 604 34434 0 0 1 waiting 
10 133 476 233 605 34435 0 0 1 waiting 
10 143 473 241 606 34436 0 0 0 waiting 
10 154 471 251 605 34437 0 0 1 waiting 
10 166 469 262 604 34438 0 0 1 waiting 
10 177 467 272 603 34439 0 0 1 waiting 
11 0 358 39 480 34420 1 0 1 waiting 
11 0 358 39 480 34421 0 0 0 standing 
11 0 357 43 486 34422 0 0 1 standing 
11 0 356 47 492 34423 0 0 1 standing 
11 0 355 52 498 34424 0 0 0 standing 
11 0 353 58 496 34425 0 0 1 standing 
11 0 352 64 495 34426 0 0 1 standing 
11 0 351 70 494 34427 0 0 0 standing 
11 9 350 79 493 34428 0 0 1 standing 
11 19 350 89 493 34429 0 0 1 standing 
11 29 350 99 493 34430 0 0 0 standing 
11 39 351 109 494 34431 0 0 1 standing 
11 50 352 119 495 34432 0 0 1 standing 
11 61 353 130 496 34433 0 0 0 standing 
11 72 357 144 499 34434 0 0 1 standing 
11 83 362 158 503 34435 0 0 1 standing 
11 94 367 172 507 34436 0 0 0 standing 
11 104 371 181 510 34437 0 0 1 standing 
11 114 375 191 514 34438 0 0 1 standing 
11 124 379 200 517 34439 0 0 1 standing 
