0 548 378 614 546 28555 0 1 0 spiking 
0 548 370 617 532 28556 0 1 1 spiking 
0 548 362 621 518 28557 0 1 1 spiking 
0 549 355 625 504 28558 0 1 0 spiking 
0 548 353 625 501 28559 0 1 1 spiking 
0 547 352 625 499 28560 0 1 1 spiking 
0 546 351 626 497 28561 0 1 1 spiking 
0 545 349 626 495 28562 0 1 1 spiking 
0 544 348 626 493 28563 0 1 1 spiking 
0 543 347 627 491 28564 0 1 1 spiking 
0 542 345 627 489 28565 0 1 1 spiking 
0 541 344 627 487 28566 0 1 1 spiking 
0 540 343 628 485 28567 0 1 0 spiking 
0 547 346 629 490 28568 0 1 1 spiking 
0 555 349 630 495 28569 0 1 1 spiking 
0 563 352 632 501 28570 0 1 1 spiking 
0 571 355 633 506 28571 0 1 1 spiking 
0 579 359 635 512 28572 0 1 0 spiking 
0 587 362 645 518 28573 0 1 1 spiking 
0 595 365 656 524 28574 0 1 1 spiking 
1 382 408 439 571 28555 0 1 0 spiking 
1 386 402 443 570 28556 0 1 1 blocking 
1 390 396 447 569 28557 0 1 1 blocking 
1 395 390 451 568 28558 0 1 1 blocking 
1 399 385 456 568 28559 0 1 1 blocking 
1 404 379 460 567 28560 0 1 1 blocking 
1 408 373 464 566 28561 0 1 1 blocking 
1 412 368 469 566 28562 0 1 1 blocking 
1 417 362 473 565 28563 0 1 1 blocking 
1 421 356 477 564 28564 0 1 1 blocking 
1 426 351 482 564 28565 0 1 0 blocking 
1 432 347 488 556 28566 0 1 1 blocking 
1 439 344 495 549 28567 0 1 1 blocking 
1 445 340 501 542 28568 0 1 1 blocking 
1 452 337 508 535 28569 0 1 1 blocking 
1 459 334 515 528 28570 0 1 0 blocking 
1 468 339 524 530 28571 0 1 1 blocking 
1 477 345 533 532 28572 0 1 1 blocking 
1 486 351 542 534 28573 0 1 1 blocking 
1 495 357 551 536 28574 0 1 1 blocking 
2 387 410 438 584 28555 0 1 0 blocking 
2 391 404 442 582 28556 0 1 1 blocking 
2 396 399 447 581 28557 0 1 1 blocking 
2 401 393 451 580 28558 0 1 1 blocking 
2 406 388 456 579 28559 0 1 1 blocking 
2 411 382 461 578 28560 0 1 1 blocking 
2 415 377 465 576 28561 0 1 1 blocking 
2 420 371 470 575 28562 0 1 1 blocking 
2 425 366 474 574 28563 0 1 1 blocking 
2 430 360 479 573 28564 0 1 1 blocking 
2 435 355 484 572 28565 0 1 0 blocking 
2 439 349 490 563 28566 0 1 1 blocking 
2 444 344 497 554 28567 0 1 1 blocking 
2 449 339 503 545 28568 0 1 1 blocking 
2 454 334 510 536 28569 0 1 1 blocking 
2 459 329 517 527 28570 0 1 0 blocking 
2 465 336 525 530 28571 0 1 1 blocking 
2 472 343 534 533 28572 0 1 1 blocking 
2 479 350 542 536 28573 0 1 1 blocking 
2 486 357 551 539 28574 0 1 1 blocking 
3 770 509 882 665 28555 0 0 0 blocking 
3 764 508 877 663 28556 0 0 1 standing 
3 758 507 873 662 28557 0 0 1 standing 
3 752 506 869 661 28558 0 0 0 standing 
3 750 505 851 662 28559 0 0 1 standing 
3 748 505 833 663 28560 0 0 1 standing 
3 747 505 816 665 28561 0 0 0 standing 
3 738 500 807 662 28562 0 0 1 standing 
3 729 495 798 660 28563 0 0 1 standing 
3 720 491 790 658 28564 0 0 0 standing 
3 703 489 785 650 28565 0 0 1 standing 
3 686 488 781 642 28566 0 0 1 standing 
3 670 487 777 634 28567 0 0 0 standing 
3 672 486 765 633 28568 0 0 1 standing 
3 674 485 753 632 28569 0 0 1 standing 
3 677 484 742 631 28570 0 0 0 standing 
3 676 479 745 629 28571 0 0 1 standing 
3 676 474 748 627 28572 0 0 1 standing 
3 676 470 751 625 28573 0 0 1 standing 
3 676 465 754 623 28574 0 0 1 standing 
4 660 358 733 449 28555 0 0 0 standing 
4 661 357 730 449 28556 0 0 1 moving 
4 663 356 727 449 28557 0 0 1 moving 
4 665 356 724 449 28558 0 0 0 moving 
4 661 355 724 448 28559 0 0 1 moving 
4 657 354 724 448 28560 0 0 1 moving 
4 653 353 724 448 28561 0 0 0 moving 
4 647 353 720 450 28562 0 0 1 moving 
4 641 354 716 452 28563 0 0 1 moving 
4 635 355 712 454 28564 0 0 0 moving 
4 639 351 708 452 28565 0 0 1 moving 
4 643 347 705 450 28566 0 0 1 moving 
4 647 343 702 448 28567 0 0 0 moving 
4 648 342 702 448 28568 0 0 1 moving 
4 650 341 703 449 28569 0 0 1 moving 
4 652 340 703 450 28570 0 0 1 moving 
4 654 339 704 451 28571 0 0 1 moving 
4 655 338 705 451 28572 0 0 1 moving 
4 657 337 705 452 28573 0 0 1 moving 
4 659 336 706 453 28574 0 0 1 moving 
5 747 397 800 501 28555 0 0 0 moving 
5 749 397 800 501 28556 0 0 1 standing 
5 751 397 800 502 28557 0 0 1 standing 
5 753 397 800 503 28558 0 0 0 standing 
5 751 398 802 504 28559 0 0 1 standing 
5 750 399 805 505 28560 0 0 1 standing 
5 749 400 808 506 28561 0 0 0 standing 
5 749 400 808 506 28562 0 0 1 standing 
5 749 400 808 506 28563 0 0 1 standing 
5 749 400 809 506 28564 0 0 0 standing 
5 751 400 808 505 28565 0 0 1 standing 
5 754 400 808 505 28566 0 0 1 standing 
5 757 400 808 505 28567 0 0 0 standing 
5 758 398 813 504 28568 0 0 1 standing 
5 759 396 818 503 28569 0 0 1 standing 
5 760 394 823 502 28570 0 0 0 standing 
5 766 395 829 502 28571 0 0 1 standing 
5 773 397 836 502 28572 0 0 1 standing 
5 779 399 842 502 28573 0 0 1 standing 
5 786 401 849 502 28574 0 0 1 standing 
6 521 340 565 503 28555 0 0 0 standing 
6 523 345 568 504 28556 0 0 1 standing 
6 525 350 571 505 28557 0 0 1 standing 
6 527 356 574 506 28558 0 0 0 standing 
6 531 362 588 506 28559 0 0 1 standing 
6 535 368 602 506 28560 0 0 1 standing 
6 540 374 617 506 28561 0 0 0 standing 
6 544 372 622 505 28562 0 0 1 standing 
6 549 370 627 504 28563 0 0 1 standing 
6 554 368 633 504 28564 0 0 0 standing 
6 566 367 640 500 28565 0 0 1 standing 
6 579 366 648 496 28566 0 0 1 standing 
6 592 365 656 493 28567 0 0 0 standing 
6 604 366 675 491 28568 0 0 1 standing 
6 616 367 695 490 28569 0 0 1 standing 
6 628 368 715 489 28570 0 0 0 standing 
6 637 368 726 489 28571 0 0 1 standing 
6 647 369 737 489 28572 0 0 1 standing 
6 657 369 749 489 28573 0 0 1 standing 
6 667 370 760 489 28574 0 0 1 standing 
7 399 379 435 531 28555 0 0 0 standing 
7 401 378 437 524 28556 0 0 1 blocking 
7 403 377 439 518 28557 0 0 1 blocking 
7 406 376 441 512 28558 0 0 0 blocking 
7 408 375 445 511 28559 0 0 1 blocking 
7 410 374 449 510 28560 0 0 1 blocking 
7 412 374 453 509 28561 0 0 0 blocking 
7 414 374 455 509 28562 0 0 1 blocking 
7 416 374 457 510 28563 0 0 1 blocking 
7 419 375 460 511 28564 0 0 0 blocking 
7 425 370 466 506 28565 0 0 1 blocking 
7 432 365 473 501 28566 0 0 1 blocking 
7 439 361 480 497 28567 0 0 0 blocking 
7 443 357 484 493 28568 0 0 1 blocking 
7 447 353 488 489 28569 0 0 1 blocking 
7 452 349 493 485 28570 0 0 0 blocking 
7 458 349 500 481 28571 0 0 1 blocking 
7 464 349 507 478 28572 0 0 1 blocking 
7 470 349 514 475 28573 0 0 1 blocking 
7 476 349 521 472 28574 0 0 1 blocking 
8 825 424 903 550 28555 0 0 0 blocking 
8 820 424 904 550 28556 0 0 1 standing 
8 815 424 905 550 28557 0 0 1 standing 
8 811 424 907 550 28558 0 0 0 standing 
8 813 422 901 549 28559 0 0 1 standing 
8 816 420 896 548 28560 0 0 1 standing 
8 819 418 891 548 28561 0 0 0 standing 
8 816 415 880 548 28562 0 0 1 standing 
8 813 412 869 549 28563 0 0 1 standing 
8 811 409 858 550 28564 0 0 0 standing 
8 804 407 857 549 28565 0 0 1 standing 
8 798 405 856 548 28566 0 0 1 standing 
8 792 404 856 547 28567 0 0 0 standing 
8 793 406 856 549 28568 0 0 1 standing 
8 795 408 856 551 28569 0 0 1 standing 
8 797 410 856 554 28570 0 0 0 standing 
8 802 411 860 555 28571 0 0 1 standing 
8 807 413 865 556 28572 0 0 1 standing 
8 812 414 870 557 28573 0 0 1 standing 
8 817 416 875 558 28574 0 0 1 standing 
9 105 377 176 496 28555 0 0 0 standing 
9 114 375 182 494 28556 0 0 1 standing 
9 124 374 188 492 28557 0 0 1 standing 
9 134 373 195 491 28558 0 0 0 standing 
9 143 372 204 490 28559 0 0 1 standing 
9 153 371 214 490 28560 0 0 1 standing 
9 163 371 224 490 28561 0 0 0 standing 
9 169 370 232 489 28562 0 0 1 standing 
9 176 369 240 488 28563 0 0 1 standing 
9 183 368 249 487 28564 0 0 0 standing 
9 188 367 258 486 28565 0 0 1 standing 
9 194 366 267 485 28566 0 0 1 standing 
9 200 365 277 485 28567 0 0 0 standing 
9 205 365 290 483 28568 0 0 1 standing 
9 210 366 303 481 28569 0 0 1 standing 
9 215 367 316 479 28570 0 0 0 standing 
9 224 366 324 478 28571 0 0 1 standing 
9 234 365 333 478 28572 0 0 1 standing 
9 244 364 341 477 28573 0 0 1 standing 
9 254 363 350 477 28574 0 0 1 standing 
10 26 465 84 616 28555 0 0 0 standing 
10 21 466 85 617 28556 0 0 1 moving 
10 16 468 86 618 28557 0 0 1 moving 
10 12 470 88 620 28558 0 0 0 moving 
10 10 475 94 622 28559 0 0 1 moving 
10 8 480 100 625 28560 0 0 1 moving 
10 6 485 106 628 28561 0 0 0 moving 
10 9 481 113 626 28562 0 0 1 moving 
10 12 478 120 624 28563 0 0 1 moving 
10 16 475 128 622 28564 0 0 0 moving 
10 31 471 136 616 28565 0 0 1 moving 
10 47 467 144 610 28566 0 0 1 moving 
10 63 463 153 605 28567 0 0 0 moving 
10 78 463 160 602 28568 0 0 1 moving 
10 93 463 168 599 28569 0 0 1 moving 
10 109 463 176 596 28570 0 0 0 moving 
10 121 461 188 596 28571 0 0 1 moving 
10 134 459 200 596 28572 0 0 1 moving 
10 147 458 213 597 28573 0 0 1 moving 
10 160 456 225 597 28574 0 0 1 moving 
11 0 421 54 532 28555 1 0 1 moving 
11 0 421 53 532 28556 1 0 1 moving 
11 0 421 51 532 28557 1 0 1 moving 
11 0 422 50 532 28558 1 0 1 moving 
11 0 422 48 532 28559 1 0 1 moving 
11 0 422 47 532 28560 1 0 1 moving 
11 0 422 46 532 28561 1 0 1 moving 
11 0 423 44 533 28562 1 0 1 moving 
11 0 423 43 533 28563 1 0 1 moving 
11 0 423 42 533 28564 1 0 1 moving 
11 0 423 40 533 28565 1 0 1 moving 
11 0 424 39 533 28566 1 0 1 moving 
11 0 424 38 533 28567 1 0 1 moving 
11 0 424 36 533 28568 1 0 1 moving 
11 0 424 35 533 28569 1 0 1 moving 
11 0 425 34 534 28570 0 0 0 moving 
11 0 422 44 536 28571 0 0 1 moving 
11 0 419 55 538 28572 0 0 1 moving 
11 0 416 66 541 28573 0 0 1 moving 
11 0 413 77 543 28574 0 0 1 moving 
