0 199 455 256 610 25940 0 0 0 waiting 
0 198 455 259 610 25941 0 0 1 waiting 
0 197 456 262 610 25942 0 0 1 waiting 
0 196 457 266 610 25943 0 0 0 waiting 
0 201 456 269 610 25944 0 0 1 waiting 
0 207 455 273 610 25945 0 0 1 waiting 
0 213 455 277 610 25946 0 0 0 waiting 
0 219 453 285 607 25947 0 0 1 waiting 
0 225 451 294 604 25948 0 0 1 waiting 
0 231 450 303 601 25949 0 0 0 waiting 
0 235 450 308 600 25950 0 0 1 waiting 
0 239 450 313 600 25951 0 0 1 waiting 
0 244 451 319 600 25952 0 0 0 waiting 
0 250 450 325 597 25953 0 0 1 waiting 
0 256 449 331 595 25954 0 0 1 waiting 
0 262 449 337 593 25955 0 0 0 waiting 
0 271 446 346 592 25956 0 0 1 waiting 
0 280 443 355 591 25957 0 0 1 waiting 
0 289 441 364 590 25958 0 0 1 waiting 
0 298 438 373 589 25959 0 0 1 waiting 
1 164 427 224 555 25940 0 0 0 waiting 
1 164 426 223 555 25941 0 0 1 waiting 
1 164 425 223 556 25942 0 0 1 waiting 
1 165 425 223 557 25943 0 0 0 waiting 
1 166 425 224 557 25944 0 0 1 waiting 
1 167 426 225 557 25945 0 0 1 waiting 
1 168 427 227 557 25946 0 0 0 waiting 
1 171 426 229 555 25947 0 0 1 waiting 
1 174 425 232 553 25948 0 0 1 waiting 
1 177 425 235 551 25949 0 0 0 waiting 
1 180 425 238 551 25950 0 0 1 waiting 
1 183 426 241 551 25951 0 0 1 waiting 
1 187 427 244 551 25952 0 0 0 waiting 
1 193 427 250 548 25953 0 0 1 waiting 
1 199 427 256 546 25954 0 0 1 waiting 
1 206 427 263 544 25955 0 0 0 waiting 
1 215 426 272 542 25956 0 0 1 waiting 
1 224 425 281 540 25957 0 0 1 waiting 
1 234 425 290 539 25958 0 0 1 waiting 
1 243 424 299 537 25959 0 0 1 waiting 
2 254 377 307 494 25940 0 0 0 waiting 
2 256 377 313 493 25941 0 0 1 standing 
2 258 377 320 492 25942 0 0 1 standing 
2 261 377 327 491 25943 0 0 0 standing 
2 264 376 334 490 25944 0 0 1 standing 
2 267 376 342 489 25945 0 0 1 standing 
2 271 376 350 488 25946 0 0 0 standing 
2 284 373 357 484 25947 0 0 1 standing 
2 298 371 364 480 25948 0 0 1 standing 
2 312 369 372 477 25949 0 0 0 standing 
2 323 370 387 480 25950 0 0 1 standing 
2 335 371 402 483 25951 0 0 1 standing 
2 347 372 418 486 25952 0 0 0 standing 
2 354 372 424 484 25953 0 0 1 standing 
2 361 373 430 482 25954 0 0 1 standing 
2 368 374 437 480 25955 0 0 0 standing 
2 378 371 446 479 25956 0 0 1 standing 
2 388 369 456 478 25957 0 0 1 standing 
2 399 366 465 477 25958 0 0 1 standing 
2 409 364 475 476 25959 0 0 1 standing 
3 498 463 550 601 25940 0 0 0 standing 
3 495 466 551 599 25941 0 0 1 standing 
3 492 469 553 597 25942 0 0 1 standing 
3 490 472 555 596 25943 0 0 0 standing 
3 491 471 559 599 25944 0 0 1 standing 
3 492 470 564 602 25945 0 0 1 standing 
3 493 470 569 606 25946 0 0 0 standing 
3 494 467 572 606 25947 0 0 1 standing 
3 495 464 576 606 25948 0 0 1 standing 
3 497 461 580 606 25949 0 0 0 standing 
3 495 459 584 600 25950 0 0 1 standing 
3 493 458 588 595 25951 0 0 1 standing 
3 492 457 593 590 25952 0 0 0 standing 
3 496 458 599 590 25953 0 0 1 standing 
3 500 459 606 591 25954 0 0 1 standing 
3 504 461 613 592 25955 0 0 0 standing 
3 513 457 619 590 25956 0 0 1 standing 
3 522 453 625 589 25957 0 0 1 standing 
3 531 450 632 588 25958 0 0 1 standing 
3 540 446 638 587 25959 0 0 1 standing 
4 541 437 584 569 25940 0 1 0 standing 
4 543 428 586 564 25941 0 1 1 blocking 
4 545 420 588 560 25942 0 1 1 blocking 
4 548 411 590 556 25943 0 1 1 blocking 
4 550 403 592 551 25944 0 1 1 blocking 
4 553 395 595 547 25945 0 1 1 blocking 
4 555 386 597 543 25946 0 1 1 blocking 
4 557 378 599 538 25947 0 1 1 blocking 
4 560 369 601 534 25948 0 1 1 blocking 
4 562 361 603 530 25949 0 1 1 blocking 
4 565 353 606 526 25950 0 1 0 blocking 
4 572 355 613 524 25951 0 1 1 blocking 
4 580 357 621 523 25952 0 1 1 blocking 
4 588 360 629 522 25953 0 1 1 blocking 
4 596 362 636 521 25954 0 1 1 blocking 
4 604 365 644 520 25955 0 1 1 blocking 
4 611 367 652 518 25956 0 1 1 blocking 
4 619 369 659 517 25957 0 1 1 blocking 
4 627 372 667 516 25958 0 1 1 blocking 
4 635 374 675 515 25959 0 1 1 blocking 
5 539 384 587 509 25940 0 1 0 blocking 
5 542 371 590 505 25941 0 1 1 blocking 
5 546 358 594 501 25942 0 1 1 blocking 
5 550 346 598 498 25943 0 1 1 blocking 
5 553 333 601 494 25944 0 1 1 blocking 
5 557 320 605 490 25945 0 1 1 blocking 
5 561 308 609 487 25946 0 1 0 blocking 
5 565 307 614 483 25947 0 1 1 blocking 
5 569 306 619 480 25948 0 1 1 blocking 
5 573 305 624 477 25949 0 1 1 blocking 
5 577 305 629 474 25950 0 1 0 blocking 
5 584 310 635 476 25951 0 1 1 blocking 
5 591 316 642 478 25952 0 1 1 blocking 
5 598 322 649 480 25953 0 1 1 blocking 
5 606 328 656 482 25954 0 1 1 blocking 
5 613 334 663 484 25955 0 1 1 blocking 
5 620 340 669 486 25956 0 1 1 blocking 
5 628 346 676 488 25957 0 1 1 blocking 
5 635 352 683 490 25958 0 1 1 blocking 
5 642 358 690 492 25959 0 1 1 blocking 
6 667 367 702 515 25940 0 1 0 blocking 
6 665 361 703 506 25941 0 1 1 spiking 
6 663 355 704 497 25942 0 1 1 spiking 
6 662 349 705 489 25943 0 1 1 spiking 
6 660 343 706 480 25944 0 1 1 spiking 
6 658 337 707 471 25945 0 1 1 spiking 
6 657 331 709 463 25946 0 1 0 spiking 
6 653 330 707 460 25947 0 1 1 spiking 
6 650 329 706 458 25948 0 1 1 spiking 
6 646 328 704 455 25949 0 1 1 spiking 
6 643 328 703 453 25950 0 1 0 spiking 
6 648 331 707 455 25951 0 1 1 spiking 
6 654 334 712 458 25952 0 1 1 spiking 
6 660 337 716 461 25953 0 1 1 spiking 
6 666 340 721 464 25954 0 1 1 spiking 
6 672 343 725 467 25955 0 1 1 spiking 
6 677 346 730 470 25956 0 1 1 spiking 
6 683 349 734 473 25957 0 1 1 spiking 
6 689 352 739 476 25958 0 1 1 spiking 
6 695 355 743 479 25959 0 1 1 spiking 
7 630 368 670 540 25940 0 0 0 spiking 
7 632 377 676 542 25941 0 0 1 standing 
7 634 386 683 544 25942 0 0 1 standing 
7 637 395 690 546 25943 0 0 0 standing 
7 641 398 696 544 25944 0 0 1 standing 
7 645 402 702 542 25945 0 0 1 standing 
7 649 406 708 541 25946 0 0 0 standing 
7 652 404 717 539 25947 0 0 1 standing 
7 655 402 726 537 25948 0 0 1 standing 
7 659 400 736 536 25949 0 0 0 standing 
7 670 400 741 534 25950 0 0 1 standing 
7 682 400 746 533 25951 0 0 1 standing 
7 694 401 752 532 25952 0 0 0 standing 
7 705 400 757 531 25953 0 0 1 standing 
7 716 399 762 530 25954 0 0 1 standing 
7 728 398 768 529 25955 0 0 0 standing 
7 739 395 782 527 25956 0 0 1 standing 
7 751 393 796 526 25957 0 0 1 standing 
7 763 390 811 524 25958 0 0 1 standing 
7 775 388 825 523 25959 0 0 1 standing 
8 852 526 960 698 25940 0 0 0 standing 
8 851 524 948 696 25941 0 0 1 moving 
8 850 522 936 695 25942 0 0 1 moving 
8 849 521 924 694 25943 0 0 0 moving 
8 841 517 922 692 25944 0 0 1 moving 
8 833 514 920 690 25945 0 0 1 moving 
8 826 511 919 689 25946 0 0 0 moving 
8 818 508 914 683 25947 0 0 1 moving 
8 810 505 909 678 25948 0 0 1 moving 
8 803 502 904 673 25949 0 0 0 moving 
8 806 497 895 668 25950 0 0 1 moving 
8 809 492 886 663 25951 0 0 1 moving 
8 812 487 878 659 25952 0 0 0 moving 
8 808 482 871 655 25953 0 0 1 moving 
8 805 477 865 651 25954 0 0 1 moving 
8 802 473 859 647 25955 0 0 0 moving 
8 798 473 863 647 25956 0 0 1 moving 
8 794 474 867 647 25957 0 0 1 moving 
8 790 474 871 647 25958 0 0 1 moving 
8 786 475 875 647 25959 0 0 1 moving 
9 896 364 945 489 25940 0 0 0 moving 
9 885 366 943 489 25941 0 0 1 moving 
9 874 368 942 489 25942 0 0 1 moving 
9 864 371 941 490 25943 0 0 0 moving 
9 863 370 937 489 25944 0 0 1 moving 
9 862 369 934 488 25945 0 0 1 moving 
9 861 368 931 488 25946 0 0 0 moving 
9 863 366 925 487 25947 0 0 1 moving 
9 865 364 919 486 25948 0 0 1 moving 
9 867 362 913 486 25949 0 0 0 moving 
9 861 362 910 484 25950 0 0 1 moving 
9 855 362 908 483 25951 0 0 1 moving 
9 849 363 906 482 25952 0 0 0 moving 
9 852 365 909 483 25953 0 0 1 moving 
9 856 368 913 484 25954 0 0 1 moving 
9 859 370 917 485 25955 0 0 1 moving 
9 863 373 921 486 25956 0 0 1 moving 
9 866 375 924 487 25957 0 0 1 moving 
9 870 378 928 488 25958 0 0 1 moving 
9 873 380 932 489 25959 0 0 1 moving 
10 948 410 1007 545 25940 0 0 0 moving 
10 939 409 1007 543 25941 0 0 1 moving 
10 930 409 1008 541 25942 0 0 1 moving 
10 922 409 1009 540 25943 0 0 0 moving 
10 909 409 1004 540 25944 0 0 1 moving 
10 896 409 999 540 25945 0 0 1 moving 
10 883 410 995 541 25946 0 0 0 moving 
10 886 409 982 540 25947 0 0 1 moving 
10 890 409 970 539 25948 0 0 1 moving 
10 894 409 958 538 25949 0 0 0 moving 
10 889 408 953 538 25950 0 0 1 moving 
10 884 408 949 538 25951 0 0 1 moving 
10 880 408 945 539 25952 0 0 0 moving 
10 876 407 945 539 25953 0 0 1 moving 
10 872 407 945 539 25954 0 0 1 moving 
10 868 407 945 539 25955 0 0 0 moving 
10 876 407 952 538 25956 0 0 1 moving 
10 885 408 959 537 25957 0 0 1 moving 
10 893 409 967 537 25958 0 0 1 moving 
10 902 410 974 536 25959 0 0 1 moving 
11 1024 415 1095 526 25940 0 0 0 moving 
11 1026 414 1093 526 25941 0 0 1 standing 
11 1029 413 1091 526 25942 0 0 1 standing 
11 1032 413 1090 526 25943 0 0 0 standing 
11 1032 411 1090 526 25944 0 0 1 standing 
11 1032 409 1090 526 25945 0 0 1 standing 
11 1033 407 1090 526 25946 0 0 0 standing 
11 1025 406 1092 527 25947 0 0 1 standing 
11 1018 405 1095 528 25948 0 0 1 standing 
11 1011 404 1098 529 25949 0 0 0 standing 
11 1011 405 1095 528 25950 0 0 1 standing 
11 1011 406 1092 527 25951 0 0 1 standing 
11 1012 407 1089 527 25952 0 0 0 standing 
11 1016 408 1086 530 25953 0 0 1 standing 
11 1020 410 1083 533 25954 0 0 1 standing 
11 1024 412 1081 536 25955 0 0 0 standing 
11 1030 411 1087 537 25956 0 0 1 standing 
11 1037 410 1094 539 25957 0 0 1 standing 
11 1044 410 1101 541 25958 0 0 1 standing 
11 1051 409 1108 543 25959 0 0 1 standing 
