0 1090 406 1142 493 36230 0 1 0 digging 
0 1088 407 1140 498 36231 0 1 1 digging 
0 1087 408 1139 503 36232 0 1 1 digging 
0 1086 409 1138 508 36233 0 1 0 digging 
0 1086 410 1135 514 36234 0 1 1 digging 
0 1086 411 1132 520 36235 0 1 1 digging 
0 1086 413 1130 527 36236 0 1 0 digging 
0 1082 413 1129 525 36237 0 1 1 digging 
0 1079 414 1129 524 36238 0 1 1 digging 
0 1076 415 1129 523 36239 0 1 0 digging 
0 1074 414 1130 522 36240 0 1 1 digging 
0 1072 413 1131 521 36241 0 1 1 digging 
0 1071 413 1133 520 36242 0 1 0 digging 
0 1069 417 1139 528 36243 0 1 1 digging 
0 1068 421 1145 536 36244 0 1 1 digging 
0 1067 425 1151 544 36245 0 1 0 digging 
0 1069 429 1148 547 36246 0 1 1 digging 
0 1071 434 1145 551 36247 0 1 1 digging 
0 1073 439 1142 555 36248 0 1 1 digging 
0 1075 444 1139 559 36249 0 1 1 digging 
1 834 459 911 570 36230 0 0 0 digging 
1 829 462 905 571 36231 0 0 1 standing 
1 825 466 899 572 36232 0 0 1 standing 
1 821 470 894 574 36233 0 0 0 standing 
1 818 469 893 573 36234 0 0 1 standing 
1 815 469 892 573 36235 0 0 1 standing 
1 812 469 892 573 36236 0 0 0 standing 
1 813 465 895 572 36237 0 0 1 standing 
1 815 461 898 571 36238 0 0 1 standing 
1 817 458 901 570 36239 0 0 0 standing 
1 827 454 902 570 36240 0 0 1 standing 
1 838 451 903 570 36241 0 0 1 standing 
1 849 448 904 571 36242 0 0 0 standing 
1 856 449 908 572 36243 0 0 1 standing 
1 864 451 912 574 36244 0 0 1 standing 
1 872 453 916 576 36245 0 0 0 standing 
1 871 454 923 576 36246 0 0 1 standing 
1 871 456 931 577 36247 0 0 1 standing 
1 871 457 939 577 36248 0 0 1 standing 
1 871 459 947 578 36249 0 0 1 standing 
2 822 313 882 423 36230 0 0 0 standing 
2 817 314 873 422 36231 0 0 1 standing 
2 812 316 864 421 36232 0 0 1 standing 
2 807 318 856 421 36233 0 0 0 standing 
2 798 318 854 424 36234 0 0 1 standing 
2 789 318 852 427 36235 0 0 1 standing 
2 781 318 850 430 36236 0 0 0 standing 
2 775 318 840 431 36237 0 0 1 standing 
2 769 319 831 432 36238 0 0 1 standing 
2 764 320 822 433 36239 0 0 0 standing 
2 760 318 816 431 36240 0 0 1 standing 
2 756 316 811 429 36241 0 0 1 standing 
2 752 315 806 428 36242 0 0 0 standing 
2 739 317 804 430 36243 0 0 1 standing 
2 726 320 803 432 36244 0 0 1 standing 
2 713 323 802 435 36245 0 0 0 standing 
2 710 324 794 436 36246 0 0 1 standing 
2 707 325 787 438 36247 0 0 1 standing 
2 704 326 780 439 36248 0 0 1 standing 
2 701 327 773 441 36249 0 0 1 standing 
3 674 333 742 439 36230 0 0 0 standing 
3 673 330 740 438 36231 0 0 1 standing 
3 673 327 738 438 36232 0 0 1 standing 
3 673 324 736 438 36233 0 0 0 standing 
3 672 321 735 434 36234 0 0 1 standing 
3 671 319 734 430 36235 0 0 1 standing 
3 671 317 734 427 36236 0 0 0 standing 
3 674 312 732 425 36237 0 0 1 standing 
3 677 307 730 423 36238 0 0 1 standing 
3 681 303 729 422 36239 0 0 0 standing 
3 680 300 728 419 36240 0 0 1 standing 
3 679 297 727 416 36241 0 0 1 standing 
3 678 295 727 413 36242 0 0 0 standing 
3 676 292 726 410 36243 0 0 1 standing 
3 675 289 726 407 36244 0 0 1 standing 
3 674 287 726 404 36245 0 0 0 standing 
3 677 285 730 401 36246 0 0 1 standing 
3 680 284 734 399 36247 0 0 1 standing 
3 683 282 739 397 36248 0 0 1 standing 
3 686 281 743 395 36249 0 0 1 standing 
4 622 434 666 573 36230 0 0 0 standing 
4 616 436 668 573 36231 0 0 1 standing 
4 611 439 671 573 36232 0 0 1 standing 
4 606 442 674 573 36233 0 0 1 standing 
4 601 444 677 573 36234 0 0 1 standing 
4 596 447 680 573 36235 0 0 1 standing 
4 591 450 683 573 36236 0 0 0 standing 
4 595 451 684 576 36237 0 0 1 standing 
4 599 453 685 580 36238 0 0 1 standing 
4 603 455 687 584 36239 0 0 0 standing 
4 609 455 693 577 36240 0 0 1 standing 
4 615 455 699 571 36241 0 0 1 standing 
4 622 455 706 565 36242 0 0 0 standing 
4 625 453 716 567 36243 0 0 1 standing 
4 628 452 726 570 36244 0 0 1 standing 
4 632 451 736 573 36245 0 0 0 standing 
4 646 451 747 575 36246 0 0 1 standing 
4 660 451 758 577 36247 0 0 1 standing 
4 674 451 769 580 36248 0 0 1 standing 
4 688 451 780 582 36249 0 0 1 standing 
5 623 388 662 529 36230 0 0 0 standing 
5 622 391 665 528 36231 0 0 1 standing 
5 622 394 668 527 36232 0 0 1 standing 
5 622 398 672 526 36233 0 0 0 standing 
5 623 399 677 527 36234 0 0 1 standing 
5 624 401 683 529 36235 0 0 1 standing 
5 625 403 689 531 36236 0 0 0 standing 
5 628 404 688 530 36237 0 0 1 standing 
5 631 405 687 530 36238 0 0 1 standing 
5 634 406 687 530 36239 0 0 0 standing 
5 628 403 689 527 36240 0 0 1 standing 
5 622 400 691 524 36241 0 0 1 standing 
5 616 397 693 521 36242 0 0 0 standing 
5 626 394 699 518 36243 0 0 1 standing 
5 636 392 705 516 36244 0 0 1 standing 
5 647 390 711 514 36245 0 0 0 standing 
5 650 390 721 513 36246 0 0 1 standing 
5 653 390 731 513 36247 0 0 1 standing 
5 656 390 741 513 36248 0 0 1 standing 
5 659 390 751 513 36249 0 0 1 standing 
6 559 411 609 553 36230 0 0 0 standing 
6 557 408 608 550 36231 0 0 1 standing 
6 555 405 607 547 36232 0 0 1 standing 
6 553 403 606 545 36233 0 0 0 standing 
6 550 402 602 543 36234 0 0 1 standing 
6 548 401 598 541 36235 0 0 1 standing 
6 546 401 594 539 36236 0 0 0 standing 
6 548 398 593 537 36237 0 0 1 standing 
6 551 396 592 535 36238 0 0 1 standing 
6 554 394 592 533 36239 0 0 0 standing 
6 552 392 590 530 36240 0 0 1 standing 
6 550 390 589 528 36241 0 0 1 standing 
6 549 388 588 526 36242 0 0 0 standing 
6 546 387 585 525 36243 0 0 1 standing 
6 543 386 582 524 36244 0 0 1 standing 
6 541 385 580 523 36245 0 0 0 standing 
6 540 384 580 522 36246 0 0 1 standing 
6 539 383 580 521 36247 0 0 1 standing 
6 539 382 581 520 36248 0 0 1 standing 
6 538 381 581 519 36249 0 0 1 standing 
7 547 319 591 443 36230 0 0 0 standing 
7 544 320 589 442 36231 0 0 1 standing 
7 542 321 588 441 36232 0 0 1 standing 
7 540 322 587 441 36233 0 0 0 standing 
7 539 322 584 442 36234 0 0 1 standing 
7 539 323 582 443 36235 0 0 1 standing 
7 539 323 580 444 36236 0 0 1 standing 
7 539 324 578 445 36237 0 0 1 standing 
7 539 325 576 447 36238 0 0 0 standing 
7 537 324 574 446 36239 0 0 1 standing 
7 536 324 572 446 36240 0 0 1 standing 
7 534 323 570 446 36241 0 0 1 standing 
7 533 323 568 446 36242 0 0 0 standing 
7 531 321 567 445 36243 0 0 1 standing 
7 530 320 567 444 36244 0 0 1 standing 
7 529 319 567 443 36245 0 0 0 standing 
7 528 319 567 443 36246 0 0 1 standing 
7 528 319 567 443 36247 0 0 1 standing 
7 528 319 567 443 36248 0 0 1 standing 
7 528 319 567 443 36249 0 0 1 standing 
8 424 416 503 561 36230 0 0 0 standing 
8 429 412 503 555 36231 0 0 1 standing 
8 435 408 503 549 36232 0 0 1 standing 
8 441 405 503 544 36233 0 0 0 standing 
8 444 403 506 542 36234 0 0 1 standing 
8 447 402 509 541 36235 0 0 1 standing 
8 450 401 512 540 36236 0 0 0 standing 
8 448 397 516 537 36237 0 0 1 standing 
8 447 393 520 535 36238 0 0 1 standing 
8 446 389 524 533 36239 0 0 0 standing 
8 449 387 523 526 36240 0 0 1 standing 
8 452 385 523 519 36241 0 0 1 standing 
8 456 383 523 512 36242 0 0 0 standing 
8 462 380 527 511 36243 0 0 1 standing 
8 469 378 531 510 36244 0 0 1 standing 
8 476 376 535 509 36245 0 0 0 standing 
8 478 374 537 509 36246 0 0 1 standing 
8 481 373 539 509 36247 0 0 1 standing 
8 483 371 542 509 36248 0 0 1 standing 
8 486 370 544 509 36249 0 0 1 standing 
9 438 370 504 481 36230 0 0 0 standing 
9 437 371 494 479 36231 0 0 1 standing 
9 436 372 484 478 36232 0 0 1 standing 
9 436 373 474 477 36233 0 0 0 standing 
9 431 372 470 480 36234 0 0 1 standing 
9 426 371 467 484 36235 0 0 1 standing 
9 421 370 464 488 36236 0 0 0 standing 
9 417 369 461 487 36237 0 0 1 standing 
9 414 368 458 486 36238 0 0 1 standing 
9 411 367 455 486 36239 0 0 0 standing 
9 407 363 448 482 36240 0 0 1 standing 
9 403 359 441 478 36241 0 0 1 standing 
9 399 356 434 474 36242 0 0 0 standing 
9 395 352 431 471 36243 0 0 1 standing 
9 391 349 428 468 36244 0 0 1 standing 
9 387 346 425 465 36245 0 0 0 standing 
9 383 346 421 464 36246 0 0 1 standing 
9 379 346 418 463 36247 0 0 1 standing 
9 375 346 414 462 36248 0 0 1 standing 
9 371 346 411 461 36249 0 0 1 standing 
10 294 413 338 550 36230 0 0 0 standing 
10 294 413 343 550 36231 0 0 1 standing 
10 294 413 348 550 36232 0 0 1 standing 
10 294 413 354 550 36233 0 0 0 standing 
10 292 413 351 550 36234 0 0 1 standing 
10 291 413 349 550 36235 0 0 1 standing 
10 290 413 347 550 36236 0 0 1 standing 
10 289 413 345 550 36237 0 0 1 standing 
10 288 414 343 551 36238 0 0 0 standing 
10 289 413 342 550 36239 0 0 1 standing 
10 291 412 342 549 36240 0 0 1 standing 
10 292 411 342 548 36241 0 0 1 standing 
10 294 410 342 548 36242 0 0 0 standing 
10 293 410 342 548 36243 0 0 1 standing 
10 293 411 343 549 36244 0 0 1 standing 
10 293 411 343 549 36245 0 0 1 standing 
10 293 412 344 550 36246 0 0 1 standing 
10 293 413 344 551 36247 0 0 1 standing 
10 293 413 345 551 36248 0 0 1 standing 
10 293 414 345 552 36249 0 0 1 standing 
11 269 379 314 511 36230 0 0 0 standing 
11 267 378 311 512 36231 0 0 1 standing 
11 265 378 309 514 36232 0 0 1 standing 
11 263 378 307 516 36233 0 0 0 standing 
11 259 378 303 516 36234 0 0 1 standing 
11 255 378 299 516 36235 0 0 1 standing 
11 252 378 296 516 36236 0 0 0 standing 
11 247 377 295 515 36237 0 0 1 standing 
11 243 377 294 515 36238 0 0 1 standing 
11 239 377 293 515 36239 0 0 0 standing 
11 234 373 284 511 36240 0 0 1 standing 
11 229 369 275 507 36241 0 0 1 standing 
11 224 366 266 504 36242 0 0 0 standing 
11 220 365 262 501 36243 0 0 1 standing 
11 216 364 259 499 36244 0 0 1 standing 
11 212 363 256 497 36245 0 0 0 standing 
11 209 363 256 497 36246 0 0 1 standing 
11 207 363 257 497 36247 0 0 1 standing 
11 204 363 257 497 36248 0 0 1 standing 
11 202 363 258 497 36249 0 0 1 standing 
