0 159 393 223 515 24770 0 0 0 standing 
0 166 392 230 514 24771 0 0 1 standing 
0 173 391 237 513 24772 0 0 1 standing 
0 180 390 244 512 24773 0 0 1 standing 
0 187 390 251 512 24774 0 0 1 standing 
0 194 389 258 511 24775 0 0 1 standing 
0 201 388 265 510 24776 0 0 1 standing 
0 208 388 272 510 24777 0 0 1 standing 
0 215 387 279 509 24778 0 0 1 standing 
0 222 386 286 508 24779 0 0 1 standing 
0 230 386 294 508 24780 0 0 0 standing 
0 232 386 294 507 24781 0 0 1 standing 
0 234 386 295 507 24782 0 0 1 standing 
0 236 386 296 507 24783 0 0 1 standing 
0 238 386 296 507 24784 0 0 1 standing 
0 241 386 297 507 24785 0 0 1 standing 
0 243 386 298 507 24786 0 0 1 standing 
0 245 386 298 507 24787 0 0 1 standing 
0 247 386 299 507 24788 0 0 1 standing 
0 249 386 300 507 24789 0 0 1 standing 
1 358 403 402 504 24770 0 0 0 standing 
1 365 402 409 503 24771 0 0 1 standing 
1 373 402 417 503 24772 0 0 1 standing 
1 380 401 424 502 24773 0 0 1 standing 
1 388 401 432 502 24774 0 0 1 standing 
1 396 400 440 501 24775 0 0 1 standing 
1 403 400 447 501 24776 0 0 1 standing 
1 411 399 455 500 24777 0 0 1 standing 
1 418 399 462 500 24778 0 0 1 standing 
1 426 398 470 499 24779 0 0 1 standing 
1 434 398 478 499 24780 0 0 0 standing 
1 433 398 477 499 24781 0 0 1 standing 
1 433 398 477 499 24782 0 0 1 standing 
1 433 398 477 499 24783 0 0 1 standing 
1 433 398 477 499 24784 0 0 1 standing 
1 433 399 477 500 24785 0 0 1 standing 
1 432 399 476 500 24786 0 0 1 standing 
1 432 399 476 500 24787 0 0 1 standing 
1 432 399 476 500 24788 0 0 1 standing 
1 432 399 476 500 24789 0 0 1 standing 
2 505 356 559 452 24770 0 0 0 standing 
2 510 356 564 452 24771 0 0 1 standing 
2 515 356 569 452 24772 0 0 1 standing 
2 521 357 575 453 24773 0 0 1 standing 
2 526 357 580 453 24774 0 0 1 standing 
2 532 358 586 454 24775 0 0 1 standing 
2 537 358 591 454 24776 0 0 1 standing 
2 542 358 596 454 24777 0 0 1 standing 
2 548 359 602 455 24778 0 0 1 standing 
2 553 359 607 455 24779 0 0 1 standing 
2 559 360 613 456 24780 0 0 0 standing 
2 559 359 614 457 24781 0 0 1 standing 
2 560 359 615 458 24782 0 0 1 standing 
2 561 359 617 459 24783 0 0 1 standing 
2 562 359 618 460 24784 0 0 1 standing 
2 563 359 619 461 24785 0 0 1 standing 
2 564 359 621 462 24786 0 0 1 standing 
2 565 359 622 463 24787 0 0 1 standing 
2 566 359 624 464 24788 0 0 0 standing 
2 563 360 621 465 24789 0 0 1 standing 
3 581 441 641 556 24770 0 0 0 standing 
3 591 439 651 554 24771 0 0 1 standing 
3 602 437 662 552 24772 0 0 1 standing 
3 613 435 673 550 24773 0 0 1 standing 
3 624 433 684 548 24774 0 0 1 standing 
3 635 431 695 546 24775 0 0 1 standing 
3 646 430 706 545 24776 0 0 0 standing 
3 651 428 711 543 24777 0 0 1 standing 
3 657 426 717 541 24778 0 0 1 standing 
3 663 424 723 539 24779 0 0 1 standing 
3 669 422 729 537 24780 0 0 0 standing 
3 671 421 731 536 24781 0 0 1 standing 
3 673 421 733 536 24782 0 0 1 standing 
3 675 421 735 536 24783 0 0 1 standing 
3 677 421 737 536 24784 0 0 1 standing 
3 679 421 739 536 24785 0 0 1 standing 
3 681 421 741 536 24786 0 0 1 standing 
3 683 421 743 536 24787 0 0 1 standing 
3 685 421 745 536 24788 0 0 1 standing 
3 687 421 747 536 24789 0 0 1 standing 
4 698 394 741 512 24770 0 0 0 standing 
4 705 393 748 511 24771 0 0 1 blocking 
4 713 392 756 510 24772 0 0 1 blocking 
4 721 391 764 509 24773 0 0 1 blocking 
4 729 390 772 508 24774 0 0 1 blocking 
4 737 389 780 507 24775 0 0 1 blocking 
4 744 388 787 506 24776 0 0 1 blocking 
4 752 387 795 505 24777 0 0 1 blocking 
4 760 386 803 504 24778 0 0 1 blocking 
4 768 385 811 503 24779 0 0 1 blocking 
4 776 384 819 502 24780 0 0 0 blocking 
4 777 384 820 502 24781 0 0 1 blocking 
4 779 384 822 502 24782 0 0 1 blocking 
4 780 384 823 502 24783 0 0 1 blocking 
4 782 385 825 503 24784 0 0 1 blocking 
4 783 385 826 503 24785 0 0 1 blocking 
4 785 385 828 503 24786 0 0 1 blocking 
4 786 386 829 504 24787 0 0 1 blocking 
4 788 386 831 504 24788 0 0 1 blocking 
4 789 386 832 504 24789 0 0 1 blocking 
5 731 377 776 481 24770 0 0 0 blocking 
5 737 375 782 479 24771 0 0 1 standing 
5 744 373 789 477 24772 0 0 1 standing 
5 751 372 796 476 24773 0 0 1 standing 
5 758 370 803 474 24774 0 0 1 standing 
5 765 369 810 473 24775 0 0 1 standing 
5 772 367 817 471 24776 0 0 1 standing 
5 779 365 824 469 24777 0 0 1 standing 
5 786 364 831 468 24778 0 0 1 standing 
5 793 362 838 466 24779 0 0 1 standing 
5 800 361 845 465 24780 0 0 0 standing 
5 797 360 842 464 24781 0 0 1 standing 
5 795 360 840 464 24782 0 0 1 standing 
5 793 360 838 464 24783 0 0 1 standing 
5 791 360 836 464 24784 0 0 1 standing 
5 789 360 834 464 24785 0 0 1 standing 
5 787 360 832 464 24786 0 0 1 standing 
5 785 360 830 464 24787 0 0 1 standing 
5 783 360 828 464 24788 0 0 1 standing 
5 781 360 826 464 24789 0 0 1 standing 
6 906 451 964 537 24770 0 0 0 standing 
6 914 450 972 536 24771 0 0 1 waiting 
6 922 450 980 536 24772 0 0 1 waiting 
6 931 450 989 536 24773 0 0 1 waiting 
6 939 449 997 535 24774 0 0 1 waiting 
6 948 449 1006 535 24775 0 0 1 waiting 
6 956 449 1014 535 24776 0 0 1 waiting 
6 964 448 1022 534 24777 0 0 1 waiting 
6 973 448 1031 534 24778 0 0 1 waiting 
6 981 448 1039 534 24779 0 0 1 waiting 
6 990 448 1048 534 24780 0 0 0 waiting 
6 990 447 1048 533 24781 0 0 1 waiting 
6 991 446 1049 532 24782 0 0 1 waiting 
6 992 445 1050 531 24783 0 0 1 waiting 
6 993 445 1051 531 24784 0 0 1 waiting 
6 994 444 1052 530 24785 0 0 1 waiting 
6 995 443 1053 529 24786 0 0 1 waiting 
6 996 443 1054 529 24787 0 0 1 waiting 
6 997 442 1055 528 24788 0 0 1 waiting 
6 998 441 1056 527 24789 0 0 1 waiting 
7 1066 372 1121 460 24770 0 0 0 waiting 
7 1075 371 1131 459 24771 0 0 1 moving 
7 1084 370 1141 458 24772 0 0 1 moving 
7 1093 370 1151 457 24773 0 0 1 moving 
7 1102 369 1161 457 24774 0 0 1 moving 
7 1112 369 1172 456 24775 0 0 1 moving 
7 1121 368 1182 455 24776 0 0 1 moving 
7 1130 367 1192 455 24777 0 0 1 moving 
7 1139 367 1202 454 24778 0 0 1 moving 
7 1148 366 1212 453 24779 0 0 1 moving 
7 1158 366 1223 453 24780 0 0 0 moving 
7 1159 365 1224 452 24781 0 0 1 moving 
7 1160 364 1225 451 24782 0 0 1 moving 
7 1161 363 1226 451 24783 0 0 0 moving 
7 1157 362 1222 451 24784 0 0 1 moving 
7 1153 362 1218 451 24785 0 0 1 moving 
7 1150 362 1214 451 24786 0 0 1 moving 
7 1146 362 1211 451 24787 0 0 1 moving 
7 1143 362 1207 451 24788 0 0 1 moving 
7 1139 362 1203 451 24789 0 0 1 moving 
8 319 446 375 554 24770 0 0 0 moving 
8 327 445 383 553 24771 0 0 1 standing 
8 335 444 391 552 24772 0 0 1 standing 
8 343 443 399 551 24773 0 0 1 standing 
8 352 442 408 550 24774 0 0 1 standing 
8 360 442 416 550 24775 0 0 1 standing 
8 368 441 424 549 24776 0 0 1 standing 
8 377 440 433 548 24777 0 0 1 standing 
8 385 439 441 547 24778 0 0 1 standing 
8 393 438 449 546 24779 0 0 1 standing 
8 402 438 458 546 24780 0 0 0 standing 
8 404 436 460 544 24781 0 0 1 standing 
8 406 434 462 542 24782 0 0 1 standing 
8 409 433 465 541 24783 0 0 1 standing 
8 411 431 467 539 24784 0 0 1 standing 
8 414 430 470 538 24785 0 0 0 standing 
8 412 430 468 538 24786 0 0 1 standing 
8 411 431 467 539 24787 0 0 1 standing 
8 410 432 466 540 24788 0 0 1 standing 
8 409 433 465 541 24789 0 0 1 standing 
9 369 383 419 475 24770 0 1 0 standing 
9 375 379 425 473 24771 0 1 1 setting 
9 381 376 431 471 24772 0 1 1 setting 
9 387 373 437 469 24773 0 1 1 setting 
9 394 369 443 467 24774 0 1 1 setting 
9 400 366 450 465 24775 0 1 1 setting 
9 406 363 456 463 24776 0 1 1 setting 
9 413 359 462 461 24777 0 1 1 setting 
9 419 356 468 459 24778 0 1 1 setting 
9 425 353 474 457 24779 0 1 1 setting 
9 432 350 481 456 24780 0 1 0 setting 
9 434 350 483 456 24781 0 1 1 setting 
9 436 350 485 456 24782 0 1 1 setting 
9 438 351 487 457 24783 0 1 1 setting 
9 440 351 489 457 24784 0 1 1 setting 
9 443 352 492 458 24785 0 1 0 setting 
9 440 354 489 460 24786 0 1 1 setting 
9 437 356 486 462 24787 0 1 1 setting 
9 434 358 483 464 24788 0 1 1 setting 
9 431 360 480 466 24789 0 1 1 setting 
10 708 423 751 535 24770 0 0 0 setting 
10 714 423 757 535 24771 0 0 1 standing 
10 721 423 764 535 24772 0 0 1 standing 
10 728 423 771 535 24773 0 0 1 standing 
10 735 423 778 535 24774 0 0 1 standing 
10 742 423 785 535 24775 0 0 1 standing 
10 748 423 791 535 24776 0 0 1 standing 
10 755 423 798 535 24777 0 0 1 standing 
10 762 423 805 535 24778 0 0 1 standing 
10 769 423 812 535 24779 0 0 1 standing 
10 776 424 819 536 24780 0 0 0 standing 
10 777 424 820 536 24781 0 0 1 standing 
10 778 424 821 536 24782 0 0 1 standing 
10 779 424 822 536 24783 0 0 1 standing 
10 780 425 823 537 24784 0 0 1 standing 
10 781 425 824 537 24785 0 0 1 standing 
10 782 425 825 537 24786 0 0 1 standing 
10 783 426 826 538 24787 0 0 1 standing 
10 784 426 827 538 24788 0 0 1 standing 
10 785 426 828 538 24789 0 0 1 standing 
11 1017 428 1074 544 24770 0 0 0 standing 
11 1025 426 1082 542 24771 0 0 1 standing 
11 1033 425 1090 541 24772 0 0 1 standing 
11 1041 424 1098 540 24773 0 0 1 standing 
11 1049 423 1106 539 24774 0 0 1 standing 
11 1057 422 1114 538 24775 0 0 1 standing 
11 1065 420 1122 536 24776 0 0 1 standing 
11 1073 419 1130 535 24777 0 0 1 standing 
11 1081 418 1138 534 24778 0 0 1 standing 
11 1089 417 1146 533 24779 0 0 1 standing 
11 1097 416 1154 532 24780 0 0 0 standing 
11 1097 416 1153 531 24781 0 0 1 standing 
11 1097 416 1153 530 24782 0 0 1 standing 
11 1097 416 1153 529 24783 0 0 1 standing 
11 1097 416 1153 528 24784 0 0 1 standing 
11 1097 416 1153 528 24785 0 0 1 standing 
11 1097 416 1153 527 24786 0 0 1 standing 
11 1097 416 1153 526 24787 0 0 1 standing 
11 1097 416 1153 525 24788 0 0 1 standing 
11 1097 416 1153 524 24789 0 0 1 standing 
