0 791 436 863 499 27010 0 1 0 falling 
0 785 437 859 500 27011 0 1 1 falling 
0 779 438 855 501 27012 0 1 1 falling 
0 773 439 851 502 27013 0 1 1 falling 
0 767 440 847 503 27014 0 1 1 falling 
0 761 441 843 504 27015 0 1 1 falling 
0 755 443 840 506 27016 0 1 0 falling 
0 752 443 839 505 27017 0 1 1 falling 
0 750 443 839 505 27018 0 1 1 falling 
0 747 443 838 505 27019 0 1 1 falling 
0 745 443 838 505 27020 0 1 0 falling 
0 746 447 835 505 27021 0 1 1 falling 
0 747 451 832 505 27022 0 1 1 falling 
0 748 456 830 506 27023 0 1 0 falling 
0 749 454 828 506 27024 0 1 1 falling 
0 750 453 826 506 27025 0 1 1 falling 
0 752 452 824 506 27026 0 1 1 falling 
0 753 450 823 507 27027 0 1 1 falling 
0 755 449 821 507 27028 0 1 1 falling 
0 756 448 819 507 27029 0 1 1 falling 
1 716 490 772 574 27010 0 0 0 falling 
1 721 489 778 573 27011 0 0 1 standing 
1 727 488 784 573 27012 0 0 1 standing 
1 733 487 790 573 27013 0 0 1 standing 
1 739 486 796 572 27014 0 0 1 standing 
1 745 485 802 572 27015 0 0 1 standing 
1 751 484 808 572 27016 0 0 1 standing 
1 757 483 814 571 27017 0 0 1 standing 
1 763 482 820 571 27018 0 0 1 standing 
1 769 481 826 571 27019 0 0 1 standing 
1 775 481 832 571 27020 0 0 0 standing 
1 779 480 837 571 27021 0 0 1 standing 
1 784 480 843 572 27022 0 0 1 standing 
1 789 480 848 573 27023 0 0 1 standing 
1 794 480 854 574 27024 0 0 1 standing 
1 799 480 859 575 27025 0 0 1 standing 
1 804 480 865 576 27026 0 0 0 standing 
1 815 480 870 577 27027 0 0 1 standing 
1 826 481 875 578 27028 0 0 1 standing 
1 837 481 880 579 27029 0 0 1 standing 
2 830 482 880 564 27010 0 0 0 standing 
2 828 480 878 563 27011 0 0 1 standing 
2 827 479 876 562 27012 0 0 1 standing 
2 825 478 874 561 27013 0 0 1 standing 
2 824 477 872 560 27014 0 0 0 standing 
2 825 475 872 559 27015 0 0 1 standing 
2 826 474 873 558 27016 0 0 1 standing 
2 827 473 874 558 27017 0 0 1 standing 
2 828 472 874 557 27018 0 0 1 standing 
2 829 471 875 556 27019 0 0 1 standing 
2 831 470 876 556 27020 0 0 0 standing 
2 834 468 879 555 27021 0 0 1 standing 
2 837 467 882 555 27022 0 0 1 standing 
2 841 466 885 555 27023 0 0 1 standing 
2 844 465 888 555 27024 0 0 1 standing 
2 847 464 891 555 27025 0 0 1 standing 
2 851 463 894 555 27026 0 0 0 standing 
2 854 463 896 556 27027 0 0 1 standing 
2 858 464 899 558 27028 0 0 1 standing 
2 861 464 901 559 27029 0 0 1 standing 
3 913 446 954 537 27010 0 0 0 standing 
3 912 446 953 537 27011 0 0 1 standing 
3 912 446 953 537 27012 0 0 1 standing 
3 912 446 953 537 27013 0 0 1 standing 
3 912 446 953 537 27014 0 0 0 standing 
3 913 446 954 537 27015 0 0 1 standing 
3 914 446 955 537 27016 0 0 1 standing 
3 915 446 956 537 27017 0 0 1 standing 
3 916 446 957 537 27018 0 0 1 standing 
3 917 446 958 537 27019 0 0 1 standing 
3 918 447 959 538 27020 0 0 0 standing 
3 918 447 960 537 27021 0 0 1 standing 
3 919 447 962 537 27022 0 0 1 standing 
3 919 447 963 537 27023 0 0 1 standing 
3 920 447 965 537 27024 0 0 1 standing 
3 920 447 966 537 27025 0 0 1 standing 
3 921 447 968 537 27026 0 0 1 standing 
3 921 447 969 537 27027 0 0 1 standing 
3 922 447 971 537 27028 0 0 1 standing 
3 922 447 972 537 27029 0 0 1 standing 
4 590 427 624 520 27010 0 0 0 standing 
4 590 427 626 517 27011 0 0 1 standing 
4 591 428 628 514 27012 0 0 1 standing 
4 592 429 630 511 27013 0 0 1 standing 
4 593 430 632 508 27014 0 0 0 standing 
4 595 430 635 510 27015 0 0 1 standing 
4 597 430 638 512 27016 0 0 1 standing 
4 599 431 641 514 27017 0 0 1 standing 
4 601 431 644 516 27018 0 0 1 standing 
4 603 431 647 518 27019 0 0 1 standing 
4 605 432 651 521 27020 0 0 0 standing 
4 607 433 654 522 27021 0 0 1 standing 
4 610 434 657 523 27022 0 0 1 standing 
4 613 435 660 524 27023 0 0 1 standing 
4 616 436 663 525 27024 0 0 1 standing 
4 619 437 666 526 27025 0 0 1 standing 
4 622 439 670 528 27026 0 0 0 standing 
4 625 438 673 527 27027 0 0 1 standing 
4 628 438 676 527 27028 0 0 1 standing 
4 631 438 679 527 27029 0 0 1 standing 
5 588 414 619 499 27010 0 0 0 standing 
5 589 414 620 500 27011 0 0 1 standing 
5 590 414 622 501 27012 0 0 1 standing 
5 591 414 624 502 27013 0 0 1 standing 
5 592 414 626 504 27014 0 0 1 standing 
5 593 415 628 505 27015 0 0 1 standing 
5 594 415 629 506 27016 0 0 1 standing 
5 595 415 631 508 27017 0 0 1 standing 
5 596 415 633 509 27018 0 0 1 standing 
5 597 415 635 510 27019 0 0 1 standing 
5 599 416 637 512 27020 0 0 0 standing 
5 602 417 640 511 27021 0 0 1 standing 
5 606 418 644 511 27022 0 0 1 standing 
5 610 419 648 511 27023 0 0 1 standing 
5 613 420 651 510 27024 0 0 1 standing 
5 617 421 655 510 27025 0 0 1 standing 
5 621 423 659 510 27026 0 0 0 standing 
5 623 424 661 509 27027 0 0 1 standing 
5 626 425 663 509 27028 0 0 1 standing 
5 628 426 665 509 27029 0 0 1 standing 
6 483 471 519 568 27010 0 0 0 standing 
6 485 471 525 567 27011 0 0 1 standing 
6 488 471 531 567 27012 0 0 1 standing 
6 491 471 537 567 27013 0 0 1 standing 
6 494 471 543 567 27014 0 0 0 standing 
6 497 471 550 566 27015 0 0 1 standing 
6 500 472 558 566 27016 0 0 1 standing 
6 503 473 566 566 27017 0 0 1 standing 
6 506 473 573 566 27018 0 0 1 standing 
6 509 474 581 566 27019 0 0 1 standing 
6 512 475 589 566 27020 0 0 0 standing 
6 520 474 591 566 27021 0 0 1 standing 
6 529 473 593 567 27022 0 0 1 standing 
6 538 473 596 567 27023 0 0 1 standing 
6 546 472 598 568 27024 0 0 1 standing 
6 555 471 600 568 27025 0 0 1 standing 
6 564 471 603 569 27026 0 0 0 standing 
6 568 470 605 569 27027 0 0 1 standing 
6 573 470 608 570 27028 0 0 1 standing 
6 577 470 611 570 27029 0 0 1 standing 
7 514 453 573 546 27010 0 0 0 standing 
7 520 452 574 544 27011 0 0 1 standing 
7 527 451 576 543 27012 0 0 1 standing 
7 533 450 577 541 27013 0 0 1 standing 
7 540 450 579 540 27014 0 0 0 standing 
7 542 448 579 538 27015 0 0 1 standing 
7 544 447 580 537 27016 0 0 1 standing 
7 547 445 581 535 27017 0 0 1 standing 
7 549 444 581 534 27018 0 0 1 standing 
7 551 442 582 532 27019 0 0 1 standing 
7 554 441 583 531 27020 0 0 0 standing 
7 557 441 587 532 27021 0 0 1 standing 
7 560 442 591 533 27022 0 0 1 standing 
7 563 442 595 534 27023 0 0 1 standing 
7 567 443 599 536 27024 0 0 1 standing 
7 570 443 604 537 27025 0 0 1 standing 
7 573 444 608 538 27026 0 0 1 standing 
7 577 444 612 540 27027 0 0 1 standing 
7 580 445 616 541 27028 0 0 1 standing 
7 583 445 620 542 27029 0 0 1 standing 
8 422 444 477 540 27010 0 0 0 standing 
8 422 443 474 539 27011 0 0 1 standing 
8 422 442 472 539 27012 0 0 1 standing 
8 422 441 470 538 27013 0 0 1 standing 
8 422 441 468 538 27014 0 0 0 standing 
8 420 440 467 537 27015 0 0 1 standing 
8 419 440 466 537 27016 0 0 1 standing 
8 417 440 465 536 27017 0 0 1 standing 
8 416 440 464 536 27018 0 0 1 standing 
8 414 440 463 535 27019 0 0 1 standing 
8 413 440 463 535 27020 0 0 0 standing 
8 412 440 461 535 27021 0 0 1 standing 
8 411 440 459 535 27022 0 0 1 standing 
8 410 440 457 535 27023 0 0 1 standing 
8 410 440 455 535 27024 0 0 1 standing 
8 409 440 454 535 27025 0 0 1 standing 
8 408 440 452 535 27026 0 0 1 standing 
8 408 440 450 535 27027 0 0 1 standing 
8 407 440 448 535 27028 0 0 1 standing 
8 406 440 446 535 27029 0 0 1 standing 
9 421 422 460 518 27010 0 0 0 standing 
9 419 420 458 516 27011 0 0 1 standing 
9 417 419 456 514 27012 0 0 1 standing 
9 415 417 455 512 27013 0 0 1 standing 
9 413 416 453 511 27014 0 0 1 standing 
9 412 415 452 509 27015 0 0 1 standing 
9 410 413 450 507 27016 0 0 1 standing 
9 408 412 448 506 27017 0 0 1 standing 
9 406 410 447 504 27018 0 0 1 standing 
9 404 409 445 502 27019 0 0 1 standing 
9 403 408 444 501 27020 0 0 0 standing 
9 404 407 444 500 27021 0 0 1 standing 
9 405 407 444 500 27022 0 0 1 standing 
9 406 407 444 500 27023 0 0 1 standing 
9 407 407 444 499 27024 0 0 1 standing 
9 408 407 444 499 27025 0 0 1 standing 
9 409 407 444 499 27026 0 0 1 standing 
9 410 407 444 498 27027 0 0 1 standing 
9 411 407 444 498 27028 0 0 1 standing 
9 412 407 444 498 27029 0 0 1 standing 
10 487 411 560 501 27010 0 0 0 standing 
10 498 410 562 500 27011 0 0 1 standing 
10 510 409 564 499 27012 0 0 1 standing 
10 521 408 566 498 27013 0 0 1 standing 
10 533 408 569 497 27014 0 0 0 standing 
10 536 407 571 496 27015 0 0 1 standing 
10 540 407 574 496 27016 0 0 1 standing 
10 543 407 576 496 27017 0 0 1 standing 
10 547 407 579 496 27018 0 0 1 standing 
10 550 407 581 496 27019 0 0 1 standing 
10 554 407 584 496 27020 0 0 0 standing 
10 558 407 587 497 27021 0 0 1 standing 
10 562 408 591 499 27022 0 0 1 standing 
10 566 408 595 501 27023 0 0 1 standing 
10 570 409 599 503 27024 0 0 1 standing 
10 574 409 603 505 27025 0 0 1 standing 
10 578 410 606 506 27026 0 0 1 standing 
10 582 410 610 508 27027 0 0 1 standing 
10 586 411 614 510 27028 0 0 1 standing 
10 590 411 618 512 27029 0 0 1 standing 
11 94 426 143 500 27010 0 0 0 standing 
11 100 426 148 501 27011 0 0 1 moving 
11 106 426 153 503 27012 0 0 1 moving 
11 112 427 158 504 27013 0 0 1 moving 
11 118 427 163 506 27014 0 0 1 moving 
11 124 428 168 507 27015 0 0 1 moving 
11 130 428 173 509 27016 0 0 1 moving 
11 136 428 178 510 27017 0 0 1 moving 
11 142 429 183 512 27018 0 0 1 moving 
11 148 429 188 513 27019 0 0 1 moving 
11 154 430 194 515 27020 0 0 0 moving 
11 161 431 201 515 27021 0 0 1 moving 
11 169 433 208 516 27022 0 0 1 moving 
11 177 435 215 517 27023 0 0 1 moving 
11 184 436 222 518 27024 0 0 1 moving 
11 192 438 229 519 27025 0 0 1 moving 
11 200 440 237 520 27026 0 0 0 moving 
11 206 440 244 524 27027 0 0 1 moving 
11 212 440 251 528 27028 0 0 1 moving 
11 218 440 258 532 27029 0 0 1 moving 
