0 803 482 856 565 12510 0 1 0 falling 
0 797 483 857 564 12511 0 1 1 falling 
0 792 485 859 564 12512 0 1 1 falling 
0 787 486 860 564 12513 0 1 1 falling 
0 782 488 862 564 12514 0 1 0 falling 
0 776 489 858 564 12515 0 1 1 falling 
0 771 491 855 564 12516 0 1 1 falling 
0 766 493 852 564 12517 0 1 1 falling 
0 761 494 849 564 12518 0 1 1 falling 
0 756 496 846 564 12519 0 1 1 falling 
0 751 498 843 564 12520 0 1 0 falling 
0 746 498 838 564 12521 0 1 1 falling 
0 741 498 833 564 12522 0 1 1 falling 
0 736 498 828 564 12523 0 1 1 falling 
0 731 499 823 565 12524 0 1 1 falling 
0 726 499 818 565 12525 0 1 1 falling 
0 721 499 813 565 12526 0 1 1 falling 
0 716 500 808 566 12527 0 1 1 falling 
0 711 500 803 566 12528 0 1 1 falling 
0 706 500 798 566 12529 0 1 1 falling 
1 953 434 984 534 12510 0 0 0 falling 
1 952 433 984 533 12511 0 0 1 standing 
1 951 433 984 532 12512 0 0 1 standing 
1 950 432 984 531 12513 0 0 1 standing 
1 950 432 984 530 12514 0 0 1 standing 
1 949 432 984 529 12515 0 0 1 standing 
1 948 431 984 528 12516 0 0 1 standing 
1 948 431 984 527 12517 0 0 1 standing 
1 947 430 984 526 12518 0 0 1 standing 
1 946 430 984 525 12519 0 0 1 standing 
1 946 430 985 525 12520 0 0 0 standing 
1 944 430 984 525 12521 0 0 1 standing 
1 942 430 983 525 12522 0 0 1 standing 
1 940 430 983 525 12523 0 0 1 standing 
1 938 430 982 526 12524 0 0 1 standing 
1 936 430 982 526 12525 0 0 1 standing 
1 934 430 981 526 12526 0 0 1 standing 
1 932 430 980 527 12527 0 0 1 standing 
1 930 430 980 527 12528 0 0 1 standing 
1 928 430 979 527 12529 0 0 1 standing 
2 698 493 746 588 12510 0 0 0 standing 
2 699 493 746 589 12511 0 0 1 standing 
2 700 494 747 590 12512 0 0 1 standing 
2 701 494 748 591 12513 0 0 1 standing 
2 702 495 749 592 12514 0 0 1 standing 
2 703 496 750 593 12515 0 0 1 standing 
2 704 496 751 594 12516 0 0 1 standing 
2 705 497 752 595 12517 0 0 1 standing 
2 706 497 753 596 12518 0 0 1 standing 
2 707 498 754 597 12519 0 0 1 standing 
2 708 499 755 599 12520 0 0 0 standing 
2 708 499 756 599 12521 0 0 1 standing 
2 708 499 757 600 12522 0 0 1 standing 
2 708 499 759 600 12523 0 0 1 standing 
2 708 499 760 601 12524 0 0 1 standing 
2 709 499 762 602 12525 0 0 1 standing 
2 709 499 763 602 12526 0 0 1 standing 
2 709 499 764 603 12527 0 0 1 standing 
2 709 499 766 603 12528 0 0 1 standing 
2 709 499 767 604 12529 0 0 1 standing 
3 771 441 837 505 12510 0 0 0 standing 
3 771 442 834 507 12511 0 0 1 standing 
3 772 443 831 510 12512 0 0 1 standing 
3 772 445 828 512 12513 0 0 1 standing 
3 773 446 825 515 12514 0 0 1 standing 
3 774 448 823 518 12515 0 0 0 standing 
3 773 447 821 518 12516 0 0 1 standing 
3 772 446 819 519 12517 0 0 1 standing 
3 772 446 817 519 12518 0 0 1 standing 
3 771 445 816 520 12519 0 0 1 standing 
3 771 445 814 520 12520 0 0 1 standing 
3 770 444 812 521 12521 0 0 1 standing 
3 770 444 811 522 12522 0 0 0 standing 
3 769 442 810 521 12523 0 0 1 standing 
3 768 441 809 521 12524 0 0 1 standing 
3 768 440 808 521 12525 0 0 1 standing 
3 767 439 807 521 12526 0 0 1 standing 
3 766 438 806 521 12527 0 0 1 standing 
3 766 437 805 521 12528 0 0 1 standing 
3 765 436 804 521 12529 0 0 1 standing 
4 682 453 723 557 12510 0 0 0 standing 
4 683 453 725 558 12511 0 0 1 standing 
4 685 454 728 559 12512 0 0 1 standing 
4 687 455 730 560 12513 0 0 1 standing 
4 689 456 733 561 12514 0 0 1 standing 
4 691 457 736 563 12515 0 0 0 standing 
4 692 458 740 564 12516 0 0 1 standing 
4 694 459 744 566 12517 0 0 1 standing 
4 696 460 748 567 12518 0 0 1 standing 
4 698 461 752 569 12519 0 0 1 standing 
4 700 462 757 571 12520 0 0 0 standing 
4 705 462 760 571 12521 0 0 1 standing 
4 710 462 764 571 12522 0 0 1 standing 
4 715 463 768 572 12523 0 0 1 standing 
4 720 463 771 572 12524 0 0 1 standing 
4 725 464 775 573 12525 0 0 1 standing 
4 730 464 779 573 12526 0 0 1 standing 
4 735 464 782 573 12527 0 0 1 standing 
4 740 465 786 574 12528 0 0 1 standing 
4 745 465 790 574 12529 0 0 1 standing 
5 694 438 744 502 12510 0 0 0 standing 
5 693 439 742 502 12511 0 0 1 standing 
5 692 440 740 502 12512 0 0 1 standing 
5 691 441 738 503 12513 0 0 1 standing 
5 690 442 736 503 12514 0 0 1 standing 
5 689 444 734 504 12515 0 0 1 standing 
5 688 445 732 504 12516 0 0 1 standing 
5 687 446 730 504 12517 0 0 1 standing 
5 686 447 728 505 12518 0 0 1 standing 
5 685 448 726 505 12519 0 0 1 standing 
5 685 450 724 506 12520 0 0 0 standing 
5 684 448 724 506 12521 0 0 1 standing 
5 683 446 724 506 12522 0 0 1 standing 
5 682 444 725 506 12523 0 0 1 standing 
5 682 442 725 506 12524 0 0 1 standing 
5 681 440 726 507 12525 0 0 1 standing 
5 680 438 726 507 12526 0 0 1 standing 
5 680 436 726 507 12527 0 0 1 standing 
5 679 434 727 507 12528 0 0 1 standing 
5 678 432 727 507 12529 0 0 1 standing 
6 608 465 650 581 12510 0 0 0 standing 
6 608 464 650 580 12511 0 0 1 standing 
6 608 464 650 580 12512 0 0 1 standing 
6 608 463 650 579 12513 0 0 1 standing 
6 608 463 650 579 12514 0 0 1 standing 
6 608 462 650 578 12515 0 0 1 standing 
6 608 462 650 578 12516 0 0 1 standing 
6 608 461 650 577 12517 0 0 1 standing 
6 608 461 650 577 12518 0 0 1 standing 
6 608 460 650 576 12519 0 0 1 standing 
6 609 460 651 576 12520 0 0 0 standing 
6 608 459 650 575 12521 0 0 1 standing 
6 608 459 650 575 12522 0 0 1 standing 
6 608 459 650 574 12523 0 0 1 standing 
6 608 459 649 574 12524 0 0 1 standing 
6 608 459 649 573 12525 0 0 1 standing 
6 607 458 649 573 12526 0 0 1 standing 
6 607 458 648 572 12527 0 0 1 standing 
6 607 458 648 572 12528 0 0 1 standing 
6 607 458 648 571 12529 0 0 1 standing 
7 274 416 319 497 12510 0 0 0 standing 
7 273 415 317 496 12511 0 0 1 standing 
7 273 415 316 495 12512 0 0 1 standing 
7 273 414 314 495 12513 0 0 1 standing 
7 273 414 313 494 12514 0 0 1 standing 
7 273 414 311 494 12515 0 0 1 standing 
7 273 413 310 493 12516 0 0 1 standing 
7 273 413 308 492 12517 0 0 1 standing 
7 273 412 307 492 12518 0 0 1 standing 
7 273 412 305 491 12519 0 0 1 standing 
7 273 412 304 491 12520 0 0 0 standing 
7 274 412 304 492 12521 0 0 1 standing 
7 275 412 305 494 12522 0 0 1 standing 
7 276 412 306 495 12523 0 0 1 standing 
7 277 413 307 497 12524 0 0 1 standing 
7 278 413 308 498 12525 0 0 1 standing 
7 279 413 309 500 12526 0 0 1 standing 
7 280 414 310 501 12527 0 0 1 standing 
7 281 414 311 503 12528 0 0 1 standing 
7 282 414 312 504 12529 0 0 1 standing 
8 523 498 577 620 12510 0 0 0 standing 
8 525 497 578 620 12511 0 0 1 standing 
8 527 497 579 620 12512 0 0 1 standing 
8 530 496 580 621 12513 0 0 1 standing 
8 532 496 581 621 12514 0 0 1 standing 
8 535 496 583 622 12515 0 0 0 standing 
8 537 495 584 618 12516 0 0 1 standing 
8 539 494 586 615 12517 0 0 1 standing 
8 541 493 588 612 12518 0 0 1 standing 
8 543 492 590 609 12519 0 0 1 standing 
8 545 491 592 606 12520 0 0 1 standing 
8 547 490 594 603 12521 0 0 1 standing 
8 549 490 596 600 12522 0 0 0 standing 
8 549 490 599 600 12523 0 0 1 standing 
8 550 490 602 600 12524 0 0 1 standing 
8 550 490 605 600 12525 0 0 1 standing 
8 551 490 608 600 12526 0 0 1 standing 
8 552 490 611 600 12527 0 0 1 standing 
8 552 490 614 600 12528 0 0 1 standing 
8 553 490 617 600 12529 0 0 1 standing 
9 404 388 443 481 12510 0 0 0 standing 
9 406 389 447 482 12511 0 0 1 standing 
9 409 390 452 483 12512 0 0 1 standing 
9 412 391 456 484 12513 0 0 1 standing 
9 415 392 461 485 12514 0 0 1 standing 
9 418 394 466 486 12515 0 0 0 standing 
9 420 394 470 486 12516 0 0 1 standing 
9 422 395 474 486 12517 0 0 1 standing 
9 425 395 478 487 12518 0 0 1 standing 
9 427 396 482 487 12519 0 0 1 standing 
9 430 397 486 488 12520 0 0 0 standing 
9 433 397 489 488 12521 0 0 1 standing 
9 437 398 493 489 12522 0 0 1 standing 
9 441 399 497 490 12523 0 0 1 standing 
9 444 400 501 491 12524 0 0 1 standing 
9 448 401 505 492 12525 0 0 1 standing 
9 452 402 509 493 12526 0 0 1 standing 
9 455 403 513 494 12527 0 0 1 standing 
9 459 404 517 495 12528 0 0 1 standing 
9 463 405 521 496 12529 0 0 1 standing 
10 510 461 556 559 12510 0 0 0 standing 
10 510 460 555 557 12511 0 0 1 standing 
10 510 459 554 556 12512 0 0 1 standing 
10 510 458 554 555 12513 0 0 1 standing 
10 510 457 553 554 12514 0 0 1 standing 
10 510 456 553 553 12515 0 0 0 standing 
10 510 456 552 553 12516 0 0 1 standing 
10 510 457 551 554 12517 0 0 1 standing 
10 510 458 551 555 12518 0 0 1 standing 
10 510 459 550 556 12519 0 0 1 standing 
10 510 460 550 557 12520 0 0 0 standing 
10 509 460 550 556 12521 0 0 1 standing 
10 509 460 551 556 12522 0 0 1 standing 
10 509 460 551 556 12523 0 0 1 standing 
10 509 460 552 556 12524 0 0 1 standing 
10 509 460 552 556 12525 0 0 1 standing 
10 509 460 553 556 12526 0 0 1 standing 
10 509 460 553 556 12527 0 0 1 standing 
10 509 460 554 556 12528 0 0 1 standing 
10 509 460 554 556 12529 0 0 1 standing 
11 609 423 639 540 12510 0 0 0 standing 
11 608 422 638 541 12511 0 0 1 blocking 
11 608 421 638 543 12512 0 0 1 blocking 
11 608 420 638 544 12513 0 0 1 blocking 
11 608 419 638 546 12514 0 0 1 blocking 
11 608 419 638 547 12515 0 0 1 blocking 
11 608 418 637 549 12516 0 0 1 blocking 
11 608 417 637 550 12517 0 0 1 blocking 
11 608 416 637 552 12518 0 0 1 blocking 
11 608 415 637 553 12519 0 0 1 blocking 
11 608 415 637 555 12520 0 0 0 blocking 
11 606 414 636 551 12521 0 0 1 blocking 
11 604 413 636 548 12522 0 0 1 blocking 
11 602 412 635 545 12523 0 0 1 blocking 
11 601 412 635 542 12524 0 0 1 blocking 
11 599 411 634 539 12525 0 0 1 blocking 
11 597 410 634 536 12526 0 0 1 blocking 
11 596 410 633 533 12527 0 0 1 blocking 
11 594 409 633 530 12528 0 0 1 blocking 
11 592 408 632 527 12529 0 0 1 blocking 
