0 591 380 643 482 21985 0 1 0 setting 
0 594 373 646 479 21986 0 1 1 setting 
0 598 366 650 476 21987 0 1 1 setting 
0 602 359 654 474 21988 0 1 1 setting 
0 606 353 657 471 21989 0 1 1 setting 
0 610 346 661 469 21990 0 1 1 setting 
0 614 339 665 466 21991 0 1 1 setting 
0 618 333 669 464 21992 0 1 0 setting 
0 621 333 672 465 21993 0 1 1 setting 
0 625 333 676 467 21994 0 1 1 setting 
0 629 334 680 469 21995 0 1 0 setting 
0 633 338 684 471 21996 0 1 1 setting 
0 638 342 689 473 21997 0 1 1 setting 
0 642 346 693 475 21998 0 1 1 setting 
0 647 351 698 477 21999 0 1 1 setting 
0 652 355 703 479 22000 0 1 1 setting 
0 656 359 707 481 22001 0 1 1 setting 
0 661 364 712 483 22002 0 1 1 setting 
0 665 368 716 485 22003 0 1 1 setting 
0 670 372 721 487 22004 0 1 1 setting 
1 709 393 803 505 21985 0 1 0 setting 
1 707 389 797 507 21986 0 1 1 standing 
1 706 386 791 509 21987 0 1 1 standing 
1 705 383 786 511 21988 0 1 1 standing 
1 703 380 780 513 21989 0 1 1 standing 
1 702 377 775 515 21990 0 1 1 standing 
1 701 374 769 517 21991 0 1 1 standing 
1 699 371 763 519 21992 0 1 1 standing 
1 698 368 758 521 21993 0 1 1 standing 
1 697 365 752 523 21994 0 1 1 standing 
1 696 362 747 525 21995 0 1 0 standing 
1 693 361 749 515 21996 0 1 1 standing 
1 691 360 752 506 21997 0 1 1 standing 
1 689 359 754 496 21998 0 1 1 standing 
1 686 358 757 487 21999 0 1 1 standing 
1 684 357 759 477 22000 0 1 1 standing 
1 682 357 762 468 22001 0 1 0 standing 
1 687 356 760 470 22002 0 1 1 standing 
1 693 355 759 472 22003 0 1 1 standing 
1 699 354 757 474 22004 0 1 1 standing 
2 980 403 1079 451 21985 0 0 0 standing 
2 983 400 1078 451 21986 0 0 1 falling 
2 987 397 1078 451 21987 0 0 1 falling 
2 991 395 1078 452 21988 0 0 0 falling 
2 994 395 1078 453 21989 0 0 1 falling 
2 997 395 1078 454 21990 0 0 1 falling 
2 1001 395 1079 455 21991 0 0 0 falling 
2 1001 393 1079 456 21992 0 0 1 falling 
2 1002 391 1080 457 21993 0 0 1 falling 
2 1003 389 1081 458 21994 0 0 0 falling 
2 1007 388 1083 457 21995 0 0 1 falling 
2 1011 388 1085 456 21996 0 0 1 falling 
2 1015 388 1087 456 21997 0 0 0 falling 
2 1016 388 1088 456 21998 0 0 1 falling 
2 1017 389 1089 457 21999 0 0 1 falling 
2 1018 390 1090 458 22000 0 0 0 falling 
2 1024 390 1095 458 22001 0 0 1 falling 
2 1030 390 1100 458 22002 0 0 1 falling 
2 1036 390 1105 458 22003 0 0 1 falling 
2 1042 390 1110 458 22004 0 0 1 falling 
3 877 480 953 608 21985 0 0 0 falling 
3 868 483 950 611 21986 0 0 1 moving 
3 859 486 948 614 21987 0 0 1 moving 
3 851 490 946 617 21988 0 0 0 moving 
3 843 490 938 620 21989 0 0 1 moving 
3 835 490 930 623 21990 0 0 1 moving 
3 827 490 922 626 21991 0 0 0 moving 
3 824 493 910 627 21992 0 0 1 moving 
3 822 496 898 628 21993 0 0 1 moving 
3 820 500 887 630 21994 0 0 0 moving 
3 801 500 885 629 21995 0 0 1 moving 
3 782 500 883 628 21996 0 0 1 moving 
3 763 500 881 628 21997 0 0 0 moving 
3 759 500 867 627 21998 0 0 1 moving 
3 755 500 854 627 21999 0 0 1 moving 
3 752 500 841 627 22000 0 0 0 moving 
3 748 499 833 626 22001 0 0 1 moving 
3 744 498 826 626 22002 0 0 1 moving 
3 740 498 819 626 22003 0 0 1 moving 
3 736 497 812 626 22004 0 0 1 moving 
4 863 397 921 504 21985 0 0 0 moving 
4 866 396 918 503 21986 0 0 1 standing 
4 870 396 915 503 21987 0 0 1 standing 
4 874 396 913 503 21988 0 0 0 standing 
4 870 396 913 503 21989 0 0 1 standing 
4 867 397 913 504 21990 0 0 1 standing 
4 864 398 913 505 21991 0 0 1 standing 
4 861 399 913 505 21992 0 0 1 standing 
4 858 400 913 506 21993 0 0 1 standing 
4 855 401 913 507 21994 0 0 0 standing 
4 856 400 913 506 21995 0 0 1 standing 
4 857 400 913 505 21996 0 0 1 standing 
4 858 400 913 505 21997 0 0 0 standing 
4 861 401 912 505 21998 0 0 1 standing 
4 865 403 911 506 21999 0 0 1 standing 
4 869 405 910 507 22000 0 0 0 standing 
4 873 402 913 505 22001 0 0 1 standing 
4 877 399 917 504 22002 0 0 1 standing 
4 881 396 920 502 22003 0 0 1 standing 
4 885 393 924 501 22004 0 0 1 standing 
5 687 310 732 388 21985 0 0 0 standing 
5 684 313 729 391 21986 0 0 1 moving 
5 681 317 726 395 21987 0 0 1 moving 
5 679 321 724 399 21988 0 0 0 moving 
5 680 322 726 400 21989 0 0 1 moving 
5 682 323 728 401 21990 0 0 1 moving 
5 684 325 731 403 21991 0 0 0 moving 
5 678 325 728 405 21992 0 0 1 moving 
5 672 326 725 407 21993 0 0 1 moving 
5 667 327 723 410 21994 0 0 0 moving 
5 670 329 726 412 21995 0 0 1 moving 
5 673 331 729 414 21996 0 0 1 moving 
5 676 334 732 417 21997 0 0 0 moving 
5 679 334 731 417 21998 0 0 1 moving 
5 682 334 731 417 21999 0 0 1 moving 
5 685 335 731 417 22000 0 0 0 moving 
5 689 334 733 419 22001 0 0 1 moving 
5 694 333 736 422 22002 0 0 1 moving 
5 698 333 738 424 22003 0 0 1 moving 
5 703 332 741 427 22004 0 0 1 moving 
6 199 503 290 603 21985 0 0 0 moving 
6 203 502 294 602 21986 0 0 1 waiting 
6 207 502 298 601 21987 0 0 1 waiting 
6 212 502 303 601 21988 0 0 0 waiting 
6 216 501 307 600 21989 0 0 1 waiting 
6 220 500 311 599 21990 0 0 1 waiting 
6 224 500 315 599 21991 0 0 0 waiting 
6 226 499 316 598 21992 0 0 1 waiting 
6 228 499 318 598 21993 0 0 1 waiting 
6 231 499 320 598 21994 0 0 0 waiting 
6 233 496 323 598 21995 0 0 1 waiting 
6 236 493 326 598 21996 0 0 1 waiting 
6 239 491 330 598 21997 0 0 0 waiting 
6 243 490 334 597 21998 0 0 1 waiting 
6 247 490 338 596 21999 0 0 1 waiting 
6 252 490 343 596 22000 0 0 0 waiting 
6 258 488 348 594 22001 0 0 1 waiting 
6 265 486 354 593 22002 0 0 1 waiting 
6 272 484 359 591 22003 0 0 1 waiting 
6 279 482 365 590 22004 0 0 1 waiting 
7 152 422 202 531 21985 0 0 0 waiting 
7 154 422 204 531 21986 0 0 1 waiting 
7 157 422 207 531 21987 0 0 1 waiting 
7 160 423 210 532 21988 0 0 0 waiting 
7 161 423 212 533 21989 0 0 1 waiting 
7 162 424 214 534 21990 0 0 1 waiting 
7 164 425 216 536 21991 0 0 0 waiting 
7 164 425 218 538 21992 0 0 1 waiting 
7 164 425 220 540 21993 0 0 1 waiting 
7 164 425 222 542 21994 0 0 0 waiting 
7 167 423 225 540 21995 0 0 1 waiting 
7 170 421 228 538 21996 0 0 1 waiting 
7 173 420 231 537 21997 0 0 0 waiting 
7 178 421 234 536 21998 0 0 1 waiting 
7 183 423 237 535 21999 0 0 1 waiting 
7 189 425 240 534 22000 0 0 0 waiting 
7 194 426 247 534 22001 0 0 1 waiting 
7 200 427 254 535 22002 0 0 1 waiting 
7 205 428 261 536 22003 0 0 1 waiting 
7 211 429 268 537 22004 0 0 1 waiting 
8 245 352 305 462 21985 0 0 0 waiting 
8 248 352 312 461 21986 0 0 1 standing 
8 251 352 319 461 21987 0 0 1 standing 
8 255 352 326 461 21988 0 0 0 standing 
8 260 352 330 460 21989 0 0 1 standing 
8 265 352 334 459 21990 0 0 1 standing 
8 270 352 338 459 21991 0 0 0 standing 
8 279 353 341 461 21992 0 0 1 standing 
8 288 354 344 463 21993 0 0 1 standing 
8 297 355 347 466 21994 0 0 0 standing 
8 305 355 352 465 21995 0 0 1 standing 
8 314 355 358 464 21996 0 0 1 standing 
8 323 355 364 464 21997 0 0 0 standing 
8 331 356 372 465 21998 0 0 1 standing 
8 339 357 380 466 21999 0 0 1 standing 
8 347 358 388 467 22000 0 0 0 standing 
8 356 357 398 466 22001 0 0 1 standing 
8 365 357 409 465 22002 0 0 1 standing 
8 375 356 419 464 22003 0 0 1 standing 
8 384 356 430 463 22004 0 0 1 standing 
9 534 455 587 586 21985 0 0 0 standing 
9 539 457 591 587 21986 0 0 1 standing 
9 544 459 595 589 21987 0 0 1 standing 
9 549 461 600 591 21988 0 0 0 standing 
9 552 462 602 595 21989 0 0 1 standing 
9 555 463 605 599 21990 0 0 1 standing 
9 559 465 608 603 21991 0 0 0 standing 
9 562 466 610 602 21992 0 0 1 standing 
9 565 468 613 601 21993 0 0 1 standing 
9 568 470 616 600 21994 0 0 0 standing 
9 570 474 621 600 21995 0 0 1 standing 
9 572 478 626 600 21996 0 0 1 standing 
9 575 482 632 601 21997 0 0 0 standing 
9 579 484 637 600 21998 0 0 1 standing 
9 584 487 643 600 21999 0 0 1 standing 
9 589 490 649 600 22000 0 0 0 standing 
9 595 489 654 599 22001 0 0 1 standing 
9 602 488 659 598 22002 0 0 1 standing 
9 609 488 664 597 22003 0 0 1 standing 
9 616 487 669 596 22004 0 0 1 standing 
10 540 413 583 511 21985 0 0 0 standing 
10 542 416 585 515 21986 0 0 1 standing 
10 544 419 588 519 21987 0 0 1 standing 
10 546 422 591 524 21988 0 0 0 standing 
10 549 424 595 525 21989 0 0 1 standing 
10 553 426 600 527 21990 0 0 1 standing 
10 557 428 605 529 21991 0 0 0 standing 
10 562 427 610 527 21992 0 0 1 standing 
10 567 426 615 525 21993 0 0 1 standing 
10 573 425 621 524 21994 0 0 0 standing 
10 577 415 625 524 21995 0 0 1 standing 
10 582 405 629 524 21996 0 0 1 standing 
10 587 395 634 525 21997 0 0 0 standing 
10 590 383 637 520 21998 0 0 1 standing 
10 594 372 640 515 21999 0 0 1 standing 
10 598 361 644 511 22000 0 0 0 standing 
10 606 360 651 508 22001 0 0 1 standing 
10 614 360 658 505 22002 0 0 1 standing 
10 622 360 665 502 22003 0 0 1 standing 
10 630 360 672 499 22004 0 0 1 standing 
11 543 370 582 475 21985 0 0 0 standing 
11 548 369 587 474 21986 0 0 1 standing 
11 553 368 592 473 21987 0 0 1 standing 
11 558 368 597 473 21988 0 0 0 standing 
11 561 368 600 473 21989 0 0 1 standing 
11 564 368 603 473 21990 0 0 1 standing 
11 568 368 607 473 21991 0 0 0 standing 
11 571 366 610 472 21992 0 0 1 standing 
11 574 365 613 471 21993 0 0 1 standing 
11 577 364 616 471 21994 0 0 0 standing 
11 580 363 619 471 21995 0 0 1 standing 
11 583 362 622 471 21996 0 0 1 standing 
11 586 362 625 471 21997 0 0 0 standing 
11 590 360 629 469 21998 0 0 1 standing 
11 595 358 634 467 21999 0 0 1 standing 
11 600 356 639 465 22000 0 0 0 standing 
11 605 354 644 463 22001 0 0 1 standing 
11 611 353 649 462 22002 0 0 1 standing 
11 616 351 655 460 22003 0 0 1 standing 
11 622 350 660 459 22004 0 0 1 standing 
