0 418 393 467 520 18605 0 0 0 standing 
0 424 393 473 521 18606 0 0 1 standing 
0 430 393 480 522 18607 0 0 1 standing 
0 436 394 487 524 18608 0 0 1 standing 
0 442 394 494 525 18609 0 0 1 standing 
0 449 395 501 527 18610 0 0 0 standing 
0 455 395 509 525 18611 0 0 1 standing 
0 462 395 517 523 18612 0 0 1 standing 
0 469 396 525 522 18613 0 0 1 standing 
0 476 396 533 520 18614 0 0 1 standing 
0 483 397 542 519 18615 0 0 0 standing 
0 488 397 547 518 18616 0 0 1 standing 
0 493 397 552 518 18617 0 0 1 standing 
0 498 397 557 518 18618 0 0 1 standing 
0 503 397 562 518 18619 0 0 1 standing 
0 508 397 567 518 18620 0 0 1 standing 
0 513 397 572 518 18621 0 0 1 standing 
0 519 398 578 518 18622 0 0 0 standing 
0 523 398 582 518 18623 0 0 1 standing 
0 527 398 586 518 18624 0 0 1 standing 
1 401 324 441 446 18605 0 1 0 standing 
1 406 321 446 446 18606 0 1 1 setting 
1 411 319 451 447 18607 0 1 1 setting 
1 416 317 456 447 18608 0 1 1 setting 
1 422 315 461 448 18609 0 1 1 setting 
1 427 313 466 448 18610 0 1 1 setting 
1 432 311 471 449 18611 0 1 1 setting 
1 437 309 476 449 18612 0 1 1 setting 
1 443 307 481 450 18613 0 1 1 setting 
1 448 305 486 450 18614 0 1 1 setting 
1 453 303 491 451 18615 0 1 1 setting 
1 459 301 496 452 18616 0 1 0 setting 
1 462 307 499 453 18617 0 1 1 setting 
1 465 313 503 454 18618 0 1 1 setting 
1 468 320 507 455 18619 0 1 0 setting 
1 471 321 511 456 18620 0 1 1 setting 
1 474 322 516 457 18621 0 1 1 setting 
1 478 323 521 459 18622 0 1 1 setting 
1 481 324 525 460 18623 0 1 1 setting 
1 484 325 530 461 18624 0 1 1 setting 
2 252 348 302 444 18605 0 0 0 setting 
2 253 347 304 443 18606 0 0 1 waiting 
2 254 346 307 443 18607 0 0 1 waiting 
2 256 345 309 442 18608 0 0 1 waiting 
2 257 344 312 442 18609 0 0 1 waiting 
2 259 343 314 441 18610 0 0 1 waiting 
2 260 342 317 441 18611 0 0 1 waiting 
2 262 341 319 440 18612 0 0 1 waiting 
2 263 340 322 440 18613 0 0 1 waiting 
2 265 339 324 439 18614 0 0 1 waiting 
2 266 338 327 439 18615 0 0 1 waiting 
2 268 337 330 439 18616 0 0 0 waiting 
2 267 337 327 439 18617 0 0 1 waiting 
2 267 338 325 439 18618 0 0 1 waiting 
2 267 339 323 439 18619 0 0 1 waiting 
2 267 339 320 439 18620 0 0 1 waiting 
2 267 340 318 439 18621 0 0 1 waiting 
2 267 341 316 439 18622 0 0 0 waiting 
2 263 340 315 438 18623 0 0 1 waiting 
2 259 340 314 437 18624 0 0 1 waiting 
3 287 287 347 387 18605 0 0 0 waiting 
3 290 285 348 385 18606 0 0 1 standing 
3 293 284 349 384 18607 0 0 1 standing 
3 296 283 350 382 18608 0 0 1 standing 
3 299 281 351 381 18609 0 0 1 standing 
3 302 280 352 380 18610 0 0 1 standing 
3 305 279 354 378 18611 0 0 1 standing 
3 308 278 355 377 18612 0 0 1 standing 
3 311 276 356 376 18613 0 0 1 standing 
3 314 275 357 374 18614 0 0 1 standing 
3 317 274 358 373 18615 0 0 1 standing 
3 320 273 360 372 18616 0 0 0 standing 
3 321 273 362 372 18617 0 0 1 standing 
3 322 273 364 372 18618 0 0 1 standing 
3 323 273 366 372 18619 0 0 1 standing 
3 324 273 368 372 18620 0 0 1 standing 
3 326 273 370 372 18621 0 0 1 standing 
3 327 273 372 372 18622 0 0 1 standing 
3 328 273 374 372 18623 0 0 1 standing 
3 329 273 376 372 18624 0 0 1 standing 
4 146 414 190 532 18605 0 0 0 standing 
4 143 415 190 534 18606 0 0 1 standing 
4 141 417 190 537 18607 0 0 1 standing 
4 139 418 190 539 18608 0 0 1 standing 
4 136 420 190 542 18609 0 0 1 standing 
4 134 422 190 544 18610 0 0 1 standing 
4 132 423 190 547 18611 0 0 1 standing 
4 129 425 190 549 18612 0 0 1 standing 
4 127 426 190 552 18613 0 0 1 standing 
4 125 428 190 554 18614 0 0 1 standing 
4 123 430 190 557 18615 0 0 0 standing 
4 123 431 191 558 18616 0 0 1 standing 
4 123 433 193 560 18617 0 0 1 standing 
4 123 434 194 562 18618 0 0 1 standing 
4 123 436 196 563 18619 0 0 1 standing 
4 123 437 197 565 18620 0 0 1 standing 
4 123 439 199 567 18621 0 0 1 standing 
4 124 441 201 569 18622 0 0 0 standing 
4 118 443 202 570 18623 0 0 1 standing 
4 113 445 203 571 18624 0 0 1 standing 
5 107 384 163 498 18605 0 0 0 standing 
5 109 383 167 497 18606 0 0 1 moving 
5 111 382 172 496 18607 0 0 1 moving 
5 113 381 176 495 18608 0 0 1 moving 
5 116 381 181 494 18609 0 0 1 moving 
5 118 380 186 493 18610 0 0 1 moving 
5 120 379 190 492 18611 0 0 1 moving 
5 122 378 195 491 18612 0 0 1 moving 
5 125 378 200 490 18613 0 0 1 moving 
5 127 377 204 489 18614 0 0 1 moving 
5 129 376 209 488 18615 0 0 1 moving 
5 132 376 214 487 18616 0 0 0 moving 
5 134 375 212 486 18617 0 0 1 moving 
5 136 374 210 485 18618 0 0 1 moving 
5 138 373 209 484 18619 0 0 1 moving 
5 140 372 207 483 18620 0 0 1 moving 
5 142 371 205 482 18621 0 0 1 moving 
5 144 371 204 481 18622 0 0 0 moving 
5 140 372 206 482 18623 0 0 1 moving 
5 136 373 208 483 18624 0 0 1 moving 
6 782 399 827 514 18605 0 0 0 moving 
6 785 400 830 515 18606 0 0 1 waiting 
6 789 401 834 516 18607 0 0 1 waiting 
6 793 402 838 517 18608 0 0 1 waiting 
6 797 403 842 518 18609 0 0 1 waiting 
6 801 404 846 519 18610 0 0 1 waiting 
6 805 405 850 520 18611 0 0 1 waiting 
6 809 406 854 521 18612 0 0 1 waiting 
6 813 407 858 522 18613 0 0 1 waiting 
6 817 408 862 523 18614 0 0 1 waiting 
6 821 409 866 524 18615 0 0 0 waiting 
6 823 409 868 524 18616 0 0 1 waiting 
6 825 410 871 524 18617 0 0 1 waiting 
6 827 411 874 524 18618 0 0 1 waiting 
6 829 411 876 524 18619 0 0 1 waiting 
6 832 412 879 524 18620 0 0 1 waiting 
6 834 413 882 524 18621 0 0 1 waiting 
6 836 413 884 524 18622 0 0 1 waiting 
6 838 414 887 524 18623 0 0 1 waiting 
6 840 415 890 524 18624 0 0 1 waiting 
7 851 331 903 443 18605 0 0 0 waiting 
7 852 331 907 443 18606 0 0 1 standing 
7 854 332 911 443 18607 0 0 1 standing 
7 855 333 916 443 18608 0 0 1 standing 
7 857 333 920 443 18609 0 0 1 standing 
7 858 334 924 443 18610 0 0 1 standing 
7 860 335 929 443 18611 0 0 0 standing 
7 864 335 930 443 18612 0 0 1 standing 
7 869 336 932 443 18613 0 0 1 standing 
7 873 336 934 443 18614 0 0 1 standing 
7 878 337 936 444 18615 0 0 0 standing 
7 882 337 938 445 18616 0 0 1 standing 
7 886 338 940 447 18617 0 0 1 standing 
7 890 339 942 449 18618 0 0 1 standing 
7 894 340 945 451 18619 0 0 1 standing 
7 899 341 947 453 18620 0 0 1 standing 
7 903 341 949 454 18621 0 0 1 standing 
7 907 342 952 456 18622 0 0 1 standing 
7 911 343 954 458 18623 0 0 1 standing 
7 915 344 956 460 18624 0 0 1 standing 
8 737 313 804 409 18605 0 0 0 standing 
8 743 312 809 409 18606 0 0 1 standing 
8 749 312 815 409 18607 0 0 1 standing 
8 755 311 821 409 18608 0 0 1 standing 
8 761 311 827 409 18609 0 0 1 standing 
8 767 310 833 409 18610 0 0 1 standing 
8 773 310 839 409 18611 0 0 1 standing 
8 780 310 845 409 18612 0 0 0 standing 
8 785 310 851 409 18613 0 0 1 standing 
8 790 310 857 410 18614 0 0 1 standing 
8 795 311 863 411 18615 0 0 0 standing 
8 799 311 867 411 18616 0 0 1 standing 
8 803 312 871 412 18617 0 0 1 standing 
8 808 312 876 412 18618 0 0 1 standing 
8 812 313 880 413 18619 0 0 1 standing 
8 817 313 885 413 18620 0 0 1 standing 
8 821 314 889 414 18621 0 0 1 standing 
8 825 314 893 414 18622 0 0 1 standing 
8 830 315 898 415 18623 0 0 1 standing 
8 834 315 902 415 18624 0 0 1 standing 
9 525 356 563 478 18605 0 0 0 standing 
9 530 356 568 479 18606 0 0 1 standing 
9 536 356 574 480 18607 0 0 1 standing 
9 542 357 579 481 18608 0 0 1 standing 
9 547 357 585 482 18609 0 0 1 standing 
9 553 358 591 484 18610 0 0 1 standing 
9 559 358 596 485 18611 0 0 1 standing 
9 564 358 602 486 18612 0 0 1 standing 
9 570 359 607 487 18613 0 0 1 standing 
9 576 359 613 488 18614 0 0 1 standing 
9 582 360 619 490 18615 0 0 0 standing 
9 585 360 622 490 18616 0 0 1 standing 
9 589 361 626 491 18617 0 0 1 standing 
9 593 361 630 491 18618 0 0 1 standing 
9 596 362 634 492 18619 0 0 1 standing 
9 600 363 638 493 18620 0 0 1 standing 
9 604 363 641 493 18621 0 0 1 standing 
9 607 364 645 494 18622 0 0 1 standing 
9 611 364 649 494 18623 0 0 1 standing 
9 615 365 653 495 18624 0 0 1 standing 
10 542 305 599 392 18605 0 0 0 standing 
10 547 305 604 393 18606 0 0 1 standing 
10 553 305 610 395 18607 0 0 1 standing 
10 559 305 616 396 18608 0 0 1 standing 
10 565 305 621 398 18609 0 0 1 standing 
10 571 305 627 400 18610 0 0 1 standing 
10 576 305 633 401 18611 0 0 1 standing 
10 582 305 638 403 18612 0 0 1 standing 
10 588 305 644 404 18613 0 0 1 standing 
10 594 305 650 406 18614 0 0 1 standing 
10 600 305 656 408 18615 0 0 0 standing 
10 603 305 657 408 18616 0 0 1 standing 
10 606 305 658 408 18617 0 0 1 standing 
10 609 305 660 408 18618 0 0 1 standing 
10 613 306 661 408 18619 0 0 1 standing 
10 616 306 663 408 18620 0 0 1 standing 
10 619 306 664 408 18621 0 0 1 standing 
10 623 307 665 408 18622 0 0 1 standing 
10 626 307 667 408 18623 0 0 1 standing 
10 629 307 668 408 18624 0 0 1 standing 
11 507 315 538 433 18605 0 0 0 standing 
11 512 316 543 433 18606 0 0 1 standing 
11 517 318 548 434 18607 0 0 1 standing 
11 523 319 553 434 18608 0 0 1 standing 
11 528 321 559 435 18609 0 0 1 standing 
11 534 322 564 436 18610 0 0 1 standing 
11 539 324 569 436 18611 0 0 1 standing 
11 544 325 575 437 18612 0 0 1 standing 
11 550 327 580 437 18613 0 0 1 standing 
11 555 328 585 438 18614 0 0 1 standing 
11 561 330 591 439 18615 0 0 0 standing 
11 565 330 595 441 18616 0 0 1 standing 
11 569 330 599 443 18617 0 0 1 standing 
11 574 330 603 445 18618 0 0 1 standing 
11 578 330 608 447 18619 0 0 1 standing 
11 583 330 612 449 18620 0 0 1 standing 
11 587 330 616 451 18621 0 0 1 standing 
11 591 330 621 453 18622 0 0 1 standing 
11 596 330 625 455 18623 0 0 1 standing 
11 600 330 629 457 18624 0 0 1 standing 
