0 311 422 352 511 9815 0 0 0 waiting 
0 311 423 356 511 9816 0 0 1 waiting 
0 311 424 360 511 9817 0 0 1 waiting 
0 311 425 364 511 9818 0 0 1 waiting 
0 311 427 369 511 9819 0 0 0 waiting 
0 311 427 367 511 9820 0 0 1 waiting 
0 311 428 366 512 9821 0 0 1 waiting 
0 311 428 365 512 9822 0 0 1 waiting 
0 311 429 364 513 9823 0 0 0 waiting 
0 310 428 363 512 9824 0 0 1 waiting 
0 310 428 362 511 9825 0 0 1 waiting 
0 309 427 361 510 9826 0 0 1 waiting 
0 309 427 360 510 9827 0 0 0 waiting 
0 306 425 356 510 9828 0 0 1 waiting 
0 303 423 353 510 9829 0 0 1 waiting 
0 300 421 349 510 9830 0 0 1 waiting 
0 297 420 346 511 9831 0 0 0 waiting 
0 294 418 339 511 9832 0 0 1 waiting 
0 291 417 332 512 9833 0 0 1 waiting 
0 288 415 325 513 9834 0 0 1 waiting 
1 404 401 442 470 9815 0 0 1 waiting 
1 408 405 446 472 9816 0 0 0 standing 
1 409 404 445 471 9817 0 0 1 standing 
1 411 403 445 470 9818 0 0 1 standing 
1 412 402 445 469 9819 0 0 1 standing 
1 414 401 445 468 9820 0 0 1 standing 
1 416 401 445 468 9821 0 0 0 standing 
1 414 399 444 467 9822 0 0 1 standing 
1 412 397 443 467 9823 0 0 1 standing 
1 410 395 443 466 9824 0 0 1 standing 
1 408 393 442 466 9825 0 0 1 standing 
1 407 391 442 466 9826 0 0 0 standing 
1 404 390 439 465 9827 0 0 1 standing 
1 401 389 436 464 9828 0 0 1 standing 
1 398 388 433 463 9829 0 0 1 standing 
1 395 387 430 462 9830 0 0 1 standing 
1 392 386 428 462 9831 0 0 1 standing 
1 389 385 425 461 9832 0 0 1 standing 
1 386 384 422 460 9833 0 0 1 standing 
1 383 383 419 459 9834 0 0 1 standing 
2 507 434 574 526 9815 0 0 0 standing 
2 507 434 572 525 9816 0 0 1 standing 
2 507 434 570 525 9817 0 0 1 standing 
2 507 434 568 525 9818 0 0 1 standing 
2 507 434 566 524 9819 0 0 1 standing 
2 507 434 564 524 9820 0 0 1 standing 
2 507 434 562 524 9821 0 0 1 standing 
2 507 434 561 524 9822 0 0 0 standing 
2 507 434 561 524 9823 0 0 1 standing 
2 507 434 561 524 9824 0 0 1 standing 
2 507 434 561 525 9825 0 0 0 standing 
2 507 433 561 526 9826 0 0 1 standing 
2 507 433 561 528 9827 0 0 1 standing 
2 508 433 562 530 9828 0 0 0 standing 
2 504 433 558 534 9829 0 0 1 standing 
2 500 433 555 538 9830 0 0 1 standing 
2 496 433 552 542 9831 0 0 0 standing 
2 492 433 549 540 9832 0 0 1 standing 
2 488 433 547 539 9833 0 0 1 standing 
2 484 433 544 538 9834 0 0 1 standing 
3 593 375 641 451 9815 0 0 0 standing 
3 587 375 636 450 9816 0 0 1 standing 
3 582 375 632 450 9817 0 0 1 standing 
3 577 375 628 449 9818 0 0 1 standing 
3 571 375 624 449 9819 0 0 1 standing 
3 566 375 620 449 9820 0 0 1 standing 
3 561 375 616 448 9821 0 0 1 standing 
3 555 375 612 448 9822 0 0 1 standing 
3 550 375 608 447 9823 0 0 1 standing 
3 545 375 604 447 9824 0 0 1 standing 
3 540 376 600 447 9825 0 0 0 standing 
3 536 376 595 447 9826 0 0 1 standing 
3 533 377 591 447 9827 0 0 1 standing 
3 529 377 586 448 9828 0 0 1 standing 
3 526 378 582 448 9829 0 0 1 standing 
3 523 379 577 448 9830 0 0 1 standing 
3 519 379 573 449 9831 0 0 1 standing 
3 516 380 568 449 9832 0 0 1 standing 
3 513 381 564 450 9833 0 0 0 standing 
3 509 380 561 452 9834 0 0 1 standing 
4 728 382 761 475 9815 0 0 0 standing 
4 728 382 759 475 9816 0 0 1 moving 
4 728 382 758 475 9817 0 0 1 moving 
4 728 383 757 475 9818 0 0 0 moving 
4 726 383 755 475 9819 0 0 1 moving 
4 725 383 754 475 9820 0 0 1 moving 
4 723 384 753 476 9821 0 0 1 moving 
4 722 384 752 476 9822 0 0 1 moving 
4 720 385 751 477 9823 0 0 1 moving 
4 719 385 750 477 9824 0 0 1 moving 
4 718 386 749 478 9825 0 0 0 moving 
4 712 386 746 478 9826 0 0 1 moving 
4 707 386 744 478 9827 0 0 1 moving 
4 702 386 742 478 9828 0 0 1 moving 
4 696 386 739 478 9829 0 0 1 moving 
4 691 386 737 478 9830 0 0 1 moving 
4 686 386 735 478 9831 0 0 1 moving 
4 681 387 733 478 9832 0 0 0 moving 
4 676 387 728 478 9833 0 0 1 moving 
4 671 388 723 479 9834 0 0 1 moving 
5 735 450 795 543 9815 0 0 0 moving 
5 736 449 794 541 9816 0 0 1 standing 
5 738 448 793 540 9817 0 0 1 standing 
5 740 447 792 539 9818 0 0 0 standing 
5 737 446 786 539 9819 0 0 1 standing 
5 734 445 781 539 9820 0 0 1 standing 
5 731 444 775 539 9821 0 0 1 standing 
5 729 444 770 539 9822 0 0 1 standing 
5 726 443 764 539 9823 0 0 1 standing 
5 723 442 759 539 9824 0 0 1 standing 
5 721 442 754 539 9825 0 0 0 standing 
5 715 441 749 538 9826 0 0 1 standing 
5 710 441 745 538 9827 0 0 1 standing 
5 705 441 741 538 9828 0 0 1 standing 
5 700 441 737 537 9829 0 0 1 standing 
5 695 441 733 537 9830 0 0 1 standing 
5 689 440 728 537 9831 0 0 1 standing 
5 684 440 724 536 9832 0 0 1 standing 
5 679 440 720 536 9833 0 0 1 standing 
5 674 440 716 536 9834 0 0 1 standing 
6 821 409 861 489 9815 0 0 0 standing 
6 822 408 862 488 9816 0 0 1 standing 
6 824 407 863 487 9817 0 0 1 standing 
6 826 407 865 486 9818 0 0 0 standing 
6 826 406 866 486 9819 0 0 1 standing 
6 826 405 867 486 9820 0 0 1 standing 
6 827 405 868 486 9821 0 0 1 standing 
6 827 404 869 486 9822 0 0 1 standing 
6 827 403 870 486 9823 0 0 1 standing 
6 828 403 872 487 9824 0 0 0 standing 
6 826 403 873 486 9825 0 0 1 standing 
6 825 403 875 485 9826 0 0 1 standing 
6 823 403 877 484 9827 0 0 1 standing 
6 822 403 879 483 9828 0 0 1 standing 
6 821 404 881 483 9829 0 0 0 standing 
6 821 403 878 482 9830 0 0 1 standing 
6 821 403 876 481 9831 0 0 1 standing 
6 822 403 874 480 9832 0 0 0 standing 
6 824 403 871 480 9833 0 0 1 standing 
6 826 403 869 480 9834 0 0 1 standing 
7 382 462 445 548 9815 0 1 0 standing 
7 385 462 444 547 9816 0 1 1 digging 
7 388 462 444 547 9817 0 1 1 digging 
7 391 463 443 546 9818 0 1 1 digging 
7 394 463 443 546 9819 0 1 1 digging 
7 397 464 443 546 9820 0 1 0 digging 
7 397 464 443 545 9821 0 1 1 digging 
7 397 465 444 545 9822 0 1 1 digging 
7 397 465 444 544 9823 0 1 1 digging 
7 397 466 445 544 9824 0 1 1 digging 
7 397 466 445 543 9825 0 1 1 digging 
7 397 467 446 543 9826 0 1 0 digging 
7 395 467 449 539 9827 0 1 1 digging 
7 393 468 452 535 9828 0 1 1 digging 
7 391 469 455 531 9829 0 1 1 digging 
7 389 470 458 527 9830 0 1 1 digging 
7 388 471 461 524 9831 0 1 0 digging 
7 385 470 459 521 9832 0 1 1 digging 
7 382 470 457 519 9833 0 1 1 digging 
7 379 470 455 517 9834 0 1 1 digging 
8 632 331 662 432 9815 0 0 1 digging 
8 635 333 663 433 9816 0 0 1 moving 
8 638 335 665 435 9817 0 0 0 moving 
8 634 335 663 433 9818 0 0 1 moving 
8 630 336 662 432 9819 0 0 1 moving 
8 626 337 661 431 9820 0 0 1 moving 
8 623 338 660 430 9821 0 0 1 moving 
8 619 339 658 429 9822 0 0 1 moving 
8 615 340 657 428 9823 0 0 1 moving 
8 611 341 656 427 9824 0 0 1 moving 
8 608 342 655 426 9825 0 0 0 moving 
8 603 341 649 425 9826 0 0 1 moving 
8 599 341 643 425 9827 0 0 1 moving 
8 595 340 637 424 9828 0 0 1 moving 
8 590 340 631 424 9829 0 0 1 moving 
8 586 340 625 423 9830 0 0 1 moving 
8 582 339 619 423 9831 0 0 1 moving 
8 577 339 613 422 9832 0 0 1 moving 
8 573 338 607 422 9833 0 0 1 moving 
8 569 338 601 421 9834 0 0 1 moving 
9 671 349 706 417 9815 0 0 0 moving 
9 671 346 705 416 9816 0 0 1 standing 
9 671 343 704 416 9817 0 0 1 standing 
9 671 340 703 416 9818 0 0 1 standing 
9 671 337 702 416 9819 0 0 0 standing 
9 671 338 701 416 9820 0 0 1 standing 
9 671 339 701 416 9821 0 0 1 standing 
9 671 341 700 416 9822 0 0 1 standing 
9 671 342 700 416 9823 0 0 1 standing 
9 671 343 699 416 9824 0 0 1 standing 
9 671 345 699 416 9825 0 0 0 standing 
9 668 344 697 417 9826 0 0 1 standing 
9 666 344 695 418 9827 0 0 1 standing 
9 663 344 693 419 9828 0 0 1 standing 
9 661 343 691 420 9829 0 0 1 standing 
9 658 343 689 421 9830 0 0 1 standing 
9 656 343 687 422 9831 0 0 1 standing 
9 653 342 685 423 9832 0 0 1 standing 
9 651 342 683 424 9833 0 0 1 standing 
9 648 342 681 425 9834 0 0 1 standing 
10 758 385 785 474 9815 0 0 0 standing 
10 756 384 784 472 9816 0 0 1 standing 
10 755 383 783 471 9817 0 0 1 standing 
10 753 382 782 469 9818 0 0 1 standing 
10 752 381 782 468 9819 0 0 1 standing 
10 751 380 781 467 9820 0 0 1 standing 
10 749 379 780 465 9821 0 0 1 standing 
10 748 378 780 464 9822 0 0 1 standing 
10 746 377 779 462 9823 0 0 1 standing 
10 745 376 778 461 9824 0 0 1 standing 
10 744 375 778 460 9825 0 0 0 standing 
10 741 374 776 459 9826 0 0 1 standing 
10 739 374 775 459 9827 0 0 1 standing 
10 736 374 774 458 9828 0 0 1 standing 
10 734 374 772 458 9829 0 0 1 standing 
10 732 374 771 457 9830 0 0 1 standing 
10 729 373 770 457 9831 0 0 1 standing 
10 727 373 768 456 9832 0 0 1 standing 
10 724 373 767 456 9833 0 0 1 standing 
10 722 373 766 455 9834 0 0 1 standing 
11 1058 460 1115 553 9815 0 0 1 standing 
11 1052 459 1110 553 9816 0 0 1 standing 
11 1047 458 1105 553 9817 0 0 0 standing 
11 1042 457 1097 551 9818 0 0 1 standing 
11 1037 457 1089 550 9819 0 0 1 standing 
11 1032 457 1081 549 9820 0 0 1 standing 
11 1027 456 1073 548 9821 0 0 1 standing 
11 1022 456 1065 547 9822 0 0 1 standing 
11 1017 456 1057 546 9823 0 0 1 standing 
11 1012 456 1050 545 9824 0 0 0 standing 
11 1000 454 1042 543 9825 0 0 1 standing 
11 988 453 1035 542 9826 0 0 1 standing 
11 976 452 1028 541 9827 0 0 0 standing 
11 970 450 1019 539 9828 0 0 1 standing 
11 965 449 1010 538 9829 0 0 1 standing 
11 960 448 1001 537 9830 0 0 1 standing 
11 955 446 992 536 9831 0 0 1 standing 
11 950 445 983 535 9832 0 0 1 standing 
11 945 444 975 534 9833 0 0 0 standing 
11 936 444 968 533 9834 0 0 1 standing 
