0 934 474 987 572 41525 0 1 0 digging 
0 930 472 985 570 41526 0 1 1 digging 
0 927 470 984 568 41527 0 1 1 digging 
0 924 469 983 566 41528 0 1 1 digging 
0 921 467 982 565 41529 0 1 1 digging 
0 918 466 981 563 41530 0 1 1 digging 
0 915 464 980 561 41531 0 1 1 digging 
0 912 462 979 560 41532 0 1 1 digging 
0 909 461 978 558 41533 0 1 1 digging 
0 906 459 977 556 41534 0 1 1 digging 
0 903 458 976 555 41535 0 1 0 digging 
0 904 459 977 555 41536 0 1 1 digging 
0 905 461 978 555 41537 0 1 1 digging 
0 906 463 979 555 41538 0 1 1 digging 
0 907 464 980 555 41539 0 1 1 digging 
0 909 466 982 555 41540 0 1 1 digging 
0 910 468 983 555 41541 0 1 1 digging 
0 911 469 984 555 41542 0 1 1 digging 
0 912 471 985 555 41543 0 1 1 digging 
0 913 473 986 555 41544 0 1 1 digging 
1 1078 425 1125 546 41525 0 0 0 digging 
1 1075 423 1122 544 41526 0 0 1 standing 
1 1073 421 1120 543 41527 0 0 1 standing 
1 1071 420 1117 542 41528 0 0 1 standing 
1 1068 418 1115 541 41529 0 0 1 standing 
1 1066 417 1113 540 41530 0 0 1 standing 
1 1064 415 1110 538 41531 0 0 1 standing 
1 1061 413 1108 537 41532 0 0 1 standing 
1 1059 412 1105 536 41533 0 0 1 standing 
1 1057 410 1103 535 41534 0 0 1 standing 
1 1055 409 1101 534 41535 0 0 0 standing 
1 1052 408 1099 533 41536 0 0 1 standing 
1 1050 408 1097 533 41537 0 0 1 standing 
1 1047 408 1095 533 41538 0 0 1 standing 
1 1045 408 1093 532 41539 0 0 1 standing 
1 1042 408 1092 532 41540 0 0 1 standing 
1 1040 407 1090 532 41541 0 0 1 standing 
1 1037 407 1088 531 41542 0 0 1 standing 
1 1035 407 1086 531 41543 0 0 1 standing 
1 1032 407 1084 531 41544 0 0 1 standing 
2 960 433 1012 534 41525 0 0 0 standing 
2 958 431 1009 532 41526 0 0 1 standing 
2 956 429 1007 531 41527 0 0 1 standing 
2 954 427 1004 530 41528 0 0 1 standing 
2 952 425 1002 529 41529 0 0 1 standing 
2 950 423 1000 528 41530 0 0 1 standing 
2 948 421 997 526 41531 0 0 1 standing 
2 946 419 995 525 41532 0 0 1 standing 
2 944 417 992 524 41533 0 0 1 standing 
2 942 415 990 523 41534 0 0 1 standing 
2 941 414 988 522 41535 0 0 0 standing 
2 940 412 987 520 41536 0 0 1 standing 
2 939 411 986 519 41537 0 0 1 standing 
2 938 410 985 518 41538 0 0 1 standing 
2 937 408 984 516 41539 0 0 1 standing 
2 937 407 984 515 41540 0 0 1 standing 
2 936 406 983 514 41541 0 0 1 standing 
2 935 404 982 512 41542 0 0 1 standing 
2 934 403 981 511 41543 0 0 1 standing 
2 933 402 980 510 41544 0 0 1 standing 
3 781 465 827 599 41525 0 0 0 standing 
3 779 462 826 595 41526 0 0 1 moving 
3 777 459 826 592 41527 0 0 1 moving 
3 775 456 825 589 41528 0 0 1 moving 
3 773 454 825 585 41529 0 0 1 moving 
3 771 451 824 582 41530 0 0 1 moving 
3 769 448 824 579 41531 0 0 1 moving 
3 767 446 823 575 41532 0 0 1 moving 
3 765 443 823 572 41533 0 0 1 moving 
3 763 440 822 569 41534 0 0 1 moving 
3 761 438 822 566 41535 0 0 0 moving 
3 761 437 822 565 41536 0 0 1 moving 
3 761 437 822 565 41537 0 0 1 moving 
3 761 436 822 564 41538 0 0 1 moving 
3 761 436 822 564 41539 0 0 1 moving 
3 762 436 823 564 41540 0 0 1 moving 
3 762 435 823 563 41541 0 0 1 moving 
3 762 435 823 563 41542 0 0 1 moving 
3 762 434 823 562 41543 0 0 1 moving 
3 762 434 823 562 41544 0 0 1 moving 
4 618 422 671 524 41525 0 0 0 moving 
4 614 421 667 524 41526 0 0 1 standing 
4 610 421 663 524 41527 0 0 1 standing 
4 606 421 659 524 41528 0 0 1 standing 
4 603 421 655 525 41529 0 0 0 standing 
4 600 420 651 524 41530 0 0 1 standing 
4 597 419 648 524 41531 0 0 1 standing 
4 594 418 645 523 41532 0 0 1 standing 
4 591 417 642 523 41533 0 0 1 standing 
4 588 416 639 522 41534 0 0 1 standing 
4 586 415 636 522 41535 0 0 0 standing 
4 583 415 633 522 41536 0 0 1 standing 
4 581 415 631 522 41537 0 0 1 standing 
4 579 415 629 522 41538 0 0 1 standing 
4 577 415 627 522 41539 0 0 1 standing 
4 575 415 625 522 41540 0 0 1 standing 
4 573 415 623 522 41541 0 0 1 standing 
4 571 415 621 522 41542 0 0 1 standing 
4 569 415 619 522 41543 0 0 1 standing 
4 567 415 617 522 41544 0 0 1 standing 
5 550 462 585 587 41525 0 0 0 standing 
5 546 461 581 586 41526 0 0 1 standing 
5 542 461 577 586 41527 0 0 1 standing 
5 538 461 573 586 41528 0 0 1 standing 
5 535 461 570 586 41529 0 0 1 standing 
5 531 461 566 586 41530 0 0 1 standing 
5 527 461 562 586 41531 0 0 1 standing 
5 524 461 559 586 41532 0 0 1 standing 
5 520 461 555 586 41533 0 0 1 standing 
5 516 461 551 586 41534 0 0 1 standing 
5 513 461 548 586 41535 0 0 0 standing 
5 511 459 546 586 41536 0 0 1 standing 
5 510 458 545 586 41537 0 0 1 standing 
5 508 456 543 586 41538 0 0 1 standing 
5 507 455 542 586 41539 0 0 1 standing 
5 506 453 540 586 41540 0 0 1 standing 
5 504 452 539 586 41541 0 0 1 standing 
5 503 450 537 586 41542 0 0 1 standing 
5 501 449 536 586 41543 0 0 1 standing 
5 500 447 534 586 41544 0 0 1 standing 
6 557 437 598 550 41525 0 0 0 standing 
6 553 436 594 549 41526 0 0 1 standing 
6 550 435 591 548 41527 0 0 1 standing 
6 547 434 588 547 41528 0 0 1 standing 
6 543 433 584 546 41529 0 0 1 standing 
6 540 432 581 545 41530 0 0 1 standing 
6 537 431 578 544 41531 0 0 1 standing 
6 533 430 574 543 41532 0 0 1 standing 
6 530 429 571 542 41533 0 0 1 standing 
6 527 428 568 541 41534 0 0 1 standing 
6 524 427 565 540 41535 0 0 0 standing 
6 523 426 564 539 41536 0 0 1 standing 
6 522 426 563 539 41537 0 0 1 standing 
6 521 426 562 539 41538 0 0 1 standing 
6 520 426 561 539 41539 0 0 1 standing 
6 519 426 560 539 41540 0 0 1 standing 
6 518 425 559 538 41541 0 0 1 standing 
6 517 425 558 538 41542 0 0 1 standing 
6 516 425 557 538 41543 0 0 1 standing 
6 515 425 556 538 41544 0 0 1 standing 
7 536 416 576 537 41525 0 0 0 standing 
7 533 414 573 535 41526 0 0 1 standing 
7 530 412 570 533 41527 0 0 1 standing 
7 527 411 567 531 41528 0 0 1 standing 
7 524 409 564 529 41529 0 0 1 standing 
7 521 408 561 527 41530 0 0 1 standing 
7 518 406 558 525 41531 0 0 1 standing 
7 515 404 555 523 41532 0 0 1 standing 
7 512 403 552 521 41533 0 0 1 standing 
7 509 401 549 519 41534 0 0 1 standing 
7 507 400 546 518 41535 0 0 0 standing 
7 507 400 546 518 41536 0 0 1 standing 
7 507 400 546 518 41537 0 0 1 standing 
7 507 400 546 518 41538 0 0 1 standing 
7 507 400 546 518 41539 0 0 1 standing 
7 507 400 546 518 41540 0 0 1 standing 
7 507 400 546 518 41541 0 0 1 standing 
7 507 400 546 518 41542 0 0 1 standing 
7 507 400 546 518 41543 0 0 1 standing 
7 507 400 546 518 41544 0 0 1 standing 
8 311 458 354 575 41525 0 0 0 standing 
8 304 458 348 577 41526 0 0 1 standing 
8 297 459 342 579 41527 0 0 1 standing 
8 290 460 336 581 41528 0 0 1 standing 
8 283 461 330 584 41529 0 0 1 standing 
8 276 462 325 586 41530 0 0 1 standing 
8 269 463 319 588 41531 0 0 1 standing 
8 262 464 313 591 41532 0 0 1 standing 
8 255 465 307 593 41533 0 0 1 standing 
8 248 466 301 595 41534 0 0 1 standing 
8 241 467 296 598 41535 0 0 0 standing 
8 236 467 291 598 41536 0 0 1 standing 
8 231 468 286 599 41537 0 0 1 standing 
8 226 468 281 599 41538 0 0 1 standing 
8 221 469 276 600 41539 0 0 1 standing 
8 217 470 272 601 41540 0 0 1 standing 
8 212 470 267 601 41541 0 0 1 standing 
8 207 471 262 602 41542 0 0 1 standing 
8 202 471 257 602 41543 0 0 1 standing 
8 197 472 252 603 41544 0 0 1 standing 
9 250 447 303 556 41525 0 0 0 standing 
9 243 445 296 554 41526 0 0 1 standing 
9 236 443 289 553 41527 0 0 1 standing 
9 229 441 282 552 41528 0 0 1 standing 
9 222 439 275 551 41529 0 0 0 standing 
9 216 438 269 550 41530 0 0 1 standing 
9 210 437 263 550 41531 0 0 1 standing 
9 204 436 257 550 41532 0 0 1 standing 
9 198 435 251 550 41533 0 0 1 standing 
9 192 434 245 550 41534 0 0 1 standing 
9 187 433 239 550 41535 0 0 0 standing 
9 180 432 234 550 41536 0 0 1 standing 
9 174 432 229 550 41537 0 0 1 standing 
9 168 432 225 551 41538 0 0 0 standing 
9 161 431 220 551 41539 0 0 1 standing 
9 155 430 215 551 41540 0 0 1 standing 
9 149 429 210 551 41541 0 0 1 standing 
9 142 429 205 551 41542 0 0 1 standing 
9 136 428 200 551 41543 0 0 1 standing 
9 130 427 195 551 41544 0 0 1 standing 
10 147 400 229 515 41525 0 0 0 standing 
10 155 396 227 512 41526 0 0 1 standing 
10 163 392 225 509 41527 0 0 1 standing 
10 171 388 223 506 41528 0 0 1 standing 
10 179 385 221 503 41529 0 0 0 standing 
10 180 384 224 499 41530 0 0 1 standing 
10 182 384 228 496 41531 0 0 1 standing 
10 184 383 232 493 41532 0 0 1 standing 
10 185 383 236 489 41533 0 0 1 standing 
10 187 382 240 486 41534 0 0 1 standing 
10 189 382 244 483 41535 0 0 0 standing 
10 191 382 246 483 41536 0 0 1 standing 
10 194 382 249 483 41537 0 0 1 standing 
10 197 382 252 483 41538 0 0 1 standing 
10 199 382 254 483 41539 0 0 1 standing 
10 202 383 257 484 41540 0 0 1 standing 
10 205 383 260 484 41541 0 0 1 standing 
10 207 383 262 484 41542 0 0 1 standing 
10 210 383 265 484 41543 0 0 1 standing 
10 213 383 268 484 41544 0 0 1 standing 
11 924 488 986 612 41525 0 0 0 standing 
11 923 487 983 613 41526 0 0 1 standing 
11 922 486 981 614 41527 0 0 1 standing 
11 921 485 979 615 41528 0 0 1 standing 
11 920 484 977 616 41529 0 0 1 standing 
11 920 483 975 617 41530 0 0 1 standing 
11 919 482 973 618 41531 0 0 1 standing 
11 918 481 971 619 41532 0 0 1 standing 
11 917 480 969 620 41533 0 0 1 standing 
11 916 479 967 621 41534 0 0 1 standing 
11 916 479 965 623 41535 0 0 0 standing 
11 914 479 964 624 41536 0 0 1 standing 
11 913 479 964 626 41537 0 0 1 standing 
11 912 480 963 627 41538 0 0 1 standing 
11 911 480 963 629 41539 0 0 1 standing 
11 910 481 962 630 41540 0 0 1 standing 
11 909 481 962 632 41541 0 0 1 standing 
11 908 481 961 633 41542 0 0 1 standing 
11 907 482 961 635 41543 0 0 1 standing 
11 906 482 960 636 41544 0 0 1 standing 
