0 561 402 619 557 48135 0 1 0 setting 
0 554 402 612 554 48136 0 1 1 setting 
0 547 402 605 551 48137 0 1 1 setting 
0 541 403 599 549 48138 0 1 1 setting 
0 534 403 592 546 48139 0 1 1 setting 
0 528 404 586 544 48140 0 1 1 setting 
0 521 404 579 541 48141 0 1 1 setting 
0 514 404 572 538 48142 0 1 1 setting 
0 508 405 566 536 48143 0 1 1 setting 
0 501 405 559 533 48144 0 1 1 setting 
0 495 406 553 531 48145 0 1 0 setting 
0 488 411 546 536 48146 0 1 1 setting 
0 481 416 539 541 48147 0 1 1 setting 
0 475 421 533 546 48148 0 1 1 setting 
0 468 426 526 551 48149 0 1 1 setting 
0 462 432 520 557 48150 0 1 0 setting 
0 455 434 513 559 48151 0 1 1 setting 
0 448 437 506 562 48152 0 1 1 setting 
0 441 440 499 565 48153 0 1 1 setting 
0 434 443 492 568 48154 0 1 1 setting 
1 370 518 465 651 48135 0 1 0 setting 
1 369 517 464 650 48136 0 1 1 moving 
1 369 516 464 649 48137 0 1 1 moving 
1 368 516 463 649 48138 0 1 1 moving 
1 368 515 463 648 48139 0 1 1 moving 
1 367 515 462 648 48140 0 1 1 moving 
1 367 514 462 647 48141 0 1 1 moving 
1 366 513 461 646 48142 0 1 1 moving 
1 366 513 461 646 48143 0 1 1 moving 
1 365 512 460 645 48144 0 1 1 moving 
1 365 512 460 645 48145 0 1 0 moving 
1 368 506 462 643 48146 0 1 1 moving 
1 372 500 464 641 48147 0 1 1 moving 
1 376 495 466 640 48148 0 1 1 moving 
1 380 489 468 638 48149 0 1 1 moving 
1 384 484 470 637 48150 0 1 1 moving 
1 387 478 472 635 48151 0 1 1 moving 
1 391 472 474 633 48152 0 1 1 moving 
1 395 467 476 632 48153 0 1 1 moving 
1 399 461 478 630 48154 0 1 1 moving 
2 550 427 608 539 48135 0 1 0 moving 
2 547 419 607 534 48136 0 1 1 spiking 
2 544 412 606 530 48137 0 1 1 spiking 
2 541 405 605 525 48138 0 1 1 spiking 
2 538 398 604 521 48139 0 1 1 spiking 
2 536 391 603 516 48140 0 1 1 spiking 
2 533 383 602 512 48141 0 1 1 spiking 
2 530 376 601 507 48142 0 1 1 spiking 
2 527 369 600 503 48143 0 1 1 spiking 
2 524 362 599 498 48144 0 1 1 spiking 
2 522 355 598 494 48145 0 1 0 spiking 
2 519 355 595 493 48146 0 1 1 spiking 
2 517 355 593 493 48147 0 1 1 spiking 
2 515 355 591 493 48148 0 1 1 spiking 
2 513 355 589 493 48149 0 1 1 spiking 
2 511 355 587 493 48150 0 1 1 spiking 
2 509 355 585 493 48151 0 1 1 spiking 
2 507 356 583 493 48152 0 1 0 spiking 
2 505 360 581 497 48153 0 1 1 spiking 
2 504 364 580 502 48154 0 1 1 spiking 
3 469 360 526 451 48135 0 1 0 spiking 
3 469 359 526 450 48136 0 1 1 moving 
3 469 359 526 450 48137 0 1 1 moving 
3 469 358 527 449 48138 0 1 1 moving 
3 470 358 527 449 48139 0 1 1 moving 
3 470 357 528 448 48140 0 1 1 moving 
3 470 357 528 448 48141 0 1 1 moving 
3 471 356 528 447 48142 0 1 1 moving 
3 471 356 529 447 48143 0 1 1 moving 
3 471 355 529 446 48144 0 1 1 moving 
3 472 355 530 446 48145 0 1 1 moving 
3 472 355 530 445 48146 0 1 1 moving 
3 472 354 530 445 48147 0 1 1 moving 
3 472 354 531 444 48148 0 1 1 moving 
3 473 353 531 444 48149 0 1 1 moving 
3 473 353 532 443 48150 0 1 1 moving 
3 473 352 532 443 48151 0 1 1 moving 
3 474 352 532 442 48152 0 1 1 moving 
3 474 351 533 442 48153 0 1 1 moving 
3 474 351 533 441 48154 0 1 1 moving 
4 336 462 402 586 48135 0 0 0 moving 
4 340 458 402 584 48136 0 0 1 standing 
4 344 454 403 582 48137 0 0 1 standing 
4 349 451 404 580 48138 0 0 0 standing 
4 353 450 404 581 48139 0 0 1 standing 
4 357 449 404 582 48140 0 0 1 standing 
4 362 448 404 584 48141 0 0 0 standing 
4 361 452 407 582 48142 0 0 1 standing 
4 361 456 410 580 48143 0 0 1 standing 
4 361 460 414 579 48144 0 0 0 standing 
4 356 460 416 582 48145 0 0 1 standing 
4 351 460 419 585 48146 0 0 1 standing 
4 346 460 422 589 48147 0 0 0 standing 
4 347 460 418 589 48148 0 0 1 standing 
4 348 460 414 589 48149 0 0 1 standing 
4 350 460 411 590 48150 0 0 0 standing 
4 352 460 410 591 48151 0 0 1 standing 
4 354 460 409 593 48152 0 0 1 standing 
4 356 460 409 595 48153 0 0 0 standing 
4 356 460 409 595 48154 0 0 1 standing 
5 376 425 423 532 48135 0 0 0 standing 
5 367 424 422 531 48136 0 0 1 standing 
5 358 424 421 530 48137 0 0 1 standing 
5 349 424 421 530 48138 0 0 0 standing 
5 356 423 420 528 48139 0 0 1 standing 
5 364 422 420 527 48140 0 0 1 standing 
5 372 421 420 526 48141 0 0 0 standing 
5 372 421 420 524 48142 0 0 1 standing 
5 373 421 420 522 48143 0 0 1 standing 
5 374 422 421 521 48144 0 0 0 standing 
5 376 421 423 520 48145 0 0 1 standing 
5 378 420 425 520 48146 0 0 1 standing 
5 381 419 428 520 48147 0 0 0 standing 
5 382 419 429 520 48148 0 0 1 standing 
5 383 419 430 521 48149 0 0 1 standing 
5 385 420 432 522 48150 0 0 0 standing 
5 383 421 435 522 48151 0 0 1 standing 
5 381 422 438 523 48152 0 0 1 standing 
5 380 423 441 524 48153 0 0 1 standing 
5 378 424 444 525 48154 0 0 1 standing 
6 987 501 1051 615 48135 0 0 0 standing 
6 987 497 1049 615 48136 0 0 1 waiting 
6 987 494 1047 615 48137 0 0 1 waiting 
6 987 491 1046 616 48138 0 0 0 waiting 
6 985 490 1044 615 48139 0 0 1 waiting 
6 984 490 1043 614 48140 0 0 1 waiting 
6 983 490 1042 614 48141 0 0 0 waiting 
6 981 491 1040 615 48142 0 0 1 waiting 
6 979 492 1038 616 48143 0 0 1 waiting 
6 978 494 1037 618 48144 0 0 0 waiting 
6 974 496 1034 617 48145 0 0 1 waiting 
6 970 499 1032 616 48146 0 0 1 waiting 
6 967 502 1030 615 48147 0 0 0 waiting 
6 964 503 1028 616 48148 0 0 1 waiting 
6 962 504 1027 617 48149 0 0 1 waiting 
6 960 506 1026 618 48150 0 0 0 waiting 
6 957 504 1025 616 48151 0 0 1 waiting 
6 955 503 1025 615 48152 0 0 1 waiting 
6 952 502 1024 614 48153 0 0 1 waiting 
6 950 501 1024 613 48154 0 0 1 waiting 
7 963 387 1008 495 48135 0 0 0 waiting 
7 960 385 1005 494 48136 0 0 1 standing 
7 957 384 1003 493 48137 0 0 1 standing 
7 955 383 1001 492 48138 0 0 0 standing 
7 951 382 998 490 48139 0 0 1 standing 
7 947 382 995 489 48140 0 0 1 standing 
7 944 382 992 488 48141 0 0 0 standing 
7 939 381 988 487 48142 0 0 1 standing 
7 935 380 985 487 48143 0 0 1 standing 
7 931 379 982 487 48144 0 0 0 standing 
7 927 378 978 487 48145 0 0 1 standing 
7 923 377 974 487 48146 0 0 1 standing 
7 920 376 971 487 48147 0 0 0 standing 
7 916 376 967 487 48148 0 0 1 standing 
7 912 376 963 487 48149 0 0 1 standing 
7 909 376 960 487 48150 0 0 0 standing 
7 903 375 955 485 48151 0 0 1 standing 
7 898 374 951 483 48152 0 0 1 standing 
7 893 373 946 482 48153 0 0 1 standing 
7 888 372 942 480 48154 0 0 1 standing 
8 726 438 775 565 48135 0 0 0 standing 
8 722 440 770 565 48136 0 0 1 standing 
8 718 443 766 566 48137 0 0 1 standing 
8 714 446 762 567 48138 0 0 0 standing 
8 711 450 759 571 48139 0 0 1 standing 
8 709 454 757 575 48140 0 0 1 standing 
8 707 458 755 579 48141 0 0 0 standing 
8 703 459 751 580 48142 0 0 1 standing 
8 699 460 747 581 48143 0 0 1 standing 
8 695 461 743 583 48144 0 0 0 standing 
8 692 461 741 578 48145 0 0 1 standing 
8 689 461 739 573 48146 0 0 1 standing 
8 686 461 738 568 48147 0 0 0 standing 
8 679 460 737 565 48148 0 0 1 standing 
8 672 460 736 562 48149 0 0 1 standing 
8 665 460 736 560 48150 0 0 0 standing 
8 660 460 727 567 48151 0 0 1 standing 
8 656 460 718 574 48152 0 0 1 standing 
8 651 460 709 582 48153 0 0 1 standing 
8 647 460 700 589 48154 0 0 1 standing 
9 728 412 782 535 48135 0 0 0 standing 
9 724 413 778 536 48136 0 0 1 standing 
9 721 414 774 537 48137 0 0 1 standing 
9 718 416 771 539 48138 0 0 0 standing 
9 712 418 765 541 48139 0 0 1 standing 
9 706 420 759 543 48140 0 0 1 standing 
9 700 422 753 545 48141 0 0 0 standing 
9 697 423 747 546 48142 0 0 1 standing 
9 694 424 742 548 48143 0 0 1 standing 
9 691 425 737 550 48144 0 0 0 standing 
9 690 423 736 548 48145 0 0 1 standing 
9 689 421 735 546 48146 0 0 1 standing 
9 688 420 734 545 48147 0 0 0 standing 
9 679 421 725 546 48148 0 0 1 standing 
9 671 422 717 547 48149 0 0 1 standing 
9 663 423 709 548 48150 0 0 0 standing 
9 657 423 703 543 48151 0 0 1 standing 
9 651 423 697 538 48152 0 0 1 standing 
9 645 423 692 534 48153 0 0 1 standing 
9 639 423 686 529 48154 0 0 1 standing 
10 738 387 781 502 48135 0 0 0 standing 
10 733 386 776 501 48136 0 0 1 standing 
10 729 385 772 501 48137 0 0 1 standing 
10 725 385 768 501 48138 0 0 0 standing 
10 722 383 765 498 48139 0 0 1 standing 
10 719 382 762 496 48140 0 0 1 standing 
10 716 381 759 494 48141 0 0 0 standing 
10 711 379 754 492 48142 0 0 1 standing 
10 706 377 749 490 48143 0 0 1 standing 
10 702 376 744 488 48144 0 0 0 standing 
10 697 376 739 488 48145 0 0 1 standing 
10 693 376 735 488 48146 0 0 1 standing 
10 689 376 731 488 48147 0 0 0 standing 
10 683 378 732 483 48148 0 0 1 standing 
10 677 380 734 478 48149 0 0 1 standing 
10 671 383 736 474 48150 0 0 0 standing 
10 667 383 732 474 48151 0 0 1 standing 
10 664 384 729 474 48152 0 0 1 standing 
10 661 384 725 474 48153 0 0 1 standing 
10 658 385 722 474 48154 0 0 1 standing 
11 1138 422 1184 546 48135 0 0 0 standing 
11 1133 421 1179 544 48136 0 0 1 standing 
11 1128 421 1174 543 48137 0 0 1 standing 
11 1123 421 1170 542 48138 0 0 0 standing 
11 1119 420 1165 541 48139 0 0 1 standing 
11 1115 419 1160 541 48140 0 0 1 standing 
11 1112 418 1155 541 48141 0 0 0 standing 
11 1107 417 1151 541 48142 0 0 1 standing 
11 1103 416 1148 541 48143 0 0 1 standing 
11 1099 416 1145 541 48144 0 0 0 standing 
11 1094 416 1140 541 48145 0 0 1 standing 
11 1089 416 1136 541 48146 0 0 1 standing 
11 1085 417 1132 542 48147 0 0 0 standing 
11 1077 417 1128 542 48148 0 0 1 standing 
11 1069 417 1124 542 48149 0 0 1 standing 
11 1061 418 1120 542 48150 0 0 0 standing 
11 1056 415 1115 539 48151 0 0 1 standing 
11 1051 413 1110 536 48152 0 0 1 standing 
11 1047 411 1106 533 48153 0 0 1 standing 
11 1042 409 1101 530 48154 0 0 1 standing 
