0 305 429 361 565 23530 0 0 0 standing 
0 304 429 360 564 23531 0 0 1 standing 
0 303 429 360 564 23532 0 0 1 standing 
0 303 430 360 563 23533 0 0 1 standing 
0 302 430 360 563 23534 0 0 1 standing 
0 302 431 360 563 23535 0 0 1 standing 
0 301 431 360 562 23536 0 0 1 standing 
0 300 431 360 562 23537 0 0 1 standing 
0 300 432 360 561 23538 0 0 1 standing 
0 299 432 360 561 23539 0 0 1 standing 
0 299 433 360 561 23540 0 0 0 standing 
0 301 432 362 560 23541 0 0 1 standing 
0 304 432 364 560 23542 0 0 1 standing 
0 307 431 366 559 23543 0 0 1 standing 
0 310 431 368 559 23544 0 0 1 standing 
0 313 431 370 558 23545 0 0 1 standing 
0 315 430 372 558 23546 0 0 1 standing 
0 318 430 374 557 23547 0 0 1 standing 
0 321 429 376 557 23548 0 0 1 standing 
0 324 429 378 556 23549 0 0 1 standing 
1 344 294 380 394 23530 0 0 0 standing 
1 343 294 379 394 23531 0 0 1 standing 
1 342 294 378 394 23532 0 0 1 standing 
1 341 294 377 394 23533 0 0 1 standing 
1 340 294 376 394 23534 0 0 1 standing 
1 340 294 376 394 23535 0 0 1 standing 
1 339 294 375 394 23536 0 0 1 standing 
1 338 294 374 394 23537 0 0 1 standing 
1 337 294 373 394 23538 0 0 1 standing 
1 336 294 372 394 23539 0 0 1 standing 
1 336 294 372 395 23540 0 0 0 standing 
1 335 294 371 395 23541 0 0 1 standing 
1 335 294 371 395 23542 0 0 1 standing 
1 335 294 371 395 23543 0 0 1 standing 
1 334 295 370 396 23544 0 0 1 standing 
1 334 295 370 396 23545 0 0 1 standing 
1 334 295 370 396 23546 0 0 1 standing 
1 333 296 369 397 23547 0 0 1 standing 
1 333 296 369 397 23548 0 0 1 standing 
1 333 296 369 397 23549 0 0 1 standing 
2 552 285 597 401 23530 0 0 0 standing 
2 550 285 595 400 23531 0 0 1 standing 
2 548 285 593 400 23532 0 0 1 standing 
2 546 285 591 400 23533 0 0 1 standing 
2 544 285 589 400 23534 0 0 1 standing 
2 542 285 587 400 23535 0 0 1 standing 
2 540 285 585 399 23536 0 0 1 standing 
2 538 285 583 399 23537 0 0 1 standing 
2 536 285 581 399 23538 0 0 1 standing 
2 534 285 579 399 23539 0 0 1 standing 
2 532 285 577 399 23540 0 0 1 standing 
2 530 286 576 399 23541 0 0 0 standing 
2 528 286 575 399 23542 0 0 1 standing 
2 526 286 574 399 23543 0 0 1 standing 
2 525 286 573 399 23544 0 0 1 standing 
2 523 286 572 399 23545 0 0 1 standing 
2 521 287 572 400 23546 0 0 1 standing 
2 520 287 571 400 23547 0 0 1 standing 
2 518 287 570 400 23548 0 0 1 standing 
2 516 287 569 400 23549 0 0 1 standing 
3 682 359 723 503 23530 0 0 0 standing 
3 680 358 720 502 23531 0 0 1 standing 
3 679 358 718 502 23532 0 0 1 standing 
3 677 358 716 501 23533 0 0 1 standing 
3 676 357 714 501 23534 0 0 1 standing 
3 675 357 712 501 23535 0 0 1 standing 
3 673 357 709 500 23536 0 0 1 standing 
3 672 356 707 500 23537 0 0 1 standing 
3 670 356 705 499 23538 0 0 1 standing 
3 669 356 703 499 23539 0 0 1 standing 
3 668 356 701 499 23540 0 0 0 standing 
3 666 356 699 499 23541 0 0 1 standing 
3 665 356 698 499 23542 0 0 1 standing 
3 663 356 696 499 23543 0 0 1 standing 
3 662 356 695 499 23544 0 0 1 standing 
3 660 357 693 500 23545 0 0 1 standing 
3 659 357 692 500 23546 0 0 1 standing 
3 657 357 690 500 23547 0 0 1 standing 
3 656 357 689 500 23548 0 0 1 standing 
3 654 357 687 500 23549 0 0 1 standing 
4 668 268 705 383 23530 0 0 0 standing 
4 666 268 703 383 23531 0 0 1 standing 
4 664 268 701 383 23532 0 0 1 standing 
4 662 268 699 383 23533 0 0 1 standing 
4 660 268 697 383 23534 0 0 1 standing 
4 659 268 696 383 23535 0 0 1 standing 
4 657 268 694 383 23536 0 0 1 standing 
4 655 268 692 383 23537 0 0 1 standing 
4 653 268 690 383 23538 0 0 1 standing 
4 651 268 688 383 23539 0 0 1 standing 
4 650 269 687 384 23540 0 0 0 standing 
4 649 269 686 384 23541 0 0 1 standing 
4 649 270 686 385 23542 0 0 1 standing 
4 649 270 686 385 23543 0 0 1 standing 
4 648 271 685 386 23544 0 0 1 standing 
4 648 271 685 386 23545 0 0 1 standing 
4 648 272 685 387 23546 0 0 1 standing 
4 647 272 684 387 23547 0 0 1 standing 
4 647 273 684 388 23548 0 0 1 standing 
4 647 273 684 388 23549 0 0 1 standing 
5 960 316 1015 450 23530 0 0 0 standing 
5 961 315 1015 449 23531 0 0 1 standing 
5 963 315 1016 449 23532 0 0 1 standing 
5 965 315 1017 449 23533 0 0 1 standing 
5 966 315 1018 448 23534 0 0 1 standing 
5 968 315 1019 448 23535 0 0 1 standing 
5 970 315 1020 448 23536 0 0 1 standing 
5 971 315 1021 447 23537 0 0 1 standing 
5 973 315 1022 447 23538 0 0 1 standing 
5 975 315 1023 447 23539 0 0 1 standing 
5 977 315 1024 447 23540 0 0 0 standing 
5 976 315 1024 447 23541 0 0 1 standing 
5 976 315 1025 447 23542 0 0 1 standing 
5 976 316 1025 447 23543 0 0 1 standing 
5 976 316 1026 448 23544 0 0 1 standing 
5 976 317 1026 448 23545 0 0 1 standing 
5 975 317 1027 448 23546 0 0 1 standing 
5 975 317 1027 449 23547 0 0 1 standing 
5 975 318 1028 449 23548 0 0 1 standing 
5 975 318 1028 449 23549 0 0 1 standing 
6 243 382 344 453 23530 0 0 0 standing 
6 244 379 341 453 23531 0 0 1 standing 
6 246 376 339 453 23532 0 0 1 standing 
6 247 373 336 454 23533 0 0 1 standing 
6 249 370 334 454 23534 0 0 1 standing 
6 250 367 331 454 23535 0 0 1 standing 
6 252 364 329 455 23536 0 0 1 standing 
6 253 361 326 455 23537 0 0 1 standing 
6 255 358 324 456 23538 0 0 0 standing 
6 256 357 324 455 23539 0 0 1 standing 
6 258 356 324 455 23540 0 0 1 standing 
6 259 355 325 455 23541 0 0 1 standing 
6 261 355 325 455 23542 0 0 1 standing 
6 262 354 325 454 23543 0 0 1 standing 
6 264 353 326 454 23544 0 0 1 standing 
6 265 352 326 454 23545 0 0 1 standing 
6 267 352 326 454 23546 0 0 1 standing 
6 268 351 327 453 23547 0 0 1 standing 
6 270 350 327 453 23548 0 0 1 standing 
6 271 349 327 453 23549 0 0 1 standing 
7 348 383 401 501 23530 0 0 0 standing 
7 343 383 396 501 23531 0 0 1 standing 
7 339 384 391 501 23532 0 0 1 standing 
7 334 384 387 501 23533 0 0 1 standing 
7 330 385 382 501 23534 0 0 1 standing 
7 325 385 377 501 23535 0 0 1 standing 
7 321 386 373 502 23536 0 0 1 standing 
7 316 387 368 502 23537 0 0 1 standing 
7 312 387 363 502 23538 0 0 1 standing 
7 307 388 359 502 23539 0 0 1 standing 
7 303 388 354 502 23540 0 0 1 standing 
7 298 389 349 502 23541 0 0 1 standing 
7 294 390 345 503 23542 0 0 0 standing 
7 292 390 342 503 23543 0 0 1 standing 
7 290 390 339 504 23544 0 0 1 standing 
7 288 390 337 505 23545 0 0 1 standing 
7 286 391 334 506 23546 0 0 1 standing 
7 284 391 331 507 23547 0 0 1 standing 
7 282 391 329 508 23548 0 0 1 standing 
7 280 391 326 509 23549 0 0 1 standing 
8 485 241 525 324 23530 0 1 0 standing 
8 485 237 524 323 23531 0 1 1 digging 
8 485 234 524 323 23532 0 1 1 digging 
8 485 231 524 323 23533 0 1 1 digging 
8 485 227 524 323 23534 0 1 1 digging 
8 485 224 524 323 23535 0 1 1 digging 
8 485 221 524 322 23536 0 1 1 digging 
8 485 217 524 322 23537 0 1 1 digging 
8 485 214 524 322 23538 0 1 1 digging 
8 485 211 524 322 23539 0 1 1 digging 
8 485 208 524 322 23540 0 1 0 digging 
8 485 208 525 322 23541 0 1 1 digging 
8 485 208 526 322 23542 0 1 1 digging 
8 486 208 527 322 23543 0 1 1 digging 
8 486 208 528 322 23544 0 1 1 digging 
8 487 209 529 322 23545 0 1 1 digging 
8 487 209 530 322 23546 0 1 1 digging 
8 487 209 531 322 23547 0 1 1 digging 
8 488 209 532 322 23548 0 1 1 digging 
8 488 209 533 322 23549 0 1 1 digging 
9 674 310 718 431 23530 0 0 0 digging 
9 672 310 716 431 23531 0 0 1 standing 
9 671 311 715 432 23532 0 0 1 standing 
9 669 312 713 433 23533 0 0 1 standing 
9 668 313 712 434 23534 0 0 1 standing 
9 667 314 711 435 23535 0 0 1 standing 
9 665 315 709 436 23536 0 0 1 standing 
9 664 316 708 437 23537 0 0 1 standing 
9 662 317 706 438 23538 0 0 1 standing 
9 661 318 705 439 23539 0 0 1 standing 
9 660 319 704 440 23540 0 0 0 standing 
9 659 320 702 440 23541 0 0 1 standing 
9 659 321 701 441 23542 0 0 1 standing 
9 658 322 700 442 23543 0 0 1 standing 
9 658 323 699 443 23544 0 0 1 standing 
9 658 324 698 444 23545 0 0 1 standing 
9 657 325 697 445 23546 0 0 1 standing 
9 657 326 696 446 23547 0 0 1 standing 
9 656 327 695 447 23548 0 0 1 standing 
9 656 328 694 448 23549 0 0 1 standing 
10 997 415 1069 535 23530 0 0 0 standing 
10 1000 415 1070 535 23531 0 0 1 standing 
10 1003 415 1071 535 23532 0 0 1 standing 
10 1006 416 1072 535 23533 0 0 1 standing 
10 1009 416 1073 536 23534 0 0 1 standing 
10 1012 417 1074 536 23535 0 0 1 standing 
10 1015 417 1075 536 23536 0 0 1 standing 
10 1018 417 1076 537 23537 0 0 1 standing 
10 1021 418 1077 537 23538 0 0 1 standing 
10 1024 418 1078 537 23539 0 0 1 standing 
10 1027 419 1080 538 23540 0 0 0 standing 
10 1030 419 1086 538 23541 0 0 1 standing 
10 1033 420 1092 538 23542 0 0 1 standing 
10 1037 421 1099 538 23543 0 0 0 standing 
10 1037 421 1102 538 23544 0 0 1 standing 
10 1037 421 1105 538 23545 0 0 1 standing 
10 1037 421 1108 538 23546 0 0 1 standing 
10 1037 421 1111 538 23547 0 0 1 standing 
10 1037 421 1114 538 23548 0 0 1 standing 
10 1037 421 1117 538 23549 0 0 1 standing 
11 917 291 969 407 23530 0 0 0 standing 
11 916 290 968 406 23531 0 0 1 standing 
11 916 290 967 406 23532 0 0 1 standing 
11 915 289 966 405 23533 0 0 1 standing 
11 915 289 966 405 23534 0 0 1 standing 
11 915 289 965 404 23535 0 0 1 standing 
11 914 288 964 404 23536 0 0 1 standing 
11 914 288 964 403 23537 0 0 1 standing 
11 913 287 963 403 23538 0 0 1 standing 
11 913 287 962 402 23539 0 0 1 standing 
11 913 287 962 402 23540 0 0 0 standing 
11 912 286 960 401 23541 0 0 1 standing 
11 911 286 958 401 23542 0 0 1 standing 
11 911 286 957 401 23543 0 0 0 standing 
11 909 286 954 400 23544 0 0 1 standing 
11 908 286 952 400 23545 0 0 1 standing 
11 906 286 950 400 23546 0 0 1 standing 
11 905 286 948 400 23547 0 0 1 standing 
11 903 286 946 400 23548 0 0 1 standing 
11 902 286 944 400 23549 0 0 1 standing 
