0 155 474 232 595 15745 0 0 0 falling 
0 155 478 232 594 15746 0 0 1 falling 
0 155 482 232 594 15747 0 0 1 falling 
0 155 486 232 594 15748 0 0 1 falling 
0 156 490 233 594 15749 0 0 1 falling 
0 156 494 233 594 15750 0 0 1 falling 
0 156 498 233 593 15751 0 0 1 falling 
0 157 502 234 593 15752 0 0 1 falling 
0 157 506 234 593 15753 0 0 1 falling 
0 157 510 234 593 15754 0 0 1 falling 
0 158 514 235 593 15755 0 0 0 falling 
0 158 512 235 592 15756 0 0 1 falling 
0 159 510 236 591 15757 0 0 1 falling 
0 160 508 237 590 15758 0 0 1 falling 
0 161 507 238 590 15759 0 0 1 falling 
0 162 505 239 589 15760 0 0 1 falling 
0 163 503 240 588 15761 0 0 1 falling 
0 164 502 241 588 15762 0 0 1 falling 
0 165 500 242 587 15763 0 0 1 falling 
0 166 498 243 586 15764 0 0 1 falling 
1 252 279 334 389 15745 0 1 0 falling 
1 256 275 336 389 15746 0 1 1 standing 
1 261 272 338 389 15747 0 1 1 standing 
1 265 268 340 390 15748 0 1 1 standing 
1 270 265 342 390 15749 0 1 1 standing 
1 274 261 344 390 15750 0 1 1 standing 
1 279 258 346 391 15751 0 1 0 standing 
1 282 259 349 392 15752 0 1 1 standing 
1 285 260 352 393 15753 0 1 1 standing 
1 288 262 355 395 15754 0 1 1 standing 
1 291 263 358 396 15755 0 1 1 standing 
1 295 265 362 398 15756 0 1 0 standing 
1 297 266 366 398 15757 0 1 1 standing 
1 300 268 371 399 15758 0 1 1 standing 
1 303 270 375 400 15759 0 1 1 standing 
1 306 271 380 400 15760 0 1 1 standing 
1 309 273 384 401 15761 0 1 1 standing 
1 312 275 389 402 15762 0 1 0 standing 
1 315 271 393 402 15763 0 1 1 standing 
1 318 267 397 402 15764 0 1 1 standing 
2 647 342 744 456 15745 0 0 0 standing 
2 643 340 735 455 15746 0 0 1 standing 
2 640 338 727 455 15747 0 0 1 standing 
2 637 336 719 455 15748 0 0 1 standing 
2 634 334 711 454 15749 0 0 1 standing 
2 631 333 703 454 15750 0 0 1 standing 
2 627 331 694 454 15751 0 0 1 standing 
2 624 329 686 453 15752 0 0 1 standing 
2 621 327 678 453 15753 0 0 1 standing 
2 618 325 670 453 15754 0 0 1 standing 
2 615 324 662 453 15755 0 0 0 standing 
2 608 323 659 452 15756 0 0 1 standing 
2 601 323 657 452 15757 0 0 1 standing 
2 594 323 654 452 15758 0 0 1 standing 
2 588 323 652 452 15759 0 0 0 standing 
2 587 322 649 451 15760 0 0 1 standing 
2 587 322 647 451 15761 0 0 1 standing 
2 587 322 645 451 15762 0 0 1 standing 
2 586 322 643 451 15763 0 0 1 standing 
2 586 322 641 451 15764 0 0 1 standing 
3 840 394 897 550 15745 0 0 0 standing 
3 839 392 896 548 15746 0 0 1 standing 
3 838 391 895 547 15747 0 0 1 standing 
3 837 389 894 545 15748 0 0 1 standing 
3 837 388 894 544 15749 0 0 1 standing 
3 836 386 893 542 15750 0 0 1 standing 
3 835 385 892 541 15751 0 0 1 standing 
3 835 383 892 539 15752 0 0 1 standing 
3 834 382 891 538 15753 0 0 1 standing 
3 833 380 890 536 15754 0 0 1 standing 
3 833 379 890 535 15755 0 0 0 standing 
3 831 378 889 533 15756 0 0 1 standing 
3 830 377 889 532 15757 0 0 1 standing 
3 828 376 888 531 15758 0 0 1 standing 
3 827 375 888 530 15759 0 0 1 standing 
3 825 374 887 529 15760 0 0 1 standing 
3 824 373 887 528 15761 0 0 1 standing 
3 822 372 886 527 15762 0 0 1 standing 
3 821 371 886 526 15763 0 0 1 standing 
3 819 370 885 525 15764 0 0 1 standing 
4 767 271 810 412 15745 0 0 0 standing 
4 767 273 810 413 15746 0 0 1 standing 
4 767 275 811 415 15747 0 0 1 standing 
4 767 277 812 417 15748 0 0 1 standing 
4 767 279 812 419 15749 0 0 1 standing 
4 767 281 813 421 15750 0 0 1 standing 
4 767 283 814 423 15751 0 0 1 standing 
4 767 285 814 425 15752 0 0 1 standing 
4 767 287 815 427 15753 0 0 1 standing 
4 767 289 816 429 15754 0 0 1 standing 
4 767 291 817 431 15755 0 0 0 standing 
4 766 291 816 432 15756 0 0 1 standing 
4 766 292 816 434 15757 0 0 1 standing 
4 765 292 815 436 15758 0 0 1 standing 
4 765 293 815 438 15759 0 0 0 standing 
4 764 295 814 441 15760 0 0 1 standing 
4 764 298 814 445 15761 0 0 1 standing 
4 764 300 813 448 15762 0 0 1 standing 
4 763 303 813 452 15763 0 0 1 standing 
4 763 305 812 455 15764 0 0 1 standing 
5 1068 288 1138 431 15745 0 0 0 standing 
5 1067 285 1136 429 15746 0 0 1 standing 
5 1067 283 1135 427 15747 0 0 1 standing 
5 1067 281 1133 426 15748 0 0 1 standing 
5 1067 279 1132 424 15749 0 0 1 standing 
5 1067 277 1130 422 15750 0 0 1 standing 
5 1067 275 1129 421 15751 0 0 1 standing 
5 1067 272 1127 419 15752 0 0 1 standing 
5 1067 270 1126 417 15753 0 0 1 standing 
5 1067 268 1124 416 15754 0 0 1 standing 
5 1067 266 1123 414 15755 0 0 1 standing 
5 1067 264 1121 412 15756 0 0 1 standing 
5 1067 262 1120 411 15757 0 0 0 standing 
5 1067 263 1120 410 15758 0 0 1 standing 
5 1068 265 1121 410 15759 0 0 1 standing 
5 1068 266 1121 409 15760 0 0 1 standing 
5 1069 268 1122 409 15761 0 0 1 standing 
5 1069 270 1122 409 15762 0 0 1 standing 
5 1070 271 1123 408 15763 0 0 1 standing 
5 1070 273 1123 408 15764 0 0 1 standing 
6 178 336 280 445 15745 0 0 0 standing 
6 181 334 281 443 15746 0 0 1 waiting 
6 185 332 283 441 15747 0 0 1 waiting 
6 188 331 284 440 15748 0 0 1 waiting 
6 192 329 286 438 15749 0 0 1 waiting 
6 196 328 287 437 15750 0 0 1 waiting 
6 199 326 289 435 15751 0 0 1 waiting 
6 203 324 290 433 15752 0 0 1 waiting 
6 206 323 292 432 15753 0 0 1 waiting 
6 210 321 293 430 15754 0 0 1 waiting 
6 214 320 295 429 15755 0 0 0 waiting 
6 214 319 295 428 15756 0 0 1 waiting 
6 214 319 295 428 15757 0 0 1 waiting 
6 214 319 295 428 15758 0 0 1 waiting 
6 214 319 295 428 15759 0 0 1 waiting 
6 215 319 296 428 15760 0 0 1 waiting 
6 215 319 296 428 15761 0 0 1 waiting 
6 215 319 296 428 15762 0 0 1 waiting 
6 215 319 296 428 15763 0 0 1 waiting 
6 215 319 296 428 15764 0 0 1 waiting 
7 565 422 661 535 15745 0 1 0 waiting 
7 555 421 656 531 15746 0 1 1 falling 
7 546 420 652 528 15747 0 1 1 falling 
7 536 419 648 525 15748 0 1 1 falling 
7 527 418 644 522 15749 0 1 1 falling 
7 518 418 640 519 15750 0 1 0 falling 
7 511 417 635 516 15751 0 1 1 falling 
7 504 417 631 514 15752 0 1 1 falling 
7 498 417 627 512 15753 0 1 1 falling 
7 491 417 622 510 15754 0 1 1 falling 
7 485 417 618 508 15755 0 1 1 falling 
7 478 417 614 506 15756 0 1 1 falling 
7 471 416 609 504 15757 0 1 1 falling 
7 465 416 605 502 15758 0 1 1 falling 
7 458 416 601 500 15759 0 1 1 falling 
7 452 416 596 498 15760 0 1 1 falling 
7 445 416 592 496 15761 0 1 1 falling 
7 439 416 588 494 15762 0 1 0 falling 
7 439 416 588 494 15763 0 1 1 falling 
7 439 416 588 494 15764 0 1 1 falling 
8 688 302 730 446 15745 0 0 0 falling 
8 685 301 729 445 15746 0 0 1 standing 
8 682 301 728 445 15747 0 0 1 standing 
8 680 300 727 444 15748 0 0 1 standing 
8 677 300 727 444 15749 0 0 1 standing 
8 675 300 726 443 15750 0 0 1 standing 
8 672 299 725 443 15751 0 0 1 standing 
8 669 299 725 442 15752 0 0 1 standing 
8 667 298 724 442 15753 0 0 1 standing 
8 664 298 723 441 15754 0 0 1 standing 
8 662 298 723 441 15755 0 0 0 standing 
8 660 297 720 440 15756 0 0 1 standing 
8 659 296 718 439 15757 0 0 1 standing 
8 658 295 715 438 15758 0 0 1 standing 
8 656 295 713 437 15759 0 0 1 standing 
8 655 294 711 436 15760 0 0 1 standing 
8 654 293 708 435 15761 0 0 1 standing 
8 652 293 706 434 15762 0 0 1 standing 
8 651 292 703 433 15763 0 0 1 standing 
8 650 291 701 432 15764 0 0 1 standing 
9 780 325 868 463 15745 0 0 0 standing 
9 787 324 872 462 15746 0 0 1 standing 
9 795 323 876 461 15747 0 0 1 standing 
9 802 322 881 460 15748 0 0 1 standing 
9 810 321 885 459 15749 0 0 1 standing 
9 817 320 890 458 15750 0 0 1 standing 
9 825 319 894 457 15751 0 0 1 standing 
9 832 318 898 456 15752 0 0 1 standing 
9 840 317 903 455 15753 0 0 1 standing 
9 847 316 907 454 15754 0 0 1 standing 
9 855 316 912 453 15755 0 0 0 standing 
9 860 315 917 453 15756 0 0 1 standing 
9 866 315 923 454 15757 0 0 1 standing 
9 871 314 928 455 15758 0 0 1 standing 
9 877 314 934 456 15759 0 0 1 standing 
9 883 313 940 457 15760 0 0 1 standing 
9 888 313 945 458 15761 0 0 1 standing 
9 894 312 951 459 15762 0 0 1 standing 
9 899 312 956 460 15763 0 0 1 standing 
9 905 311 962 461 15764 0 0 1 standing 
10 988 373 1056 535 15745 0 0 0 standing 
10 989 373 1057 535 15746 0 0 1 standing 
10 990 373 1058 535 15747 0 0 1 standing 
10 992 373 1060 535 15748 0 0 1 standing 
10 993 373 1061 535 15749 0 0 1 standing 
10 995 373 1063 535 15750 0 0 1 standing 
10 996 373 1064 535 15751 0 0 1 standing 
10 997 373 1065 535 15752 0 0 1 standing 
10 999 373 1067 535 15753 0 0 1 standing 
10 1000 373 1068 535 15754 0 0 1 standing 
10 1002 373 1070 535 15755 0 0 0 standing 
10 1004 373 1072 534 15756 0 0 1 standing 
10 1006 373 1075 534 15757 0 0 1 standing 
10 1008 373 1078 534 15758 0 0 1 standing 
10 1011 373 1081 534 15759 0 0 1 standing 
10 1013 373 1084 534 15760 0 0 1 standing 
10 1015 373 1086 534 15761 0 0 1 standing 
10 1018 373 1089 534 15762 0 0 1 standing 
10 1020 373 1092 534 15763 0 0 1 standing 
10 1022 373 1095 534 15764 0 0 1 standing 
11 923 267 1006 372 15745 0 0 0 standing 
11 920 264 999 371 15746 0 0 1 standing 
11 917 262 993 371 15747 0 0 1 standing 
11 914 259 987 371 15748 0 0 1 standing 
11 911 257 980 371 15749 0 0 1 standing 
11 908 255 974 371 15750 0 0 1 standing 
11 905 252 968 371 15751 0 0 1 standing 
11 902 250 961 371 15752 0 0 1 standing 
11 899 247 955 371 15753 0 0 1 standing 
11 896 245 949 371 15754 0 0 1 standing 
11 894 243 943 371 15755 0 0 0 standing 
11 886 245 938 373 15756 0 0 1 standing 
11 878 247 934 375 15757 0 0 1 standing 
11 870 250 930 377 15758 0 0 1 standing 
11 862 252 925 379 15759 0 0 1 standing 
11 854 254 921 381 15760 0 0 1 standing 
11 847 257 917 384 15761 0 0 0 standing 
11 843 256 912 383 15762 0 0 1 standing 
11 840 255 908 382 15763 0 0 1 standing 
11 837 254 903 381 15764 0 0 1 standing 
