0 709 475 800 593 24205 0 1 0 falling 
0 702 473 800 591 24206 0 1 1 falling 
0 695 472 800 590 24207 0 1 1 falling 
0 689 471 800 589 24208 0 1 0 falling 
0 685 471 799 587 24209 0 1 1 falling 
0 682 472 798 585 24210 0 1 1 falling 
0 679 473 798 583 24211 0 1 0 falling 
0 680 472 796 581 24212 0 1 1 falling 
0 681 471 794 580 24213 0 1 1 falling 
0 682 470 792 579 24214 0 1 1 falling 
0 683 469 790 578 24215 0 1 1 falling 
0 684 468 788 577 24216 0 1 1 falling 
0 685 468 786 576 24217 0 1 0 falling 
0 689 465 788 574 24218 0 1 1 falling 
0 693 462 790 572 24219 0 1 1 falling 
0 697 460 792 570 24220 0 1 0 falling 
0 699 458 792 572 24221 0 1 1 falling 
0 701 457 793 574 24222 0 1 1 falling 
0 703 456 794 576 24223 0 1 0 falling 
0 705 455 789 578 24224 0 1 1 falling 
1 734 474 831 586 24205 0 1 0 falling 
1 730 474 827 584 24206 0 1 1 falling 
1 726 475 823 583 24207 0 1 1 falling 
1 722 475 819 582 24208 0 1 1 falling 
1 719 476 815 580 24209 0 1 1 falling 
1 715 476 811 579 24210 0 1 1 falling 
1 711 477 807 578 24211 0 1 1 falling 
1 708 477 803 576 24212 0 1 1 falling 
1 704 478 799 575 24213 0 1 1 falling 
1 700 478 795 574 24214 0 1 1 falling 
1 697 479 792 573 24215 0 1 0 falling 
1 696 478 790 569 24216 0 1 1 falling 
1 696 477 788 565 24217 0 1 1 falling 
1 695 476 786 561 24218 0 1 1 falling 
1 695 475 784 557 24219 0 1 1 falling 
1 695 475 783 553 24220 0 1 0 falling 
1 691 474 784 547 24221 0 1 1 falling 
1 687 474 785 541 24222 0 1 1 falling 
1 684 474 786 535 24223 0 1 0 falling 
1 689 467 790 534 24224 0 1 1 falling 
2 902 415 981 534 24205 0 0 0 falling 
2 893 412 979 536 24206 0 0 1 standing 
2 884 410 977 538 24207 0 0 1 standing 
2 876 408 975 541 24208 0 0 0 standing 
2 874 405 963 540 24209 0 0 1 standing 
2 873 403 952 540 24210 0 0 1 standing 
2 872 401 941 540 24211 0 0 0 standing 
2 867 400 936 539 24212 0 0 1 standing 
2 862 399 931 539 24213 0 0 1 standing 
2 857 398 926 539 24214 0 0 0 standing 
2 853 401 923 544 24215 0 0 1 standing 
2 849 405 920 549 24216 0 0 1 standing 
2 846 409 917 554 24217 0 0 0 standing 
2 847 411 916 556 24218 0 0 1 standing 
2 848 413 915 559 24219 0 0 1 standing 
2 850 415 915 562 24220 0 0 0 standing 
2 853 416 918 561 24221 0 0 1 standing 
2 856 418 921 561 24222 0 0 1 standing 
2 860 420 925 561 24223 0 0 0 standing 
2 863 418 930 559 24224 0 0 1 standing 
3 703 403 757 498 24205 0 0 0 standing 
3 701 404 754 499 24206 0 0 1 moving 
3 699 406 752 501 24207 0 0 1 moving 
3 698 408 750 503 24208 0 0 0 moving 
3 692 406 749 505 24209 0 0 1 moving 
3 686 404 748 508 24210 0 0 1 moving 
3 681 402 747 511 24211 0 0 0 moving 
3 676 400 752 514 24212 0 0 1 moving 
3 671 399 758 517 24213 0 0 1 moving 
3 666 398 764 520 24214 0 0 0 moving 
3 665 393 764 518 24215 0 0 1 moving 
3 665 389 764 516 24216 0 0 1 moving 
3 665 385 765 515 24217 0 0 0 moving 
3 665 383 760 515 24218 0 0 1 moving 
3 665 381 756 515 24219 0 0 1 moving 
3 666 380 752 516 24220 0 0 0 moving 
3 661 381 747 517 24221 0 0 1 moving 
3 657 382 743 518 24222 0 0 1 moving 
3 653 384 739 520 24223 0 0 0 moving 
3 655 386 738 518 24224 0 0 1 moving 
4 491 376 539 496 24205 0 0 0 moving 
4 491 376 539 496 24206 0 0 1 standing 
4 492 376 540 496 24207 0 0 1 standing 
4 493 377 541 497 24208 0 0 0 standing 
4 494 376 543 496 24209 0 0 1 standing 
4 495 375 545 495 24210 0 0 1 standing 
4 497 375 548 494 24211 0 0 0 standing 
4 499 374 550 493 24212 0 0 1 standing 
4 502 373 553 492 24213 0 0 1 standing 
4 505 372 556 491 24214 0 0 0 standing 
4 508 370 561 489 24215 0 0 1 standing 
4 511 368 567 488 24216 0 0 1 standing 
4 514 366 573 487 24217 0 0 0 standing 
4 518 366 577 488 24218 0 0 1 standing 
4 522 367 581 489 24219 0 0 1 standing 
4 527 368 585 490 24220 0 0 0 standing 
4 534 368 590 490 24221 0 0 1 standing 
4 541 369 596 490 24222 0 0 1 standing 
4 548 370 602 491 24223 0 0 0 standing 
4 552 370 607 490 24224 0 0 1 standing 
5 489 339 520 492 24205 0 0 0 standing 
5 490 337 521 492 24206 0 0 1 standing 
5 492 336 522 493 24207 0 0 1 standing 
5 494 335 523 494 24208 0 0 0 standing 
5 494 333 527 488 24209 0 0 1 standing 
5 494 332 532 483 24210 0 0 1 standing 
5 495 331 537 478 24211 0 0 0 standing 
5 499 334 546 474 24212 0 0 1 standing 
5 504 337 555 470 24213 0 0 1 standing 
5 509 340 564 467 24214 0 0 0 standing 
5 512 341 574 464 24215 0 0 1 standing 
5 515 343 584 461 24216 0 0 1 standing 
5 519 345 595 458 24217 0 0 0 standing 
5 522 347 603 459 24218 0 0 1 standing 
5 525 349 611 461 24219 0 0 1 standing 
5 529 351 619 463 24220 0 0 0 standing 
5 546 350 632 461 24221 0 0 1 standing 
5 563 350 645 460 24222 0 0 1 standing 
5 581 350 658 459 24223 0 0 0 standing 
5 588 350 670 458 24224 0 0 1 standing 
6 412 386 464 537 24205 0 0 0 standing 
6 412 385 463 538 24206 0 0 1 standing 
6 412 384 462 540 24207 0 0 1 standing 
6 412 383 461 542 24208 0 0 0 standing 
6 413 383 462 542 24209 0 0 1 standing 
6 414 383 463 542 24210 0 0 1 standing 
6 415 383 464 542 24211 0 0 0 standing 
6 414 382 466 537 24212 0 0 1 standing 
6 413 381 468 532 24213 0 0 1 standing 
6 412 381 470 528 24214 0 0 0 standing 
6 414 382 472 529 24215 0 0 1 standing 
6 416 383 474 530 24216 0 0 1 standing 
6 418 384 476 531 24217 0 0 0 standing 
6 422 385 477 531 24218 0 0 1 standing 
6 426 386 479 532 24219 0 0 1 standing 
6 431 387 481 533 24220 0 0 0 standing 
6 438 386 487 535 24221 0 0 1 standing 
6 445 385 494 537 24222 0 0 1 standing 
6 452 385 501 539 24223 0 0 0 standing 
6 459 385 507 540 24224 0 0 1 standing 
7 406 368 470 513 24205 0 0 0 standing 
7 407 367 469 512 24206 0 0 1 standing 
7 408 366 468 512 24207 0 0 1 standing 
7 409 365 468 512 24208 0 0 0 standing 
7 417 364 474 511 24209 0 0 1 standing 
7 426 363 480 511 24210 0 0 1 standing 
7 435 362 486 511 24211 0 0 0 standing 
7 439 362 490 511 24212 0 0 1 standing 
7 443 362 494 511 24213 0 0 1 standing 
7 448 363 499 512 24214 0 0 0 standing 
7 450 362 500 512 24215 0 0 1 standing 
7 452 362 501 513 24216 0 0 1 standing 
7 454 362 503 514 24217 0 0 0 standing 
7 459 362 508 516 24218 0 0 1 standing 
7 464 362 513 518 24219 0 0 1 standing 
7 470 362 518 521 24220 0 0 0 standing 
7 475 362 523 521 24221 0 0 1 standing 
7 480 362 528 521 24222 0 0 1 standing 
7 486 362 534 521 24223 0 0 0 standing 
7 490 362 538 521 24224 0 0 1 standing 
8 363 456 433 612 24205 0 0 0 standing 
8 367 454 433 611 24206 0 0 1 standing 
8 372 452 434 610 24207 0 0 1 standing 
8 377 450 435 610 24208 0 0 0 standing 
8 379 448 437 610 24209 0 0 1 standing 
8 382 446 439 610 24210 0 0 1 standing 
8 385 445 442 611 24211 0 0 0 standing 
8 388 444 443 611 24212 0 0 1 standing 
8 392 443 444 611 24213 0 0 1 standing 
8 396 442 446 611 24214 0 0 0 standing 
8 399 441 450 610 24215 0 0 1 standing 
8 402 441 454 610 24216 0 0 1 standing 
8 406 441 459 610 24217 0 0 0 standing 
8 409 442 461 611 24218 0 0 1 standing 
8 413 443 464 612 24219 0 0 1 standing 
8 417 445 467 613 24220 0 0 0 standing 
8 422 444 472 612 24221 0 0 1 standing 
8 427 444 477 612 24222 0 0 1 standing 
8 433 444 483 612 24223 0 0 0 standing 
8 438 443 488 612 24224 0 0 1 standing 
9 227 453 293 579 24205 0 0 0 standing 
9 224 451 290 577 24206 0 0 1 standing 
9 221 450 287 576 24207 0 0 1 standing 
9 218 449 285 575 24208 0 0 0 standing 
9 215 446 281 573 24209 0 0 1 standing 
9 212 444 278 572 24210 0 0 1 standing 
9 210 442 275 571 24211 0 0 0 standing 
9 209 440 274 570 24212 0 0 1 standing 
9 208 438 273 569 24213 0 0 1 standing 
9 207 436 272 569 24214 0 0 0 standing 
9 207 435 273 570 24215 0 0 1 standing 
9 208 434 274 572 24216 0 0 1 standing 
9 209 434 276 574 24217 0 0 0 standing 
9 208 432 270 574 24218 0 0 1 standing 
9 208 431 265 575 24219 0 0 1 standing 
9 208 430 260 576 24220 0 0 0 standing 
9 207 430 261 575 24221 0 0 1 standing 
9 206 430 262 574 24222 0 0 1 standing 
9 205 430 264 574 24223 0 0 0 standing 
9 199 430 267 576 24224 0 0 1 standing 
10 270 381 326 504 24205 0 0 0 standing 
10 268 380 325 502 24206 0 0 1 standing 
10 267 380 325 501 24207 0 0 1 standing 
10 266 380 325 500 24208 0 0 0 standing 
10 263 380 322 501 24209 0 0 1 standing 
10 260 380 320 503 24210 0 0 1 standing 
10 257 380 318 505 24211 0 0 0 standing 
10 252 375 312 504 24212 0 0 1 standing 
10 247 371 306 503 24213 0 0 1 standing 
10 242 367 301 502 24214 0 0 0 standing 
10 241 366 299 501 24215 0 0 1 standing 
10 241 365 298 501 24216 0 0 1 standing 
10 241 365 297 501 24217 0 0 0 standing 
10 242 366 295 506 24218 0 0 1 standing 
10 243 368 293 511 24219 0 0 1 standing 
10 244 370 292 516 24220 0 0 0 standing 
10 244 371 294 519 24221 0 0 1 standing 
10 244 372 296 522 24222 0 0 1 standing 
10 244 373 298 525 24223 0 0 0 standing 
10 243 374 295 525 24224 0 0 1 standing 
11 140 399 192 529 24205 0 0 0 standing 
11 136 397 190 527 24206 0 0 1 standing 
11 132 395 188 526 24207 0 0 1 standing 
11 129 393 186 525 24208 0 0 0 standing 
11 128 391 186 522 24209 0 0 1 standing 
11 127 389 186 519 24210 0 0 1 standing 
11 127 387 186 517 24211 0 0 0 standing 
11 124 386 188 515 24212 0 0 1 standing 
11 121 385 190 514 24213 0 0 1 standing 
11 118 385 193 513 24214 0 0 0 standing 
11 120 383 192 513 24215 0 0 1 standing 
11 122 382 191 513 24216 0 0 1 standing 
11 124 381 191 514 24217 0 0 1 standing 
11 126 380 190 514 24218 0 0 1 standing 
11 128 379 189 514 24219 0 0 1 standing 
11 131 378 189 515 24220 0 0 0 standing 
11 132 378 189 514 24221 0 0 1 standing 
11 134 378 189 514 24222 0 0 1 standing 
11 136 378 189 514 24223 0 0 0 standing 
11 139 378 195 514 24224 0 0 1 standing 
