0 335 596 437 749 23685 0 0 0 standing 
0 335 595 437 750 23686 0 0 1 standing 
0 335 595 437 751 23687 0 0 1 standing 
0 336 595 437 752 23688 0 0 1 standing 
0 336 594 438 754 23689 0 0 1 standing 
0 337 594 438 755 23690 0 0 1 standing 
0 337 594 438 756 23691 0 0 1 standing 
0 337 593 439 758 23692 0 0 1 standing 
0 338 593 439 759 23693 0 0 1 standing 
0 338 593 439 760 23694 0 0 1 standing 
0 339 593 440 762 23695 0 0 0 standing 
0 348 592 437 760 23696 0 0 1 standing 
0 357 591 434 759 23697 0 0 1 standing 
0 367 590 432 758 23698 0 0 0 standing 
0 371 590 436 758 23699 0 0 1 standing 
0 375 590 440 759 23700 0 0 1 standing 
0 380 591 444 759 23701 0 0 1 standing 
0 384 591 448 760 23702 0 0 1 standing 
0 389 592 452 760 23703 0 0 1 standing 
0 393 592 456 761 23704 0 0 1 standing 
1 781 593 875 731 23685 0 1 0 standing 
1 778 589 871 730 23686 0 1 1 digging 
1 775 586 867 729 23687 0 1 1 digging 
1 773 583 863 729 23688 0 1 1 digging 
1 770 579 860 728 23689 0 1 1 digging 
1 768 576 856 728 23690 0 1 1 digging 
1 765 573 852 727 23691 0 1 1 digging 
1 762 569 849 726 23692 0 1 1 digging 
1 760 566 845 726 23693 0 1 1 digging 
1 757 563 841 725 23694 0 1 1 digging 
1 755 560 838 725 23695 0 1 0 digging 
1 752 558 835 722 23696 0 1 1 digging 
1 749 557 832 719 23697 0 1 1 digging 
1 746 555 829 716 23698 0 1 1 digging 
1 744 554 826 713 23699 0 1 1 digging 
1 741 552 823 710 23700 0 1 1 digging 
1 738 551 820 707 23701 0 1 1 digging 
1 736 550 818 704 23702 0 1 0 digging 
1 736 550 818 704 23703 0 1 1 digging 
1 736 550 818 704 23704 0 1 1 digging 
2 703 563 773 704 23685 0 0 0 digging 
2 695 561 765 703 23686 0 0 1 standing 
2 688 559 758 703 23687 0 0 1 standing 
2 681 557 751 702 23688 0 0 1 standing 
2 674 555 744 702 23689 0 0 1 standing 
2 667 553 737 701 23690 0 0 1 standing 
2 660 552 730 701 23691 0 0 0 standing 
2 654 553 724 703 23692 0 0 1 standing 
2 649 554 718 706 23693 0 0 1 standing 
2 643 555 712 708 23694 0 0 1 standing 
2 638 556 707 711 23695 0 0 0 standing 
2 634 556 702 713 23696 0 0 1 standing 
2 630 557 698 715 23697 0 0 1 standing 
2 626 557 693 717 23698 0 0 1 standing 
2 623 558 689 720 23699 0 0 1 standing 
2 619 559 684 722 23700 0 0 1 standing 
2 615 559 680 724 23701 0 0 1 standing 
2 612 560 675 727 23702 0 0 1 standing 
2 608 560 671 729 23703 0 0 1 standing 
2 604 561 666 731 23704 0 0 1 standing 
3 985 623 1042 796 23685 0 0 0 standing 
3 979 621 1036 793 23686 0 0 1 standing 
3 974 619 1031 791 23687 0 0 1 standing 
3 968 618 1025 789 23688 0 0 1 standing 
3 963 616 1020 786 23689 0 0 1 standing 
3 958 615 1015 784 23690 0 0 1 standing 
3 952 613 1009 782 23691 0 0 1 standing 
3 947 611 1004 779 23692 0 0 1 standing 
3 941 610 998 777 23693 0 0 1 standing 
3 936 608 993 775 23694 0 0 1 standing 
3 931 607 988 773 23695 0 0 0 standing 
3 927 608 988 774 23696 0 0 1 standing 
3 923 610 988 775 23697 0 0 1 standing 
3 920 612 988 776 23698 0 0 1 standing 
3 916 613 988 778 23699 0 0 1 standing 
3 913 615 988 779 23700 0 0 1 standing 
3 909 617 988 780 23701 0 0 1 standing 
3 906 619 989 782 23702 0 0 0 standing 
3 914 621 992 784 23703 0 0 1 standing 
3 922 623 996 787 23704 0 0 1 standing 
4 975 533 1031 673 23685 0 0 0 standing 
4 968 532 1024 673 23686 0 0 1 standing 
4 961 532 1018 673 23687 0 0 1 standing 
4 955 532 1011 673 23688 0 0 1 standing 
4 948 531 1005 673 23689 0 0 1 standing 
4 941 531 998 673 23690 0 0 1 standing 
4 935 531 992 673 23691 0 0 0 standing 
4 930 530 987 672 23692 0 0 1 standing 
4 926 529 983 671 23693 0 0 1 standing 
4 921 528 979 670 23694 0 0 1 standing 
4 917 528 975 669 23695 0 0 0 standing 
4 910 528 969 669 23696 0 0 1 standing 
4 904 528 963 669 23697 0 0 1 standing 
4 898 528 957 669 23698 0 0 1 standing 
4 892 528 951 669 23699 0 0 1 standing 
4 886 528 945 669 23700 0 0 1 standing 
4 880 528 939 669 23701 0 0 1 standing 
4 874 528 933 669 23702 0 0 0 standing 
4 868 527 927 669 23703 0 0 1 standing 
4 863 527 921 669 23704 0 0 1 standing 
5 1327 566 1410 734 23685 0 0 0 standing 
5 1326 566 1409 734 23686 0 0 1 standing 
5 1326 567 1409 735 23687 0 0 1 standing 
5 1326 567 1409 735 23688 0 0 1 standing 
5 1326 568 1409 736 23689 0 0 1 standing 
5 1326 569 1409 737 23690 0 0 1 standing 
5 1326 569 1408 737 23691 0 0 1 standing 
5 1326 570 1408 738 23692 0 0 1 standing 
5 1326 570 1408 738 23693 0 0 1 standing 
5 1326 571 1408 739 23694 0 0 1 standing 
5 1326 572 1408 740 23695 0 0 0 standing 
5 1327 572 1409 739 23696 0 0 1 standing 
5 1328 572 1410 739 23697 0 0 1 standing 
5 1329 572 1411 739 23698 0 0 1 standing 
5 1330 572 1412 739 23699 0 0 1 standing 
5 1331 572 1413 739 23700 0 0 1 standing 
5 1332 572 1414 739 23701 0 0 1 standing 
5 1334 572 1416 739 23702 0 0 0 standing 
5 1336 571 1418 739 23703 0 0 1 standing 
5 1339 571 1421 739 23704 0 0 1 standing 
6 605 605 675 731 23685 0 0 0 standing 
6 598 602 667 731 23686 0 0 1 standing 
6 592 600 659 731 23687 0 0 1 standing 
6 586 597 651 731 23688 0 0 1 standing 
6 579 595 643 732 23689 0 0 1 standing 
6 573 592 636 732 23690 0 0 1 standing 
6 567 590 628 732 23691 0 0 1 standing 
6 560 587 620 733 23692 0 0 1 standing 
6 554 585 612 733 23693 0 0 1 standing 
6 548 582 604 733 23694 0 0 1 standing 
6 542 580 597 734 23695 0 0 0 standing 
6 536 577 589 731 23696 0 0 1 standing 
6 530 574 582 728 23697 0 0 1 standing 
6 524 571 575 725 23698 0 0 1 standing 
6 518 568 568 722 23699 0 0 1 standing 
6 513 565 561 719 23700 0 0 0 standing 
6 505 564 557 718 23701 0 0 1 standing 
6 497 563 553 717 23702 0 0 1 standing 
6 489 563 549 716 23703 0 0 1 standing 
6 481 562 545 715 23704 0 0 1 standing 
7 871 588 935 783 23685 0 0 0 standing 
7 864 587 928 783 23686 0 0 1 standing 
7 857 587 921 783 23687 0 0 1 standing 
7 850 587 914 783 23688 0 0 1 standing 
7 843 587 908 783 23689 0 0 1 standing 
7 837 587 901 783 23690 0 0 1 standing 
7 830 586 894 783 23691 0 0 1 standing 
7 823 586 888 783 23692 0 0 1 standing 
7 816 586 881 783 23693 0 0 1 standing 
7 809 586 874 783 23694 0 0 1 standing 
7 803 586 868 784 23695 0 0 0 standing 
7 797 586 863 782 23696 0 0 1 standing 
7 791 587 858 780 23697 0 0 1 standing 
7 785 587 854 778 23698 0 0 1 standing 
7 779 588 849 776 23699 0 0 1 standing 
7 774 589 845 775 23700 0 0 0 standing 
7 765 588 837 773 23701 0 0 1 standing 
7 756 587 830 771 23702 0 0 1 standing 
7 748 587 822 769 23703 0 0 1 standing 
7 739 586 815 767 23704 0 0 1 standing 
8 775 488 852 625 23685 0 0 0 standing 
8 767 487 843 623 23686 0 0 1 standing 
8 760 486 835 621 23687 0 0 1 standing 
8 753 485 826 619 23688 0 0 1 standing 
8 746 484 818 618 23689 0 0 1 standing 
8 739 484 809 616 23690 0 0 1 standing 
8 731 483 801 614 23691 0 0 1 standing 
8 724 482 792 613 23692 0 0 1 standing 
8 717 481 784 611 23693 0 0 1 standing 
8 710 480 775 609 23694 0 0 1 standing 
8 703 480 767 608 23695 0 0 0 standing 
8 698 479 762 607 23696 0 0 1 standing 
8 693 478 757 606 23697 0 0 1 standing 
8 689 477 753 605 23698 0 0 1 standing 
8 684 476 748 604 23699 0 0 1 standing 
8 680 476 744 603 23700 0 0 0 standing 
8 675 475 739 602 23701 0 0 1 standing 
8 671 474 735 601 23702 0 0 1 standing 
8 666 474 731 600 23703 0 0 1 standing 
8 662 473 727 599 23704 0 0 1 standing 
9 981 569 1043 759 23685 0 0 0 standing 
9 975 568 1036 754 23686 0 0 1 standing 
9 969 567 1030 750 23687 0 0 1 standing 
9 963 566 1024 746 23688 0 0 1 standing 
9 957 565 1017 742 23689 0 0 1 standing 
9 951 564 1011 738 23690 0 0 1 standing 
9 945 563 1005 733 23691 0 0 1 standing 
9 939 562 998 729 23692 0 0 1 standing 
9 933 561 992 725 23693 0 0 1 standing 
9 927 560 986 721 23694 0 0 1 standing 
9 921 560 980 717 23695 0 0 0 standing 
9 915 558 974 716 23696 0 0 1 standing 
9 910 556 968 715 23697 0 0 1 standing 
9 904 554 963 714 23698 0 0 1 standing 
9 899 552 957 713 23699 0 0 1 standing 
9 893 551 952 712 23700 0 0 1 standing 
9 888 549 946 711 23701 0 0 1 standing 
9 882 547 940 710 23702 0 0 1 standing 
9 877 545 935 709 23703 0 0 1 standing 
9 871 543 929 708 23704 0 0 1 standing 
10 1190 558 1248 705 23685 0 0 0 standing 
10 1185 555 1243 702 23686 0 0 1 standing 
10 1181 552 1239 699 23687 0 0 1 standing 
10 1176 549 1234 696 23688 0 0 1 standing 
10 1172 546 1230 694 23689 0 0 1 standing 
10 1168 544 1226 691 23690 0 0 1 standing 
10 1163 541 1221 688 23691 0 0 1 standing 
10 1159 538 1217 686 23692 0 0 1 standing 
10 1154 535 1212 683 23693 0 0 1 standing 
10 1150 532 1208 680 23694 0 0 1 standing 
10 1146 530 1204 678 23695 0 0 0 standing 
10 1143 527 1201 674 23696 0 0 1 standing 
10 1141 524 1199 670 23697 0 0 1 standing 
10 1138 521 1196 666 23698 0 0 1 standing 
10 1136 519 1194 663 23699 0 0 0 standing 
10 1135 519 1193 663 23700 0 0 1 standing 
10 1135 520 1193 663 23701 0 0 1 standing 
10 1134 521 1193 663 23702 0 0 1 standing 
10 1134 522 1192 663 23703 0 0 1 standing 
10 1133 523 1192 663 23704 0 0 1 standing 
11 1381 693 1467 843 23685 0 0 0 standing 
11 1374 696 1460 845 23686 0 0 1 standing 
11 1367 699 1454 848 23687 0 0 1 standing 
11 1360 702 1447 851 23688 0 0 1 standing 
11 1353 705 1441 854 23689 0 0 1 standing 
11 1347 708 1434 857 23690 0 0 1 standing 
11 1340 711 1428 860 23691 0 0 1 standing 
11 1333 714 1421 863 23692 0 0 1 standing 
11 1326 717 1415 866 23693 0 0 1 standing 
11 1319 720 1408 869 23694 0 0 1 standing 
11 1313 724 1402 872 23695 0 0 0 standing 
11 1310 724 1401 871 23696 0 0 1 standing 
11 1307 724 1400 871 23697 0 0 1 standing 
11 1304 724 1400 871 23698 0 0 1 standing 
11 1301 724 1399 871 23699 0 0 1 standing 
11 1299 724 1399 871 23700 0 0 1 standing 
11 1296 724 1398 871 23701 0 0 1 standing 
11 1293 724 1397 871 23702 0 0 1 standing 
11 1290 724 1397 871 23703 0 0 1 standing 
11 1287 724 1396 871 23704 0 0 1 standing 
