0 639 344 703 448 39215 0 1 0 digging 
0 639 344 702 450 39216 0 1 1 digging 
0 639 344 702 452 39217 0 1 1 digging 
0 639 344 702 454 39218 0 1 1 digging 
0 639 344 702 456 39219 0 1 1 digging 
0 639 344 702 458 39220 0 1 1 digging 
0 639 344 702 460 39221 0 1 1 digging 
0 639 344 702 462 39222 0 1 1 digging 
0 639 344 702 464 39223 0 1 1 digging 
0 639 344 702 466 39224 0 1 1 digging 
0 639 344 702 468 39225 0 1 0 digging 
0 638 344 701 471 39226 0 1 1 digging 
0 638 345 701 475 39227 0 1 1 digging 
0 637 345 700 478 39228 0 1 1 digging 
0 637 346 700 482 39229 0 1 1 digging 
0 637 347 699 486 39230 0 1 1 digging 
0 636 347 699 489 39231 0 1 1 digging 
0 636 348 698 493 39232 0 1 1 digging 
0 635 348 698 496 39233 0 1 1 digging 
0 635 349 697 500 39234 0 1 1 digging 
1 655 396 720 519 39215 0 1 0 digging 
1 657 395 723 518 39216 0 1 1 falling 
1 660 395 727 518 39217 0 1 1 falling 
1 662 395 731 518 39218 0 1 1 falling 
1 665 394 735 518 39219 0 1 1 falling 
1 667 394 739 518 39220 0 1 1 falling 
1 670 394 742 518 39221 0 1 1 falling 
1 672 393 746 518 39222 0 1 1 falling 
1 675 393 750 518 39223 0 1 1 falling 
1 677 393 754 518 39224 0 1 1 falling 
1 680 393 758 518 39225 0 1 0 falling 
1 688 391 767 517 39226 0 1 1 falling 
1 696 390 777 516 39227 0 1 1 falling 
1 704 389 787 515 39228 0 1 1 falling 
1 712 387 797 514 39229 0 1 1 falling 
1 720 386 807 514 39230 0 1 1 falling 
1 728 385 816 513 39231 0 1 1 falling 
1 736 383 826 512 39232 0 1 1 falling 
1 744 382 836 511 39233 0 1 1 falling 
1 752 381 846 510 39234 0 1 1 falling 
2 881 380 956 528 39215 0 0 0 falling 
2 887 378 960 526 39216 0 0 1 standing 
2 893 377 965 525 39217 0 0 1 standing 
2 899 376 970 524 39218 0 0 1 standing 
2 906 375 975 523 39219 0 0 1 standing 
2 912 374 980 522 39220 0 0 1 standing 
2 918 372 984 521 39221 0 0 1 standing 
2 925 371 989 520 39222 0 0 1 standing 
2 931 370 994 519 39223 0 0 1 standing 
2 937 369 999 518 39224 0 0 1 standing 
2 944 368 1004 517 39225 0 0 0 standing 
2 946 368 1010 516 39226 0 0 1 standing 
2 949 369 1017 516 39227 0 0 1 standing 
2 952 370 1024 516 39228 0 0 1 standing 
2 955 371 1030 516 39229 0 0 1 standing 
2 958 372 1037 516 39230 0 0 1 standing 
2 961 372 1044 516 39231 0 0 1 standing 
2 964 373 1050 516 39232 0 0 1 standing 
2 967 374 1057 516 39233 0 0 1 standing 
2 970 375 1064 516 39234 0 0 1 standing 
3 875 333 955 456 39215 0 0 0 standing 
3 878 332 956 457 39216 0 0 1 standing 
3 882 332 957 459 39217 0 0 1 standing 
3 886 331 958 460 39218 0 0 1 standing 
3 889 331 960 462 39219 0 0 1 standing 
3 893 331 961 464 39220 0 0 1 standing 
3 897 330 962 465 39221 0 0 1 standing 
3 900 330 964 467 39222 0 0 1 standing 
3 904 329 965 468 39223 0 0 1 standing 
3 908 329 966 470 39224 0 0 1 standing 
3 912 329 968 472 39225 0 0 0 standing 
3 914 328 972 471 39226 0 0 1 standing 
3 917 327 976 470 39227 0 0 1 standing 
3 920 326 980 469 39228 0 0 1 standing 
3 923 326 984 468 39229 0 0 1 standing 
3 926 325 988 468 39230 0 0 1 standing 
3 928 324 992 467 39231 0 0 1 standing 
3 931 324 996 466 39232 0 0 1 standing 
3 934 323 1000 465 39233 0 0 1 standing 
3 937 322 1004 464 39234 0 0 1 standing 
4 502 298 556 435 39215 0 0 0 standing 
4 505 299 564 435 39216 0 0 1 waiting 
4 509 301 572 436 39217 0 0 1 waiting 
4 513 303 581 436 39218 0 0 1 waiting 
4 517 304 589 437 39219 0 0 1 waiting 
4 521 306 598 438 39220 0 0 1 waiting 
4 524 308 606 438 39221 0 0 1 waiting 
4 528 309 614 439 39222 0 0 1 waiting 
4 532 311 623 439 39223 0 0 1 waiting 
4 536 313 631 440 39224 0 0 1 waiting 
4 540 315 640 441 39225 0 0 0 waiting 
4 550 314 650 441 39226 0 0 1 waiting 
4 561 314 660 441 39227 0 0 1 waiting 
4 572 313 670 441 39228 0 0 1 waiting 
4 582 313 680 441 39229 0 0 1 waiting 
4 593 312 690 442 39230 0 0 1 waiting 
4 604 312 700 442 39231 0 0 1 waiting 
4 614 311 710 442 39232 0 0 1 waiting 
4 625 311 720 442 39233 0 0 1 waiting 
4 636 310 730 442 39234 0 0 1 waiting 
5 492 293 536 421 39215 0 0 0 waiting 
5 500 293 546 420 39216 0 0 1 standing 
5 509 294 557 420 39217 0 0 1 standing 
5 518 295 568 419 39218 0 0 1 standing 
5 527 295 579 419 39219 0 0 1 standing 
5 536 296 590 419 39220 0 0 1 standing 
5 545 297 600 418 39221 0 0 1 standing 
5 554 297 611 418 39222 0 0 1 standing 
5 563 298 622 417 39223 0 0 1 standing 
5 572 299 633 417 39224 0 0 1 standing 
5 581 300 644 417 39225 0 0 0 standing 
5 593 297 658 416 39226 0 0 1 standing 
5 605 295 672 416 39227 0 0 1 standing 
5 617 293 686 415 39228 0 0 1 standing 
5 629 291 700 415 39229 0 0 1 standing 
5 641 289 714 415 39230 0 0 1 standing 
5 653 287 728 414 39231 0 0 1 standing 
5 665 285 742 414 39232 0 0 1 standing 
5 677 283 756 413 39233 0 0 1 standing 
5 689 281 770 413 39234 0 0 1 standing 
6 384 408 449 579 39215 0 0 0 standing 
6 391 405 455 575 39216 0 0 1 moving 
6 399 403 461 572 39217 0 0 1 moving 
6 406 400 467 568 39218 0 0 1 moving 
6 414 398 473 565 39219 0 0 1 moving 
6 422 395 480 561 39220 0 0 1 moving 
6 429 393 486 558 39221 0 0 1 moving 
6 437 390 492 554 39222 0 0 1 moving 
6 444 388 498 551 39223 0 0 1 moving 
6 452 385 504 547 39224 0 0 1 moving 
6 460 383 511 544 39225 0 0 0 moving 
6 463 381 514 542 39226 0 0 1 moving 
6 466 380 517 541 39227 0 0 1 moving 
6 470 379 520 540 39228 0 0 1 moving 
6 473 378 523 539 39229 0 0 1 moving 
6 477 377 526 538 39230 0 0 1 moving 
6 480 376 529 536 39231 0 0 1 moving 
6 483 375 532 535 39232 0 0 1 moving 
6 487 374 535 534 39233 0 0 1 moving 
6 490 373 538 533 39234 0 0 1 moving 
7 367 350 413 510 39215 0 0 0 moving 
7 368 351 416 513 39216 0 0 1 standing 
7 370 353 419 516 39217 0 0 1 standing 
7 372 355 422 519 39218 0 0 1 standing 
7 373 357 425 522 39219 0 0 1 standing 
7 375 359 429 526 39220 0 0 1 standing 
7 377 360 432 529 39221 0 0 1 standing 
7 378 362 435 532 39222 0 0 1 standing 
7 380 364 438 535 39223 0 0 1 standing 
7 382 366 441 538 39224 0 0 1 standing 
7 384 368 445 542 39225 0 0 0 standing 
7 390 370 450 544 39226 0 0 1 standing 
7 396 372 456 546 39227 0 0 1 standing 
7 402 374 462 548 39228 0 0 1 standing 
7 409 376 468 550 39229 0 0 1 standing 
7 415 378 474 552 39230 0 0 1 standing 
7 421 380 480 554 39231 0 0 1 standing 
7 428 382 486 556 39232 0 0 1 standing 
7 434 384 492 558 39233 0 0 1 standing 
7 440 386 498 560 39234 0 0 1 standing 
8 440 313 480 449 39215 0 0 0 standing 
8 443 312 483 448 39216 0 0 1 standing 
8 446 312 486 448 39217 0 0 1 standing 
8 449 312 489 448 39218 0 0 1 standing 
8 452 312 492 448 39219 0 0 1 standing 
8 455 312 495 448 39220 0 0 1 standing 
8 458 312 498 448 39221 0 0 1 standing 
8 461 312 501 448 39222 0 0 1 standing 
8 464 312 504 448 39223 0 0 1 standing 
8 467 312 507 448 39224 0 0 1 standing 
8 471 312 511 448 39225 0 0 0 standing 
8 473 312 513 448 39226 0 0 1 standing 
8 475 313 515 449 39227 0 0 1 standing 
8 477 314 517 450 39228 0 0 1 standing 
8 480 315 520 451 39229 0 0 1 standing 
8 482 316 522 452 39230 0 0 1 standing 
8 484 316 524 452 39231 0 0 1 standing 
8 487 317 527 453 39232 0 0 1 standing 
8 489 318 529 454 39233 0 0 1 standing 
8 491 319 531 455 39234 0 0 1 standing 
9 302 329 366 455 39215 0 0 0 standing 
9 299 327 364 454 39216 0 0 1 standing 
9 297 326 362 454 39217 0 0 1 standing 
9 294 325 360 454 39218 0 0 1 standing 
9 292 324 358 454 39219 0 0 1 standing 
9 290 323 356 454 39220 0 0 1 standing 
9 287 322 354 454 39221 0 0 1 standing 
9 285 321 352 454 39222 0 0 1 standing 
9 282 320 350 454 39223 0 0 1 standing 
9 280 319 348 454 39224 0 0 1 standing 
9 278 318 347 454 39225 0 0 0 standing 
9 276 316 344 453 39226 0 0 1 standing 
9 275 315 341 452 39227 0 0 1 standing 
9 274 314 338 451 39228 0 0 1 standing 
9 273 312 335 451 39229 0 0 1 standing 
9 272 311 332 450 39230 0 0 1 standing 
9 271 310 329 449 39231 0 0 1 standing 
9 270 308 326 449 39232 0 0 1 standing 
9 269 307 323 448 39233 0 0 1 standing 
9 268 306 320 447 39234 0 0 1 standing 
10 183 402 262 514 39215 0 0 0 standing 
10 183 401 260 515 39216 0 0 1 standing 
10 184 400 259 517 39217 0 0 1 standing 
10 184 399 257 518 39218 0 0 1 standing 
10 185 399 256 520 39219 0 0 1 standing 
10 186 398 254 522 39220 0 0 1 standing 
10 186 397 253 523 39221 0 0 1 standing 
10 187 397 251 525 39222 0 0 1 standing 
10 187 396 250 526 39223 0 0 1 standing 
10 188 395 248 528 39224 0 0 1 standing 
10 189 395 247 530 39225 0 0 0 standing 
10 186 395 245 532 39226 0 0 1 standing 
10 183 395 243 535 39227 0 0 1 standing 
10 180 396 241 537 39228 0 0 1 standing 
10 177 396 239 540 39229 0 0 1 standing 
10 174 397 237 543 39230 0 0 1 standing 
10 171 397 235 545 39231 0 0 1 standing 
10 168 397 233 548 39232 0 0 1 standing 
10 165 398 231 550 39233 0 0 1 standing 
10 162 398 229 553 39234 0 0 1 standing 
11 52 357 134 500 39215 0 0 0 standing 
11 54 355 136 499 39216 0 0 1 standing 
11 56 354 139 499 39217 0 0 1 standing 
11 58 353 141 499 39218 0 0 1 standing 
11 60 352 144 499 39219 0 0 1 standing 
11 62 351 147 499 39220 0 0 1 standing 
11 64 349 149 499 39221 0 0 1 standing 
11 66 348 152 499 39222 0 0 1 standing 
11 68 347 154 499 39223 0 0 1 standing 
11 70 346 157 499 39224 0 0 1 standing 
11 72 345 160 499 39225 0 0 0 standing 
11 66 344 153 499 39226 0 0 1 standing 
11 61 343 147 499 39227 0 0 1 standing 
11 55 342 141 499 39228 0 0 1 standing 
11 50 342 135 499 39229 0 0 1 standing 
11 45 341 129 499 39230 0 0 1 standing 
11 39 340 122 499 39231 0 0 1 standing 
11 34 340 116 499 39232 0 0 1 standing 
11 28 339 110 499 39233 0 0 1 standing 
11 23 338 104 499 39234 0 0 1 standing 
