0 2 447 116 611 50310 0 1 0 moving 
0 5 446 119 610 50311 0 1 1 moving 
0 8 445 122 609 50312 0 1 1 moving 
0 11 444 125 608 50313 0 1 1 moving 
0 14 444 128 607 50314 0 1 1 moving 
0 17 443 131 607 50315 0 1 1 moving 
0 20 442 134 606 50316 0 1 1 moving 
0 23 442 137 605 50317 0 1 1 moving 
0 26 441 140 604 50318 0 1 1 moving 
0 29 440 143 603 50319 0 1 1 moving 
0 33 440 147 603 50320 0 1 0 moving 
0 36 439 148 602 50321 0 1 1 moving 
0 39 438 149 601 50322 0 1 1 moving 
0 43 437 151 600 50323 0 1 1 moving 
0 46 436 152 599 50324 0 1 1 moving 
0 50 435 154 598 50325 0 1 1 moving 
0 53 434 155 597 50326 0 1 1 moving 
0 56 433 156 596 50327 0 1 1 moving 
0 60 432 158 595 50328 0 1 1 moving 
0 63 431 159 594 50329 0 1 1 moving 
1 124 387 201 513 50310 0 1 0 moving 
1 127 386 203 512 50311 0 1 1 moving 
1 131 386 205 512 50312 0 1 1 moving 
1 134 385 207 511 50313 0 1 1 moving 
1 138 385 209 511 50314 0 1 1 moving 
1 142 385 211 510 50315 0 1 1 moving 
1 145 384 213 510 50316 0 1 1 moving 
1 149 384 215 509 50317 0 1 1 moving 
1 152 383 217 509 50318 0 1 1 moving 
1 156 383 219 508 50319 0 1 1 moving 
1 160 383 221 508 50320 0 1 0 moving 
1 165 382 225 507 50321 0 1 1 moving 
1 171 382 230 507 50322 0 1 1 moving 
1 176 382 235 507 50323 0 1 1 moving 
1 182 382 240 507 50324 0 1 1 moving 
1 188 382 245 507 50325 0 1 1 moving 
1 193 382 250 506 50326 0 1 1 moving 
1 199 382 255 506 50327 0 1 1 moving 
1 204 382 260 506 50328 0 1 1 moving 
1 210 382 265 506 50329 0 1 1 moving 
2 336 393 417 542 50310 0 1 0 moving 
2 339 395 419 544 50311 0 1 1 moving 
2 343 398 421 546 50312 0 1 1 moving 
2 346 400 423 549 50313 0 1 1 moving 
2 350 403 425 551 50314 0 1 1 moving 
2 354 405 427 554 50315 0 1 1 moving 
2 357 408 429 556 50316 0 1 1 moving 
2 361 410 431 558 50317 0 1 1 moving 
2 364 413 433 561 50318 0 1 1 moving 
2 368 415 435 563 50319 0 1 1 moving 
2 372 418 437 566 50320 0 1 0 moving 
2 370 421 443 571 50321 0 1 1 moving 
2 368 424 449 576 50322 0 1 1 moving 
2 366 427 455 581 50323 0 1 1 moving 
2 364 431 461 587 50324 0 1 0 moving 
2 372 431 462 590 50325 0 1 1 moving 
2 380 432 464 593 50326 0 1 1 moving 
2 389 433 465 596 50327 0 1 1 moving 
2 397 434 467 599 50328 0 1 1 moving 
2 406 435 469 602 50329 0 1 0 moving 
3 387 281 432 403 50310 0 1 0 moving 
3 388 282 433 404 50311 0 1 1 standing 
3 390 283 435 405 50312 0 1 1 standing 
3 391 284 436 407 50313 0 1 1 standing 
3 393 285 438 408 50314 0 1 1 standing 
3 394 286 439 410 50315 0 1 1 standing 
3 396 287 441 411 50316 0 1 1 standing 
3 397 288 442 412 50317 0 1 1 standing 
3 399 289 444 414 50318 0 1 1 standing 
3 400 290 445 415 50319 0 1 1 standing 
3 402 292 447 417 50320 0 1 0 standing 
3 404 294 449 417 50321 0 1 1 standing 
3 406 297 452 418 50322 0 1 1 standing 
3 408 299 454 419 50323 0 1 1 standing 
3 411 302 457 420 50324 0 1 1 standing 
3 413 304 459 421 50325 0 1 1 standing 
3 415 307 462 421 50326 0 1 1 standing 
3 418 309 464 422 50327 0 1 1 standing 
3 420 312 467 423 50328 0 1 1 standing 
3 422 314 469 424 50329 0 1 1 standing 
4 596 379 663 535 50310 0 1 0 standing 
4 589 373 654 531 50311 0 1 1 setting 
4 582 367 646 527 50312 0 1 1 setting 
4 575 361 637 523 50313 0 1 1 setting 
4 568 355 629 519 50314 0 1 1 setting 
4 561 349 621 516 50315 0 1 1 setting 
4 554 343 612 512 50316 0 1 1 setting 
4 547 337 604 508 50317 0 1 1 setting 
4 540 331 595 504 50318 0 1 1 setting 
4 533 325 587 500 50319 0 1 1 setting 
4 527 319 579 497 50320 0 1 0 setting 
4 517 326 571 500 50321 0 1 1 setting 
4 508 334 563 504 50322 0 1 1 setting 
4 499 342 555 507 50323 0 1 1 setting 
4 489 350 547 511 50324 0 1 1 setting 
4 480 358 539 515 50325 0 1 1 setting 
4 471 365 531 518 50326 0 1 1 setting 
4 461 373 523 522 50327 0 1 1 setting 
4 452 381 515 525 50328 0 1 1 setting 
4 443 389 507 529 50329 0 1 1 setting 
5 252 355 316 481 50310 0 0 0 setting 
5 252 354 316 480 50311 0 0 1 standing 
5 252 353 316 479 50312 0 0 1 standing 
5 252 353 316 479 50313 0 0 1 standing 
5 253 352 317 478 50314 0 0 1 standing 
5 253 352 317 478 50315 0 0 1 standing 
5 253 351 317 477 50316 0 0 1 standing 
5 254 350 318 476 50317 0 0 1 standing 
5 254 350 318 476 50318 0 0 1 standing 
5 254 349 318 475 50319 0 0 1 standing 
5 255 349 319 475 50320 0 0 0 standing 
5 256 347 319 473 50321 0 0 1 standing 
5 258 346 320 472 50322 0 0 1 standing 
5 260 344 320 470 50323 0 0 1 standing 
5 261 343 321 469 50324 0 0 1 standing 
5 263 342 322 467 50325 0 0 1 standing 
5 265 340 322 466 50326 0 0 1 standing 
5 266 339 323 464 50327 0 0 1 standing 
5 268 337 323 463 50328 0 0 1 standing 
5 270 336 324 461 50329 0 0 1 standing 
6 704 411 749 569 50310 0 0 0 standing 
6 699 411 744 569 50311 0 0 1 blocking 
6 694 412 739 570 50312 0 0 1 blocking 
6 689 412 734 570 50313 0 0 1 blocking 
6 684 413 729 571 50314 0 0 1 blocking 
6 679 414 724 571 50315 0 0 1 blocking 
6 674 414 719 572 50316 0 0 1 blocking 
6 669 415 714 572 50317 0 0 1 blocking 
6 664 415 709 573 50318 0 0 1 blocking 
6 659 416 704 573 50319 0 0 1 blocking 
6 654 417 699 574 50320 0 0 0 blocking 
6 647 419 693 576 50321 0 0 1 blocking 
6 641 421 688 578 50322 0 0 1 blocking 
6 635 423 683 580 50323 0 0 1 blocking 
6 628 426 677 582 50324 0 0 1 blocking 
6 622 428 672 584 50325 0 0 1 blocking 
6 616 430 667 586 50326 0 0 1 blocking 
6 609 433 661 588 50327 0 0 1 blocking 
6 603 435 656 590 50328 0 0 1 blocking 
6 597 437 651 592 50329 0 0 1 blocking 
7 694 367 749 495 50310 0 0 0 blocking 
7 689 367 743 495 50311 0 0 1 blocking 
7 685 368 738 496 50312 0 0 1 blocking 
7 680 368 732 496 50313 0 0 1 blocking 
7 676 369 727 497 50314 0 0 1 blocking 
7 671 370 721 497 50315 0 0 1 blocking 
7 667 370 716 498 50316 0 0 1 blocking 
7 662 371 710 498 50317 0 0 1 blocking 
7 658 371 705 499 50318 0 0 1 blocking 
7 653 372 699 499 50319 0 0 1 blocking 
7 649 373 694 500 50320 0 0 0 blocking 
7 643 374 688 501 50321 0 0 1 blocking 
7 638 375 683 502 50322 0 0 1 blocking 
7 633 376 678 503 50323 0 0 1 blocking 
7 628 377 673 504 50324 0 0 1 blocking 
7 623 378 668 505 50325 0 0 1 blocking 
7 618 379 663 506 50326 0 0 1 blocking 
7 613 380 658 507 50327 0 0 1 blocking 
7 608 381 653 508 50328 0 0 1 blocking 
7 603 382 648 509 50329 0 0 1 blocking 
8 720 332 758 455 50310 0 0 0 blocking 
8 715 332 753 455 50311 0 0 1 blocking 
8 710 332 748 455 50312 0 0 1 blocking 
8 705 332 743 455 50313 0 0 1 blocking 
8 700 332 738 455 50314 0 0 1 blocking 
8 695 332 733 455 50315 0 0 1 blocking 
8 690 332 728 455 50316 0 0 1 blocking 
8 685 332 723 455 50317 0 0 1 blocking 
8 680 332 718 455 50318 0 0 1 blocking 
8 675 332 713 455 50319 0 0 1 blocking 
8 670 332 709 455 50320 0 0 0 blocking 
8 664 331 703 454 50321 0 0 1 blocking 
8 658 330 697 453 50322 0 0 1 blocking 
8 652 329 691 452 50323 0 0 1 blocking 
8 646 328 685 452 50324 0 0 1 blocking 
8 640 327 679 451 50325 0 0 1 blocking 
8 634 326 673 450 50326 0 0 1 blocking 
8 628 325 667 450 50327 0 0 1 blocking 
8 622 324 661 449 50328 0 0 1 blocking 
8 616 323 655 448 50329 0 0 1 blocking 
9 936 347 994 471 50310 0 0 0 blocking 
9 931 345 989 470 50311 0 0 1 standing 
9 926 344 985 470 50312 0 0 1 standing 
9 922 342 980 469 50313 0 0 1 standing 
9 917 341 976 469 50314 0 0 1 standing 
9 912 339 971 468 50315 0 0 1 standing 
9 908 338 967 468 50316 0 0 0 standing 
9 903 338 962 467 50317 0 0 1 standing 
9 899 339 958 467 50318 0 0 1 standing 
9 894 340 953 466 50319 0 0 1 standing 
9 890 341 949 466 50320 0 0 0 standing 
9 885 341 945 466 50321 0 0 1 standing 
9 881 341 942 466 50322 0 0 1 standing 
9 876 341 939 466 50323 0 0 1 standing 
9 872 341 935 466 50324 0 0 1 standing 
9 867 342 932 466 50325 0 0 1 standing 
9 863 342 929 466 50326 0 0 1 standing 
9 858 342 925 466 50327 0 0 1 standing 
9 854 342 922 466 50328 0 0 1 standing 
9 849 342 919 466 50329 0 0 1 standing 
10 1007 444 1065 558 50310 0 0 0 standing 
10 1005 442 1064 558 50311 0 0 1 standing 
10 1003 441 1063 558 50312 0 0 1 standing 
10 1001 440 1062 558 50313 0 0 1 standing 
10 999 439 1062 558 50314 0 0 1 standing 
10 997 438 1061 559 50315 0 0 1 standing 
10 995 436 1060 559 50316 0 0 1 standing 
10 993 435 1060 559 50317 0 0 1 standing 
10 991 434 1059 559 50318 0 0 1 standing 
10 989 433 1058 559 50319 0 0 1 standing 
10 988 432 1058 560 50320 0 0 0 standing 
10 985 432 1056 562 50321 0 0 1 standing 
10 982 433 1054 564 50322 0 0 1 standing 
10 980 434 1052 566 50323 0 0 1 standing 
10 977 435 1050 569 50324 0 0 1 standing 
10 975 436 1048 571 50325 0 0 1 standing 
10 972 436 1046 573 50326 0 0 1 standing 
10 969 437 1044 576 50327 0 0 1 standing 
10 967 438 1042 578 50328 0 0 1 standing 
10 964 439 1040 580 50329 0 0 1 standing 
11 1181 396 1257 531 50310 0 0 0 standing 
11 1176 395 1251 530 50311 0 0 1 waiting 
11 1171 394 1245 530 50312 0 0 1 waiting 
11 1166 393 1239 529 50313 0 0 1 waiting 
11 1161 393 1233 529 50314 0 0 1 waiting 
11 1157 392 1227 528 50315 0 0 1 waiting 
11 1152 391 1221 528 50316 0 0 1 waiting 
11 1147 391 1215 527 50317 0 0 1 waiting 
11 1142 390 1209 527 50318 0 0 1 waiting 
11 1137 389 1203 526 50319 0 0 1 waiting 
11 1133 389 1197 526 50320 0 0 0 waiting 
11 1128 388 1192 525 50321 0 0 1 waiting 
11 1123 388 1187 525 50322 0 0 1 waiting 
11 1118 388 1182 525 50323 0 0 1 waiting 
11 1113 387 1177 525 50324 0 0 1 waiting 
11 1108 387 1172 525 50325 0 0 1 waiting 
11 1103 387 1167 524 50326 0 0 1 waiting 
11 1098 386 1162 524 50327 0 0 1 waiting 
11 1093 386 1157 524 50328 0 0 1 waiting 
11 1088 386 1152 524 50329 0 0 1 waiting 
