0 391 366 444 476 49775 0 1 0 standing 
0 396 365 448 475 49776 0 1 1 standing 
0 401 364 453 474 49777 0 1 1 standing 
0 406 363 457 473 49778 0 1 1 standing 
0 411 362 462 472 49779 0 1 1 standing 
0 417 362 467 471 49780 0 1 1 standing 
0 422 361 471 470 49781 0 1 1 standing 
0 427 360 476 469 49782 0 1 1 standing 
0 432 359 480 468 49783 0 1 1 standing 
0 437 358 485 467 49784 0 1 1 standing 
0 443 358 490 467 49785 0 1 0 standing 
0 447 357 492 466 49786 0 1 1 standing 
0 451 357 494 466 49787 0 1 1 standing 
0 455 357 497 465 49788 0 1 1 standing 
0 460 356 499 465 49789 0 1 1 standing 
0 464 356 502 464 49790 0 1 1 standing 
0 468 356 504 464 49791 0 1 1 standing 
0 473 356 507 464 49792 0 1 0 standing 
0 473 356 507 464 49793 0 1 1 standing 
0 473 356 507 464 49794 0 1 1 standing 
1 432 329 480 438 49775 0 1 0 standing 
1 435 329 484 438 49776 0 1 1 standing 
1 438 330 488 438 49777 0 1 1 standing 
1 441 330 492 439 49778 0 1 1 standing 
1 444 331 496 439 49779 0 1 1 standing 
1 447 331 500 440 49780 0 1 1 standing 
1 450 332 504 440 49781 0 1 1 standing 
1 453 332 508 440 49782 0 1 1 standing 
1 456 333 512 441 49783 0 1 1 standing 
1 459 333 516 441 49784 0 1 1 standing 
1 463 334 521 442 49785 0 1 0 standing 
1 465 334 522 442 49786 0 1 1 standing 
1 467 334 523 442 49787 0 1 1 standing 
1 469 334 524 442 49788 0 1 1 standing 
1 471 335 526 442 49789 0 1 1 standing 
1 473 335 527 442 49790 0 1 1 standing 
1 475 335 528 442 49791 0 1 1 standing 
1 477 336 530 443 49792 0 1 0 standing 
1 477 336 530 443 49793 0 1 1 standing 
1 477 336 530 443 49794 0 1 1 standing 
2 444 385 496 493 49775 0 1 0 standing 
2 446 385 498 492 49776 0 1 1 standing 
2 449 385 500 492 49777 0 1 1 standing 
2 451 385 502 492 49778 0 1 1 standing 
2 454 385 505 492 49779 0 1 1 standing 
2 457 385 507 492 49780 0 1 1 standing 
2 459 385 509 492 49781 0 1 1 standing 
2 462 385 512 492 49782 0 1 1 standing 
2 464 385 514 492 49783 0 1 1 standing 
2 467 385 516 492 49784 0 1 1 standing 
2 470 385 519 492 49785 0 1 0 standing 
2 470 383 519 491 49786 0 1 1 standing 
2 471 381 520 491 49787 0 1 1 standing 
2 472 380 520 491 49788 0 1 1 standing 
2 472 378 521 490 49789 0 1 1 standing 
2 473 377 521 490 49790 0 1 1 standing 
2 474 375 522 490 49791 0 1 1 standing 
2 475 374 523 490 49792 0 1 0 standing 
2 475 374 523 490 49793 0 1 1 standing 
2 475 374 523 490 49794 0 1 1 standing 
3 497 395 555 523 49775 0 1 0 standing 
3 498 394 556 522 49776 0 1 1 standing 
3 499 394 557 522 49777 0 1 1 standing 
3 500 393 558 521 49778 0 1 1 standing 
3 501 393 559 521 49779 0 1 1 standing 
3 502 393 561 521 49780 0 1 1 standing 
3 503 392 562 520 49781 0 1 1 standing 
3 504 392 563 520 49782 0 1 1 standing 
3 505 391 564 519 49783 0 1 1 standing 
3 506 391 565 519 49784 0 1 1 standing 
3 507 391 567 519 49785 0 1 0 standing 
3 508 389 567 516 49786 0 1 1 standing 
3 509 388 567 514 49787 0 1 1 standing 
3 510 386 567 512 49788 0 1 1 standing 
3 511 385 567 509 49789 0 1 1 standing 
3 512 383 567 507 49790 0 1 1 standing 
3 513 382 567 505 49791 0 1 1 standing 
3 515 381 568 503 49792 0 1 0 standing 
3 515 381 568 503 49793 0 1 1 standing 
3 515 381 568 503 49794 0 1 1 standing 
4 509 331 560 445 49775 0 1 0 standing 
4 510 331 560 445 49776 0 1 1 standing 
4 511 332 561 446 49777 0 1 1 standing 
4 512 333 562 447 49778 0 1 1 standing 
4 513 334 562 447 49779 0 1 1 standing 
4 514 335 563 448 49780 0 1 1 standing 
4 515 335 564 449 49781 0 1 1 standing 
4 516 336 564 449 49782 0 1 1 standing 
4 517 337 565 450 49783 0 1 1 standing 
4 518 338 566 451 49784 0 1 1 standing 
4 519 339 567 452 49785 0 1 0 standing 
4 518 340 566 453 49786 0 1 1 standing 
4 517 341 565 454 49787 0 1 1 standing 
4 516 342 564 455 49788 0 1 1 standing 
4 516 343 564 456 49789 0 1 1 standing 
4 515 344 563 457 49790 0 1 1 standing 
4 514 345 562 458 49791 0 1 1 standing 
4 514 347 562 460 49792 0 1 0 standing 
4 514 347 562 460 49793 0 1 1 standing 
4 514 347 562 460 49794 0 1 1 standing 
5 519 353 574 478 49775 0 1 0 standing 
5 521 353 575 478 49776 0 1 1 standing 
5 524 353 577 478 49777 0 1 1 standing 
5 527 353 578 478 49778 0 1 1 standing 
5 529 353 580 478 49779 0 1 1 standing 
5 532 353 581 478 49780 0 1 1 standing 
5 535 353 583 478 49781 0 1 1 standing 
5 537 353 584 478 49782 0 1 1 standing 
5 540 353 586 478 49783 0 1 1 standing 
5 543 353 587 478 49784 0 1 1 standing 
5 546 354 589 478 49785 0 1 0 standing 
5 546 354 589 478 49786 0 1 1 standing 
5 546 354 589 478 49787 0 1 1 standing 
5 546 354 589 478 49788 0 1 1 standing 
5 546 354 589 478 49789 0 1 1 standing 
5 546 354 589 478 49790 0 1 1 standing 
5 546 354 589 478 49791 0 1 1 standing 
5 546 354 589 478 49792 0 1 1 standing 
5 546 354 589 478 49793 0 1 1 standing 
5 546 354 589 478 49794 0 1 1 standing 
6 608 314 653 419 49775 0 0 0 standing 
6 613 314 658 419 49776 0 0 1 standing 
6 618 314 663 419 49777 0 0 1 standing 
6 623 315 668 420 49778 0 0 0 standing 
6 627 315 672 420 49779 0 0 1 standing 
6 631 315 676 420 49780 0 0 1 standing 
6 636 316 681 421 49781 0 0 0 standing 
6 638 317 683 420 49782 0 0 1 standing 
6 641 318 685 419 49783 0 0 1 standing 
6 644 320 688 419 49784 0 0 0 standing 
6 647 321 692 421 49785 0 0 1 standing 
6 650 322 696 423 49786 0 0 1 standing 
6 654 323 701 426 49787 0 0 0 standing 
6 657 324 705 427 49788 0 0 1 standing 
6 660 325 709 428 49789 0 0 1 standing 
6 663 326 713 429 49790 0 0 0 standing 
6 663 326 713 429 49791 0 0 1 standing 
6 663 326 713 429 49792 0 0 1 standing 
6 663 326 713 429 49793 0 0 1 standing 
6 663 326 713 429 49794 0 0 1 standing 
7 715 281 783 387 49775 0 0 0 standing 
7 719 281 787 387 49776 0 0 1 standing 
7 723 281 791 387 49777 0 0 1 standing 
7 728 281 796 388 49778 0 0 0 standing 
7 734 280 802 388 49779 0 0 1 standing 
7 741 279 809 388 49780 0 0 1 standing 
7 748 279 816 388 49781 0 0 0 standing 
7 756 280 815 387 49782 0 0 1 standing 
7 764 281 815 386 49783 0 0 1 standing 
7 772 282 815 385 49784 0 0 0 standing 
7 776 281 819 384 49785 0 0 1 standing 
7 781 281 824 384 49786 0 0 1 standing 
7 786 281 829 384 49787 0 0 0 standing 
7 790 281 836 384 49788 0 0 1 standing 
7 794 281 843 384 49789 0 0 1 standing 
7 798 281 850 384 49790 0 0 0 standing 
7 798 281 850 384 49791 0 0 1 standing 
7 798 281 850 384 49792 0 0 1 standing 
7 798 281 850 384 49793 0 0 1 standing 
7 798 281 850 384 49794 0 0 1 standing 
8 779 385 824 508 49775 0 0 0 standing 
8 782 386 826 507 49776 0 0 1 standing 
8 785 387 829 507 49777 0 0 1 standing 
8 789 388 832 507 49778 0 0 0 standing 
8 793 387 836 506 49779 0 0 1 standing 
8 798 387 841 506 49780 0 0 1 standing 
8 803 387 846 506 49781 0 0 0 standing 
8 805 386 849 505 49782 0 0 1 standing 
8 808 385 852 504 49783 0 0 1 standing 
8 811 385 856 504 49784 0 0 0 standing 
8 811 386 859 505 49785 0 0 1 standing 
8 811 387 862 506 49786 0 0 1 standing 
8 812 388 866 507 49787 0 0 0 standing 
8 815 387 869 506 49788 0 0 1 standing 
8 818 386 872 505 49789 0 0 1 standing 
8 821 386 875 505 49790 0 0 0 standing 
8 821 386 875 505 49791 0 0 1 standing 
8 821 386 875 505 49792 0 0 1 standing 
8 821 386 875 505 49793 0 0 1 standing 
8 821 386 875 505 49794 0 0 1 standing 
9 906 284 946 378 49775 0 0 0 standing 
9 908 284 948 378 49776 0 0 1 standing 
9 910 284 950 378 49777 0 0 1 standing 
9 913 284 953 378 49778 0 0 0 standing 
9 917 284 957 378 49779 0 0 1 standing 
9 921 284 961 378 49780 0 0 1 standing 
9 926 284 966 378 49781 0 0 0 standing 
9 928 285 968 379 49782 0 0 1 standing 
9 930 286 970 380 49783 0 0 1 standing 
9 932 288 972 382 49784 0 0 0 standing 
9 931 287 972 386 49785 0 0 1 standing 
9 930 286 973 390 49786 0 0 1 standing 
9 930 286 974 395 49787 0 0 0 standing 
9 932 287 976 396 49788 0 0 1 standing 
9 934 288 978 397 49789 0 0 1 standing 
9 936 289 980 398 49790 0 0 0 standing 
9 936 289 980 398 49791 0 0 1 standing 
9 936 289 980 398 49792 0 0 1 standing 
9 936 289 980 398 49793 0 0 1 standing 
9 936 289 980 398 49794 0 0 1 standing 
10 978 377 1031 476 49775 0 0 0 standing 
10 980 376 1032 476 49776 0 0 1 waiting 
10 983 375 1033 477 49777 0 0 1 waiting 
10 986 374 1035 478 49778 0 0 0 waiting 
10 990 373 1039 477 49779 0 0 1 waiting 
10 994 373 1043 477 49780 0 0 1 waiting 
10 998 373 1047 477 49781 0 0 0 waiting 
10 1000 372 1047 479 49782 0 0 1 waiting 
10 1002 371 1048 481 49783 0 0 1 waiting 
10 1005 370 1049 483 49784 0 0 0 waiting 
10 1007 369 1051 482 49785 0 0 1 waiting 
10 1009 368 1053 481 49786 0 0 1 waiting 
10 1011 367 1055 480 49787 0 0 0 waiting 
10 1011 367 1055 480 49788 0 0 1 waiting 
10 1011 367 1055 480 49789 0 0 1 waiting 
10 1011 367 1055 480 49790 0 0 1 waiting 
10 1011 367 1055 480 49791 0 0 1 waiting 
10 1011 367 1055 480 49792 0 0 1 waiting 
10 1011 367 1055 480 49793 0 0 1 waiting 
10 1011 367 1055 480 49794 0 0 1 waiting 
11 833 432 907 555 49775 0 0 0 waiting 
11 836 431 909 554 49776 0 0 1 standing 
11 840 430 911 553 49777 0 0 1 standing 
11 844 429 913 553 49778 0 0 0 standing 
11 847 428 915 552 49779 0 0 1 standing 
11 851 428 917 551 49780 0 0 1 standing 
11 855 428 919 551 49781 0 0 0 standing 
11 859 428 918 551 49782 0 0 1 standing 
11 864 429 917 552 49783 0 0 1 standing 
11 869 430 916 553 49784 0 0 0 standing 
11 870 431 917 554 49785 0 0 1 standing 
11 871 432 918 556 49786 0 0 1 standing 
11 873 434 920 558 49787 0 0 0 standing 
11 874 433 924 557 49788 0 0 1 standing 
11 875 433 929 556 49789 0 0 1 standing 
11 876 433 934 556 49790 0 0 0 standing 
11 876 433 934 556 49791 0 0 1 standing 
11 876 433 934 556 49792 0 0 1 standing 
11 876 433 934 556 49793 0 0 1 standing 
11 876 433 934 556 49794 0 0 1 standing 
