0 627 365 677 494 52155 0 0 0 standing 
0 622 365 673 494 52156 0 0 1 standing 
0 618 365 669 495 52157 0 0 1 standing 
0 614 365 665 495 52158 0 0 1 standing 
0 610 365 662 496 52159 0 0 1 standing 
0 606 365 658 497 52160 0 0 1 standing 
0 601 365 654 497 52161 0 0 1 standing 
0 597 365 651 498 52162 0 0 1 standing 
0 593 365 647 498 52163 0 0 1 standing 
0 589 365 643 499 52164 0 0 1 standing 
0 585 365 640 500 52165 0 0 0 standing 
0 581 365 635 501 52166 0 0 1 standing 
0 578 366 630 503 52167 0 0 1 standing 
0 574 367 626 505 52168 0 0 1 standing 
0 571 368 621 507 52169 0 0 1 standing 
0 567 369 617 509 52170 0 0 1 standing 
0 564 369 612 511 52171 0 0 1 standing 
0 560 370 607 513 52172 0 0 1 standing 
0 557 371 603 515 52173 0 0 1 standing 
0 553 372 598 517 52174 0 0 1 standing 
1 594 328 677 440 52155 0 0 0 standing 
1 586 327 667 439 52156 0 0 1 standing 
1 578 327 657 438 52157 0 0 1 standing 
1 570 326 647 438 52158 0 0 1 standing 
1 562 326 637 437 52159 0 0 1 standing 
1 554 325 627 437 52160 0 0 1 standing 
1 546 325 617 436 52161 0 0 1 standing 
1 538 324 607 435 52162 0 0 1 standing 
1 530 324 597 435 52163 0 0 1 standing 
1 522 323 587 434 52164 0 0 1 standing 
1 515 323 577 434 52165 0 0 0 standing 
1 510 322 571 433 52166 0 0 1 standing 
1 505 322 566 433 52167 0 0 1 standing 
1 501 322 560 432 52168 0 0 1 standing 
1 496 322 555 432 52169 0 0 1 standing 
1 492 322 550 432 52170 0 0 1 standing 
1 487 322 544 431 52171 0 0 1 standing 
1 482 322 539 431 52172 0 0 1 standing 
1 478 322 533 430 52173 0 0 1 standing 
1 473 322 528 430 52174 0 0 1 standing 
2 349 341 412 477 52155 0 1 0 standing 
2 347 338 410 475 52156 0 1 1 setting 
2 346 336 409 474 52157 0 1 1 setting 
2 345 334 407 473 52158 0 1 1 setting 
2 343 331 406 472 52159 0 1 1 setting 
2 342 329 405 471 52160 0 1 1 setting 
2 341 327 403 469 52161 0 1 1 setting 
2 339 324 402 468 52162 0 1 1 setting 
2 338 322 400 467 52163 0 1 1 setting 
2 337 320 399 466 52164 0 1 1 setting 
2 336 318 398 465 52165 0 1 0 setting 
2 331 320 393 465 52166 0 1 1 setting 
2 326 322 388 466 52167 0 1 1 setting 
2 322 324 383 467 52168 0 1 1 setting 
2 317 326 379 467 52169 0 1 1 setting 
2 313 329 374 468 52170 0 1 1 setting 
2 308 331 369 469 52171 0 1 1 setting 
2 303 333 365 469 52172 0 1 1 setting 
2 299 335 360 470 52173 0 1 1 setting 
2 294 337 355 471 52174 0 1 1 setting 
3 383 479 441 653 52155 0 0 0 setting 
3 375 479 436 652 52156 0 0 1 standing 
3 368 479 432 652 52157 0 0 1 standing 
3 360 479 427 652 52158 0 0 1 standing 
3 353 479 423 652 52159 0 0 0 standing 
3 344 483 417 656 52160 0 0 1 standing 
3 335 487 412 660 52161 0 0 1 standing 
3 326 492 406 665 52162 0 0 1 standing 
3 317 496 401 669 52163 0 0 1 standing 
3 308 500 395 673 52164 0 0 1 standing 
3 299 505 390 678 52165 0 0 0 standing 
3 299 506 388 677 52166 0 0 1 standing 
3 300 508 387 676 52167 0 0 1 standing 
3 301 510 386 675 52168 0 0 0 standing 
3 302 509 385 675 52169 0 0 1 standing 
3 303 508 385 675 52170 0 0 1 standing 
3 305 507 384 675 52171 0 0 1 standing 
3 306 506 384 675 52172 0 0 1 standing 
3 308 505 383 675 52173 0 0 1 standing 
3 309 504 383 675 52174 0 0 1 standing 
4 211 439 314 571 52155 0 0 0 standing 
4 207 438 306 571 52156 0 0 1 standing 
4 204 437 298 572 52157 0 0 1 standing 
4 200 436 291 572 52158 0 0 1 standing 
4 197 436 283 573 52159 0 0 1 standing 
4 194 435 275 574 52160 0 0 1 standing 
4 190 434 268 574 52161 0 0 1 standing 
4 187 433 260 575 52162 0 0 1 standing 
4 184 433 253 576 52163 0 0 0 standing 
4 175 435 248 578 52164 0 0 1 standing 
4 166 438 244 580 52165 0 0 1 standing 
4 157 440 240 582 52166 0 0 1 standing 
4 149 443 236 585 52167 0 0 1 standing 
4 140 445 231 587 52168 0 0 1 standing 
4 131 448 227 589 52169 0 0 1 standing 
4 122 450 223 591 52170 0 0 1 standing 
4 114 453 219 594 52171 0 0 0 standing 
4 118 455 222 592 52172 0 0 1 standing 
4 122 457 225 591 52173 0 0 1 standing 
4 126 459 228 590 52174 0 0 1 standing 
5 252 393 314 535 52155 0 0 0 standing 
5 249 392 310 534 52156 0 0 1 standing 
5 246 391 307 533 52157 0 0 1 standing 
5 243 391 303 532 52158 0 0 1 standing 
5 241 390 300 532 52159 0 0 1 standing 
5 238 390 297 531 52160 0 0 1 standing 
5 235 389 293 530 52161 0 0 1 standing 
5 233 388 290 530 52162 0 0 1 standing 
5 230 388 286 529 52163 0 0 1 standing 
5 227 387 283 528 52164 0 0 1 standing 
5 225 387 280 528 52165 0 0 0 standing 
5 224 388 281 527 52166 0 0 1 standing 
5 223 389 282 527 52167 0 0 1 standing 
5 222 390 283 526 52168 0 0 1 standing 
5 221 391 284 526 52169 0 0 1 standing 
5 221 392 285 525 52170 0 0 1 standing 
5 220 393 286 525 52171 0 0 1 standing 
5 219 394 287 524 52172 0 0 1 standing 
5 218 395 288 524 52173 0 0 1 standing 
5 217 396 289 523 52174 0 0 1 standing 
6 745 438 798 595 52155 0 0 0 standing 
6 742 437 795 594 52156 0 0 1 standing 
6 740 436 793 593 52157 0 0 1 standing 
6 738 435 791 592 52158 0 0 1 standing 
6 736 435 789 592 52159 0 0 1 standing 
6 734 434 787 591 52160 0 0 1 standing 
6 731 433 784 590 52161 0 0 1 standing 
6 729 433 782 590 52162 0 0 1 standing 
6 727 432 780 589 52163 0 0 1 standing 
6 725 431 778 588 52164 0 0 1 standing 
6 723 431 776 588 52165 0 0 0 standing 
6 718 433 773 588 52166 0 0 1 standing 
6 714 435 771 588 52167 0 0 1 standing 
6 710 437 768 588 52168 0 0 1 standing 
6 706 440 766 588 52169 0 0 1 standing 
6 702 442 764 588 52170 0 0 1 standing 
6 698 444 761 588 52171 0 0 1 standing 
6 694 447 759 588 52172 0 0 1 standing 
6 690 449 756 588 52173 0 0 1 standing 
6 686 451 754 588 52174 0 0 1 standing 
7 749 393 795 535 52155 0 0 0 standing 
7 746 394 792 534 52156 0 0 1 standing 
7 744 395 789 534 52157 0 0 1 standing 
7 742 397 787 533 52158 0 0 1 standing 
7 740 398 784 533 52159 0 0 1 standing 
7 738 400 782 533 52160 0 0 1 standing 
7 736 401 779 532 52161 0 0 1 standing 
7 734 402 776 532 52162 0 0 1 standing 
7 732 404 774 531 52163 0 0 1 standing 
7 730 405 771 531 52164 0 0 1 standing 
7 728 407 769 531 52165 0 0 0 standing 
7 723 406 764 531 52166 0 0 1 standing 
7 719 406 760 531 52167 0 0 1 standing 
7 714 405 755 531 52168 0 0 1 standing 
7 710 405 751 532 52169 0 0 1 standing 
7 706 404 746 532 52170 0 0 1 standing 
7 701 404 742 532 52171 0 0 1 standing 
7 697 403 737 533 52172 0 0 1 standing 
7 692 403 733 533 52173 0 0 1 standing 
7 688 402 728 533 52174 0 0 1 standing 
8 825 355 920 458 52155 0 0 0 standing 
8 823 354 915 458 52156 0 0 1 standing 
8 821 353 911 458 52157 0 0 1 standing 
8 820 352 906 459 52158 0 0 1 standing 
8 818 351 902 459 52159 0 0 1 standing 
8 816 350 897 459 52160 0 0 1 standing 
8 815 349 893 460 52161 0 0 0 standing 
8 810 347 885 459 52162 0 0 1 standing 
8 806 345 878 458 52163 0 0 1 standing 
8 801 343 870 457 52164 0 0 1 standing 
8 797 341 863 457 52165 0 0 0 standing 
8 789 341 855 457 52166 0 0 1 standing 
8 782 342 848 458 52167 0 0 1 standing 
8 775 342 841 458 52168 0 0 1 standing 
8 768 343 834 459 52169 0 0 1 standing 
8 761 343 827 459 52170 0 0 1 standing 
8 753 344 819 460 52171 0 0 1 standing 
8 746 344 812 460 52172 0 0 1 standing 
8 739 345 805 461 52173 0 0 1 standing 
8 732 345 798 461 52174 0 0 1 standing 
9 998 359 1054 482 52155 0 0 0 standing 
9 1000 359 1058 481 52156 0 0 1 standing 
9 1002 359 1062 481 52157 0 0 1 standing 
9 1004 360 1066 480 52158 0 0 1 standing 
9 1006 360 1070 480 52159 0 0 1 standing 
9 1008 360 1074 479 52160 0 0 1 standing 
9 1011 361 1079 479 52161 0 0 0 standing 
9 1008 360 1079 478 52162 0 0 1 standing 
9 1006 360 1079 477 52163 0 0 1 standing 
9 1004 360 1079 476 52164 0 0 1 standing 
9 1002 360 1079 475 52165 0 0 0 standing 
9 1000 360 1077 475 52166 0 0 1 standing 
9 999 361 1075 475 52167 0 0 1 standing 
9 998 361 1073 476 52168 0 0 1 standing 
9 997 362 1071 476 52169 0 0 1 standing 
9 996 362 1069 477 52170 0 0 1 standing 
9 994 363 1067 477 52171 0 0 1 standing 
9 993 363 1065 477 52172 0 0 1 standing 
9 992 364 1063 478 52173 0 0 1 standing 
9 991 364 1061 478 52174 0 0 1 standing 
10 1025 444 1088 585 52155 0 0 0 standing 
10 1025 443 1086 584 52156 0 0 1 standing 
10 1025 443 1085 583 52157 0 0 1 standing 
10 1025 442 1084 583 52158 0 0 1 standing 
10 1025 442 1082 582 52159 0 0 1 standing 
10 1025 441 1081 581 52160 0 0 1 standing 
10 1025 441 1080 581 52161 0 0 0 standing 
10 1023 441 1078 581 52162 0 0 1 standing 
10 1021 442 1077 582 52163 0 0 1 standing 
10 1020 443 1075 583 52164 0 0 1 standing 
10 1018 444 1074 583 52165 0 0 1 standing 
10 1016 445 1073 584 52166 0 0 1 standing 
10 1015 446 1071 585 52167 0 0 1 standing 
10 1013 447 1070 586 52168 0 0 1 standing 
10 1011 448 1069 586 52169 0 0 1 standing 
10 1010 449 1067 587 52170 0 0 1 standing 
10 1008 450 1066 588 52171 0 0 1 standing 
10 1006 451 1065 588 52172 0 0 1 standing 
10 1005 452 1063 589 52173 0 0 1 standing 
10 1003 453 1062 590 52174 0 0 1 standing 
11 1189 400 1248 540 52155 0 0 0 standing 
11 1186 398 1246 540 52156 0 0 1 standing 
11 1184 397 1244 540 52157 0 0 1 standing 
11 1182 395 1242 540 52158 0 0 1 standing 
11 1180 394 1240 540 52159 0 0 1 standing 
11 1178 392 1238 540 52160 0 0 1 standing 
11 1176 391 1236 541 52161 0 0 0 standing 
11 1172 392 1233 540 52162 0 0 1 standing 
11 1169 393 1230 540 52163 0 0 1 standing 
11 1166 394 1227 539 52164 0 0 1 standing 
11 1163 396 1225 539 52165 0 0 1 standing 
11 1160 397 1222 538 52166 0 0 1 standing 
11 1157 398 1219 538 52167 0 0 1 standing 
11 1154 400 1217 537 52168 0 0 1 standing 
11 1151 401 1214 537 52169 0 0 1 standing 
11 1148 402 1211 536 52170 0 0 1 standing 
11 1145 403 1208 536 52171 0 0 1 standing 
11 1142 405 1206 535 52172 0 0 1 standing 
11 1139 406 1203 535 52173 0 0 1 standing 
11 1136 407 1200 534 52174 0 0 1 standing 
