0 626 340 680 476 12800 1 0 1 setting 
0 625 338 679 475 12801 1 0 1 setting 
0 625 337 678 475 12802 0 1 0 setting 
0 620 332 672 469 12803 0 1 1 setting 
0 615 327 667 464 12804 0 1 1 setting 
0 611 322 661 459 12805 0 1 1 setting 
0 606 317 656 454 12806 0 1 1 setting 
0 602 312 651 449 12807 0 1 0 setting 
0 595 310 644 446 12808 0 1 1 setting 
0 589 308 637 444 12809 0 1 1 setting 
0 583 306 630 442 12810 0 1 0 setting 
0 579 305 625 444 12811 0 1 1 setting 
0 575 304 620 446 12812 0 1 1 setting 
0 571 304 615 448 12813 0 1 0 setting 
0 564 313 608 451 12814 0 1 1 setting 
0 557 323 601 455 12815 0 1 1 setting 
0 550 332 595 458 12816 0 1 1 setting 
0 543 342 588 462 12817 0 1 1 setting 
0 536 351 582 465 12818 0 1 1 setting 
0 529 361 575 469 12819 0 1 1 setting 
1 515 361 600 463 12800 1 0 1 setting 
1 515 363 600 463 12801 1 0 1 standing 
1 516 365 600 464 12802 0 1 0 standing 
1 523 362 601 463 12803 0 1 1 standing 
1 530 360 602 463 12804 0 1 1 standing 
1 537 357 603 462 12805 0 1 1 standing 
1 544 355 604 462 12806 0 1 1 standing 
1 551 353 605 462 12807 0 1 0 standing 
1 549 342 601 461 12808 0 1 1 standing 
1 547 331 597 460 12809 0 1 1 standing 
1 545 320 593 460 12810 0 1 0 standing 
1 538 317 590 446 12811 0 1 1 standing 
1 531 314 587 432 12812 0 1 1 standing 
1 525 311 585 418 12813 0 1 0 standing 
1 524 308 583 418 12814 0 1 1 standing 
1 523 306 581 418 12815 0 1 1 standing 
1 523 304 580 418 12816 0 1 0 standing 
1 524 302 578 419 12817 0 1 1 standing 
1 525 300 577 420 12818 0 1 1 standing 
1 526 298 576 421 12819 0 1 1 standing 
2 196 444 277 570 12800 0 1 0 standing 
2 198 443 282 569 12801 0 1 1 moving 
2 200 443 287 569 12802 0 1 1 moving 
2 202 442 293 569 12803 0 1 1 moving 
2 204 442 298 569 12804 0 1 1 moving 
2 206 441 304 569 12805 0 1 1 moving 
2 208 441 309 569 12806 0 1 1 moving 
2 211 441 315 569 12807 0 1 0 moving 
2 208 440 314 568 12808 0 1 1 moving 
2 206 440 313 568 12809 0 1 1 moving 
2 204 440 312 568 12810 0 1 0 moving 
2 207 439 311 567 12811 0 1 1 moving 
2 211 438 311 567 12812 0 1 1 moving 
2 214 437 310 566 12813 0 1 1 moving 
2 218 436 310 566 12814 0 1 0 moving 
2 223 435 311 566 12815 0 1 1 moving 
2 229 434 313 567 12816 0 1 1 moving 
2 234 433 315 567 12817 0 1 1 moving 
2 240 432 316 568 12818 0 1 1 moving 
2 245 431 318 568 12819 0 1 1 moving 
3 439 270 491 355 12800 0 1 0 moving 
3 439 270 493 354 12801 0 1 1 moving 
3 439 270 496 354 12802 0 1 1 moving 
3 440 270 499 354 12803 0 1 1 moving 
3 440 270 501 353 12804 0 1 1 moving 
3 441 270 504 353 12805 0 1 1 moving 
3 441 270 507 353 12806 0 1 1 moving 
3 442 270 510 353 12807 0 1 0 moving 
3 443 270 504 353 12808 0 1 1 moving 
3 444 271 499 353 12809 0 1 1 moving 
3 445 272 494 354 12810 0 1 0 moving 
3 446 273 497 355 12811 0 1 1 moving 
3 448 274 500 356 12812 0 1 1 moving 
3 450 276 504 358 12813 0 1 0 moving 
3 450 274 509 359 12814 0 1 1 moving 
3 450 273 514 360 12815 0 1 1 moving 
3 450 272 520 362 12816 0 1 0 moving 
3 455 276 520 364 12817 0 1 1 moving 
3 461 280 521 366 12818 0 1 1 moving 
3 467 284 521 368 12819 0 1 1 moving 
4 332 356 403 455 12800 1 0 1 moving 
4 333 356 403 454 12801 1 0 1 moving 
4 335 356 404 454 12802 0 1 0 moving 
4 336 354 410 453 12803 0 1 1 moving 
4 337 353 416 453 12804 0 1 1 moving 
4 338 351 423 453 12805 0 1 1 moving 
4 339 350 429 453 12806 0 1 1 moving 
4 340 349 436 453 12807 0 1 0 moving 
4 349 350 436 449 12808 0 1 1 moving 
4 358 352 436 446 12809 0 1 1 moving 
4 367 354 436 443 12810 0 1 1 moving 
4 377 356 437 440 12811 0 1 0 moving 
4 383 353 444 442 12812 0 1 1 moving 
4 389 351 451 444 12813 0 1 1 moving 
4 395 348 458 446 12814 0 1 1 moving 
4 401 346 465 448 12815 0 1 0 moving 
4 399 335 468 445 12816 0 1 1 moving 
4 397 324 471 443 12817 0 1 1 moving 
4 395 313 474 441 12818 0 1 0 moving 
4 395 311 473 440 12819 0 1 1 moving 
5 455 387 501 498 12800 0 0 0 moving 
5 453 386 498 497 12801 0 0 1 standing 
5 452 386 495 497 12802 0 0 1 standing 
5 450 386 492 497 12803 0 0 1 standing 
5 449 386 489 496 12804 0 0 1 standing 
5 447 386 486 496 12805 0 0 1 standing 
5 446 385 483 496 12806 0 0 1 standing 
5 444 385 480 495 12807 0 0 1 standing 
5 443 385 477 495 12808 0 0 1 standing 
5 441 385 474 495 12809 0 0 1 standing 
5 440 385 471 495 12810 0 0 0 standing 
5 436 384 467 494 12811 0 0 1 standing 
5 432 384 463 494 12812 0 0 1 standing 
5 428 384 459 494 12813 0 0 1 standing 
5 424 383 455 493 12814 0 0 1 standing 
5 420 383 451 493 12815 0 0 1 standing 
5 416 383 447 493 12816 0 0 1 standing 
5 412 382 443 492 12817 0 0 1 standing 
5 408 382 439 492 12818 0 0 1 standing 
5 404 382 435 492 12819 0 0 1 standing 
6 1010 355 1062 459 12800 1 0 1 standing 
6 1006 356 1058 459 12801 1 0 1 standing 
6 1003 356 1055 459 12802 1 0 1 standing 
6 999 357 1052 459 12803 1 0 1 standing 
6 996 357 1049 459 12804 1 0 1 standing 
6 992 358 1046 458 12805 1 0 1 standing 
6 989 358 1043 458 12806 1 0 1 standing 
6 985 359 1040 458 12807 1 0 1 standing 
6 982 359 1037 458 12808 1 0 1 standing 
6 978 360 1034 458 12809 1 0 1 standing 
6 975 360 1031 458 12810 1 0 1 standing 
6 972 361 1028 458 12811 0 0 0 standing 
6 965 361 1020 458 12812 0 0 1 standing 
6 959 361 1012 459 12813 0 0 1 standing 
6 953 361 1004 459 12814 0 0 1 standing 
6 947 361 996 460 12815 0 0 1 standing 
6 940 362 988 460 12816 0 0 1 standing 
6 934 362 980 461 12817 0 0 1 standing 
6 928 362 972 461 12818 0 0 1 standing 
6 922 362 964 462 12819 0 0 1 standing 
7 978 433 1028 528 12800 0 0 0 standing 
7 974 432 1024 527 12801 0 0 1 waiting 
7 970 432 1020 527 12802 0 0 1 waiting 
7 966 432 1016 527 12803 0 0 1 waiting 
7 962 431 1012 526 12804 0 0 1 waiting 
7 958 431 1008 526 12805 0 0 1 waiting 
7 954 431 1004 526 12806 0 0 1 waiting 
7 950 430 1000 525 12807 0 0 1 waiting 
7 946 430 996 525 12808 0 0 1 waiting 
7 942 430 992 525 12809 0 0 1 waiting 
7 939 430 989 525 12810 0 0 0 waiting 
7 933 428 983 524 12811 0 0 1 waiting 
7 928 427 978 523 12812 0 0 1 waiting 
7 923 426 973 523 12813 0 0 1 waiting 
7 918 425 968 522 12814 0 0 1 waiting 
7 913 424 963 522 12815 0 0 1 waiting 
7 908 422 957 521 12816 0 0 1 waiting 
7 903 421 952 520 12817 0 0 1 waiting 
7 898 420 947 520 12818 0 0 1 waiting 
7 893 419 942 519 12819 0 0 1 waiting 
8 910 318 962 408 12800 0 0 0 waiting 
8 906 318 958 407 12801 0 0 1 waiting 
8 902 318 955 407 12802 0 0 1 waiting 
8 899 318 952 407 12803 0 0 1 waiting 
8 895 318 948 406 12804 0 0 1 waiting 
8 892 318 945 406 12805 0 0 1 waiting 
8 888 318 942 406 12806 0 0 1 waiting 
8 885 318 939 406 12807 0 0 0 waiting 
8 881 318 933 407 12808 0 0 1 waiting 
8 878 319 928 408 12809 0 0 1 waiting 
8 875 320 923 409 12810 0 0 0 waiting 
8 870 319 918 408 12811 0 0 1 waiting 
8 865 319 914 407 12812 0 0 1 waiting 
8 860 319 910 407 12813 0 0 1 waiting 
8 855 319 906 406 12814 0 0 1 waiting 
8 850 319 902 405 12815 0 0 1 waiting 
8 845 319 898 405 12816 0 0 1 waiting 
8 840 319 894 404 12817 0 0 1 waiting 
8 835 319 890 403 12818 0 0 1 waiting 
8 831 319 886 403 12819 0 0 0 waiting 
9 710 386 772 481 12800 0 0 0 waiting 
9 707 384 768 481 12801 0 0 1 blocking 
9 704 383 764 481 12802 0 0 1 blocking 
9 701 381 760 481 12803 0 0 1 blocking 
9 698 380 756 482 12804 0 0 1 blocking 
9 695 378 752 482 12805 0 0 1 blocking 
9 692 377 748 482 12806 0 0 1 blocking 
9 690 376 745 483 12807 0 0 0 blocking 
9 686 375 739 482 12808 0 0 1 blocking 
9 682 375 733 482 12809 0 0 1 blocking 
9 678 375 728 482 12810 0 0 0 blocking 
9 672 376 723 484 12811 0 0 1 blocking 
9 667 377 718 486 12812 0 0 1 blocking 
9 661 378 713 488 12813 0 0 1 blocking 
9 656 379 708 490 12814 0 0 1 blocking 
9 650 380 703 492 12815 0 0 1 blocking 
9 645 381 698 494 12816 0 0 1 blocking 
9 639 382 693 496 12817 0 0 1 blocking 
9 634 383 688 498 12818 0 0 1 blocking 
9 628 384 683 500 12819 0 0 1 blocking 
10 706 348 756 456 12800 0 0 0 blocking 
10 702 347 751 455 12801 0 0 1 blocking 
10 698 347 747 454 12802 0 0 1 blocking 
10 694 347 743 454 12803 0 0 1 blocking 
10 690 347 739 453 12804 0 0 1 blocking 
10 687 347 735 453 12805 0 0 1 blocking 
10 683 346 731 452 12806 0 0 1 blocking 
10 679 346 727 451 12807 0 0 1 blocking 
10 675 346 723 451 12808 0 0 1 blocking 
10 671 346 719 450 12809 0 0 1 blocking 
10 668 346 715 450 12810 0 0 0 blocking 
10 662 345 708 449 12811 0 0 1 blocking 
10 657 344 702 448 12812 0 0 1 blocking 
10 651 344 696 447 12813 0 0 1 blocking 
10 646 343 690 446 12814 0 0 1 blocking 
10 640 343 684 445 12815 0 0 1 blocking 
10 635 342 678 444 12816 0 0 1 blocking 
10 629 341 672 443 12817 0 0 1 blocking 
10 624 341 666 442 12818 0 0 1 blocking 
10 618 340 660 441 12819 0 0 1 blocking 
11 713 312 759 398 12800 0 0 0 blocking 
11 709 310 754 397 12801 0 0 1 standing 
11 706 309 750 396 12802 0 0 1 standing 
11 702 307 746 395 12803 0 0 1 standing 
11 699 306 742 394 12804 0 0 1 standing 
11 695 304 738 393 12805 0 0 1 standing 
11 692 303 734 392 12806 0 0 1 standing 
11 688 301 730 391 12807 0 0 1 standing 
11 685 300 726 390 12808 0 0 1 standing 
11 681 298 722 389 12809 0 0 1 standing 
11 678 297 718 388 12810 0 0 0 standing 
11 673 297 713 389 12811 0 0 1 standing 
11 668 297 708 391 12812 0 0 1 standing 
11 664 298 704 393 12813 0 0 1 standing 
11 659 298 699 394 12814 0 0 1 standing 
11 654 298 694 396 12815 0 0 1 standing 
11 650 299 690 398 12816 0 0 0 standing 
11 644 298 684 397 12817 0 0 1 standing 
11 639 297 678 397 12818 0 0 1 standing 
11 633 296 672 397 12819 0 0 1 standing 
