0 840 600 935 821 37190 1 0 1 setting 
0 840 600 935 821 37191 0 1 0 setting 
0 840 588 932 814 37192 0 1 1 setting 
0 840 576 930 808 37193 0 1 1 setting 
0 841 564 928 802 37194 0 1 0 setting 
0 841 563 927 801 37195 0 1 1 setting 
0 842 562 926 800 37196 0 1 1 setting 
0 842 562 925 800 37197 0 1 1 setting 
0 843 561 924 799 37198 0 1 1 setting 
0 843 560 923 798 37199 0 1 1 setting 
0 844 560 923 798 37200 0 1 0 setting 
0 837 570 923 802 37201 0 1 1 setting 
0 830 580 923 807 37202 0 1 1 setting 
0 824 590 923 811 37203 0 1 1 setting 
0 817 600 923 816 37204 0 1 1 setting 
0 811 610 923 820 37205 0 1 1 setting 
0 804 620 923 825 37206 0 1 1 setting 
0 798 630 924 830 37207 0 1 0 setting 
0 797 642 921 828 37208 0 1 1 setting 
0 796 654 919 826 37209 0 1 1 setting 
1 618 649 776 860 37190 1 0 1 setting 
1 618 649 776 860 37191 0 1 0 standing 
1 632 650 786 860 37192 0 1 1 standing 
1 646 651 796 860 37193 0 1 1 standing 
1 661 653 807 861 37194 0 1 0 standing 
1 672 641 813 859 37195 0 1 1 standing 
1 683 629 820 857 37196 0 1 1 standing 
1 694 617 827 855 37197 0 1 1 standing 
1 705 605 834 854 37198 0 1 1 standing 
1 716 593 841 852 37199 0 1 1 standing 
1 727 581 848 850 37200 0 1 1 standing 
1 739 570 855 849 37201 0 1 0 standing 
1 734 561 859 840 37202 0 1 1 standing 
1 730 552 864 832 37203 0 1 1 standing 
1 726 543 869 824 37204 0 1 0 standing 
1 737 553 874 817 37205 0 1 1 standing 
1 748 564 879 810 37206 0 1 1 standing 
1 759 575 885 803 37207 0 1 0 standing 
1 772 555 886 802 37208 0 1 1 standing 
1 785 535 887 802 37209 0 1 1 standing 
2 642 389 741 521 37190 0 0 0 standing 
2 643 389 741 520 37191 0 0 1 moving 
2 644 389 741 519 37192 0 0 1 moving 
2 645 390 741 519 37193 0 1 0 moving 
2 649 387 739 518 37194 0 1 1 moving 
2 654 385 738 517 37195 0 1 1 moving 
2 659 383 737 516 37196 0 1 0 moving 
2 669 386 741 517 37197 0 1 1 moving 
2 679 389 746 519 37198 0 1 1 moving 
2 689 392 750 520 37199 0 1 1 moving 
2 699 395 755 522 37200 0 1 0 moving 
2 700 395 764 524 37201 0 1 1 moving 
2 702 395 773 527 37202 0 1 1 moving 
2 703 395 782 530 37203 0 1 1 moving 
2 705 395 791 533 37204 0 1 0 moving 
2 708 393 791 532 37205 0 1 1 moving 
2 711 392 791 531 37206 0 1 1 moving 
2 714 391 791 530 37207 0 1 0 moving 
2 717 387 791 530 37208 0 1 1 moving 
2 720 383 791 530 37209 0 1 1 moving 
3 243 668 409 888 37190 0 1 0 moving 
3 254 670 416 886 37191 0 1 1 moving 
3 265 672 424 885 37192 0 1 1 moving 
3 276 674 432 884 37193 0 1 1 moving 
3 287 676 439 882 37194 0 1 1 moving 
3 298 678 447 881 37195 0 1 1 moving 
3 309 680 455 880 37196 0 1 0 moving 
3 309 682 459 879 37197 0 1 1 moving 
3 310 685 463 878 37198 0 1 1 moving 
3 311 688 467 878 37199 0 1 0 moving 
3 320 685 481 876 37200 0 1 1 moving 
3 329 682 495 875 37201 0 1 1 moving 
3 338 679 509 873 37202 0 1 1 moving 
3 347 676 523 872 37203 0 1 1 moving 
3 356 673 538 871 37204 0 1 0 moving 
3 376 676 543 874 37205 0 1 1 moving 
3 397 679 548 877 37206 0 1 1 moving 
3 418 682 554 880 37207 0 1 0 moving 
3 441 679 562 878 37208 0 1 1 moving 
3 465 677 571 877 37209 0 1 1 moving 
4 332 589 435 749 37190 0 1 0 moving 
4 341 586 444 747 37191 0 1 1 moving 
4 351 583 453 746 37192 0 1 1 moving 
4 361 580 462 744 37193 0 1 1 moving 
4 371 577 472 743 37194 0 1 0 moving 
4 376 575 488 739 37195 0 1 1 moving 
4 381 573 504 736 37196 0 1 1 moving 
4 387 571 520 733 37197 0 1 1 moving 
4 392 569 536 730 37198 0 1 1 moving 
4 398 567 553 727 37199 0 1 0 moving 
4 420 566 564 727 37200 0 1 1 moving 
4 442 565 575 727 37201 0 1 1 moving 
4 464 564 586 728 37202 0 1 1 moving 
4 486 563 597 728 37203 0 1 1 moving 
4 508 562 608 729 37204 0 1 1 moving 
4 530 561 619 729 37205 0 1 1 moving 
4 553 560 631 730 37206 0 1 0 moving 
4 561 556 644 728 37207 0 1 1 moving 
4 570 552 658 726 37208 0 1 1 moving 
4 579 548 671 724 37209 0 1 1 moving 
5 444 483 548 637 37190 0 0 0 moving 
5 452 481 550 636 37191 0 0 1 standing 
5 460 480 552 636 37192 0 0 1 standing 
5 468 479 554 635 37193 0 0 1 standing 
5 476 478 556 635 37194 0 0 1 standing 
5 484 477 558 634 37195 0 0 1 standing 
5 493 476 561 634 37196 0 0 0 standing 
5 497 475 565 633 37197 0 0 1 standing 
5 502 474 570 632 37198 0 0 1 standing 
5 506 473 574 631 37199 0 0 1 standing 
5 511 472 579 630 37200 0 0 0 standing 
5 512 472 580 631 37201 0 0 1 standing 
5 513 472 581 632 37202 0 0 1 standing 
5 514 472 582 633 37203 0 0 1 standing 
5 516 473 584 635 37204 0 0 0 standing 
5 517 473 585 637 37205 0 0 1 standing 
5 518 473 586 639 37206 0 0 1 standing 
5 519 474 587 641 37207 0 0 1 standing 
5 520 474 588 643 37208 0 0 1 standing 
5 521 474 589 645 37209 0 0 1 standing 
6 1593 675 1709 874 37190 1 0 1 standing 
6 1593 675 1709 874 37191 1 0 1 standing 
6 1593 676 1709 875 37192 0 0 0 standing 
6 1591 674 1707 874 37193 0 0 1 standing 
6 1590 673 1706 873 37194 0 0 1 standing 
6 1588 671 1704 872 37195 0 0 1 standing 
6 1587 670 1703 871 37196 0 0 0 standing 
6 1583 665 1698 868 37197 0 0 1 standing 
6 1580 661 1693 865 37198 0 0 1 standing 
6 1577 656 1688 862 37199 0 0 1 standing 
6 1574 652 1684 860 37200 0 0 0 standing 
6 1571 653 1677 860 37201 0 0 1 standing 
6 1568 655 1671 860 37202 0 0 1 standing 
6 1565 657 1665 860 37203 0 0 1 standing 
6 1562 658 1658 860 37204 0 0 1 standing 
6 1559 660 1652 860 37205 0 0 1 standing 
6 1557 662 1646 861 37206 0 0 0 standing 
6 1552 661 1642 862 37207 0 0 1 standing 
6 1547 661 1639 864 37208 0 0 1 standing 
6 1542 660 1635 865 37209 0 0 1 standing 
7 1367 552 1443 720 37190 1 0 1 standing 
7 1370 551 1447 720 37191 1 0 1 standing 
7 1373 551 1451 719 37192 1 0 1 standing 
7 1376 550 1454 718 37193 1 0 1 standing 
7 1379 549 1458 718 37194 1 0 1 standing 
7 1382 548 1462 717 37195 1 0 1 standing 
7 1386 548 1466 717 37196 0 0 0 standing 
7 1397 546 1482 715 37197 0 0 1 standing 
7 1409 544 1498 713 37198 0 0 1 standing 
7 1421 542 1514 711 37199 0 0 1 standing 
7 1433 541 1531 710 37200 0 0 0 standing 
7 1438 544 1537 706 37201 0 0 1 standing 
7 1443 547 1544 702 37202 0 0 1 standing 
7 1448 550 1551 699 37203 0 0 1 standing 
7 1453 553 1557 695 37204 0 0 1 standing 
7 1458 556 1564 692 37205 0 0 1 standing 
7 1463 559 1571 688 37206 0 0 1 standing 
7 1469 562 1578 685 37207 0 0 0 standing 
7 1486 562 1591 697 37208 0 0 1 standing 
7 1503 562 1605 709 37209 0 0 1 standing 
8 1302 491 1393 643 37190 0 0 0 standing 
8 1305 490 1398 642 37191 0 0 1 waiting 
8 1308 490 1404 641 37192 0 0 1 waiting 
8 1311 490 1409 640 37193 0 0 1 waiting 
8 1314 490 1415 639 37194 0 0 1 waiting 
8 1317 490 1420 638 37195 0 0 1 waiting 
8 1320 490 1426 638 37196 0 0 0 waiting 
8 1329 491 1427 639 37197 0 0 1 waiting 
8 1338 492 1428 640 37198 0 0 1 waiting 
8 1347 493 1429 641 37199 0 0 1 waiting 
8 1356 495 1431 642 37200 0 0 0 waiting 
8 1360 495 1434 642 37201 0 0 1 waiting 
8 1364 496 1438 643 37202 0 0 1 waiting 
8 1369 497 1442 644 37203 0 0 1 waiting 
8 1373 498 1446 644 37204 0 0 1 waiting 
8 1377 499 1450 645 37205 0 0 1 waiting 
8 1382 500 1454 646 37206 0 0 0 waiting 
8 1381 499 1453 645 37207 0 0 1 waiting 
8 1381 498 1452 644 37208 0 0 1 waiting 
8 1381 497 1451 643 37209 0 0 1 waiting 
9 990 610 1071 807 37190 1 0 1 waiting 
9 990 610 1070 807 37191 1 0 1 standing 
9 990 610 1070 807 37192 0 0 0 standing 
9 988 611 1065 808 37193 0 0 1 standing 
9 986 613 1061 810 37194 0 0 1 standing 
9 984 615 1057 812 37195 0 0 1 standing 
9 983 617 1053 814 37196 0 0 0 standing 
9 982 621 1049 818 37197 0 0 1 standing 
9 981 626 1046 823 37198 0 0 1 standing 
9 980 631 1043 828 37199 0 0 1 standing 
9 980 636 1040 833 37200 0 0 0 standing 
9 977 626 1037 827 37201 0 0 1 standing 
9 974 616 1034 822 37202 0 0 1 standing 
9 972 606 1031 816 37203 0 0 1 standing 
9 969 596 1029 811 37204 0 0 1 standing 
9 967 586 1026 806 37205 0 0 1 standing 
9 964 576 1023 800 37206 0 0 1 standing 
9 961 566 1021 795 37207 0 0 1 standing 
9 959 556 1018 789 37208 0 0 1 standing 
9 956 546 1015 784 37209 0 0 1 standing 
10 983 551 1053 737 37190 0 0 0 standing 
10 982 552 1052 738 37191 0 0 1 standing 
10 982 554 1051 740 37192 0 0 1 standing 
10 982 556 1050 742 37193 0 0 1 standing 
10 982 557 1049 743 37194 0 0 1 standing 
10 982 559 1048 745 37195 0 0 1 standing 
10 982 561 1047 747 37196 0 0 1 standing 
10 982 562 1046 748 37197 0 0 1 standing 
10 982 564 1045 750 37198 0 0 1 standing 
10 982 566 1044 752 37199 0 0 1 standing 
10 982 568 1044 754 37200 0 0 0 standing 
10 980 562 1041 753 37201 0 0 1 standing 
10 978 556 1039 752 37202 0 0 1 standing 
10 976 550 1037 752 37203 0 0 1 standing 
10 974 544 1035 751 37204 0 0 1 standing 
10 973 539 1033 751 37205 0 0 1 standing 
10 971 533 1030 750 37206 0 0 1 standing 
10 969 527 1028 749 37207 0 0 1 standing 
10 967 521 1026 749 37208 0 0 1 standing 
10 965 515 1024 748 37209 0 0 1 standing 
11 952 493 1062 623 37190 0 0 0 standing 
11 952 491 1060 622 37191 0 0 1 standing 
11 953 489 1059 622 37192 0 0 1 standing 
11 954 487 1058 622 37193 0 0 1 standing 
11 955 485 1057 622 37194 0 0 1 standing 
11 956 484 1056 622 37195 0 0 1 standing 
11 956 482 1054 621 37196 0 0 1 standing 
11 957 480 1053 621 37197 0 0 1 standing 
11 958 478 1052 621 37198 0 0 1 standing 
11 959 476 1051 621 37199 0 0 1 standing 
11 960 475 1050 621 37200 0 0 0 standing 
11 961 476 1049 623 37201 0 0 1 standing 
11 963 478 1048 625 37202 0 0 1 standing 
11 965 480 1047 627 37203 0 0 1 standing 
11 966 482 1046 629 37204 0 0 1 standing 
11 968 484 1045 631 37205 0 0 1 standing 
11 970 486 1044 633 37206 0 0 1 standing 
11 972 488 1043 636 37207 0 0 0 standing 
11 967 488 1044 636 37208 0 0 1 standing 
11 962 489 1046 636 37209 0 0 1 standing 
