0 705 380 783 567 43595 0 1 0 spiking 
0 699 378 777 558 43596 0 1 1 spiking 
0 693 376 771 549 43597 0 1 1 spiking 
0 688 374 765 541 43598 0 1 1 spiking 
0 682 372 759 532 43599 0 1 1 spiking 
0 677 371 754 524 43600 0 1 0 spiking 
0 674 368 748 524 43601 0 1 1 spiking 
0 671 366 742 525 43602 0 1 1 spiking 
0 668 364 736 526 43603 0 1 1 spiking 
0 665 362 730 527 43604 0 1 1 spiking 
0 662 360 725 528 43605 0 1 0 spiking 
0 658 367 720 531 43606 0 1 1 spiking 
0 654 374 716 534 43607 0 1 1 spiking 
0 650 381 711 537 43608 0 1 1 spiking 
0 646 388 707 540 43609 0 1 1 spiking 
0 642 395 703 543 43610 0 1 0 spiking 
0 642 396 702 541 43611 0 1 1 spiking 
0 642 398 701 540 43612 0 1 1 spiking 
0 642 399 700 539 43613 0 1 1 spiking 
0 643 401 699 538 43614 0 1 1 spiking 
1 552 371 618 511 43595 0 1 0 spiking 
1 552 367 618 510 43596 0 1 1 blocking 
1 553 363 619 510 43597 0 1 1 blocking 
1 554 359 620 509 43598 0 1 1 blocking 
1 555 355 620 509 43599 0 1 1 blocking 
1 556 352 621 508 43600 0 1 1 blocking 
1 556 348 622 508 43601 0 1 1 blocking 
1 557 344 622 507 43602 0 1 1 blocking 
1 558 340 623 507 43603 0 1 1 blocking 
1 559 336 624 506 43604 0 1 1 blocking 
1 560 333 625 506 43605 0 1 0 blocking 
1 560 334 625 508 43606 0 1 1 blocking 
1 560 336 625 510 43607 0 1 1 blocking 
1 561 337 625 512 43608 0 1 1 blocking 
1 561 339 625 514 43609 0 1 1 blocking 
1 561 340 625 516 43610 0 1 1 blocking 
1 562 342 625 518 43611 0 1 1 blocking 
1 562 343 625 520 43612 0 1 1 blocking 
1 563 345 626 523 43613 0 1 0 blocking 
1 563 355 626 525 43614 0 1 1 blocking 
2 561 438 621 577 43595 0 1 0 blocking 
2 562 424 618 571 43596 0 1 1 blocking 
2 563 410 615 565 43597 0 1 1 blocking 
2 565 396 612 560 43598 0 1 1 blocking 
2 566 382 609 554 43599 0 1 1 blocking 
2 568 369 607 549 43600 0 1 0 blocking 
2 569 366 612 543 43601 0 1 1 blocking 
2 570 364 617 537 43602 0 1 1 blocking 
2 572 362 623 532 43603 0 1 1 blocking 
2 573 360 628 526 43604 0 1 1 blocking 
2 575 358 634 521 43605 0 1 0 blocking 
2 574 362 633 525 43606 0 1 1 blocking 
2 574 366 633 529 43607 0 1 1 blocking 
2 574 370 633 533 43608 0 1 1 blocking 
2 574 374 633 537 43609 0 1 1 blocking 
2 574 378 633 541 43610 0 1 1 blocking 
2 573 382 632 545 43611 0 1 1 blocking 
2 573 386 632 549 43612 0 1 1 blocking 
2 573 390 632 553 43613 0 1 1 blocking 
2 573 394 632 557 43614 0 1 1 blocking 
3 136 366 199 468 43595 0 0 0 blocking 
3 133 367 199 469 43596 0 0 1 digging 
3 130 368 200 471 43597 0 0 1 digging 
3 127 370 201 473 43598 0 0 0 digging 
3 127 369 201 473 43599 0 0 1 digging 
3 128 369 201 473 43600 0 0 1 digging 
3 129 369 202 474 43601 0 0 0 digging 
3 129 367 202 474 43602 0 0 1 digging 
3 129 365 202 475 43603 0 0 1 digging 
3 129 363 202 476 43604 0 0 0 digging 
3 128 363 198 478 43605 0 0 1 digging 
3 127 363 194 480 43606 0 0 1 digging 
3 127 363 191 482 43607 0 0 0 digging 
3 126 365 193 484 43608 0 0 1 digging 
3 125 367 195 486 43609 0 0 1 digging 
3 125 369 197 488 43610 0 0 0 digging 
3 128 368 198 486 43611 0 0 1 digging 
3 131 367 200 485 43612 0 0 1 digging 
3 135 366 202 484 43613 0 0 0 digging 
3 135 366 202 484 43614 0 0 1 digging 
4 271 309 344 391 43595 0 0 0 digging 
4 271 308 343 391 43596 0 0 1 standing 
4 271 307 343 391 43597 0 0 1 standing 
4 271 306 343 392 43598 0 0 1 standing 
4 271 305 343 392 43599 0 0 1 standing 
4 271 304 343 392 43600 0 0 1 standing 
4 271 304 343 393 43601 0 0 0 standing 
4 269 304 341 393 43602 0 0 1 standing 
4 267 304 339 393 43603 0 0 1 standing 
4 265 304 337 393 43604 0 0 0 standing 
4 258 304 331 395 43605 0 0 1 standing 
4 252 305 325 397 43606 0 0 1 standing 
4 246 306 319 399 43607 0 0 0 standing 
4 244 311 317 400 43608 0 0 1 standing 
4 242 316 315 401 43609 0 0 1 standing 
4 241 321 314 403 43610 0 0 0 standing 
4 236 320 313 403 43611 0 0 1 standing 
4 232 320 312 403 43612 0 0 1 standing 
4 228 319 311 403 43613 0 0 1 standing 
4 224 319 310 403 43614 0 0 1 standing 
5 271 429 338 540 43595 0 0 0 standing 
5 272 429 339 540 43596 0 0 1 standing 
5 273 429 340 541 43597 0 0 1 standing 
5 275 429 342 542 43598 0 0 0 standing 
5 276 427 346 540 43599 0 0 1 standing 
5 278 425 350 538 43600 0 0 1 standing 
5 280 423 355 536 43601 0 0 0 standing 
5 289 421 357 534 43602 0 0 1 standing 
5 298 419 359 532 43603 0 0 1 standing 
5 307 418 362 530 43604 0 0 0 standing 
5 312 419 369 531 43605 0 0 1 standing 
5 318 420 376 532 43606 0 0 1 standing 
5 324 421 384 534 43607 0 0 0 standing 
5 328 423 388 534 43608 0 0 1 standing 
5 333 425 392 534 43609 0 0 1 standing 
5 338 428 397 535 43610 0 0 0 standing 
5 340 426 398 535 43611 0 0 1 standing 
5 343 425 400 536 43612 0 0 1 standing 
5 346 423 402 537 43613 0 0 1 standing 
5 349 422 404 538 43614 0 0 1 standing 
6 488 283 559 393 43595 0 0 0 standing 
6 485 281 549 393 43596 0 0 1 standing 
6 483 280 539 393 43597 0 0 1 standing 
6 481 279 529 393 43598 0 0 0 standing 
6 477 277 524 391 43599 0 0 1 standing 
6 474 276 519 390 43600 0 0 1 standing 
6 471 275 515 389 43601 0 0 0 standing 
6 461 276 511 390 43602 0 0 1 standing 
6 451 277 508 391 43603 0 0 1 standing 
6 441 279 505 393 43604 0 0 0 standing 
6 432 281 503 393 43605 0 0 1 standing 
6 424 284 501 394 43606 0 0 1 standing 
6 416 287 499 395 43607 0 0 0 standing 
6 413 289 498 396 43608 0 0 1 standing 
6 411 291 497 398 43609 0 0 1 standing 
6 409 293 496 400 43610 0 0 0 standing 
6 408 292 490 400 43611 0 0 1 standing 
6 408 291 484 401 43612 0 0 1 standing 
6 407 290 478 401 43613 0 0 1 standing 
6 407 289 472 402 43614 0 0 1 standing 
7 683 256 729 351 43595 0 0 0 standing 
7 678 255 729 352 43596 0 0 1 standing 
7 673 255 730 353 43597 0 0 1 standing 
7 668 255 731 354 43598 0 0 0 standing 
7 669 253 728 354 43599 0 0 1 standing 
7 670 251 726 354 43600 0 0 1 standing 
7 671 250 724 355 43601 0 0 0 standing 
7 669 248 717 355 43602 0 0 1 standing 
7 667 247 711 355 43603 0 0 1 standing 
7 666 246 705 355 43604 0 0 0 standing 
7 664 246 703 357 43605 0 0 1 standing 
7 663 247 702 359 43606 0 0 1 standing 
7 662 248 701 362 43607 0 0 0 standing 
7 657 251 698 365 43608 0 0 1 standing 
7 652 255 695 369 43609 0 0 1 standing 
7 648 259 692 373 43610 0 0 0 standing 
7 647 261 691 373 43611 0 0 1 standing 
7 646 264 690 374 43612 0 0 1 standing 
7 646 267 689 375 43613 0 0 1 standing 
7 645 270 688 376 43614 0 0 1 standing 
8 692 298 761 399 43595 0 0 0 standing 
8 701 295 764 397 43596 0 0 1 standing 
8 711 293 767 395 43597 0 0 1 standing 
8 721 291 770 394 43598 0 0 0 standing 
8 728 289 777 394 43599 0 0 1 standing 
8 736 288 784 394 43600 0 0 1 standing 
8 744 287 792 395 43601 0 0 0 standing 
8 750 287 798 395 43602 0 0 1 standing 
8 756 287 804 395 43603 0 0 1 standing 
8 762 288 811 396 43604 0 0 0 standing 
8 769 288 825 396 43605 0 0 1 standing 
8 776 288 839 397 43606 0 0 1 standing 
8 784 289 853 398 43607 0 0 0 standing 
8 789 291 862 398 43608 0 0 1 standing 
8 795 293 871 398 43609 0 0 1 standing 
8 801 296 880 398 43610 0 0 0 standing 
8 803 296 882 397 43611 0 0 1 standing 
8 805 296 884 397 43612 0 0 1 standing 
8 807 296 886 397 43613 0 0 1 standing 
8 809 296 888 397 43614 0 0 1 standing 
9 799 345 871 454 43595 0 0 0 standing 
9 796 341 869 452 43596 0 0 1 standing 
9 793 337 868 450 43597 0 0 1 standing 
9 790 334 867 448 43598 0 0 0 standing 
9 791 328 863 445 43599 0 0 1 standing 
9 792 323 859 443 43600 0 0 1 standing 
9 793 318 856 441 43601 0 0 0 standing 
9 791 315 850 440 43602 0 0 1 standing 
9 790 312 844 439 43603 0 0 1 standing 
9 789 310 838 438 43604 0 0 0 standing 
9 781 312 835 440 43605 0 0 1 standing 
9 773 314 832 442 43606 0 0 1 standing 
9 765 316 829 444 43607 0 0 0 standing 
9 759 321 828 443 43608 0 0 1 standing 
9 753 327 827 442 43609 0 0 1 standing 
9 747 333 826 442 43610 0 0 0 standing 
9 748 333 826 441 43611 0 0 1 standing 
9 749 333 827 441 43612 0 0 1 standing 
9 751 333 828 441 43613 0 0 0 standing 
9 751 333 828 441 43614 0 0 1 standing 
10 864 409 928 525 43595 0 0 0 standing 
10 862 411 922 526 43596 0 0 1 standing 
10 860 413 917 528 43597 0 0 1 standing 
10 859 416 912 530 43598 0 0 0 standing 
10 854 416 907 533 43599 0 0 1 standing 
10 850 416 903 536 43600 0 0 1 standing 
10 846 417 899 539 43601 0 0 0 standing 
10 845 416 898 540 43602 0 0 1 standing 
10 844 415 897 541 43603 0 0 1 standing 
10 844 415 897 543 43604 0 0 0 standing 
10 840 415 892 543 43605 0 0 1 standing 
10 837 415 887 543 43606 0 0 1 standing 
10 834 415 882 543 43607 0 0 0 standing 
10 830 417 880 545 43608 0 0 1 standing 
10 826 420 878 548 43609 0 0 1 standing 
10 823 423 876 551 43610 0 0 0 standing 
10 820 425 875 550 43611 0 0 1 standing 
10 817 427 874 549 43612 0 0 1 standing 
10 815 429 874 548 43613 0 0 0 standing 
10 815 429 874 548 43614 0 0 1 standing 
11 932 350 987 454 43595 0 0 0 standing 
11 936 352 987 459 43596 0 0 1 standing 
11 941 354 987 464 43597 0 0 1 standing 
11 946 356 988 469 43598 0 0 0 standing 
11 948 357 990 472 43599 0 0 1 standing 
11 951 358 993 475 43600 0 0 1 standing 
11 954 360 996 478 43601 0 0 0 standing 
11 956 360 996 478 43602 0 0 1 standing 
11 958 360 996 479 43603 0 0 1 standing 
11 960 361 997 480 43604 0 0 0 standing 
11 960 364 1000 484 43605 0 0 1 standing 
11 961 367 1003 488 43606 0 0 1 standing 
11 962 370 1006 493 43607 0 0 0 standing 
11 962 375 1006 498 43608 0 0 1 standing 
11 962 380 1006 503 43609 0 0 1 standing 
11 962 386 1006 509 43610 0 0 0 standing 
11 963 391 1007 509 43611 0 0 1 standing 
11 965 396 1009 509 43612 0 0 1 standing 
11 967 401 1011 509 43613 0 0 0 standing 
11 967 401 1011 509 43614 0 0 1 standing 
