0 865 399 908 528 33500 0 1 0 standing 
0 863 398 907 527 33501 0 1 1 standing 
0 862 398 907 527 33502 0 1 1 standing 
0 861 398 906 527 33503 0 1 1 standing 
0 859 398 906 527 33504 0 1 1 standing 
0 858 398 905 527 33505 0 1 1 standing 
0 857 398 905 527 33506 0 1 1 standing 
0 855 398 904 527 33507 0 1 1 standing 
0 854 398 904 527 33508 0 1 1 standing 
0 853 398 903 527 33509 0 1 1 standing 
0 852 398 903 527 33510 0 1 1 standing 
0 850 397 902 526 33511 0 1 1 standing 
0 849 397 902 526 33512 0 1 1 standing 
0 848 397 901 526 33513 0 1 1 standing 
0 846 397 901 526 33514 0 1 1 standing 
0 845 397 900 526 33515 0 1 1 standing 
0 844 397 900 526 33516 0 1 1 standing 
0 842 397 899 526 33517 0 1 1 standing 
0 841 397 899 526 33518 0 1 1 standing 
0 840 397 898 526 33519 0 1 1 standing 
1 888 410 927 528 33500 0 1 0 standing 
1 888 410 927 528 33501 0 1 1 standing 
1 888 410 927 528 33502 0 1 1 standing 
1 888 410 927 528 33503 0 1 1 standing 
1 888 410 927 528 33504 0 1 1 standing 
1 888 410 927 528 33505 0 1 1 standing 
1 888 410 927 528 33506 0 1 1 standing 
1 888 410 927 528 33507 0 1 1 standing 
1 888 410 927 528 33508 0 1 1 standing 
1 888 410 927 528 33509 0 1 1 standing 
1 888 410 927 528 33510 0 1 1 standing 
1 888 410 927 528 33511 0 1 1 standing 
1 888 410 927 528 33512 0 1 1 standing 
1 888 410 927 528 33513 0 1 1 standing 
1 888 410 927 528 33514 0 1 1 standing 
1 888 410 927 528 33515 0 1 1 standing 
1 888 410 927 528 33516 0 1 1 standing 
1 888 410 927 528 33517 0 1 1 standing 
1 888 410 927 528 33518 0 1 1 standing 
1 888 410 927 528 33519 0 1 1 standing 
2 900 397 931 516 33500 0 1 0 standing 
2 900 397 931 516 33501 0 1 1 standing 
2 900 397 931 516 33502 0 1 1 standing 
2 900 397 931 516 33503 0 1 1 standing 
2 900 397 931 516 33504 0 1 1 standing 
2 900 397 931 516 33505 0 1 1 standing 
2 900 397 931 516 33506 0 1 1 standing 
2 900 397 931 516 33507 0 1 1 standing 
2 900 397 931 516 33508 0 1 1 standing 
2 900 397 931 516 33509 0 1 1 standing 
2 900 397 931 516 33510 0 1 1 standing 
2 900 397 931 516 33511 0 1 1 standing 
2 900 397 931 516 33512 0 1 1 standing 
2 900 397 931 516 33513 0 1 1 standing 
2 900 397 931 516 33514 0 1 1 standing 
2 900 397 931 516 33515 0 1 1 standing 
2 900 397 931 516 33516 0 1 1 standing 
2 900 397 931 516 33517 0 1 1 standing 
2 900 397 931 516 33518 0 1 1 standing 
2 900 397 931 516 33519 0 1 1 standing 
3 914 390 945 513 33500 0 1 0 standing 
3 914 390 945 513 33501 0 1 1 standing 
3 914 390 945 513 33502 0 1 1 standing 
3 914 390 945 513 33503 0 1 1 standing 
3 914 390 945 513 33504 0 1 1 standing 
3 914 390 945 513 33505 0 1 1 standing 
3 914 390 945 513 33506 0 1 1 standing 
3 914 390 945 513 33507 0 1 1 standing 
3 914 390 945 513 33508 0 1 1 standing 
3 914 390 945 513 33509 0 1 1 standing 
3 914 390 945 513 33510 0 1 1 standing 
3 914 390 945 513 33511 0 1 1 standing 
3 914 390 945 513 33512 0 1 1 standing 
3 914 390 945 513 33513 0 1 1 standing 
3 914 390 945 513 33514 0 1 1 standing 
3 914 390 945 513 33515 0 1 1 standing 
3 914 390 945 513 33516 0 1 1 standing 
3 914 390 945 513 33517 0 1 1 standing 
3 914 390 945 513 33518 0 1 1 standing 
3 914 390 945 513 33519 0 1 1 standing 
4 926 385 957 510 33500 0 1 0 standing 
4 926 385 957 509 33501 0 1 1 standing 
4 926 385 958 509 33502 0 1 1 standing 
4 926 385 958 509 33503 0 1 1 standing 
4 926 385 959 509 33504 0 1 1 standing 
4 926 385 959 509 33505 0 1 1 standing 
4 926 385 960 509 33506 0 1 1 standing 
4 926 385 960 509 33507 0 1 1 standing 
4 926 385 961 509 33508 0 1 1 standing 
4 926 385 961 509 33509 0 1 1 standing 
4 926 385 962 509 33510 0 1 1 standing 
4 926 385 962 509 33511 0 1 1 standing 
4 926 385 963 509 33512 0 1 1 standing 
4 926 385 963 509 33513 0 1 1 standing 
4 926 385 964 509 33514 0 1 1 standing 
4 926 385 964 509 33515 0 1 1 standing 
4 926 385 965 509 33516 0 1 1 standing 
4 926 385 965 509 33517 0 1 1 standing 
4 926 385 966 509 33518 0 1 1 standing 
4 926 385 966 509 33519 0 1 1 standing 
5 876 398 913 516 33500 0 1 0 standing 
5 876 398 913 516 33501 0 1 1 standing 
5 876 398 913 516 33502 0 1 1 standing 
5 876 398 913 516 33503 0 1 1 standing 
5 876 398 913 516 33504 0 1 1 standing 
5 876 398 913 516 33505 0 1 1 standing 
5 876 398 913 516 33506 0 1 1 standing 
5 876 398 913 516 33507 0 1 1 standing 
5 876 398 913 516 33508 0 1 1 standing 
5 876 398 913 516 33509 0 1 1 standing 
5 876 398 913 516 33510 0 1 1 standing 
5 876 398 913 516 33511 0 1 1 standing 
5 876 398 913 516 33512 0 1 1 standing 
5 876 398 913 516 33513 0 1 1 standing 
5 876 398 913 516 33514 0 1 1 standing 
5 876 398 913 516 33515 0 1 1 standing 
5 876 398 913 516 33516 0 1 1 standing 
5 876 398 913 516 33517 0 1 1 standing 
5 876 398 913 516 33518 0 1 1 standing 
5 876 398 913 516 33519 0 1 1 standing 
6 116 461 167 600 33500 0 0 0 standing 
6 114 462 165 601 33501 0 0 1 standing 
6 112 463 163 602 33502 0 0 1 standing 
6 110 464 161 603 33503 0 0 1 standing 
6 108 466 159 605 33504 0 0 1 standing 
6 106 467 157 606 33505 0 0 1 standing 
6 104 468 155 607 33506 0 0 1 standing 
6 102 470 153 609 33507 0 0 1 standing 
6 100 471 151 610 33508 0 0 1 standing 
6 98 472 149 611 33509 0 0 1 standing 
6 97 474 148 613 33510 0 0 0 standing 
6 93 475 145 614 33511 0 0 1 standing 
6 90 476 143 615 33512 0 0 1 standing 
6 87 478 140 616 33513 0 0 1 standing 
6 83 479 138 617 33514 0 0 1 standing 
6 80 481 135 619 33515 0 0 1 standing 
6 77 482 133 620 33516 0 0 1 standing 
6 73 483 130 621 33517 0 0 1 standing 
6 70 485 128 622 33518 0 0 1 standing 
6 67 486 125 623 33519 0 0 1 standing 
7 183 408 225 543 33500 0 0 0 standing 
7 182 407 225 543 33501 0 0 1 standing 
7 181 407 225 543 33502 0 0 1 standing 
7 180 407 225 543 33503 0 0 1 standing 
7 179 407 225 543 33504 0 0 1 standing 
7 178 407 225 543 33505 0 0 1 standing 
7 177 407 225 543 33506 0 0 1 standing 
7 176 407 225 543 33507 0 0 1 standing 
7 175 407 225 543 33508 0 0 1 standing 
7 174 407 225 543 33509 0 0 1 standing 
7 174 407 226 544 33510 0 0 0 standing 
7 173 406 224 543 33511 0 0 1 standing 
7 172 405 222 542 33512 0 0 1 standing 
7 171 404 220 541 33513 0 0 1 standing 
7 171 404 218 540 33514 0 0 1 standing 
7 170 403 217 540 33515 0 0 1 standing 
7 169 402 215 539 33516 0 0 1 standing 
7 169 402 213 538 33517 0 0 1 standing 
7 168 401 211 537 33518 0 0 1 standing 
7 167 400 209 536 33519 0 0 1 standing 
8 312 475 362 613 33500 0 0 0 standing 
8 307 475 359 613 33501 0 0 1 standing 
8 302 475 357 613 33502 0 0 1 standing 
8 297 475 355 613 33503 0 0 1 standing 
8 292 475 353 613 33504 0 0 1 standing 
8 288 475 351 613 33505 0 0 1 standing 
8 283 475 348 613 33506 0 0 1 standing 
8 278 475 346 613 33507 0 0 1 standing 
8 273 475 344 613 33508 0 0 1 standing 
8 268 475 342 613 33509 0 0 1 standing 
8 264 476 340 613 33510 0 0 0 standing 
8 262 475 334 613 33511 0 0 1 standing 
8 260 475 329 614 33512 0 0 1 standing 
8 258 475 324 615 33513 0 0 1 standing 
8 256 474 319 616 33514 0 0 1 standing 
8 254 474 314 617 33515 0 0 1 standing 
8 252 474 308 618 33516 0 0 1 standing 
8 250 473 303 619 33517 0 0 1 standing 
8 248 473 298 620 33518 0 0 1 standing 
8 246 473 293 621 33519 0 0 1 standing 
9 307 375 351 493 33500 0 0 0 standing 
9 301 375 345 493 33501 0 0 1 standing 
9 296 375 340 493 33502 0 0 1 standing 
9 291 375 334 493 33503 0 0 1 standing 
9 286 375 329 494 33504 0 0 1 standing 
9 281 376 324 494 33505 0 0 1 standing 
9 275 376 318 494 33506 0 0 1 standing 
9 270 376 313 495 33507 0 0 1 standing 
9 265 376 307 495 33508 0 0 1 standing 
9 260 376 302 495 33509 0 0 1 standing 
9 255 377 297 496 33510 0 0 0 standing 
9 250 377 295 496 33511 0 0 1 standing 
9 246 377 293 496 33512 0 0 1 standing 
9 242 377 291 496 33513 0 0 1 standing 
9 237 377 289 496 33514 0 0 1 standing 
9 233 378 287 496 33515 0 0 1 standing 
9 229 378 285 496 33516 0 0 1 standing 
9 224 378 283 496 33517 0 0 1 standing 
9 220 378 281 496 33518 0 0 1 standing 
9 216 378 279 496 33519 0 0 1 standing 
10 428 374 470 489 33500 0 0 0 standing 
10 428 373 470 488 33501 0 0 1 standing 
10 429 372 471 487 33502 0 0 1 standing 
10 429 372 471 487 33503 0 0 1 standing 
10 430 371 472 486 33504 0 0 1 standing 
10 431 371 473 486 33505 0 0 1 standing 
10 431 370 473 485 33506 0 0 1 standing 
10 432 370 474 484 33507 0 0 1 standing 
10 432 369 474 484 33508 0 0 1 standing 
10 433 369 475 483 33509 0 0 1 standing 
10 434 368 476 483 33510 0 0 1 standing 
10 434 367 476 482 33511 0 0 1 standing 
10 435 367 477 481 33512 0 0 1 standing 
10 435 366 477 481 33513 0 0 1 standing 
10 436 366 478 480 33514 0 0 1 standing 
10 437 365 479 480 33515 0 0 1 standing 
10 437 365 479 479 33516 0 0 1 standing 
10 438 364 480 478 33517 0 0 1 standing 
10 438 364 480 478 33518 0 0 1 standing 
10 439 363 481 477 33519 0 0 1 standing 
11 443 350 494 469 33500 0 0 0 standing 
11 441 349 491 468 33501 0 0 1 standing 
11 440 349 489 468 33502 0 0 1 standing 
11 438 349 487 468 33503 0 0 1 standing 
11 437 349 484 468 33504 0 0 1 standing 
11 436 349 482 468 33505 0 0 1 standing 
11 434 349 480 467 33506 0 0 1 standing 
11 433 349 477 467 33507 0 0 1 standing 
11 431 349 475 467 33508 0 0 1 standing 
11 430 349 473 467 33509 0 0 1 standing 
11 429 349 471 467 33510 0 0 0 standing 
11 426 348 468 465 33511 0 0 1 standing 
11 423 347 466 464 33512 0 0 1 standing 
11 420 347 464 463 33513 0 0 1 standing 
11 417 346 461 461 33514 0 0 1 standing 
11 415 346 459 460 33515 0 0 1 standing 
11 412 345 457 459 33516 0 0 1 standing 
11 409 344 454 457 33517 0 0 1 standing 
11 406 344 452 456 33518 0 0 1 standing 
11 403 343 450 455 33519 0 0 1 standing 
