0 529 582 641 858 63450 0 1 0 spiking 
0 534 570 651 835 63451 0 1 1 spiking 
0 539 558 661 813 63452 0 1 1 spiking 
0 544 546 671 791 63453 0 1 1 spiking 
0 550 535 681 769 63454 0 1 0 spiking 
0 564 533 686 770 63455 0 1 1 spiking 
0 579 532 692 772 63456 0 1 1 spiking 
0 594 531 698 774 63457 0 1 1 spiking 
0 608 530 703 775 63458 0 1 1 spiking 
0 623 529 709 777 63459 0 1 1 spiking 
0 638 528 715 779 63460 0 1 0 spiking 
0 648 537 731 776 63461 0 1 1 spiking 
0 658 546 748 773 63462 0 1 1 spiking 
0 669 556 765 771 63463 0 1 0 spiking 
0 679 565 775 774 63464 0 1 1 spiking 
0 690 574 785 778 63465 0 1 1 spiking 
0 700 583 795 781 63466 0 1 1 spiking 
0 711 593 806 785 63467 0 1 0 spiking 
0 721 602 816 804 63468 0 1 1 spiking 
0 732 612 827 823 63469 0 1 1 spiking 
1 899 639 994 821 63450 0 1 0 spiking 
1 897 625 989 817 63451 0 1 1 blocking 
1 895 611 984 813 63452 0 1 1 blocking 
1 893 597 979 809 63453 0 1 1 blocking 
1 891 583 974 805 63454 0 1 1 blocking 
1 890 569 970 801 63455 0 1 1 blocking 
1 888 555 965 797 63456 0 1 1 blocking 
1 886 541 960 793 63457 0 1 1 blocking 
1 884 527 955 789 63458 0 1 1 blocking 
1 882 513 950 785 63459 0 1 1 blocking 
1 881 500 946 781 63460 0 1 0 blocking 
1 881 500 946 781 63461 0 1 1 blocking 
1 881 500 946 781 63462 0 1 1 blocking 
1 881 500 946 781 63463 0 1 1 blocking 
1 881 500 946 781 63464 0 1 1 blocking 
1 881 500 946 781 63465 0 1 1 blocking 
1 881 500 946 781 63466 0 1 1 blocking 
1 881 500 946 781 63467 0 1 1 blocking 
1 881 500 946 781 63468 0 1 1 blocking 
1 881 500 946 781 63469 0 1 1 blocking 
2 900 549 977 753 63450 0 1 0 blocking 
2 896 544 973 755 63451 0 1 1 blocking 
2 893 540 970 757 63452 0 1 1 blocking 
2 890 536 967 759 63453 0 1 1 blocking 
2 887 532 964 761 63454 0 1 0 blocking 
2 882 519 959 755 63455 0 1 1 blocking 
2 878 506 955 749 63456 0 1 1 blocking 
2 873 493 951 743 63457 0 1 1 blocking 
2 869 480 947 737 63458 0 1 1 blocking 
2 865 468 943 731 63459 0 1 0 blocking 
2 865 469 948 733 63460 0 1 1 blocking 
2 866 471 954 735 63461 0 1 1 blocking 
2 867 473 959 738 63462 0 1 1 blocking 
2 868 475 965 740 63463 0 1 1 blocking 
2 869 477 971 742 63464 0 1 1 blocking 
2 870 478 976 745 63465 0 1 1 blocking 
2 871 480 982 747 63466 0 1 1 blocking 
2 872 482 988 749 63467 0 1 1 blocking 
2 873 484 993 752 63468 0 1 1 blocking 
2 874 486 999 754 63469 0 1 1 blocking 
3 364 490 456 629 63450 0 0 0 blocking 
3 350 494 438 634 63451 0 0 1 standing 
3 336 498 420 640 63452 0 0 1 standing 
3 323 503 403 646 63453 0 0 0 standing 
3 302 504 398 655 63454 0 0 1 standing 
3 281 505 393 665 63455 0 0 1 standing 
3 261 507 389 675 63456 0 0 0 standing 
3 257 505 381 676 63457 0 0 1 standing 
3 253 503 374 677 63458 0 0 1 standing 
3 249 502 367 679 63459 0 0 0 standing 
3 242 499 344 677 63460 0 0 1 standing 
3 236 496 321 675 63461 0 0 1 standing 
3 230 494 299 673 63462 0 0 0 standing 
3 220 492 292 671 63463 0 0 1 standing 
3 210 491 286 670 63464 0 0 1 standing 
3 201 490 280 669 63465 0 0 0 standing 
3 187 495 275 674 63466 0 0 1 standing 
3 173 501 270 679 63467 0 0 1 standing 
3 159 506 265 685 63468 0 0 1 standing 
3 145 512 260 690 63469 0 0 1 standing 
4 607 331 671 500 63450 0 0 0 standing 
4 604 332 672 501 63451 0 0 1 standing 
4 601 334 674 502 63452 0 0 1 standing 
4 599 336 676 504 63453 0 0 0 standing 
4 600 335 674 505 63454 0 0 1 standing 
4 602 335 673 506 63455 0 0 1 standing 
4 604 335 672 508 63456 0 0 0 standing 
4 607 335 675 509 63457 0 0 1 standing 
4 610 335 678 511 63458 0 0 1 standing 
4 614 335 682 513 63459 0 0 0 standing 
4 616 335 682 513 63460 0 0 1 standing 
4 618 336 683 513 63461 0 0 1 standing 
4 621 337 684 514 63462 0 0 0 standing 
4 623 336 683 513 63463 0 0 1 standing 
4 625 336 683 513 63464 0 0 1 standing 
4 628 336 683 513 63465 0 0 0 standing 
4 631 339 687 516 63466 0 0 1 standing 
4 634 342 691 519 63467 0 0 1 standing 
4 638 345 695 522 63468 0 0 1 standing 
4 641 348 699 525 63469 0 0 1 standing 
5 666 516 816 683 63450 0 0 0 standing 
5 663 517 811 684 63451 0 0 1 standing 
5 660 518 806 686 63452 0 0 1 standing 
5 658 520 801 688 63453 0 0 0 standing 
5 658 519 797 680 63454 0 0 1 standing 
5 659 518 793 673 63455 0 0 1 standing 
5 660 518 789 666 63456 0 0 0 standing 
5 653 515 779 673 63457 0 0 1 standing 
5 647 513 769 680 63458 0 0 1 standing 
5 641 511 759 688 63459 0 0 0 standing 
5 639 510 757 688 63460 0 0 1 standing 
5 637 510 755 688 63461 0 0 1 standing 
5 635 510 754 688 63462 0 0 0 standing 
5 630 511 755 694 63463 0 0 1 standing 
5 626 512 756 701 63464 0 0 1 standing 
5 622 514 757 708 63465 0 0 0 standing 
5 622 518 756 708 63466 0 0 1 standing 
5 623 522 755 708 63467 0 0 1 standing 
5 624 526 755 708 63468 0 0 1 standing 
5 625 530 754 708 63469 0 0 1 standing 
6 561 499 654 656 63450 0 0 0 standing 
6 563 501 660 660 63451 0 0 1 standing 
6 566 503 666 664 63452 0 0 1 standing 
6 569 505 672 668 63453 0 0 0 standing 
6 565 506 655 679 63454 0 0 1 standing 
6 562 507 638 690 63455 0 0 1 standing 
6 559 508 621 701 63456 0 0 0 standing 
6 552 509 631 703 63457 0 0 1 standing 
6 545 510 641 706 63458 0 0 1 standing 
6 539 512 652 709 63459 0 0 0 standing 
6 535 513 638 709 63460 0 0 1 standing 
6 532 515 625 709 63461 0 0 1 standing 
6 529 517 612 709 63462 0 0 0 standing 
6 527 519 608 707 63463 0 0 1 standing 
6 525 522 604 705 63464 0 0 1 standing 
6 524 525 601 703 63465 0 0 0 standing 
6 514 527 599 709 63466 0 0 1 standing 
6 504 530 597 715 63467 0 0 1 standing 
6 494 533 595 721 63468 0 0 1 standing 
6 484 536 593 727 63469 0 0 1 standing 
7 476 580 561 771 63450 0 0 0 standing 
7 473 584 559 776 63451 0 0 1 waiting 
7 470 589 557 782 63452 0 0 1 waiting 
7 467 594 555 788 63453 0 0 0 waiting 
7 465 598 551 786 63454 0 0 1 waiting 
7 464 602 548 784 63455 0 0 1 waiting 
7 463 606 545 783 63456 0 0 0 waiting 
7 462 604 544 784 63457 0 0 1 waiting 
7 462 602 544 786 63458 0 0 1 waiting 
7 462 601 544 788 63459 0 0 0 waiting 
7 463 600 545 788 63460 0 0 1 waiting 
7 464 599 547 788 63461 0 0 1 waiting 
7 466 599 549 788 63462 0 0 0 waiting 
7 469 602 548 793 63463 0 0 1 waiting 
7 473 605 547 798 63464 0 0 1 waiting 
7 477 609 546 803 63465 0 0 0 waiting 
7 480 614 549 803 63466 0 0 1 waiting 
7 483 619 552 803 63467 0 0 1 waiting 
7 486 624 555 803 63468 0 0 0 waiting 
7 486 624 555 803 63469 0 0 1 waiting 
8 906 421 1057 573 63450 0 0 0 waiting 
8 903 420 1057 573 63451 0 0 1 waiting 
8 901 419 1057 573 63452 0 0 1 waiting 
8 899 419 1057 573 63453 0 0 0 waiting 
8 908 419 1054 573 63454 0 0 1 waiting 
8 917 419 1052 573 63455 0 0 1 waiting 
8 926 420 1050 574 63456 0 0 0 waiting 
8 936 419 1050 573 63457 0 0 1 waiting 
8 946 419 1050 573 63458 0 0 1 waiting 
8 957 419 1050 573 63459 0 0 0 waiting 
8 963 417 1051 576 63460 0 0 1 waiting 
8 969 415 1053 580 63461 0 0 1 waiting 
8 976 414 1055 584 63462 0 0 0 waiting 
8 979 414 1068 587 63463 0 0 1 waiting 
8 982 414 1081 590 63464 0 0 1 waiting 
8 986 415 1094 593 63465 0 0 0 waiting 
8 990 415 1102 593 63466 0 0 1 waiting 
8 994 415 1110 593 63467 0 0 1 waiting 
8 998 416 1118 594 63468 0 0 1 waiting 
8 1002 416 1126 594 63469 0 0 1 waiting 
9 1290 439 1415 580 63450 0 0 0 waiting 
9 1287 439 1403 581 63451 0 0 1 digging 
9 1284 439 1392 582 63452 0 0 1 digging 
9 1281 440 1381 583 63453 0 0 0 digging 
9 1277 441 1378 581 63454 0 0 1 digging 
9 1273 443 1376 579 63455 0 0 1 digging 
9 1270 445 1374 578 63456 0 0 0 digging 
9 1268 445 1372 578 63457 0 0 1 digging 
9 1266 445 1370 578 63458 0 0 1 digging 
9 1265 445 1369 578 63459 0 0 0 digging 
9 1266 445 1370 578 63460 0 0 1 digging 
9 1267 445 1371 578 63461 0 0 1 digging 
9 1268 446 1372 579 63462 0 0 1 digging 
9 1269 446 1373 579 63463 0 0 1 digging 
9 1270 446 1374 579 63464 0 0 1 digging 
9 1271 447 1375 580 63465 0 0 0 digging 
9 1272 447 1376 580 63466 0 0 1 digging 
9 1274 447 1378 580 63467 0 0 1 digging 
9 1276 448 1380 581 63468 0 0 0 digging 
9 1276 448 1380 581 63469 0 0 1 digging 
10 1604 476 1687 658 63450 0 0 0 digging 
10 1599 475 1689 656 63451 0 0 1 waiting 
10 1595 475 1691 654 63452 0 0 1 waiting 
10 1591 475 1694 653 63453 0 0 0 waiting 
10 1588 476 1691 654 63454 0 0 1 waiting 
10 1586 477 1689 656 63455 0 0 1 waiting 
10 1584 479 1687 658 63456 0 0 0 waiting 
10 1582 478 1686 657 63457 0 0 1 waiting 
10 1581 478 1685 657 63458 0 0 1 waiting 
10 1580 478 1684 657 63459 0 0 0 waiting 
10 1593 481 1689 656 63460 0 0 1 waiting 
10 1606 484 1694 655 63461 0 0 1 waiting 
10 1620 488 1699 655 63462 0 0 0 waiting 
10 1628 490 1712 661 63463 0 0 1 waiting 
10 1636 493 1725 668 63464 0 0 1 waiting 
10 1645 496 1739 675 63465 0 0 0 waiting 
10 1646 500 1740 674 63466 0 0 1 waiting 
10 1648 505 1741 674 63467 0 0 1 waiting 
10 1649 510 1743 674 63468 0 0 1 waiting 
10 1651 515 1744 674 63469 0 0 1 waiting 
11 1579 646 1660 809 63450 0 0 0 waiting 
11 1577 650 1662 818 63451 0 0 1 waiting 
11 1575 654 1664 828 63452 0 0 1 waiting 
11 1574 659 1667 838 63453 0 0 0 waiting 
11 1570 662 1665 837 63454 0 0 1 waiting 
11 1567 666 1663 836 63455 0 0 1 waiting 
11 1564 670 1662 835 63456 0 0 0 waiting 
11 1562 666 1660 835 63457 0 0 1 waiting 
11 1560 662 1658 835 63458 0 0 1 waiting 
11 1559 658 1656 835 63459 0 0 0 waiting 
11 1555 656 1646 834 63460 0 0 1 waiting 
11 1552 655 1637 833 63461 0 0 1 waiting 
11 1549 654 1628 833 63462 0 0 0 waiting 
11 1546 656 1625 835 63463 0 0 1 waiting 
11 1543 659 1622 838 63464 0 0 1 waiting 
11 1540 662 1619 841 63465 0 0 0 waiting 
11 1537 661 1622 840 63466 0 0 1 waiting 
11 1534 660 1625 840 63467 0 0 1 waiting 
11 1532 659 1628 840 63468 0 0 1 waiting 
11 1529 658 1631 840 63469 0 0 1 waiting 
