0 113 432 146 565 18700 0 0 0 standing 
0 130 429 164 562 18701 0 0 1 standing 
0 147 426 182 559 18702 0 0 1 standing 
0 164 423 200 556 18703 0 0 1 standing 
0 182 421 218 554 18704 0 0 0 standing 
0 196 419 233 552 18705 0 0 1 standing 
0 210 417 248 550 18706 0 0 1 standing 
0 225 416 263 549 18707 0 0 0 standing 
0 233 414 272 547 18708 0 0 1 standing 
0 241 412 281 545 18709 0 0 1 standing 
0 250 411 290 543 18710 0 0 0 standing 
0 252 411 292 543 18711 0 0 1 standing 
0 255 411 295 543 18712 0 0 1 standing 
0 257 411 297 543 18713 0 0 1 standing 
0 260 412 300 544 18714 0 0 0 standing 
0 259 412 299 544 18715 0 0 1 standing 
0 259 413 299 545 18716 0 0 1 standing 
0 258 413 298 545 18717 0 0 1 standing 
0 258 414 298 546 18718 0 0 1 standing 
0 257 414 297 546 18719 0 0 1 standing 
1 264 383 305 465 18700 0 1 0 standing 
1 282 383 323 463 18701 0 1 1 falling 
1 300 384 341 462 18702 0 1 1 falling 
1 318 384 359 460 18703 0 1 1 falling 
1 336 385 377 459 18704 0 1 0 falling 
1 341 385 383 457 18705 0 1 1 falling 
1 346 386 389 456 18706 0 1 1 falling 
1 351 387 395 455 18707 0 1 1 falling 
1 356 387 401 453 18708 0 1 1 falling 
1 361 388 407 452 18709 0 1 1 falling 
1 366 389 413 451 18710 0 1 0 falling 
1 359 391 409 450 18711 0 1 1 falling 
1 352 393 405 450 18712 0 1 1 falling 
1 345 395 401 450 18713 0 1 1 falling 
1 338 397 397 449 18714 0 1 1 falling 
1 331 399 393 449 18715 0 1 1 falling 
1 325 401 389 449 18716 0 1 0 falling 
1 315 403 381 450 18717 0 1 1 falling 
1 305 406 373 451 18718 0 1 1 falling 
1 295 409 365 452 18719 0 1 1 falling 
2 328 342 369 438 18700 0 0 0 falling 
2 345 339 386 435 18701 0 0 1 standing 
2 362 336 403 432 18702 0 0 1 standing 
2 379 334 420 430 18703 0 0 0 standing 
2 391 330 432 426 18704 0 0 1 standing 
2 403 327 444 423 18705 0 0 1 standing 
2 415 324 456 420 18706 0 0 1 standing 
2 427 321 468 417 18707 0 0 0 standing 
2 432 319 473 415 18708 0 0 1 standing 
2 438 317 479 413 18709 0 0 1 standing 
2 444 315 485 411 18710 0 0 0 standing 
2 445 313 486 409 18711 0 0 1 standing 
2 447 312 488 408 18712 0 0 1 standing 
2 449 311 490 407 18713 0 0 0 standing 
2 447 310 488 406 18714 0 0 1 standing 
2 446 309 487 405 18715 0 0 1 standing 
2 445 308 486 404 18716 0 0 1 standing 
2 444 307 485 403 18717 0 0 1 standing 
2 443 307 484 403 18718 0 0 0 standing 
2 440 306 481 402 18719 0 0 1 standing 
3 462 337 502 422 18700 0 0 0 standing 
3 478 334 517 421 18701 0 0 1 standing 
3 494 331 533 420 18702 0 0 1 standing 
3 510 328 549 419 18703 0 0 1 standing 
3 526 326 565 418 18704 0 0 0 standing 
3 535 324 574 417 18705 0 0 1 standing 
3 544 323 583 416 18706 0 0 1 standing 
3 553 321 592 415 18707 0 0 1 standing 
3 563 320 602 414 18708 0 0 0 standing 
3 566 319 605 414 18709 0 0 1 standing 
3 569 319 609 414 18710 0 0 1 standing 
3 572 318 613 414 18711 0 0 1 standing 
3 575 318 617 415 18712 0 0 0 standing 
3 571 319 614 417 18713 0 0 1 standing 
3 568 321 611 419 18714 0 0 1 standing 
3 564 323 608 421 18715 0 0 1 standing 
3 561 325 605 424 18716 0 0 0 standing 
3 554 326 599 426 18717 0 0 1 standing 
3 548 328 593 428 18718 0 0 1 standing 
3 542 330 587 430 18719 0 0 1 standing 
4 608 363 647 460 18700 0 0 0 standing 
4 623 363 662 461 18701 0 0 1 standing 
4 639 363 678 462 18702 0 0 1 standing 
4 655 363 694 463 18703 0 0 1 standing 
4 671 363 710 464 18704 0 0 0 standing 
4 681 364 720 466 18705 0 0 1 standing 
4 691 366 730 468 18706 0 0 1 standing 
4 701 367 740 470 18707 0 0 1 standing 
4 712 369 750 473 18708 0 0 0 standing 
4 715 371 753 472 18709 0 0 1 standing 
4 718 374 757 472 18710 0 0 1 standing 
4 721 376 760 472 18711 0 0 1 standing 
4 724 379 764 472 18712 0 0 0 standing 
4 722 380 763 474 18713 0 0 1 standing 
4 721 381 763 477 18714 0 0 1 standing 
4 720 382 763 480 18715 0 0 1 standing 
4 719 384 763 483 18716 0 0 0 standing 
4 715 381 759 481 18717 0 0 1 standing 
4 711 379 756 480 18718 0 0 1 standing 
4 707 376 753 479 18719 0 0 1 standing 
5 680 376 718 484 18700 0 0 0 standing 
5 696 374 733 483 18701 0 0 1 standing 
5 712 372 749 483 18702 0 0 1 standing 
5 728 370 765 482 18703 0 0 1 standing 
5 745 369 781 482 18704 0 0 0 standing 
5 756 366 791 480 18705 0 0 1 standing 
5 767 364 801 479 18706 0 0 1 standing 
5 778 362 811 478 18707 0 0 1 standing 
5 789 360 822 477 18708 0 0 0 standing 
5 793 356 826 474 18709 0 0 1 standing 
5 798 353 831 471 18710 0 0 1 standing 
5 803 350 836 468 18711 0 0 0 standing 
5 801 349 834 466 18712 0 0 1 standing 
5 800 348 832 465 18713 0 0 1 standing 
5 798 347 830 463 18714 0 0 1 standing 
5 797 347 829 462 18715 0 0 0 standing 
5 793 347 825 462 18716 0 0 1 standing 
5 790 347 822 463 18717 0 0 1 standing 
5 786 347 818 464 18718 0 0 1 standing 
5 783 347 815 465 18719 0 0 1 standing 
6 865 334 895 452 18700 0 0 0 standing 
6 883 333 913 451 18701 0 0 1 standing 
6 901 332 931 450 18702 0 0 1 standing 
6 919 331 949 449 18703 0 0 1 standing 
6 938 330 968 448 18704 0 0 0 standing 
6 950 327 980 445 18705 0 0 1 standing 
6 962 325 992 443 18706 0 0 1 standing 
6 974 322 1004 440 18707 0 0 1 standing 
6 986 320 1016 438 18708 0 0 0 standing 
6 991 318 1021 436 18709 0 0 1 standing 
6 996 317 1026 435 18710 0 0 1 standing 
6 1001 316 1031 434 18711 0 0 1 standing 
6 1007 315 1037 433 18712 0 0 0 standing 
6 1006 315 1036 433 18713 0 0 1 standing 
6 1005 315 1035 433 18714 0 0 1 standing 
6 1004 315 1034 433 18715 0 0 1 standing 
6 1003 315 1033 433 18716 0 0 1 standing 
6 1003 315 1033 433 18717 0 0 0 standing 
6 998 315 1028 433 18718 0 0 1 standing 
6 994 315 1024 433 18719 0 0 1 standing 
7 915 348 947 463 18700 0 0 0 standing 
7 932 348 964 462 18701 0 0 1 standing 
7 949 348 982 462 18702 0 0 1 standing 
7 966 348 999 462 18703 0 0 1 standing 
7 984 349 1017 462 18704 0 0 0 standing 
7 995 349 1029 462 18705 0 0 1 standing 
7 1007 349 1041 462 18706 0 0 1 standing 
7 1018 349 1053 462 18707 0 0 1 standing 
7 1030 350 1065 462 18708 0 0 0 standing 
7 1037 350 1072 462 18709 0 0 1 standing 
7 1045 351 1080 463 18710 0 0 1 standing 
7 1053 352 1088 464 18711 0 0 0 standing 
7 1054 352 1089 464 18712 0 0 1 standing 
7 1056 352 1091 464 18713 0 0 1 standing 
7 1057 352 1092 464 18714 0 0 1 standing 
7 1059 353 1094 465 18715 0 0 0 standing 
7 1056 352 1091 464 18716 0 0 1 standing 
7 1054 352 1089 464 18717 0 0 1 standing 
7 1052 352 1087 463 18718 0 0 1 standing 
7 1050 352 1085 463 18719 0 0 1 standing 
8 1066 341 1103 428 18700 0 0 0 standing 
8 1079 343 1116 429 18701 0 0 1 moving 
8 1093 346 1130 430 18702 0 0 1 moving 
8 1106 348 1144 431 18703 0 0 1 moving 
8 1120 351 1158 432 18704 0 0 0 moving 
8 1126 351 1164 435 18705 0 0 1 moving 
8 1132 352 1171 438 18706 0 0 1 moving 
8 1138 353 1178 441 18707 0 0 1 moving 
8 1145 354 1185 445 18708 0 0 0 moving 
8 1144 355 1184 448 18709 0 0 1 moving 
8 1143 356 1183 451 18710 0 0 1 moving 
8 1142 357 1182 454 18711 0 0 1 moving 
8 1142 359 1181 457 18712 0 0 0 moving 
8 1136 360 1175 459 18713 0 0 1 moving 
8 1131 361 1169 462 18714 0 0 1 moving 
8 1125 362 1163 465 18715 0 0 1 moving 
8 1120 363 1157 468 18716 0 0 1 moving 
8 1114 364 1151 471 18717 0 0 1 moving 
8 1109 365 1145 474 18718 0 0 0 moving 
8 1100 367 1136 478 18719 0 0 1 moving 
9 243 423 282 521 18700 0 0 0 moving 
9 259 419 298 518 18701 0 0 1 digging 
9 275 415 315 515 18702 0 0 1 digging 
9 291 412 331 512 18703 0 0 1 digging 
9 307 408 348 509 18704 0 0 1 digging 
9 323 405 365 507 18705 0 0 0 digging 
9 332 402 374 505 18706 0 0 1 digging 
9 341 400 384 503 18707 0 0 1 digging 
9 350 397 394 501 18708 0 0 1 digging 
9 359 395 404 500 18709 0 0 0 digging 
9 361 394 406 499 18710 0 0 1 digging 
9 364 393 409 498 18711 0 0 1 digging 
9 366 392 411 497 18712 0 0 1 digging 
9 369 391 414 497 18713 0 0 0 digging 
9 368 391 413 497 18714 0 0 1 digging 
9 367 391 412 497 18715 0 0 1 digging 
9 366 391 411 497 18716 0 0 1 digging 
9 365 391 410 497 18717 0 0 1 digging 
9 365 392 409 497 18718 0 0 0 digging 
9 364 390 408 495 18719 0 0 1 digging 
10 719 323 753 443 18700 0 0 0 digging 
10 734 322 768 440 18701 0 0 1 standing 
10 750 322 784 438 18702 0 0 1 standing 
10 766 321 800 436 18703 0 0 1 standing 
10 782 321 816 434 18704 0 0 0 standing 
10 792 320 825 431 18705 0 0 1 standing 
10 802 319 835 429 18706 0 0 1 standing 
10 812 318 845 426 18707 0 0 1 standing 
10 822 317 855 424 18708 0 0 0 standing 
10 824 316 857 423 18709 0 0 1 standing 
10 826 316 859 423 18710 0 0 1 standing 
10 828 316 861 422 18711 0 0 1 standing 
10 830 316 863 422 18712 0 0 0 standing 
10 826 315 859 421 18713 0 0 1 standing 
10 822 315 855 420 18714 0 0 1 standing 
10 819 315 852 420 18715 0 0 1 standing 
10 815 314 848 419 18716 0 0 1 standing 
10 811 314 844 418 18717 0 0 1 standing 
10 808 314 841 418 18718 0 0 0 standing 
10 802 314 835 418 18719 0 0 1 standing 
11 720 377 757 485 18700 0 0 0 standing 
11 735 377 771 486 18701 0 0 1 standing 
11 750 378 786 487 18702 0 0 1 standing 
11 765 379 801 488 18703 0 0 1 standing 
11 780 380 816 489 18704 0 0 1 standing 
11 795 381 831 490 18705 0 0 0 standing 
11 801 381 836 490 18706 0 0 1 standing 
11 807 381 842 490 18707 0 0 1 standing 
11 813 381 848 490 18708 0 0 1 standing 
11 819 381 854 490 18709 0 0 1 standing 
11 825 381 860 490 18710 0 0 0 standing 
11 824 381 858 491 18711 0 0 1 standing 
11 823 381 857 492 18712 0 0 1 standing 
11 822 381 855 493 18713 0 0 1 standing 
11 821 382 854 495 18714 0 0 0 standing 
11 816 383 849 497 18715 0 0 1 standing 
11 811 385 844 499 18716 0 0 1 standing 
11 806 386 839 501 18717 0 0 1 standing 
11 801 388 834 503 18718 0 0 1 standing 
11 796 390 830 505 18719 0 0 0 standing 
