0 486 416 545 523 40775 0 1 0 spiking 
0 486 410 544 517 40776 0 1 1 spiking 
0 487 404 544 511 40777 0 1 1 spiking 
0 488 398 543 505 40778 0 1 1 spiking 
0 489 392 543 499 40779 0 1 0 spiking 
0 493 389 546 496 40780 0 1 1 spiking 
0 497 386 549 493 40781 0 1 1 spiking 
0 501 384 552 490 40782 0 1 1 spiking 
0 505 381 555 487 40783 0 1 1 spiking 
0 509 378 558 484 40784 0 1 1 spiking 
0 514 376 561 482 40785 0 1 0 spiking 
0 514 380 561 486 40786 0 1 1 spiking 
0 515 384 562 490 40787 0 1 1 spiking 
0 516 388 563 494 40788 0 1 1 spiking 
0 517 392 564 498 40789 0 1 1 spiking 
0 518 397 565 503 40790 0 1 1 spiking 
0 519 401 566 507 40791 0 1 1 spiking 
0 520 405 567 511 40792 0 1 1 spiking 
0 521 409 568 515 40793 0 1 1 spiking 
0 522 413 569 519 40794 0 1 1 spiking 
1 625 422 664 521 40775 0 1 0 spiking 
1 623 418 662 519 40776 0 1 1 blocking 
1 621 414 660 518 40777 0 1 1 blocking 
1 619 410 658 517 40778 0 1 1 blocking 
1 617 406 656 516 40779 0 1 1 blocking 
1 615 402 654 515 40780 0 1 1 blocking 
1 613 398 652 513 40781 0 1 1 blocking 
1 611 394 650 512 40782 0 1 1 blocking 
1 609 390 648 511 40783 0 1 1 blocking 
1 607 386 646 510 40784 0 1 1 blocking 
1 605 383 645 509 40785 0 1 0 blocking 
1 603 385 643 509 40786 0 1 1 blocking 
1 601 387 641 509 40787 0 1 1 blocking 
1 599 390 639 509 40788 0 1 1 blocking 
1 597 392 637 509 40789 0 1 1 blocking 
1 595 395 635 509 40790 0 1 1 blocking 
1 593 397 633 509 40791 0 1 1 blocking 
1 591 399 631 509 40792 0 1 1 blocking 
1 589 402 629 509 40793 0 1 1 blocking 
1 587 404 627 509 40794 0 1 1 blocking 
2 463 351 504 424 40775 0 0 0 blocking 
2 464 351 506 423 40776 0 0 1 moving 
2 465 352 508 422 40777 0 0 1 moving 
2 467 353 511 422 40778 0 0 0 moving 
2 468 353 514 420 40779 0 0 1 moving 
2 470 354 517 419 40780 0 0 1 moving 
2 472 355 521 418 40781 0 0 0 moving 
2 475 354 523 416 40782 0 0 1 moving 
2 478 354 526 415 40783 0 0 1 moving 
2 481 354 529 414 40784 0 0 0 moving 
2 488 353 530 413 40785 0 0 1 moving 
2 495 353 531 412 40786 0 0 1 moving 
2 503 353 533 412 40787 0 0 0 moving 
2 503 354 533 418 40788 0 0 1 moving 
2 504 355 533 424 40789 0 0 1 moving 
2 505 356 534 431 40790 0 0 0 moving 
2 505 355 536 430 40791 0 0 1 moving 
2 505 354 538 430 40792 0 0 1 moving 
2 505 353 540 430 40793 0 0 1 moving 
2 505 352 542 430 40794 0 0 1 moving 
3 388 405 458 448 40775 0 0 0 moving 
3 386 403 455 448 40776 0 0 1 falling 
3 384 402 453 448 40777 0 0 1 falling 
3 382 401 451 448 40778 0 0 0 falling 
3 381 401 450 448 40779 0 0 1 falling 
3 380 401 449 448 40780 0 0 1 falling 
3 379 401 448 448 40781 0 0 0 falling 
3 377 401 446 448 40782 0 0 1 falling 
3 375 401 444 448 40783 0 0 1 falling 
3 373 401 442 448 40784 0 0 0 falling 
3 373 400 439 448 40785 0 0 1 falling 
3 374 400 436 448 40786 0 0 1 falling 
3 375 400 433 448 40787 0 0 0 falling 
3 372 400 427 449 40788 0 0 1 falling 
3 369 400 422 451 40789 0 0 1 falling 
3 367 400 417 453 40790 0 0 0 falling 
3 365 400 414 453 40791 0 0 1 falling 
3 364 400 411 453 40792 0 0 1 falling 
3 362 400 408 453 40793 0 0 1 falling 
3 361 400 405 453 40794 0 0 1 falling 
4 374 424 434 506 40775 0 0 0 falling 
4 375 421 438 504 40776 0 0 1 standing 
4 377 419 442 503 40777 0 0 1 standing 
4 379 417 447 502 40778 0 0 0 standing 
4 386 416 447 501 40779 0 0 1 standing 
4 393 416 447 500 40780 0 0 1 standing 
4 400 416 448 500 40781 0 0 0 standing 
4 406 414 449 501 40782 0 0 1 standing 
4 412 412 450 502 40783 0 0 1 standing 
4 419 410 451 503 40784 0 0 0 standing 
4 422 410 454 503 40785 0 0 1 standing 
4 425 410 457 503 40786 0 0 1 standing 
4 428 410 461 503 40787 0 0 0 standing 
4 428 411 465 504 40788 0 0 1 standing 
4 428 412 469 505 40789 0 0 1 standing 
4 429 413 473 506 40790 0 0 0 standing 
4 428 413 470 506 40791 0 0 1 standing 
4 427 413 467 506 40792 0 0 1 standing 
4 427 413 465 506 40793 0 0 1 standing 
4 426 413 462 506 40794 0 0 1 standing 
5 377 499 449 604 40775 0 0 0 standing 
5 376 499 455 604 40776 0 0 1 moving 
5 376 499 462 604 40777 0 0 1 moving 
5 376 500 469 604 40778 0 0 0 moving 
5 380 498 469 604 40779 0 0 1 moving 
5 384 496 470 604 40780 0 0 1 moving 
5 388 495 471 604 40781 0 0 0 moving 
5 396 492 469 604 40782 0 0 1 moving 
5 404 489 467 605 40783 0 0 1 moving 
5 413 487 466 606 40784 0 0 0 moving 
5 420 484 467 606 40785 0 0 1 moving 
5 427 481 469 607 40786 0 0 1 moving 
5 434 479 471 608 40787 0 0 0 moving 
5 437 481 479 608 40788 0 0 1 moving 
5 440 483 488 609 40789 0 0 1 moving 
5 443 486 497 610 40790 0 0 0 moving 
5 444 486 500 609 40791 0 0 1 moving 
5 446 486 503 608 40792 0 0 1 moving 
5 447 487 507 608 40793 0 0 1 moving 
5 449 487 510 607 40794 0 0 1 moving 
6 531 405 564 518 40775 0 0 0 moving 
6 528 407 562 520 40776 0 0 1 standing 
6 526 409 560 522 40777 0 0 1 standing 
6 524 411 558 524 40778 0 0 0 standing 
6 519 414 556 527 40779 0 0 1 standing 
6 515 417 555 530 40780 0 0 1 standing 
6 511 420 554 533 40781 0 0 0 standing 
6 505 427 550 532 40782 0 0 1 standing 
6 500 435 546 531 40783 0 0 1 standing 
6 495 443 543 531 40784 0 0 0 standing 
6 491 443 539 531 40785 0 0 1 standing 
6 487 443 535 532 40786 0 0 1 standing 
6 484 444 532 533 40787 0 0 0 standing 
6 480 445 530 533 40788 0 0 1 standing 
6 476 447 528 533 40789 0 0 1 standing 
6 472 449 526 533 40790 0 0 0 standing 
6 467 448 519 532 40791 0 0 1 standing 
6 462 448 512 532 40792 0 0 1 standing 
6 457 448 505 531 40793 0 0 1 standing 
6 452 448 498 531 40794 0 0 1 standing 
7 633 389 662 473 40775 0 0 0 standing 
7 631 389 660 470 40776 0 0 1 standing 
7 629 390 658 468 40777 0 0 1 standing 
7 628 391 657 466 40778 0 0 0 standing 
7 627 392 656 467 40779 0 0 1 standing 
7 626 393 655 468 40780 0 0 1 standing 
7 625 395 654 470 40781 0 0 0 standing 
7 623 393 652 468 40782 0 0 1 standing 
7 621 391 650 466 40783 0 0 1 standing 
7 620 390 649 465 40784 0 0 0 standing 
7 618 389 647 464 40785 0 0 1 standing 
7 617 389 646 464 40786 0 0 1 standing 
7 616 389 645 464 40787 0 0 0 standing 
7 616 387 645 462 40788 0 0 1 standing 
7 616 386 645 461 40789 0 0 1 standing 
7 616 385 645 460 40790 0 0 0 standing 
7 614 386 648 461 40791 0 0 1 standing 
7 612 387 651 463 40792 0 0 1 standing 
7 610 388 654 464 40793 0 0 1 standing 
7 608 389 657 466 40794 0 0 1 standing 
8 819 385 853 470 40775 0 0 0 standing 
8 815 385 849 470 40776 0 0 1 waiting 
8 811 385 845 470 40777 0 0 1 waiting 
8 807 385 841 470 40778 0 0 0 waiting 
8 803 385 837 470 40779 0 0 1 waiting 
8 800 385 834 470 40780 0 0 1 waiting 
8 797 386 831 471 40781 0 0 0 waiting 
8 789 388 828 470 40782 0 0 1 waiting 
8 781 390 825 470 40783 0 0 1 waiting 
8 774 393 822 470 40784 0 0 0 waiting 
8 772 394 820 471 40785 0 0 1 waiting 
8 771 395 819 472 40786 0 0 1 waiting 
8 770 397 818 474 40787 0 0 0 waiting 
8 767 398 815 477 40788 0 0 1 waiting 
8 764 399 813 480 40789 0 0 1 waiting 
8 762 401 811 483 40790 0 0 0 waiting 
8 760 403 808 482 40791 0 0 1 waiting 
8 758 406 805 481 40792 0 0 1 waiting 
8 756 408 802 480 40793 0 0 1 waiting 
8 754 411 799 479 40794 0 0 1 waiting 
9 914 390 947 478 40775 0 0 0 waiting 
9 912 390 945 478 40776 0 0 1 standing 
9 910 390 943 478 40777 0 0 1 standing 
9 908 390 941 478 40778 0 0 0 standing 
9 904 390 937 482 40779 0 0 1 standing 
9 901 391 934 486 40780 0 0 1 standing 
9 898 392 931 490 40781 0 0 0 standing 
9 895 393 928 489 40782 0 0 1 standing 
9 892 395 925 488 40783 0 0 1 standing 
9 890 397 922 487 40784 0 0 0 standing 
9 887 396 920 486 40785 0 0 1 standing 
9 885 395 918 485 40786 0 0 1 standing 
9 883 394 916 484 40787 0 0 0 standing 
9 877 395 912 487 40788 0 0 1 standing 
9 872 397 909 490 40789 0 0 1 standing 
9 867 399 906 493 40790 0 0 0 standing 
9 864 400 903 493 40791 0 0 1 standing 
9 862 401 901 493 40792 0 0 1 standing 
9 860 402 898 493 40793 0 0 1 standing 
9 858 403 896 493 40794 0 0 1 standing 
10 857 473 898 569 40775 0 0 0 standing 
10 857 475 898 572 40776 0 0 1 digging 
10 857 477 899 575 40777 0 0 1 digging 
10 857 480 900 578 40778 0 0 0 digging 
10 855 480 898 578 40779 0 0 1 digging 
10 853 480 897 578 40780 0 0 1 digging 
10 852 480 896 578 40781 0 0 0 digging 
10 850 480 893 577 40782 0 0 1 digging 
10 848 480 891 576 40783 0 0 1 digging 
10 846 481 889 575 40784 0 0 0 digging 
10 844 482 888 576 40785 0 0 1 digging 
10 843 483 887 577 40786 0 0 1 digging 
10 842 485 886 579 40787 0 0 0 digging 
10 840 487 884 578 40788 0 0 1 digging 
10 838 490 882 577 40789 0 0 1 digging 
10 837 493 881 577 40790 0 0 0 digging 
10 834 492 878 578 40791 0 0 1 digging 
10 832 491 876 579 40792 0 0 1 digging 
10 830 490 873 580 40793 0 0 1 digging 
10 828 489 871 581 40794 0 0 1 digging 
11 633 471 672 563 40775 0 0 0 digging 
11 632 469 671 561 40776 0 0 1 standing 
11 631 468 670 560 40777 0 0 1 standing 
11 631 467 670 559 40778 0 0 0 standing 
11 628 466 667 559 40779 0 0 1 standing 
11 625 465 664 559 40780 0 0 1 standing 
11 623 465 662 559 40781 0 0 0 standing 
11 623 464 659 559 40782 0 0 1 standing 
11 623 463 656 560 40783 0 0 1 standing 
11 624 463 653 561 40784 0 0 0 standing 
11 621 461 650 560 40785 0 0 1 standing 
11 618 460 647 559 40786 0 0 1 standing 
11 616 459 645 558 40787 0 0 0 standing 
11 613 459 645 558 40788 0 0 1 standing 
11 610 459 645 558 40789 0 0 1 standing 
11 607 459 646 558 40790 0 0 0 standing 
11 604 459 643 558 40791 0 0 1 standing 
11 601 459 640 558 40792 0 0 1 standing 
11 599 459 638 558 40793 0 0 1 standing 
11 596 459 635 558 40794 0 0 1 standing 
