0 996 537 1068 709 19615 0 1 0 setting 
0 1001 534 1072 706 19616 0 1 1 setting 
0 1006 531 1076 703 19617 0 1 1 setting 
0 1011 528 1080 700 19618 0 1 1 setting 
0 1017 525 1084 697 19619 0 1 1 setting 
0 1022 522 1089 694 19620 0 1 1 setting 
0 1027 519 1093 691 19621 0 1 1 setting 
0 1033 516 1097 688 19622 0 1 1 setting 
0 1038 513 1101 685 19623 0 1 1 setting 
0 1043 510 1105 682 19624 0 1 1 setting 
0 1049 508 1110 679 19625 0 1 0 setting 
0 1055 515 1118 683 19626 0 1 1 setting 
0 1061 522 1126 687 19627 0 1 1 setting 
0 1068 529 1134 691 19628 0 1 1 setting 
0 1074 536 1142 695 19629 0 1 1 setting 
0 1081 543 1151 699 19630 0 1 1 setting 
0 1087 550 1159 703 19631 0 1 1 setting 
0 1093 557 1167 707 19632 0 1 1 setting 
0 1100 564 1175 711 19633 0 1 1 setting 
0 1106 571 1183 715 19634 0 1 1 setting 
1 1121 569 1219 701 19615 0 1 0 setting 
1 1117 561 1215 697 19616 0 1 1 jumping 
1 1114 554 1212 693 19617 0 1 1 jumping 
1 1111 546 1209 690 19618 0 1 1 jumping 
1 1108 539 1205 686 19619 0 1 1 jumping 
1 1105 531 1202 683 19620 0 1 1 jumping 
1 1102 524 1199 679 19621 0 1 1 jumping 
1 1099 516 1195 675 19622 0 1 1 jumping 
1 1096 509 1192 672 19623 0 1 1 jumping 
1 1093 501 1189 668 19624 0 1 1 jumping 
1 1090 494 1186 665 19625 0 1 0 jumping 
1 1089 493 1184 662 19626 0 1 1 jumping 
1 1089 492 1183 659 19627 0 1 1 jumping 
1 1089 491 1181 656 19628 0 1 1 jumping 
1 1089 491 1180 653 19629 0 1 1 jumping 
1 1089 490 1178 650 19630 0 1 1 jumping 
1 1088 489 1177 647 19631 0 1 1 jumping 
1 1088 489 1175 644 19632 0 1 1 jumping 
1 1088 488 1174 641 19633 0 1 1 jumping 
1 1088 487 1172 638 19634 0 1 1 jumping 
2 1196 526 1305 642 19615 0 1 0 jumping 
2 1192 523 1299 639 19616 0 1 1 jumping 
2 1188 520 1294 636 19617 0 1 1 jumping 
2 1184 518 1288 633 19618 0 1 1 jumping 
2 1180 515 1283 631 19619 0 1 1 jumping 
2 1176 513 1277 628 19620 0 1 1 jumping 
2 1172 510 1272 625 19621 0 1 1 jumping 
2 1168 507 1266 623 19622 0 1 1 jumping 
2 1164 505 1261 620 19623 0 1 1 jumping 
2 1160 502 1255 617 19624 0 1 1 jumping 
2 1157 500 1250 615 19625 0 1 0 jumping 
2 1156 498 1247 617 19626 0 1 1 jumping 
2 1155 496 1244 619 19627 0 1 1 jumping 
2 1154 494 1241 621 19628 0 1 1 jumping 
2 1153 492 1238 623 19629 0 1 1 jumping 
2 1153 490 1235 625 19630 0 1 1 jumping 
2 1152 488 1232 627 19631 0 1 1 jumping 
2 1151 486 1229 629 19632 0 1 1 jumping 
2 1150 484 1226 631 19633 0 1 1 jumping 
2 1150 483 1223 634 19634 0 1 0 jumping 
3 1376 613 1497 736 19615 0 0 0 jumping 
3 1374 612 1484 735 19616 0 0 1 moving 
3 1372 612 1471 735 19617 0 0 1 moving 
3 1370 612 1459 735 19618 0 0 0 moving 
3 1366 613 1457 733 19619 0 0 1 moving 
3 1362 615 1455 731 19620 0 0 1 moving 
3 1358 617 1453 730 19621 0 0 0 moving 
3 1338 616 1450 732 19622 0 0 1 moving 
3 1319 616 1447 734 19623 0 0 1 moving 
3 1300 616 1445 737 19624 0 0 0 moving 
3 1297 618 1431 738 19625 0 0 1 moving 
3 1295 620 1417 740 19626 0 0 1 moving 
3 1293 623 1404 742 19627 0 0 0 moving 
3 1295 620 1390 743 19628 0 0 1 moving 
3 1298 618 1376 744 19629 0 0 1 moving 
3 1301 616 1362 745 19630 0 0 0 moving 
3 1296 614 1357 746 19631 0 0 1 moving 
3 1291 613 1353 747 19632 0 0 1 moving 
3 1286 612 1349 748 19633 0 0 1 moving 
3 1281 611 1345 749 19634 0 0 1 moving 
4 1313 552 1383 683 19615 0 0 0 moving 
4 1325 550 1388 682 19616 0 0 1 standing 
4 1338 549 1393 681 19617 0 0 1 standing 
4 1351 548 1398 681 19618 0 0 0 standing 
4 1358 547 1405 680 19619 0 0 1 standing 
4 1365 547 1412 680 19620 0 0 1 standing 
4 1372 547 1419 680 19621 0 0 0 standing 
4 1379 552 1432 683 19622 0 0 1 standing 
4 1386 557 1446 686 19623 0 0 1 standing 
4 1393 563 1460 690 19624 0 0 0 standing 
4 1400 564 1467 691 19625 0 0 1 standing 
4 1407 565 1475 693 19626 0 0 1 standing 
4 1414 566 1483 695 19627 0 0 0 standing 
4 1419 562 1486 694 19628 0 0 1 standing 
4 1424 558 1489 694 19629 0 0 1 standing 
4 1430 555 1493 694 19630 0 0 0 standing 
4 1436 555 1500 695 19631 0 0 1 standing 
4 1442 556 1507 696 19632 0 0 1 standing 
4 1449 557 1514 697 19633 0 0 1 standing 
4 1455 558 1521 698 19634 0 0 1 standing 
5 1319 770 1426 935 19615 0 0 0 standing 
5 1311 770 1429 935 19616 0 0 1 moving 
5 1303 770 1432 935 19617 0 0 1 moving 
5 1296 770 1435 935 19618 0 0 0 moving 
5 1295 767 1426 932 19619 0 0 1 moving 
5 1295 764 1417 929 19620 0 0 1 moving 
5 1295 762 1408 927 19621 0 0 0 moving 
5 1289 762 1398 930 19622 0 0 1 moving 
5 1284 762 1388 933 19623 0 0 1 moving 
5 1279 762 1378 937 19624 0 0 0 moving 
5 1256 760 1376 935 19625 0 0 1 moving 
5 1233 758 1374 933 19626 0 0 1 moving 
5 1211 756 1372 931 19627 0 0 0 moving 
5 1207 753 1358 927 19628 0 0 1 moving 
5 1204 750 1344 923 19629 0 0 1 moving 
5 1201 748 1330 919 19630 0 0 0 moving 
5 1198 745 1321 916 19631 0 0 1 moving 
5 1195 742 1312 913 19632 0 0 1 moving 
5 1193 739 1303 910 19633 0 0 1 moving 
5 1190 736 1294 907 19634 0 0 1 moving 
6 458 613 525 746 19615 0 0 0 moving 
6 456 613 526 746 19616 0 0 1 digging 
6 454 613 528 747 19617 0 0 1 digging 
6 453 613 530 748 19618 0 0 0 digging 
6 456 613 532 747 19619 0 0 1 digging 
6 459 613 534 746 19620 0 0 1 digging 
6 462 613 537 746 19621 0 0 0 digging 
6 466 613 538 746 19622 0 0 1 digging 
6 471 614 539 746 19623 0 0 1 digging 
6 476 615 541 746 19624 0 0 0 digging 
6 480 614 545 745 19625 0 0 1 digging 
6 484 614 549 745 19626 0 0 1 digging 
6 488 614 553 745 19627 0 0 0 digging 
6 493 614 558 745 19628 0 0 1 digging 
6 498 615 563 746 19629 0 0 1 digging 
6 503 616 568 747 19630 0 0 0 digging 
6 509 614 574 745 19631 0 0 1 digging 
6 515 613 580 744 19632 0 0 1 digging 
6 521 612 586 743 19633 0 0 1 digging 
6 527 611 592 742 19634 0 0 1 digging 
7 547 566 608 683 19615 0 0 0 digging 
7 551 566 612 683 19616 0 0 1 waiting 
7 555 566 616 683 19617 0 0 1 waiting 
7 560 566 621 683 19618 0 0 0 waiting 
7 563 565 624 682 19619 0 0 1 waiting 
7 567 564 628 681 19620 0 0 1 waiting 
7 571 564 632 681 19621 0 0 0 waiting 
7 575 562 636 679 19622 0 0 1 waiting 
7 579 561 640 678 19623 0 0 1 waiting 
7 583 560 644 677 19624 0 0 0 waiting 
7 588 560 649 677 19625 0 0 1 waiting 
7 593 561 654 678 19626 0 0 1 waiting 
7 598 562 659 679 19627 0 0 0 waiting 
7 603 559 664 678 19628 0 0 1 waiting 
7 609 556 669 678 19629 0 0 1 waiting 
7 615 553 674 678 19630 0 0 0 waiting 
7 621 550 680 675 19631 0 0 1 waiting 
7 627 548 686 673 19632 0 0 1 waiting 
7 633 545 692 670 19633 0 0 1 waiting 
7 639 543 698 668 19634 0 0 1 waiting 
8 578 699 647 849 19615 0 0 0 waiting 
8 580 699 649 848 19616 0 0 1 waiting 
8 583 699 652 848 19617 0 0 1 waiting 
8 586 699 655 848 19618 0 0 0 waiting 
8 589 699 658 848 19619 0 0 1 waiting 
8 592 699 661 848 19620 0 0 1 waiting 
8 596 699 665 848 19621 0 0 0 waiting 
8 600 698 669 847 19622 0 0 1 waiting 
8 604 698 673 847 19623 0 0 1 waiting 
8 609 698 678 847 19624 0 0 0 waiting 
8 614 698 683 847 19625 0 0 1 waiting 
8 619 698 688 847 19626 0 0 1 waiting 
8 624 698 693 847 19627 0 0 0 waiting 
8 628 697 699 846 19628 0 0 1 waiting 
8 632 697 705 845 19629 0 0 1 waiting 
8 636 697 711 844 19630 0 0 0 waiting 
8 640 694 715 843 19631 0 0 1 waiting 
8 645 691 719 843 19632 0 0 1 waiting 
8 649 688 723 842 19633 0 0 1 waiting 
8 654 685 727 842 19634 0 0 1 waiting 
9 894 635 975 800 19615 0 0 0 waiting 
9 895 637 976 800 19616 0 0 1 standing 
9 896 639 977 800 19617 0 0 1 standing 
9 898 642 979 801 19618 0 0 0 standing 
9 901 641 973 800 19619 0 0 1 standing 
9 905 640 967 799 19620 0 0 1 standing 
9 909 640 962 799 19621 0 0 0 standing 
9 913 640 966 799 19622 0 0 1 standing 
9 917 640 970 799 19623 0 0 1 standing 
9 922 641 975 800 19624 0 0 0 standing 
9 928 643 981 802 19625 0 0 1 standing 
9 934 645 987 804 19626 0 0 1 standing 
9 941 647 994 806 19627 0 0 0 standing 
9 944 652 1003 810 19628 0 0 1 standing 
9 948 657 1012 815 19629 0 0 1 standing 
9 952 663 1021 820 19630 0 0 0 standing 
9 952 665 1026 821 19631 0 0 1 standing 
9 953 668 1032 822 19632 0 0 1 standing 
9 954 670 1037 823 19633 0 0 1 standing 
9 955 673 1043 824 19634 0 0 1 standing 
10 915 589 974 732 19615 0 0 0 standing 
10 916 590 975 733 19616 0 0 1 standing 
10 917 591 976 734 19617 0 0 1 standing 
10 918 593 977 736 19618 0 0 0 standing 
10 923 592 982 735 19619 0 0 1 standing 
10 929 591 988 734 19620 0 0 1 standing 
10 935 591 994 734 19621 0 0 0 standing 
10 938 586 996 734 19622 0 0 1 standing 
10 941 581 999 734 19623 0 0 1 standing 
10 945 577 1002 734 19624 0 0 0 standing 
10 949 559 1006 729 19625 0 0 1 standing 
10 953 541 1010 724 19626 0 0 1 standing 
10 958 523 1015 720 19627 0 0 0 standing 
10 964 511 1021 714 19628 0 0 1 standing 
10 971 499 1028 708 19629 0 0 1 standing 
10 978 487 1035 702 19630 0 0 0 standing 
10 983 480 1040 695 19631 0 0 1 standing 
10 988 473 1045 688 19632 0 0 1 standing 
10 994 466 1051 681 19633 0 0 1 standing 
10 999 459 1056 674 19634 0 0 1 standing 
11 895 512 964 667 19615 0 0 0 standing 
11 900 513 969 664 19616 0 0 1 standing 
11 906 515 975 661 19617 0 0 1 standing 
11 912 517 981 658 19618 0 0 0 standing 
11 913 517 982 657 19619 0 0 1 standing 
11 914 517 983 656 19620 0 0 1 standing 
11 916 517 985 656 19621 0 0 0 standing 
11 922 516 989 655 19622 0 0 1 standing 
11 928 516 994 655 19623 0 0 1 standing 
11 934 516 999 655 19624 0 0 0 standing 
11 939 517 1004 656 19625 0 0 1 standing 
11 944 518 1009 657 19626 0 0 1 standing 
11 950 520 1015 659 19627 0 0 0 standing 
11 956 516 1021 655 19628 0 0 1 standing 
11 963 513 1028 652 19629 0 0 1 standing 
11 970 510 1035 649 19630 0 0 0 standing 
11 976 508 1041 647 19631 0 0 1 standing 
11 982 506 1047 645 19632 0 0 1 standing 
11 989 504 1054 643 19633 0 0 1 standing 
11 995 502 1060 641 19634 0 0 1 standing 
