0 437 479 514 601 79875 0 0 0 standing 
0 448 477 526 600 79876 0 0 1 standing 
0 460 476 538 600 79877 0 0 1 standing 
0 472 475 551 600 79878 0 0 1 standing 
0 484 474 563 599 79879 0 0 1 standing 
0 496 473 575 599 79880 0 0 1 standing 
0 508 472 588 599 79881 0 0 1 standing 
0 520 471 600 599 79882 0 0 1 standing 
0 532 470 613 598 79883 0 0 1 standing 
0 544 469 625 598 79884 0 0 1 standing 
0 555 468 637 598 79885 0 0 1 standing 
0 567 467 650 597 79886 0 0 1 standing 
0 579 466 662 597 79887 0 0 1 standing 
0 591 465 675 597 79888 0 0 1 standing 
0 603 464 687 597 79889 0 0 1 standing 
0 615 463 699 596 79890 0 0 1 standing 
0 627 462 712 596 79891 0 0 1 standing 
0 639 461 724 596 79892 0 0 1 standing 
0 651 460 737 596 79893 0 0 0 standing 
0 649 460 736 596 79894 0 0 1 standing 
1 403 434 459 556 79875 0 0 0 standing 
1 419 434 475 554 79876 0 0 1 standing 
1 435 434 491 553 79877 0 0 1 standing 
1 452 435 508 552 79878 0 0 0 standing 
1 465 433 521 551 79879 0 0 1 standing 
1 478 432 534 551 79880 0 0 1 standing 
1 492 431 547 550 79881 0 0 1 standing 
1 505 430 560 550 79882 0 0 1 standing 
1 519 429 574 549 79883 0 0 1 standing 
1 532 428 587 549 79884 0 0 1 standing 
1 546 426 600 548 79885 0 0 1 standing 
1 559 425 613 548 79886 0 0 1 standing 
1 573 424 627 547 79887 0 0 1 standing 
1 586 423 640 547 79888 0 0 1 standing 
1 600 422 653 546 79889 0 0 1 standing 
1 613 421 666 546 79890 0 0 1 standing 
1 627 420 680 546 79891 0 0 0 standing 
1 629 420 686 546 79892 0 0 1 standing 
1 632 421 693 546 79893 0 0 1 standing 
1 635 421 700 546 79894 0 0 1 standing 
2 452 393 511 508 79875 0 1 0 standing 
2 467 394 527 508 79876 0 1 1 setting 
2 483 395 543 508 79877 0 1 1 setting 
2 499 396 560 508 79878 0 1 0 setting 
2 514 395 575 508 79879 0 1 1 setting 
2 529 394 591 508 79880 0 1 1 setting 
2 544 393 606 508 79881 0 1 1 setting 
2 559 392 622 508 79882 0 1 1 setting 
2 574 392 638 508 79883 0 1 1 setting 
2 589 391 653 508 79884 0 1 1 setting 
2 604 390 669 508 79885 0 1 1 setting 
2 619 389 684 508 79886 0 1 1 setting 
2 634 389 700 508 79887 0 1 1 setting 
2 649 388 716 508 79888 0 1 1 setting 
2 664 387 731 508 79889 0 1 1 setting 
2 679 386 747 508 79890 0 1 1 setting 
2 695 386 763 508 79891 0 1 0 setting 
2 697 386 765 508 79892 0 1 1 setting 
2 700 387 767 508 79893 0 1 1 setting 
2 702 388 769 508 79894 0 1 1 setting 
3 671 367 735 477 79875 0 0 0 setting 
3 683 366 748 476 79876 0 0 1 standing 
3 695 366 762 476 79877 0 0 1 standing 
3 707 366 776 475 79878 0 0 1 standing 
3 719 366 790 475 79879 0 0 1 standing 
3 731 365 803 475 79880 0 0 1 standing 
3 743 365 817 474 79881 0 0 1 standing 
3 755 365 831 474 79882 0 0 1 standing 
3 768 365 845 474 79883 0 0 0 standing 
3 776 365 854 473 79884 0 0 1 standing 
3 784 365 863 473 79885 0 0 1 standing 
3 792 365 872 472 79886 0 0 1 standing 
3 801 365 882 472 79887 0 0 1 standing 
3 809 365 891 472 79888 0 0 1 standing 
3 817 365 900 471 79889 0 0 1 standing 
3 825 365 909 471 79890 0 0 1 standing 
3 834 365 919 471 79891 0 0 0 standing 
3 835 363 915 469 79892 0 0 1 standing 
3 837 361 911 467 79893 0 0 1 standing 
3 839 359 907 465 79894 0 0 1 standing 
4 709 381 781 517 79875 0 0 0 standing 
4 727 386 794 522 79876 0 0 1 standing 
4 746 391 808 527 79877 0 0 1 standing 
4 765 396 822 533 79878 0 0 1 standing 
4 784 401 836 538 79879 0 0 1 standing 
4 803 406 850 544 79880 0 0 0 standing 
4 817 412 864 547 79881 0 0 1 standing 
4 831 418 879 550 79882 0 0 1 standing 
4 845 424 894 554 79883 0 0 1 standing 
4 859 430 909 557 79884 0 0 1 standing 
4 873 436 924 561 79885 0 0 0 standing 
4 885 434 938 559 79886 0 0 1 standing 
4 897 433 952 558 79887 0 0 1 standing 
4 910 432 966 557 79888 0 0 1 standing 
4 922 430 980 555 79889 0 0 1 standing 
4 934 429 994 554 79890 0 0 1 standing 
4 947 428 1009 553 79891 0 0 0 standing 
4 948 427 1012 552 79892 0 0 1 standing 
4 949 427 1016 551 79893 0 0 1 standing 
4 950 426 1020 550 79894 0 0 1 standing 
5 733 354 784 464 79875 0 0 0 standing 
5 748 359 799 470 79876 0 0 1 falling 
5 764 365 814 477 79877 0 0 1 falling 
5 780 370 829 484 79878 0 0 1 falling 
5 796 376 844 491 79879 0 0 1 falling 
5 812 381 859 498 79880 0 0 1 falling 
5 827 387 874 504 79881 0 0 1 falling 
5 843 392 889 511 79882 0 0 1 falling 
5 859 398 904 518 79883 0 0 1 falling 
5 875 403 919 525 79884 0 0 1 falling 
5 891 409 934 532 79885 0 0 0 falling 
5 903 406 948 530 79886 0 0 1 falling 
5 915 404 962 529 79887 0 0 1 falling 
5 927 402 976 528 79888 0 0 1 falling 
5 940 400 991 527 79889 0 0 0 falling 
5 947 399 997 527 79890 0 0 1 falling 
5 955 398 1003 527 79891 0 0 1 falling 
5 963 397 1009 528 79892 0 0 1 falling 
5 970 396 1015 528 79893 0 0 1 falling 
5 978 395 1021 528 79894 0 0 1 falling 
6 897 469 973 622 79875 0 0 0 falling 
6 912 469 987 622 79876 0 0 1 standing 
6 928 470 1002 623 79877 0 0 1 standing 
6 944 471 1016 624 79878 0 0 1 standing 
6 960 471 1031 625 79879 0 0 1 standing 
6 976 472 1045 626 79880 0 0 1 standing 
6 992 473 1060 627 79881 0 0 1 standing 
6 1008 473 1074 628 79882 0 0 1 standing 
6 1024 474 1089 629 79883 0 0 1 standing 
6 1039 475 1104 629 79884 0 0 1 standing 
6 1055 475 1118 630 79885 0 0 1 standing 
6 1071 476 1133 631 79886 0 0 1 standing 
6 1087 477 1147 632 79887 0 0 1 standing 
6 1103 477 1162 633 79888 0 0 1 standing 
6 1119 478 1176 634 79889 0 0 1 standing 
6 1135 479 1191 635 79890 0 0 1 standing 
6 1151 480 1206 636 79891 0 0 0 standing 
6 1153 479 1210 634 79892 0 0 1 standing 
6 1155 478 1214 632 79893 0 0 1 standing 
6 1157 477 1218 630 79894 0 0 1 standing 
7 1011 412 1060 540 79875 1 0 1 standing 
7 1014 412 1062 540 79876 1 0 1 standing 
7 1017 412 1065 541 79877 0 0 0 standing 
7 1034 413 1080 542 79878 0 0 1 standing 
7 1051 414 1095 544 79879 0 0 1 standing 
7 1068 415 1110 545 79880 0 0 1 standing 
7 1085 416 1125 547 79881 0 0 1 standing 
7 1102 417 1140 548 79882 0 0 1 standing 
7 1119 418 1155 550 79883 0 0 1 standing 
7 1136 419 1170 551 79884 0 0 1 standing 
7 1153 420 1185 553 79885 0 0 1 standing 
7 1170 421 1200 554 79886 0 0 1 standing 
7 1187 422 1215 556 79887 0 0 1 standing 
7 1204 423 1230 557 79888 0 0 1 standing 
7 1221 424 1245 559 79889 0 0 1 standing 
7 1238 425 1260 560 79890 0 0 1 standing 
7 1255 427 1275 562 79891 1 0 0 standing 
7 1231 424 1256 559 79892 1 0 1 standing 
7 1208 422 1238 557 79893 1 0 1 standing 
7 1184 419 1219 554 79894 1 0 1 standing 
8 963 350 1012 468 79875 0 0 0 standing 
8 983 351 1032 469 79876 0 0 1 standing 
8 1003 352 1052 470 79877 0 0 1 standing 
8 1024 353 1073 471 79878 0 0 1 standing 
8 1044 354 1093 473 79879 0 0 1 standing 
8 1064 356 1113 474 79880 0 0 1 standing 
8 1085 357 1134 475 79881 0 0 1 standing 
8 1105 358 1154 477 79882 0 0 1 standing 
8 1126 359 1175 478 79883 0 0 1 standing 
8 1146 361 1195 479 79884 0 0 1 standing 
8 1166 362 1215 481 79885 0 0 1 standing 
8 1187 363 1236 482 79886 0 0 1 standing 
8 1207 364 1256 483 79887 0 0 1 standing 
8 1228 366 1277 485 79888 1 0 0 standing 
8 1219 366 1269 484 79889 1 0 1 standing 
8 1211 367 1261 483 79890 1 0 1 standing 
8 1203 368 1253 483 79891 1 0 1 standing 
8 1195 368 1246 482 79892 1 0 1 standing 
8 1187 369 1238 482 79893 1 0 1 standing 
8 1179 370 1230 481 79894 1 0 1 standing 
9 858 402 917 518 79875 0 0 0 standing 
9 869 409 930 521 79876 0 0 1 falling 
9 881 416 943 525 79877 0 0 1 falling 
9 892 423 956 528 79878 0 0 1 falling 
9 904 430 969 532 79879 0 0 1 falling 
9 916 437 982 536 79880 0 0 1 falling 
9 927 444 995 539 79881 0 0 1 falling 
9 939 451 1009 543 79882 0 0 1 falling 
9 951 458 1022 547 79883 0 0 1 falling 
9 962 465 1035 550 79884 0 0 1 falling 
9 974 472 1048 554 79885 0 0 1 falling 
9 986 479 1061 558 79886 0 0 1 falling 
9 997 486 1074 561 79887 0 0 1 falling 
9 1009 493 1087 565 79888 0 0 1 falling 
9 1021 500 1101 569 79889 0 0 0 falling 
9 1032 501 1105 573 79890 0 0 1 falling 
9 1044 503 1109 578 79891 0 0 1 falling 
9 1056 505 1114 583 79892 0 0 0 falling 
9 1059 507 1122 584 79893 0 0 1 falling 
9 1063 509 1131 585 79894 0 0 1 falling 
10 844 348 880 477 79875 0 0 0 falling 
10 859 348 896 477 79876 0 0 1 standing 
10 874 349 913 478 79877 0 0 1 standing 
10 889 350 930 478 79878 0 0 1 standing 
10 904 350 947 479 79879 0 0 1 standing 
10 920 351 964 480 79880 0 0 1 standing 
10 935 352 981 480 79881 0 0 1 standing 
10 950 352 998 481 79882 0 0 1 standing 
10 965 353 1015 481 79883 0 0 1 standing 
10 980 354 1032 482 79884 0 0 1 standing 
10 996 355 1049 483 79885 0 0 0 standing 
10 1009 355 1062 485 79886 0 0 1 standing 
10 1023 355 1075 487 79887 0 0 1 standing 
10 1037 355 1088 489 79888 0 0 1 standing 
10 1051 355 1101 492 79889 0 0 0 standing 
10 1057 358 1107 492 79890 0 0 1 standing 
10 1063 362 1113 493 79891 0 0 1 standing 
10 1069 366 1120 494 79892 0 0 1 standing 
10 1075 369 1126 495 79893 0 0 1 standing 
10 1081 373 1132 496 79894 0 0 1 standing 
11 815 330 865 453 79875 0 0 0 standing 
11 832 330 883 453 79876 0 0 1 standing 
11 850 331 901 454 79877 0 0 1 standing 
11 867 331 920 454 79878 0 0 1 standing 
11 885 332 938 455 79879 0 0 1 standing 
11 902 333 957 455 79880 0 0 1 standing 
11 920 333 975 456 79881 0 0 1 standing 
11 937 334 993 456 79882 0 0 1 standing 
11 955 334 1012 457 79883 0 0 1 standing 
11 972 335 1030 457 79884 0 0 1 standing 
11 990 336 1049 458 79885 0 0 0 standing 
11 1007 335 1066 459 79886 0 0 1 standing 
11 1024 335 1083 461 79887 0 0 1 standing 
11 1041 335 1100 462 79888 0 0 1 standing 
11 1059 335 1118 464 79889 0 0 0 standing 
11 1068 336 1126 463 79890 0 0 1 standing 
11 1078 337 1134 463 79891 0 0 1 standing 
11 1088 338 1142 463 79892 0 0 1 standing 
11 1097 339 1150 463 79893 0 0 1 standing 
11 1107 340 1158 463 79894 0 0 1 standing 
