0 759 501 811 632 26855 0 1 0 spiking 
0 757 498 810 627 26856 0 1 1 spiking 
0 755 495 809 623 26857 0 1 1 spiking 
0 754 493 808 619 26858 0 1 1 spiking 
0 752 490 807 614 26859 0 1 1 spiking 
0 751 488 806 610 26860 0 1 1 spiking 
0 749 485 805 606 26861 0 1 1 spiking 
0 748 483 805 602 26862 0 1 0 spiking 
0 744 482 799 599 26863 0 1 1 spiking 
0 741 482 794 597 26864 0 1 1 spiking 
0 738 482 789 595 26865 0 1 1 spiking 
0 735 482 784 593 26866 0 1 1 spiking 
0 732 482 779 591 26867 0 1 0 spiking 
0 728 486 775 595 26868 0 1 1 spiking 
0 725 491 771 599 26869 0 1 1 spiking 
0 721 496 767 603 26870 0 1 1 spiking 
0 718 501 763 607 26871 0 1 1 spiking 
0 715 506 759 611 26872 0 1 1 spiking 
0 711 511 755 615 26873 0 1 1 spiking 
0 708 516 751 619 26874 0 1 1 spiking 
1 634 521 671 632 26855 0 1 0 spiking 
1 636 514 673 627 26856 0 1 1 blocking 
1 639 507 676 622 26857 0 1 1 blocking 
1 642 501 679 618 26858 0 1 1 blocking 
1 645 494 681 613 26859 0 1 1 blocking 
1 648 488 684 609 26860 0 1 1 blocking 
1 650 481 687 604 26861 0 1 1 blocking 
1 653 474 689 599 26862 0 1 1 blocking 
1 656 468 692 595 26863 0 1 1 blocking 
1 659 461 695 590 26864 0 1 1 blocking 
1 662 455 698 586 26865 0 1 0 blocking 
1 664 455 700 586 26866 0 1 1 blocking 
1 666 456 702 587 26867 0 1 1 blocking 
1 668 457 704 588 26868 0 1 1 blocking 
1 670 458 706 589 26869 0 1 0 blocking 
1 668 462 704 593 26870 0 1 1 blocking 
1 667 466 703 597 26871 0 1 1 blocking 
1 665 470 701 601 26872 0 1 1 blocking 
1 664 474 700 605 26873 0 1 1 blocking 
1 662 478 698 609 26874 0 1 1 blocking 
2 620 479 665 573 26855 0 1 0 blocking 
2 623 472 668 569 26856 0 1 1 blocking 
2 626 466 671 565 26857 0 1 1 blocking 
2 629 459 674 561 26858 0 1 1 blocking 
2 632 453 677 558 26859 0 1 1 blocking 
2 635 446 680 554 26860 0 1 1 blocking 
2 638 440 683 550 26861 0 1 1 blocking 
2 641 434 686 547 26862 0 1 0 blocking 
2 644 436 689 543 26863 0 1 1 blocking 
2 647 438 692 539 26864 0 1 1 blocking 
2 651 441 696 535 26865 0 1 0 blocking 
2 654 441 698 537 26866 0 1 1 blocking 
2 657 441 700 539 26867 0 1 1 blocking 
2 660 441 702 541 26868 0 1 1 blocking 
2 663 442 705 544 26869 0 1 0 blocking 
2 662 445 703 549 26870 0 1 1 blocking 
2 661 448 702 554 26871 0 1 1 blocking 
2 660 451 701 559 26872 0 1 1 blocking 
2 659 454 700 564 26873 0 1 1 blocking 
2 658 458 699 570 26874 0 1 0 blocking 
3 270 455 315 542 26855 0 0 0 blocking 
3 272 453 317 540 26856 0 0 1 waiting 
3 275 451 320 538 26857 0 0 1 waiting 
3 278 450 323 537 26858 0 0 0 waiting 
3 281 450 326 537 26859 0 0 1 waiting 
3 284 450 330 537 26860 0 0 1 waiting 
3 287 450 334 537 26861 0 0 0 waiting 
3 291 447 338 535 26862 0 0 1 waiting 
3 295 445 342 534 26863 0 0 1 waiting 
3 300 443 346 533 26864 0 0 0 waiting 
3 304 443 351 529 26865 0 0 1 waiting 
3 308 443 356 526 26866 0 0 1 waiting 
3 312 443 361 523 26867 0 0 0 waiting 
3 315 442 363 522 26868 0 0 1 waiting 
3 318 441 366 521 26869 0 0 1 waiting 
3 321 441 369 521 26870 0 0 0 waiting 
3 319 440 366 521 26871 0 0 1 waiting 
3 317 439 364 521 26872 0 0 1 waiting 
3 315 439 362 521 26873 0 0 1 waiting 
3 313 438 360 521 26874 0 0 1 waiting 
4 397 415 442 497 26855 0 0 0 waiting 
4 398 414 441 495 26856 0 0 1 digging 
4 399 413 440 493 26857 0 0 1 digging 
4 401 412 440 492 26858 0 0 0 digging 
4 401 414 443 495 26859 0 0 1 digging 
4 401 417 446 498 26860 0 0 1 digging 
4 402 420 450 501 26861 0 0 0 digging 
4 402 422 451 505 26862 0 0 1 digging 
4 402 424 452 509 26863 0 0 1 digging 
4 403 427 453 514 26864 0 0 0 digging 
4 405 428 454 513 26865 0 0 1 digging 
4 407 429 456 513 26866 0 0 1 digging 
4 409 431 458 513 26867 0 0 0 digging 
4 409 432 460 513 26868 0 0 1 digging 
4 410 434 463 514 26869 0 0 1 digging 
4 411 436 466 515 26870 0 0 0 digging 
4 411 436 467 515 26871 0 0 1 digging 
4 411 436 468 515 26872 0 0 1 digging 
4 412 437 469 516 26873 0 0 0 digging 
4 410 436 466 516 26874 0 0 1 digging 
5 382 525 427 620 26855 0 0 0 digging 
5 380 523 428 623 26856 0 0 1 waiting 
5 378 521 429 626 26857 0 0 1 waiting 
5 377 520 430 630 26858 0 0 0 waiting 
5 379 521 430 627 26859 0 0 1 waiting 
5 382 523 431 625 26860 0 0 1 waiting 
5 385 525 432 623 26861 0 0 0 waiting 
5 385 526 432 625 26862 0 0 1 waiting 
5 385 527 432 628 26863 0 0 1 waiting 
5 386 528 432 631 26864 0 0 0 waiting 
5 388 529 434 631 26865 0 0 1 waiting 
5 390 530 437 631 26866 0 0 1 waiting 
5 392 531 440 631 26867 0 0 0 waiting 
5 393 531 441 630 26868 0 0 1 waiting 
5 395 531 443 630 26869 0 0 1 waiting 
5 397 531 445 630 26870 0 0 0 waiting 
5 395 531 443 630 26871 0 0 1 waiting 
5 394 532 442 631 26872 0 0 1 waiting 
5 393 533 441 632 26873 0 0 0 waiting 
5 390 531 438 631 26874 0 0 1 waiting 
6 606 444 664 513 26855 0 0 0 waiting 
6 606 441 664 510 26856 0 0 1 standing 
6 607 439 665 508 26857 0 0 1 standing 
6 608 437 666 506 26858 0 0 0 standing 
6 609 434 667 506 26859 0 0 1 standing 
6 610 432 669 507 26860 0 0 1 standing 
6 612 430 671 508 26861 0 0 0 standing 
6 611 428 666 506 26862 0 0 1 standing 
6 610 427 662 505 26863 0 0 1 standing 
6 609 426 658 504 26864 0 0 0 standing 
6 603 427 655 501 26865 0 0 1 standing 
6 597 428 652 498 26866 0 0 1 standing 
6 591 430 650 496 26867 0 0 0 standing 
6 588 430 651 495 26868 0 0 1 standing 
6 586 430 652 495 26869 0 0 1 standing 
6 584 430 653 495 26870 0 0 0 standing 
6 584 430 652 496 26871 0 0 1 standing 
6 584 430 652 497 26872 0 0 1 standing 
6 584 430 652 498 26873 0 0 0 standing 
6 581 428 650 497 26874 0 0 1 standing 
7 699 438 742 522 26855 0 0 0 standing 
7 703 436 746 521 26856 0 0 1 standing 
7 708 434 750 520 26857 0 0 1 standing 
7 713 433 755 520 26858 0 0 0 standing 
7 716 432 760 517 26859 0 0 1 standing 
7 719 432 765 514 26860 0 0 1 standing 
7 722 432 771 512 26861 0 0 0 standing 
7 728 433 773 512 26862 0 0 1 standing 
7 734 434 775 512 26863 0 0 1 standing 
7 740 435 777 513 26864 0 0 0 standing 
7 743 432 781 515 26865 0 0 1 standing 
7 747 430 785 518 26866 0 0 1 standing 
7 751 428 789 521 26867 0 0 0 standing 
7 752 427 791 520 26868 0 0 1 standing 
7 754 426 794 519 26869 0 0 1 standing 
7 756 426 797 518 26870 0 0 0 standing 
7 757 427 798 518 26871 0 0 1 standing 
7 758 428 799 518 26872 0 0 1 standing 
7 760 430 801 518 26873 0 0 0 standing 
7 760 433 802 519 26874 0 0 1 standing 
8 705 461 736 553 26855 0 0 0 standing 
8 702 460 738 551 26856 0 0 1 standing 
8 699 459 740 550 26857 0 0 1 standing 
8 696 458 742 549 26858 0 0 0 standing 
8 699 459 745 549 26859 0 0 1 standing 
8 702 460 748 549 26860 0 0 1 standing 
8 705 461 752 550 26861 0 0 0 standing 
8 707 461 755 550 26862 0 0 1 standing 
8 710 461 758 550 26863 0 0 1 standing 
8 713 461 761 550 26864 0 0 0 standing 
8 715 462 762 550 26865 0 0 1 standing 
8 717 463 764 551 26866 0 0 1 standing 
8 719 465 766 552 26867 0 0 0 standing 
8 720 466 769 556 26868 0 0 1 standing 
8 722 468 772 561 26869 0 0 1 standing 
8 724 470 775 566 26870 0 0 0 standing 
8 725 470 776 566 26871 0 0 1 standing 
8 726 470 777 566 26872 0 0 1 standing 
8 727 470 778 566 26873 0 0 0 standing 
8 725 469 775 564 26874 0 0 1 standing 
9 821 390 859 476 26855 0 0 0 standing 
9 821 391 861 478 26856 0 0 1 moving 
9 822 393 863 480 26857 0 0 1 moving 
9 823 395 865 482 26858 0 0 0 moving 
9 822 394 866 481 26859 0 0 1 moving 
9 822 393 867 481 26860 0 0 1 moving 
9 822 392 869 481 26861 0 0 0 moving 
9 826 393 871 480 26862 0 0 1 moving 
9 831 394 873 479 26863 0 0 1 moving 
9 836 395 876 478 26864 0 0 0 moving 
9 838 396 878 481 26865 0 0 1 moving 
9 841 398 880 484 26866 0 0 1 moving 
9 844 400 882 487 26867 0 0 0 moving 
9 847 400 885 487 26868 0 0 1 moving 
9 850 400 888 487 26869 0 0 1 moving 
9 854 400 892 487 26870 0 0 0 moving 
9 854 401 892 488 26871 0 0 1 moving 
9 855 402 893 489 26872 0 0 1 moving 
9 856 403 894 491 26873 0 0 0 moving 
9 856 403 897 492 26874 0 0 1 moving 
10 873 460 912 555 26855 0 0 0 moving 
10 878 460 917 555 26856 0 0 1 standing 
10 883 460 922 555 26857 0 0 1 standing 
10 888 460 927 555 26858 0 0 0 standing 
10 890 460 933 553 26859 0 0 1 standing 
10 892 460 939 552 26860 0 0 1 standing 
10 895 460 945 551 26861 0 0 0 standing 
10 898 461 949 552 26862 0 0 1 standing 
10 902 462 954 553 26863 0 0 1 standing 
10 906 463 959 554 26864 0 0 0 standing 
10 913 463 962 554 26865 0 0 1 standing 
10 920 463 965 555 26866 0 0 1 standing 
10 927 463 969 556 26867 0 0 0 standing 
10 931 462 972 557 26868 0 0 1 standing 
10 935 462 975 559 26869 0 0 1 standing 
10 939 462 978 561 26870 0 0 0 standing 
10 940 463 979 562 26871 0 0 1 standing 
10 942 464 980 564 26872 0 0 1 standing 
10 944 466 982 566 26873 0 0 0 standing 
10 944 465 985 565 26874 0 0 1 standing 
11 830 503 867 597 26855 0 0 0 standing 
11 823 502 870 597 26856 0 0 1 standing 
11 816 501 873 597 26857 0 0 1 standing 
11 810 501 877 597 26858 0 0 0 standing 
11 811 502 878 598 26859 0 0 1 standing 
11 812 503 879 599 26860 0 0 1 standing 
11 814 504 881 601 26861 0 0 0 standing 
11 813 504 878 601 26862 0 0 1 standing 
11 813 505 875 602 26863 0 0 1 standing 
11 813 506 873 603 26864 0 0 1 standing 
11 813 506 870 604 26865 0 0 1 standing 
11 812 507 868 605 26866 0 0 1 standing 
11 812 508 865 606 26867 0 0 1 standing 
11 812 508 862 606 26868 0 0 1 standing 
11 812 509 860 607 26869 0 0 1 standing 
11 811 510 857 608 26870 0 0 1 standing 
11 811 510 855 609 26871 0 0 1 standing 
11 811 511 852 610 26872 0 0 1 standing 
11 811 512 850 611 26873 0 0 0 standing 
11 811 512 850 611 26874 0 0 1 standing 
