0 478 556 553 685 25410 0 1 0 standing 
0 479 557 556 682 25411 0 1 1 standing 
0 481 559 559 679 25412 0 1 1 standing 
0 483 561 563 676 25413 0 1 1 standing 
0 485 563 566 673 25414 0 1 1 standing 
0 487 565 569 670 25415 0 1 1 standing 
0 489 567 573 667 25416 0 1 0 standing 
0 494 570 580 665 25417 0 1 1 standing 
0 500 574 587 664 25418 0 1 1 standing 
0 505 577 594 662 25419 0 1 1 standing 
0 511 581 601 661 25420 0 1 0 standing 
0 518 582 608 662 25421 0 1 1 standing 
0 525 584 616 664 25422 0 1 1 standing 
0 532 585 624 665 25423 0 1 1 standing 
0 540 587 632 667 25424 0 1 0 standing 
0 542 588 634 668 25425 0 1 1 standing 
0 545 589 637 669 25426 0 1 1 standing 
0 548 590 639 670 25427 0 1 1 standing 
0 551 591 642 671 25428 0 1 1 standing 
0 554 592 644 672 25429 0 1 1 standing 
1 1292 607 1364 750 25410 0 0 0 standing 
1 1292 606 1366 748 25411 0 0 1 standing 
1 1293 605 1368 747 25412 0 0 1 standing 
1 1294 604 1370 746 25413 0 0 1 standing 
1 1295 603 1373 745 25414 0 0 1 standing 
1 1296 602 1375 744 25415 0 0 1 standing 
1 1296 601 1377 743 25416 0 0 1 standing 
1 1297 600 1380 742 25417 0 0 1 standing 
1 1298 599 1382 741 25418 0 0 1 standing 
1 1299 598 1384 740 25419 0 0 1 standing 
1 1300 597 1387 739 25420 0 0 0 standing 
1 1301 597 1390 739 25421 0 0 1 standing 
1 1302 598 1394 739 25422 0 0 1 standing 
1 1303 598 1398 740 25423 0 0 1 standing 
1 1304 599 1402 740 25424 0 0 1 standing 
1 1305 599 1406 741 25425 0 0 1 standing 
1 1306 600 1410 741 25426 0 0 1 standing 
1 1307 600 1414 741 25427 0 0 1 standing 
1 1308 601 1418 742 25428 0 0 1 standing 
1 1309 601 1422 742 25429 0 0 1 standing 
2 1067 657 1145 808 25410 0 0 0 standing 
2 1068 657 1150 807 25411 0 0 1 standing 
2 1070 657 1155 806 25412 0 0 1 standing 
2 1072 657 1160 805 25413 0 0 1 standing 
2 1074 657 1166 804 25414 0 0 1 standing 
2 1076 657 1171 804 25415 0 0 1 standing 
2 1077 657 1176 803 25416 0 0 1 standing 
2 1079 657 1182 802 25417 0 0 1 standing 
2 1081 657 1187 801 25418 0 0 1 standing 
2 1083 657 1192 800 25419 0 0 1 standing 
2 1085 658 1198 800 25420 0 0 0 standing 
2 1086 656 1197 796 25421 0 0 1 standing 
2 1087 654 1196 792 25422 0 0 1 standing 
2 1088 652 1195 788 25423 0 0 1 standing 
2 1089 650 1195 784 25424 0 0 1 standing 
2 1090 648 1194 780 25425 0 0 1 standing 
2 1091 646 1193 776 25426 0 0 1 standing 
2 1092 644 1193 772 25427 0 0 1 standing 
2 1093 642 1192 768 25428 0 0 1 standing 
2 1094 640 1191 764 25429 0 0 1 standing 
3 976 698 1050 813 25410 0 0 0 standing 
3 979 699 1053 813 25411 0 0 1 falling 
3 983 700 1057 813 25412 0 0 1 falling 
3 986 701 1061 814 25413 0 0 1 falling 
3 990 702 1065 814 25414 0 0 1 falling 
3 993 703 1069 815 25415 0 0 1 falling 
3 997 704 1072 815 25416 0 0 1 falling 
3 1000 705 1076 815 25417 0 0 1 falling 
3 1004 706 1080 816 25418 0 0 1 falling 
3 1007 707 1084 816 25419 0 0 1 falling 
3 1011 709 1088 817 25420 0 0 0 falling 
3 1017 709 1094 817 25421 0 0 1 falling 
3 1023 710 1100 817 25422 0 0 1 falling 
3 1029 710 1106 817 25423 0 0 1 falling 
3 1035 711 1112 817 25424 0 0 1 falling 
3 1041 711 1118 817 25425 0 0 1 falling 
3 1047 712 1124 817 25426 0 0 1 falling 
3 1053 712 1130 817 25427 0 0 1 falling 
3 1059 713 1136 817 25428 0 0 1 falling 
3 1065 713 1142 817 25429 0 0 1 falling 
4 990 534 1038 649 25410 0 0 0 falling 
4 992 534 1041 650 25411 0 0 1 standing 
4 994 534 1045 652 25412 0 0 1 standing 
4 996 534 1049 653 25413 0 0 1 standing 
4 998 534 1053 655 25414 0 0 1 standing 
4 1001 534 1057 656 25415 0 0 1 standing 
4 1003 534 1061 658 25416 0 0 1 standing 
4 1005 534 1065 659 25417 0 0 1 standing 
4 1007 534 1069 661 25418 0 0 1 standing 
4 1009 534 1073 662 25419 0 0 1 standing 
4 1012 535 1077 664 25420 0 0 0 standing 
4 1019 538 1084 666 25421 0 0 1 standing 
4 1027 541 1092 668 25422 0 0 1 standing 
4 1035 544 1099 670 25423 0 0 1 standing 
4 1042 547 1107 672 25424 0 0 1 standing 
4 1050 551 1115 675 25425 0 0 1 standing 
4 1058 554 1122 677 25426 0 0 1 standing 
4 1065 557 1130 679 25427 0 0 1 standing 
4 1073 560 1137 681 25428 0 0 1 standing 
4 1081 563 1145 683 25429 0 0 1 standing 
5 739 505 814 651 25410 0 0 0 standing 
5 743 505 817 650 25411 0 0 1 standing 
5 748 506 821 650 25412 0 0 1 standing 
5 753 507 824 649 25413 0 0 1 standing 
5 757 508 828 649 25414 0 0 1 standing 
5 762 509 831 649 25415 0 0 1 standing 
5 767 509 835 648 25416 0 0 1 standing 
5 771 510 838 648 25417 0 0 1 standing 
5 776 511 842 647 25418 0 0 1 standing 
5 781 512 845 647 25419 0 0 1 standing 
5 786 513 849 647 25420 0 0 0 standing 
5 792 512 855 646 25421 0 0 1 standing 
5 799 512 862 646 25422 0 0 1 standing 
5 806 512 869 646 25423 0 0 1 standing 
5 813 512 876 646 25424 0 0 1 standing 
5 820 512 883 646 25425 0 0 1 standing 
5 827 511 890 645 25426 0 0 1 standing 
5 834 511 897 645 25427 0 0 1 standing 
5 841 511 904 645 25428 0 0 1 standing 
5 848 511 911 645 25429 0 0 1 standing 
6 749 508 794 633 25410 0 0 0 standing 
6 755 507 800 632 25411 0 0 1 standing 
6 761 507 806 632 25412 0 0 1 standing 
6 768 507 813 632 25413 0 0 1 standing 
6 774 506 819 631 25414 0 0 1 standing 
6 781 506 826 631 25415 0 0 1 standing 
6 787 506 832 631 25416 0 0 1 standing 
6 793 505 838 630 25417 0 0 1 standing 
6 800 505 845 630 25418 0 0 1 standing 
6 806 505 851 630 25419 0 0 1 standing 
6 813 505 858 630 25420 0 0 0 standing 
6 821 506 870 629 25421 0 0 1 standing 
6 829 508 882 629 25422 0 0 1 standing 
6 837 510 894 628 25423 0 0 1 standing 
6 846 511 906 628 25424 0 0 1 standing 
6 854 513 918 628 25425 0 0 1 standing 
6 862 515 930 627 25426 0 0 1 standing 
6 871 516 942 627 25427 0 0 1 standing 
6 879 518 954 626 25428 0 0 1 standing 
6 887 520 966 626 25429 0 0 1 standing 
7 679 594 738 731 25410 0 0 0 standing 
7 680 591 740 729 25411 0 0 1 standing 
7 682 588 743 728 25412 0 0 1 standing 
7 684 585 746 726 25413 0 0 1 standing 
7 686 583 749 725 25414 0 0 1 standing 
7 688 580 752 724 25415 0 0 1 standing 
7 689 577 755 722 25416 0 0 1 standing 
7 691 575 758 721 25417 0 0 1 standing 
7 693 572 761 719 25418 0 0 1 standing 
7 695 569 764 718 25419 0 0 1 standing 
7 697 567 767 717 25420 0 0 0 standing 
7 702 566 770 716 25421 0 0 1 standing 
7 707 565 773 715 25422 0 0 1 standing 
7 713 564 777 714 25423 0 0 1 standing 
7 718 564 780 713 25424 0 0 1 standing 
7 724 563 784 713 25425 0 0 1 standing 
7 729 562 787 712 25426 0 0 1 standing 
7 734 562 790 711 25427 0 0 1 standing 
7 740 561 794 710 25428 0 0 1 standing 
7 745 560 797 709 25429 0 0 1 standing 
8 679 539 726 648 25410 0 0 0 standing 
8 683 538 730 647 25411 0 0 1 standing 
8 688 538 735 647 25412 0 0 1 standing 
8 693 538 740 647 25413 0 0 1 standing 
8 698 538 745 647 25414 0 0 1 standing 
8 703 538 750 647 25415 0 0 1 standing 
8 707 537 754 646 25416 0 0 1 standing 
8 712 537 759 646 25417 0 0 1 standing 
8 717 537 764 646 25418 0 0 1 standing 
8 722 537 769 646 25419 0 0 1 standing 
8 727 537 774 646 25420 0 0 0 standing 
8 731 535 778 645 25421 0 0 1 standing 
8 735 534 783 644 25422 0 0 1 standing 
8 739 533 788 643 25423 0 0 1 standing 
8 743 532 793 643 25424 0 0 1 standing 
8 748 531 798 642 25425 0 0 1 standing 
8 752 529 802 641 25426 0 0 1 standing 
8 756 528 807 641 25427 0 0 1 standing 
8 760 527 812 640 25428 0 0 1 standing 
8 764 526 817 639 25429 0 0 1 standing 
9 544 710 622 865 25410 0 0 0 standing 
9 547 708 625 864 25411 0 0 1 standing 
9 550 707 629 863 25412 0 0 1 standing 
9 553 706 633 863 25413 0 0 1 standing 
9 556 704 637 862 25414 0 0 1 standing 
9 559 703 641 862 25415 0 0 1 standing 
9 562 702 645 861 25416 0 0 1 standing 
9 565 700 649 860 25417 0 0 1 standing 
9 568 699 653 860 25418 0 0 1 standing 
9 571 698 657 859 25419 0 0 1 standing 
9 574 697 661 859 25420 0 0 0 standing 
9 579 695 666 858 25421 0 0 1 standing 
9 584 694 671 858 25422 0 0 1 standing 
9 590 693 676 858 25423 0 0 1 standing 
9 595 692 682 857 25424 0 0 1 standing 
9 601 691 687 857 25425 0 0 1 standing 
9 606 689 692 857 25426 0 0 1 standing 
9 611 688 698 856 25427 0 0 1 standing 
9 617 687 703 856 25428 0 0 1 standing 
9 622 686 708 856 25429 0 0 1 standing 
10 541 630 627 770 25410 0 0 0 standing 
10 546 628 631 768 25411 0 0 1 standing 
10 552 627 635 767 25412 0 0 1 standing 
10 558 626 639 766 25413 0 0 1 standing 
10 563 625 643 765 25414 0 0 1 standing 
10 569 624 647 764 25415 0 0 1 standing 
10 575 623 651 762 25416 0 0 1 standing 
10 580 622 655 761 25417 0 0 1 standing 
10 586 621 659 760 25418 0 0 1 standing 
10 592 620 663 759 25419 0 0 1 standing 
10 598 619 668 758 25420 0 0 0 standing 
10 604 618 673 758 25421 0 0 1 standing 
10 610 617 679 758 25422 0 0 1 standing 
10 616 616 685 758 25423 0 0 1 standing 
10 622 615 691 758 25424 0 0 1 standing 
10 628 615 697 758 25425 0 0 1 standing 
10 634 614 703 758 25426 0 0 1 standing 
10 640 613 709 758 25427 0 0 1 standing 
10 646 612 715 758 25428 0 0 1 standing 
10 652 611 721 758 25429 0 0 1 standing 
11 480 623 566 778 25410 0 0 0 standing 
11 481 621 564 776 25411 0 0 1 standing 
11 483 619 563 775 25412 0 0 1 standing 
11 484 617 561 773 25413 0 0 1 standing 
11 486 616 560 772 25414 0 0 1 standing 
11 488 614 559 771 25415 0 0 1 standing 
11 489 612 557 769 25416 0 0 1 standing 
11 491 611 556 768 25417 0 0 1 standing 
11 492 609 554 766 25418 0 0 1 standing 
11 494 607 553 765 25419 0 0 1 standing 
11 496 606 552 764 25420 0 0 0 standing 
11 501 604 557 761 25421 0 0 1 standing 
11 507 602 563 759 25422 0 0 1 standing 
11 512 600 568 757 25423 0 0 1 standing 
11 518 599 574 754 25424 0 0 1 standing 
11 524 597 579 752 25425 0 0 1 standing 
11 529 595 585 750 25426 0 0 1 standing 
11 535 594 590 747 25427 0 0 1 standing 
11 540 592 596 745 25428 0 0 1 standing 
11 546 590 601 743 25429 0 0 1 standing 
