0 573 427 638 577 84605 0 1 0 setting 
0 568 420 630 572 84606 0 1 1 setting 
0 564 414 623 567 84607 0 1 1 setting 
0 559 408 616 562 84608 0 1 1 setting 
0 555 402 609 557 84609 0 1 1 setting 
0 551 396 602 552 84610 0 1 0 setting 
0 546 394 598 550 84611 0 1 1 setting 
0 542 392 594 548 84612 0 1 1 setting 
0 537 390 590 547 84613 0 1 1 setting 
0 533 388 586 545 84614 0 1 1 setting 
0 529 386 583 544 84615 0 1 0 setting 
0 522 389 575 544 84616 0 1 1 setting 
0 515 392 567 545 84617 0 1 1 setting 
0 508 396 560 546 84618 0 1 1 setting 
0 502 399 552 547 84619 0 1 1 setting 
0 495 403 545 548 84620 0 1 1 setting 
0 488 406 537 548 84621 0 1 1 setting 
0 482 409 529 549 84622 0 1 1 setting 
0 475 413 522 550 84623 0 1 1 setting 
0 468 416 514 551 84624 0 1 1 setting 
1 496 410 556 528 84605 0 1 0 setting 
1 495 405 556 527 84606 0 1 1 jumping 
1 495 401 556 527 84607 0 1 1 jumping 
1 494 397 557 527 84608 0 1 1 jumping 
1 494 393 557 526 84609 0 1 1 jumping 
1 493 389 557 526 84610 0 1 1 jumping 
1 493 385 558 526 84611 0 1 0 jumping 
1 491 376 556 520 84612 0 1 1 jumping 
1 490 367 554 514 84613 0 1 1 jumping 
1 489 358 552 508 84614 0 1 1 jumping 
1 488 349 551 503 84615 0 1 0 jumping 
1 486 348 547 499 84616 0 1 1 jumping 
1 484 348 544 495 84617 0 1 1 jumping 
1 483 348 540 491 84618 0 1 1 jumping 
1 481 348 537 487 84619 0 1 1 jumping 
1 479 348 533 483 84620 0 1 1 jumping 
1 478 348 530 480 84621 0 1 0 jumping 
1 475 351 525 480 84622 0 1 1 jumping 
1 472 354 520 480 84623 0 1 1 jumping 
1 469 357 515 480 84624 0 1 1 jumping 
2 277 499 376 669 84605 0 1 0 jumping 
2 272 499 374 669 84606 0 1 1 moving 
2 267 500 372 669 84607 0 1 1 moving 
2 263 501 370 670 84608 0 1 1 moving 
2 258 501 368 670 84609 0 1 1 moving 
2 253 502 366 670 84610 0 1 1 moving 
2 249 503 365 671 84611 0 1 0 moving 
2 251 503 363 672 84612 0 1 1 moving 
2 253 504 361 673 84613 0 1 1 moving 
2 256 504 359 674 84614 0 1 1 moving 
2 258 505 357 675 84615 0 1 1 moving 
2 261 506 356 677 84616 0 1 0 moving 
2 261 506 369 674 84617 0 1 1 moving 
2 261 506 382 671 84618 0 1 1 moving 
2 261 506 396 669 84619 0 1 0 moving 
2 270 505 393 667 84620 0 1 1 moving 
2 279 505 390 665 84621 0 1 1 moving 
2 288 505 388 664 84622 0 1 1 moving 
2 297 505 385 662 84623 0 1 1 moving 
2 306 505 383 661 84624 0 1 0 moving 
3 184 432 251 574 84605 0 1 0 moving 
3 179 431 251 573 84606 0 1 1 moving 
3 174 431 252 572 84607 0 1 1 moving 
3 170 431 253 571 84608 0 1 1 moving 
3 165 431 254 570 84609 0 1 1 moving 
3 160 431 255 569 84610 0 1 1 moving 
3 156 431 256 569 84611 0 1 0 moving 
3 159 431 254 567 84612 0 1 1 moving 
3 162 432 253 566 84613 0 1 1 moving 
3 166 433 252 564 84614 0 1 1 moving 
3 169 434 251 563 84615 0 1 1 moving 
3 173 435 250 562 84616 0 1 0 moving 
3 172 435 252 562 84617 0 1 1 moving 
3 172 435 254 562 84618 0 1 1 moving 
3 172 435 257 562 84619 0 1 0 moving 
3 177 435 257 561 84620 0 1 1 moving 
3 183 435 257 560 84621 0 1 1 moving 
3 189 435 257 559 84622 0 1 1 moving 
3 195 435 257 558 84623 0 1 1 moving 
3 201 435 258 557 84624 0 1 0 moving 
4 402 353 461 458 84605 0 1 0 moving 
4 397 350 463 457 84606 0 1 1 moving 
4 392 348 465 456 84607 0 1 1 moving 
4 388 346 467 456 84608 0 1 0 moving 
4 387 347 465 456 84609 0 1 1 moving 
4 386 348 463 457 84610 0 1 1 moving 
4 385 350 462 458 84611 0 1 0 moving 
4 389 350 460 458 84612 0 1 1 moving 
4 393 351 459 459 84613 0 1 1 moving 
4 397 352 458 460 84614 0 1 1 moving 
4 401 353 457 461 84615 0 1 0 moving 
4 401 353 456 462 84616 0 1 1 moving 
4 402 354 456 463 84617 0 1 1 moving 
4 402 355 456 464 84618 0 1 1 moving 
4 403 355 456 465 84619 0 1 1 moving 
4 403 356 456 467 84620 0 1 1 moving 
4 404 357 456 468 84621 0 1 1 moving 
4 404 357 456 469 84622 0 1 1 moving 
4 405 358 456 470 84623 0 1 1 moving 
4 405 359 456 471 84624 0 1 1 moving 
5 292 413 372 513 84605 0 0 0 moving 
5 291 410 369 513 84606 0 0 1 standing 
5 291 408 367 513 84607 0 0 1 standing 
5 291 405 365 514 84608 0 0 1 standing 
5 291 403 362 514 84609 0 0 1 standing 
5 291 400 360 514 84610 0 0 1 standing 
5 291 398 358 515 84611 0 0 0 standing 
5 296 397 354 513 84612 0 0 1 standing 
5 301 396 350 512 84613 0 0 1 standing 
5 306 395 346 511 84614 0 0 0 standing 
5 304 397 348 512 84615 0 0 1 standing 
5 302 400 351 513 84616 0 0 1 standing 
5 300 402 353 514 84617 0 0 1 standing 
5 298 405 356 515 84618 0 0 1 standing 
5 297 408 359 516 84619 0 0 0 standing 
5 292 410 353 516 84620 0 0 1 standing 
5 287 412 347 517 84621 0 0 1 standing 
5 283 414 341 518 84622 0 0 1 standing 
5 278 416 335 519 84623 0 0 1 standing 
5 273 418 329 520 84624 0 0 1 standing 
6 670 463 730 606 84605 0 0 0 standing 
6 666 463 725 606 84606 0 0 1 standing 
6 662 464 721 606 84607 0 0 1 standing 
6 658 465 717 606 84608 0 0 1 standing 
6 654 465 713 606 84609 0 0 1 standing 
6 650 466 709 606 84610 0 0 1 standing 
6 647 467 705 606 84611 0 0 0 standing 
6 644 468 702 607 84612 0 0 1 standing 
6 642 470 699 608 84613 0 0 1 standing 
6 639 472 696 609 84614 0 0 1 standing 
6 637 474 693 611 84615 0 0 0 standing 
6 627 476 683 612 84616 0 0 1 standing 
6 618 478 674 613 84617 0 0 1 standing 
6 608 480 664 614 84618 0 0 1 standing 
6 599 482 655 615 84619 0 0 1 standing 
6 590 484 645 616 84620 0 0 1 standing 
6 580 486 636 617 84621 0 0 1 standing 
6 571 488 626 618 84622 0 0 1 standing 
6 561 490 617 619 84623 0 0 1 standing 
6 552 492 607 620 84624 0 0 1 standing 
7 656 419 698 546 84605 0 0 0 standing 
7 651 420 693 546 84606 0 0 1 standing 
7 646 421 688 546 84607 0 0 1 standing 
7 641 422 683 546 84608 0 0 1 standing 
7 636 423 678 546 84609 0 0 1 standing 
7 632 424 673 547 84610 0 0 1 standing 
7 627 425 668 547 84611 0 0 1 standing 
7 622 426 663 547 84612 0 0 1 standing 
7 617 427 658 547 84613 0 0 1 standing 
7 612 428 653 547 84614 0 0 1 standing 
7 608 430 649 548 84615 0 0 0 standing 
7 600 430 641 548 84616 0 0 1 standing 
7 593 430 634 548 84617 0 0 1 standing 
7 585 430 627 548 84618 0 0 1 standing 
7 578 430 620 548 84619 0 0 1 standing 
7 571 431 613 548 84620 0 0 1 standing 
7 563 431 606 548 84621 0 0 1 standing 
7 556 431 599 548 84622 0 0 1 standing 
7 548 431 592 548 84623 0 0 1 standing 
7 541 431 585 548 84624 0 0 1 standing 
8 675 401 712 508 84605 0 0 0 standing 
8 669 400 707 507 84606 0 0 1 standing 
8 663 399 703 506 84607 0 0 1 standing 
8 657 398 699 505 84608 0 0 1 standing 
8 651 397 695 504 84609 0 0 1 standing 
8 645 396 691 503 84610 0 0 1 standing 
8 640 395 687 502 84611 0 0 0 standing 
8 634 397 684 504 84612 0 0 1 standing 
8 629 400 682 506 84613 0 0 1 standing 
8 624 402 680 508 84614 0 0 1 standing 
8 619 405 678 511 84615 0 0 0 standing 
8 613 405 674 511 84616 0 0 1 standing 
8 608 405 670 511 84617 0 0 1 standing 
8 602 406 667 511 84618 0 0 1 standing 
8 597 406 663 511 84619 0 0 1 standing 
8 592 407 659 511 84620 0 0 1 standing 
8 586 407 656 511 84621 0 0 1 standing 
8 581 408 652 511 84622 0 0 1 standing 
8 576 408 648 511 84623 0 0 1 standing 
8 570 409 645 511 84624 0 0 1 standing 
9 938 502 1013 621 84605 0 0 0 standing 
9 938 499 1010 621 84606 0 0 1 digging 
9 938 496 1008 621 84607 0 0 1 digging 
9 938 494 1006 621 84608 0 0 0 digging 
9 938 494 1005 619 84609 0 0 1 digging 
9 938 494 1005 618 84610 0 0 1 digging 
9 938 495 1005 617 84611 0 0 0 digging 
9 936 494 1003 617 84612 0 0 1 digging 
9 934 494 1001 618 84613 0 0 1 digging 
9 932 493 1000 619 84614 0 0 1 digging 
9 930 493 998 620 84615 0 0 1 digging 
9 928 493 997 621 84616 0 0 0 digging 
9 929 494 994 620 84617 0 0 1 digging 
9 931 495 992 619 84618 0 0 1 digging 
9 933 497 990 618 84619 0 0 0 digging 
9 930 497 989 619 84620 0 0 1 digging 
9 928 498 989 621 84621 0 0 1 digging 
9 926 499 989 623 84622 0 0 1 digging 
9 923 499 988 624 84623 0 0 1 digging 
9 921 500 988 626 84624 0 0 1 digging 
10 959 395 1006 507 84605 0 0 0 digging 
10 954 395 1001 506 84606 0 0 1 standing 
10 949 395 996 506 84607 0 0 1 standing 
10 944 395 991 506 84608 0 0 1 standing 
10 939 395 986 506 84609 0 0 1 standing 
10 934 395 981 506 84610 0 0 1 standing 
10 929 396 977 506 84611 0 0 0 standing 
10 923 396 970 505 84612 0 0 1 standing 
10 918 396 963 505 84613 0 0 1 standing 
10 912 396 957 505 84614 0 0 1 standing 
10 907 396 950 505 84615 0 0 1 standing 
10 902 397 944 505 84616 0 0 0 standing 
10 893 397 937 505 84617 0 0 1 standing 
10 884 397 931 505 84618 0 0 1 standing 
10 876 398 925 506 84619 0 0 0 standing 
10 862 398 918 505 84620 0 0 1 standing 
10 849 399 911 505 84621 0 0 1 standing 
10 836 400 905 505 84622 0 0 1 standing 
10 822 400 898 505 84623 0 0 1 standing 
10 809 401 891 505 84624 0 0 1 standing 
11 1126 429 1185 560 84605 0 0 0 standing 
11 1117 426 1176 558 84606 0 0 1 standing 
11 1109 423 1167 557 84607 0 0 1 standing 
11 1101 421 1159 556 84608 0 0 1 standing 
11 1092 418 1150 554 84609 0 0 1 standing 
11 1084 415 1141 553 84610 0 0 1 standing 
11 1076 413 1133 552 84611 0 0 0 standing 
11 1068 415 1124 551 84612 0 0 1 standing 
11 1060 418 1116 550 84613 0 0 1 standing 
11 1052 421 1107 550 84614 0 0 1 standing 
11 1044 424 1099 549 84615 0 0 1 standing 
11 1036 427 1091 549 84616 0 0 0 standing 
11 1028 426 1083 548 84617 0 0 1 standing 
11 1020 426 1075 547 84618 0 0 1 standing 
11 1012 425 1068 546 84619 0 0 1 standing 
11 1005 425 1060 546 84620 0 0 1 standing 
11 997 425 1053 545 84621 0 0 1 standing 
11 989 424 1045 544 84622 0 0 1 standing 
11 982 424 1037 544 84623 0 0 1 standing 
11 974 423 1030 543 84624 0 0 1 standing 
