0 1041 333 1091 421 43445 0 1 0 digging 
0 1033 333 1085 419 43446 0 1 1 digging 
0 1025 334 1079 418 43447 0 1 1 digging 
0 1017 335 1073 417 43448 0 1 1 digging 
0 1010 336 1068 416 43449 0 1 1 digging 
0 1002 336 1062 414 43450 0 1 1 digging 
0 994 337 1056 413 43451 0 1 1 digging 
0 986 338 1050 412 43452 0 1 1 digging 
0 979 339 1045 411 43453 0 1 1 digging 
0 971 339 1039 409 43454 0 1 1 digging 
0 963 340 1033 408 43455 0 1 1 digging 
0 955 341 1027 407 43456 0 1 1 digging 
0 948 342 1022 406 43457 0 1 0 digging 
0 946 341 1020 405 43458 0 1 1 digging 
0 944 341 1018 405 43459 0 1 1 digging 
0 943 340 1016 404 43460 0 1 1 digging 
0 941 340 1014 404 43461 0 1 1 digging 
0 939 339 1012 403 43462 0 1 1 digging 
0 938 339 1010 403 43463 0 1 1 digging 
0 936 338 1008 402 43464 0 1 1 digging 
1 1069 385 1124 520 43445 0 0 0 digging 
1 1062 381 1115 516 43446 0 0 1 standing 
1 1055 377 1106 512 43447 0 0 1 standing 
1 1048 374 1098 508 43448 0 0 0 standing 
1 1040 372 1095 505 43449 0 0 1 standing 
1 1033 370 1092 503 43450 0 0 1 standing 
1 1026 368 1089 501 43451 0 0 0 standing 
1 1018 368 1084 501 43452 0 0 1 standing 
1 1010 368 1080 501 43453 0 0 1 standing 
1 1002 368 1076 501 43454 0 0 0 standing 
1 996 368 1070 501 43455 0 0 1 standing 
1 991 368 1065 502 43456 0 0 1 standing 
1 986 369 1060 503 43457 0 0 0 standing 
1 985 368 1055 502 43458 0 0 1 standing 
1 985 368 1050 501 43459 0 0 1 standing 
1 985 368 1045 501 43460 0 0 0 standing 
1 984 368 1043 501 43461 0 0 1 standing 
1 983 369 1041 501 43462 0 0 1 standing 
1 983 369 1039 502 43463 0 0 1 standing 
1 982 370 1037 502 43464 0 0 1 standing 
2 961 281 1018 385 43445 0 0 0 standing 
2 953 280 1010 384 43446 0 0 1 standing 
2 945 279 1003 383 43447 0 0 1 standing 
2 937 278 996 382 43448 0 0 0 standing 
2 932 277 988 381 43449 0 0 1 standing 
2 927 276 980 380 43450 0 0 1 standing 
2 923 275 973 379 43451 0 0 0 standing 
2 917 272 967 379 43452 0 0 1 standing 
2 911 269 961 379 43453 0 0 1 standing 
2 906 267 955 380 43454 0 0 0 standing 
2 901 262 950 378 43455 0 0 1 standing 
2 897 258 946 376 43456 0 0 1 standing 
2 893 254 942 374 43457 0 0 0 standing 
2 889 252 938 373 43458 0 0 1 standing 
2 885 250 934 372 43459 0 0 1 standing 
2 882 248 931 372 43460 0 0 0 standing 
2 881 251 930 372 43461 0 0 1 standing 
2 881 255 929 373 43462 0 0 1 standing 
2 880 258 929 373 43463 0 0 1 standing 
2 880 262 928 374 43464 0 0 1 standing 
3 857 443 932 600 43445 0 0 0 standing 
3 860 444 928 601 43446 0 0 1 moving 
3 864 446 924 603 43447 0 0 1 moving 
3 868 448 921 605 43448 0 0 0 moving 
3 862 451 926 605 43449 0 0 1 moving 
3 857 454 931 606 43450 0 0 1 moving 
3 852 457 936 607 43451 0 0 0 moving 
3 848 457 941 607 43452 0 0 1 moving 
3 844 457 947 608 43453 0 0 1 moving 
3 841 457 953 609 43454 0 0 0 moving 
3 847 457 951 611 43455 0 0 1 moving 
3 853 457 949 613 43456 0 0 1 moving 
3 859 458 948 616 43457 0 0 0 moving 
3 870 455 950 615 43458 0 0 1 moving 
3 881 452 953 614 43459 0 0 1 moving 
3 893 450 956 614 43460 0 0 0 moving 
3 899 451 966 615 43461 0 0 1 moving 
3 905 453 976 617 43462 0 0 1 moving 
3 911 455 987 619 43463 0 0 1 moving 
3 917 457 997 621 43464 0 0 1 moving 
4 886 346 939 476 43445 0 0 0 moving 
4 880 344 933 474 43446 0 0 1 moving 
4 874 342 927 472 43447 0 0 1 moving 
4 868 340 921 470 43448 0 0 0 moving 
4 863 340 918 471 43449 0 0 1 moving 
4 858 340 915 472 43450 0 0 1 moving 
4 853 340 912 474 43451 0 0 0 moving 
4 847 341 910 475 43452 0 0 1 moving 
4 842 342 908 476 43453 0 0 1 moving 
4 837 344 906 478 43454 0 0 0 moving 
4 834 340 903 476 43455 0 0 1 moving 
4 832 336 900 474 43456 0 0 1 moving 
4 830 332 898 472 43457 0 0 0 moving 
4 829 329 897 469 43458 0 0 1 moving 
4 829 327 897 467 43459 0 0 1 moving 
4 829 325 897 465 43460 0 0 0 moving 
4 828 325 897 462 43461 0 0 1 moving 
4 828 325 897 460 43462 0 0 1 moving 
4 828 325 897 457 43463 0 0 1 moving 
4 828 325 897 455 43464 0 0 1 moving 
5 751 263 806 374 43445 0 0 0 moving 
5 728 263 792 374 43446 0 0 1 standing 
5 705 263 779 374 43447 0 0 1 standing 
5 683 263 766 375 43448 0 0 0 standing 
5 674 265 757 373 43449 0 0 1 standing 
5 665 268 749 371 43450 0 0 1 standing 
5 657 271 741 370 43451 0 0 0 standing 
5 649 268 729 370 43452 0 0 1 standing 
5 641 265 717 370 43453 0 0 1 standing 
5 634 263 706 371 43454 0 0 0 standing 
5 628 261 697 370 43455 0 0 1 standing 
5 622 259 689 370 43456 0 0 1 standing 
5 617 258 681 370 43457 0 0 0 standing 
5 612 259 678 371 43458 0 0 1 standing 
5 607 261 675 373 43459 0 0 1 standing 
5 603 263 672 375 43460 0 0 0 standing 
5 602 265 669 376 43461 0 0 1 standing 
5 601 268 666 377 43462 0 0 1 standing 
5 601 271 664 378 43463 0 0 0 standing 
5 601 271 664 378 43464 0 0 1 standing 
6 574 369 623 489 43445 0 0 0 standing 
6 569 369 618 490 43446 0 0 1 moving 
6 564 369 613 492 43447 0 0 1 moving 
6 560 369 608 494 43448 0 0 0 moving 
6 555 370 602 500 43449 0 0 1 moving 
6 550 372 596 506 43450 0 0 1 moving 
6 546 374 590 513 43451 0 0 0 moving 
6 541 376 585 513 43452 0 0 1 moving 
6 536 378 580 513 43453 0 0 1 moving 
6 531 381 575 514 43454 0 0 0 moving 
6 531 382 574 517 43455 0 0 1 moving 
6 531 383 574 520 43456 0 0 1 moving 
6 531 385 574 524 43457 0 0 0 moving 
6 531 384 573 525 43458 0 0 1 moving 
6 531 384 573 527 43459 0 0 1 moving 
6 531 384 573 529 43460 0 0 0 moving 
6 532 385 575 529 43461 0 0 1 moving 
6 533 386 577 530 43462 0 0 1 moving 
6 534 387 579 531 43463 0 0 1 moving 
6 535 388 581 532 43464 0 0 1 moving 
7 618 305 647 440 43445 0 0 0 moving 
7 610 305 639 440 43446 0 0 1 standing 
7 602 305 631 440 43447 0 0 1 standing 
7 594 306 623 441 43448 0 0 0 standing 
7 587 305 616 440 43449 0 0 1 standing 
7 580 304 609 439 43450 0 0 1 standing 
7 573 304 602 439 43451 0 0 0 standing 
7 566 303 595 441 43452 0 0 1 standing 
7 560 302 588 443 43453 0 0 1 standing 
7 554 302 582 446 43454 0 0 0 standing 
7 551 300 579 444 43455 0 0 1 standing 
7 548 299 576 443 43456 0 0 1 standing 
7 545 298 573 442 43457 0 0 0 standing 
7 542 298 572 441 43458 0 0 1 standing 
7 540 298 571 441 43459 0 0 1 standing 
7 538 298 571 441 43460 0 0 0 standing 
7 539 298 572 441 43461 0 0 1 standing 
7 540 299 573 442 43462 0 0 1 standing 
7 541 299 574 442 43463 0 0 1 standing 
7 542 300 575 443 43464 0 0 1 standing 
8 611 291 644 423 43445 0 0 0 standing 
8 602 290 635 423 43446 0 0 1 standing 
8 594 289 627 423 43447 0 0 1 standing 
8 586 289 619 423 43448 0 0 0 standing 
8 580 289 613 423 43449 0 0 1 standing 
8 574 289 607 423 43450 0 0 1 standing 
8 568 289 601 423 43451 0 0 0 standing 
8 564 286 597 417 43452 0 0 1 standing 
8 561 284 594 411 43453 0 0 1 standing 
8 558 282 591 405 43454 0 0 0 standing 
8 554 282 591 405 43455 0 0 1 standing 
8 550 282 591 405 43456 0 0 1 standing 
8 547 283 591 405 43457 0 0 0 standing 
8 546 283 589 405 43458 0 0 1 standing 
8 546 283 587 405 43459 0 0 1 standing 
8 546 283 585 405 43460 0 0 0 standing 
8 546 282 585 404 43461 0 0 1 standing 
8 547 281 586 404 43462 0 0 1 standing 
8 547 281 586 403 43463 0 0 1 standing 
8 548 280 587 403 43464 0 0 1 standing 
9 339 329 399 415 43445 0 0 0 standing 
9 328 329 389 415 43446 0 0 1 waiting 
9 317 330 380 415 43447 0 0 1 waiting 
9 307 331 371 416 43448 0 0 0 waiting 
9 300 331 364 416 43449 0 0 1 waiting 
9 294 331 358 416 43450 0 0 1 waiting 
9 288 331 352 416 43451 0 0 0 waiting 
9 282 331 346 416 43452 0 0 1 waiting 
9 276 331 340 417 43453 0 0 1 waiting 
9 271 331 335 418 43454 0 0 0 waiting 
9 267 330 331 419 43455 0 0 1 waiting 
9 263 329 328 420 43456 0 0 1 waiting 
9 260 328 325 421 43457 0 0 0 waiting 
9 258 325 322 422 43458 0 0 1 waiting 
9 256 323 320 423 43459 0 0 1 waiting 
9 255 321 318 424 43460 0 0 0 waiting 
9 258 318 318 421 43461 0 0 1 waiting 
9 262 316 319 419 43462 0 0 1 waiting 
9 266 314 319 417 43463 0 0 1 waiting 
9 270 312 320 415 43464 0 0 1 waiting 
10 224 285 269 413 43445 0 0 0 waiting 
10 216 287 261 415 43446 0 0 1 standing 
10 209 289 254 417 43447 0 0 1 standing 
10 202 291 247 419 43448 0 0 0 standing 
10 193 292 240 422 43449 0 0 1 standing 
10 184 294 234 426 43450 0 0 1 standing 
10 176 296 228 430 43451 0 0 0 standing 
10 171 297 223 430 43452 0 0 1 standing 
10 166 299 218 430 43453 0 0 1 standing 
10 161 301 213 431 43454 0 0 0 standing 
10 158 301 209 431 43455 0 0 1 standing 
10 156 302 205 431 43456 0 0 1 standing 
10 154 303 202 432 43457 0 0 0 standing 
10 153 304 201 432 43458 0 0 1 standing 
10 153 305 201 432 43459 0 0 1 standing 
10 153 306 201 433 43460 0 0 0 standing 
10 154 307 202 434 43461 0 0 1 standing 
10 156 309 204 436 43462 0 0 1 standing 
10 158 311 206 438 43463 0 0 0 standing 
10 158 311 206 438 43464 0 0 1 standing 
11 61 406 111 535 43445 0 0 0 standing 
11 54 407 105 539 43446 0 0 1 standing 
11 47 408 99 543 43447 0 0 1 standing 
11 41 409 93 548 43448 0 0 0 standing 
11 34 414 92 554 43449 0 0 1 standing 
11 27 419 91 561 43450 0 0 1 standing 
11 21 424 90 568 43451 0 0 0 standing 
11 14 430 91 571 43452 0 0 1 standing 
11 7 437 92 574 43453 0 0 1 standing 
11 1 444 93 578 43454 0 0 0 standing 
11 0 446 90 581 43455 0 0 1 standing 
11 0 448 87 585 43456 0 0 1 standing 
11 0 450 85 589 43457 0 0 0 standing 
11 4 448 92 590 43458 0 0 1 standing 
11 9 446 99 591 43459 0 0 1 standing 
11 14 445 106 593 43460 0 0 0 standing 
11 26 442 111 590 43461 0 0 1 standing 
11 39 440 116 587 43462 0 0 1 standing 
11 52 437 121 585 43463 0 0 1 standing 
11 65 435 126 582 43464 0 0 1 standing 
