0 177 384 230 521 62795 0 1 0 moving 
0 188 380 243 515 62796 0 1 1 moving 
0 199 377 257 509 62797 0 1 1 moving 
0 210 374 271 503 62798 0 1 0 moving 
0 217 375 280 502 62799 0 1 1 moving 
0 224 377 290 501 62800 0 1 1 moving 
0 231 378 300 500 62801 0 1 1 moving 
0 238 380 310 499 62802 0 1 1 moving 
0 245 381 320 498 62803 0 1 1 moving 
0 252 383 330 497 62804 0 1 1 moving 
0 260 385 340 496 62805 0 1 0 moving 
0 257 384 334 493 62806 0 1 1 moving 
0 254 384 329 491 62807 0 1 1 moving 
0 252 383 323 489 62808 0 1 1 moving 
0 249 383 318 487 62809 0 1 1 moving 
0 246 382 312 485 62810 0 1 1 moving 
0 244 382 307 483 62811 0 1 0 moving 
0 237 382 297 481 62812 0 1 1 moving 
0 231 382 288 480 62813 0 1 1 moving 
0 224 382 279 479 62814 0 1 1 moving 
1 574 306 645 443 62795 0 0 0 moving 
1 578 304 648 441 62796 0 0 1 standing 
1 583 302 652 439 62797 0 0 1 standing 
1 588 301 655 438 62798 0 0 1 standing 
1 593 299 659 436 62799 0 0 1 standing 
1 598 298 662 435 62800 0 0 1 standing 
1 603 296 666 433 62801 0 0 1 standing 
1 608 294 669 431 62802 0 0 1 standing 
1 613 293 673 430 62803 0 0 1 standing 
1 618 291 676 428 62804 0 0 1 standing 
1 623 290 680 427 62805 0 0 0 standing 
1 621 290 678 425 62806 0 0 1 standing 
1 620 291 677 424 62807 0 0 1 standing 
1 618 292 675 423 62808 0 0 1 standing 
1 617 293 674 422 62809 0 0 0 standing 
1 610 291 667 418 62810 0 0 1 standing 
1 603 289 660 415 62811 0 0 1 standing 
1 596 287 653 412 62812 0 0 1 standing 
1 589 285 646 408 62813 0 0 1 standing 
1 582 283 639 405 62814 0 0 1 standing 
2 527 360 595 523 62795 0 0 0 standing 
2 544 360 610 523 62796 0 0 1 standing 
2 561 360 626 523 62797 0 0 1 standing 
2 579 361 642 523 62798 0 0 1 standing 
2 596 361 658 523 62799 0 0 1 standing 
2 613 361 673 523 62800 0 0 1 standing 
2 631 362 689 523 62801 0 0 1 standing 
2 648 362 705 523 62802 0 0 1 standing 
2 666 363 721 524 62803 0 0 0 standing 
2 672 364 732 525 62804 0 0 1 standing 
2 679 366 743 526 62805 0 0 1 standing 
2 686 368 754 527 62806 0 0 1 standing 
2 693 369 765 528 62807 0 0 1 standing 
2 700 371 776 529 62808 0 0 1 standing 
2 707 373 788 530 62809 0 0 0 standing 
2 704 374 788 530 62810 0 0 1 standing 
2 701 376 788 530 62811 0 0 1 standing 
2 699 377 788 531 62812 0 0 1 standing 
2 696 379 788 531 62813 0 0 1 standing 
2 693 380 788 531 62814 0 0 1 standing 
3 767 407 822 584 62795 0 0 0 standing 
3 777 405 834 582 62796 0 0 1 standing 
3 787 403 846 580 62797 0 0 1 standing 
3 797 402 858 579 62798 0 0 0 standing 
3 808 400 869 577 62799 0 0 1 standing 
3 819 399 880 575 62800 0 0 1 standing 
3 830 397 891 574 62801 0 0 1 standing 
3 841 396 902 572 62802 0 0 1 standing 
3 853 395 914 571 62803 0 0 0 standing 
3 857 394 917 570 62804 0 0 1 standing 
3 861 394 920 569 62805 0 0 1 standing 
3 865 394 923 569 62806 0 0 1 standing 
3 869 393 926 568 62807 0 0 1 standing 
3 873 393 929 567 62808 0 0 1 standing 
3 878 393 933 567 62809 0 0 0 standing 
3 875 392 930 565 62810 0 0 1 standing 
3 873 391 927 563 62811 0 0 1 standing 
3 870 390 925 562 62812 0 0 1 standing 
3 868 389 922 560 62813 0 0 1 standing 
3 865 388 919 558 62814 0 0 1 standing 
4 848 346 912 496 62795 0 0 0 standing 
4 854 344 919 493 62796 0 0 1 standing 
4 861 342 927 490 62797 0 0 1 standing 
4 868 341 935 488 62798 0 0 0 standing 
4 874 340 939 485 62799 0 0 1 standing 
4 881 339 943 483 62800 0 0 1 standing 
4 887 339 948 480 62801 0 0 1 standing 
4 894 338 952 478 62802 0 0 1 standing 
4 901 338 957 476 62803 0 0 0 standing 
4 902 338 957 475 62804 0 0 1 standing 
4 903 338 958 474 62805 0 0 1 standing 
4 904 338 958 474 62806 0 0 1 standing 
4 905 338 959 473 62807 0 0 1 standing 
4 906 338 959 472 62808 0 0 1 standing 
4 907 339 960 472 62809 0 0 0 standing 
4 902 338 955 470 62810 0 0 1 standing 
4 898 338 951 469 62811 0 0 1 standing 
4 894 338 947 468 62812 0 0 1 standing 
4 890 338 942 466 62813 0 0 1 standing 
4 886 338 938 465 62814 0 0 1 standing 
5 992 319 1053 475 62795 0 0 0 standing 
5 1005 318 1066 473 62796 0 0 1 standing 
5 1018 318 1079 472 62797 0 0 1 standing 
5 1032 318 1092 470 62798 0 0 1 standing 
5 1045 317 1105 469 62799 0 0 1 standing 
5 1058 317 1119 467 62800 0 0 1 standing 
5 1072 317 1132 466 62801 0 0 1 standing 
5 1085 316 1145 464 62802 0 0 1 standing 
5 1098 316 1158 463 62803 0 0 1 standing 
5 1112 316 1172 462 62804 0 0 0 standing 
5 1119 315 1183 461 62805 0 0 1 standing 
5 1126 315 1194 461 62806 0 0 1 standing 
5 1133 315 1205 460 62807 0 0 1 standing 
5 1140 315 1217 460 62808 0 0 0 standing 
5 1142 315 1217 460 62809 0 0 1 standing 
5 1144 315 1217 460 62810 0 0 1 standing 
5 1147 315 1217 460 62811 0 0 1 standing 
5 1149 316 1217 461 62812 0 0 1 standing 
5 1152 316 1217 461 62813 0 0 1 standing 
5 1154 316 1217 461 62814 0 0 1 standing 
6 206 409 265 570 62795 0 0 0 standing 
6 211 408 273 569 62796 0 0 1 moving 
6 216 408 282 569 62797 0 0 1 moving 
6 221 408 291 568 62798 0 0 1 moving 
6 226 408 300 568 62799 0 0 1 moving 
6 231 408 309 567 62800 0 0 1 moving 
6 236 408 318 567 62801 0 0 1 moving 
6 242 408 327 567 62802 0 0 0 moving 
6 241 407 327 567 62803 0 0 1 moving 
6 240 407 328 567 62804 0 0 1 moving 
6 240 407 329 567 62805 0 0 0 moving 
6 238 406 322 565 62806 0 0 1 moving 
6 237 405 316 564 62807 0 0 1 moving 
6 235 404 310 562 62808 0 0 1 moving 
6 234 403 304 561 62809 0 0 1 moving 
6 233 403 298 560 62810 0 0 0 moving 
6 219 407 290 565 62811 0 0 1 moving 
6 206 411 283 570 62812 0 0 1 moving 
6 193 416 275 575 62813 0 0 1 moving 
6 180 420 268 580 62814 0 0 1 moving 
7 214 337 288 455 62795 0 1 0 moving 
7 226 335 298 453 62796 0 1 1 digging 
7 238 334 309 452 62797 0 1 1 digging 
7 251 333 320 451 62798 0 1 1 digging 
7 263 332 331 449 62799 0 1 1 digging 
7 275 331 342 448 62800 0 1 1 digging 
7 288 330 353 447 62801 0 1 0 digging 
7 286 330 353 447 62802 0 1 1 digging 
7 284 330 354 447 62803 0 1 1 digging 
7 282 330 354 447 62804 0 1 1 digging 
7 281 330 355 448 62805 0 1 0 digging 
7 281 337 353 452 62806 0 1 1 digging 
7 281 345 352 456 62807 0 1 1 digging 
7 281 353 351 460 62808 0 1 1 digging 
7 281 361 350 464 62809 0 1 1 digging 
7 282 369 349 468 62810 0 1 0 digging 
7 275 366 344 461 62811 0 1 1 digging 
7 269 363 339 455 62812 0 1 1 digging 
7 263 360 334 448 62813 0 1 1 digging 
7 257 357 329 442 62814 0 1 1 digging 
8 564 336 632 472 62795 0 0 0 digging 
8 566 336 634 472 62796 0 0 1 standing 
8 569 337 637 473 62797 0 0 1 standing 
8 572 338 640 474 62798 0 0 1 standing 
8 574 339 643 475 62799 0 0 1 standing 
8 577 340 646 476 62800 0 0 1 standing 
8 580 340 648 476 62801 0 0 1 standing 
8 582 341 651 477 62802 0 0 1 standing 
8 585 342 654 478 62803 0 0 1 standing 
8 588 343 657 479 62804 0 0 1 standing 
8 591 344 660 480 62805 0 0 0 standing 
8 587 344 657 481 62806 0 0 1 standing 
8 584 344 655 482 62807 0 0 1 standing 
8 580 344 652 483 62808 0 0 1 standing 
8 577 344 650 485 62809 0 0 1 standing 
8 574 344 647 486 62810 0 0 1 standing 
8 570 344 645 487 62811 0 0 1 standing 
8 567 344 642 488 62812 0 0 1 standing 
8 564 345 640 490 62813 0 0 0 standing 
8 564 345 640 490 62814 0 0 1 standing 
9 771 362 832 517 62795 0 0 0 standing 
9 780 362 841 517 62796 0 0 1 standing 
9 790 362 850 517 62797 0 0 1 standing 
9 800 362 860 517 62798 0 0 1 standing 
9 810 362 869 517 62799 0 0 1 standing 
9 820 363 879 517 62800 0 0 1 standing 
9 829 363 888 517 62801 0 0 1 standing 
9 839 363 897 517 62802 0 0 1 standing 
9 849 363 907 517 62803 0 0 1 standing 
9 859 363 916 517 62804 0 0 1 standing 
9 869 364 926 518 62805 0 0 0 standing 
9 869 364 926 518 62806 0 0 1 standing 
9 869 364 926 518 62807 0 0 1 standing 
9 869 364 926 518 62808 0 0 1 standing 
9 869 364 926 518 62809 0 0 1 standing 
9 869 364 926 518 62810 0 0 1 standing 
9 869 364 926 518 62811 0 0 1 standing 
9 869 364 926 518 62812 0 0 1 standing 
9 869 364 926 518 62813 0 0 1 standing 
9 869 364 926 518 62814 0 0 1 standing 
10 1067 439 1142 576 62795 0 0 0 standing 
10 1078 439 1154 576 62796 0 0 1 standing 
10 1089 440 1167 577 62797 0 0 1 standing 
10 1100 441 1179 578 62798 0 0 1 standing 
10 1112 442 1192 579 62799 0 0 1 standing 
10 1123 443 1204 580 62800 0 0 1 standing 
10 1134 444 1217 581 62801 0 0 1 standing 
10 1146 445 1229 582 62802 0 0 1 standing 
10 1157 446 1242 583 62803 0 0 1 standing 
10 1168 447 1254 584 62804 0 0 1 standing 
10 1180 448 1267 585 62805 0 0 0 standing 
10 1184 447 1268 586 62806 0 0 1 standing 
10 1189 446 1269 587 62807 0 0 1 standing 
10 1194 445 1270 588 62808 0 0 1 standing 
10 1199 444 1271 589 62809 0 0 1 standing 
10 1204 443 1272 590 62810 0 0 1 standing 
10 1209 442 1274 591 62811 0 0 0 standing 
10 1209 441 1275 592 62812 0 0 1 standing 
10 1209 440 1276 594 62813 0 0 1 standing 
10 1209 439 1277 596 62814 0 0 1 standing 
11 1051 356 1122 500 62795 0 0 0 standing 
11 1070 356 1140 501 62796 0 0 1 standing 
11 1090 357 1158 502 62797 0 0 1 standing 
11 1109 358 1176 503 62798 0 0 1 standing 
11 1129 359 1194 504 62799 0 0 1 standing 
11 1148 360 1212 505 62800 0 0 1 standing 
11 1168 361 1231 506 62801 0 0 0 standing 
11 1183 362 1245 506 62802 0 0 1 standing 
11 1198 363 1259 506 62803 0 0 1 standing 
11 1213 364 1273 507 62804 1 0 0 standing 
11 1214 364 1273 507 62805 1 0 1 standing 
11 1215 364 1274 507 62806 1 0 1 standing 
11 1216 364 1274 507 62807 1 0 1 standing 
11 1217 364 1275 507 62808 1 0 1 standing 
11 1219 364 1275 508 62809 1 0 1 standing 
11 1220 364 1276 508 62810 1 0 1 standing 
11 1221 364 1276 508 62811 1 0 1 standing 
11 1222 364 1277 508 62812 1 0 1 standing 
11 1223 364 1277 508 62813 1 0 1 standing 
11 1225 365 1278 509 62814 1 0 0 standing 
