0 1179 648 1251 887 6725 0 1 0 spiking 
0 1176 639 1259 874 6726 0 1 1 spiking 
0 1174 631 1267 861 6727 0 1 1 spiking 
0 1171 622 1275 848 6728 0 1 1 spiking 
0 1169 614 1284 835 6729 0 1 0 spiking 
0 1172 619 1284 835 6730 0 1 1 spiking 
0 1175 624 1284 836 6731 0 1 1 spiking 
0 1179 629 1285 837 6732 0 1 0 spiking 
0 1180 625 1282 829 6733 0 1 1 spiking 
0 1182 621 1280 821 6734 0 1 1 spiking 
0 1184 617 1278 814 6735 0 1 0 spiking 
0 1181 625 1275 813 6736 0 1 1 spiking 
0 1178 633 1272 813 6737 0 1 1 spiking 
0 1176 641 1270 813 6738 0 1 1 spiking 
0 1173 649 1267 813 6739 0 1 1 spiking 
0 1171 657 1265 813 6740 0 1 1 spiking 
0 1168 665 1262 813 6741 0 1 1 spiking 
0 1165 673 1259 813 6742 0 1 1 spiking 
0 1163 681 1257 813 6743 0 1 1 spiking 
0 1160 689 1254 813 6744 0 1 1 spiking 
1 985 653 1045 844 6725 0 1 0 spiking 
1 995 644 1055 838 6726 0 1 1 blocking 
1 1006 635 1066 832 6727 0 1 1 blocking 
1 1017 626 1076 826 6728 0 1 1 blocking 
1 1027 617 1087 820 6729 0 1 1 blocking 
1 1038 608 1098 814 6730 0 1 1 blocking 
1 1049 599 1108 808 6731 0 1 1 blocking 
1 1059 590 1119 802 6732 0 1 1 blocking 
1 1070 581 1129 796 6733 0 1 1 blocking 
1 1081 572 1140 790 6734 0 1 1 blocking 
1 1092 563 1151 784 6735 0 1 0 blocking 
1 1097 565 1160 786 6736 0 1 1 blocking 
1 1102 568 1169 788 6737 0 1 1 blocking 
1 1107 571 1179 791 6738 0 1 0 blocking 
1 1099 578 1176 798 6739 0 1 1 blocking 
1 1091 585 1173 805 6740 0 1 1 blocking 
1 1083 592 1170 812 6741 0 1 1 blocking 
1 1075 600 1167 820 6742 0 1 1 blocking 
1 1067 607 1164 827 6743 0 1 1 blocking 
1 1059 614 1161 834 6744 0 1 1 blocking 
2 990 618 1039 811 6725 0 1 0 blocking 
2 1000 610 1048 805 6726 0 1 1 blocking 
2 1010 603 1058 800 6727 0 1 1 blocking 
2 1020 595 1068 795 6728 0 1 1 blocking 
2 1030 588 1078 790 6729 0 1 1 blocking 
2 1040 581 1088 785 6730 0 1 1 blocking 
2 1050 573 1098 779 6731 0 1 1 blocking 
2 1060 566 1108 774 6732 0 1 1 blocking 
2 1070 558 1118 769 6733 0 1 1 blocking 
2 1080 551 1128 764 6734 0 1 1 blocking 
2 1091 544 1138 759 6735 0 1 0 blocking 
2 1097 548 1146 763 6736 0 1 1 blocking 
2 1103 553 1154 767 6737 0 1 1 blocking 
2 1109 557 1162 771 6738 0 1 1 blocking 
2 1116 562 1170 776 6739 0 1 0 blocking 
2 1110 571 1167 785 6740 0 1 1 blocking 
2 1105 580 1164 794 6741 0 1 1 blocking 
2 1100 589 1162 803 6742 0 1 1 blocking 
2 1094 598 1159 812 6743 0 1 1 blocking 
2 1089 607 1156 821 6744 0 1 1 blocking 
3 462 611 565 754 6725 0 0 0 blocking 
3 468 611 576 753 6726 0 0 1 waiting 
3 474 612 587 752 6727 0 0 1 waiting 
3 480 613 599 751 6728 0 0 0 waiting 
3 491 610 604 748 6729 0 0 1 waiting 
3 503 607 609 745 6730 0 0 1 waiting 
3 515 605 614 743 6731 0 0 0 waiting 
3 523 600 616 740 6732 0 0 1 waiting 
3 531 595 618 737 6733 0 0 1 waiting 
3 540 591 620 734 6734 0 0 0 waiting 
3 541 589 624 732 6735 0 0 1 waiting 
3 543 587 628 730 6736 0 0 1 waiting 
3 545 585 632 728 6737 0 0 0 waiting 
3 546 586 636 728 6738 0 0 1 waiting 
3 548 588 640 728 6739 0 0 1 waiting 
3 550 590 645 728 6740 0 0 0 waiting 
3 548 589 642 728 6741 0 0 1 waiting 
3 546 588 639 729 6742 0 0 1 waiting 
3 544 587 636 730 6743 0 0 1 waiting 
3 542 586 633 731 6744 0 0 1 waiting 
4 631 527 713 655 6725 0 0 0 waiting 
4 635 526 714 654 6726 0 0 1 waiting 
4 639 525 716 653 6727 0 0 1 waiting 
4 643 525 718 652 6728 0 0 0 waiting 
4 643 523 727 652 6729 0 0 1 waiting 
4 643 521 736 653 6730 0 0 1 waiting 
4 643 520 745 654 6731 0 0 0 waiting 
4 651 517 743 651 6732 0 0 1 waiting 
4 659 515 742 649 6733 0 0 1 waiting 
4 667 513 741 647 6734 0 0 0 waiting 
4 662 513 737 645 6735 0 0 1 waiting 
4 657 514 734 644 6736 0 0 1 waiting 
4 653 515 731 643 6737 0 0 0 waiting 
4 646 519 729 644 6738 0 0 1 waiting 
4 639 523 728 645 6739 0 0 1 waiting 
4 632 527 727 647 6740 0 0 0 waiting 
4 630 525 725 648 6741 0 0 1 waiting 
4 629 523 723 649 6742 0 0 1 waiting 
4 628 521 721 650 6743 0 0 1 waiting 
4 627 519 719 651 6744 0 0 1 waiting 
5 545 686 647 851 6725 0 0 0 waiting 
5 547 687 652 851 6726 0 0 1 waiting 
5 550 688 657 851 6727 0 0 1 waiting 
5 553 690 663 852 6728 0 0 0 waiting 
5 563 689 668 851 6729 0 0 1 waiting 
5 574 688 673 851 6730 0 0 1 waiting 
5 585 688 679 851 6731 0 0 0 waiting 
5 592 682 687 848 6732 0 0 1 waiting 
5 599 676 696 846 6733 0 0 1 waiting 
5 607 670 705 844 6734 0 0 0 waiting 
5 612 667 710 837 6735 0 0 1 waiting 
5 618 664 716 830 6736 0 0 1 waiting 
5 624 662 722 824 6737 0 0 0 waiting 
5 627 662 723 824 6738 0 0 1 waiting 
5 630 662 724 824 6739 0 0 1 waiting 
5 634 662 725 824 6740 0 0 0 waiting 
5 631 659 719 824 6741 0 0 1 waiting 
5 628 657 714 824 6742 0 0 1 waiting 
5 625 655 708 825 6743 0 0 1 waiting 
5 622 653 703 825 6744 0 0 1 waiting 
6 899 512 961 636 6725 0 0 0 waiting 
6 893 513 970 635 6726 0 0 1 waiting 
6 887 514 979 635 6727 0 0 1 waiting 
6 882 515 989 635 6728 0 0 0 waiting 
6 888 514 997 635 6729 0 0 1 waiting 
6 894 513 1006 635 6730 0 0 1 waiting 
6 901 513 1015 635 6731 0 0 0 waiting 
6 912 510 1011 632 6732 0 0 1 waiting 
6 923 507 1008 629 6733 0 0 1 waiting 
6 934 504 1005 627 6734 0 0 0 waiting 
6 932 504 1005 632 6735 0 0 1 waiting 
6 930 504 1006 637 6736 0 0 1 waiting 
6 928 504 1007 642 6737 0 0 0 waiting 
6 920 508 1007 643 6738 0 0 1 waiting 
6 912 512 1007 644 6739 0 0 1 waiting 
6 904 516 1007 646 6740 0 0 0 waiting 
6 902 517 1004 647 6741 0 0 1 waiting 
6 900 519 1002 648 6742 0 0 1 waiting 
6 899 521 999 650 6743 0 0 1 waiting 
6 897 523 997 651 6744 0 0 1 waiting 
7 1059 559 1182 742 6725 0 0 0 waiting 
7 1067 569 1177 747 6726 0 0 1 standing 
7 1075 580 1172 752 6727 0 0 1 standing 
7 1084 591 1167 758 6728 0 0 0 standing 
7 1095 596 1178 757 6729 0 0 1 standing 
7 1106 601 1189 757 6730 0 0 1 standing 
7 1118 606 1201 757 6731 0 0 0 standing 
7 1125 608 1204 756 6732 0 0 1 standing 
7 1132 610 1207 756 6733 0 0 1 standing 
7 1139 613 1211 756 6734 0 0 0 standing 
7 1142 614 1221 760 6735 0 0 1 standing 
7 1145 615 1232 764 6736 0 0 1 standing 
7 1148 617 1243 768 6737 0 0 0 standing 
7 1154 619 1249 770 6738 0 0 1 standing 
7 1160 621 1255 772 6739 0 0 1 standing 
7 1167 623 1262 774 6740 0 0 0 standing 
7 1169 619 1258 774 6741 0 0 1 standing 
7 1171 616 1255 774 6742 0 0 1 standing 
7 1173 613 1251 774 6743 0 0 1 standing 
7 1175 610 1248 774 6744 0 0 1 standing 
8 1119 480 1167 600 6725 0 0 0 standing 
8 1123 482 1174 604 6726 0 0 1 standing 
8 1127 484 1181 608 6727 0 0 1 standing 
8 1131 486 1189 613 6728 0 0 0 standing 
8 1143 485 1201 619 6729 0 0 1 standing 
8 1156 485 1214 626 6730 0 0 1 standing 
8 1169 485 1227 633 6731 0 0 0 standing 
8 1179 484 1237 632 6732 0 0 1 standing 
8 1189 484 1247 632 6733 0 0 1 standing 
8 1200 484 1258 632 6734 0 0 0 standing 
8 1210 483 1266 632 6735 0 0 1 standing 
8 1220 482 1274 632 6736 0 0 1 standing 
8 1230 482 1282 632 6737 0 0 0 standing 
8 1227 482 1287 632 6738 0 0 1 standing 
8 1225 482 1293 632 6739 0 0 1 standing 
8 1223 482 1299 632 6740 0 0 0 standing 
8 1221 484 1296 632 6741 0 0 1 standing 
8 1220 487 1293 632 6742 0 0 1 standing 
8 1219 490 1290 633 6743 0 0 1 standing 
8 1218 493 1287 633 6744 0 0 1 standing 
9 1297 518 1355 620 6725 0 0 0 standing 
9 1308 516 1372 624 6726 0 0 1 standing 
9 1320 514 1389 628 6727 0 0 1 standing 
9 1332 513 1406 632 6728 0 0 0 standing 
9 1342 509 1423 630 6729 0 0 1 standing 
9 1353 506 1441 628 6730 0 0 1 standing 
9 1364 503 1459 627 6731 0 0 0 standing 
9 1384 500 1475 623 6732 0 0 1 standing 
9 1404 497 1491 619 6733 0 0 1 standing 
9 1425 494 1507 616 6734 0 0 0 standing 
9 1443 493 1520 615 6735 0 0 1 standing 
9 1461 492 1533 615 6736 0 0 1 standing 
9 1480 491 1547 615 6737 0 0 0 standing 
9 1492 493 1559 620 6738 0 0 1 standing 
9 1505 495 1572 626 6739 0 0 1 standing 
9 1518 497 1585 632 6740 0 0 0 standing 
9 1518 498 1588 633 6741 0 0 1 standing 
9 1518 500 1592 634 6742 0 0 1 standing 
9 1519 502 1596 635 6743 0 0 1 standing 
9 1519 504 1600 636 6744 0 0 1 standing 
10 1255 596 1349 747 6725 0 0 0 standing 
10 1262 599 1347 750 6726 0 0 1 standing 
10 1269 602 1345 753 6727 0 0 1 standing 
10 1277 605 1344 756 6728 0 0 0 standing 
10 1281 604 1348 755 6729 0 0 1 standing 
10 1286 603 1353 754 6730 0 0 1 standing 
10 1291 602 1358 753 6731 0 0 0 standing 
10 1284 603 1363 756 6732 0 0 1 standing 
10 1277 604 1368 760 6733 0 0 1 standing 
10 1271 605 1373 764 6734 0 0 0 standing 
10 1271 608 1376 770 6735 0 0 1 standing 
10 1271 611 1379 777 6736 0 0 1 standing 
10 1272 614 1382 784 6737 0 0 0 standing 
10 1276 618 1385 786 6738 0 0 1 standing 
10 1280 622 1388 789 6739 0 0 1 standing 
10 1285 626 1391 792 6740 0 0 0 standing 
10 1282 625 1387 792 6741 0 0 1 standing 
10 1279 625 1384 792 6742 0 0 1 standing 
10 1277 625 1381 792 6743 0 0 1 standing 
10 1274 625 1378 792 6744 0 0 1 standing 
11 1461 574 1535 708 6725 0 0 0 standing 
11 1477 576 1551 713 6726 0 0 1 standing 
11 1493 578 1567 718 6727 0 0 1 standing 
11 1509 580 1583 723 6728 0 0 0 standing 
11 1525 578 1593 722 6729 0 0 1 standing 
11 1541 576 1604 721 6730 0 0 1 standing 
11 1557 574 1615 721 6731 0 0 0 standing 
11 1570 572 1629 720 6732 0 0 1 standing 
11 1584 570 1643 720 6733 0 0 1 standing 
11 1598 569 1657 720 6734 0 0 0 standing 
11 1606 572 1668 724 6735 0 0 1 standing 
11 1615 575 1679 728 6736 0 0 1 standing 
11 1624 578 1691 732 6737 0 0 0 standing 
11 1628 584 1695 740 6738 0 0 1 standing 
11 1632 591 1699 748 6739 0 0 1 standing 
11 1637 598 1703 756 6740 0 0 0 standing 
11 1633 599 1699 758 6741 0 0 1 standing 
11 1630 601 1696 761 6742 0 0 1 standing 
11 1626 603 1692 764 6743 0 0 1 standing 
11 1623 605 1689 767 6744 0 0 1 standing 
