0 917 770 1020 945 40010 0 1 0 standing 
0 903 770 1008 949 40011 0 1 1 standing 
0 889 770 997 953 40012 0 1 1 standing 
0 876 770 986 958 40013 0 1 0 standing 
0 869 770 973 959 40014 0 1 1 standing 
0 862 771 960 960 40015 0 1 1 standing 
0 855 771 947 962 40016 0 1 1 standing 
0 848 772 934 963 40017 0 1 1 standing 
0 841 773 921 965 40018 0 1 0 standing 
0 834 774 915 967 40019 0 1 1 standing 
0 827 776 910 970 40020 0 1 1 standing 
0 821 778 904 973 40021 0 1 1 standing 
0 814 780 899 976 40022 0 1 1 standing 
0 807 782 893 978 40023 0 1 1 standing 
0 801 784 888 981 40024 0 1 1 standing 
0 794 786 882 984 40025 0 1 1 standing 
0 788 788 877 987 40026 0 1 0 standing 
0 783 786 870 985 40027 0 1 1 standing 
0 778 785 863 983 40028 0 1 1 standing 
0 774 784 857 982 40029 0 1 0 standing 
1 895 612 976 799 40010 1 0 1 standing 
1 896 608 977 796 40011 1 0 1 setting 
1 898 604 978 794 40012 1 0 1 setting 
1 899 600 979 791 40013 1 0 1 setting 
1 900 596 980 789 40014 1 0 1 setting 
1 902 593 981 787 40015 0 1 0 setting 
1 898 586 983 783 40016 0 1 1 setting 
1 894 579 985 779 40017 0 1 1 setting 
1 891 573 987 775 40018 0 1 0 setting 
1 891 581 989 775 40019 0 1 1 setting 
1 892 589 992 776 40020 0 1 1 setting 
1 892 597 994 777 40021 0 1 1 setting 
1 893 606 997 778 40022 0 1 1 setting 
1 893 614 999 779 40023 0 1 1 setting 
1 894 622 1002 780 40024 0 1 1 setting 
1 895 631 1005 781 40025 0 1 0 setting 
1 896 633 1000 781 40026 0 1 1 setting 
1 897 635 996 782 40027 0 1 1 setting 
1 898 637 992 782 40028 0 1 1 setting 
1 900 639 988 783 40029 0 1 0 setting 
2 455 623 550 770 40010 1 0 1 setting 
2 457 623 552 770 40011 1 0 1 moving 
2 460 622 555 770 40012 1 0 1 moving 
2 462 621 557 770 40013 1 0 1 moving 
2 464 621 559 770 40014 1 0 1 moving 
2 467 620 561 770 40015 1 0 1 moving 
2 469 619 564 770 40016 1 0 1 moving 
2 472 619 566 770 40017 1 0 1 moving 
2 474 618 568 770 40018 1 0 1 moving 
2 477 618 571 770 40019 0 1 0 moving 
2 489 617 577 768 40020 0 1 1 moving 
2 502 616 584 767 40021 0 1 1 moving 
2 514 616 591 765 40022 0 1 1 moving 
2 527 615 598 764 40023 0 1 1 moving 
2 540 615 605 763 40024 0 1 0 moving 
2 542 614 617 763 40025 0 1 1 moving 
2 544 614 629 764 40026 0 1 1 moving 
2 546 613 641 765 40027 0 1 1 moving 
2 548 613 653 766 40028 0 1 1 moving 
2 551 613 666 767 40029 0 1 0 moving 
3 637 526 691 657 40010 0 0 0 moving 
3 632 525 688 657 40011 0 0 1 standing 
3 627 524 685 657 40012 0 0 1 standing 
3 622 524 682 657 40013 0 0 0 standing 
3 617 524 679 658 40014 0 0 1 standing 
3 612 524 677 659 40015 0 0 1 standing 
3 608 525 674 660 40016 0 0 1 standing 
3 603 525 672 661 40017 0 0 1 standing 
3 599 526 669 662 40018 0 0 1 standing 
3 594 526 667 663 40019 0 0 1 standing 
3 590 527 665 665 40020 0 0 0 standing 
3 591 529 663 668 40021 0 0 1 standing 
3 593 531 662 672 40022 0 0 1 standing 
3 595 533 660 676 40023 0 0 1 standing 
3 596 535 659 680 40024 0 0 1 standing 
3 598 537 657 684 40025 0 0 1 standing 
3 600 539 656 688 40026 0 0 0 standing 
3 597 540 662 687 40027 0 0 1 standing 
3 595 541 669 686 40028 0 0 1 standing 
3 593 543 676 686 40029 0 0 0 standing 
4 754 519 829 640 40010 0 1 0 standing 
4 748 516 824 635 40011 0 1 1 moving 
4 743 514 820 631 40012 0 1 1 moving 
4 738 512 816 627 40013 0 1 0 moving 
4 735 512 813 625 40014 0 1 1 moving 
4 732 512 811 623 40015 0 1 1 moving 
4 729 512 809 621 40016 0 1 1 moving 
4 726 513 807 619 40017 0 1 1 moving 
4 723 513 805 617 40018 0 1 1 moving 
4 720 513 803 615 40019 0 1 1 moving 
4 717 514 801 614 40020 0 1 0 moving 
4 719 512 802 615 40021 0 1 1 moving 
4 722 511 803 616 40022 0 1 1 moving 
4 724 510 804 618 40023 0 1 1 moving 
4 727 509 805 619 40024 0 1 1 moving 
4 729 508 806 620 40025 0 1 1 moving 
4 732 507 807 622 40026 0 1 0 moving 
4 734 503 808 623 40027 0 1 1 moving 
4 736 500 810 624 40028 0 1 1 moving 
4 738 496 811 626 40029 0 1 1 moving 
5 970 678 1033 864 40010 1 0 1 moving 
5 967 678 1030 863 40011 1 0 1 standing 
5 964 677 1028 863 40012 1 0 1 standing 
5 960 677 1025 862 40013 1 0 1 standing 
5 957 676 1022 861 40014 1 0 1 standing 
5 953 676 1020 860 40015 1 0 1 standing 
5 950 675 1017 859 40016 1 0 1 standing 
5 947 675 1015 859 40017 0 0 0 standing 
5 939 673 1007 859 40018 0 0 1 standing 
5 932 671 999 859 40019 0 0 1 standing 
5 925 670 991 859 40020 0 0 0 standing 
5 918 668 982 854 40021 0 0 1 standing 
5 911 667 973 850 40022 0 0 1 standing 
5 904 666 965 846 40023 0 0 1 standing 
5 897 665 956 842 40024 0 0 1 standing 
5 890 664 948 838 40025 0 0 0 standing 
5 879 659 941 833 40026 0 0 1 standing 
5 868 655 934 828 40027 0 0 1 standing 
5 857 650 928 823 40028 0 0 1 standing 
5 846 646 921 818 40029 0 0 1 standing 
6 1110 711 1158 877 40010 0 0 0 standing 
6 1105 709 1152 875 40011 0 0 1 standing 
6 1100 707 1146 873 40012 0 0 1 standing 
6 1095 706 1141 871 40013 0 0 1 standing 
6 1090 704 1135 869 40014 0 0 1 standing 
6 1085 703 1130 867 40015 0 0 0 standing 
6 1080 701 1129 865 40016 0 0 1 standing 
6 1075 700 1128 864 40017 0 0 1 standing 
6 1070 699 1127 862 40018 0 0 1 standing 
6 1065 698 1126 861 40019 0 0 1 standing 
6 1061 697 1126 860 40020 0 0 0 standing 
6 1057 699 1127 861 40021 0 0 1 standing 
6 1054 701 1129 862 40022 0 0 1 standing 
6 1051 703 1131 864 40023 0 0 1 standing 
6 1047 705 1132 865 40024 0 0 1 standing 
6 1044 707 1134 866 40025 0 0 1 standing 
6 1041 709 1136 868 40026 0 0 0 standing 
6 1042 707 1134 866 40027 0 0 1 standing 
6 1043 706 1133 864 40028 0 0 1 standing 
6 1044 704 1131 862 40029 0 0 1 standing 
7 1100 636 1167 786 40010 0 0 0 standing 
7 1095 633 1161 785 40011 0 0 1 standing 
7 1090 630 1156 784 40012 0 0 1 standing 
7 1085 628 1151 783 40013 0 0 1 standing 
7 1080 625 1145 783 40014 0 0 1 standing 
7 1075 623 1140 782 40015 0 0 1 standing 
7 1070 620 1135 781 40016 0 0 1 standing 
7 1065 618 1130 781 40017 0 0 0 standing 
7 1060 622 1126 781 40018 0 0 1 standing 
7 1055 627 1123 781 40019 0 0 1 standing 
7 1051 632 1120 782 40020 0 0 0 standing 
7 1048 629 1115 781 40021 0 0 1 standing 
7 1045 626 1110 780 40022 0 0 1 standing 
7 1042 624 1105 779 40023 0 0 1 standing 
7 1039 621 1100 778 40024 0 0 1 standing 
7 1036 618 1095 778 40025 0 0 1 standing 
7 1033 616 1090 777 40026 0 0 1 standing 
7 1030 613 1085 776 40027 0 0 1 standing 
7 1027 610 1080 775 40028 0 0 1 standing 
7 1025 608 1075 775 40029 0 0 0 standing 
8 1096 576 1152 713 40010 0 0 0 standing 
8 1090 574 1146 714 40011 0 0 1 standing 
8 1084 573 1141 715 40012 0 0 1 standing 
8 1078 572 1136 716 40013 0 0 1 standing 
8 1072 571 1131 717 40014 0 0 1 standing 
8 1066 570 1126 718 40015 0 0 0 standing 
8 1063 569 1122 716 40016 0 0 1 standing 
8 1060 569 1119 714 40017 0 0 1 standing 
8 1057 569 1116 712 40018 0 0 1 standing 
8 1054 569 1113 710 40019 0 0 1 standing 
8 1051 569 1110 708 40020 0 0 0 standing 
8 1048 567 1106 706 40021 0 0 1 standing 
8 1045 566 1102 705 40022 0 0 1 standing 
8 1043 565 1099 704 40023 0 0 1 standing 
8 1040 564 1095 703 40024 0 0 1 standing 
8 1037 563 1091 702 40025 0 0 1 standing 
8 1035 562 1088 701 40026 0 0 1 standing 
8 1032 561 1084 700 40027 0 0 1 standing 
8 1029 560 1080 699 40028 0 0 1 standing 
8 1027 559 1077 698 40029 0 0 0 standing 
9 1360 579 1423 710 40010 0 0 0 standing 
9 1359 579 1419 710 40011 0 0 1 standing 
9 1358 579 1416 710 40012 0 0 1 standing 
9 1357 580 1412 710 40013 0 0 1 standing 
9 1356 580 1409 710 40014 0 0 1 standing 
9 1355 581 1406 710 40015 0 0 0 standing 
9 1351 580 1404 709 40016 0 0 1 standing 
9 1347 579 1403 708 40017 0 0 1 standing 
9 1343 579 1402 708 40018 0 0 1 standing 
9 1339 578 1401 707 40019 0 0 1 standing 
9 1335 578 1400 707 40020 0 0 0 standing 
9 1332 579 1397 705 40021 0 0 1 standing 
9 1329 580 1394 704 40022 0 0 1 standing 
9 1327 581 1391 702 40023 0 0 1 standing 
9 1324 582 1388 701 40024 0 0 1 standing 
9 1322 583 1386 700 40025 0 0 0 standing 
9 1319 583 1383 700 40026 0 0 1 standing 
9 1317 583 1381 701 40027 0 0 1 standing 
9 1314 583 1379 701 40028 0 0 1 standing 
9 1312 583 1377 702 40029 0 0 1 standing 
10 1502 651 1556 806 40010 0 0 0 standing 
10 1501 650 1557 805 40011 0 0 1 standing 
10 1501 649 1559 804 40012 0 0 1 standing 
10 1500 649 1561 803 40013 0 0 1 standing 
10 1500 648 1563 802 40014 0 0 1 standing 
10 1500 648 1565 801 40015 0 0 0 standing 
10 1503 647 1566 800 40016 0 0 1 standing 
10 1506 647 1567 800 40017 0 0 1 standing 
10 1509 647 1568 800 40018 0 0 1 standing 
10 1512 647 1569 800 40019 0 0 1 standing 
10 1515 647 1570 800 40020 0 0 0 standing 
10 1515 646 1574 798 40021 0 0 1 standing 
10 1515 646 1578 797 40022 0 0 1 standing 
10 1515 646 1582 796 40023 0 0 1 standing 
10 1515 646 1586 795 40024 0 0 1 standing 
10 1515 646 1590 794 40025 0 0 1 standing 
10 1515 646 1595 793 40026 0 0 0 standing 
10 1515 646 1599 794 40027 0 0 1 standing 
10 1515 646 1603 796 40028 0 0 1 standing 
10 1515 646 1607 797 40029 0 0 1 standing 
11 1396 758 1476 893 40010 0 0 0 standing 
11 1395 758 1477 893 40011 0 0 1 standing 
11 1394 759 1478 893 40012 0 0 1 standing 
11 1394 759 1479 894 40013 0 0 1 standing 
11 1393 760 1480 894 40014 0 0 1 standing 
11 1393 761 1481 895 40015 0 0 0 standing 
11 1394 762 1485 896 40016 0 0 1 standing 
11 1396 764 1489 897 40017 0 0 1 standing 
11 1398 765 1494 899 40018 0 0 1 standing 
11 1399 767 1498 900 40019 0 0 1 standing 
11 1401 768 1503 901 40020 0 0 1 standing 
11 1403 770 1507 903 40021 0 0 1 standing 
11 1405 771 1512 904 40022 0 0 1 standing 
11 1406 773 1516 905 40023 0 0 1 standing 
11 1408 774 1521 907 40024 0 0 1 standing 
11 1410 776 1525 908 40025 0 0 1 standing 
11 1412 778 1530 910 40026 0 0 0 standing 
11 1412 776 1527 908 40027 0 0 1 standing 
11 1413 775 1524 906 40028 0 0 1 standing 
11 1414 774 1521 904 40029 0 0 1 standing 
