0 1097 481 1185 632 44315 0 0 0 standing 
0 1088 478 1176 629 44316 0 0 1 standing 
0 1080 476 1168 627 44317 0 0 1 standing 
0 1071 474 1159 625 44318 0 0 1 standing 
0 1063 472 1151 623 44319 0 0 1 standing 
0 1055 470 1143 621 44320 0 0 1 standing 
0 1046 467 1134 618 44321 0 0 1 standing 
0 1038 465 1126 616 44322 0 0 1 standing 
0 1029 463 1117 614 44323 0 0 1 standing 
0 1021 461 1109 612 44324 0 0 1 standing 
0 1013 459 1101 610 44325 0 0 0 standing 
0 1001 457 1087 608 44326 0 0 1 standing 
0 990 455 1073 606 44327 0 0 1 standing 
0 979 453 1059 604 44328 0 0 1 standing 
0 967 451 1045 602 44329 0 0 1 standing 
0 956 450 1031 600 44330 0 0 1 standing 
0 945 448 1017 598 44331 0 0 1 standing 
0 933 446 1003 596 44332 0 0 1 standing 
0 922 444 989 594 44333 0 0 1 standing 
0 911 442 975 592 44334 0 0 1 standing 
1 1038 357 1115 493 44315 0 0 0 standing 
1 1032 354 1108 490 44316 0 0 1 standing 
1 1027 352 1102 487 44317 0 0 1 standing 
1 1022 349 1095 485 44318 0 0 1 standing 
1 1016 347 1089 482 44319 0 0 1 standing 
1 1011 344 1082 479 44320 0 0 1 standing 
1 1006 342 1076 477 44321 0 0 0 standing 
1 995 340 1064 475 44322 0 0 1 standing 
1 984 339 1052 474 44323 0 0 1 standing 
1 973 337 1040 472 44324 0 0 1 standing 
1 963 336 1028 471 44325 0 0 0 standing 
1 952 336 1016 470 44326 0 0 1 standing 
1 942 336 1005 469 44327 0 0 1 standing 
1 932 336 994 468 44328 0 0 1 standing 
1 921 336 982 467 44329 0 0 1 standing 
1 911 337 971 467 44330 0 0 1 standing 
1 901 337 960 466 44331 0 0 1 standing 
1 890 337 948 465 44332 0 0 1 standing 
1 880 337 937 464 44333 0 0 1 standing 
1 870 337 926 463 44334 0 0 1 standing 
2 614 406 691 581 44315 0 1 0 standing 
2 605 393 679 574 44316 0 1 1 setting 
2 596 380 667 567 44317 0 1 1 setting 
2 587 368 656 560 44318 0 1 1 setting 
2 578 355 644 553 44319 0 1 1 setting 
2 570 343 633 547 44320 0 1 0 setting 
2 561 340 622 543 44321 0 1 1 setting 
2 553 337 611 539 44322 0 1 1 setting 
2 544 334 600 536 44323 0 1 1 setting 
2 536 331 589 532 44324 0 1 1 setting 
2 528 328 579 529 44325 0 1 0 setting 
2 515 336 569 533 44326 0 1 1 setting 
2 503 344 560 537 44327 0 1 1 setting 
2 491 352 551 542 44328 0 1 1 setting 
2 478 360 542 546 44329 0 1 1 setting 
2 466 368 533 550 44330 0 1 1 setting 
2 454 377 524 555 44331 0 1 0 setting 
2 439 380 513 555 44332 0 1 1 setting 
2 425 383 503 556 44333 0 1 1 setting 
2 410 386 493 556 44334 0 1 1 setting 
3 539 363 637 491 44315 0 1 0 setting 
3 540 360 634 490 44316 0 1 1 setting 
3 541 357 631 490 44317 0 1 1 setting 
3 542 354 628 489 44318 0 1 1 setting 
3 544 351 625 489 44319 0 1 1 setting 
3 545 348 622 488 44320 0 1 1 setting 
3 546 345 619 488 44321 0 1 1 setting 
3 548 343 616 488 44322 0 1 0 setting 
3 536 336 605 484 44323 0 1 1 setting 
3 525 329 595 480 44324 0 1 1 setting 
3 514 322 585 476 44325 0 1 1 setting 
3 503 316 575 472 44326 0 1 0 setting 
3 495 308 569 467 44327 0 1 1 setting 
3 487 301 564 462 44328 0 1 1 setting 
3 480 294 559 458 44329 0 1 1 setting 
3 472 287 554 453 44330 0 1 1 setting 
3 465 280 549 449 44331 0 1 0 setting 
3 459 281 542 446 44332 0 1 1 setting 
3 453 283 535 444 44333 0 1 1 setting 
3 447 285 529 442 44334 0 1 1 setting 
4 782 342 837 505 44315 0 0 0 setting 
4 770 339 825 502 44316 0 0 1 standing 
4 759 336 814 499 44317 0 0 1 standing 
4 748 333 803 496 44318 0 0 1 standing 
4 737 330 792 493 44319 0 0 1 standing 
4 726 328 781 491 44320 0 0 1 standing 
4 715 325 770 488 44321 0 0 1 standing 
4 704 322 759 485 44322 0 0 1 standing 
4 693 319 748 482 44323 0 0 1 standing 
4 682 316 737 479 44324 0 0 1 standing 
4 671 314 726 477 44325 0 0 0 standing 
4 660 315 713 475 44326 0 0 1 standing 
4 649 316 700 474 44327 0 0 1 standing 
4 638 317 687 473 44328 0 0 1 standing 
4 627 318 674 472 44329 0 0 1 standing 
4 616 320 661 471 44330 0 0 0 standing 
4 606 318 654 470 44331 0 0 1 standing 
4 596 317 648 469 44332 0 0 1 standing 
4 586 315 641 468 44333 0 0 1 standing 
4 576 314 635 468 44334 0 0 1 standing 
5 1176 392 1258 549 44315 1 0 1 standing 
5 1176 392 1258 549 44316 1 0 1 waiting 
5 1176 392 1258 549 44317 1 0 1 waiting 
5 1176 392 1258 549 44318 1 0 1 waiting 
5 1176 392 1258 549 44319 1 0 1 waiting 
5 1176 392 1258 549 44320 1 0 1 waiting 
5 1176 392 1258 549 44321 1 0 1 waiting 
5 1176 392 1258 549 44322 1 0 1 waiting 
5 1176 392 1258 549 44323 1 0 1 waiting 
5 1176 392 1258 549 44324 1 0 1 waiting 
5 1176 392 1258 549 44325 0 0 0 waiting 
5 1162 389 1241 546 44326 0 0 1 waiting 
5 1149 387 1225 544 44327 0 0 1 waiting 
5 1135 385 1209 541 44328 0 0 1 waiting 
5 1122 382 1193 539 44329 0 0 1 waiting 
5 1108 380 1177 537 44330 0 0 1 waiting 
5 1095 378 1160 534 44331 0 0 1 waiting 
5 1081 375 1144 532 44332 0 0 1 waiting 
5 1068 373 1128 529 44333 0 0 1 waiting 
5 1054 371 1112 527 44334 0 0 1 waiting 
6 83 340 155 482 44315 0 0 0 waiting 
6 74 339 146 481 44316 0 0 1 moving 
6 65 339 138 480 44317 0 0 1 moving 
6 56 339 130 480 44318 0 0 1 moving 
6 47 339 122 479 44319 0 0 1 moving 
6 39 339 114 478 44320 0 0 1 moving 
6 30 339 106 478 44321 0 0 1 moving 
6 21 339 98 477 44322 0 0 1 moving 
6 12 339 90 476 44323 0 0 1 moving 
6 4 339 82 476 44324 0 0 0 moving 
6 3 339 79 476 44325 0 0 1 moving 
6 3 339 76 476 44326 0 0 1 moving 
6 3 339 73 476 44327 0 0 1 moving 
6 3 339 70 476 44328 0 0 1 moving 
6 3 339 67 476 44329 0 0 1 moving 
6 3 339 64 476 44330 0 0 1 moving 
6 3 339 61 476 44331 0 0 1 moving 
6 3 339 58 476 44332 0 0 1 moving 
6 3 339 55 476 44333 0 0 1 moving 
6 3 339 52 476 44334 0 0 1 moving 
7 4 371 60 499 44315 1 0 0 moving 
7 4 371 60 499 44316 1 0 1 moving 
7 4 371 60 499 44317 1 0 1 moving 
7 4 371 60 499 44318 1 0 1 moving 
7 4 371 60 499 44319 1 0 1 moving 
7 4 371 60 499 44320 1 0 1 moving 
7 4 371 60 499 44321 1 0 1 moving 
7 4 371 60 499 44322 1 0 1 moving 
7 4 371 60 499 44323 1 0 1 moving 
7 4 371 60 499 44324 1 0 1 moving 
7 4 371 60 499 44325 1 0 0 moving 
7 4 371 60 499 44326 1 0 1 moving 
7 4 371 60 499 44327 1 0 1 moving 
7 4 371 60 499 44328 1 0 1 moving 
7 4 371 60 499 44329 1 0 1 moving 
7 4 371 60 499 44330 1 0 1 moving 
7 4 371 60 499 44331 1 0 1 moving 
7 4 371 60 499 44332 1 0 1 moving 
7 4 371 60 499 44333 1 0 1 moving 
7 4 371 60 499 44334 1 0 1 moving 
8 505 320 570 441 44315 0 0 0 moving 
8 494 318 564 439 44316 0 0 1 moving 
8 483 316 558 437 44317 0 0 1 moving 
8 472 314 552 435 44318 0 0 1 moving 
8 462 312 546 433 44319 0 0 1 moving 
8 451 311 540 431 44320 0 0 1 moving 
8 440 309 534 429 44321 0 0 1 moving 
8 430 307 528 427 44322 0 0 1 moving 
8 419 305 522 425 44323 0 0 1 moving 
8 408 303 516 423 44324 0 0 1 moving 
8 398 302 511 421 44325 0 0 0 moving 
8 395 302 505 420 44326 0 0 1 moving 
8 392 302 499 420 44327 0 0 1 moving 
8 389 302 493 420 44328 0 0 1 moving 
8 387 302 488 420 44329 0 0 1 moving 
8 384 302 482 420 44330 0 0 1 moving 
8 381 302 476 420 44331 0 0 1 moving 
8 379 302 471 420 44332 0 0 1 moving 
8 376 302 465 420 44333 0 0 1 moving 
8 373 302 459 420 44334 0 0 1 moving 
9 314 484 393 676 44315 0 0 0 moving 
9 307 484 388 674 44316 0 0 1 moving 
9 300 484 383 673 44317 0 0 1 moving 
9 293 484 378 671 44318 0 0 1 moving 
9 287 484 373 670 44319 0 0 1 moving 
9 280 485 369 669 44320 0 0 1 moving 
9 273 485 364 667 44321 0 0 1 moving 
9 267 485 359 666 44322 0 0 1 moving 
9 260 485 354 664 44323 0 0 1 moving 
9 253 485 349 663 44324 0 0 1 moving 
9 247 486 345 662 44325 0 0 0 moving 
9 243 484 336 664 44326 0 0 1 moving 
9 239 482 327 667 44327 0 0 1 moving 
9 236 481 318 670 44328 0 0 0 moving 
9 232 479 319 667 44329 0 0 1 moving 
9 228 477 320 664 44330 0 0 1 moving 
9 224 475 321 661 44331 0 0 1 moving 
9 221 474 322 658 44332 0 0 0 moving 
9 217 472 328 656 44333 0 0 1 moving 
9 214 471 335 654 44334 0 0 1 moving 
10 787 385 841 548 44315 0 1 0 moving 
10 775 383 829 546 44316 0 1 1 standing 
10 763 381 817 544 44317 0 1 1 standing 
10 751 380 805 543 44318 0 1 1 standing 
10 740 378 794 541 44319 0 1 1 standing 
10 728 377 782 540 44320 0 1 1 standing 
10 716 375 770 538 44321 0 1 1 standing 
10 705 373 759 536 44322 0 1 1 standing 
10 693 372 747 535 44323 0 1 1 standing 
10 681 370 735 533 44324 0 1 1 standing 
10 670 369 724 532 44325 0 1 0 standing 
10 657 361 711 528 44326 0 1 1 standing 
10 645 354 699 524 44327 0 1 1 standing 
10 633 347 687 520 44328 0 1 1 standing 
10 621 340 674 516 44329 0 1 1 standing 
10 608 332 662 512 44330 0 1 1 standing 
10 596 325 650 508 44331 0 1 1 standing 
10 584 318 637 504 44332 0 1 1 standing 
10 572 311 625 500 44333 0 1 1 standing 
10 559 303 613 496 44334 0 1 1 standing 
11 784 439 841 608 44315 0 0 0 standing 
11 773 438 830 607 44316 0 0 1 standing 
11 762 438 819 607 44317 0 0 1 standing 
11 751 438 808 607 44318 0 0 1 standing 
11 740 437 797 606 44319 0 0 1 standing 
11 729 437 786 606 44320 0 0 1 standing 
11 718 437 775 606 44321 0 0 1 standing 
11 707 436 764 605 44322 0 0 1 standing 
11 696 436 753 605 44323 0 0 1 standing 
11 685 436 742 605 44324 0 0 1 standing 
11 674 436 731 605 44325 0 0 0 standing 
11 662 435 719 603 44326 0 0 1 standing 
11 651 434 708 601 44327 0 0 1 standing 
11 640 433 697 600 44328 0 0 1 standing 
11 629 432 686 598 44329 0 0 1 standing 
11 618 431 675 597 44330 0 0 1 standing 
11 607 430 663 595 44331 0 0 1 standing 
11 596 429 652 593 44332 0 0 1 standing 
11 585 428 641 592 44333 0 0 1 standing 
11 574 427 630 590 44334 0 0 1 standing 
