0 1179 791 1274 945 23815 0 1 0 spiking 
0 1180 770 1275 937 23816 0 1 1 spiking 
0 1182 749 1276 930 23817 0 1 1 spiking 
0 1183 728 1277 923 23818 0 1 1 spiking 
0 1185 707 1279 916 23819 0 1 0 spiking 
0 1186 707 1280 908 23820 0 1 1 spiking 
0 1188 708 1282 901 23821 0 1 1 spiking 
0 1190 709 1284 894 23822 0 1 1 spiking 
0 1191 710 1285 887 23823 0 1 1 spiking 
0 1193 711 1287 880 23824 0 1 1 spiking 
0 1195 712 1289 873 23825 0 1 0 spiking 
0 1197 702 1289 877 23826 0 1 1 spiking 
0 1199 692 1289 881 23827 0 1 1 spiking 
0 1201 683 1289 886 23828 0 1 0 spiking 
0 1203 689 1289 892 23829 0 1 1 spiking 
0 1205 695 1289 898 23830 0 1 1 spiking 
0 1207 701 1289 904 23831 0 1 1 spiking 
0 1209 707 1290 910 23832 0 1 1 spiking 
0 1211 713 1290 916 23833 0 1 1 spiking 
0 1213 719 1290 922 23834 0 1 1 spiking 
1 966 728 1028 899 23815 0 1 0 spiking 
1 973 729 1034 898 23816 0 1 1 standing 
1 980 730 1041 897 23817 0 1 1 standing 
1 987 731 1047 896 23818 0 1 1 standing 
1 995 733 1054 895 23819 0 1 0 standing 
1 1002 727 1059 894 23820 0 1 1 standing 
1 1009 721 1065 893 23821 0 1 1 standing 
1 1016 715 1070 892 23822 0 1 1 standing 
1 1024 710 1076 891 23823 0 1 0 standing 
1 1030 703 1083 888 23824 0 1 1 standing 
1 1036 697 1091 886 23825 0 1 1 standing 
1 1042 691 1099 884 23826 0 1 1 standing 
1 1048 684 1106 882 23827 0 1 1 standing 
1 1054 678 1114 880 23828 0 1 1 standing 
1 1061 672 1122 878 23829 0 1 1 standing 
1 1067 665 1129 876 23830 0 1 1 standing 
1 1073 659 1137 874 23831 0 1 1 standing 
1 1079 653 1145 872 23832 0 1 1 standing 
1 1085 646 1152 870 23833 0 1 1 standing 
1 1091 640 1160 868 23834 0 1 1 standing 
2 931 656 1009 812 23815 0 1 0 standing 
2 942 660 1019 824 23816 0 1 1 standing 
2 954 665 1029 836 23817 0 1 1 standing 
2 966 669 1039 848 23818 0 1 1 standing 
2 978 674 1049 860 23819 0 1 0 standing 
2 985 669 1054 857 23820 0 1 1 standing 
2 993 664 1059 855 23821 0 1 1 standing 
2 1000 659 1064 853 23822 0 1 1 standing 
2 1008 655 1069 851 23823 0 1 0 standing 
2 1017 645 1077 848 23824 0 1 1 standing 
2 1026 635 1086 846 23825 0 1 1 standing 
2 1035 626 1094 843 23826 0 1 1 standing 
2 1044 616 1103 841 23827 0 1 1 standing 
2 1053 607 1112 839 23828 0 1 0 standing 
2 1054 608 1121 837 23829 0 1 1 standing 
2 1055 609 1130 835 23830 0 1 1 standing 
2 1056 610 1139 833 23831 0 1 1 standing 
2 1058 611 1148 831 23832 0 1 1 standing 
2 1059 612 1157 829 23833 0 1 1 standing 
2 1060 613 1166 827 23834 0 1 1 standing 
3 1090 630 1151 784 23815 0 0 0 standing 
3 1093 632 1159 781 23816 0 0 1 standing 
3 1096 634 1167 778 23817 0 0 1 standing 
3 1099 637 1175 775 23818 0 0 0 standing 
3 1105 637 1181 775 23819 0 0 1 standing 
3 1111 637 1187 775 23820 0 0 1 standing 
3 1117 638 1193 776 23821 0 0 0 standing 
3 1125 636 1201 774 23822 0 0 1 standing 
3 1133 634 1209 772 23823 0 0 1 standing 
3 1141 633 1217 771 23824 0 0 0 standing 
3 1144 630 1220 768 23825 0 0 1 standing 
3 1148 627 1224 765 23826 0 0 1 standing 
3 1152 624 1228 762 23827 0 0 0 standing 
3 1158 622 1233 756 23828 0 0 1 standing 
3 1164 621 1239 751 23829 0 0 1 standing 
3 1170 620 1245 746 23830 0 0 0 standing 
3 1175 623 1250 745 23831 0 0 1 standing 
3 1180 626 1255 744 23832 0 0 1 standing 
3 1185 629 1260 743 23833 0 0 1 standing 
3 1190 632 1265 742 23834 0 0 1 standing 
4 1355 736 1416 881 23815 0 0 0 standing 
4 1347 738 1409 879 23816 0 0 1 standing 
4 1339 740 1402 878 23817 0 0 1 standing 
4 1331 743 1396 877 23818 0 0 0 standing 
4 1322 744 1393 878 23819 0 0 1 standing 
4 1313 746 1390 879 23820 0 0 1 standing 
4 1304 748 1387 880 23821 0 0 0 standing 
4 1298 746 1389 880 23822 0 0 1 standing 
4 1292 744 1391 880 23823 0 0 1 standing 
4 1287 743 1393 880 23824 0 0 0 standing 
4 1282 740 1384 877 23825 0 0 1 standing 
4 1277 738 1375 874 23826 0 0 1 standing 
4 1272 736 1366 872 23827 0 0 0 standing 
4 1272 733 1359 871 23828 0 0 1 standing 
4 1273 730 1352 870 23829 0 0 1 standing 
4 1274 727 1345 870 23830 0 0 0 standing 
4 1270 729 1341 871 23831 0 0 1 standing 
4 1266 731 1337 872 23832 0 0 1 standing 
4 1262 733 1333 873 23833 0 0 1 standing 
4 1258 735 1329 874 23834 0 0 1 standing 
5 1062 697 1163 840 23815 0 0 0 standing 
5 1073 694 1169 839 23816 0 0 1 standing 
5 1084 691 1175 838 23817 0 0 1 standing 
5 1096 689 1181 838 23818 0 0 0 standing 
5 1102 688 1186 835 23819 0 0 1 standing 
5 1108 687 1192 832 23820 0 0 1 standing 
5 1115 686 1198 829 23821 0 0 0 standing 
5 1121 685 1204 826 23822 0 0 1 standing 
5 1127 684 1210 823 23823 0 0 1 standing 
5 1134 683 1216 820 23824 0 0 0 standing 
5 1142 681 1224 816 23825 0 0 1 standing 
5 1150 679 1232 812 23826 0 0 1 standing 
5 1159 677 1241 808 23827 0 0 0 standing 
5 1165 679 1255 812 23828 0 0 1 standing 
5 1171 681 1270 816 23829 0 0 1 standing 
5 1178 683 1285 820 23830 0 0 0 standing 
5 1183 687 1284 817 23831 0 0 1 standing 
5 1188 692 1283 814 23832 0 0 1 standing 
5 1194 696 1282 812 23833 0 0 1 standing 
5 1199 701 1281 809 23834 0 0 1 standing 
6 1185 532 1233 671 23815 0 0 0 standing 
6 1185 535 1233 674 23816 0 0 1 digging 
6 1186 538 1234 677 23817 0 0 1 digging 
6 1187 541 1235 680 23818 0 0 0 digging 
6 1183 546 1233 680 23819 0 0 1 digging 
6 1179 551 1231 681 23820 0 0 1 digging 
6 1176 557 1230 682 23821 0 0 0 digging 
6 1175 558 1235 681 23822 0 0 1 digging 
6 1174 559 1240 681 23823 0 0 1 digging 
6 1173 560 1245 681 23824 0 0 0 digging 
6 1175 558 1247 680 23825 0 0 1 digging 
6 1177 557 1249 680 23826 0 0 1 digging 
6 1180 556 1251 680 23827 0 0 0 digging 
6 1186 554 1248 678 23828 0 0 1 digging 
6 1192 552 1246 676 23829 0 0 1 digging 
6 1199 550 1244 674 23830 0 0 0 digging 
6 1193 552 1244 677 23831 0 0 1 digging 
6 1187 554 1244 681 23832 0 0 1 digging 
6 1181 556 1244 685 23833 0 0 1 digging 
6 1175 558 1244 689 23834 0 0 1 digging 
7 1396 652 1454 801 23815 0 0 0 digging 
7 1395 654 1455 801 23816 0 0 1 waiting 
7 1394 656 1457 801 23817 0 0 1 waiting 
7 1394 659 1459 802 23818 0 0 0 waiting 
7 1394 661 1461 804 23819 0 0 1 waiting 
7 1395 663 1463 806 23820 0 0 1 waiting 
7 1396 665 1466 808 23821 0 0 0 waiting 
7 1393 668 1468 809 23822 0 0 1 waiting 
7 1390 671 1471 810 23823 0 0 1 waiting 
7 1387 674 1474 812 23824 0 0 0 waiting 
7 1390 675 1477 811 23825 0 0 1 waiting 
7 1393 676 1480 810 23826 0 0 1 waiting 
7 1396 677 1483 810 23827 0 0 0 waiting 
7 1403 677 1488 809 23828 0 0 1 waiting 
7 1410 677 1494 808 23829 0 0 1 waiting 
7 1417 677 1500 808 23830 0 0 0 waiting 
7 1421 677 1505 810 23831 0 0 1 waiting 
7 1425 677 1510 813 23832 0 0 1 waiting 
7 1429 678 1515 816 23833 0 0 1 waiting 
7 1433 678 1520 819 23834 0 0 1 waiting 
8 921 600 1029 721 23815 0 0 0 waiting 
8 920 597 1014 713 23816 0 0 1 standing 
8 920 594 999 705 23817 0 0 1 standing 
8 920 592 985 697 23818 0 0 0 standing 
8 917 591 986 701 23819 0 0 1 standing 
8 914 590 987 705 23820 0 0 1 standing 
8 912 590 989 709 23821 0 0 0 standing 
8 903 590 988 707 23822 0 0 1 standing 
8 895 591 987 706 23823 0 0 1 standing 
8 887 592 986 705 23824 0 0 0 standing 
8 893 592 992 703 23825 0 0 1 standing 
8 899 592 999 701 23826 0 0 1 standing 
8 905 593 1006 700 23827 0 0 0 standing 
8 904 592 1009 697 23828 0 0 1 standing 
8 904 591 1013 695 23829 0 0 1 standing 
8 904 590 1017 693 23830 0 0 0 standing 
8 907 590 1021 694 23831 0 0 1 standing 
8 910 591 1025 695 23832 0 0 1 standing 
8 913 591 1029 697 23833 0 0 1 standing 
8 916 592 1033 698 23834 0 0 1 standing 
9 609 711 712 875 23815 0 0 0 standing 
9 615 708 717 874 23816 0 0 1 standing 
9 621 706 723 873 23817 0 0 1 standing 
9 627 704 729 872 23818 0 0 0 standing 
9 633 706 739 871 23819 0 0 1 standing 
9 640 708 749 870 23820 0 0 1 standing 
9 647 710 760 870 23821 0 0 0 standing 
9 652 708 767 869 23822 0 0 1 standing 
9 657 706 774 868 23823 0 0 1 standing 
9 662 704 781 867 23824 0 0 0 standing 
9 677 700 790 865 23825 0 0 1 standing 
9 692 697 799 863 23826 0 0 1 standing 
9 708 694 808 861 23827 0 0 0 standing 
9 729 693 819 850 23828 0 0 1 standing 
9 750 692 830 840 23829 0 0 1 standing 
9 772 691 841 830 23830 0 0 0 standing 
9 781 692 848 835 23831 0 0 1 standing 
9 791 693 856 841 23832 0 0 1 standing 
9 801 694 864 846 23833 0 0 1 standing 
9 811 695 872 852 23834 0 0 1 standing 
10 609 569 689 684 23815 0 0 0 standing 
10 612 568 693 683 23816 0 0 1 waiting 
10 616 567 697 682 23817 0 0 1 waiting 
10 620 566 702 681 23818 0 0 0 waiting 
10 622 565 706 680 23819 0 0 1 waiting 
10 624 565 710 679 23820 0 0 1 waiting 
10 627 565 715 678 23821 0 0 0 waiting 
10 632 565 721 676 23822 0 0 1 waiting 
10 637 565 728 675 23823 0 0 1 waiting 
10 642 566 735 674 23824 0 0 0 waiting 
10 649 563 742 674 23825 0 0 1 waiting 
10 657 560 750 675 23826 0 0 1 waiting 
10 665 557 758 676 23827 0 0 0 waiting 
10 671 556 768 673 23828 0 0 1 waiting 
10 677 556 779 670 23829 0 0 1 waiting 
10 683 556 790 668 23830 0 0 0 waiting 
10 688 558 794 667 23831 0 0 1 waiting 
10 694 561 799 666 23832 0 0 1 waiting 
10 700 563 803 665 23833 0 0 1 waiting 
10 706 566 808 664 23834 0 0 1 waiting 
11 407 612 480 772 23815 0 0 0 waiting 
11 412 610 485 770 23816 0 0 1 standing 
11 418 608 491 769 23817 0 0 1 standing 
11 424 607 497 768 23818 0 0 0 standing 
11 432 605 503 766 23819 0 0 1 standing 
11 440 603 509 764 23820 0 0 1 standing 
11 448 601 515 762 23821 0 0 0 standing 
11 459 599 527 757 23822 0 0 1 standing 
11 470 597 539 753 23823 0 0 1 standing 
11 481 595 551 749 23824 0 0 0 standing 
11 489 592 561 746 23825 0 0 1 standing 
11 497 589 571 744 23826 0 0 1 standing 
11 505 587 582 742 23827 0 0 0 standing 
11 512 587 589 742 23828 0 0 1 standing 
11 519 587 596 742 23829 0 0 1 standing 
11 527 587 603 742 23830 0 0 0 standing 
11 532 588 609 742 23831 0 0 1 standing 
11 537 589 616 742 23832 0 0 1 standing 
11 543 591 623 743 23833 0 0 1 standing 
11 548 592 630 743 23834 0 0 1 standing 
