0 575 297 644 431 15760 0 1 0 spiking 
0 581 295 646 429 15761 0 1 1 spiking 
0 587 294 648 427 15762 0 1 1 spiking 
0 593 292 650 425 15763 0 1 1 spiking 
0 599 291 652 424 15764 0 1 0 spiking 
0 601 289 654 422 15765 0 1 1 spiking 
0 604 288 656 421 15766 0 1 1 spiking 
0 607 286 658 419 15767 0 1 1 spiking 
0 610 285 660 418 15768 0 1 0 spiking 
0 597 288 652 420 15769 0 1 1 spiking 
0 584 292 645 422 15770 0 1 1 spiking 
0 571 296 637 424 15771 0 1 1 spiking 
0 558 300 630 427 15772 0 1 0 spiking 
0 545 305 615 431 15773 0 1 1 spiking 
0 533 310 600 435 15774 0 1 1 spiking 
0 521 315 586 439 15775 0 1 0 spiking 
0 520 320 583 443 15776 0 1 1 spiking 
0 520 326 581 448 15777 0 1 1 spiking 
0 520 332 578 453 15778 0 1 1 spiking 
0 520 338 576 458 15779 0 1 1 spiking 
1 740 362 779 490 15760 0 1 0 spiking 
1 738 351 778 489 15761 0 1 1 blocking 
1 737 341 777 489 15762 0 1 1 blocking 
1 735 330 776 489 15763 0 1 1 blocking 
1 734 320 776 489 15764 0 1 0 blocking 
1 732 316 775 482 15765 0 1 1 blocking 
1 731 313 775 475 15766 0 1 1 blocking 
1 729 310 775 468 15767 0 1 1 blocking 
1 728 307 775 461 15768 0 1 0 blocking 
1 712 304 762 458 15769 0 1 1 blocking 
1 696 302 749 455 15770 0 1 1 blocking 
1 680 300 736 452 15771 0 1 1 blocking 
1 665 298 724 449 15772 0 1 0 blocking 
1 653 302 712 452 15773 0 1 1 blocking 
1 642 306 701 456 15774 0 1 1 blocking 
1 630 310 690 459 15775 0 1 1 blocking 
1 619 315 679 463 15776 0 1 0 blocking 
1 616 319 681 466 15777 0 1 1 blocking 
1 613 323 684 470 15778 0 1 1 blocking 
1 610 327 687 474 15779 0 1 1 blocking 
2 746 310 787 467 15760 0 1 0 blocking 
2 743 307 784 464 15761 0 1 1 blocking 
2 740 305 782 461 15762 0 1 1 blocking 
2 738 302 780 459 15763 0 1 1 blocking 
2 735 300 778 456 15764 0 1 1 blocking 
2 733 297 776 454 15765 0 1 1 blocking 
2 730 295 774 451 15766 0 1 1 blocking 
2 728 293 772 449 15767 0 1 0 blocking 
2 714 292 758 447 15768 0 1 1 blocking 
2 700 291 745 446 15769 0 1 1 blocking 
2 687 290 732 445 15770 0 1 1 blocking 
2 673 289 719 444 15771 0 1 1 blocking 
2 660 288 706 443 15772 0 1 0 blocking 
2 650 292 696 446 15773 0 1 1 blocking 
2 641 296 686 450 15774 0 1 1 blocking 
2 632 300 676 453 15775 0 1 1 blocking 
2 623 304 666 457 15776 0 1 1 blocking 
2 613 308 656 461 15777 0 1 1 blocking 
2 604 312 646 464 15778 0 1 1 blocking 
2 595 316 636 468 15779 0 1 1 blocking 
3 1003 385 1063 501 15760 0 0 0 blocking 
3 1001 385 1060 500 15761 0 0 1 standing 
3 999 385 1058 499 15762 0 0 1 standing 
3 997 386 1056 498 15763 0 0 0 standing 
3 995 385 1055 497 15764 0 0 1 standing 
3 993 385 1055 497 15765 0 0 1 standing 
3 991 385 1055 497 15766 0 0 0 standing 
3 984 384 1048 496 15767 0 0 1 standing 
3 977 383 1042 495 15768 0 0 1 standing 
3 971 382 1036 495 15769 0 0 0 standing 
3 954 382 1019 495 15770 0 0 1 standing 
3 937 382 1002 495 15771 0 0 1 standing 
3 921 383 986 496 15772 0 0 0 standing 
3 903 383 967 494 15773 0 0 1 standing 
3 886 384 948 493 15774 0 0 1 standing 
3 869 385 929 492 15775 0 0 0 standing 
3 860 385 923 492 15776 0 0 1 standing 
3 852 386 917 493 15777 0 0 1 standing 
3 844 387 911 494 15778 0 0 1 standing 
3 836 388 905 495 15779 0 0 1 standing 
4 968 494 1040 620 15760 0 0 0 standing 
4 967 490 1039 619 15761 0 0 1 waiting 
4 967 486 1038 619 15762 0 0 1 waiting 
4 967 482 1038 619 15763 0 0 0 waiting 
4 967 482 1040 616 15764 0 0 1 waiting 
4 968 482 1042 614 15765 0 0 1 waiting 
4 969 482 1045 612 15766 0 0 0 waiting 
4 967 481 1044 611 15767 0 0 1 waiting 
4 965 481 1044 611 15768 0 0 1 waiting 
4 963 481 1044 611 15769 0 0 0 waiting 
4 952 481 1033 610 15770 0 0 1 waiting 
4 941 481 1022 609 15771 0 0 1 waiting 
4 931 482 1012 609 15772 0 0 0 waiting 
4 914 482 996 606 15773 0 0 1 waiting 
4 897 482 980 604 15774 0 0 1 waiting 
4 881 482 964 602 15775 0 0 0 waiting 
4 870 481 957 600 15776 0 0 1 waiting 
4 860 480 950 598 15777 0 0 1 waiting 
4 849 480 944 596 15778 0 0 1 waiting 
4 839 479 937 594 15779 0 0 1 waiting 
5 621 421 714 528 15760 0 0 0 waiting 
5 619 422 713 527 15761 0 0 1 waiting 
5 618 423 712 527 15762 0 0 1 waiting 
5 617 425 712 527 15763 0 0 0 waiting 
5 616 424 710 527 15764 0 0 1 waiting 
5 615 423 709 527 15765 0 0 1 waiting 
5 614 422 708 528 15766 0 0 0 waiting 
5 608 421 702 527 15767 0 0 1 waiting 
5 603 420 697 526 15768 0 0 1 waiting 
5 598 419 692 526 15769 0 0 0 waiting 
5 584 419 674 526 15770 0 0 1 waiting 
5 571 419 657 526 15771 0 0 1 waiting 
5 558 419 640 526 15772 0 0 0 waiting 
5 540 418 621 525 15773 0 0 1 waiting 
5 523 418 603 524 15774 0 0 1 waiting 
5 506 418 585 524 15775 0 0 0 waiting 
5 498 417 577 525 15776 0 0 1 waiting 
5 490 416 569 527 15777 0 0 1 waiting 
5 483 415 561 529 15778 0 0 0 waiting 
5 483 415 561 529 15779 0 0 1 waiting 
6 531 479 588 628 15760 0 0 0 waiting 
6 537 476 594 625 15761 0 0 1 standing 
6 543 473 600 623 15762 0 0 1 standing 
6 549 471 606 621 15763 0 0 0 standing 
6 553 469 614 618 15764 0 0 1 standing 
6 557 467 623 616 15765 0 0 1 standing 
6 562 466 632 614 15766 0 0 0 standing 
6 560 465 626 613 15767 0 0 1 standing 
6 558 464 620 612 15768 0 0 1 standing 
6 556 463 614 611 15769 0 0 0 standing 
6 543 460 601 608 15770 0 0 1 standing 
6 531 457 589 605 15771 0 0 1 standing 
6 519 454 577 602 15772 0 0 0 standing 
6 505 454 566 600 15773 0 0 1 standing 
6 492 454 555 599 15774 0 0 1 standing 
6 479 455 544 598 15775 0 0 0 standing 
6 477 453 542 596 15776 0 0 1 standing 
6 475 452 540 594 15777 0 0 1 standing 
6 474 450 539 593 15778 0 0 1 standing 
6 472 449 537 591 15779 0 0 1 standing 
7 495 403 565 509 15760 0 0 0 standing 
7 495 403 565 508 15761 0 0 1 waiting 
7 495 403 565 508 15762 0 0 1 waiting 
7 495 403 565 508 15763 0 0 0 waiting 
7 494 403 563 507 15764 0 0 1 waiting 
7 494 403 561 506 15765 0 0 1 waiting 
7 494 403 559 506 15766 0 0 0 waiting 
7 488 404 555 506 15767 0 0 1 waiting 
7 483 405 551 506 15768 0 0 1 waiting 
7 478 406 547 507 15769 0 0 0 waiting 
7 461 404 528 507 15770 0 0 1 waiting 
7 444 402 509 507 15771 0 0 1 waiting 
7 428 400 491 507 15772 0 0 0 waiting 
7 409 399 472 508 15773 0 0 1 waiting 
7 391 398 454 509 15774 0 0 1 waiting 
7 373 398 436 510 15775 0 0 0 waiting 
7 364 397 426 510 15776 0 0 1 waiting 
7 356 397 417 510 15777 0 0 1 waiting 
7 348 397 408 510 15778 0 0 0 waiting 
7 348 397 408 510 15779 0 0 1 waiting 
8 381 449 447 570 15760 0 0 0 waiting 
8 385 447 449 565 15761 0 0 1 standing 
8 390 445 451 560 15762 0 0 1 standing 
8 395 443 454 556 15763 0 0 0 standing 
8 401 440 456 555 15764 0 0 1 standing 
8 407 437 458 554 15765 0 0 1 standing 
8 413 434 460 554 15766 0 0 0 standing 
8 409 433 458 550 15767 0 0 1 standing 
8 406 432 457 547 15768 0 0 1 standing 
8 403 431 456 544 15769 0 0 0 standing 
8 388 433 447 546 15770 0 0 1 standing 
8 373 435 439 548 15771 0 0 1 standing 
8 359 437 431 550 15772 0 0 0 standing 
8 340 441 412 550 15773 0 0 1 standing 
8 322 445 393 551 15774 0 0 1 standing 
8 304 449 375 552 15775 0 0 0 standing 
8 294 449 367 552 15776 0 0 1 standing 
8 284 449 360 552 15777 0 0 1 standing 
8 275 450 353 552 15778 0 0 0 standing 
8 275 450 353 552 15779 0 0 1 standing 
9 345 366 398 493 15760 0 0 0 standing 
9 345 365 398 492 15761 0 0 1 standing 
9 346 365 399 491 15762 0 0 1 standing 
9 347 365 400 490 15763 0 0 0 standing 
9 350 363 401 490 15764 0 0 1 standing 
9 354 362 402 491 15765 0 0 1 standing 
9 358 361 403 492 15766 0 0 0 standing 
9 356 361 400 491 15767 0 0 1 standing 
9 354 361 397 491 15768 0 0 1 standing 
9 353 361 394 491 15769 0 0 0 standing 
9 339 364 385 493 15770 0 0 1 standing 
9 326 367 376 496 15771 0 0 1 standing 
9 313 370 367 499 15772 0 0 0 standing 
9 297 374 350 501 15773 0 0 1 standing 
9 281 378 333 503 15774 0 0 1 standing 
9 265 382 317 506 15775 0 0 0 standing 
9 254 382 307 505 15776 0 0 1 standing 
9 244 383 297 504 15777 0 0 1 standing 
9 234 384 287 504 15778 0 0 0 standing 
9 234 384 287 504 15779 0 0 1 standing 
10 736 419 823 528 15760 0 0 0 standing 
10 739 416 823 526 15761 0 0 1 standing 
10 742 414 823 524 15762 0 0 1 standing 
10 745 412 824 523 15763 0 0 0 standing 
10 757 410 827 523 15764 0 0 1 standing 
10 770 408 830 523 15765 0 0 1 standing 
10 783 406 834 524 15766 0 0 0 standing 
10 782 407 836 524 15767 0 0 1 standing 
10 782 408 839 525 15768 0 0 1 standing 
10 782 409 842 526 15769 0 0 0 standing 
10 770 411 835 524 15770 0 0 1 standing 
10 758 413 828 522 15771 0 0 1 standing 
10 746 415 821 521 15772 0 0 0 standing 
10 732 413 804 521 15773 0 0 1 standing 
10 718 411 787 521 15774 0 0 1 standing 
10 704 410 770 522 15775 0 0 0 standing 
10 698 409 758 521 15776 0 0 1 standing 
10 692 408 746 520 15777 0 0 1 standing 
10 686 407 734 520 15778 0 0 0 standing 
10 686 407 734 520 15779 0 0 1 standing 
11 1177 444 1263 565 15760 0 0 0 standing 
11 1179 444 1264 564 15761 0 0 1 standing 
11 1181 444 1265 563 15762 0 0 1 standing 
11 1184 445 1267 563 15763 0 0 0 standing 
11 1187 443 1266 563 15764 0 0 1 standing 
11 1190 441 1265 563 15765 0 0 1 standing 
11 1194 440 1265 563 15766 0 0 0 standing 
11 1191 440 1264 562 15767 0 0 1 standing 
11 1188 440 1263 561 15768 0 0 1 standing 
11 1186 440 1262 561 15769 0 0 0 standing 
11 1172 441 1248 560 15770 0 0 1 standing 
11 1158 443 1234 559 15771 0 0 1 standing 
11 1144 445 1220 558 15772 0 0 0 standing 
11 1127 445 1201 556 15773 0 0 1 standing 
11 1111 445 1182 555 15774 0 0 1 standing 
11 1095 446 1164 554 15775 0 0 0 standing 
11 1085 446 1155 554 15776 0 0 1 standing 
11 1076 446 1146 554 15777 0 0 1 standing 
11 1067 446 1138 554 15778 0 0 0 standing 
11 1067 446 1138 554 15779 0 0 1 standing 
