0 757 430 827 560 41995 0 1 0 spiking 
0 763 419 834 554 41996 0 1 1 spiking 
0 770 409 841 549 41997 0 1 1 spiking 
0 777 398 849 544 41998 0 1 1 spiking 
0 784 388 856 539 41999 0 1 1 spiking 
0 791 378 864 534 42000 0 1 0 spiking 
0 795 377 865 527 42001 0 1 1 spiking 
0 799 376 866 521 42002 0 1 1 spiking 
0 803 375 867 514 42003 0 1 1 spiking 
0 807 374 868 508 42004 0 1 1 spiking 
0 812 373 870 502 42005 0 1 0 spiking 
0 815 373 874 502 42006 0 1 1 spiking 
0 819 373 879 502 42007 0 1 1 spiking 
0 823 373 883 502 42008 0 1 1 spiking 
0 827 373 888 502 42009 0 1 0 spiking 
0 828 379 891 507 42010 0 1 1 spiking 
0 829 385 894 512 42011 0 1 1 spiking 
0 831 391 897 518 42012 0 1 1 spiking 
0 832 397 900 523 42013 0 1 1 spiking 
0 834 404 904 529 42014 0 1 0 spiking 
1 635 311 684 468 41995 0 1 0 spiking 
1 641 309 693 467 41996 0 1 1 blocking 
1 648 307 702 466 41997 0 1 1 blocking 
1 654 306 711 466 41998 0 1 1 blocking 
1 661 304 720 465 41999 0 1 1 blocking 
1 668 303 730 465 42000 0 1 0 blocking 
1 674 303 739 464 42001 0 1 1 blocking 
1 681 304 749 464 42002 0 1 1 blocking 
1 688 305 759 463 42003 0 1 1 blocking 
1 695 306 769 463 42004 0 1 1 blocking 
1 702 307 779 463 42005 0 1 0 blocking 
1 711 308 785 464 42006 0 1 1 blocking 
1 721 309 791 465 42007 0 1 1 blocking 
1 731 311 797 466 42008 0 1 1 blocking 
1 740 312 803 468 42009 0 1 1 blocking 
1 750 314 809 469 42010 0 1 1 blocking 
1 760 315 815 470 42011 0 1 1 blocking 
1 769 316 821 472 42012 0 1 1 blocking 
1 779 318 827 473 42013 0 1 1 blocking 
1 789 319 833 474 42014 0 1 1 blocking 
2 623 411 669 544 41995 0 1 0 blocking 
2 633 407 679 541 41996 0 1 1 blocking 
2 643 403 689 539 41997 0 1 1 blocking 
2 654 399 699 537 41998 0 1 1 blocking 
2 664 395 709 535 41999 0 1 1 blocking 
2 675 392 720 533 42000 0 1 0 blocking 
2 685 382 730 531 42001 0 1 1 blocking 
2 696 373 741 529 42002 0 1 1 blocking 
2 707 364 752 527 42003 0 1 1 blocking 
2 718 355 763 525 42004 0 1 1 blocking 
2 729 346 774 523 42005 0 1 0 blocking 
2 736 344 786 516 42006 0 1 1 blocking 
2 744 342 799 510 42007 0 1 1 blocking 
2 752 340 812 503 42008 0 1 1 blocking 
2 760 339 825 497 42009 0 1 0 blocking 
2 766 341 832 501 42010 0 1 1 blocking 
2 772 343 839 505 42011 0 1 1 blocking 
2 778 345 847 509 42012 0 1 0 blocking 
2 774 350 844 515 42013 0 1 1 blocking 
2 770 355 841 522 42014 0 1 1 blocking 
3 272 384 326 490 41995 0 0 0 blocking 
3 281 381 334 487 41996 0 0 1 standing 
3 290 379 343 485 41997 0 0 1 standing 
3 300 377 352 483 41998 0 0 0 standing 
3 311 376 363 482 41999 0 0 1 standing 
3 322 376 374 482 42000 0 0 1 standing 
3 333 376 385 482 42001 0 0 0 standing 
3 342 373 394 479 42002 0 0 1 standing 
3 352 370 403 476 42003 0 0 1 standing 
3 362 368 413 474 42004 0 0 0 standing 
3 372 365 422 471 42005 0 0 1 standing 
3 382 362 431 468 42006 0 0 1 standing 
3 393 360 441 465 42007 0 0 0 standing 
3 401 358 450 463 42008 0 0 1 standing 
3 409 356 459 462 42009 0 0 1 standing 
3 417 355 469 461 42010 0 0 0 standing 
3 423 354 475 460 42011 0 0 1 standing 
3 430 353 482 460 42012 0 0 1 standing 
3 437 352 489 460 42013 0 0 0 standing 
3 439 351 493 457 42014 0 0 1 standing 
4 307 440 376 537 41995 0 0 0 standing 
4 314 440 383 537 41996 0 0 1 standing 
4 321 440 390 538 41997 0 0 1 standing 
4 328 441 397 539 41998 0 0 0 standing 
4 334 440 401 537 41999 0 0 1 standing 
4 340 439 405 536 42000 0 0 1 standing 
4 347 438 410 535 42001 0 0 0 standing 
4 352 438 420 534 42002 0 0 1 standing 
4 357 438 430 533 42003 0 0 1 standing 
4 362 438 440 533 42004 0 0 0 standing 
4 367 438 447 537 42005 0 0 1 standing 
4 372 439 455 541 42006 0 0 1 standing 
4 377 440 463 546 42007 0 0 0 standing 
4 377 442 465 550 42008 0 0 1 standing 
4 377 444 467 554 42009 0 0 1 standing 
4 378 446 469 559 42010 0 0 0 standing 
4 384 447 471 558 42011 0 0 1 standing 
4 390 448 473 558 42012 0 0 1 standing 
4 397 450 475 558 42013 0 0 0 standing 
4 400 450 476 558 42014 0 0 1 standing 
5 399 335 462 425 41995 0 0 0 standing 
5 405 335 462 422 41996 0 0 1 waiting 
5 411 335 462 419 41997 0 0 1 waiting 
5 418 335 463 416 41998 0 0 0 waiting 
5 421 335 473 417 41999 0 0 1 waiting 
5 424 336 483 418 42000 0 0 1 waiting 
5 427 337 493 419 42001 0 0 0 waiting 
5 432 338 499 420 42002 0 0 1 waiting 
5 437 340 505 421 42003 0 0 1 waiting 
5 442 342 512 423 42004 0 0 0 waiting 
5 452 341 519 421 42005 0 0 1 waiting 
5 462 340 526 420 42006 0 0 1 waiting 
5 472 340 534 419 42007 0 0 0 waiting 
5 479 341 543 418 42008 0 0 1 waiting 
5 486 343 552 417 42009 0 0 1 waiting 
5 493 345 562 417 42010 0 0 0 waiting 
5 499 344 572 416 42011 0 0 1 waiting 
5 505 343 583 415 42012 0 0 1 waiting 
5 512 343 594 415 42013 0 0 1 waiting 
5 518 342 605 414 42014 0 0 1 waiting 
6 612 357 659 442 41995 0 0 0 waiting 
6 619 355 664 440 41996 0 0 1 digging 
6 627 353 670 439 41997 0 0 1 digging 
6 635 351 676 438 41998 0 0 0 digging 
6 639 347 683 432 41999 0 0 1 digging 
6 644 343 690 426 42000 0 0 1 digging 
6 649 340 698 421 42001 0 0 0 digging 
6 655 337 708 420 42002 0 0 1 digging 
6 662 334 719 419 42003 0 0 1 digging 
6 669 331 730 418 42004 0 0 0 digging 
6 670 329 725 416 42005 0 0 1 digging 
6 672 328 720 415 42006 0 0 1 digging 
6 674 327 715 414 42007 0 0 0 digging 
6 670 327 717 415 42008 0 0 1 digging 
6 667 327 719 417 42009 0 0 1 digging 
6 664 327 721 419 42010 0 0 0 digging 
6 661 327 725 418 42011 0 0 1 digging 
6 659 327 729 418 42012 0 0 1 digging 
6 657 327 733 418 42013 0 0 0 digging 
6 660 327 731 418 42014 0 0 1 digging 
7 694 315 775 437 41995 0 0 0 digging 
7 702 320 778 441 41996 0 0 1 spiking 
7 710 325 781 446 41997 0 0 1 spiking 
7 719 331 784 451 41998 0 0 0 spiking 
7 730 335 793 456 41999 0 0 1 spiking 
7 741 339 802 461 42000 0 0 1 spiking 
7 753 344 811 466 42001 0 0 0 spiking 
7 764 347 819 469 42002 0 0 1 spiking 
7 775 351 827 472 42003 0 0 1 spiking 
7 786 355 836 476 42004 0 0 0 spiking 
7 795 355 843 476 42005 0 0 1 spiking 
7 804 355 850 476 42006 0 0 1 spiking 
7 814 356 857 476 42007 0 0 0 spiking 
7 821 352 864 475 42008 0 0 1 spiking 
7 829 349 871 474 42009 0 0 1 spiking 
7 837 346 879 473 42010 0 0 0 spiking 
7 845 345 886 474 42011 0 0 1 spiking 
7 853 345 893 476 42012 0 0 1 spiking 
7 862 345 901 478 42013 0 0 0 spiking 
7 864 344 900 477 42014 0 0 1 spiking 
8 717 350 786 462 41995 0 0 0 spiking 
8 727 346 796 458 41996 0 0 1 standing 
8 737 343 806 454 41997 0 0 1 standing 
8 748 340 817 451 41998 0 0 0 standing 
8 761 337 828 447 41999 0 0 1 standing 
8 775 334 839 444 42000 0 0 1 standing 
8 789 331 850 441 42001 0 0 0 standing 
8 800 329 861 439 42002 0 0 1 standing 
8 811 327 872 437 42003 0 0 1 standing 
8 823 326 884 436 42004 0 0 0 standing 
8 832 327 898 434 42005 0 0 1 standing 
8 841 328 913 432 42006 0 0 1 standing 
8 850 330 928 430 42007 0 0 0 standing 
8 860 331 935 429 42008 0 0 1 standing 
8 871 333 943 428 42009 0 0 1 standing 
8 882 335 951 428 42010 0 0 0 standing 
8 888 335 957 428 42011 0 0 1 standing 
8 895 335 964 428 42012 0 0 1 standing 
8 902 335 971 428 42013 0 0 0 standing 
8 904 335 973 428 42014 0 0 1 standing 
9 847 388 921 500 41995 0 0 0 standing 
9 853 386 922 498 41996 0 0 1 standing 
9 859 384 924 496 41997 0 0 1 standing 
9 865 382 926 495 41998 0 0 0 standing 
9 863 380 930 495 41999 0 0 1 standing 
9 862 378 934 495 42000 0 0 1 standing 
9 861 377 939 496 42001 0 0 0 standing 
9 866 379 942 499 42002 0 0 1 standing 
9 872 381 945 503 42003 0 0 1 standing 
9 878 384 949 507 42004 0 0 0 standing 
9 883 383 954 508 42005 0 0 1 standing 
9 889 382 959 509 42006 0 0 1 standing 
9 895 382 964 511 42007 0 0 0 standing 
9 903 382 969 511 42008 0 0 1 standing 
9 912 382 974 512 42009 0 0 1 standing 
9 921 383 980 513 42010 0 0 0 standing 
9 926 382 985 512 42011 0 0 1 standing 
9 932 382 991 511 42012 0 0 1 standing 
9 938 382 997 511 42013 0 0 0 standing 
9 941 382 1000 512 42014 0 0 1 standing 
10 886 334 930 431 41995 0 0 0 standing 
10 896 332 939 431 41996 0 0 1 standing 
10 906 331 948 431 41997 0 0 1 standing 
10 916 330 958 431 41998 0 0 0 standing 
10 925 331 969 432 41999 0 0 1 standing 
10 934 333 981 433 42000 0 0 1 standing 
10 944 335 993 435 42001 0 0 0 standing 
10 955 336 1004 436 42002 0 0 1 standing 
10 966 337 1015 437 42003 0 0 1 standing 
10 978 338 1027 439 42004 0 0 0 standing 
10 988 337 1036 437 42005 0 0 1 standing 
10 998 336 1046 435 42006 0 0 1 standing 
10 1008 335 1056 433 42007 0 0 0 standing 
10 1020 335 1068 433 42008 0 0 1 standing 
10 1032 336 1080 434 42009 0 0 1 standing 
10 1044 337 1092 435 42010 0 0 0 standing 
10 1050 339 1099 437 42011 0 0 1 standing 
10 1056 341 1107 439 42012 0 0 1 standing 
10 1063 343 1115 442 42013 0 0 0 standing 
10 1067 345 1121 443 42014 0 0 1 standing 
11 866 298 940 378 41995 0 0 0 standing 
11 866 296 935 379 41996 0 0 1 moving 
11 866 294 930 380 41997 0 0 1 moving 
11 867 293 925 382 41998 0 0 0 moving 
11 867 292 927 381 41999 0 0 1 moving 
11 867 291 930 380 42000 0 0 1 moving 
11 867 290 933 380 42001 0 0 0 moving 
11 876 288 936 379 42002 0 0 1 moving 
11 885 286 939 378 42003 0 0 1 moving 
11 894 285 943 378 42004 0 0 0 moving 
11 896 285 948 378 42005 0 0 1 moving 
11 898 285 954 378 42006 0 0 1 moving 
11 900 286 960 379 42007 0 0 0 moving 
11 903 289 963 381 42008 0 0 1 moving 
11 907 292 966 384 42009 0 0 1 moving 
11 911 295 970 387 42010 0 0 0 moving 
11 917 296 973 391 42011 0 0 1 moving 
11 923 297 976 395 42012 0 0 1 moving 
11 930 299 980 400 42013 0 0 0 moving 
11 932 299 982 400 42014 0 0 1 moving 
