0 408 427 489 616 54700 0 1 0 jumping 
0 407 419 488 618 54701 0 1 1 jumping 
0 407 411 487 620 54702 0 1 1 jumping 
0 407 403 486 622 54703 0 1 0 jumping 
0 407 395 488 615 54704 0 1 1 jumping 
0 408 388 491 608 54705 0 1 1 jumping 
0 409 380 494 602 54706 0 1 1 jumping 
0 410 373 497 595 54707 0 1 1 jumping 
0 410 365 499 589 54708 0 1 1 jumping 
0 411 358 502 582 54709 0 1 1 jumping 
0 412 350 505 576 54710 0 1 1 jumping 
0 413 343 508 569 54711 0 1 1 jumping 
0 414 336 511 563 54712 0 1 0 jumping 
0 414 345 512 565 54713 0 1 1 jumping 
0 415 354 514 568 54714 0 1 1 jumping 
0 416 363 515 571 54715 0 1 1 jumping 
0 417 372 517 574 54716 0 1 0 jumping 
0 413 378 513 582 54717 0 1 1 jumping 
0 410 385 510 590 54718 0 1 1 jumping 
0 407 391 506 598 54719 0 1 1 jumping 
1 450 347 510 508 54700 0 0 0 jumping 
1 449 349 511 510 54701 0 0 1 standing 
1 449 352 512 512 54702 0 0 1 standing 
1 449 355 513 514 54703 0 0 1 standing 
1 449 358 514 517 54704 0 0 1 standing 
1 449 361 515 519 54705 0 0 1 standing 
1 449 363 516 521 54706 0 0 1 standing 
1 449 366 517 524 54707 0 0 1 standing 
1 449 369 518 526 54708 0 0 1 standing 
1 449 372 519 528 54709 0 0 1 standing 
1 449 375 520 531 54710 0 0 0 standing 
1 448 376 519 531 54711 0 0 1 standing 
1 447 377 518 531 54712 0 0 1 standing 
1 446 378 517 531 54713 0 0 1 standing 
1 446 379 516 531 54714 0 0 1 standing 
1 445 380 515 532 54715 0 0 1 standing 
1 444 381 514 532 54716 0 0 1 standing 
1 444 382 513 532 54717 0 0 1 standing 
1 443 383 512 532 54718 0 0 1 standing 
1 442 384 511 532 54719 0 0 1 standing 
2 365 282 435 410 54700 0 0 0 standing 
2 364 283 433 412 54701 0 0 1 standing 
2 364 284 432 415 54702 0 0 1 standing 
2 364 285 431 417 54703 0 0 1 standing 
2 363 287 430 420 54704 0 0 1 standing 
2 363 288 429 422 54705 0 0 1 standing 
2 363 289 427 425 54706 0 0 1 standing 
2 362 291 426 427 54707 0 0 1 standing 
2 362 292 425 430 54708 0 0 1 standing 
2 362 293 424 432 54709 0 0 1 standing 
2 362 295 423 435 54710 0 0 0 standing 
2 362 294 422 435 54711 0 0 1 standing 
2 362 294 422 436 54712 0 0 1 standing 
2 362 294 422 437 54713 0 0 1 standing 
2 362 293 422 437 54714 0 0 1 standing 
2 362 293 421 438 54715 0 0 1 standing 
2 362 293 421 439 54716 0 0 1 standing 
2 362 292 421 439 54717 0 0 1 standing 
2 362 292 421 440 54718 0 0 1 standing 
2 362 292 421 441 54719 0 0 0 standing 
3 200 412 287 571 54700 0 0 0 standing 
3 205 416 288 570 54701 0 0 1 standing 
3 211 420 290 570 54702 0 0 1 standing 
3 217 424 291 570 54703 0 0 1 standing 
3 223 428 293 570 54704 0 0 0 standing 
3 224 429 299 570 54705 0 0 1 standing 
3 225 430 306 570 54706 0 0 1 standing 
3 226 431 313 571 54707 0 0 1 standing 
3 227 432 320 571 54708 0 0 1 standing 
3 228 433 327 571 54709 0 0 1 standing 
3 229 435 334 572 54710 0 0 0 standing 
3 230 433 334 571 54711 0 0 1 standing 
3 232 432 334 571 54712 0 0 1 standing 
3 234 430 334 571 54713 0 0 1 standing 
3 236 429 334 571 54714 0 0 1 standing 
3 238 428 334 571 54715 0 0 1 standing 
3 239 426 334 571 54716 0 0 1 standing 
3 241 425 334 571 54717 0 0 1 standing 
3 243 423 334 571 54718 0 0 1 standing 
3 245 422 334 571 54719 0 0 1 standing 
4 220 359 288 494 54700 0 0 1 standing 
4 222 359 291 494 54701 0 0 1 standing 
4 224 360 295 495 54702 0 0 0 standing 
4 224 361 295 494 54703 0 0 1 standing 
4 224 362 296 494 54704 0 0 1 standing 
4 224 363 297 494 54705 0 0 1 standing 
4 224 364 298 493 54706 0 0 1 standing 
4 224 365 299 493 54707 0 0 1 standing 
4 224 366 300 493 54708 0 0 1 standing 
4 224 367 301 493 54709 0 0 0 standing 
4 224 367 301 492 54710 0 0 1 standing 
4 224 367 301 492 54711 0 0 1 standing 
4 224 367 301 492 54712 0 0 1 standing 
4 224 367 301 492 54713 0 0 1 standing 
4 224 367 301 492 54714 0 0 1 standing 
4 224 367 301 492 54715 0 0 1 standing 
4 224 367 301 492 54716 0 0 1 standing 
4 224 367 301 492 54717 0 0 1 standing 
4 224 367 301 492 54718 0 0 1 standing 
4 224 367 301 492 54719 0 0 1 standing 
5 114 310 193 447 54700 0 0 0 standing 
5 120 309 196 446 54701 0 0 1 standing 
5 126 309 200 445 54702 0 0 1 standing 
5 132 308 203 444 54703 0 0 1 standing 
5 139 308 207 444 54704 0 0 1 standing 
5 145 307 210 443 54705 0 0 1 standing 
5 151 307 214 442 54706 0 0 1 standing 
5 158 307 218 442 54707 0 0 0 standing 
5 160 307 222 442 54708 0 0 1 standing 
5 162 307 226 442 54709 0 0 1 standing 
5 164 307 231 443 54710 0 0 0 standing 
5 164 307 233 444 54711 0 0 1 standing 
5 165 307 235 445 54712 0 0 1 standing 
5 166 308 237 446 54713 0 0 1 standing 
5 166 308 239 447 54714 0 0 1 standing 
5 167 309 241 448 54715 0 0 1 standing 
5 168 309 243 449 54716 0 0 1 standing 
5 169 310 245 451 54717 0 0 0 standing 
5 174 310 245 450 54718 0 0 1 standing 
5 179 310 245 449 54719 0 0 1 standing 
6 559 343 632 476 54700 0 0 1 standing 
6 557 347 636 478 54701 0 0 0 standing 
6 557 350 641 479 54702 0 0 1 standing 
6 557 353 646 481 54703 0 0 1 standing 
6 557 357 652 483 54704 0 0 1 standing 
6 557 360 657 485 54705 0 0 1 standing 
6 557 363 662 487 54706 0 0 1 standing 
6 557 367 668 489 54707 0 0 0 standing 
6 558 367 672 491 54708 0 0 1 standing 
6 559 368 676 493 54709 0 0 1 standing 
6 560 369 681 496 54710 0 0 1 standing 
6 561 370 685 498 54711 0 0 1 standing 
6 563 371 690 501 54712 0 0 0 standing 
6 570 369 692 501 54713 0 0 1 standing 
6 577 368 694 501 54714 0 0 1 standing 
6 584 367 696 502 54715 0 0 1 standing 
6 591 366 698 502 54716 0 0 1 standing 
6 599 365 700 503 54717 0 0 0 standing 
6 604 370 704 504 54718 0 0 1 standing 
6 609 375 708 506 54719 0 0 1 standing 
7 782 471 930 629 54700 0 1 0 standing 
7 778 470 921 629 54701 0 1 1 standing 
7 774 470 913 630 54702 0 1 1 standing 
7 770 469 905 630 54703 0 1 1 standing 
7 766 469 897 631 54704 0 1 0 standing 
7 759 468 881 632 54705 0 1 1 standing 
7 753 468 866 634 54706 0 1 1 standing 
7 746 467 851 635 54707 0 1 1 standing 
7 740 467 836 637 54708 0 1 0 standing 
7 730 467 828 638 54709 0 1 1 standing 
7 721 467 821 639 54710 0 1 1 standing 
7 711 467 814 640 54711 0 1 1 standing 
7 702 467 807 641 54712 0 1 0 standing 
7 693 463 804 642 54713 0 1 1 standing 
7 684 460 801 643 54714 0 1 1 standing 
7 676 456 799 644 54715 0 1 1 standing 
7 667 453 796 645 54716 0 1 1 standing 
7 659 450 794 646 54717 0 1 0 standing 
7 654 446 789 644 54718 0 1 1 standing 
7 649 442 785 642 54719 0 1 1 standing 
8 559 295 615 426 54700 0 0 0 standing 
8 558 297 620 427 54701 0 0 1 standing 
8 558 300 625 429 54702 0 0 1 standing 
8 557 303 630 431 54703 0 0 1 standing 
8 557 306 635 433 54704 0 0 0 standing 
8 557 307 637 435 54705 0 0 1 standing 
8 557 309 639 437 54706 0 0 1 standing 
8 558 310 641 439 54707 0 0 1 standing 
8 558 312 643 441 54708 0 0 1 standing 
8 558 313 645 443 54709 0 0 1 standing 
8 559 315 648 446 54710 0 0 0 standing 
8 564 314 652 444 54711 0 0 1 standing 
8 570 313 657 443 54712 0 0 1 standing 
8 576 312 662 442 54713 0 0 1 standing 
8 581 311 666 441 54714 0 0 1 standing 
8 587 310 671 440 54715 0 0 1 standing 
8 593 310 676 439 54716 0 0 0 standing 
8 595 311 679 442 54717 0 0 1 standing 
8 598 312 683 445 54718 0 0 1 standing 
8 601 313 687 448 54719 0 0 1 standing 
9 770 443 860 571 54700 0 0 1 standing 
9 769 445 859 572 54701 0 0 0 standing 
9 769 446 858 574 54702 0 0 1 standing 
9 770 447 857 577 54703 0 0 1 standing 
9 771 448 857 580 54704 0 0 0 standing 
9 772 446 861 580 54705 0 0 1 standing 
9 773 444 866 580 54706 0 0 1 standing 
9 774 442 871 580 54707 0 0 0 standing 
9 782 440 875 579 54708 0 0 1 standing 
9 790 439 879 579 54709 0 0 1 standing 
9 798 438 883 579 54710 0 0 0 standing 
9 808 437 888 580 54711 0 0 1 standing 
9 818 436 894 581 54712 0 0 1 standing 
9 829 436 900 583 54713 0 0 0 standing 
9 835 438 911 584 54714 0 0 1 standing 
9 842 440 922 585 54715 0 0 1 standing 
9 849 442 933 586 54716 0 0 1 standing 
9 856 445 945 587 54717 0 0 0 standing 
9 856 447 944 587 54718 0 0 1 standing 
9 856 450 944 587 54719 0 0 1 standing 
10 937 372 1009 521 54700 0 0 0 standing 
10 936 373 1008 522 54701 0 0 1 standing 
10 935 374 1007 523 54702 0 0 1 standing 
10 934 375 1006 524 54703 0 0 1 standing 
10 933 376 1005 525 54704 0 0 1 standing 
10 932 377 1004 526 54705 0 0 1 standing 
10 931 378 1003 527 54706 0 0 0 standing 
10 929 377 1001 526 54707 0 0 1 standing 
10 927 376 999 525 54708 0 0 1 standing 
10 925 375 997 524 54709 0 0 1 standing 
10 923 375 995 524 54710 0 0 0 standing 
10 918 373 989 525 54711 0 0 1 standing 
10 913 371 984 526 54712 0 0 1 standing 
10 908 370 979 528 54713 0 0 0 standing 
10 903 373 975 529 54714 0 0 1 standing 
10 898 376 971 530 54715 0 0 1 standing 
10 893 379 967 531 54716 0 0 1 standing 
10 889 383 963 532 54717 0 0 1 standing 
10 884 386 959 533 54718 0 0 1 standing 
10 879 389 955 534 54719 0 0 1 standing 
11 837 329 898 456 54700 0 0 1 standing 
11 841 330 901 457 54701 0 0 0 standing 
11 842 331 905 459 54702 0 0 1 standing 
11 843 332 909 462 54703 0 0 1 standing 
11 844 334 913 464 54704 0 0 1 standing 
11 845 335 917 467 54705 0 0 1 standing 
11 846 337 922 470 54706 0 0 0 standing 
11 845 338 922 470 54707 0 0 1 standing 
11 844 339 923 470 54708 0 0 1 standing 
11 843 340 923 470 54709 0 0 1 standing 
11 842 342 924 471 54710 0 0 0 standing 
11 842 340 925 471 54711 0 0 1 standing 
11 842 339 926 471 54712 0 0 1 standing 
11 843 337 928 471 54713 0 0 1 standing 
11 843 336 929 471 54714 0 0 1 standing 
11 844 335 931 472 54715 0 0 0 standing 
11 847 336 933 471 54716 0 0 1 standing 
11 850 337 935 471 54717 0 0 1 standing 
11 854 338 937 470 54718 0 0 1 standing 
11 857 339 939 470 54719 0 0 1 standing 
