0 235 447 295 556 30560 0 0 0 standing 
0 235 446 294 556 30561 0 0 1 standing 
0 235 446 294 557 30562 0 0 1 standing 
0 236 445 294 557 30563 0 0 1 standing 
0 236 445 293 558 30564 0 0 1 standing 
0 237 445 293 558 30565 0 0 1 standing 
0 237 444 293 559 30566 0 0 1 standing 
0 238 444 292 559 30567 0 0 1 standing 
0 238 444 292 560 30568 0 0 1 standing 
0 239 443 292 560 30569 0 0 1 standing 
0 239 443 292 561 30570 0 0 1 standing 
0 239 443 291 561 30571 0 0 1 standing 
0 240 442 291 562 30572 0 0 1 standing 
0 240 442 291 562 30573 0 0 1 standing 
0 241 442 290 563 30574 0 0 1 standing 
0 241 441 290 563 30575 0 0 1 standing 
0 242 441 290 564 30576 0 0 1 standing 
0 242 441 289 564 30577 0 0 1 standing 
0 243 440 289 565 30578 0 0 1 standing 
0 243 440 289 565 30579 0 0 1 standing 
1 289 485 364 593 30560 0 0 0 standing 
1 290 485 363 592 30561 0 0 1 falling 
1 291 485 362 592 30562 0 0 1 falling 
1 292 485 362 592 30563 0 0 1 falling 
1 294 485 361 592 30564 0 0 1 falling 
1 295 485 361 592 30565 0 0 1 falling 
1 296 485 360 592 30566 0 0 1 falling 
1 298 485 359 592 30567 0 0 1 falling 
1 299 485 359 592 30568 0 0 1 falling 
1 300 485 358 592 30569 0 0 1 falling 
1 302 485 358 592 30570 0 0 0 falling 
1 301 483 357 592 30571 0 0 1 falling 
1 300 482 356 593 30572 0 0 1 falling 
1 300 480 355 594 30573 0 0 1 falling 
1 299 479 355 595 30574 0 0 1 falling 
1 299 477 354 596 30575 0 0 1 falling 
1 298 476 353 596 30576 0 0 1 falling 
1 297 474 353 597 30577 0 0 1 falling 
1 297 473 352 598 30578 0 0 1 falling 
1 296 471 351 599 30579 0 0 1 falling 
2 309 497 420 545 30560 0 0 0 falling 
2 312 496 420 544 30561 0 0 1 falling 
2 315 496 420 544 30562 0 0 1 falling 
2 319 496 420 543 30563 0 0 1 falling 
2 322 495 420 543 30564 0 0 1 falling 
2 326 495 420 543 30565 0 0 1 falling 
2 329 495 420 542 30566 0 0 1 falling 
2 332 494 420 542 30567 0 0 1 falling 
2 336 494 420 541 30568 0 0 1 falling 
2 339 494 420 541 30569 0 0 1 falling 
2 343 494 420 541 30570 0 0 0 falling 
2 343 492 418 540 30571 0 0 1 falling 
2 343 491 416 540 30572 0 0 1 falling 
2 343 490 414 540 30573 0 0 1 falling 
2 343 489 412 540 30574 0 0 1 falling 
2 343 488 411 540 30575 0 0 1 falling 
2 343 487 409 540 30576 0 0 1 falling 
2 343 486 407 540 30577 0 0 1 falling 
2 343 485 405 540 30578 0 0 1 falling 
2 343 484 403 540 30579 0 0 1 falling 
3 425 504 502 582 30560 0 0 0 falling 
3 425 504 502 582 30561 0 0 1 falling 
3 425 504 502 582 30562 0 0 1 falling 
3 425 504 502 582 30563 0 0 1 falling 
3 425 504 502 582 30564 0 0 1 falling 
3 425 504 502 582 30565 0 0 1 falling 
3 425 504 502 582 30566 0 0 1 falling 
3 425 504 502 582 30567 0 0 1 falling 
3 425 504 502 582 30568 0 0 1 falling 
3 425 504 502 582 30569 0 0 1 falling 
3 425 504 502 582 30570 0 0 1 falling 
3 425 504 502 582 30571 0 0 1 falling 
3 425 504 502 582 30572 0 0 1 falling 
3 425 504 502 582 30573 0 0 1 falling 
3 425 504 502 582 30574 0 0 1 falling 
3 425 504 502 582 30575 0 0 1 falling 
3 425 504 502 582 30576 0 0 1 falling 
3 425 504 502 582 30577 0 0 1 falling 
3 425 504 502 582 30578 0 0 1 falling 
3 425 504 502 582 30579 0 0 1 falling 
4 512 451 575 575 30560 0 0 0 falling 
4 510 452 570 575 30561 0 0 1 standing 
4 508 453 566 576 30562 0 0 1 standing 
4 507 454 561 577 30563 0 0 1 standing 
4 505 455 557 578 30564 0 0 1 standing 
4 504 456 552 579 30565 0 0 1 standing 
4 502 457 548 580 30566 0 0 1 standing 
4 500 458 543 581 30567 0 0 1 standing 
4 499 459 539 582 30568 0 0 1 standing 
4 497 460 534 583 30569 0 0 1 standing 
4 496 461 530 584 30570 0 0 0 standing 
4 495 460 528 584 30571 0 0 1 standing 
4 494 460 527 585 30572 0 0 1 standing 
4 493 459 526 586 30573 0 0 1 standing 
4 492 459 525 586 30574 0 0 1 standing 
4 491 459 524 587 30575 0 0 1 standing 
4 490 458 523 588 30576 0 0 1 standing 
4 489 458 522 588 30577 0 0 1 standing 
4 488 457 521 589 30578 0 0 1 standing 
4 487 457 520 590 30579 0 0 1 standing 
5 505 415 543 536 30560 0 0 0 standing 
5 501 415 540 536 30561 0 0 1 standing 
5 498 416 537 537 30562 0 0 1 standing 
5 495 417 534 538 30563 0 0 1 standing 
5 492 418 531 539 30564 0 0 1 standing 
5 489 419 528 540 30565 0 0 1 standing 
5 485 420 525 540 30566 0 0 1 standing 
5 482 421 522 541 30567 0 0 1 standing 
5 479 422 519 542 30568 0 0 1 standing 
5 476 423 516 543 30569 0 0 1 standing 
5 473 424 514 544 30570 0 0 0 standing 
5 471 423 512 543 30571 0 0 1 standing 
5 469 423 510 543 30572 0 0 1 standing 
5 467 423 508 543 30573 0 0 1 standing 
5 465 422 506 542 30574 0 0 1 standing 
5 463 422 504 542 30575 0 0 1 standing 
5 461 422 502 542 30576 0 0 1 standing 
5 459 421 500 541 30577 0 0 1 standing 
5 457 421 498 541 30578 0 0 1 standing 
5 455 421 496 541 30579 0 0 1 standing 
6 732 451 774 578 30560 0 1 0 standing 
6 734 450 776 577 30561 0 1 1 standing 
6 737 450 779 577 30562 0 1 1 standing 
6 739 449 781 576 30563 0 1 1 standing 
6 742 449 784 576 30564 0 1 1 standing 
6 745 448 787 575 30565 0 1 1 standing 
6 747 448 789 575 30566 0 1 1 standing 
6 750 447 792 574 30567 0 1 1 standing 
6 752 447 794 574 30568 0 1 1 standing 
6 755 446 797 573 30569 0 1 1 standing 
6 758 446 800 573 30570 0 1 0 standing 
6 759 445 801 572 30571 0 1 1 standing 
6 761 445 803 572 30572 0 1 1 standing 
6 763 445 805 572 30573 0 1 1 standing 
6 764 444 806 571 30574 0 1 1 standing 
6 766 444 808 571 30575 0 1 1 standing 
6 768 444 810 571 30576 0 1 1 standing 
6 769 443 811 570 30577 0 1 1 standing 
6 771 443 813 570 30578 0 1 1 standing 
6 773 443 815 570 30579 0 1 1 standing 
7 740 431 779 544 30560 0 1 0 standing 
7 741 431 780 544 30561 0 1 1 standing 
7 742 431 781 544 30562 0 1 1 standing 
7 743 431 782 544 30563 0 1 1 standing 
7 744 432 783 545 30564 0 1 1 standing 
7 745 432 784 545 30565 0 1 1 standing 
7 746 432 785 545 30566 0 1 1 standing 
7 747 433 786 546 30567 0 1 1 standing 
7 748 433 787 546 30568 0 1 1 standing 
7 749 433 788 546 30569 0 1 1 standing 
7 750 434 789 547 30570 0 1 0 standing 
7 751 435 790 548 30571 0 1 1 standing 
7 753 437 792 550 30572 0 1 1 standing 
7 755 438 794 551 30573 0 1 1 standing 
7 756 440 795 553 30574 0 1 1 standing 
7 758 442 797 555 30575 0 1 1 standing 
7 760 443 799 556 30576 0 1 1 standing 
7 761 445 800 558 30577 0 1 1 standing 
7 763 446 802 559 30578 0 1 1 standing 
7 765 448 804 561 30579 0 1 1 standing 
8 749 418 784 533 30560 0 1 0 standing 
8 749 418 784 533 30561 0 1 1 standing 
8 749 419 784 534 30562 0 1 1 standing 
8 750 420 785 535 30563 0 1 1 standing 
8 750 420 785 535 30564 0 1 1 standing 
8 751 421 786 536 30565 0 1 1 standing 
8 751 422 786 537 30566 0 1 1 standing 
8 752 422 787 537 30567 0 1 1 standing 
8 752 423 787 538 30568 0 1 1 standing 
8 753 424 788 539 30569 0 1 1 standing 
8 753 425 788 540 30570 0 1 1 standing 
8 753 425 788 540 30571 0 1 1 standing 
8 754 426 789 541 30572 0 1 1 standing 
8 754 427 789 542 30573 0 1 1 standing 
8 755 427 790 542 30574 0 1 1 standing 
8 755 428 790 543 30575 0 1 1 standing 
8 756 429 791 544 30576 0 1 1 standing 
8 756 429 791 544 30577 0 1 1 standing 
8 757 430 792 545 30578 0 1 1 standing 
8 757 431 792 546 30579 0 1 1 standing 
9 781 424 828 543 30560 0 1 0 standing 
9 781 425 828 544 30561 0 1 1 standing 
9 782 426 829 545 30562 0 1 1 standing 
9 782 427 829 546 30563 0 1 1 standing 
9 783 428 830 547 30564 0 1 1 standing 
9 784 429 831 548 30565 0 1 1 standing 
9 784 430 831 549 30566 0 1 1 standing 
9 785 431 832 550 30567 0 1 1 standing 
9 785 432 832 551 30568 0 1 1 standing 
9 786 433 833 552 30569 0 1 1 standing 
9 787 434 834 553 30570 0 1 0 standing 
9 787 434 834 553 30571 0 1 1 standing 
9 787 434 834 553 30572 0 1 1 standing 
9 787 434 834 553 30573 0 1 1 standing 
9 787 434 834 553 30574 0 1 1 standing 
9 787 434 834 553 30575 0 1 1 standing 
9 787 434 834 553 30576 0 1 1 standing 
9 787 434 834 553 30577 0 1 1 standing 
9 787 434 834 553 30578 0 1 1 standing 
9 787 434 834 553 30579 0 1 1 standing 
10 809 460 864 594 30560 0 1 0 standing 
10 808 459 862 593 30561 0 1 1 standing 
10 807 458 860 592 30562 0 1 1 standing 
10 806 457 859 591 30563 0 1 1 standing 
10 805 457 857 590 30564 0 1 1 standing 
10 805 456 856 590 30565 0 1 1 standing 
10 804 455 854 589 30566 0 1 1 standing 
10 803 455 852 588 30567 0 1 1 standing 
10 802 454 851 587 30568 0 1 1 standing 
10 801 453 849 586 30569 0 1 1 standing 
10 801 453 848 586 30570 0 1 0 standing 
10 800 452 847 584 30571 0 1 1 standing 
10 800 451 847 582 30572 0 1 1 standing 
10 800 450 846 580 30573 0 1 1 standing 
10 799 449 846 578 30574 0 1 1 standing 
10 799 449 846 576 30575 0 1 1 standing 
10 799 448 845 574 30576 0 1 1 standing 
10 798 447 845 572 30577 0 1 1 standing 
10 798 446 844 570 30578 0 1 1 standing 
10 798 445 844 568 30579 0 1 1 standing 
11 828 435 881 556 30560 0 1 0 standing 
11 827 434 878 555 30561 0 1 1 standing 
11 826 434 876 555 30562 0 1 1 standing 
11 825 434 873 554 30563 0 1 1 standing 
11 824 433 871 554 30564 0 1 1 standing 
11 824 433 869 554 30565 0 1 1 standing 
11 823 433 866 553 30566 0 1 1 standing 
11 822 432 864 553 30567 0 1 1 standing 
11 821 432 861 552 30568 0 1 1 standing 
11 820 432 859 552 30569 0 1 1 standing 
11 820 432 857 552 30570 0 1 0 standing 
11 818 432 855 552 30571 0 1 1 standing 
11 817 432 854 552 30572 0 1 1 standing 
11 816 432 853 552 30573 0 1 1 standing 
11 815 433 852 553 30574 0 1 1 standing 
11 814 433 851 553 30575 0 1 1 standing 
11 813 433 850 553 30576 0 1 1 standing 
11 812 434 849 554 30577 0 1 1 standing 
11 811 434 848 554 30578 0 1 1 standing 
11 810 434 847 554 30579 0 1 1 standing 
