0 0 375 37 519 28785 0 0 0 standing 
0 3 374 43 518 28786 0 0 1 standing 
0 7 374 50 518 28787 0 0 1 standing 
0 10 373 57 517 28788 0 0 1 standing 
0 14 373 64 517 28789 0 0 1 standing 
0 17 373 71 517 28790 0 0 1 standing 
0 21 372 77 516 28791 0 0 1 standing 
0 24 372 84 516 28792 0 0 1 standing 
0 28 371 91 515 28793 0 0 1 standing 
0 31 371 98 515 28794 0 0 1 standing 
0 35 371 105 515 28795 0 0 0 standing 
0 40 368 107 512 28796 0 0 1 standing 
0 45 365 110 509 28797 0 0 1 standing 
0 50 362 113 506 28798 0 0 1 standing 
0 55 359 116 503 28799 0 0 1 standing 
0 60 357 119 501 28800 0 0 1 standing 
0 65 354 121 498 28801 0 0 1 standing 
0 70 351 124 495 28802 0 0 1 standing 
0 75 348 127 492 28803 0 0 1 standing 
0 80 345 130 489 28804 0 0 1 standing 
1 151 369 210 509 28785 0 0 0 standing 
1 151 369 210 509 28786 0 0 1 standing 
1 151 369 210 509 28787 0 0 1 standing 
1 151 369 210 509 28788 0 0 1 standing 
1 151 369 210 509 28789 0 0 1 standing 
1 151 369 210 509 28790 0 0 1 standing 
1 151 369 210 509 28791 0 0 1 standing 
1 151 369 210 509 28792 0 0 1 standing 
1 151 369 210 509 28793 0 0 0 standing 
1 149 368 209 508 28794 0 0 1 standing 
1 148 367 208 508 28795 0 0 1 standing 
1 147 366 207 508 28796 0 0 1 standing 
1 146 365 206 508 28797 0 0 1 standing 
1 145 364 205 507 28798 0 0 1 standing 
1 144 363 204 507 28799 0 0 1 standing 
1 143 362 203 507 28800 0 0 1 standing 
1 142 361 202 507 28801 0 0 1 standing 
1 141 360 201 506 28802 0 0 1 standing 
1 140 359 200 506 28803 0 0 1 standing 
1 139 358 199 506 28804 0 0 1 standing 
2 277 445 342 603 28785 0 0 0 standing 
2 275 442 341 602 28786 0 0 1 standing 
2 274 440 340 602 28787 0 0 1 standing 
2 273 437 339 601 28788 0 0 1 standing 
2 272 435 339 601 28789 0 0 1 standing 
2 271 433 338 600 28790 0 0 1 standing 
2 270 430 337 600 28791 0 0 1 standing 
2 269 428 336 599 28792 0 0 1 standing 
2 268 426 336 599 28793 0 0 0 standing 
2 265 425 332 598 28794 0 0 1 standing 
2 262 424 328 597 28795 0 0 1 standing 
2 259 423 325 596 28796 0 0 1 standing 
2 256 422 321 595 28797 0 0 1 standing 
2 253 421 317 594 28798 0 0 1 standing 
2 250 421 314 593 28799 0 0 1 standing 
2 247 420 310 592 28800 0 0 1 standing 
2 244 419 306 591 28801 0 0 1 standing 
2 241 418 303 590 28802 0 0 1 standing 
2 238 417 299 589 28803 0 0 1 standing 
2 235 416 295 588 28804 0 0 1 standing 
3 211 407 276 562 28785 0 0 0 standing 
3 222 405 287 560 28786 0 0 1 standing 
3 234 404 299 559 28787 0 0 1 standing 
3 245 403 310 557 28788 0 0 1 standing 
3 257 402 322 556 28789 0 0 1 standing 
3 268 400 333 554 28790 0 0 1 standing 
3 280 399 345 553 28791 0 0 1 standing 
3 291 398 356 551 28792 0 0 1 standing 
3 303 397 368 550 28793 0 0 0 standing 
3 309 397 374 551 28794 0 0 1 standing 
3 315 398 380 552 28795 0 0 1 standing 
3 321 399 386 553 28796 0 0 1 standing 
3 327 400 392 554 28797 0 0 1 standing 
3 333 401 398 555 28798 0 0 1 standing 
3 339 402 404 556 28799 0 0 1 standing 
3 345 402 410 557 28800 0 0 1 standing 
3 351 403 416 558 28801 0 0 1 standing 
3 357 404 422 559 28802 0 0 1 standing 
3 363 405 428 560 28803 0 0 1 standing 
3 369 406 434 561 28804 0 0 1 standing 
4 359 357 407 498 28785 0 0 0 standing 
4 363 357 412 498 28786 0 0 1 standing 
4 368 357 417 499 28787 0 0 1 standing 
4 372 357 422 500 28788 0 0 1 standing 
4 377 357 427 501 28789 0 0 1 standing 
4 382 357 432 502 28790 0 0 1 standing 
4 386 357 437 503 28791 0 0 1 standing 
4 391 357 442 504 28792 0 0 1 standing 
4 395 357 447 505 28793 0 0 1 standing 
4 400 357 452 506 28794 0 0 1 standing 
4 405 358 457 507 28795 0 0 0 standing 
4 408 357 459 507 28796 0 0 1 standing 
4 412 357 461 508 28797 0 0 1 standing 
4 416 357 464 509 28798 0 0 1 standing 
4 420 357 466 509 28799 0 0 1 standing 
4 424 357 469 510 28800 0 0 1 standing 
4 428 357 471 511 28801 0 0 1 standing 
4 432 357 473 511 28802 0 0 1 standing 
4 436 357 476 512 28803 0 0 1 standing 
4 440 357 478 513 28804 0 0 1 standing 
5 375 337 422 477 28785 0 0 0 standing 
5 378 337 427 477 28786 0 0 1 standing 
5 382 337 433 477 28787 0 0 1 standing 
5 386 337 438 477 28788 0 0 1 standing 
5 390 337 444 477 28789 0 0 1 standing 
5 393 337 450 477 28790 0 0 1 standing 
5 397 337 455 477 28791 0 0 1 standing 
5 401 337 461 477 28792 0 0 1 standing 
5 405 337 467 478 28793 0 0 0 standing 
5 408 337 469 478 28794 0 0 1 standing 
5 412 337 471 478 28795 0 0 1 standing 
5 415 338 473 479 28796 0 0 1 standing 
5 419 338 475 479 28797 0 0 1 standing 
5 422 338 477 479 28798 0 0 1 standing 
5 426 339 479 480 28799 0 0 1 standing 
5 430 339 481 480 28800 0 0 1 standing 
5 433 339 483 480 28801 0 0 1 standing 
5 437 340 485 481 28802 0 0 1 standing 
5 440 340 487 481 28803 0 0 1 standing 
5 444 340 489 481 28804 0 0 1 standing 
6 455 450 538 615 28785 0 0 0 standing 
6 463 450 546 615 28786 0 0 1 standing 
6 471 450 554 615 28787 0 0 1 standing 
6 479 450 562 616 28788 0 0 1 standing 
6 488 450 571 616 28789 0 0 1 standing 
6 496 450 579 616 28790 0 0 1 standing 
6 504 450 587 617 28791 0 0 1 standing 
6 512 450 595 617 28792 0 0 1 standing 
6 521 451 604 618 28793 0 0 0 standing 
6 531 451 612 619 28794 0 0 1 standing 
6 541 451 621 620 28795 0 0 1 standing 
6 551 452 630 621 28796 0 0 1 standing 
6 561 452 639 622 28797 0 0 1 standing 
6 571 452 648 623 28798 0 0 1 standing 
6 581 453 657 624 28799 0 0 1 standing 
6 591 453 665 625 28800 0 0 1 standing 
6 601 453 674 626 28801 0 0 1 standing 
6 611 454 683 627 28802 0 0 1 standing 
6 621 454 692 628 28803 0 0 1 standing 
6 631 454 701 629 28804 0 0 1 standing 
7 466 409 539 566 28785 0 0 0 standing 
7 474 408 545 566 28786 0 0 1 standing 
7 482 407 552 566 28787 0 0 1 standing 
7 490 407 558 566 28788 0 0 1 standing 
7 498 406 565 566 28789 0 0 1 standing 
7 506 406 571 566 28790 0 0 1 standing 
7 514 405 578 566 28791 0 0 1 standing 
7 522 404 584 566 28792 0 0 1 standing 
7 530 404 591 566 28793 0 0 1 standing 
7 538 403 597 566 28794 0 0 1 standing 
7 547 403 604 567 28795 0 0 0 standing 
7 552 403 610 567 28796 0 0 1 standing 
7 558 404 616 568 28797 0 0 1 standing 
7 563 405 622 569 28798 0 0 1 standing 
7 569 405 629 569 28799 0 0 1 standing 
7 574 406 635 570 28800 0 0 1 standing 
7 580 407 641 571 28801 0 0 1 standing 
7 585 407 648 571 28802 0 0 1 standing 
7 591 408 654 572 28803 0 0 1 standing 
7 596 409 660 573 28804 0 0 1 standing 
8 550 409 644 502 28785 0 1 0 standing 
8 555 413 652 502 28786 0 1 1 falling 
8 560 418 661 502 28787 0 1 1 falling 
8 566 423 669 503 28788 0 1 1 falling 
8 571 427 678 503 28789 0 1 1 falling 
8 577 432 686 504 28790 0 1 1 falling 
8 582 437 695 504 28791 0 1 1 falling 
8 587 441 703 504 28792 0 1 1 falling 
8 593 446 712 505 28793 0 1 1 falling 
8 598 451 720 505 28794 0 1 1 falling 
8 604 456 729 506 28795 0 1 0 falling 
8 614 455 734 510 28796 0 1 1 falling 
8 624 455 739 515 28797 0 1 1 falling 
8 634 454 745 519 28798 0 1 1 falling 
8 645 454 750 524 28799 0 1 1 falling 
8 655 454 755 528 28800 0 1 1 falling 
8 665 453 761 533 28801 0 1 1 falling 
8 675 453 766 537 28802 0 1 1 falling 
8 686 453 772 542 28803 0 1 0 falling 
8 677 452 766 540 28804 0 1 1 falling 
9 858 449 983 553 28785 0 1 0 falling 
9 849 451 974 552 28786 0 1 1 falling 
9 841 453 966 551 28787 0 1 1 falling 
9 833 455 957 551 28788 0 1 1 falling 
9 824 458 949 550 28789 0 1 1 falling 
9 816 460 940 550 28790 0 1 1 falling 
9 808 462 932 549 28791 0 1 1 falling 
9 800 465 924 549 28792 0 1 0 falling 
9 792 467 922 550 28793 0 1 1 falling 
9 784 470 920 551 28794 0 1 1 falling 
9 776 473 918 552 28795 0 1 0 falling 
9 781 470 915 550 28796 0 1 1 falling 
9 786 467 913 549 28797 0 1 1 falling 
9 791 464 911 547 28798 0 1 1 falling 
9 796 461 909 546 28799 0 1 1 falling 
9 802 459 907 544 28800 0 1 1 falling 
9 807 456 905 543 28801 0 1 1 falling 
9 812 453 903 541 28802 0 1 1 falling 
9 817 450 901 540 28803 0 1 1 falling 
9 822 447 899 538 28804 0 1 1 falling 
10 818 333 892 462 28785 0 0 0 falling 
10 823 333 896 462 28786 0 0 1 standing 
10 828 334 901 462 28787 0 0 1 standing 
10 833 334 906 463 28788 0 0 1 standing 
10 838 335 911 463 28789 0 0 1 standing 
10 843 335 916 464 28790 0 0 1 standing 
10 848 336 921 464 28791 0 0 1 standing 
10 853 336 926 464 28792 0 0 1 standing 
10 858 337 931 465 28793 0 0 1 standing 
10 863 337 936 465 28794 0 0 1 standing 
10 869 338 941 466 28795 0 0 0 standing 
10 872 337 945 467 28796 0 0 1 standing 
10 876 337 950 468 28797 0 0 1 standing 
10 880 337 954 469 28798 0 0 1 standing 
10 884 337 959 470 28799 0 0 1 standing 
10 888 337 963 471 28800 0 0 1 standing 
10 892 337 968 472 28801 0 0 1 standing 
10 896 336 973 473 28802 0 0 1 standing 
10 900 336 977 474 28803 0 0 1 standing 
10 904 336 982 475 28804 0 0 1 standing 
11 944 360 1013 501 28785 0 0 0 standing 
11 949 359 1016 500 28786 0 0 1 standing 
11 954 358 1019 500 28787 0 0 1 standing 
11 959 358 1023 500 28788 0 0 1 standing 
11 964 357 1026 500 28789 0 0 1 standing 
11 969 357 1030 500 28790 0 0 1 standing 
11 974 356 1033 500 28791 0 0 1 standing 
11 979 355 1036 500 28792 0 0 1 standing 
11 984 355 1040 500 28793 0 0 1 standing 
11 989 354 1043 500 28794 0 0 1 standing 
11 995 354 1047 500 28795 0 0 0 standing 
11 998 354 1051 500 28796 0 0 1 standing 
11 1001 355 1055 500 28797 0 0 1 standing 
11 1004 356 1059 500 28798 0 0 1 standing 
11 1007 357 1063 501 28799 0 0 1 standing 
11 1011 358 1068 501 28800 0 0 1 standing 
11 1014 358 1072 501 28801 0 0 1 standing 
11 1017 359 1076 502 28802 0 0 1 standing 
11 1020 360 1080 502 28803 0 0 1 standing 
11 1023 361 1084 502 28804 0 0 1 standing 
