0 885 366 968 530 15850 0 1 0 spiking 
0 878 360 964 516 15851 0 1 1 spiking 
0 871 354 961 502 15852 0 1 1 spiking 
0 865 349 958 488 15853 0 1 0 spiking 
0 864 349 955 488 15854 0 1 1 spiking 
0 863 350 953 488 15855 0 1 1 spiking 
0 863 351 951 488 15856 0 1 1 spiking 
0 862 351 949 488 15857 0 1 1 spiking 
0 862 352 947 488 15858 0 1 1 spiking 
0 861 353 945 488 15859 0 1 1 spiking 
0 861 354 943 489 15860 0 1 0 spiking 
0 866 361 946 492 15861 0 1 1 spiking 
0 872 368 950 495 15862 0 1 1 spiking 
0 878 375 954 498 15863 0 1 1 spiking 
0 884 382 958 501 15864 0 1 1 spiking 
0 889 389 962 504 15865 0 1 1 spiking 
0 895 396 966 507 15866 0 1 1 spiking 
0 901 403 970 510 15867 0 1 1 spiking 
0 907 411 974 514 15868 0 1 0 spiking 
0 907 411 974 514 15869 0 1 1 spiking 
1 620 402 680 528 15850 0 1 0 spiking 
1 628 395 686 524 15851 0 1 1 blocking 
1 636 389 693 520 15852 0 1 1 blocking 
1 644 382 699 516 15853 0 1 1 blocking 
1 652 376 706 512 15854 0 1 1 blocking 
1 661 369 712 508 15855 0 1 1 blocking 
1 669 363 719 504 15856 0 1 1 blocking 
1 677 356 725 500 15857 0 1 1 blocking 
1 685 350 732 496 15858 0 1 1 blocking 
1 693 343 738 492 15859 0 1 1 blocking 
1 702 337 745 489 15860 0 1 0 blocking 
1 714 342 757 492 15861 0 1 1 blocking 
1 727 347 770 496 15862 0 1 1 blocking 
1 740 352 782 499 15863 0 1 1 blocking 
1 752 358 795 503 15864 0 1 1 blocking 
1 765 363 808 507 15865 0 1 1 blocking 
1 778 368 820 510 15866 0 1 1 blocking 
1 790 374 833 514 15867 0 1 1 blocking 
1 803 379 845 517 15868 0 1 1 blocking 
1 816 384 858 521 15869 0 1 1 blocking 
2 76 450 153 555 15850 0 0 0 blocking 
2 80 448 161 554 15851 0 0 1 waiting 
2 85 447 169 553 15852 0 0 1 waiting 
2 90 446 178 552 15853 0 0 0 waiting 
2 100 444 188 548 15854 0 0 1 waiting 
2 110 443 198 544 15855 0 0 1 waiting 
2 121 442 209 541 15856 0 0 0 waiting 
2 143 441 221 541 15857 0 0 1 waiting 
2 165 440 233 541 15858 0 0 1 waiting 
2 187 440 245 541 15859 0 0 0 waiting 
2 204 440 261 544 15860 0 0 1 waiting 
2 221 440 278 547 15861 0 0 1 waiting 
2 238 440 295 550 15862 0 0 0 waiting 
2 256 440 313 550 15863 0 0 1 waiting 
2 275 441 332 550 15864 0 0 1 waiting 
2 293 441 350 550 15865 0 0 1 waiting 
2 312 442 369 550 15866 0 0 1 waiting 
2 331 443 388 551 15867 0 0 0 waiting 
2 339 442 396 550 15868 0 0 1 waiting 
2 348 441 405 550 15869 0 0 1 waiting 
3 281 379 336 489 15850 0 0 0 waiting 
3 282 378 336 488 15851 0 0 1 digging 
3 284 377 337 487 15852 0 0 1 digging 
3 286 376 338 486 15853 0 0 0 digging 
3 291 375 342 484 15854 0 0 1 digging 
3 296 374 346 483 15855 0 0 1 digging 
3 302 373 351 482 15856 0 0 0 digging 
3 308 376 357 488 15857 0 0 1 digging 
3 315 379 363 495 15858 0 0 1 digging 
3 322 383 370 502 15859 0 0 0 digging 
3 332 384 380 503 15860 0 0 1 digging 
3 342 385 390 504 15861 0 0 1 digging 
3 352 387 401 505 15862 0 0 0 digging 
3 366 390 415 506 15863 0 0 1 digging 
3 381 394 429 508 15864 0 0 1 digging 
3 396 397 443 510 15865 0 0 1 digging 
3 411 401 457 512 15866 0 0 1 digging 
3 426 405 472 514 15867 0 0 0 digging 
3 433 403 479 515 15868 0 0 1 digging 
3 440 402 487 516 15869 0 0 1 digging 
4 281 491 349 613 15850 0 0 0 digging 
4 284 489 355 613 15851 0 0 1 standing 
4 287 487 361 613 15852 0 0 1 standing 
4 291 485 367 613 15853 0 0 0 standing 
4 296 482 372 611 15854 0 0 1 standing 
4 302 479 377 609 15855 0 0 1 standing 
4 308 476 383 608 15856 0 0 0 standing 
4 314 474 388 602 15857 0 0 1 standing 
4 321 472 394 596 15858 0 0 1 standing 
4 328 470 400 590 15859 0 0 0 standing 
4 338 469 407 586 15860 0 0 1 standing 
4 348 468 415 582 15861 0 0 1 standing 
4 358 468 423 579 15862 0 0 0 standing 
4 372 465 434 577 15863 0 0 1 standing 
4 387 463 446 576 15864 0 0 1 standing 
4 401 461 457 575 15865 0 0 1 standing 
4 416 459 469 574 15866 0 0 1 standing 
4 431 457 481 573 15867 0 0 0 standing 
4 438 455 491 572 15868 0 0 1 standing 
4 446 453 501 572 15869 0 0 1 standing 
5 603 445 672 582 15850 0 0 0 standing 
5 605 446 676 581 15851 0 0 1 standing 
5 607 448 680 580 15852 0 0 1 standing 
5 609 450 684 580 15853 0 0 0 standing 
5 612 449 678 582 15854 0 0 1 standing 
5 616 448 673 584 15855 0 0 1 standing 
5 620 448 668 586 15856 0 0 0 standing 
5 629 446 678 584 15857 0 0 1 standing 
5 638 444 689 583 15858 0 0 1 standing 
5 647 443 700 582 15859 0 0 0 standing 
5 655 442 706 581 15860 0 0 1 standing 
5 663 442 713 581 15861 0 0 1 standing 
5 671 442 719 581 15862 0 0 1 standing 
5 680 442 726 581 15863 0 0 0 standing 
5 691 442 738 581 15864 0 0 1 standing 
5 703 442 751 581 15865 0 0 1 standing 
5 714 442 764 582 15866 0 0 1 standing 
5 726 442 777 582 15867 0 0 1 standing 
5 738 443 790 583 15868 0 0 0 standing 
5 742 440 796 580 15869 0 0 1 standing 
6 627 460 677 590 15850 0 0 0 standing 
6 631 459 681 589 15851 0 0 1 standing 
6 635 459 685 589 15852 0 0 1 standing 
6 640 459 690 589 15853 0 0 0 standing 
6 647 457 697 590 15854 0 0 1 standing 
6 654 456 704 591 15855 0 0 1 standing 
6 662 455 711 592 15856 0 0 0 standing 
6 670 454 718 592 15857 0 0 1 standing 
6 678 453 725 592 15858 0 0 1 standing 
6 686 453 732 592 15859 0 0 0 standing 
6 697 452 743 591 15860 0 0 1 standing 
6 708 451 754 590 15861 0 0 1 standing 
6 719 451 765 589 15862 0 0 0 standing 
6 730 449 777 590 15863 0 0 1 standing 
6 741 448 789 591 15864 0 0 1 standing 
6 753 447 801 592 15865 0 0 0 standing 
6 762 449 814 593 15866 0 0 1 standing 
6 772 451 828 594 15867 0 0 1 standing 
6 782 453 842 595 15868 0 0 0 standing 
6 787 452 849 597 15869 0 0 1 standing 
7 742 404 791 546 15850 0 0 0 standing 
7 742 406 791 549 15851 0 0 1 standing 
7 742 408 791 553 15852 0 0 1 standing 
7 742 410 791 557 15853 0 0 0 standing 
7 747 413 795 557 15854 0 0 1 standing 
7 752 416 800 558 15855 0 0 1 standing 
7 757 419 805 559 15856 0 0 0 standing 
7 763 420 811 560 15857 0 0 1 standing 
7 770 421 818 561 15858 0 0 1 standing 
7 777 422 825 562 15859 0 0 0 standing 
7 788 424 836 564 15860 0 0 1 standing 
7 799 427 847 567 15861 0 0 1 standing 
7 810 430 858 570 15862 0 0 0 standing 
7 821 432 868 572 15863 0 0 1 standing 
7 833 434 878 574 15864 0 0 1 standing 
7 845 437 888 576 15865 0 0 0 standing 
7 861 439 904 578 15866 0 0 1 standing 
7 877 442 920 581 15867 0 0 1 standing 
7 894 445 937 584 15868 0 0 0 standing 
7 901 443 944 582 15869 0 0 1 standing 
8 800 336 858 457 15850 0 0 0 standing 
8 800 338 855 455 15851 0 0 1 moving 
8 801 340 853 454 15852 0 0 1 moving 
8 802 342 851 453 15853 0 0 0 moving 
8 805 341 853 456 15854 0 0 1 moving 
8 808 341 856 459 15855 0 0 1 moving 
8 811 341 859 462 15856 0 0 0 moving 
8 816 343 864 464 15857 0 0 1 moving 
8 821 346 869 466 15858 0 0 1 moving 
8 827 349 875 469 15859 0 0 0 moving 
8 832 349 881 469 15860 0 0 1 moving 
8 837 350 887 470 15861 0 0 1 moving 
8 843 351 893 471 15862 0 0 0 moving 
8 855 350 905 470 15863 0 0 1 moving 
8 867 350 917 469 15864 0 0 1 moving 
8 880 350 930 468 15865 0 0 0 moving 
8 895 351 947 470 15866 0 0 1 moving 
8 911 353 965 472 15867 0 0 1 moving 
8 927 355 983 475 15868 0 0 0 moving 
8 933 355 991 477 15869 0 0 1 moving 
9 773 510 843 642 15850 0 0 0 moving 
9 764 511 835 643 15851 0 0 1 standing 
9 756 512 827 644 15852 0 0 1 standing 
9 748 513 820 645 15853 0 0 0 standing 
9 751 512 820 645 15854 0 0 1 standing 
9 754 511 821 646 15855 0 0 1 standing 
9 757 510 822 647 15856 0 0 0 standing 
9 764 506 827 646 15857 0 0 1 standing 
9 772 502 833 645 15858 0 0 1 standing 
9 780 498 839 645 15859 0 0 0 standing 
9 790 495 849 643 15860 0 0 1 standing 
9 800 492 859 642 15861 0 0 1 standing 
9 811 490 869 641 15862 0 0 0 standing 
9 822 492 880 643 15863 0 0 1 standing 
9 833 494 891 645 15864 0 0 1 standing 
9 844 497 902 648 15865 0 0 0 standing 
9 857 498 916 648 15866 0 0 1 standing 
9 871 499 930 648 15867 0 0 1 standing 
9 885 501 944 648 15868 0 0 0 standing 
9 892 500 951 647 15869 0 0 1 standing 
10 832 456 892 581 15850 0 0 0 standing 
10 837 457 896 587 15851 0 0 1 standing 
10 842 458 901 594 15852 0 0 1 standing 
10 847 460 906 601 15853 0 0 0 standing 
10 851 460 910 599 15854 0 0 1 standing 
10 856 461 915 597 15855 0 0 1 standing 
10 861 462 920 595 15856 0 0 0 standing 
10 875 461 930 596 15857 0 0 1 standing 
10 889 460 941 597 15858 0 0 1 standing 
10 903 460 952 599 15859 0 0 0 standing 
10 918 460 967 599 15860 0 0 1 standing 
10 934 461 983 600 15861 0 0 1 standing 
10 950 462 999 601 15862 0 0 0 standing 
10 966 465 1022 603 15863 0 0 1 standing 
10 983 468 1045 606 15864 0 0 1 standing 
10 1000 471 1069 609 15865 0 0 0 standing 
10 1018 471 1092 610 15866 0 0 1 standing 
10 1037 472 1115 611 15867 0 0 1 standing 
10 1056 473 1139 612 15868 0 0 0 standing 
10 1064 473 1146 612 15869 0 0 1 standing 
11 969 473 1036 607 15850 0 0 0 standing 
11 966 472 1037 602 15851 0 0 1 digging 
11 964 471 1038 597 15852 0 0 1 digging 
11 962 470 1040 592 15853 0 0 0 digging 
11 966 467 1045 588 15854 0 0 1 digging 
11 971 465 1050 584 15855 0 0 1 digging 
11 976 463 1055 581 15856 0 0 0 digging 
11 979 461 1061 578 15857 0 0 1 digging 
11 983 459 1067 575 15858 0 0 1 digging 
11 987 458 1074 572 15859 0 0 0 digging 
11 996 457 1080 570 15860 0 0 1 digging 
11 1005 456 1086 568 15861 0 0 1 digging 
11 1014 456 1093 567 15862 0 0 0 digging 
11 1027 455 1100 565 15863 0 0 1 digging 
11 1040 454 1107 564 15864 0 0 1 digging 
11 1053 453 1114 563 15865 0 0 0 digging 
11 1068 452 1128 565 15866 0 0 1 digging 
11 1084 451 1142 567 15867 0 0 1 digging 
11 1100 450 1157 569 15868 0 0 0 digging 
11 1110 449 1164 568 15869 0 0 1 digging 
