0 468 499 534 639 3165 0 1 0 setting 
0 472 490 536 636 3166 0 1 1 setting 
0 477 482 539 634 3167 0 1 1 setting 
0 482 474 541 632 3168 0 1 1 setting 
0 486 466 544 629 3169 0 1 1 setting 
0 491 458 546 627 3170 0 1 1 setting 
0 496 450 549 625 3171 0 1 0 setting 
0 502 442 559 623 3172 0 1 1 setting 
0 509 435 570 622 3173 0 1 1 setting 
0 516 427 580 621 3174 0 1 1 setting 
0 523 420 591 620 3175 0 1 0 setting 
0 529 420 598 617 3176 0 1 1 setting 
0 535 420 606 615 3177 0 1 1 setting 
0 541 420 614 613 3178 0 1 1 setting 
0 548 420 622 611 3179 0 1 1 setting 
0 554 420 630 609 3180 0 1 1 setting 
0 560 420 638 607 3181 0 1 1 setting 
0 567 420 646 605 3182 0 1 0 setting 
0 573 426 655 602 3183 0 1 1 setting 
0 580 433 664 600 3184 0 1 1 setting 
1 513 514 611 662 3165 0 0 0 setting 
1 519 511 614 662 3166 0 0 1 standing 
1 525 508 617 662 3167 0 0 1 standing 
1 531 505 620 663 3168 0 0 0 standing 
1 536 502 627 662 3169 0 0 1 standing 
1 542 500 635 662 3170 0 0 1 standing 
1 548 497 643 662 3171 0 0 1 standing 
1 554 495 651 662 3172 0 0 0 standing 
1 563 493 654 656 3173 0 0 1 standing 
1 572 491 657 650 3174 0 0 1 standing 
1 582 490 661 645 3175 0 0 0 standing 
1 592 488 667 644 3176 0 0 1 standing 
1 603 487 674 643 3177 0 0 1 standing 
1 613 485 681 642 3178 0 0 1 standing 
1 624 484 687 641 3179 0 0 1 standing 
1 634 482 694 640 3180 0 0 1 standing 
1 645 481 701 639 3181 0 0 1 standing 
1 656 480 708 638 3182 0 0 0 standing 
1 662 478 713 637 3183 0 0 1 standing 
1 669 477 719 636 3184 0 0 1 standing 
2 619 481 681 611 3165 0 0 0 standing 
2 629 485 690 615 3166 0 0 1 standing 
2 639 489 699 619 3167 0 0 1 standing 
2 649 494 708 623 3168 0 0 0 standing 
2 656 492 715 625 3169 0 0 1 standing 
2 663 491 722 627 3170 0 0 1 standing 
2 671 490 729 630 3171 0 0 0 standing 
2 682 491 737 628 3172 0 0 1 standing 
2 694 492 746 627 3173 0 0 1 standing 
2 705 493 755 625 3174 0 0 1 standing 
2 717 495 764 624 3175 0 0 0 standing 
2 725 492 774 624 3176 0 0 1 standing 
2 733 489 784 624 3177 0 0 1 standing 
2 741 486 794 624 3178 0 0 1 standing 
2 749 483 804 624 3179 0 0 1 standing 
2 757 480 814 624 3180 0 0 1 standing 
2 765 477 824 624 3181 0 0 1 standing 
2 773 475 835 624 3182 0 0 0 standing 
2 778 472 846 624 3183 0 0 1 standing 
2 783 470 857 625 3184 0 0 1 standing 
3 491 637 598 789 3165 0 0 0 standing 
3 491 634 601 788 3166 0 0 1 standing 
3 491 631 604 787 3167 0 0 1 standing 
3 491 628 607 787 3168 0 0 1 standing 
3 491 625 611 786 3169 0 0 1 standing 
3 491 622 614 786 3170 0 0 1 standing 
3 491 619 617 785 3171 0 0 1 standing 
3 492 617 621 785 3172 0 0 0 standing 
3 495 614 614 779 3173 0 0 1 standing 
3 498 612 607 773 3174 0 0 1 standing 
3 502 610 600 768 3175 0 0 0 standing 
3 507 610 600 767 3176 0 0 1 standing 
3 512 610 600 767 3177 0 0 1 standing 
3 517 610 600 767 3178 0 0 1 standing 
3 522 610 601 767 3179 0 0 0 standing 
3 514 610 606 766 3180 0 0 1 standing 
3 507 610 611 765 3181 0 0 1 standing 
3 500 610 617 765 3182 0 0 0 standing 
3 500 610 615 765 3183 0 0 1 standing 
3 500 610 614 765 3184 0 0 1 standing 
4 322 621 427 759 3165 0 0 0 standing 
4 323 619 429 758 3166 0 0 1 waiting 
4 324 617 432 757 3167 0 0 1 waiting 
4 326 615 435 757 3168 0 0 0 waiting 
4 335 612 442 756 3169 0 0 1 waiting 
4 344 610 449 755 3170 0 0 1 waiting 
4 354 608 456 754 3171 0 0 0 waiting 
4 366 606 468 753 3172 0 0 1 waiting 
4 379 604 481 752 3173 0 0 1 waiting 
4 392 603 493 751 3174 0 0 1 waiting 
4 405 601 506 750 3175 0 0 1 waiting 
4 418 599 518 749 3176 0 0 1 waiting 
4 431 598 531 748 3177 0 0 0 waiting 
4 450 595 548 745 3178 0 0 1 waiting 
4 470 592 566 742 3179 0 0 1 waiting 
4 489 590 584 739 3180 0 0 1 waiting 
4 509 587 602 736 3181 0 0 1 waiting 
4 529 585 620 734 3182 0 0 0 waiting 
4 548 587 638 736 3183 0 0 1 waiting 
4 567 589 656 738 3184 0 0 1 waiting 
5 160 566 215 701 3165 0 0 0 waiting 
5 164 561 224 701 3166 0 0 1 moving 
5 168 557 233 701 3167 0 0 1 moving 
5 172 553 243 701 3168 0 0 0 moving 
5 173 549 246 693 3169 0 0 1 moving 
5 174 545 249 685 3170 0 0 1 moving 
5 175 541 252 678 3171 0 0 0 moving 
5 187 539 274 676 3172 0 0 1 moving 
5 199 537 296 675 3173 0 0 1 moving 
5 211 535 318 673 3174 0 0 1 moving 
5 223 533 341 672 3175 0 0 0 moving 
5 241 531 359 666 3176 0 0 1 moving 
5 259 529 377 661 3177 0 0 1 moving 
5 278 528 395 656 3178 0 0 1 moving 
5 296 526 413 651 3179 0 0 1 moving 
5 315 525 432 646 3180 0 0 0 moving 
5 337 523 441 640 3181 0 0 1 moving 
5 359 521 451 635 3182 0 0 1 moving 
5 381 519 461 630 3183 0 0 1 moving 
5 404 517 471 625 3184 0 0 0 moving 
6 1071 490 1128 615 3165 0 0 0 moving 
6 1073 486 1129 613 3166 0 0 1 standing 
6 1075 483 1131 611 3167 0 0 1 standing 
6 1077 480 1133 609 3168 0 0 0 standing 
6 1081 481 1137 609 3169 0 0 1 standing 
6 1085 482 1142 609 3170 0 0 1 standing 
6 1089 484 1147 610 3171 0 0 0 standing 
6 1098 485 1156 610 3172 0 0 1 standing 
6 1107 487 1165 610 3173 0 0 1 standing 
6 1116 488 1174 610 3174 0 0 1 standing 
6 1126 490 1183 611 3175 0 0 0 standing 
6 1136 489 1193 610 3176 0 0 1 standing 
6 1146 488 1203 610 3177 0 0 1 standing 
6 1156 487 1213 610 3178 0 0 1 standing 
6 1166 486 1223 610 3179 0 0 1 standing 
6 1176 485 1233 610 3180 0 0 1 standing 
6 1186 484 1243 610 3181 0 0 1 standing 
6 1196 483 1253 610 3182 0 0 1 standing 
6 1206 482 1263 610 3183 0 0 1 standing 
6 1216 481 1273 610 3184 0 0 1 standing 
7 1215 650 1305 789 3165 0 0 0 standing 
7 1218 643 1305 791 3166 0 0 1 standing 
7 1222 636 1305 794 3167 0 0 1 standing 
7 1226 630 1306 797 3168 0 0 0 standing 
7 1228 629 1307 794 3169 0 0 1 standing 
7 1230 628 1309 791 3170 0 0 1 standing 
7 1232 628 1311 788 3171 0 0 0 standing 
7 1238 629 1319 788 3172 0 0 1 standing 
7 1244 631 1328 789 3173 0 0 1 standing 
7 1250 633 1336 790 3174 0 0 1 standing 
7 1256 635 1345 791 3175 0 0 0 standing 
7 1264 633 1349 790 3176 0 0 1 standing 
7 1273 632 1354 790 3177 0 0 1 standing 
7 1282 630 1359 790 3178 0 0 1 standing 
7 1291 629 1364 790 3179 0 0 1 standing 
7 1300 627 1369 790 3180 0 0 1 standing 
7 1309 626 1374 789 3181 0 0 1 standing 
7 1318 624 1379 789 3182 0 0 1 standing 
7 1327 623 1384 789 3183 0 0 1 standing 
7 1336 621 1389 789 3184 0 0 1 standing 
8 1441 555 1504 703 3165 0 0 0 standing 
8 1442 549 1507 700 3166 0 0 1 standing 
8 1444 543 1511 697 3167 0 0 1 standing 
8 1446 537 1515 695 3168 0 0 0 standing 
8 1450 536 1520 693 3169 0 0 1 standing 
8 1455 535 1525 692 3170 0 0 1 standing 
8 1460 535 1530 691 3171 0 0 0 standing 
8 1462 536 1541 690 3172 0 0 1 standing 
8 1464 538 1552 690 3173 0 0 1 standing 
8 1466 539 1563 690 3174 0 0 1 standing 
8 1468 541 1575 690 3175 0 0 0 standing 
8 1476 540 1579 690 3176 0 0 1 standing 
8 1484 540 1583 690 3177 0 0 1 standing 
8 1492 540 1588 690 3178 0 0 1 standing 
8 1500 539 1592 690 3179 0 0 1 standing 
8 1508 539 1597 690 3180 0 0 1 standing 
8 1516 539 1601 690 3181 0 0 1 standing 
8 1524 538 1605 690 3182 0 0 1 standing 
8 1532 538 1610 690 3183 0 0 1 standing 
8 1540 538 1614 690 3184 0 0 1 standing 
9 708 454 750 623 3165 0 0 0 standing 
9 713 459 757 624 3166 0 0 1 standing 
9 719 465 764 626 3167 0 0 1 standing 
9 725 470 771 627 3168 0 0 1 standing 
9 731 476 778 629 3169 0 0 1 standing 
9 737 482 785 631 3170 0 0 0 standing 
9 746 482 796 631 3171 0 0 1 standing 
9 756 483 807 631 3172 0 0 1 standing 
9 766 484 819 632 3173 0 0 1 standing 
9 776 485 830 632 3174 0 0 1 standing 
9 786 486 842 633 3175 0 0 0 standing 
9 798 487 855 631 3176 0 0 1 standing 
9 810 489 869 630 3177 0 0 1 standing 
9 822 490 882 629 3178 0 0 1 standing 
9 835 492 896 628 3179 0 0 1 standing 
9 847 494 909 627 3180 0 0 1 standing 
9 859 495 923 625 3181 0 0 1 standing 
9 872 497 936 624 3182 0 0 1 standing 
9 884 498 950 623 3183 0 0 1 standing 
9 896 500 963 622 3184 0 0 1 standing 
10 701 424 732 619 3165 0 0 0 standing 
10 706 429 738 619 3166 0 0 1 standing 
10 711 434 745 619 3167 0 0 1 standing 
10 716 439 752 620 3168 0 0 1 standing 
10 721 444 759 620 3169 0 0 1 standing 
10 727 449 766 621 3170 0 0 0 standing 
10 738 450 779 619 3171 0 0 1 standing 
10 750 452 792 617 3172 0 0 1 standing 
10 761 454 805 615 3173 0 0 1 standing 
10 773 456 818 613 3174 0 0 1 standing 
10 785 458 831 611 3175 0 0 0 standing 
10 796 460 843 611 3176 0 0 1 standing 
10 808 462 855 612 3177 0 0 1 standing 
10 820 464 867 612 3178 0 0 1 standing 
10 831 466 879 613 3179 0 0 1 standing 
10 843 469 891 614 3180 0 0 1 standing 
10 855 471 903 614 3181 0 0 1 standing 
10 866 473 915 615 3182 0 0 1 standing 
10 878 475 927 615 3183 0 0 1 standing 
10 890 477 939 616 3184 0 0 1 standing 
11 685 440 772 606 3165 0 0 0 standing 
11 690 443 775 607 3166 0 0 1 standing 
11 696 446 779 608 3167 0 0 1 standing 
11 702 449 783 609 3168 0 0 1 standing 
11 708 452 787 610 3169 0 0 1 standing 
11 714 455 791 612 3170 0 0 0 standing 
11 722 456 802 611 3171 0 0 1 standing 
11 731 457 813 610 3172 0 0 1 standing 
11 740 458 824 609 3173 0 0 1 standing 
11 749 459 835 608 3174 0 0 1 standing 
11 758 461 846 607 3175 0 0 0 standing 
11 770 460 854 606 3176 0 0 1 standing 
11 783 460 863 605 3177 0 0 1 standing 
11 796 460 872 605 3178 0 0 1 standing 
11 809 459 881 604 3179 0 0 1 standing 
11 822 459 890 604 3180 0 0 1 standing 
11 834 459 899 603 3181 0 0 1 standing 
11 847 458 908 602 3182 0 0 1 standing 
11 860 458 917 602 3183 0 0 1 standing 
11 873 458 926 601 3184 0 0 1 standing 
