0 508 432 630 561 48520 0 1 0 digging 
0 509 433 625 560 48521 0 1 1 digging 
0 510 435 620 560 48522 0 1 1 digging 
0 512 437 616 560 48523 0 1 0 digging 
0 523 439 621 561 48524 0 1 1 digging 
0 535 442 627 562 48525 0 1 1 digging 
0 547 445 633 563 48526 0 1 1 digging 
0 558 448 638 565 48527 0 1 1 digging 
0 570 451 644 566 48528 0 1 1 digging 
0 582 454 650 567 48529 0 1 1 digging 
0 594 457 656 569 48530 0 1 0 digging 
0 601 463 663 573 48531 0 1 1 digging 
0 609 469 671 578 48532 0 1 1 digging 
0 616 475 678 582 48533 0 1 1 digging 
0 624 481 686 587 48534 0 1 1 digging 
0 632 487 693 591 48535 0 1 1 digging 
0 639 493 701 596 48536 0 1 1 digging 
0 647 499 708 600 48537 0 1 1 digging 
0 654 505 716 605 48538 0 1 1 digging 
0 662 511 723 609 48539 0 1 1 digging 
1 810 451 959 584 48520 0 0 0 digging 
1 803 451 946 585 48521 0 0 1 standing 
1 796 452 933 586 48522 0 0 1 standing 
1 790 453 920 588 48523 0 0 1 standing 
1 783 454 907 589 48524 0 0 1 standing 
1 777 455 894 591 48525 0 0 1 standing 
1 770 456 881 592 48526 0 0 1 standing 
1 763 457 868 593 48527 0 0 1 standing 
1 757 458 855 595 48528 0 0 1 standing 
1 750 459 842 596 48529 0 0 1 standing 
1 744 460 830 598 48530 0 0 0 standing 
1 750 459 834 598 48531 0 0 1 standing 
1 756 458 838 599 48532 0 0 1 standing 
1 762 458 842 599 48533 0 0 1 standing 
1 768 457 847 600 48534 0 0 1 standing 
1 775 457 851 601 48535 0 0 1 standing 
1 781 456 855 601 48536 0 0 1 standing 
1 787 455 860 602 48537 0 0 1 standing 
1 793 455 864 602 48538 0 0 1 standing 
1 799 454 868 603 48539 0 0 1 standing 
2 924 365 976 493 48520 0 0 0 standing 
2 923 363 975 493 48521 0 0 1 standing 
2 922 362 974 493 48522 0 0 1 standing 
2 921 361 973 493 48523 0 0 1 standing 
2 921 360 972 493 48524 0 0 1 standing 
2 920 359 972 494 48525 0 0 1 standing 
2 919 358 971 494 48526 0 0 1 standing 
2 919 357 970 494 48527 0 0 1 standing 
2 918 356 969 494 48528 0 0 1 standing 
2 917 355 968 494 48529 0 0 1 standing 
2 917 354 968 495 48530 0 0 0 standing 
2 920 355 973 495 48531 0 0 1 standing 
2 924 356 979 496 48532 0 0 1 standing 
2 928 357 985 497 48533 0 0 1 standing 
2 932 358 991 498 48534 0 0 1 standing 
2 936 359 997 499 48535 0 0 1 standing 
2 939 360 1003 500 48536 0 0 1 standing 
2 943 361 1009 501 48537 0 0 1 standing 
2 947 362 1015 502 48538 0 0 1 standing 
2 951 363 1021 503 48539 0 0 1 standing 
3 854 323 939 448 48520 0 0 0 standing 
3 859 322 943 448 48521 0 0 1 standing 
3 865 321 947 448 48522 0 0 1 standing 
3 871 320 951 448 48523 0 0 1 standing 
3 877 319 955 448 48524 0 0 1 standing 
3 883 318 959 448 48525 0 0 1 standing 
3 889 317 963 448 48526 0 0 1 standing 
3 895 316 967 448 48527 0 0 1 standing 
3 901 315 971 448 48528 0 0 1 standing 
3 907 314 975 448 48529 0 0 1 standing 
3 913 314 979 448 48530 0 0 0 standing 
3 920 313 985 447 48531 0 0 1 standing 
3 927 313 992 447 48532 0 0 1 standing 
3 935 312 998 446 48533 0 0 1 standing 
3 942 312 1005 446 48534 0 0 1 standing 
3 950 312 1011 445 48535 0 0 1 standing 
3 957 311 1018 445 48536 0 0 1 standing 
3 964 311 1024 444 48537 0 0 1 standing 
3 972 310 1031 444 48538 0 0 1 standing 
3 979 310 1037 443 48539 0 0 1 standing 
4 575 362 640 473 48520 0 0 0 standing 
4 574 361 638 474 48521 0 0 1 standing 
4 573 361 637 475 48522 0 0 1 standing 
4 572 361 636 476 48523 0 0 1 standing 
4 571 361 635 477 48524 0 0 1 standing 
4 570 361 634 479 48525 0 0 1 standing 
4 569 361 633 480 48526 0 0 1 standing 
4 568 361 632 481 48527 0 0 1 standing 
4 567 361 631 482 48528 0 0 1 standing 
4 566 361 630 483 48529 0 0 1 standing 
4 565 361 629 485 48530 0 0 0 standing 
4 564 362 631 486 48531 0 0 1 standing 
4 564 364 633 488 48532 0 0 1 standing 
4 564 366 635 489 48533 0 0 1 standing 
4 564 367 637 491 48534 0 0 1 standing 
4 564 369 639 493 48535 0 0 1 standing 
4 564 371 641 494 48536 0 0 1 standing 
4 564 372 643 496 48537 0 0 1 standing 
4 564 374 645 497 48538 0 0 1 standing 
4 564 376 647 499 48539 0 0 1 standing 
5 476 406 520 592 48520 0 0 0 standing 
5 475 408 519 592 48521 0 0 1 standing 
5 474 410 518 592 48522 0 0 1 standing 
5 473 412 517 592 48523 0 0 1 standing 
5 472 415 516 593 48524 0 0 1 standing 
5 471 417 515 593 48525 0 0 1 standing 
5 470 419 514 593 48526 0 0 1 standing 
5 469 422 513 594 48527 0 0 1 standing 
5 468 424 512 594 48528 0 0 1 standing 
5 467 426 511 594 48529 0 0 1 standing 
5 467 429 510 595 48530 0 0 0 standing 
5 471 431 516 596 48531 0 0 1 standing 
5 475 433 523 597 48532 0 0 1 standing 
5 479 435 530 598 48533 0 0 1 standing 
5 483 438 536 600 48534 0 0 1 standing 
5 487 440 543 601 48535 0 0 1 standing 
5 491 442 550 602 48536 0 0 1 standing 
5 495 445 556 604 48537 0 0 1 standing 
5 499 447 563 605 48538 0 0 1 standing 
5 503 449 570 606 48539 0 0 1 standing 
6 385 438 452 606 48520 0 0 0 standing 
6 385 435 452 603 48521 0 0 1 standing 
6 386 432 452 600 48522 0 0 1 standing 
6 387 429 452 597 48523 0 0 1 standing 
6 388 426 453 594 48524 0 0 1 standing 
6 389 424 453 591 48525 0 0 1 standing 
6 389 421 453 588 48526 0 0 1 standing 
6 390 418 454 585 48527 0 0 1 standing 
6 391 415 454 582 48528 0 0 1 standing 
6 392 412 454 579 48529 0 0 1 standing 
6 393 410 455 577 48530 0 0 0 standing 
6 396 410 457 576 48531 0 0 1 standing 
6 399 411 460 576 48532 0 0 1 standing 
6 402 412 463 576 48533 0 0 1 standing 
6 405 413 465 576 48534 0 0 1 standing 
6 408 414 468 576 48535 0 0 1 standing 
6 411 415 471 575 48536 0 0 1 standing 
6 414 416 473 575 48537 0 0 1 standing 
6 417 417 476 575 48538 0 0 1 standing 
6 420 418 479 575 48539 0 0 1 standing 
7 350 387 412 507 48520 0 0 0 standing 
7 350 390 412 509 48521 0 0 1 waiting 
7 351 394 413 511 48522 0 0 1 waiting 
7 352 397 413 513 48523 0 0 1 waiting 
7 352 401 414 515 48524 0 0 1 waiting 
7 353 404 415 517 48525 0 0 1 waiting 
7 354 408 415 519 48526 0 0 1 waiting 
7 354 411 416 521 48527 0 0 1 waiting 
7 355 415 416 523 48528 0 0 1 waiting 
7 356 418 417 525 48529 0 0 1 waiting 
7 357 422 418 528 48530 0 0 0 waiting 
7 358 418 417 527 48531 0 0 1 waiting 
7 360 414 417 526 48532 0 0 1 waiting 
7 361 410 416 526 48533 0 0 1 waiting 
7 363 406 416 525 48534 0 0 1 waiting 
7 365 402 416 525 48535 0 0 1 waiting 
7 366 398 415 524 48536 0 0 1 waiting 
7 368 394 415 523 48537 0 0 1 waiting 
7 369 390 414 523 48538 0 0 1 waiting 
7 371 386 414 522 48539 0 0 1 waiting 
8 356 317 411 435 48520 0 0 0 waiting 
8 356 317 410 435 48521 0 0 1 standing 
8 357 318 410 436 48522 0 0 1 standing 
8 358 318 410 436 48523 0 0 1 standing 
8 358 319 410 437 48524 0 0 1 standing 
8 359 320 410 437 48525 0 0 1 standing 
8 360 320 410 438 48526 0 0 1 standing 
8 360 321 410 438 48527 0 0 1 standing 
8 361 321 410 439 48528 0 0 1 standing 
8 362 322 410 439 48529 0 0 1 standing 
8 363 323 410 440 48530 0 0 0 standing 
8 369 323 416 440 48531 0 0 1 standing 
8 375 324 422 441 48532 0 0 1 standing 
8 381 325 428 442 48533 0 0 1 standing 
8 387 326 434 443 48534 0 0 1 standing 
8 393 327 440 444 48535 0 0 1 standing 
8 399 327 446 444 48536 0 0 1 standing 
8 405 328 452 445 48537 0 0 1 standing 
8 411 329 458 446 48538 0 0 1 standing 
8 417 330 464 447 48539 0 0 1 standing 
9 233 386 315 535 48520 0 0 0 standing 
9 239 385 320 534 48521 0 0 1 standing 
9 245 385 325 534 48522 0 0 1 standing 
9 252 385 331 534 48523 0 0 1 standing 
9 258 385 336 534 48524 0 0 1 standing 
9 265 385 342 534 48525 0 0 1 standing 
9 271 385 347 533 48526 0 0 1 standing 
9 277 385 352 533 48527 0 0 1 standing 
9 284 385 358 533 48528 0 0 1 standing 
9 290 385 363 533 48529 0 0 1 standing 
9 297 385 369 533 48530 0 0 0 standing 
9 306 385 375 533 48531 0 0 1 standing 
9 315 386 382 534 48532 0 0 1 standing 
9 324 387 388 534 48533 0 0 1 standing 
9 333 387 395 535 48534 0 0 1 standing 
9 342 388 402 536 48535 0 0 1 standing 
9 351 389 408 536 48536 0 0 1 standing 
9 360 389 415 537 48537 0 0 1 standing 
9 369 390 421 537 48538 0 0 1 standing 
9 378 391 428 538 48539 0 0 1 standing 
10 164 371 245 502 48520 0 0 0 standing 
10 159 369 239 502 48521 0 0 1 standing 
10 155 368 233 502 48522 0 0 1 standing 
10 151 367 227 502 48523 0 0 1 standing 
10 147 366 221 502 48524 0 0 1 standing 
10 143 365 216 503 48525 0 0 1 standing 
10 139 363 210 503 48526 0 0 1 standing 
10 135 362 204 503 48527 0 0 1 standing 
10 131 361 198 503 48528 0 0 1 standing 
10 127 360 192 503 48529 0 0 1 standing 
10 123 359 187 504 48530 0 0 0 standing 
10 121 359 187 504 48531 0 0 1 standing 
10 119 360 187 504 48532 0 0 1 standing 
10 118 361 187 504 48533 0 0 1 standing 
10 116 362 188 504 48534 0 0 1 standing 
10 115 363 188 504 48535 0 0 1 standing 
10 113 363 188 504 48536 0 0 1 standing 
10 111 364 189 504 48537 0 0 1 standing 
10 110 365 189 504 48538 0 0 1 standing 
10 108 366 189 504 48539 0 0 1 standing 
11 15 459 109 591 48520 0 0 0 standing 
11 15 456 108 590 48521 0 0 1 waiting 
11 15 454 108 589 48522 0 0 1 waiting 
11 16 452 108 588 48523 0 0 1 waiting 
11 16 449 107 587 48524 0 0 1 waiting 
11 17 447 107 586 48525 0 0 1 waiting 
11 17 445 107 585 48526 0 0 1 waiting 
11 17 442 106 584 48527 0 0 1 waiting 
11 18 440 106 583 48528 0 0 1 waiting 
11 18 438 106 582 48529 0 0 1 waiting 
11 19 436 106 582 48530 0 0 0 waiting 
11 26 436 112 581 48531 0 0 1 waiting 
11 34 436 118 580 48532 0 0 1 waiting 
11 42 436 124 579 48533 0 0 1 waiting 
11 50 437 130 578 48534 0 0 1 waiting 
11 58 437 137 577 48535 0 0 1 waiting 
11 65 437 143 576 48536 0 0 1 waiting 
11 73 438 149 575 48537 0 0 1 waiting 
11 81 438 155 574 48538 0 0 1 waiting 
11 89 438 161 573 48539 0 0 1 waiting 
