0 225 420 283 543 115500 0 0 0 waiting 
0 226 423 284 541 115501 0 0 1 waiting 
0 228 426 285 540 115502 0 0 1 waiting 
0 229 429 286 539 115503 0 0 1 waiting 
0 231 432 288 538 115504 0 0 0 waiting 
0 232 428 290 537 115505 0 0 1 waiting 
0 234 424 292 536 115506 0 0 1 waiting 
0 236 420 294 535 115507 0 0 1 waiting 
0 238 416 296 534 115508 0 0 1 waiting 
0 240 412 298 533 115509 0 0 1 waiting 
0 242 409 300 532 115510 0 0 0 waiting 
0 243 408 302 531 115511 0 0 1 waiting 
0 245 408 305 530 115512 0 0 1 waiting 
0 246 407 308 529 115513 0 0 1 waiting 
0 248 407 310 528 115514 0 0 1 waiting 
0 249 406 313 527 115515 0 0 1 waiting 
0 251 406 316 527 115516 0 0 0 waiting 
0 253 405 319 526 115517 0 0 1 waiting 
0 256 404 323 525 115518 0 0 1 waiting 
0 259 403 327 524 115519 0 0 1 waiting 
1 448 475 520 611 115500 0 0 0 waiting 
1 448 475 519 610 115501 0 0 1 standing 
1 448 475 518 610 115502 0 0 1 standing 
1 448 475 517 610 115503 0 0 0 standing 
1 445 474 518 609 115504 0 0 1 standing 
1 442 474 519 609 115505 0 0 1 standing 
1 440 473 521 608 115506 0 0 1 standing 
1 437 473 522 608 115507 0 0 1 standing 
1 435 472 524 607 115508 0 0 1 standing 
1 432 472 525 607 115509 0 0 1 standing 
1 430 472 527 607 115510 0 0 0 standing 
1 429 471 520 607 115511 0 0 1 standing 
1 428 471 514 608 115512 0 0 1 standing 
1 427 470 507 608 115513 0 0 1 standing 
1 426 470 501 609 115514 0 0 1 standing 
1 425 469 494 609 115515 0 0 1 standing 
1 425 469 488 610 115516 0 0 0 standing 
1 420 468 488 611 115517 0 0 1 standing 
1 416 468 489 612 115518 0 0 1 standing 
1 412 467 490 613 115519 0 0 1 standing 
2 393 387 441 507 115500 0 0 0 standing 
2 393 391 442 507 115501 0 0 1 falling 
2 394 396 443 507 115502 0 0 1 falling 
2 395 401 445 508 115503 0 0 1 falling 
2 395 406 446 508 115504 0 0 1 falling 
2 396 411 447 508 115505 0 0 1 falling 
2 397 416 449 509 115506 0 0 0 falling 
2 396 417 449 505 115507 0 0 1 falling 
2 395 418 449 501 115508 0 0 1 falling 
2 394 419 449 497 115509 0 0 1 falling 
2 394 421 449 493 115510 0 0 0 falling 
2 395 419 450 495 115511 0 0 1 falling 
2 397 418 451 497 115512 0 0 1 falling 
2 398 417 453 500 115513 0 0 1 falling 
2 400 416 454 502 115514 0 0 1 falling 
2 401 415 455 504 115515 0 0 1 falling 
2 403 414 457 507 115516 0 0 0 falling 
2 404 411 458 507 115517 0 0 1 falling 
2 406 408 460 508 115518 0 0 1 falling 
2 408 405 461 508 115519 0 0 1 falling 
3 593 366 634 479 115500 0 0 0 falling 
3 597 365 638 478 115501 0 0 1 standing 
3 602 365 643 478 115502 0 0 1 standing 
3 606 365 647 478 115503 0 0 1 standing 
3 611 365 652 478 115504 0 0 1 standing 
3 615 365 656 478 115505 0 0 1 standing 
3 620 364 661 477 115506 0 0 1 standing 
3 624 364 665 477 115507 0 0 1 standing 
3 629 364 670 477 115508 0 0 1 standing 
3 633 364 674 477 115509 0 0 1 standing 
3 638 364 679 477 115510 0 0 0 standing 
3 641 364 682 477 115511 0 0 1 standing 
3 644 364 685 477 115512 0 0 1 standing 
3 647 364 688 477 115513 0 0 1 standing 
3 650 364 691 477 115514 0 0 1 standing 
3 654 365 695 478 115515 0 0 1 standing 
3 657 365 698 478 115516 0 0 1 standing 
3 660 365 701 478 115517 0 0 1 standing 
3 663 365 704 478 115518 0 0 1 standing 
3 666 365 707 478 115519 0 0 1 standing 
4 755 446 836 581 115500 0 0 0 standing 
4 753 446 836 581 115501 0 0 1 standing 
4 752 447 836 582 115502 0 0 1 standing 
4 750 448 836 583 115503 0 0 1 standing 
4 749 449 836 583 115504 0 0 1 standing 
4 748 450 837 584 115505 0 0 1 standing 
4 746 450 837 585 115506 0 0 1 standing 
4 745 451 837 585 115507 0 0 1 standing 
4 743 452 837 586 115508 0 0 1 standing 
4 742 453 837 587 115509 0 0 1 standing 
4 741 454 838 588 115510 0 0 0 standing 
4 742 453 834 587 115511 0 0 1 standing 
4 744 453 831 586 115512 0 0 1 standing 
4 745 453 827 586 115513 0 0 1 standing 
4 747 452 824 585 115514 0 0 1 standing 
4 748 452 820 584 115515 0 0 1 standing 
4 750 452 817 584 115516 0 0 0 standing 
4 751 451 816 583 115517 0 0 1 standing 
4 753 451 815 583 115518 0 0 1 standing 
4 755 451 814 583 115519 0 0 1 standing 
5 959 419 1032 535 115500 0 0 0 standing 
5 959 418 1029 534 115501 0 0 1 standing 
5 959 418 1027 534 115502 0 0 1 standing 
5 959 418 1025 533 115503 0 0 1 standing 
5 960 417 1022 533 115504 0 0 1 standing 
5 960 417 1020 533 115505 0 0 1 standing 
5 960 417 1018 532 115506 0 0 1 standing 
5 961 416 1015 532 115507 0 0 1 standing 
5 961 416 1013 531 115508 0 0 1 standing 
5 961 416 1011 531 115509 0 0 1 standing 
5 962 416 1009 531 115510 0 0 0 standing 
5 962 414 1009 531 115511 0 0 1 standing 
5 962 413 1009 532 115512 0 0 1 standing 
5 962 411 1009 533 115513 0 0 1 standing 
5 962 410 1009 534 115514 0 0 1 standing 
5 962 409 1009 535 115515 0 0 1 standing 
5 962 407 1009 536 115516 0 0 1 standing 
5 962 406 1009 537 115517 0 0 1 standing 
5 962 404 1009 538 115518 0 0 1 standing 
5 962 403 1009 539 115519 0 0 1 standing 
6 306 446 390 571 115500 0 1 0 standing 
6 306 448 393 570 115501 0 1 1 falling 
6 306 450 396 570 115502 0 1 1 falling 
6 307 453 399 570 115503 0 1 1 falling 
6 307 455 402 569 115504 0 1 1 falling 
6 308 458 405 569 115505 0 1 1 falling 
6 308 460 408 569 115506 0 1 1 falling 
6 309 463 412 569 115507 0 1 0 falling 
6 312 464 416 569 115508 0 1 1 falling 
6 316 466 420 569 115509 0 1 1 falling 
6 320 468 424 569 115510 0 1 1 falling 
6 324 470 428 569 115511 0 1 1 falling 
6 327 472 433 569 115512 0 1 1 falling 
6 331 474 437 569 115513 0 1 1 falling 
6 335 476 441 569 115514 0 1 1 falling 
6 339 478 445 569 115515 0 1 1 falling 
6 342 480 450 569 115516 0 1 1 falling 
6 346 482 454 569 115517 0 1 1 falling 
6 350 484 458 569 115518 0 1 1 falling 
6 354 486 462 569 115519 0 1 1 falling 
7 471 458 548 531 115500 0 0 0 falling 
7 470 458 547 531 115501 0 0 1 falling 
7 470 458 547 531 115502 0 0 1 falling 
7 469 459 546 532 115503 0 0 1 falling 
7 469 459 546 532 115504 0 0 1 falling 
7 469 460 546 533 115505 0 0 0 falling 
7 469 458 546 531 115506 0 0 1 falling 
7 470 457 547 530 115507 0 0 1 falling 
7 471 456 548 529 115508 0 0 1 falling 
7 472 455 549 528 115509 0 0 1 falling 
7 473 454 550 527 115510 0 0 0 falling 
7 474 452 550 527 115511 0 0 1 falling 
7 476 450 550 528 115512 0 0 1 falling 
7 478 448 550 528 115513 0 0 1 falling 
7 480 447 551 529 115514 0 0 1 falling 
7 482 445 551 530 115515 0 0 1 falling 
7 484 443 551 530 115516 0 0 1 falling 
7 486 442 552 531 115517 0 0 1 falling 
7 488 440 552 531 115518 0 0 1 falling 
7 490 438 552 532 115519 0 0 1 falling 
8 546 427 589 495 115500 0 0 0 falling 
8 547 426 589 494 115501 0 0 1 falling 
8 548 425 590 493 115502 0 0 1 falling 
8 549 424 591 493 115503 0 0 1 falling 
8 550 423 592 492 115504 0 0 1 falling 
8 551 422 593 492 115505 0 0 1 falling 
8 552 421 593 491 115506 0 0 1 falling 
8 553 420 594 490 115507 0 0 1 falling 
8 554 419 595 490 115508 0 0 1 falling 
8 555 418 596 489 115509 0 0 1 falling 
8 556 417 597 489 115510 0 0 0 falling 
8 554 414 597 489 115511 0 0 1 falling 
8 553 412 597 490 115512 0 0 1 falling 
8 552 409 597 490 115513 0 0 1 falling 
8 551 407 597 491 115514 0 0 1 falling 
8 550 405 598 491 115515 0 0 1 falling 
8 549 402 598 492 115516 0 0 1 falling 
8 548 400 598 492 115517 0 0 1 falling 
8 547 397 598 493 115518 0 0 1 falling 
8 546 395 598 493 115519 0 0 1 falling 
9 611 374 661 500 115500 0 0 0 falling 
9 613 374 663 499 115501 0 0 1 standing 
9 616 374 666 498 115502 0 0 1 standing 
9 619 374 669 498 115503 0 0 1 standing 
9 622 374 671 497 115504 0 0 1 standing 
9 625 375 674 497 115505 0 0 1 standing 
9 627 375 677 496 115506 0 0 1 standing 
9 630 375 679 495 115507 0 0 1 standing 
9 633 375 682 495 115508 0 0 1 standing 
9 636 375 685 494 115509 0 0 1 standing 
9 639 376 688 494 115510 0 0 0 standing 
9 640 377 688 495 115511 0 0 1 standing 
9 642 379 689 497 115512 0 0 1 standing 
9 643 380 690 498 115513 0 0 1 standing 
9 645 382 691 500 115514 0 0 1 standing 
9 646 384 692 501 115515 0 0 1 standing 
9 648 385 693 503 115516 0 0 1 standing 
9 649 387 694 504 115517 0 0 1 standing 
9 651 388 695 506 115518 0 0 1 standing 
9 652 390 696 507 115519 0 0 1 standing 
10 864 377 910 492 115500 0 0 0 standing 
10 863 377 909 491 115501 0 0 1 standing 
10 862 377 909 491 115502 0 0 1 standing 
10 861 377 909 491 115503 0 0 1 standing 
10 860 377 909 491 115504 0 0 1 standing 
10 860 377 909 491 115505 0 0 1 standing 
10 859 377 909 490 115506 0 0 1 standing 
10 858 377 909 490 115507 0 0 1 standing 
10 857 377 909 490 115508 0 0 1 standing 
10 856 377 909 490 115509 0 0 1 standing 
10 856 377 909 490 115510 0 0 0 standing 
10 855 376 908 490 115511 0 0 1 standing 
10 855 376 908 491 115512 0 0 1 standing 
10 855 376 908 492 115513 0 0 1 standing 
10 855 375 907 492 115514 0 0 1 standing 
10 855 375 907 493 115515 0 0 1 standing 
10 854 375 907 494 115516 0 0 1 standing 
10 854 374 906 494 115517 0 0 1 standing 
10 854 374 906 495 115518 0 0 1 standing 
10 854 374 906 496 115519 0 0 1 standing 
11 936 464 1008 584 115500 0 0 0 standing 
11 936 464 1008 584 115501 0 0 1 waiting 
11 936 464 1008 584 115502 0 0 1 waiting 
11 936 464 1008 584 115503 0 0 1 waiting 
11 936 464 1008 584 115504 0 0 1 waiting 
11 936 464 1008 584 115505 0 0 1 waiting 
11 936 464 1008 584 115506 0 0 1 waiting 
11 936 464 1008 584 115507 0 0 1 waiting 
11 936 464 1008 584 115508 0 0 1 waiting 
11 936 464 1008 584 115509 0 0 1 waiting 
11 937 464 1009 584 115510 0 0 0 waiting 
11 938 464 1009 583 115511 0 0 1 waiting 
11 939 464 1009 583 115512 0 0 1 waiting 
11 941 464 1009 583 115513 0 0 1 waiting 
11 942 464 1009 583 115514 0 0 1 waiting 
11 944 464 1009 583 115515 0 0 1 waiting 
11 945 464 1009 583 115516 0 0 1 waiting 
11 946 464 1009 583 115517 0 0 1 waiting 
11 948 464 1009 583 115518 0 0 1 waiting 
11 949 464 1009 583 115519 0 0 1 waiting 
