0 639 313 687 434 12055 0 1 0 setting 
0 640 312 688 433 12056 0 1 1 setting 
0 641 312 689 433 12057 0 1 1 setting 
0 642 311 690 432 12058 0 1 1 setting 
0 643 311 691 432 12059 0 1 1 setting 
0 644 311 692 432 12060 0 1 1 setting 
0 645 310 693 431 12061 0 1 1 setting 
0 646 310 694 431 12062 0 1 1 setting 
0 647 309 695 430 12063 0 1 1 setting 
0 648 309 696 430 12064 0 1 1 setting 
0 649 309 697 430 12065 0 1 0 setting 
0 649 313 697 432 12066 0 1 1 setting 
0 649 317 697 435 12067 0 1 1 setting 
0 650 322 697 438 12068 0 1 1 setting 
0 650 326 698 441 12069 0 1 1 setting 
0 651 331 698 444 12070 0 1 1 setting 
0 651 335 698 446 12071 0 1 1 setting 
0 651 339 699 449 12072 0 1 1 setting 
0 652 344 699 452 12073 0 1 1 setting 
0 652 348 699 455 12074 0 1 1 setting 
1 893 449 967 596 12055 0 1 0 setting 
1 895 451 971 597 12056 0 1 1 moving 
1 897 454 975 599 12057 0 1 1 moving 
1 899 457 980 600 12058 0 1 1 moving 
1 902 459 984 602 12059 0 1 1 moving 
1 904 462 989 604 12060 0 1 1 moving 
1 906 465 993 605 12061 0 1 1 moving 
1 909 467 997 607 12062 0 1 1 moving 
1 911 470 1002 608 12063 0 1 1 moving 
1 913 473 1006 610 12064 0 1 1 moving 
1 916 476 1011 612 12065 0 1 0 moving 
1 913 475 1006 611 12066 0 1 1 moving 
1 910 474 1001 610 12067 0 1 1 moving 
1 907 473 996 609 12068 0 1 1 moving 
1 904 473 991 608 12069 0 1 1 moving 
1 901 472 987 608 12070 0 1 1 moving 
1 898 471 982 607 12071 0 1 1 moving 
1 895 471 977 606 12072 0 1 1 moving 
1 892 470 972 605 12073 0 1 1 moving 
1 889 469 967 604 12074 0 1 1 moving 
2 851 375 901 484 12055 0 0 0 moving 
2 850 377 902 485 12056 0 0 1 standing 
2 849 379 903 487 12057 0 0 1 standing 
2 849 381 905 489 12058 0 0 0 standing 
2 850 381 903 488 12059 0 0 1 standing 
2 852 381 902 488 12060 0 0 1 standing 
2 853 381 901 488 12061 0 0 1 standing 
2 855 381 900 488 12062 0 0 1 standing 
2 856 381 899 488 12063 0 0 1 standing 
2 858 382 898 488 12064 0 0 0 standing 
2 858 382 898 488 12065 0 0 1 standing 
2 858 383 898 489 12066 0 0 1 standing 
2 858 384 898 490 12067 0 0 0 standing 
2 857 385 900 491 12068 0 0 1 standing 
2 857 386 902 493 12069 0 0 1 standing 
2 857 388 905 495 12070 0 0 0 standing 
2 859 388 905 494 12071 0 0 1 standing 
2 861 388 905 494 12072 0 0 1 standing 
2 863 388 905 494 12073 0 0 0 standing 
2 864 388 905 495 12074 0 0 1 standing 
3 893 300 941 396 12055 0 0 0 standing 
3 897 300 944 396 12056 0 0 1 standing 
3 901 300 948 396 12057 0 0 1 standing 
3 905 301 952 396 12058 0 0 0 standing 
3 905 302 953 395 12059 0 0 1 standing 
3 905 303 954 395 12060 0 0 1 standing 
3 905 304 956 395 12061 0 0 0 standing 
3 903 305 959 395 12062 0 0 1 standing 
3 902 307 962 395 12063 0 0 1 standing 
3 901 309 966 395 12064 0 0 0 standing 
3 903 309 964 395 12065 0 0 1 standing 
3 905 309 963 396 12066 0 0 1 standing 
3 908 310 962 397 12067 0 0 0 standing 
3 909 311 960 399 12068 0 0 1 standing 
3 910 312 958 401 12069 0 0 1 standing 
3 911 314 957 404 12070 0 0 0 standing 
3 911 315 959 406 12071 0 0 1 standing 
3 911 316 961 409 12072 0 0 1 standing 
3 911 318 963 412 12073 0 0 0 standing 
3 913 318 965 413 12074 0 0 1 standing 
4 731 264 785 348 12055 0 0 0 standing 
4 736 264 789 351 12056 0 0 1 moving 
4 741 264 794 354 12057 0 0 1 moving 
4 746 264 799 357 12058 0 0 0 moving 
4 748 264 801 357 12059 0 0 1 moving 
4 750 264 803 357 12060 0 0 1 moving 
4 752 264 805 357 12061 0 0 0 moving 
4 752 265 808 357 12062 0 0 1 moving 
4 753 266 811 357 12063 0 0 1 moving 
4 754 267 814 358 12064 0 0 0 moving 
4 754 265 816 356 12065 0 0 1 moving 
4 755 264 818 354 12066 0 0 1 moving 
4 756 263 820 353 12067 0 0 0 moving 
4 757 263 819 355 12068 0 0 1 moving 
4 759 264 818 357 12069 0 0 1 moving 
4 761 265 818 359 12070 0 0 0 moving 
4 761 265 814 358 12071 0 0 1 moving 
4 762 265 811 358 12072 0 0 1 moving 
4 763 265 808 358 12073 0 0 0 moving 
4 762 265 808 359 12074 0 0 1 moving 
5 674 355 741 465 12055 0 0 0 moving 
5 674 355 740 463 12056 0 0 1 standing 
5 675 355 739 461 12057 0 0 1 standing 
5 676 355 739 460 12058 0 0 0 standing 
5 668 356 731 461 12059 0 0 1 standing 
5 660 357 723 462 12060 0 0 1 standing 
5 652 359 715 464 12061 0 0 0 standing 
5 652 359 711 465 12062 0 0 1 standing 
5 652 360 707 466 12063 0 0 1 standing 
5 652 361 704 467 12064 0 0 0 standing 
5 654 359 705 466 12065 0 0 1 standing 
5 656 358 707 466 12066 0 0 1 standing 
5 658 357 709 466 12067 0 0 0 standing 
5 665 357 713 468 12068 0 0 1 standing 
5 672 357 717 470 12069 0 0 1 standing 
5 680 358 722 473 12070 0 0 0 standing 
5 681 359 726 475 12071 0 0 1 standing 
5 682 360 730 477 12072 0 0 1 standing 
5 683 361 735 479 12073 0 0 0 standing 
5 687 362 740 479 12074 0 0 1 standing 
6 535 414 572 526 12055 0 0 0 standing 
6 537 413 574 525 12056 0 0 1 standing 
6 539 413 576 525 12057 0 0 1 standing 
6 542 413 579 525 12058 0 0 0 standing 
6 544 412 581 524 12059 0 0 1 standing 
6 546 412 583 524 12060 0 0 1 standing 
6 548 412 585 524 12061 0 0 0 standing 
6 551 411 588 523 12062 0 0 1 standing 
6 554 411 591 523 12063 0 0 1 standing 
6 557 411 594 523 12064 0 0 0 standing 
6 558 412 596 523 12065 0 0 1 standing 
6 560 413 599 524 12066 0 0 1 standing 
6 562 414 602 525 12067 0 0 0 standing 
6 565 414 605 526 12068 0 0 1 standing 
6 568 415 608 527 12069 0 0 1 standing 
6 572 416 611 528 12070 0 0 0 standing 
6 575 418 614 530 12071 0 0 1 standing 
6 578 420 617 532 12072 0 0 1 standing 
6 581 423 620 535 12073 0 0 0 standing 
6 584 423 622 536 12074 0 0 1 standing 
7 531 342 568 442 12055 0 0 0 standing 
7 534 341 570 441 12056 0 0 1 standing 
7 537 340 572 440 12057 0 0 1 standing 
7 540 340 574 439 12058 0 0 0 standing 
7 544 341 578 440 12059 0 0 1 standing 
7 548 342 582 441 12060 0 0 1 standing 
7 552 343 586 442 12061 0 0 0 standing 
7 553 345 588 444 12062 0 0 1 standing 
7 555 348 591 446 12063 0 0 1 standing 
7 557 351 594 449 12064 0 0 0 standing 
7 560 354 597 452 12065 0 0 1 standing 
7 563 357 600 455 12066 0 0 1 standing 
7 566 361 603 459 12067 0 0 0 standing 
7 568 362 607 460 12068 0 0 1 standing 
7 570 364 612 461 12069 0 0 1 standing 
7 573 366 617 463 12070 0 0 0 standing 
7 577 368 620 464 12071 0 0 1 standing 
7 582 370 623 466 12072 0 0 1 standing 
7 587 372 626 468 12073 0 0 0 standing 
7 591 372 629 468 12074 0 0 1 standing 
8 535 296 581 390 12055 0 0 0 standing 
8 537 296 583 390 12056 0 0 1 standing 
8 540 296 586 390 12057 0 0 1 standing 
8 543 296 589 390 12058 0 0 0 standing 
8 546 296 592 390 12059 0 0 1 standing 
8 549 296 595 390 12060 0 0 1 standing 
8 552 296 598 390 12061 0 0 0 standing 
8 554 296 601 389 12062 0 0 1 standing 
8 557 296 604 389 12063 0 0 1 standing 
8 560 296 607 389 12064 0 0 0 standing 
8 562 295 609 388 12065 0 0 1 standing 
8 564 294 611 387 12066 0 0 1 standing 
8 567 293 614 386 12067 0 0 0 standing 
8 570 293 617 386 12068 0 0 1 standing 
8 573 293 620 386 12069 0 0 1 standing 
8 576 294 623 387 12070 0 0 0 standing 
8 577 294 624 387 12071 0 0 1 standing 
8 579 295 626 388 12072 0 0 1 standing 
8 581 296 628 389 12073 0 0 0 standing 
8 580 297 630 388 12074 0 0 1 standing 
9 331 310 371 397 12055 0 0 0 standing 
9 330 310 371 396 12056 0 0 1 standing 
9 330 310 371 395 12057 0 0 1 standing 
9 330 311 372 394 12058 0 0 0 standing 
9 331 311 373 394 12059 0 0 1 standing 
9 332 311 374 394 12060 0 0 1 standing 
9 333 311 375 394 12061 0 0 0 standing 
9 334 310 376 393 12062 0 0 1 standing 
9 335 309 378 392 12063 0 0 1 standing 
9 337 308 380 391 12064 0 0 0 standing 
9 338 306 381 389 12065 0 0 1 standing 
9 339 305 382 388 12066 0 0 1 standing 
9 341 304 384 387 12067 0 0 0 standing 
9 341 304 384 386 12068 0 0 1 standing 
9 342 305 384 386 12069 0 0 1 standing 
9 343 306 385 386 12070 0 0 0 standing 
9 344 307 385 386 12071 0 0 1 standing 
9 345 308 386 386 12072 0 0 1 standing 
9 346 310 387 387 12073 0 0 0 standing 
9 345 311 387 387 12074 0 0 1 standing 
10 289 417 351 529 12055 0 0 0 standing 
10 291 418 352 528 12056 0 0 1 standing 
10 293 420 354 528 12057 0 0 1 standing 
10 295 422 356 528 12058 0 0 0 standing 
10 295 422 354 527 12059 0 0 1 standing 
10 296 422 353 527 12060 0 0 1 standing 
10 297 422 352 527 12061 0 0 0 standing 
10 298 421 349 529 12062 0 0 1 standing 
10 299 420 346 531 12063 0 0 1 standing 
10 300 420 344 533 12064 0 0 0 standing 
10 301 420 345 534 12065 0 0 1 standing 
10 302 421 346 535 12066 0 0 1 standing 
10 304 422 347 537 12067 0 0 0 standing 
10 305 423 349 538 12068 0 0 1 standing 
10 306 424 351 539 12069 0 0 1 standing 
10 307 425 353 540 12070 0 0 0 standing 
10 307 426 353 541 12071 0 0 1 standing 
10 307 428 353 542 12072 0 0 1 standing 
10 308 430 353 543 12073 0 0 0 standing 
10 307 431 352 542 12074 0 0 1 standing 
11 214 368 267 469 12055 0 0 0 standing 
11 211 368 261 468 12056 0 0 1 standing 
11 209 368 255 467 12057 0 0 1 standing 
11 207 368 249 467 12058 0 0 0 standing 
11 204 369 246 469 12059 0 0 1 standing 
11 201 370 243 471 12060 0 0 1 standing 
11 199 371 240 474 12061 0 0 0 standing 
11 194 373 237 477 12062 0 0 1 standing 
11 189 375 235 481 12063 0 0 1 standing 
11 184 377 233 485 12064 0 0 0 standing 
11 180 378 233 486 12065 0 0 1 standing 
11 176 380 233 487 12066 0 0 1 standing 
11 172 382 233 489 12067 0 0 0 standing 
11 174 382 232 489 12068 0 0 1 standing 
11 177 382 231 489 12069 0 0 1 standing 
11 180 383 230 489 12070 0 0 0 standing 
11 179 383 228 488 12071 0 0 1 standing 
11 178 383 226 488 12072 0 0 1 standing 
11 178 383 224 488 12073 0 0 0 standing 
11 175 384 223 490 12074 0 0 1 standing 
