0 739 441 795 620 58380 0 1 0 spiking 
0 732 438 795 614 58381 0 1 1 spiking 
0 725 435 796 609 58382 0 1 1 spiking 
0 719 433 796 604 58383 0 1 1 spiking 
0 712 430 797 599 58384 0 1 1 spiking 
0 705 427 797 594 58385 0 1 1 spiking 
0 699 425 798 589 58386 0 1 0 spiking 
0 698 418 795 584 58387 0 1 1 spiking 
0 698 411 792 579 58388 0 1 1 spiking 
0 698 404 789 574 58389 0 1 1 spiking 
0 698 398 787 570 58390 0 1 0 spiking 
0 701 399 789 572 58391 0 1 1 spiking 
0 704 400 791 575 58392 0 1 1 spiking 
0 708 402 794 578 58393 0 1 0 spiking 
0 711 417 797 587 58394 0 1 1 spiking 
0 714 432 800 597 58395 0 1 1 spiking 
0 717 448 803 607 58396 0 1 1 spiking 
0 721 463 806 616 58397 0 1 1 spiking 
0 724 479 809 626 58398 0 1 1 spiking 
0 727 494 812 636 58399 0 1 1 spiking 
1 566 420 617 573 58380 0 1 0 spiking 
1 569 415 620 570 58381 0 1 1 blocking 
1 572 410 623 568 58382 0 1 1 blocking 
1 575 405 626 566 58383 0 1 1 blocking 
1 578 400 629 564 58384 0 1 1 blocking 
1 581 395 632 562 58385 0 1 1 blocking 
1 584 390 635 559 58386 0 1 1 blocking 
1 587 385 638 557 58387 0 1 1 blocking 
1 590 380 641 555 58388 0 1 1 blocking 
1 593 375 644 553 58389 0 1 1 blocking 
1 596 370 647 551 58390 0 1 1 blocking 
1 599 365 650 549 58391 0 1 0 blocking 
1 600 369 653 553 58392 0 1 1 blocking 
1 602 374 656 557 58393 0 1 1 blocking 
1 603 378 660 561 58394 0 1 1 blocking 
1 605 383 663 566 58395 0 1 1 blocking 
1 607 388 667 570 58396 0 1 1 blocking 
1 608 392 670 574 58397 0 1 1 blocking 
1 610 397 673 579 58398 0 1 1 blocking 
1 611 401 677 583 58399 0 1 1 blocking 
2 548 457 609 613 58380 0 1 0 blocking 
2 552 450 611 611 58381 0 1 1 blocking 
2 556 443 614 610 58382 0 1 1 blocking 
2 560 436 616 609 58383 0 1 1 blocking 
2 564 430 619 608 58384 0 1 1 blocking 
2 568 423 621 607 58385 0 1 1 blocking 
2 572 416 624 606 58386 0 1 1 blocking 
2 576 409 626 605 58387 0 1 1 blocking 
2 580 403 629 604 58388 0 1 1 blocking 
2 584 396 631 603 58389 0 1 1 blocking 
2 588 389 634 602 58390 0 1 1 blocking 
2 593 383 637 601 58391 0 1 0 blocking 
2 597 385 641 602 58392 0 1 1 blocking 
2 601 388 645 603 58393 0 1 1 blocking 
2 606 390 650 605 58394 0 1 1 blocking 
2 610 393 654 606 58395 0 1 1 blocking 
2 615 395 659 608 58396 0 1 1 blocking 
2 619 398 663 609 58397 0 1 1 blocking 
2 623 400 667 610 58398 0 1 1 blocking 
2 628 403 672 612 58399 0 1 1 blocking 
3 53 404 117 539 58380 0 0 0 blocking 
3 49 405 116 540 58381 0 0 1 waiting 
3 46 406 116 541 58382 0 0 1 waiting 
3 43 408 116 542 58383 0 0 0 waiting 
3 40 410 117 544 58384 0 0 1 waiting 
3 38 413 118 547 58385 0 0 1 waiting 
3 36 416 120 550 58386 0 0 0 waiting 
3 36 419 120 551 58387 0 0 1 waiting 
3 36 422 120 552 58388 0 0 1 waiting 
3 36 426 120 554 58389 0 0 0 waiting 
3 39 427 125 555 58390 0 0 1 waiting 
3 43 428 130 557 58391 0 0 1 waiting 
3 47 429 136 559 58392 0 0 0 waiting 
3 50 431 136 562 58393 0 0 1 waiting 
3 54 433 136 566 58394 0 0 1 waiting 
3 58 436 137 570 58395 0 0 0 waiting 
3 62 439 139 571 58396 0 0 1 waiting 
3 66 443 141 573 58397 0 0 1 waiting 
3 70 447 143 575 58398 0 0 1 waiting 
3 74 451 145 577 58399 0 0 1 waiting 
4 233 361 299 453 58380 0 0 0 waiting 
4 237 360 300 454 58381 0 0 1 standing 
4 241 360 301 456 58382 0 0 1 standing 
4 245 360 303 458 58383 0 0 0 standing 
4 248 359 304 460 58384 0 0 1 standing 
4 252 358 306 463 58385 0 0 1 standing 
4 256 358 308 466 58386 0 0 0 standing 
4 258 356 310 466 58387 0 0 1 standing 
4 260 354 313 466 58388 0 0 1 standing 
4 263 353 316 467 58389 0 0 0 standing 
4 264 353 319 469 58390 0 0 1 standing 
4 265 353 322 471 58391 0 0 1 standing 
4 267 354 326 473 58392 0 0 0 standing 
4 264 357 332 477 58393 0 0 1 standing 
4 261 360 339 481 58394 0 0 1 standing 
4 259 363 346 485 58395 0 0 0 standing 
4 260 369 350 488 58396 0 0 1 standing 
4 262 375 354 492 58397 0 0 1 standing 
4 263 381 358 495 58398 0 0 1 standing 
4 265 387 362 499 58399 0 0 1 standing 
5 103 484 236 615 58380 0 0 0 standing 
5 110 480 241 613 58381 0 0 1 moving 
5 117 476 247 612 58382 0 0 1 moving 
5 125 472 253 611 58383 0 0 0 moving 
5 145 469 264 603 58384 0 0 1 moving 
5 165 466 276 595 58385 0 0 1 moving 
5 186 463 288 587 58386 0 0 0 moving 
5 191 460 299 587 58387 0 0 1 moving 
5 196 457 311 587 58388 0 0 1 moving 
5 201 455 323 588 58389 0 0 0 moving 
5 213 453 335 584 58390 0 0 1 moving 
5 225 451 348 581 58391 0 0 1 moving 
5 237 450 361 578 58392 0 0 0 moving 
5 260 452 371 579 58393 0 0 1 moving 
5 283 455 381 580 58394 0 0 1 moving 
5 307 458 391 581 58395 0 0 0 moving 
5 323 458 404 583 58396 0 0 1 moving 
5 339 458 417 585 58397 0 0 1 moving 
5 355 459 430 588 58398 0 0 1 moving 
5 371 459 443 590 58399 0 0 1 moving 
6 431 364 489 473 58380 0 0 0 moving 
6 419 364 485 473 58381 0 0 1 digging 
6 407 364 481 473 58382 0 0 1 digging 
6 396 365 478 474 58383 0 0 0 digging 
6 394 364 480 473 58384 0 0 1 digging 
6 392 364 482 473 58385 0 0 1 digging 
6 390 364 485 473 58386 0 0 0 digging 
6 393 364 484 473 58387 0 0 1 digging 
6 396 364 483 473 58388 0 0 1 digging 
6 400 364 482 473 58389 0 0 0 digging 
6 400 365 476 474 58390 0 0 1 digging 
6 401 366 471 475 58391 0 0 1 digging 
6 402 367 466 477 58392 0 0 0 digging 
6 396 368 466 479 58393 0 0 1 digging 
6 391 369 467 481 58394 0 0 1 digging 
6 386 371 468 484 58395 0 0 0 digging 
6 390 373 472 484 58396 0 0 1 digging 
6 394 375 477 484 58397 0 0 1 digging 
6 398 378 481 484 58398 0 0 1 digging 
6 402 380 486 484 58399 0 0 1 digging 
7 688 425 753 540 58380 0 0 0 digging 
7 686 425 751 540 58381 0 0 1 standing 
7 684 425 749 540 58382 0 0 1 standing 
7 682 425 747 540 58383 0 0 0 standing 
7 681 426 746 541 58384 0 0 1 standing 
7 681 428 745 543 58385 0 0 1 standing 
7 681 430 745 545 58386 0 0 0 standing 
7 683 431 755 549 58387 0 0 1 standing 
7 685 432 765 553 58388 0 0 1 standing 
7 687 433 776 557 58389 0 0 0 standing 
7 692 436 779 560 58390 0 0 1 standing 
7 697 439 782 563 58391 0 0 1 standing 
7 702 442 786 567 58392 0 0 0 standing 
7 706 446 791 572 58393 0 0 1 standing 
7 710 451 796 577 58394 0 0 1 standing 
7 714 456 802 583 58395 0 0 0 standing 
7 718 459 805 585 58396 0 0 1 standing 
7 722 463 808 587 58397 0 0 1 standing 
7 726 466 811 589 58398 0 0 1 standing 
7 730 470 814 591 58399 0 0 1 standing 
8 822 393 876 524 58380 0 0 0 standing 
8 818 394 872 526 58381 0 0 1 standing 
8 814 395 868 528 58382 0 0 1 standing 
8 811 397 864 531 58383 0 0 0 standing 
8 811 397 868 526 58384 0 0 1 standing 
8 811 397 873 521 58385 0 0 1 standing 
8 811 397 878 517 58386 0 0 0 standing 
8 806 398 882 515 58387 0 0 1 standing 
8 801 399 886 514 58388 0 0 1 standing 
8 797 400 891 513 58389 0 0 0 standing 
8 803 401 893 514 58390 0 0 1 standing 
8 809 402 896 516 58391 0 0 1 standing 
8 815 404 899 518 58392 0 0 0 standing 
8 819 406 903 520 58393 0 0 1 standing 
8 824 409 908 523 58394 0 0 1 standing 
8 829 412 913 526 58395 0 0 0 standing 
8 831 414 915 528 58396 0 0 1 standing 
8 833 416 917 530 58397 0 0 1 standing 
8 836 418 920 532 58398 0 0 1 standing 
8 838 420 922 534 58399 0 0 1 standing 
9 787 405 843 494 58380 0 0 0 standing 
9 790 403 849 499 58381 0 0 1 standing 
9 793 401 856 504 58382 0 0 1 standing 
9 796 400 863 509 58383 0 0 0 standing 
9 799 402 864 517 58384 0 0 1 standing 
9 802 404 866 525 58385 0 0 1 standing 
9 806 406 868 533 58386 0 0 0 standing 
9 810 408 867 537 58387 0 0 1 standing 
9 815 410 866 541 58388 0 0 1 standing 
9 820 413 865 545 58389 0 0 0 standing 
9 821 414 867 547 58390 0 0 1 standing 
9 822 415 869 549 58391 0 0 1 standing 
9 824 416 872 551 58392 0 0 0 standing 
9 830 416 875 550 58393 0 0 1 standing 
9 836 416 878 550 58394 0 0 1 standing 
9 842 417 882 550 58395 0 0 0 standing 
9 842 419 885 552 58396 0 0 1 standing 
9 842 422 888 555 58397 0 0 1 standing 
9 842 424 891 557 58398 0 0 1 standing 
9 842 427 894 560 58399 0 0 1 standing 
10 742 426 812 560 58380 0 0 0 standing 
10 748 427 813 565 58381 0 0 1 standing 
10 754 429 814 570 58382 0 0 1 standing 
10 760 431 815 575 58383 0 0 0 standing 
10 763 434 818 579 58384 0 0 1 standing 
10 767 438 821 583 58385 0 0 1 standing 
10 771 442 825 587 58386 0 0 0 standing 
10 773 441 830 587 58387 0 0 1 standing 
10 775 440 835 587 58388 0 0 1 standing 
10 778 440 841 588 58389 0 0 0 standing 
10 784 441 846 590 58390 0 0 1 standing 
10 790 442 851 593 58391 0 0 1 standing 
10 797 443 856 596 58392 0 0 0 standing 
10 803 447 862 599 58393 0 0 1 standing 
10 809 452 868 602 58394 0 0 1 standing 
10 816 457 874 606 58395 0 0 0 standing 
10 822 463 880 610 58396 0 0 1 standing 
10 828 469 886 615 58397 0 0 1 standing 
10 834 475 893 620 58398 0 0 1 standing 
10 840 481 899 625 58399 0 0 1 standing 
11 1018 418 1089 541 58380 0 0 0 standing 
11 1019 419 1086 547 58381 0 0 1 standing 
11 1020 421 1084 554 58382 0 0 1 standing 
11 1022 423 1082 561 58383 0 0 0 standing 
11 1025 422 1082 563 58384 0 0 1 standing 
11 1028 421 1082 565 58385 0 0 1 standing 
11 1032 421 1082 568 58386 0 0 0 standing 
11 1035 422 1085 570 58387 0 0 1 standing 
11 1038 423 1089 572 58388 0 0 1 standing 
11 1041 425 1093 575 58389 0 0 0 standing 
11 1043 424 1097 575 58390 0 0 1 standing 
11 1045 423 1101 575 58391 0 0 1 standing 
11 1047 423 1106 576 58392 0 0 0 standing 
11 1047 425 1106 577 58393 0 0 1 standing 
11 1047 427 1106 578 58394 0 0 1 standing 
11 1047 430 1106 579 58395 0 0 0 standing 
11 1050 437 1109 582 58396 0 0 1 standing 
11 1053 444 1112 585 58397 0 0 1 standing 
11 1056 451 1115 588 58398 0 0 1 standing 
11 1059 458 1118 591 58399 0 0 1 standing 
