0 537 373 587 506 18640 0 1 0 setting 
0 538 365 588 501 18641 0 1 1 setting 
0 539 358 589 497 18642 0 1 1 setting 
0 540 350 590 492 18643 0 1 1 setting 
0 541 343 591 488 18644 0 1 1 setting 
0 542 335 592 483 18645 0 1 1 setting 
0 544 328 593 479 18646 0 1 0 setting 
0 542 324 591 475 18647 0 1 1 setting 
0 541 321 590 471 18648 0 1 1 setting 
0 540 318 589 467 18649 0 1 1 setting 
0 539 315 588 464 18650 0 1 0 setting 
0 537 322 586 466 18651 0 1 1 setting 
0 535 330 584 469 18652 0 1 1 setting 
0 533 337 582 471 18653 0 1 1 setting 
0 531 345 580 474 18654 0 1 1 setting 
0 530 353 578 477 18655 0 1 0 setting 
0 526 357 574 480 18656 0 1 1 setting 
0 523 361 571 483 18657 0 1 1 setting 
0 519 366 567 486 18658 0 1 1 setting 
0 516 370 564 489 18659 0 1 1 setting 
1 527 320 611 422 18640 0 1 0 setting 
1 534 319 612 422 18641 0 1 1 standing 
1 542 319 614 422 18642 0 1 1 standing 
1 550 318 615 423 18643 0 1 1 standing 
1 557 318 617 423 18644 0 1 1 standing 
1 565 317 618 423 18645 0 1 1 standing 
1 573 317 620 424 18646 0 1 0 standing 
1 576 307 621 422 18647 0 1 1 standing 
1 579 298 623 421 18648 0 1 1 standing 
1 582 289 624 420 18649 0 1 1 standing 
1 585 280 626 419 18650 0 1 0 standing 
1 582 278 623 415 18651 0 1 1 standing 
1 579 277 621 412 18652 0 1 1 standing 
1 576 275 619 409 18653 0 1 1 standing 
1 573 274 617 406 18654 0 1 1 standing 
1 571 273 615 403 18655 0 1 0 standing 
1 568 272 614 399 18656 0 1 1 standing 
1 565 272 613 395 18657 0 1 1 standing 
1 563 272 613 391 18658 0 1 0 standing 
1 562 272 612 391 18659 0 1 1 standing 
2 379 273 435 354 18640 0 1 0 standing 
2 383 272 440 354 18641 0 1 1 moving 
2 388 271 446 354 18642 0 1 1 moving 
2 393 270 452 355 18643 0 1 1 moving 
2 397 269 457 355 18644 0 1 1 moving 
2 402 268 463 355 18645 0 1 1 moving 
2 407 268 469 356 18646 0 1 0 moving 
2 413 265 476 356 18647 0 1 1 moving 
2 419 263 484 356 18648 0 1 1 moving 
2 426 261 491 356 18649 0 1 1 moving 
2 432 259 499 356 18650 0 1 1 moving 
2 438 257 506 356 18651 0 1 1 moving 
2 445 255 514 357 18652 0 1 0 moving 
2 452 258 520 360 18653 0 1 1 moving 
2 460 261 526 363 18654 0 1 1 moving 
2 468 265 533 366 18655 0 1 0 moving 
2 474 269 534 366 18656 0 1 1 moving 
2 481 273 535 367 18657 0 1 1 moving 
2 488 278 537 368 18658 0 1 0 moving 
2 486 270 535 367 18659 0 1 1 moving 
3 133 475 232 606 18640 0 1 0 moving 
3 141 471 243 604 18641 0 1 1 standing 
3 149 468 254 603 18642 0 1 1 standing 
3 158 465 266 602 18643 0 1 0 standing 
3 169 464 271 603 18644 0 1 1 standing 
3 180 464 277 604 18645 0 1 1 standing 
3 192 463 283 605 18646 0 1 1 standing 
3 203 463 289 606 18647 0 1 1 standing 
3 215 463 295 607 18648 0 1 0 standing 
3 217 462 305 604 18649 0 1 1 standing 
3 220 461 315 602 18650 0 1 1 standing 
3 223 460 325 599 18651 0 1 1 standing 
3 226 460 335 597 18652 0 1 0 standing 
3 234 460 339 595 18653 0 1 1 standing 
3 243 460 344 594 18654 0 1 1 standing 
3 252 460 348 592 18655 0 1 1 standing 
3 261 460 353 591 18656 0 1 0 standing 
3 275 460 358 590 18657 0 1 1 standing 
3 289 460 364 590 18658 0 1 1 standing 
3 303 460 369 589 18659 0 1 1 standing 
4 198 382 297 475 18640 0 1 0 standing 
4 204 379 304 473 18641 0 1 1 moving 
4 210 376 311 471 18642 0 1 1 moving 
4 217 374 319 470 18643 0 1 0 moving 
4 225 373 326 469 18644 0 1 1 moving 
4 233 372 333 469 18645 0 1 1 moving 
4 241 371 341 468 18646 0 1 1 moving 
4 249 370 348 468 18647 0 1 1 moving 
4 258 369 356 468 18648 0 1 0 moving 
4 270 365 373 466 18649 0 1 1 moving 
4 282 362 390 465 18650 0 1 1 moving 
4 294 358 407 464 18651 0 1 1 moving 
4 306 355 424 463 18652 0 1 0 moving 
4 322 356 425 463 18653 0 1 1 moving 
4 339 357 427 464 18654 0 1 1 moving 
4 356 358 428 465 18655 0 1 1 moving 
4 373 360 430 466 18656 0 1 0 moving 
4 375 360 435 466 18657 0 1 1 moving 
4 377 360 441 466 18658 0 1 1 moving 
4 379 360 446 466 18659 0 1 1 moving 
5 207 350 260 440 18640 0 0 0 moving 
5 206 349 262 440 18641 0 0 1 standing 
5 206 349 265 440 18642 0 0 1 standing 
5 206 348 268 441 18643 0 0 1 standing 
5 206 348 271 441 18644 0 0 1 standing 
5 205 347 273 441 18645 0 0 1 standing 
5 205 347 276 442 18646 0 0 1 standing 
5 205 346 279 442 18647 0 0 1 standing 
5 205 346 282 443 18648 0 0 0 standing 
5 202 349 274 446 18649 0 0 1 standing 
5 200 352 266 450 18650 0 0 1 standing 
5 197 355 258 454 18651 0 0 1 standing 
5 195 359 251 458 18652 0 0 0 standing 
5 193 360 249 459 18653 0 0 1 standing 
5 192 361 248 461 18654 0 0 1 standing 
5 190 363 247 462 18655 0 0 1 standing 
5 189 364 246 464 18656 0 0 1 standing 
5 187 365 244 466 18657 0 0 1 standing 
5 186 367 243 467 18658 0 0 1 standing 
5 184 368 242 469 18659 0 0 1 standing 
6 892 430 954 529 18640 0 0 0 standing 
6 893 429 955 528 18641 0 0 1 waiting 
6 895 429 956 528 18642 0 0 1 waiting 
6 897 428 958 528 18643 0 0 1 waiting 
6 899 428 959 528 18644 0 0 1 waiting 
6 901 428 961 528 18645 0 0 1 waiting 
6 902 427 962 528 18646 0 0 1 waiting 
6 904 427 963 528 18647 0 0 1 waiting 
6 906 426 965 528 18648 0 0 1 waiting 
6 908 426 966 528 18649 0 0 1 waiting 
6 910 426 968 528 18650 0 0 0 waiting 
6 910 428 967 530 18651 0 0 1 waiting 
6 910 430 966 532 18652 0 0 1 waiting 
6 910 432 965 535 18653 0 0 0 waiting 
6 906 431 960 534 18654 0 0 1 waiting 
6 903 430 956 534 18655 0 0 1 waiting 
6 900 429 952 533 18656 0 0 1 waiting 
6 897 428 948 533 18657 0 0 1 waiting 
6 894 427 944 532 18658 0 0 1 waiting 
6 891 426 940 532 18659 0 0 1 waiting 
7 965 348 1026 463 18640 0 0 0 waiting 
7 969 348 1027 463 18641 0 0 1 standing 
7 973 348 1029 464 18642 0 0 1 standing 
7 977 349 1031 465 18643 0 0 1 standing 
7 981 349 1033 465 18644 0 0 1 standing 
7 985 350 1035 466 18645 0 0 1 standing 
7 989 350 1036 467 18646 0 0 1 standing 
7 993 350 1038 467 18647 0 0 1 standing 
7 997 351 1040 468 18648 0 0 1 standing 
7 1001 351 1042 469 18649 0 0 1 standing 
7 1005 352 1044 470 18650 0 0 0 standing 
7 1004 353 1044 470 18651 0 0 1 standing 
7 1003 354 1044 470 18652 0 0 1 standing 
7 1003 355 1044 471 18653 0 0 0 standing 
7 999 355 1041 471 18654 0 0 1 standing 
7 995 356 1038 471 18655 0 0 1 standing 
7 992 357 1035 471 18656 0 0 1 standing 
7 988 357 1033 471 18657 0 0 1 standing 
7 985 358 1030 471 18658 0 0 1 standing 
7 981 359 1027 471 18659 0 0 1 standing 
8 875 337 942 422 18640 0 0 0 standing 
8 876 336 942 421 18641 0 0 1 waiting 
8 877 335 943 421 18642 0 0 1 waiting 
8 878 334 943 420 18643 0 0 1 waiting 
8 880 334 944 420 18644 0 0 1 waiting 
8 881 333 944 419 18645 0 0 1 waiting 
8 882 332 945 419 18646 0 0 1 waiting 
8 884 332 945 418 18647 0 0 1 waiting 
8 885 331 946 418 18648 0 0 1 waiting 
8 886 330 946 417 18649 0 0 1 waiting 
8 888 330 947 417 18650 0 0 0 waiting 
8 888 331 946 418 18651 0 0 1 waiting 
8 888 332 946 419 18652 0 0 1 waiting 
8 889 333 946 421 18653 0 0 0 waiting 
8 887 331 943 420 18654 0 0 1 waiting 
8 886 330 941 419 18655 0 0 1 waiting 
8 885 329 939 419 18656 0 0 1 waiting 
8 883 328 936 418 18657 0 0 1 waiting 
8 882 327 934 418 18658 0 0 1 waiting 
8 881 326 932 417 18659 0 0 1 waiting 
9 663 365 700 491 18640 0 0 0 waiting 
9 664 366 700 491 18641 0 0 1 standing 
9 665 368 701 491 18642 0 0 1 standing 
9 666 369 702 491 18643 0 0 1 standing 
9 667 371 703 491 18644 0 0 1 standing 
9 668 372 704 491 18645 0 0 1 standing 
9 669 374 705 491 18646 0 0 1 standing 
9 670 375 706 491 18647 0 0 1 standing 
9 671 377 707 491 18648 0 0 1 standing 
9 672 378 708 491 18649 0 0 1 standing 
9 673 380 709 491 18650 0 0 0 standing 
9 669 381 707 492 18651 0 0 1 standing 
9 665 383 705 494 18652 0 0 1 standing 
9 661 385 703 496 18653 0 0 1 standing 
9 657 387 702 498 18654 0 0 1 standing 
9 654 389 700 500 18655 0 0 1 standing 
9 650 390 698 501 18656 0 0 1 standing 
9 646 392 697 503 18657 0 0 1 standing 
9 642 394 695 505 18658 0 0 1 standing 
9 638 396 693 507 18659 0 0 1 standing 
10 641 335 691 456 18640 0 0 0 standing 
10 642 336 691 456 18641 0 0 1 standing 
10 644 337 691 457 18642 0 0 1 standing 
10 645 338 692 458 18643 0 0 1 standing 
10 647 339 692 459 18644 0 0 1 standing 
10 649 340 693 460 18645 0 0 1 standing 
10 650 341 693 461 18646 0 0 1 standing 
10 652 342 693 462 18647 0 0 1 standing 
10 653 343 694 463 18648 0 0 1 standing 
10 655 344 694 464 18649 0 0 1 standing 
10 657 345 695 465 18650 0 0 0 standing 
10 653 341 691 461 18651 0 0 1 standing 
10 650 337 688 457 18652 0 0 1 standing 
10 647 333 685 453 18653 0 0 1 standing 
10 644 330 682 450 18654 0 0 1 standing 
10 641 326 679 446 18655 0 0 1 standing 
10 637 322 675 442 18656 0 0 1 standing 
10 634 319 672 439 18657 0 0 1 standing 
10 631 315 669 435 18658 0 0 1 standing 
10 628 311 666 431 18659 0 0 1 standing 
11 666 314 701 406 18640 0 0 0 standing 
11 665 313 702 405 18641 0 0 1 standing 
11 665 313 703 405 18642 0 0 1 standing 
11 665 313 704 405 18643 0 0 1 standing 
11 665 313 705 405 18644 0 0 1 standing 
11 665 313 706 405 18645 0 0 1 standing 
11 665 313 707 405 18646 0 0 1 standing 
11 665 313 708 405 18647 0 0 1 standing 
11 665 313 709 405 18648 0 0 1 standing 
11 665 313 710 405 18649 0 0 1 standing 
11 665 313 712 405 18650 0 0 0 standing 
11 662 312 710 403 18651 0 0 1 standing 
11 659 311 708 402 18652 0 0 1 standing 
11 656 310 707 401 18653 0 0 1 standing 
11 653 309 705 400 18654 0 0 1 standing 
11 651 308 704 399 18655 0 0 1 standing 
11 648 307 702 398 18656 0 0 1 standing 
11 645 306 700 397 18657 0 0 1 standing 
11 642 305 699 396 18658 0 0 1 standing 
11 639 304 697 395 18659 0 0 1 standing 
