0 0 463 43 569 26180 0 0 0 standing 
0 26 459 70 565 26181 0 0 1 standing 
0 53 456 97 562 26182 0 0 1 standing 
0 80 453 124 559 26183 0 0 1 standing 
0 107 450 151 556 26184 0 0 1 standing 
0 134 447 178 553 26185 0 0 0 standing 
0 174 442 218 548 26186 0 0 1 standing 
0 215 437 259 543 26187 0 0 1 standing 
0 255 432 299 538 26188 0 0 1 standing 
0 296 427 340 533 26189 0 0 0 standing 
0 335 426 379 532 26190 0 0 1 standing 
0 374 425 418 531 26191 0 0 1 standing 
0 414 424 458 530 26192 0 0 0 standing 
0 436 424 480 530 26193 0 0 1 standing 
0 458 424 502 530 26194 0 0 1 standing 
0 480 424 524 530 26195 0 0 1 standing 
0 502 425 546 531 26196 0 0 0 standing 
0 510 422 554 528 26197 0 0 1 standing 
0 518 420 562 526 26198 0 0 1 standing 
0 526 418 570 524 26199 0 0 1 standing 
1 136 540 192 675 26180 0 0 0 standing 
1 160 537 216 672 26181 0 0 1 standing 
1 184 535 240 670 26182 0 0 1 standing 
1 208 532 264 667 26183 0 0 1 standing 
1 232 530 288 665 26184 0 0 1 standing 
1 256 528 312 663 26185 0 0 0 standing 
1 292 523 348 658 26186 0 0 1 standing 
1 329 519 385 654 26187 0 0 1 standing 
1 365 515 421 650 26188 0 0 1 standing 
1 402 510 458 646 26189 0 0 1 standing 
1 438 506 494 642 26190 0 0 1 standing 
1 475 502 531 638 26191 0 0 0 standing 
1 500 500 555 636 26192 0 0 1 standing 
1 525 498 579 635 26193 0 0 1 standing 
1 550 496 603 634 26194 0 0 1 standing 
1 575 495 628 633 26195 0 0 0 standing 
1 587 492 637 630 26196 0 0 1 standing 
1 599 489 646 627 26197 0 0 1 standing 
1 612 487 655 625 26198 0 0 0 standing 
1 615 486 658 624 26199 0 0 1 standing 
2 296 482 344 618 26180 0 0 0 standing 
2 321 481 369 617 26181 0 0 1 blocking 
2 347 480 395 616 26182 0 0 1 blocking 
2 373 479 420 615 26183 0 0 1 blocking 
2 399 479 446 614 26184 0 0 0 blocking 
2 436 478 483 612 26185 0 0 1 blocking 
2 474 477 521 611 26186 0 0 1 blocking 
2 512 476 558 609 26187 0 0 1 blocking 
2 550 475 596 608 26188 0 0 0 blocking 
2 592 474 638 606 26189 0 0 1 blocking 
2 634 473 680 604 26190 0 0 1 blocking 
2 676 472 723 602 26191 0 0 0 blocking 
2 706 473 752 603 26192 0 0 1 blocking 
2 736 475 781 605 26193 0 0 1 blocking 
2 766 477 810 607 26194 0 0 1 blocking 
2 796 479 839 609 26195 0 0 0 blocking 
2 806 482 850 611 26196 0 0 1 blocking 
2 816 486 862 613 26197 0 0 1 blocking 
2 826 490 873 615 26198 0 0 1 blocking 
2 837 494 885 618 26199 0 0 0 blocking 
3 460 424 502 552 26180 0 0 0 blocking 
3 483 423 524 550 26181 0 0 1 blocking 
3 506 422 547 549 26182 0 0 1 blocking 
3 530 421 570 548 26183 0 0 0 blocking 
3 562 420 601 547 26184 0 0 1 blocking 
3 594 419 632 546 26185 0 0 1 blocking 
3 626 418 663 545 26186 0 0 1 blocking 
3 658 418 694 545 26187 0 0 0 blocking 
3 698 417 734 544 26188 0 0 1 blocking 
3 739 416 774 543 26189 0 0 1 blocking 
3 779 415 814 542 26190 0 0 1 blocking 
3 820 414 854 541 26191 0 0 1 blocking 
3 861 414 895 541 26192 0 0 0 blocking 
3 884 413 918 540 26193 0 0 1 blocking 
3 907 413 941 540 26194 0 0 1 blocking 
3 930 413 964 540 26195 0 0 1 blocking 
3 953 413 987 540 26196 0 0 0 blocking 
3 960 413 994 540 26197 0 0 1 blocking 
3 967 413 1001 540 26198 0 0 1 blocking 
3 974 413 1008 540 26199 0 0 1 blocking 
4 525 451 564 589 26180 0 0 0 blocking 
4 549 452 588 588 26181 0 0 1 standing 
4 574 453 612 587 26182 0 0 1 standing 
4 598 454 636 587 26183 0 0 1 standing 
4 623 455 660 586 26184 0 0 1 standing 
4 648 456 685 586 26185 0 0 0 standing 
4 685 456 722 586 26186 0 0 1 standing 
4 722 457 759 586 26187 0 0 1 standing 
4 759 457 796 586 26188 0 0 1 standing 
4 796 458 833 586 26189 0 0 1 standing 
4 833 459 871 587 26190 0 0 0 standing 
4 865 460 902 588 26191 0 0 1 standing 
4 897 461 934 590 26192 0 0 1 standing 
4 929 462 966 591 26193 0 0 1 standing 
4 961 464 998 593 26194 0 0 0 standing 
4 972 465 1009 594 26195 0 0 1 standing 
4 984 466 1021 596 26196 0 0 1 standing 
4 995 467 1032 597 26197 0 0 1 standing 
4 1007 468 1044 599 26198 0 0 0 standing 
4 1007 469 1044 600 26199 0 0 1 standing 
5 619 427 656 550 26180 0 0 0 standing 
5 646 425 683 548 26181 0 0 1 standing 
5 674 424 711 547 26182 0 0 1 standing 
5 702 423 739 546 26183 0 0 1 standing 
5 729 422 766 545 26184 0 0 1 standing 
5 757 421 794 544 26185 0 0 1 standing 
5 785 420 822 543 26186 0 0 0 standing 
5 828 419 865 542 26187 0 0 1 standing 
5 872 419 909 542 26188 0 0 1 standing 
5 915 419 952 542 26189 0 0 1 standing 
5 959 419 996 542 26190 0 0 0 standing 
5 997 419 1034 542 26191 0 0 1 standing 
5 1035 419 1072 542 26192 0 0 1 standing 
5 1074 419 1111 542 26193 0 0 0 standing 
5 1096 420 1133 543 26194 0 0 1 standing 
5 1119 421 1156 544 26195 0 0 1 standing 
5 1142 423 1179 546 26196 0 0 0 standing 
5 1153 423 1190 546 26197 0 0 1 standing 
5 1165 424 1202 547 26198 0 0 1 standing 
5 1177 425 1214 548 26199 0 0 0 standing 
6 667 467 715 599 26180 0 0 0 standing 
6 692 468 739 600 26181 0 0 1 standing 
6 718 469 764 601 26182 0 0 1 standing 
6 743 470 789 602 26183 0 0 1 standing 
6 769 471 814 603 26184 0 0 0 standing 
6 805 470 848 601 26185 0 0 1 standing 
6 841 469 882 600 26186 0 0 1 standing 
6 878 468 917 599 26187 0 0 0 standing 
6 922 469 961 600 26188 0 0 1 standing 
6 966 470 1005 601 26189 0 0 1 standing 
6 1010 471 1050 603 26190 0 0 1 standing 
6 1054 472 1094 604 26191 0 0 1 standing 
6 1099 474 1139 606 26192 0 0 0 standing 
6 1128 475 1167 608 26193 0 0 1 standing 
6 1157 476 1196 610 26194 0 0 1 standing 
6 1187 478 1225 612 26195 0 0 0 standing 
6 1200 479 1242 613 26196 0 0 1 standing 
6 1213 480 1259 615 26197 0 0 1 standing 
6 1227 482 1276 617 26198 0 0 0 standing 
6 1234 483 1277 618 26199 0 0 1 standing 
7 889 408 934 530 26180 0 0 0 standing 
7 904 416 950 534 26181 0 0 1 standing 
7 920 424 966 538 26182 0 0 1 standing 
7 936 432 983 543 26183 0 0 0 standing 
7 964 437 1012 545 26184 0 0 1 standing 
7 993 443 1041 547 26185 0 0 1 standing 
7 1021 448 1070 549 26186 0 0 1 standing 
7 1050 454 1100 552 26187 0 0 0 standing 
7 1094 456 1143 559 26188 0 0 1 standing 
7 1138 459 1187 566 26189 0 0 1 standing 
7 1183 462 1231 573 26190 1 0 0 standing 
7 1182 461 1230 572 26191 1 0 1 standing 
7 1182 460 1230 571 26192 1 0 1 standing 
7 1181 459 1229 570 26193 1 0 1 standing 
7 1181 459 1229 570 26194 1 0 0 standing 
7 1159 454 1207 566 26195 1 0 1 standing 
7 1137 449 1185 562 26196 1 0 1 standing 
7 1115 445 1163 558 26197 1 0 1 standing 
7 1093 440 1141 554 26198 1 0 1 standing 
7 1072 436 1119 550 26199 1 0 1 standing 
8 9 518 48 617 26180 1 0 1 standing 
8 9 518 48 617 26181 1 0 1 standing 
8 9 518 48 617 26182 0 1 0 standing 
8 45 514 84 614 26183 0 1 1 standing 
8 82 510 121 611 26184 0 1 1 standing 
8 118 507 157 608 26185 0 1 1 standing 
8 155 503 194 605 26186 0 1 1 standing 
8 191 499 230 602 26187 0 1 1 standing 
8 228 496 267 599 26188 0 1 0 standing 
8 267 492 306 596 26189 0 1 1 standing 
8 306 489 345 593 26190 0 1 1 standing 
8 345 485 384 590 26191 0 1 1 standing 
8 384 482 423 588 26192 0 1 0 standing 
8 406 477 444 585 26193 0 1 1 standing 
8 428 472 466 582 26194 0 1 1 standing 
8 450 467 488 579 26195 0 1 1 standing 
8 472 463 510 577 26196 0 1 0 standing 
8 475 460 513 575 26197 0 1 1 standing 
8 479 457 517 573 26198 0 1 1 standing 
8 483 454 521 571 26199 0 1 1 standing 
9 1 548 37 659 26180 1 0 1 standing 
9 1 548 37 659 26181 1 0 1 standing 
9 1 548 37 659 26182 0 1 0 standing 
9 24 544 63 655 26183 0 1 1 standing 
9 47 541 89 651 26184 0 1 1 standing 
9 70 538 115 647 26185 0 1 0 standing 
9 110 532 154 642 26186 0 1 1 standing 
9 151 527 194 638 26187 0 1 1 standing 
9 191 522 233 633 26188 0 1 1 standing 
9 232 517 273 629 26189 0 1 1 standing 
9 273 512 313 625 26190 0 1 0 standing 
9 309 504 350 619 26191 0 1 1 standing 
9 346 497 388 614 26192 0 1 1 standing 
9 383 490 426 609 26193 0 1 0 standing 
9 399 489 444 607 26194 0 1 1 standing 
9 416 489 462 605 26195 0 1 1 standing 
9 433 489 480 604 26196 0 1 0 standing 
9 439 488 487 601 26197 0 1 1 standing 
9 445 487 494 599 26198 0 1 1 standing 
9 452 487 502 597 26199 0 1 0 standing 
10 29 516 75 653 26180 1 0 1 standing 
10 30 516 76 653 26181 1 0 1 standing 
10 31 516 76 653 26182 1 0 1 standing 
10 32 516 76 652 26183 1 0 1 standing 
10 33 515 76 652 26184 1 0 1 standing 
10 34 515 77 652 26185 1 0 1 standing 
10 35 515 77 652 26186 1 0 1 standing 
10 36 515 77 652 26187 1 0 1 standing 
10 37 515 78 652 26188 0 0 0 standing 
10 80 511 122 648 26189 0 0 1 standing 
10 123 507 166 644 26190 0 0 1 standing 
10 167 503 210 641 26191 0 0 0 standing 
10 194 500 238 638 26192 0 0 1 standing 
10 221 497 266 636 26193 0 0 1 standing 
10 248 494 294 634 26194 0 0 1 standing 
10 276 491 323 632 26195 0 0 0 standing 
10 284 493 332 634 26196 0 0 1 standing 
10 293 496 341 637 26197 0 0 1 standing 
10 301 498 350 639 26198 0 0 1 standing 
10 310 501 360 642 26199 0 0 0 standing 
11 470 467 515 602 26180 0 0 0 standing 
11 495 465 539 600 26181 0 0 1 standing 
11 520 463 563 598 26182 0 0 1 standing 
11 545 461 587 596 26183 0 0 1 standing 
11 570 459 611 594 26184 0 0 1 standing 
11 595 458 635 592 26185 0 0 0 standing 
11 632 457 673 591 26186 0 0 1 standing 
11 670 457 712 591 26187 0 0 1 standing 
11 707 456 750 591 26188 0 0 1 standing 
11 745 456 789 591 26189 0 0 0 standing 
11 782 455 825 590 26190 0 0 1 standing 
11 819 455 861 590 26191 0 0 1 standing 
11 856 454 897 590 26192 0 0 1 standing 
11 893 454 933 590 26193 0 0 0 standing 
11 912 454 951 590 26194 0 0 1 standing 
11 931 454 969 591 26195 0 0 1 standing 
11 950 454 987 591 26196 0 0 1 standing 
11 970 455 1006 592 26197 0 0 0 standing 
11 974 455 1009 592 26198 0 0 1 standing 
11 978 455 1013 592 26199 0 0 1 standing 
