0 217 396 294 503 7305 0 0 0 standing 
0 220 394 293 503 7306 0 0 1 standing 
0 223 392 292 503 7307 0 0 1 standing 
0 226 390 292 503 7308 0 0 0 standing 
0 230 387 292 502 7309 0 0 1 standing 
0 234 385 292 502 7310 0 0 1 standing 
0 238 383 292 502 7311 0 0 1 standing 
0 242 381 293 502 7312 0 0 1 standing 
0 246 379 293 502 7313 0 0 1 standing 
0 250 377 293 502 7314 0 0 1 standing 
0 254 375 294 502 7315 0 0 0 standing 
0 255 375 297 502 7316 0 0 1 standing 
0 257 376 300 502 7317 0 0 1 standing 
0 259 376 303 502 7318 0 0 1 standing 
0 261 377 306 503 7319 0 0 0 standing 
0 259 377 306 503 7320 0 0 1 standing 
0 258 377 306 503 7321 0 0 1 standing 
0 257 377 306 503 7322 0 0 1 standing 
0 256 377 306 503 7323 0 0 1 standing 
0 255 377 306 503 7324 0 0 1 standing 
1 618 431 654 539 7305 0 0 0 standing 
1 614 432 652 540 7306 0 0 1 standing 
1 611 433 650 542 7307 0 0 1 standing 
1 607 434 648 544 7308 0 0 1 standing 
1 604 435 646 545 7309 0 0 1 standing 
1 600 437 645 547 7310 0 0 1 standing 
1 597 438 643 549 7311 0 0 1 standing 
1 593 439 641 550 7312 0 0 1 standing 
1 590 440 639 552 7313 0 0 1 standing 
1 586 441 637 554 7314 0 0 1 standing 
1 583 443 636 556 7315 0 0 0 standing 
1 577 444 630 557 7316 0 0 1 standing 
1 572 445 625 559 7317 0 0 1 standing 
1 566 446 619 561 7318 0 0 1 standing 
1 561 447 614 563 7319 0 0 1 standing 
1 556 448 609 565 7320 0 0 1 standing 
1 550 449 603 567 7321 0 0 1 standing 
1 545 450 598 569 7322 0 0 1 standing 
1 539 451 592 571 7323 0 0 1 standing 
1 534 452 587 573 7324 0 0 1 standing 
2 447 341 505 425 7305 0 0 0 standing 
2 442 336 499 425 7306 0 0 1 standing 
2 438 331 493 425 7307 0 0 1 standing 
2 434 326 487 425 7308 0 0 0 standing 
2 431 324 483 423 7309 0 0 1 standing 
2 428 323 479 421 7310 0 0 1 standing 
2 425 322 475 420 7311 0 0 1 standing 
2 422 320 471 418 7312 0 0 1 standing 
2 419 319 467 417 7313 0 0 1 standing 
2 416 318 463 415 7314 0 0 1 standing 
2 414 317 459 414 7315 0 0 0 standing 
2 411 315 455 413 7316 0 0 1 standing 
2 409 314 452 412 7317 0 0 1 standing 
2 406 312 448 411 7318 0 0 1 standing 
2 404 311 445 410 7319 0 0 1 standing 
2 402 309 442 409 7320 0 0 1 standing 
2 399 308 438 408 7321 0 0 1 standing 
2 397 306 435 407 7322 0 0 1 standing 
2 394 305 431 406 7323 0 0 1 standing 
2 392 303 428 405 7324 0 0 1 standing 
3 673 384 722 494 7305 0 0 0 standing 
3 671 382 720 492 7306 0 0 1 standing 
3 670 381 718 491 7307 0 0 1 standing 
3 669 380 716 490 7308 0 0 1 standing 
3 668 379 714 488 7309 0 0 1 standing 
3 667 378 712 487 7310 0 0 1 standing 
3 665 376 710 486 7311 0 0 1 standing 
3 664 375 708 484 7312 0 0 1 standing 
3 663 374 706 483 7313 0 0 1 standing 
3 662 373 704 482 7314 0 0 1 standing 
3 661 372 703 481 7315 0 0 0 standing 
3 660 372 701 481 7316 0 0 1 standing 
3 659 372 700 481 7317 0 0 1 standing 
3 658 372 699 481 7318 0 0 1 standing 
3 658 372 698 481 7319 0 0 1 standing 
3 657 372 697 481 7320 0 0 1 standing 
3 656 372 695 481 7321 0 0 1 standing 
3 656 372 694 481 7322 0 0 1 standing 
3 655 372 693 481 7323 0 0 1 standing 
3 654 372 692 481 7324 0 0 1 standing 
4 787 420 836 526 7305 0 0 0 standing 
4 788 420 837 526 7306 0 0 1 standing 
4 789 421 838 526 7307 0 0 1 standing 
4 790 422 839 526 7308 0 0 0 standing 
4 793 422 842 526 7309 0 0 1 standing 
4 796 423 845 526 7310 0 0 1 standing 
4 799 424 848 526 7311 0 0 1 standing 
4 802 425 851 526 7312 0 0 1 standing 
4 805 426 854 526 7313 0 0 1 standing 
4 808 427 857 526 7314 0 0 1 standing 
4 811 428 861 527 7315 0 0 0 standing 
4 812 428 866 527 7316 0 0 1 standing 
4 814 429 871 527 7317 0 0 1 standing 
4 815 429 876 527 7318 0 0 1 standing 
4 817 430 882 528 7319 0 0 0 standing 
4 822 429 884 527 7320 0 0 1 standing 
4 827 429 887 527 7321 0 0 1 standing 
4 833 429 890 527 7322 0 0 1 standing 
4 838 428 893 527 7323 0 0 1 standing 
4 843 428 896 527 7324 0 0 1 standing 
5 948 366 989 471 7305 0 0 0 standing 
5 951 365 993 469 7306 0 0 1 standing 
5 955 364 998 468 7307 0 0 1 standing 
5 958 364 1003 466 7308 0 0 1 standing 
5 962 363 1007 465 7309 0 0 1 standing 
5 965 363 1012 464 7310 0 0 1 standing 
5 969 362 1017 462 7311 0 0 1 standing 
5 972 361 1021 461 7312 0 0 1 standing 
5 976 361 1026 459 7313 0 0 1 standing 
5 979 360 1031 458 7314 0 0 1 standing 
5 983 360 1036 457 7315 0 0 0 standing 
5 987 359 1040 456 7316 0 0 1 standing 
5 992 359 1044 456 7317 0 0 1 standing 
5 996 359 1048 456 7318 0 0 1 standing 
5 1001 359 1052 456 7319 0 0 1 standing 
5 1006 359 1057 456 7320 0 0 1 standing 
5 1010 359 1061 455 7321 0 0 1 standing 
5 1015 359 1065 455 7322 0 0 1 standing 
5 1019 359 1069 455 7323 0 0 1 standing 
5 1024 359 1073 455 7324 0 0 1 standing 
6 408 447 454 552 7305 0 0 0 standing 
6 408 444 454 549 7306 0 0 1 standing 
6 409 442 455 547 7307 0 0 1 standing 
6 410 440 455 545 7308 0 0 1 standing 
6 411 437 456 542 7309 0 0 1 standing 
6 412 435 456 540 7310 0 0 1 standing 
6 413 433 457 538 7311 0 0 1 standing 
6 414 430 457 535 7312 0 0 1 standing 
6 415 428 458 533 7313 0 0 1 standing 
6 416 426 458 531 7314 0 0 1 standing 
6 417 424 459 529 7315 0 0 0 standing 
6 417 423 459 528 7316 0 0 1 standing 
6 418 423 460 528 7317 0 0 1 standing 
6 418 422 460 527 7318 0 0 1 standing 
6 419 422 461 527 7319 0 0 1 standing 
6 419 421 461 526 7320 0 0 1 standing 
6 420 421 462 526 7321 0 0 1 standing 
6 420 420 462 525 7322 0 0 1 standing 
6 421 420 463 525 7323 0 0 1 standing 
6 421 419 463 524 7324 0 0 1 standing 
7 326 361 396 429 7305 0 0 0 standing 
7 329 359 397 429 7306 0 0 1 standing 
7 333 358 399 430 7307 0 0 1 standing 
7 337 357 400 430 7308 0 0 1 standing 
7 341 355 402 431 7309 0 0 1 standing 
7 345 354 403 431 7310 0 0 1 standing 
7 348 353 405 432 7311 0 0 1 standing 
7 352 351 406 432 7312 0 0 1 standing 
7 356 350 408 433 7313 0 0 1 standing 
7 360 349 409 433 7314 0 0 1 standing 
7 364 348 411 434 7315 0 0 0 standing 
7 366 347 412 434 7316 0 0 1 standing 
7 369 347 414 434 7317 0 0 1 standing 
7 372 347 416 434 7318 0 0 1 standing 
7 374 346 417 434 7319 0 0 1 standing 
7 377 346 419 434 7320 0 0 1 standing 
7 380 346 421 434 7321 0 0 1 standing 
7 382 345 422 434 7322 0 0 1 standing 
7 385 345 424 434 7323 0 0 1 standing 
7 388 345 426 434 7324 0 0 1 standing 
8 604 415 645 532 7305 0 1 0 standing 
8 600 413 644 530 7306 0 1 1 digging 
8 597 412 643 529 7307 0 1 1 digging 
8 594 410 643 528 7308 0 1 1 digging 
8 590 409 642 527 7309 0 1 1 digging 
8 587 407 642 526 7310 0 1 1 digging 
8 584 406 641 524 7311 0 1 1 digging 
8 580 404 640 523 7312 0 1 1 digging 
8 577 403 640 522 7313 0 1 1 digging 
8 574 401 639 521 7314 0 1 1 digging 
8 571 400 639 520 7315 0 1 0 digging 
8 569 400 637 520 7316 0 1 1 digging 
8 568 401 635 521 7317 0 1 1 digging 
8 567 402 633 521 7318 0 1 1 digging 
8 565 402 631 522 7319 0 1 1 digging 
8 564 403 630 523 7320 0 1 1 digging 
8 563 404 628 523 7321 0 1 1 digging 
8 561 404 626 524 7322 0 1 1 digging 
8 560 405 624 524 7323 0 1 1 digging 
8 559 406 622 525 7324 0 1 1 digging 
9 721 411 783 524 7305 0 0 0 digging 
9 717 410 777 523 7306 0 0 1 standing 
9 713 410 772 523 7307 0 0 1 standing 
9 709 410 766 523 7308 0 0 1 standing 
9 705 409 761 522 7309 0 0 1 standing 
9 701 409 755 522 7310 0 0 1 standing 
9 697 409 750 522 7311 0 0 1 standing 
9 693 408 744 521 7312 0 0 1 standing 
9 689 408 739 521 7313 0 0 1 standing 
9 685 408 733 521 7314 0 0 1 standing 
9 681 408 728 521 7315 0 0 0 standing 
9 679 407 726 520 7316 0 0 1 standing 
9 677 407 724 520 7317 0 0 1 standing 
9 675 406 722 519 7318 0 0 1 standing 
9 674 406 721 519 7319 0 0 1 standing 
9 672 406 719 519 7320 0 0 1 standing 
9 670 405 717 518 7321 0 0 1 standing 
9 669 405 716 518 7322 0 0 1 standing 
9 667 404 714 517 7323 0 0 1 standing 
9 665 404 712 517 7324 0 0 1 standing 
10 667 315 704 415 7305 0 0 0 standing 
10 666 314 703 414 7306 0 0 1 standing 
10 665 314 702 414 7307 0 0 1 standing 
10 664 314 701 414 7308 0 0 1 standing 
10 663 314 700 414 7309 0 0 1 standing 
10 662 314 699 414 7310 0 0 1 standing 
10 661 313 698 413 7311 0 0 1 standing 
10 660 313 697 413 7312 0 0 1 standing 
10 659 313 696 413 7313 0 0 1 standing 
10 658 313 695 413 7314 0 0 1 standing 
10 658 313 695 413 7315 0 0 0 standing 
10 657 313 694 413 7316 0 0 1 standing 
10 656 313 693 413 7317 0 0 1 standing 
10 655 313 692 413 7318 0 0 1 standing 
10 654 313 691 413 7319 0 0 1 standing 
10 653 313 690 413 7320 0 0 1 standing 
10 652 313 689 413 7321 0 0 1 standing 
10 651 313 688 413 7322 0 0 1 standing 
10 650 313 687 413 7323 0 0 1 standing 
10 649 313 686 413 7324 0 0 1 standing 
11 788 351 839 443 7305 0 0 0 standing 
11 788 349 838 441 7306 0 0 1 standing 
11 788 347 837 439 7307 0 0 1 standing 
11 788 345 836 438 7308 0 0 1 standing 
11 789 344 836 436 7309 0 0 1 standing 
11 789 342 835 435 7310 0 0 1 standing 
11 789 340 834 433 7311 0 0 1 standing 
11 790 339 834 431 7312 0 0 1 standing 
11 790 337 833 430 7313 0 0 1 standing 
11 790 335 832 428 7314 0 0 1 standing 
11 791 334 832 427 7315 0 0 0 standing 
11 792 332 833 425 7316 0 0 1 standing 
11 794 330 835 423 7317 0 0 1 standing 
11 795 328 836 421 7318 0 0 1 standing 
11 797 327 838 419 7319 0 0 1 standing 
11 799 325 840 418 7320 0 0 1 standing 
11 800 323 841 416 7321 0 0 1 standing 
11 802 322 843 414 7322 0 0 1 standing 
11 803 320 844 412 7323 0 0 1 standing 
11 805 318 846 410 7324 0 0 1 standing 
