0 183 454 236 577 39860 0 0 0 waiting 
0 181 452 234 577 39861 0 0 1 waiting 
0 179 451 232 578 39862 0 0 1 waiting 
0 177 449 230 579 39863 0 0 1 waiting 
0 175 448 228 580 39864 0 0 1 waiting 
0 173 447 227 581 39865 0 0 0 waiting 
0 168 445 222 581 39866 0 0 1 waiting 
0 163 443 217 581 39867 0 0 1 waiting 
0 159 441 213 581 39868 0 0 1 waiting 
0 154 439 208 581 39869 0 0 1 waiting 
0 150 437 204 581 39870 0 0 0 waiting 
0 148 434 202 581 39871 0 0 1 waiting 
0 146 431 200 582 39872 0 0 1 waiting 
0 144 428 198 582 39873 0 0 1 waiting 
0 142 426 196 583 39874 0 0 0 waiting 
0 137 426 194 583 39875 0 0 1 waiting 
0 133 427 193 584 39876 0 0 1 waiting 
0 128 428 192 584 39877 0 0 1 waiting 
0 124 429 191 585 39878 0 0 1 waiting 
0 119 429 190 585 39879 0 0 1 waiting 
1 269 374 306 491 39860 0 0 0 waiting 
1 269 372 306 490 39861 0 0 1 standing 
1 270 371 307 490 39862 0 0 1 standing 
1 271 370 308 490 39863 0 0 1 standing 
1 272 369 309 489 39864 0 0 1 standing 
1 273 368 310 489 39865 0 0 1 standing 
1 274 367 311 489 39866 0 0 0 standing 
1 274 362 311 485 39867 0 0 1 standing 
1 274 357 311 481 39868 0 0 1 standing 
1 274 352 311 477 39869 0 0 1 standing 
1 275 348 311 473 39870 0 0 0 standing 
1 276 346 312 471 39871 0 0 1 standing 
1 278 344 314 469 39872 0 0 1 standing 
1 280 343 316 468 39873 0 0 0 standing 
1 282 340 318 465 39874 0 0 1 standing 
1 284 338 320 463 39875 0 0 1 standing 
1 287 336 323 461 39876 0 0 0 standing 
1 287 335 323 460 39877 0 0 1 standing 
1 287 334 323 459 39878 0 0 1 standing 
1 287 333 323 458 39879 0 0 1 standing 
2 422 363 465 476 39860 0 0 0 standing 
2 419 361 462 476 39861 0 0 1 standing 
2 417 360 460 477 39862 0 0 1 standing 
2 415 358 458 477 39863 0 0 1 standing 
2 413 357 455 478 39864 0 0 1 standing 
2 411 355 453 478 39865 0 0 1 standing 
2 409 354 451 479 39866 0 0 0 standing 
2 405 352 447 479 39867 0 0 1 standing 
2 401 350 443 479 39868 0 0 1 standing 
2 397 348 439 479 39869 0 0 1 standing 
2 394 346 436 479 39870 0 0 0 standing 
2 389 347 432 481 39871 0 0 1 standing 
2 385 348 428 483 39872 0 0 1 standing 
2 381 349 424 485 39873 0 0 1 standing 
2 377 350 420 487 39874 0 0 1 standing 
2 373 351 416 489 39875 0 0 1 standing 
2 369 353 413 491 39876 0 0 0 standing 
2 363 352 407 491 39877 0 0 1 standing 
2 357 351 402 491 39878 0 0 1 standing 
2 351 350 396 491 39879 0 0 1 standing 
3 479 383 527 491 39860 0 0 0 standing 
3 474 382 522 492 39861 0 0 1 moving 
3 469 381 517 493 39862 0 0 1 moving 
3 464 380 512 494 39863 0 0 1 moving 
3 459 379 507 496 39864 0 0 1 moving 
3 454 378 502 497 39865 0 0 1 moving 
3 449 377 497 498 39866 0 0 1 moving 
3 444 376 492 500 39867 0 0 1 moving 
3 439 375 487 501 39868 0 0 1 moving 
3 434 374 482 502 39869 0 0 1 moving 
3 430 373 477 504 39870 0 0 0 moving 
3 424 373 472 504 39871 0 0 1 moving 
3 419 373 468 504 39872 0 0 1 moving 
3 414 374 464 505 39873 0 0 0 moving 
3 404 377 459 510 39874 0 0 1 moving 
3 394 380 454 515 39875 0 0 1 moving 
3 384 384 449 521 39876 0 0 1 moving 
3 374 387 444 526 39877 0 0 1 moving 
3 364 391 439 532 39878 0 0 0 moving 
3 357 391 441 533 39879 0 0 1 moving 
4 701 381 735 504 39860 0 0 0 moving 
4 704 380 737 503 39861 0 0 1 standing 
4 707 379 740 503 39862 0 0 1 standing 
4 710 378 743 502 39863 0 0 1 standing 
4 713 377 746 502 39864 0 0 1 standing 
4 716 376 749 502 39865 0 0 1 standing 
4 719 375 752 501 39866 0 0 1 standing 
4 722 374 755 501 39867 0 0 1 standing 
4 725 373 758 500 39868 0 0 1 standing 
4 728 372 761 500 39869 0 0 1 standing 
4 731 371 764 500 39870 0 0 0 standing 
4 734 370 767 499 39871 0 0 1 standing 
4 737 369 770 499 39872 0 0 1 standing 
4 740 368 773 499 39873 0 0 1 standing 
4 743 368 776 499 39874 0 0 1 standing 
4 746 367 779 499 39875 0 0 1 standing 
4 749 366 782 499 39876 0 0 1 standing 
4 752 366 785 499 39877 0 0 0 standing 
4 752 364 784 498 39878 0 0 1 standing 
4 752 363 784 497 39879 0 0 1 standing 
5 888 397 925 512 39860 0 0 0 standing 
5 894 396 931 510 39861 0 0 1 standing 
5 900 395 938 509 39862 0 0 1 standing 
5 906 395 944 508 39863 0 0 1 standing 
5 912 394 951 507 39864 0 0 1 standing 
5 918 393 957 506 39865 0 0 1 standing 
5 924 393 964 505 39866 0 0 1 standing 
5 930 392 971 503 39867 0 0 1 standing 
5 936 391 977 502 39868 0 0 1 standing 
5 942 391 984 501 39869 0 0 1 standing 
5 948 390 990 500 39870 0 0 1 standing 
5 954 389 997 499 39871 0 0 1 standing 
5 961 389 1004 498 39872 0 0 0 standing 
5 966 388 1011 497 39873 0 0 1 standing 
5 971 388 1018 496 39874 0 0 1 standing 
5 977 388 1026 496 39875 0 0 0 standing 
5 981 388 1029 496 39876 0 0 1 standing 
5 985 388 1032 496 39877 0 0 1 standing 
5 989 388 1035 497 39878 0 0 1 standing 
5 993 388 1038 497 39879 0 0 1 standing 
6 960 420 997 559 39860 0 0 0 standing 
6 964 420 1001 560 39861 0 0 1 standing 
6 969 421 1006 562 39862 0 0 1 standing 
6 973 421 1011 563 39863 0 0 1 standing 
6 978 422 1016 565 39864 0 0 1 standing 
6 982 422 1021 566 39865 0 0 1 standing 
6 987 423 1026 568 39866 0 0 0 standing 
6 991 425 1031 570 39867 0 0 1 standing 
6 996 427 1036 573 39868 0 0 1 standing 
6 1001 429 1041 576 39869 0 0 1 standing 
6 1006 431 1046 579 39870 0 0 0 standing 
6 1013 431 1054 581 39871 0 0 1 standing 
6 1020 432 1062 583 39872 0 0 1 standing 
6 1027 432 1070 585 39873 0 0 1 standing 
6 1035 433 1078 588 39874 0 0 0 standing 
6 1041 432 1085 588 39875 0 0 1 standing 
6 1048 431 1093 589 39876 0 0 1 standing 
6 1055 430 1100 590 39877 0 0 1 standing 
6 1062 430 1108 591 39878 0 0 0 standing 
6 1065 433 1112 594 39879 0 0 1 standing 
7 1136 399 1180 510 39860 0 0 0 standing 
7 1139 399 1183 513 39861 0 0 1 standing 
7 1142 400 1186 517 39862 0 0 1 standing 
7 1145 400 1189 520 39863 0 0 1 standing 
7 1148 401 1192 524 39864 0 0 1 standing 
7 1151 401 1195 527 39865 0 0 1 standing 
7 1154 402 1198 531 39866 0 0 0 standing 
7 1159 402 1203 534 39867 0 0 1 standing 
7 1164 402 1208 537 39868 0 0 1 standing 
7 1169 402 1213 540 39869 0 0 1 standing 
7 1175 403 1218 543 39870 0 0 0 standing 
7 1184 403 1226 543 39871 0 0 1 standing 
7 1194 404 1235 544 39872 0 0 1 standing 
7 1204 405 1244 545 39873 0 0 0 standing 
7 1211 403 1252 547 39874 0 0 1 standing 
7 1219 402 1261 550 39875 0 0 1 standing 
7 1227 401 1270 553 39876 0 0 1 standing 
7 1235 400 1279 556 39877 0 0 0 standing 
7 1239 403 1279 554 39878 0 0 1 standing 
7 1243 406 1279 552 39879 0 0 1 standing 
8 260 436 302 546 39860 0 1 0 standing 
8 258 436 302 547 39861 0 1 1 digging 
8 257 437 303 548 39862 0 1 1 digging 
8 255 437 303 550 39863 0 1 1 digging 
8 254 438 304 551 39864 0 1 1 digging 
8 253 439 305 553 39865 0 1 0 digging 
8 250 438 304 552 39866 0 1 1 digging 
8 248 437 304 551 39867 0 1 1 digging 
8 245 436 303 551 39868 0 1 1 digging 
8 243 435 303 550 39869 0 1 1 digging 
8 241 434 303 550 39870 0 1 0 digging 
8 239 433 308 551 39871 0 1 1 digging 
8 237 433 313 552 39872 0 1 1 digging 
8 235 433 318 553 39873 0 1 1 digging 
8 234 433 323 555 39874 0 1 0 digging 
8 232 433 316 556 39875 0 1 1 digging 
8 230 433 309 557 39876 0 1 1 digging 
8 228 434 302 559 39877 0 1 1 digging 
8 226 434 295 560 39878 0 1 1 digging 
8 224 434 288 561 39879 0 1 1 digging 
9 414 479 462 594 39860 0 0 0 digging 
9 420 478 483 594 39861 0 0 1 standing 
9 426 477 504 594 39862 0 0 1 standing 
9 432 476 525 594 39863 0 0 1 standing 
9 438 476 546 594 39864 0 0 0 standing 
9 454 475 543 595 39865 0 0 1 standing 
9 471 474 541 596 39866 0 0 1 standing 
9 488 474 539 598 39867 0 0 0 standing 
9 495 471 546 596 39868 0 0 1 standing 
9 502 469 554 595 39869 0 0 1 standing 
9 509 467 562 594 39870 0 0 1 standing 
9 517 465 570 593 39871 0 0 0 standing 
9 523 463 588 592 39872 0 0 1 standing 
9 529 462 606 592 39873 0 0 1 standing 
9 536 461 624 592 39874 0 0 0 standing 
9 540 461 623 593 39875 0 0 1 standing 
9 545 462 623 595 39876 0 0 1 standing 
9 550 463 623 597 39877 0 0 1 standing 
9 555 463 623 599 39878 0 0 1 standing 
9 560 464 623 601 39879 0 0 1 standing 
10 698 407 735 546 39860 0 0 0 standing 
10 700 406 737 545 39861 0 0 1 standing 
10 703 405 739 545 39862 0 0 1 standing 
10 705 404 742 545 39863 0 0 1 standing 
10 708 403 744 545 39864 0 0 1 standing 
10 710 403 747 545 39865 0 0 1 standing 
10 713 402 749 545 39866 0 0 1 standing 
10 715 401 751 545 39867 0 0 1 standing 
10 718 400 754 545 39868 0 0 1 standing 
10 720 399 756 545 39869 0 0 1 standing 
10 723 399 759 545 39870 0 0 0 standing 
10 725 398 761 544 39871 0 0 1 standing 
10 728 397 764 544 39872 0 0 1 standing 
10 731 396 767 544 39873 0 0 1 standing 
10 734 395 769 544 39874 0 0 1 standing 
10 737 394 772 544 39875 0 0 1 standing 
10 740 394 775 544 39876 0 0 0 standing 
10 740 395 775 545 39877 0 0 1 standing 
10 740 396 775 547 39878 0 0 1 standing 
10 740 397 775 549 39879 0 0 1 standing 
11 729 417 762 557 39860 0 0 0 standing 
11 730 417 763 558 39861 0 0 1 standing 
11 731 417 764 560 39862 0 0 1 standing 
11 732 417 765 561 39863 0 0 1 standing 
11 733 418 766 563 39864 0 0 1 standing 
11 735 418 767 564 39865 0 0 1 standing 
11 736 418 768 566 39866 0 0 1 standing 
11 737 419 769 567 39867 0 0 1 standing 
11 738 419 770 569 39868 0 0 1 standing 
11 739 419 771 570 39869 0 0 1 standing 
11 741 420 773 572 39870 0 0 0 standing 
11 743 420 776 573 39871 0 0 1 standing 
11 745 420 779 574 39872 0 0 1 standing 
11 747 420 782 575 39873 0 0 1 standing 
11 750 420 785 577 39874 0 0 0 standing 
11 750 420 786 578 39875 0 0 1 standing 
11 750 421 787 580 39876 0 0 1 standing 
11 751 421 788 581 39877 0 0 1 standing 
11 751 422 789 583 39878 0 0 1 standing 
11 751 422 790 584 39879 0 0 1 standing 
