0 311 386 389 577 62810 0 1 0 spiking 
0 315 385 390 565 62811 0 1 1 spiking 
0 320 384 392 554 62812 0 1 1 spiking 
0 324 383 393 542 62813 0 1 1 spiking 
0 329 382 395 531 62814 0 1 0 spiking 
0 333 381 397 531 62815 0 1 1 spiking 
0 338 380 400 532 62816 0 1 1 spiking 
0 343 379 402 533 62817 0 1 1 spiking 
0 348 378 405 533 62818 0 1 1 spiking 
0 353 377 407 534 62819 0 1 1 spiking 
0 358 376 410 535 62820 0 1 0 spiking 
0 361 382 415 538 62821 0 1 1 spiking 
0 364 388 421 541 62822 0 1 1 spiking 
0 368 395 427 544 62823 0 1 0 spiking 
0 367 405 429 550 62824 0 1 1 spiking 
0 366 415 431 557 62825 0 1 1 spiking 
0 365 425 433 564 62826 0 1 1 spiking 
0 364 436 435 571 62827 0 1 0 spiking 
0 358 439 430 571 62828 0 1 1 spiking 
0 352 443 426 571 62829 0 1 1 spiking 
1 675 422 723 570 62810 0 1 0 spiking 
1 665 414 714 565 62811 0 1 1 blocking 
1 655 406 706 560 62812 0 1 1 blocking 
1 645 398 697 555 62813 0 1 1 blocking 
1 635 390 689 550 62814 0 1 1 blocking 
1 625 383 680 546 62815 0 1 1 blocking 
1 615 375 672 541 62816 0 1 1 blocking 
1 605 367 663 536 62817 0 1 1 blocking 
1 595 359 655 531 62818 0 1 1 blocking 
1 585 351 646 526 62819 0 1 1 blocking 
1 575 344 638 522 62820 0 1 0 blocking 
1 570 346 636 522 62821 0 1 1 blocking 
1 565 348 634 522 62822 0 1 1 blocking 
1 560 350 633 522 62823 0 1 1 blocking 
1 555 352 631 522 62824 0 1 1 blocking 
1 551 354 630 522 62825 0 1 1 blocking 
1 546 356 628 522 62826 0 1 1 blocking 
1 541 358 626 522 62827 0 1 1 blocking 
1 536 360 625 522 62828 0 1 1 blocking 
1 531 362 623 522 62829 0 1 1 blocking 
2 658 387 718 524 62810 0 1 0 blocking 
2 650 380 710 521 62811 0 1 1 blocking 
2 643 373 703 518 62812 0 1 1 blocking 
2 636 366 696 515 62813 0 1 1 blocking 
2 629 359 688 512 62814 0 1 1 blocking 
2 622 353 681 510 62815 0 1 1 blocking 
2 614 346 674 507 62816 0 1 1 blocking 
2 607 339 666 504 62817 0 1 1 blocking 
2 600 332 659 501 62818 0 1 1 blocking 
2 593 325 652 498 62819 0 1 1 blocking 
2 586 319 645 496 62820 0 1 0 blocking 
2 579 322 638 499 62821 0 1 1 blocking 
2 573 325 632 502 62822 0 1 1 blocking 
2 567 328 626 505 62823 0 1 1 blocking 
2 561 331 620 508 62824 0 1 1 blocking 
2 555 334 614 511 62825 0 1 1 blocking 
2 549 337 608 514 62826 0 1 1 blocking 
2 543 340 602 517 62827 0 1 1 blocking 
2 537 343 596 520 62828 0 1 1 blocking 
2 531 346 590 523 62829 0 1 1 blocking 
3 1148 476 1251 615 62810 0 0 0 blocking 
3 1144 475 1241 610 62811 0 0 1 waiting 
3 1141 474 1231 606 62812 0 0 1 waiting 
3 1138 473 1221 602 62813 0 0 0 waiting 
3 1130 468 1210 597 62814 0 0 1 waiting 
3 1122 463 1199 592 62815 0 0 1 waiting 
3 1114 459 1189 588 62816 0 0 0 waiting 
3 1104 455 1176 584 62817 0 0 1 waiting 
3 1094 452 1164 581 62818 0 0 1 waiting 
3 1084 449 1152 578 62819 0 0 0 waiting 
3 1074 446 1141 576 62820 0 0 1 waiting 
3 1065 444 1131 574 62821 0 0 1 waiting 
3 1056 442 1121 573 62822 0 0 1 waiting 
3 1046 439 1111 571 62823 0 0 1 waiting 
3 1037 437 1101 569 62824 0 0 1 waiting 
3 1028 435 1091 568 62825 0 0 0 waiting 
3 1019 433 1082 567 62826 0 0 1 waiting 
3 1010 431 1073 566 62827 0 0 1 waiting 
3 1001 429 1064 565 62828 0 0 1 waiting 
3 992 427 1055 564 62829 0 0 1 waiting 
4 1101 375 1184 488 62810 0 0 0 waiting 
4 1093 373 1174 486 62811 0 0 1 waiting 
4 1085 372 1165 484 62812 0 0 1 waiting 
4 1078 371 1156 483 62813 0 0 0 waiting 
4 1069 369 1146 480 62814 0 0 1 waiting 
4 1060 367 1136 477 62815 0 0 1 waiting 
4 1052 366 1126 474 62816 0 0 0 waiting 
4 1041 366 1113 470 62817 0 0 1 waiting 
4 1031 366 1101 467 62818 0 0 1 waiting 
4 1021 366 1089 464 62819 0 0 0 waiting 
4 1010 366 1079 464 62820 0 0 1 waiting 
4 1000 366 1070 464 62821 0 0 1 waiting 
4 990 366 1060 464 62822 0 0 1 waiting 
4 979 366 1051 464 62823 0 0 1 waiting 
4 969 366 1041 464 62824 0 0 1 waiting 
4 959 366 1032 465 62825 0 0 0 waiting 
4 952 363 1023 465 62826 0 0 1 waiting 
4 945 360 1014 465 62827 0 0 1 waiting 
4 938 358 1006 466 62828 0 0 1 waiting 
4 931 355 997 466 62829 0 0 1 waiting 
5 995 358 1075 461 62810 0 0 0 waiting 
5 988 359 1067 459 62811 0 0 1 waiting 
5 981 360 1059 458 62812 0 0 1 waiting 
5 974 362 1052 457 62813 0 0 0 waiting 
5 965 359 1043 456 62814 0 0 1 waiting 
5 956 357 1034 455 62815 0 0 1 waiting 
5 948 355 1026 454 62816 0 0 0 waiting 
5 943 354 1016 453 62817 0 0 1 waiting 
5 938 354 1006 453 62818 0 0 1 waiting 
5 934 354 997 453 62819 0 0 0 waiting 
5 925 354 991 451 62820 0 0 1 waiting 
5 917 354 985 449 62821 0 0 1 waiting 
5 909 355 979 448 62822 0 0 0 waiting 
5 900 357 971 448 62823 0 0 1 waiting 
5 891 359 964 449 62824 0 0 1 waiting 
5 882 361 957 450 62825 0 0 0 waiting 
5 873 358 949 450 62826 0 0 1 waiting 
5 864 356 941 451 62827 0 0 1 waiting 
5 856 353 934 451 62828 0 0 1 waiting 
5 847 351 926 452 62829 0 0 1 waiting 
6 711 345 763 458 62810 0 0 0 waiting 
6 709 346 763 458 62811 0 0 1 standing 
6 707 347 763 459 62812 0 0 1 standing 
6 706 348 764 460 62813 0 0 0 standing 
6 707 349 761 460 62814 0 0 1 standing 
6 708 350 759 460 62815 0 0 1 standing 
6 709 352 757 461 62816 0 0 0 standing 
6 708 352 764 460 62817 0 0 1 standing 
6 707 353 771 459 62818 0 0 1 standing 
6 706 354 779 458 62819 0 0 0 standing 
6 701 355 776 459 62820 0 0 1 standing 
6 697 357 773 460 62821 0 0 1 standing 
6 693 359 771 462 62822 0 0 0 standing 
6 687 360 766 461 62823 0 0 1 standing 
6 682 361 761 461 62824 0 0 1 standing 
6 677 363 756 461 62825 0 0 0 standing 
6 669 362 747 460 62826 0 0 1 standing 
6 662 362 739 460 62827 0 0 1 standing 
6 655 362 731 460 62828 0 0 1 standing 
6 648 362 723 460 62829 0 0 1 standing 
7 578 343 626 455 62810 0 0 0 standing 
7 573 343 621 458 62811 0 0 1 moving 
7 568 344 616 461 62812 0 0 1 moving 
7 563 345 612 464 62813 0 0 0 moving 
7 556 345 605 464 62814 0 0 1 moving 
7 550 345 598 464 62815 0 0 1 moving 
7 544 345 592 464 62816 0 0 0 moving 
7 539 342 588 462 62817 0 0 1 moving 
7 534 339 584 460 62818 0 0 1 moving 
7 529 336 581 459 62819 0 0 0 moving 
7 523 336 574 458 62820 0 0 1 moving 
7 517 336 567 457 62821 0 0 1 moving 
7 512 337 561 457 62822 0 0 0 moving 
7 504 340 558 459 62823 0 0 1 moving 
7 497 343 555 462 62824 0 0 1 moving 
7 490 346 553 465 62825 0 0 0 moving 
7 483 348 544 467 62826 0 0 1 moving 
7 477 350 536 470 62827 0 0 1 moving 
7 470 352 527 473 62828 0 0 1 moving 
7 464 354 519 476 62829 0 0 1 moving 
8 446 303 489 422 62810 0 0 0 moving 
8 441 304 487 426 62811 0 0 1 standing 
8 436 306 486 430 62812 0 0 1 standing 
8 431 308 485 435 62813 0 0 0 standing 
8 425 308 476 432 62814 0 0 1 standing 
8 419 308 467 430 62815 0 0 1 standing 
8 414 309 458 428 62816 0 0 0 standing 
8 409 309 453 428 62817 0 0 1 standing 
8 404 309 448 428 62818 0 0 1 standing 
8 399 310 443 428 62819 0 0 0 standing 
8 394 312 439 429 62820 0 0 1 standing 
8 390 314 436 431 62821 0 0 1 standing 
8 386 316 433 433 62822 0 0 0 standing 
8 381 316 431 437 62823 0 0 1 standing 
8 377 317 429 441 62824 0 0 1 standing 
8 373 318 428 445 62825 0 0 0 standing 
8 370 317 422 444 62826 0 0 1 standing 
8 367 317 417 443 62827 0 0 1 standing 
8 364 317 411 442 62828 0 0 1 standing 
8 361 317 406 441 62829 0 0 1 standing 
9 386 379 464 523 62810 0 0 0 standing 
9 383 379 459 521 62811 0 0 1 standing 
9 380 379 455 520 62812 0 0 1 standing 
9 377 379 451 519 62813 0 0 0 standing 
9 373 376 443 516 62814 0 0 1 standing 
9 369 373 435 513 62815 0 0 1 standing 
9 365 370 428 511 62816 0 0 0 standing 
9 361 371 430 510 62817 0 0 1 standing 
9 357 372 433 509 62818 0 0 1 standing 
9 354 374 436 509 62819 0 0 0 standing 
9 350 375 428 510 62820 0 0 1 standing 
9 347 377 420 511 62821 0 0 1 standing 
9 344 379 412 513 62822 0 0 0 standing 
9 342 382 407 515 62823 0 0 1 standing 
9 340 386 402 517 62824 0 0 1 standing 
9 339 390 398 519 62825 0 0 0 standing 
9 333 391 390 519 62826 0 0 1 standing 
9 328 392 383 520 62827 0 0 1 standing 
9 322 394 375 520 62828 0 0 1 standing 
9 317 395 368 521 62829 0 0 1 standing 
10 177 388 256 497 62810 0 0 0 standing 
10 175 385 254 494 62811 0 0 1 moving 
10 174 382 253 491 62812 0 0 1 moving 
10 173 380 252 489 62813 0 0 0 moving 
10 179 378 253 489 62814 0 0 1 moving 
10 185 376 254 489 62815 0 0 1 moving 
10 192 374 256 489 62816 0 0 0 moving 
10 191 370 256 487 62817 0 0 1 moving 
10 190 367 256 485 62818 0 0 1 moving 
10 190 364 257 483 62819 0 0 0 moving 
10 191 363 255 483 62820 0 0 1 moving 
10 192 363 253 484 62821 0 0 1 moving 
10 194 363 252 485 62822 0 0 1 moving 
10 195 363 250 485 62823 0 0 1 moving 
10 196 363 248 486 62824 0 0 1 moving 
10 198 363 247 487 62825 0 0 0 moving 
10 197 366 249 488 62826 0 0 1 moving 
10 196 369 251 489 62827 0 0 1 moving 
10 195 373 253 491 62828 0 0 1 moving 
10 194 376 255 492 62829 0 0 1 moving 
11 234 340 293 449 62810 0 0 0 moving 
11 231 339 289 448 62811 0 0 1 standing 
11 228 338 285 447 62812 0 0 1 standing 
11 225 338 282 447 62813 0 0 0 standing 
11 220 337 277 449 62814 0 0 1 standing 
11 216 336 272 451 62815 0 0 1 standing 
11 212 336 267 453 62816 0 0 0 standing 
11 204 338 259 454 62817 0 0 1 standing 
11 197 340 252 455 62818 0 0 1 standing 
11 190 342 245 456 62819 0 0 0 standing 
11 186 343 243 455 62820 0 0 1 standing 
11 183 344 241 455 62821 0 0 1 standing 
11 180 345 240 454 62822 0 0 1 standing 
11 177 346 238 454 62823 0 0 1 standing 
11 174 348 237 454 62824 0 0 0 standing 
11 170 352 229 456 62825 0 0 1 standing 
11 166 356 221 458 62826 0 0 1 standing 
11 162 360 213 460 62827 0 0 0 standing 
11 155 359 208 460 62828 0 0 1 standing 
11 148 358 203 460 62829 0 0 1 standing 
