0 305 468 358 562 14350 0 0 0 standing 
0 310 466 363 560 14351 0 0 1 standing 
0 315 465 368 559 14352 0 0 1 standing 
0 320 464 373 558 14353 0 0 1 standing 
0 325 463 378 557 14354 0 0 1 standing 
0 330 462 383 556 14355 0 0 1 standing 
0 335 460 388 554 14356 0 0 1 standing 
0 340 459 393 553 14357 0 0 1 standing 
0 345 458 398 552 14358 0 0 1 standing 
0 350 457 403 551 14359 0 0 1 standing 
0 356 456 409 550 14360 0 0 0 standing 
0 355 454 408 548 14361 0 0 1 standing 
0 355 452 408 547 14362 0 0 1 standing 
0 355 450 407 546 14363 0 0 1 standing 
0 354 448 407 545 14364 0 0 1 standing 
0 354 447 407 544 14365 0 0 1 standing 
0 354 445 406 543 14366 0 0 1 standing 
0 353 443 406 542 14367 0 0 1 standing 
0 353 441 405 541 14368 0 0 1 standing 
0 353 439 405 540 14369 0 0 1 standing 
1 401 387 438 480 14350 0 0 0 standing 
1 407 384 444 477 14351 0 0 1 standing 
1 414 381 451 474 14352 0 0 1 standing 
1 420 379 457 472 14353 0 0 1 standing 
1 427 376 464 469 14354 0 0 1 standing 
1 434 374 471 467 14355 0 0 1 standing 
1 440 371 477 464 14356 0 0 1 standing 
1 447 368 484 461 14357 0 0 1 standing 
1 453 366 490 459 14358 0 0 1 standing 
1 460 363 497 456 14359 0 0 1 standing 
1 467 361 504 454 14360 0 0 0 standing 
1 466 359 504 452 14361 0 0 1 standing 
1 466 358 505 450 14362 0 0 1 standing 
1 466 356 506 449 14363 0 0 1 standing 
1 466 355 507 447 14364 0 0 1 standing 
1 466 353 508 446 14365 0 0 1 standing 
1 465 352 509 444 14366 0 0 1 standing 
1 465 350 510 442 14367 0 0 1 standing 
1 465 349 511 441 14368 0 0 1 standing 
1 465 347 512 439 14369 0 0 1 standing 
2 434 485 480 595 14350 0 0 0 standing 
2 437 482 484 591 14351 0 0 1 standing 
2 441 480 489 588 14352 0 0 1 standing 
2 445 478 494 584 14353 0 0 1 standing 
2 449 476 499 581 14354 0 0 1 standing 
2 453 474 504 578 14355 0 0 1 standing 
2 456 472 508 574 14356 0 0 1 standing 
2 460 470 513 571 14357 0 0 1 standing 
2 464 468 518 567 14358 0 0 1 standing 
2 468 466 523 564 14359 0 0 1 standing 
2 472 464 528 561 14360 0 0 0 standing 
2 473 462 528 558 14361 0 0 1 standing 
2 474 460 529 556 14362 0 0 1 standing 
2 475 458 529 554 14363 0 0 1 standing 
2 477 456 530 552 14364 0 0 1 standing 
2 478 454 531 550 14365 0 0 1 standing 
2 479 452 531 548 14366 0 0 1 standing 
2 481 450 532 546 14367 0 0 1 standing 
2 482 448 532 544 14368 0 0 1 standing 
2 483 446 533 542 14369 0 0 1 standing 
3 482 516 532 638 14350 0 0 0 standing 
3 482 515 533 637 14351 0 0 1 standing 
3 482 515 534 637 14352 0 0 1 standing 
3 483 515 535 637 14353 0 0 1 standing 
3 483 515 536 637 14354 0 0 1 standing 
3 484 515 537 637 14355 0 0 0 standing 
3 479 516 533 638 14356 0 0 1 standing 
3 475 517 530 639 14357 0 0 1 standing 
3 471 518 526 640 14358 0 0 1 standing 
3 467 519 523 641 14359 0 0 1 standing 
3 463 520 519 642 14360 0 0 1 standing 
3 458 521 516 643 14361 0 0 1 standing 
3 454 522 512 644 14362 0 0 1 standing 
3 450 523 509 645 14363 0 0 1 standing 
3 446 524 505 646 14364 0 0 1 standing 
3 442 525 502 647 14365 0 0 1 standing 
3 437 526 498 648 14366 0 0 1 standing 
3 433 527 495 649 14367 0 0 1 standing 
3 429 528 491 650 14368 0 0 1 standing 
3 425 529 488 651 14369 0 0 1 standing 
4 677 463 721 557 14350 0 0 0 standing 
4 682 462 726 556 14351 0 0 1 standing 
4 687 462 731 556 14352 0 0 1 standing 
4 692 461 736 555 14353 0 0 1 standing 
4 698 461 742 555 14354 0 0 1 standing 
4 703 461 747 555 14355 0 0 1 standing 
4 708 460 752 554 14356 0 0 1 standing 
4 714 460 758 554 14357 0 0 1 standing 
4 719 459 763 553 14358 0 0 1 standing 
4 724 459 768 553 14359 0 0 1 standing 
4 730 459 774 553 14360 0 0 0 standing 
4 728 459 772 553 14361 0 0 1 standing 
4 727 459 771 553 14362 0 0 1 standing 
4 726 459 770 553 14363 0 0 1 standing 
4 725 459 769 553 14364 0 0 1 standing 
4 724 459 768 553 14365 0 0 1 standing 
4 723 459 767 553 14366 0 0 1 standing 
4 722 459 766 553 14367 0 0 1 standing 
4 721 459 765 553 14368 0 0 1 standing 
4 720 459 764 553 14369 0 0 1 standing 
5 670 413 712 503 14350 0 0 0 standing 
5 677 411 719 501 14351 0 0 1 standing 
5 684 410 726 500 14352 0 0 1 standing 
5 691 409 733 499 14353 0 0 1 standing 
5 698 408 740 498 14354 0 0 1 standing 
5 705 407 747 497 14355 0 0 1 standing 
5 712 405 754 495 14356 0 0 1 standing 
5 719 404 761 494 14357 0 0 1 standing 
5 726 403 768 493 14358 0 0 1 standing 
5 733 402 775 492 14359 0 0 1 standing 
5 741 401 783 491 14360 0 0 0 standing 
5 740 400 782 490 14361 0 0 1 standing 
5 740 399 782 489 14362 0 0 1 standing 
5 739 398 781 488 14363 0 0 1 standing 
5 739 398 781 488 14364 0 0 1 standing 
5 738 397 780 487 14365 0 0 1 standing 
5 738 396 780 486 14366 0 0 1 standing 
5 737 396 779 486 14367 0 0 1 standing 
5 737 395 779 485 14368 0 0 1 standing 
5 736 394 778 484 14369 0 0 1 standing 
6 864 471 907 571 14350 0 0 0 standing 
6 870 471 913 571 14351 0 0 1 standing 
6 877 471 920 571 14352 0 0 1 standing 
6 883 471 926 571 14353 0 0 1 standing 
6 890 471 933 571 14354 0 0 1 standing 
6 896 472 939 572 14355 0 0 1 standing 
6 903 472 946 572 14356 0 0 1 standing 
6 909 472 952 572 14357 0 0 1 standing 
6 916 472 959 572 14358 0 0 1 standing 
6 922 472 965 572 14359 0 0 1 standing 
6 929 473 972 573 14360 0 0 0 standing 
6 928 473 971 574 14361 0 0 1 standing 
6 928 473 971 575 14362 0 0 1 standing 
6 927 474 970 576 14363 0 0 1 standing 
6 927 474 970 577 14364 0 0 1 standing 
6 927 475 969 578 14365 0 0 1 standing 
6 926 475 969 579 14366 0 0 1 standing 
6 926 475 968 580 14367 0 0 1 standing 
6 925 476 968 581 14368 0 0 1 standing 
6 925 476 967 582 14369 0 0 1 standing 
7 982 399 1024 487 14350 0 0 0 standing 
7 985 399 1028 488 14351 0 0 1 standing 
7 988 399 1033 489 14352 0 0 1 standing 
7 991 399 1037 490 14353 0 0 1 standing 
7 995 399 1042 491 14354 0 0 1 standing 
7 998 399 1046 492 14355 0 0 1 standing 
7 1001 399 1051 493 14356 0 0 1 standing 
7 1005 399 1055 494 14357 0 0 1 standing 
7 1008 399 1060 495 14358 0 0 1 standing 
7 1011 399 1064 496 14359 0 0 1 standing 
7 1015 399 1069 498 14360 0 0 0 standing 
7 1013 398 1067 497 14361 0 0 1 standing 
7 1011 398 1065 497 14362 0 0 1 standing 
7 1009 398 1063 497 14363 0 0 1 standing 
7 1008 398 1062 497 14364 0 0 1 standing 
7 1006 398 1060 497 14365 0 0 1 standing 
7 1004 398 1058 497 14366 0 0 1 standing 
7 1003 398 1057 497 14367 0 0 1 standing 
7 1001 398 1055 497 14368 0 0 1 standing 
7 999 398 1053 497 14369 0 0 1 standing 
8 344 427 383 506 14350 0 1 0 standing 
8 348 426 389 505 14351 0 1 1 digging 
8 353 425 395 504 14352 0 1 1 digging 
8 358 425 401 503 14353 0 1 1 digging 
8 363 424 407 503 14354 0 1 1 digging 
8 368 424 413 502 14355 0 1 1 digging 
8 372 423 419 501 14356 0 1 1 digging 
8 377 422 425 501 14357 0 1 1 digging 
8 382 422 431 500 14358 0 1 1 digging 
8 387 421 437 499 14359 0 1 1 digging 
8 392 421 443 499 14360 0 1 0 digging 
8 389 420 440 496 14361 0 1 1 digging 
8 386 419 437 493 14362 0 1 1 digging 
8 383 418 434 491 14363 0 1 1 digging 
8 381 417 431 488 14364 0 1 1 digging 
8 378 416 429 486 14365 0 1 1 digging 
8 375 415 426 483 14366 0 1 1 digging 
8 373 414 423 480 14367 0 1 1 digging 
8 370 413 420 478 14368 0 1 1 digging 
8 367 412 417 475 14369 0 1 1 digging 
9 561 456 614 561 14350 0 0 1 digging 
9 572 455 625 560 14351 0 0 1 standing 
9 584 454 637 559 14352 0 0 0 standing 
9 594 452 647 557 14353 0 0 1 standing 
9 604 451 657 556 14354 0 0 1 standing 
9 614 450 667 555 14355 0 0 0 standing 
9 618 449 671 554 14356 0 0 1 standing 
9 623 448 676 553 14357 0 0 1 standing 
9 628 448 681 553 14358 0 0 1 standing 
9 633 447 686 552 14359 0 0 1 standing 
9 638 447 691 552 14360 0 0 0 standing 
9 639 446 692 551 14361 0 0 1 standing 
9 640 446 693 550 14362 0 0 1 standing 
9 641 445 694 549 14363 0 0 1 standing 
9 642 445 695 548 14364 0 0 1 standing 
9 643 444 696 547 14365 0 0 1 standing 
9 644 444 697 546 14366 0 0 1 standing 
9 646 444 699 546 14367 0 0 0 standing 
9 644 443 696 545 14368 0 0 1 standing 
9 642 443 694 544 14369 0 0 1 standing 
10 672 433 705 540 14350 0 0 0 standing 
10 677 431 711 538 14351 0 0 1 blocking 
10 682 429 717 536 14352 0 0 1 blocking 
10 687 427 723 534 14353 0 0 1 blocking 
10 692 425 729 532 14354 0 0 1 blocking 
10 698 423 736 530 14355 0 0 1 blocking 
10 703 421 742 528 14356 0 0 1 blocking 
10 708 419 748 526 14357 0 0 1 blocking 
10 713 417 754 524 14358 0 0 1 blocking 
10 718 415 760 522 14359 0 0 1 blocking 
10 724 414 767 520 14360 0 0 0 blocking 
10 723 413 766 519 14361 0 0 1 blocking 
10 722 413 765 519 14362 0 0 1 blocking 
10 721 413 764 519 14363 0 0 1 blocking 
10 720 413 763 519 14364 0 0 1 blocking 
10 719 413 762 519 14365 0 0 1 blocking 
10 718 413 761 519 14366 0 0 1 blocking 
10 717 413 760 519 14367 0 0 1 blocking 
10 716 413 759 519 14368 0 0 1 blocking 
10 715 413 758 519 14369 0 0 1 blocking 
11 786 435 832 529 14350 0 0 0 blocking 
11 790 433 837 527 14351 0 0 1 standing 
11 795 432 843 525 14352 0 0 1 standing 
11 800 430 849 524 14353 0 0 1 standing 
11 805 429 855 522 14354 0 0 1 standing 
11 810 427 861 521 14355 0 0 1 standing 
11 815 426 866 519 14356 0 0 1 standing 
11 820 424 872 517 14357 0 0 1 standing 
11 825 423 878 516 14358 0 0 1 standing 
11 830 421 884 514 14359 0 0 1 standing 
11 835 420 890 513 14360 0 0 0 standing 
11 835 418 888 511 14361 0 0 1 standing 
11 835 416 887 509 14362 0 0 1 standing 
11 835 414 885 507 14363 0 0 1 standing 
11 835 412 884 505 14364 0 0 1 standing 
11 835 410 882 503 14365 0 0 1 standing 
11 835 408 881 501 14366 0 0 1 standing 
11 835 406 879 499 14367 0 0 1 standing 
11 835 404 878 497 14368 0 0 1 standing 
11 835 402 876 495 14369 0 0 1 standing 
