0 574 355 654 462 12755 0 1 0 standing 
0 574 355 658 462 12756 0 1 1 standing 
0 574 356 662 463 12757 0 1 1 standing 
0 575 356 666 464 12758 0 1 1 standing 
0 575 357 670 465 12759 0 1 1 standing 
0 576 357 674 466 12760 0 1 1 standing 
0 576 358 678 466 12761 0 1 1 standing 
0 576 358 682 467 12762 0 1 1 standing 
0 577 359 686 468 12763 0 1 1 standing 
0 577 359 690 469 12764 0 1 1 standing 
0 578 360 694 470 12765 0 1 0 standing 
0 581 359 693 469 12766 0 1 1 standing 
0 584 359 692 468 12767 0 1 1 standing 
0 587 358 691 468 12768 0 1 1 standing 
0 590 358 690 467 12769 0 1 1 standing 
0 593 357 689 467 12770 0 1 1 standing 
0 596 357 688 466 12771 0 1 1 standing 
0 599 356 687 465 12772 0 1 1 standing 
0 602 356 686 465 12773 0 1 1 standing 
0 605 355 685 464 12774 0 1 1 standing 
1 880 413 928 565 12755 0 0 0 standing 
1 882 413 930 565 12756 0 0 1 standing 
1 884 414 932 566 12757 0 0 1 standing 
1 886 414 934 566 12758 0 0 1 standing 
1 888 415 936 567 12759 0 0 1 standing 
1 890 415 938 567 12760 0 0 1 standing 
1 892 416 940 568 12761 0 0 1 standing 
1 894 416 942 568 12762 0 0 1 standing 
1 896 417 944 569 12763 0 0 1 standing 
1 898 417 946 569 12764 0 0 1 standing 
1 900 418 948 570 12765 0 0 0 standing 
1 901 416 950 568 12766 0 0 1 standing 
1 903 415 953 567 12767 0 0 1 standing 
1 905 414 955 566 12768 0 0 1 standing 
1 906 413 958 564 12769 0 0 1 standing 
1 908 412 960 563 12770 0 0 1 standing 
1 910 410 963 562 12771 0 0 1 standing 
1 911 409 965 560 12772 0 0 1 standing 
1 913 408 968 559 12773 0 0 1 standing 
1 915 407 970 558 12774 0 0 1 standing 
2 811 388 883 538 12755 0 0 0 standing 
2 814 388 886 538 12756 0 0 1 standing 
2 817 389 889 539 12757 0 0 1 standing 
2 820 390 892 540 12758 0 0 1 standing 
2 823 391 895 541 12759 0 0 1 standing 
2 826 392 898 542 12760 0 0 1 standing 
2 829 392 901 542 12761 0 0 1 standing 
2 832 393 904 543 12762 0 0 1 standing 
2 835 394 907 544 12763 0 0 1 standing 
2 838 395 910 545 12764 0 0 1 standing 
2 842 396 914 546 12765 0 0 0 standing 
2 842 396 915 548 12766 0 0 1 standing 
2 843 397 917 551 12767 0 0 1 standing 
2 844 397 918 553 12768 0 0 1 standing 
2 845 398 920 556 12769 0 0 1 standing 
2 846 398 921 559 12770 0 0 1 standing 
2 847 399 923 561 12771 0 0 1 standing 
2 848 399 924 564 12772 0 0 1 standing 
2 849 400 926 566 12773 0 0 1 standing 
2 850 400 927 569 12774 0 0 1 standing 
3 904 344 968 484 12755 0 0 0 standing 
3 901 344 963 484 12756 0 0 1 standing 
3 899 344 959 484 12757 0 0 1 standing 
3 896 344 955 484 12758 0 0 1 standing 
3 894 344 951 484 12759 0 0 1 standing 
3 891 345 947 484 12760 0 0 1 standing 
3 889 345 942 484 12761 0 0 1 standing 
3 886 345 938 484 12762 0 0 1 standing 
3 884 345 934 484 12763 0 0 1 standing 
3 881 345 930 484 12764 0 0 1 standing 
3 879 346 926 485 12765 0 0 0 standing 
3 879 346 926 485 12766 0 0 1 standing 
3 879 346 926 485 12767 0 0 1 standing 
3 879 346 926 485 12768 0 0 1 standing 
3 879 346 926 485 12769 0 0 1 standing 
3 879 346 926 485 12770 0 0 1 standing 
3 879 346 926 485 12771 0 0 1 standing 
3 879 346 926 485 12772 0 0 1 standing 
3 879 346 926 485 12773 0 0 1 standing 
3 879 346 926 485 12774 0 0 1 standing 
4 632 413 810 480 12755 0 0 0 standing 
4 631 415 809 479 12756 0 0 1 falling 
4 631 417 809 479 12757 0 0 1 falling 
4 631 419 808 479 12758 0 0 1 falling 
4 630 421 808 479 12759 0 0 1 falling 
4 630 424 808 479 12760 0 0 1 falling 
4 630 426 807 478 12761 0 0 1 falling 
4 629 428 807 478 12762 0 0 1 falling 
4 629 430 806 478 12763 0 0 1 falling 
4 629 432 806 478 12764 0 0 1 falling 
4 629 435 806 478 12765 0 0 0 falling 
4 632 435 806 478 12766 0 0 1 falling 
4 636 435 807 478 12767 0 0 1 falling 
4 640 436 808 478 12768 0 0 1 falling 
4 644 436 808 479 12769 0 0 1 falling 
4 648 437 809 479 12770 0 0 1 falling 
4 651 437 810 479 12771 0 0 1 falling 
4 655 437 810 480 12772 0 0 1 falling 
4 659 438 811 480 12773 0 0 1 falling 
4 663 438 812 480 12774 0 0 1 falling 
5 584 350 639 499 12755 0 0 0 falling 
5 586 352 641 502 12756 0 0 1 standing 
5 589 354 644 505 12757 0 0 1 standing 
5 591 356 646 509 12758 0 0 1 standing 
5 594 359 649 512 12759 0 0 1 standing 
5 597 361 651 516 12760 0 0 1 standing 
5 599 363 654 519 12761 0 0 1 standing 
5 602 366 656 522 12762 0 0 1 standing 
5 604 368 659 526 12763 0 0 1 standing 
5 607 370 661 529 12764 0 0 1 standing 
5 610 373 664 533 12765 0 0 0 standing 
5 612 372 667 533 12766 0 0 1 standing 
5 615 372 670 533 12767 0 0 1 standing 
5 617 372 673 533 12768 0 0 1 standing 
5 620 372 676 533 12769 0 0 1 standing 
5 622 372 679 533 12770 0 0 1 standing 
5 625 371 682 533 12771 0 0 1 standing 
5 627 371 685 533 12772 0 0 1 standing 
5 630 371 688 533 12773 0 0 1 standing 
5 632 371 691 533 12774 0 0 1 standing 
6 479 403 538 568 12755 0 0 0 standing 
6 479 402 538 568 12756 0 0 1 standing 
6 480 402 539 569 12757 0 0 1 standing 
6 481 402 539 570 12758 0 0 1 standing 
6 481 402 540 571 12759 0 0 1 standing 
6 482 402 540 572 12760 0 0 1 standing 
6 483 402 541 572 12761 0 0 1 standing 
6 483 402 541 573 12762 0 0 1 standing 
6 484 402 542 574 12763 0 0 1 standing 
6 485 402 542 575 12764 0 0 1 standing 
6 486 402 543 576 12765 0 0 0 standing 
6 485 401 545 576 12766 0 0 1 standing 
6 484 401 547 576 12767 0 0 1 standing 
6 483 401 549 577 12768 0 0 1 standing 
6 482 401 551 577 12769 0 0 1 standing 
6 481 401 553 578 12770 0 0 1 standing 
6 480 400 555 578 12771 0 0 1 standing 
6 479 400 557 578 12772 0 0 1 standing 
6 478 400 559 579 12773 0 0 1 standing 
6 477 400 561 579 12774 0 0 1 standing 
7 487 360 526 522 12755 0 0 0 standing 
7 487 360 528 521 12756 0 0 1 standing 
7 488 361 530 520 12757 0 0 1 standing 
7 488 361 533 519 12758 0 0 1 standing 
7 489 362 535 519 12759 0 0 1 standing 
7 489 363 538 518 12760 0 0 1 standing 
7 490 363 540 517 12761 0 0 1 standing 
7 490 364 542 517 12762 0 0 1 standing 
7 491 364 545 516 12763 0 0 1 standing 
7 491 365 547 515 12764 0 0 1 standing 
7 492 366 550 515 12765 0 0 0 standing 
7 491 366 549 516 12766 0 0 1 standing 
7 491 366 549 518 12767 0 0 1 standing 
7 491 366 549 519 12768 0 0 1 standing 
7 491 366 549 521 12769 0 0 1 standing 
7 491 366 549 522 12770 0 0 1 standing 
7 491 366 548 524 12771 0 0 1 standing 
7 491 366 548 525 12772 0 0 1 standing 
7 491 366 548 527 12773 0 0 1 standing 
7 491 366 548 528 12774 0 0 1 standing 
8 498 343 536 488 12755 0 0 0 standing 
8 494 343 532 488 12756 0 0 1 standing 
8 490 343 529 489 12757 0 0 1 standing 
8 486 343 526 490 12758 0 0 1 standing 
8 483 343 523 491 12759 0 0 1 standing 
8 479 344 520 492 12760 0 0 1 standing 
8 475 344 516 492 12761 0 0 1 standing 
8 472 344 513 493 12762 0 0 1 standing 
8 468 344 510 494 12763 0 0 1 standing 
8 464 344 507 495 12764 0 0 1 standing 
8 461 345 504 496 12765 0 0 0 standing 
8 456 345 502 497 12766 0 0 1 standing 
8 452 346 501 498 12767 0 0 1 standing 
8 447 347 499 500 12768 0 0 1 standing 
8 443 348 498 501 12769 0 0 1 standing 
8 439 349 496 503 12770 0 0 1 standing 
8 434 349 495 504 12771 0 0 1 standing 
8 430 350 493 505 12772 0 0 1 standing 
8 425 351 492 507 12773 0 0 1 standing 
8 421 352 490 508 12774 0 0 1 standing 
9 319 323 378 465 12755 0 0 0 standing 
9 317 323 377 465 12756 0 0 1 standing 
9 316 323 377 466 12757 0 0 1 standing 
9 315 323 376 467 12758 0 0 1 standing 
9 314 323 376 468 12759 0 0 1 standing 
9 313 323 376 469 12760 0 0 1 standing 
9 312 323 375 469 12761 0 0 1 standing 
9 311 323 375 470 12762 0 0 1 standing 
9 310 323 374 471 12763 0 0 1 standing 
9 309 323 374 472 12764 0 0 1 standing 
9 308 323 374 473 12765 0 0 0 standing 
9 308 323 372 474 12766 0 0 1 standing 
9 308 324 371 476 12767 0 0 1 standing 
9 309 325 370 478 12768 0 0 1 standing 
9 309 326 368 479 12769 0 0 1 standing 
9 310 327 367 481 12770 0 0 1 standing 
9 310 327 366 483 12771 0 0 1 standing 
9 310 328 364 484 12772 0 0 1 standing 
9 311 329 363 486 12773 0 0 1 standing 
9 311 330 362 488 12774 0 0 1 standing 
10 151 418 223 589 12755 0 0 0 standing 
10 149 418 220 589 12756 0 0 1 standing 
10 148 418 218 590 12757 0 0 1 standing 
10 146 418 215 591 12758 0 0 1 standing 
10 145 418 213 592 12759 0 0 1 standing 
10 143 418 210 593 12760 0 0 1 standing 
10 142 418 208 593 12761 0 0 1 standing 
10 140 418 205 594 12762 0 0 1 standing 
10 139 418 203 595 12763 0 0 1 standing 
10 137 418 200 596 12764 0 0 1 standing 
10 136 419 198 597 12765 0 0 0 standing 
10 138 418 202 597 12766 0 0 1 standing 
10 140 418 206 597 12767 0 0 1 standing 
10 142 417 210 597 12768 0 0 1 standing 
10 144 417 214 597 12769 0 0 1 standing 
10 146 416 218 597 12770 0 0 1 standing 
10 148 416 222 597 12771 0 0 1 standing 
10 150 415 226 597 12772 0 0 1 standing 
10 152 415 230 597 12773 0 0 1 standing 
10 154 414 234 597 12774 0 0 1 standing 
11 194 382 243 525 12755 0 0 0 standing 
11 186 380 237 525 12756 0 0 1 standing 
11 179 379 231 525 12757 0 0 1 standing 
11 172 378 225 525 12758 0 0 1 standing 
11 165 376 219 526 12759 0 0 1 standing 
11 158 375 214 526 12760 0 0 1 standing 
11 151 374 208 526 12761 0 0 1 standing 
11 144 372 202 527 12762 0 0 1 standing 
11 137 371 196 527 12763 0 0 1 standing 
11 130 370 190 527 12764 0 0 1 standing 
11 123 369 185 528 12765 0 0 0 standing 
11 118 370 182 529 12766 0 0 1 standing 
11 114 371 179 530 12767 0 0 1 standing 
11 110 373 176 531 12768 0 0 1 standing 
11 106 374 174 533 12769 0 0 1 standing 
11 102 376 171 534 12770 0 0 1 standing 
11 97 377 168 535 12771 0 0 1 standing 
11 93 378 166 537 12772 0 0 1 standing 
11 89 380 163 538 12773 0 0 1 standing 
11 85 381 160 539 12774 0 0 1 standing 
