0 1677 508 1774 651 25898 0 1 0 digging 
0 1676 507 1772 650 25899 0 1 1 digging 
0 1675 507 1770 649 25900 0 1 1 digging 
0 1674 506 1768 648 25901 0 1 1 digging 
0 1673 506 1767 648 25902 0 1 0 digging 
0 1672 502 1765 647 25903 0 1 1 digging 
0 1671 498 1763 646 25904 0 1 1 digging 
0 1670 494 1762 646 25905 0 1 0 digging 
0 1669 474 1761 645 25906 0 1 1 digging 
0 1668 454 1760 644 25907 0 1 1 digging 
0 1667 435 1759 644 25908 0 1 0 digging 
0 1661 428 1749 636 25909 0 1 1 digging 
0 1655 421 1740 629 25910 0 1 1 digging 
0 1649 414 1730 621 25911 0 1 1 digging 
0 1643 407 1721 614 25912 0 1 0 digging 
0 1640 408 1725 615 25913 0 1 1 digging 
0 1638 409 1729 616 25914 0 1 1 digging 
0 1635 410 1733 617 25915 0 1 1 digging 
0 1633 411 1737 618 25916 0 1 1 digging 
0 1630 412 1741 619 25917 0 1 1 digging 
1 1187 607 1301 822 25898 0 0 0 digging 
1 1179 609 1301 824 25899 0 0 1 standing 
1 1172 611 1301 826 25900 0 0 1 standing 
1 1165 614 1302 828 25901 0 0 1 standing 
1 1158 616 1302 830 25902 0 0 1 standing 
1 1151 619 1303 832 25903 0 0 0 standing 
1 1148 618 1295 831 25904 0 0 1 standing 
1 1145 617 1288 830 25905 0 0 1 standing 
1 1143 617 1280 829 25906 0 0 1 standing 
1 1140 616 1273 828 25907 0 0 1 standing 
1 1138 616 1266 828 25908 0 0 0 standing 
1 1136 617 1257 830 25909 0 0 1 standing 
1 1134 618 1248 832 25910 0 0 1 standing 
1 1133 619 1240 834 25911 0 0 0 standing 
1 1130 620 1239 836 25912 0 0 1 standing 
1 1128 621 1238 838 25913 0 0 1 standing 
1 1125 622 1237 840 25914 0 0 1 standing 
1 1123 624 1237 842 25915 0 0 1 standing 
1 1120 625 1236 844 25916 0 0 1 standing 
1 1118 626 1235 846 25917 0 0 1 standing 
2 1257 412 1320 589 25898 0 0 0 standing 
2 1249 412 1311 588 25899 0 0 1 standing 
2 1241 413 1303 587 25900 0 0 1 standing 
2 1233 413 1295 587 25901 0 0 1 standing 
2 1225 414 1287 586 25902 0 0 1 standing 
2 1217 415 1279 586 25903 0 0 0 standing 
2 1209 413 1271 582 25904 0 0 1 standing 
2 1201 411 1263 579 25905 0 0 1 standing 
2 1193 409 1255 576 25906 0 0 1 standing 
2 1185 407 1247 573 25907 0 0 1 standing 
2 1177 406 1239 570 25908 0 0 0 standing 
2 1167 406 1233 569 25909 0 0 1 standing 
2 1157 406 1228 568 25910 0 0 1 standing 
2 1147 406 1223 567 25911 0 0 0 standing 
2 1142 405 1220 565 25912 0 0 1 standing 
2 1137 405 1217 564 25913 0 0 1 standing 
2 1132 404 1214 563 25914 0 0 1 standing 
2 1128 404 1211 561 25915 0 0 1 standing 
2 1123 403 1208 560 25916 0 0 1 standing 
2 1118 403 1205 559 25917 0 0 1 standing 
3 993 394 1066 546 25898 0 0 0 standing 
3 983 393 1056 545 25899 0 0 1 standing 
3 973 393 1046 545 25900 0 0 1 standing 
3 963 393 1037 544 25901 0 0 1 standing 
3 953 393 1027 544 25902 0 0 1 standing 
3 943 393 1018 544 25903 0 0 0 standing 
3 933 390 1008 540 25904 0 0 1 standing 
3 923 387 998 537 25905 0 0 1 standing 
3 913 384 988 534 25906 0 0 1 standing 
3 903 381 978 531 25907 0 0 1 standing 
3 894 379 968 528 25908 0 0 0 standing 
3 887 379 960 525 25909 0 0 1 standing 
3 880 379 952 522 25910 0 0 1 standing 
3 874 379 945 520 25911 0 0 0 standing 
3 867 380 943 521 25912 0 0 1 standing 
3 861 381 941 522 25913 0 0 1 standing 
3 855 382 939 523 25914 0 0 1 standing 
3 849 383 937 525 25915 0 0 1 standing 
3 843 384 935 526 25916 0 0 1 standing 
3 837 385 933 527 25917 0 0 1 standing 
4 809 709 931 928 25898 0 0 0 standing 
4 818 712 941 930 25899 0 0 1 standing 
4 827 715 951 933 25900 0 0 1 standing 
4 836 718 961 935 25901 0 0 1 standing 
4 845 721 971 938 25902 0 0 1 standing 
4 855 724 982 940 25903 0 0 1 standing 
4 864 727 992 943 25904 0 0 1 standing 
4 873 730 1002 945 25905 0 0 1 standing 
4 882 733 1012 948 25906 0 0 1 standing 
4 892 736 1023 951 25907 0 0 0 standing 
4 897 736 1026 945 25908 0 0 1 standing 
4 902 736 1030 939 25909 0 0 1 standing 
4 907 736 1033 933 25910 0 0 1 standing 
4 912 736 1037 927 25911 0 0 0 standing 
4 919 737 1042 933 25912 0 0 1 standing 
4 927 738 1048 939 25913 0 0 1 standing 
4 935 739 1053 945 25914 0 0 1 standing 
4 943 741 1059 951 25915 0 0 1 standing 
4 951 742 1064 957 25916 0 0 1 standing 
4 959 743 1070 963 25917 0 0 1 standing 
5 876 626 959 846 25898 0 0 0 standing 
5 868 622 949 845 25899 0 0 1 standing 
5 861 618 940 844 25900 0 0 1 standing 
5 853 614 931 843 25901 0 0 1 standing 
5 846 610 922 842 25902 0 0 1 standing 
5 839 607 913 841 25903 0 0 0 standing 
5 832 608 912 840 25904 0 0 1 standing 
5 826 610 912 840 25905 0 0 1 standing 
5 819 612 911 840 25906 0 0 1 standing 
5 813 614 911 840 25907 0 0 1 standing 
5 807 616 911 840 25908 0 0 0 standing 
5 803 615 904 841 25909 0 0 1 standing 
5 799 615 898 842 25910 0 0 1 standing 
5 795 615 892 844 25911 0 0 0 standing 
5 792 607 886 838 25912 0 0 1 standing 
5 789 599 881 832 25913 0 0 1 standing 
5 786 592 876 827 25914 0 0 1 standing 
5 784 584 870 821 25915 0 0 1 standing 
5 781 577 865 816 25916 0 0 1 standing 
5 778 569 860 810 25917 0 0 1 standing 
6 514 593 565 812 25898 0 0 0 standing 
6 504 591 556 812 25899 0 0 1 standing 
6 495 589 547 812 25900 0 0 1 standing 
6 486 587 538 812 25901 0 0 1 standing 
6 477 585 529 812 25902 0 0 1 standing 
6 468 583 521 813 25903 0 0 0 standing 
6 460 580 514 808 25904 0 0 1 standing 
6 453 578 507 803 25905 0 0 1 standing 
6 446 575 501 799 25906 0 0 1 standing 
6 439 573 494 794 25907 0 0 1 standing 
6 432 571 488 790 25908 0 0 0 standing 
6 426 572 484 789 25909 0 0 1 standing 
6 420 574 480 788 25910 0 0 1 standing 
6 415 576 476 788 25911 0 0 0 standing 
6 412 577 473 787 25912 0 0 1 standing 
6 410 579 471 786 25913 0 0 1 standing 
6 407 580 469 785 25914 0 0 1 standing 
6 405 582 467 785 25915 0 0 0 standing 
6 403 583 468 785 25916 0 0 1 standing 
6 401 584 469 786 25917 0 0 1 standing 
7 175 602 274 794 25898 0 0 0 standing 
7 163 603 258 795 25899 0 0 1 standing 
7 152 605 242 796 25900 0 0 1 standing 
7 140 606 226 798 25901 0 0 1 standing 
7 129 608 210 799 25902 0 0 1 standing 
7 118 610 195 801 25903 0 0 0 standing 
7 102 611 184 803 25904 0 0 1 standing 
7 86 613 173 805 25905 0 0 1 standing 
7 70 614 162 807 25906 0 0 1 standing 
7 54 616 152 809 25907 0 0 0 standing 
7 44 617 139 810 25908 0 0 1 standing 
7 35 619 127 811 25909 0 0 1 standing 
7 25 620 115 812 25910 0 0 1 standing 
7 16 622 103 813 25911 0 0 0 standing 
7 14 622 92 815 25912 0 0 1 standing 
7 12 623 82 818 25913 0 0 1 standing 
7 10 624 72 820 25914 0 0 1 standing 
7 9 625 62 823 25915 0 0 0 standing 
7 8 627 63 820 25916 0 0 1 standing 
7 7 629 64 818 25917 0 0 1 standing 
8 504 520 548 721 25898 0 0 0 standing 
8 496 520 540 721 25899 0 0 1 standing 
8 488 520 532 721 25900 0 0 1 standing 
8 480 520 524 721 25901 0 0 1 standing 
8 472 520 516 721 25902 0 0 1 standing 
8 464 520 508 722 25903 0 0 1 standing 
8 456 520 500 722 25904 0 0 1 standing 
8 448 520 492 722 25905 0 0 1 standing 
8 440 520 484 722 25906 0 0 1 standing 
8 432 520 476 722 25907 0 0 1 standing 
8 425 520 469 723 25908 0 0 0 standing 
8 420 518 466 721 25909 0 0 1 standing 
8 416 517 463 720 25910 0 0 1 standing 
8 412 516 461 719 25911 0 0 0 standing 
8 409 517 460 720 25912 0 0 1 standing 
8 407 518 459 722 25913 0 0 1 standing 
8 405 520 458 723 25914 0 0 1 standing 
8 403 521 457 725 25915 0 0 1 standing 
8 401 523 456 726 25916 0 0 1 standing 
8 399 524 455 728 25917 0 0 1 standing 
9 470 456 532 623 25898 0 0 0 standing 
9 465 456 525 625 25899 0 0 1 standing 
9 460 456 519 627 25900 0 0 1 standing 
9 455 457 513 629 25901 0 0 1 standing 
9 450 457 507 631 25902 0 0 1 standing 
9 445 458 501 634 25903 0 0 1 standing 
9 440 458 494 636 25904 0 0 1 standing 
9 435 458 488 638 25905 0 0 1 standing 
9 430 459 482 640 25906 0 0 1 standing 
9 425 459 476 642 25907 0 0 1 standing 
9 420 460 470 645 25908 0 0 0 standing 
9 416 463 466 648 25909 0 0 1 standing 
9 412 466 462 651 25910 0 0 1 standing 
9 408 470 458 654 25911 0 0 0 standing 
9 408 472 458 656 25912 0 0 1 standing 
9 408 474 458 658 25913 0 0 1 standing 
9 408 476 458 661 25914 0 0 1 standing 
9 408 479 458 663 25915 0 0 1 standing 
9 408 481 458 666 25916 0 0 1 standing 
9 408 483 458 668 25917 0 0 1 standing 
10 85 519 199 715 25898 0 0 0 standing 
10 74 519 180 716 25899 0 0 1 standing 
10 64 520 162 717 25900 0 0 1 standing 
10 54 521 144 718 25901 0 0 1 standing 
10 43 522 125 720 25902 0 0 1 standing 
10 33 523 107 721 25903 0 0 1 standing 
10 23 524 89 722 25904 0 0 1 standing 
10 13 525 71 724 25905 1 0 0 standing 
10 12 532 66 724 25906 1 0 1 standing 
10 11 540 62 724 25907 1 0 1 standing 
10 10 548 58 724 25908 1 0 1 standing 
10 9 556 54 724 25909 1 0 1 standing 
10 9 564 50 724 25910 1 0 0 standing 
10 9 564 50 724 25911 1 0 1 standing 
10 9 564 50 724 25912 1 0 1 standing 
10 9 564 50 724 25913 1 0 1 standing 
10 9 564 50 724 25914 1 0 1 standing 
10 9 564 50 724 25915 1 0 1 standing 
10 9 564 50 724 25916 1 0 1 standing 
10 9 564 50 724 25917 1 0 1 standing 
