0 1056 441 1121 565 35630 0 0 0 standing 
0 1049 440 1115 563 35631 0 0 1 standing 
0 1042 439 1109 561 35632 0 0 1 standing 
0 1035 439 1104 560 35633 0 0 0 standing 
0 1029 437 1101 559 35634 0 0 1 standing 
0 1023 435 1098 558 35635 0 0 1 standing 
0 1018 434 1095 558 35636 0 0 0 standing 
0 1011 432 1084 555 35637 0 0 1 standing 
0 1004 431 1074 552 35638 0 0 1 standing 
0 997 430 1064 549 35639 0 0 0 standing 
0 990 429 1058 549 35640 0 0 1 standing 
0 983 428 1052 550 35641 0 0 1 standing 
0 976 428 1047 551 35642 0 0 0 standing 
0 971 429 1043 552 35643 0 0 1 standing 
0 967 431 1039 553 35644 0 0 1 standing 
0 963 433 1035 554 35645 0 0 0 standing 
0 958 434 1033 554 35646 0 0 1 standing 
0 953 435 1031 554 35647 0 0 1 standing 
0 949 437 1030 554 35648 0 0 1 standing 
0 944 438 1028 554 35649 0 0 1 standing 
1 900 379 952 499 35630 0 0 0 standing 
1 894 379 946 496 35631 0 0 1 standing 
1 889 379 940 494 35632 0 0 1 standing 
1 884 379 935 492 35633 0 0 0 standing 
1 875 376 927 490 35634 0 0 1 standing 
1 866 373 919 488 35635 0 0 1 standing 
1 857 371 911 487 35636 0 0 0 standing 
1 849 369 903 486 35637 0 0 1 standing 
1 842 367 896 485 35638 0 0 1 standing 
1 834 365 888 484 35639 0 0 1 standing 
1 827 363 881 484 35640 0 0 0 standing 
1 820 364 875 482 35641 0 0 1 standing 
1 813 365 869 481 35642 0 0 1 standing 
1 807 367 863 480 35643 0 0 1 standing 
1 800 368 857 479 35644 0 0 1 standing 
1 794 370 852 478 35645 0 0 0 standing 
1 790 371 848 478 35646 0 0 1 standing 
1 786 372 845 478 35647 0 0 1 standing 
1 783 374 841 478 35648 0 0 1 standing 
1 779 375 838 478 35649 0 0 1 standing 
2 943 463 1015 604 35630 0 0 0 standing 
2 938 463 1011 601 35631 0 0 1 standing 
2 933 463 1008 598 35632 0 0 1 standing 
2 928 463 1005 596 35633 0 0 0 standing 
2 920 461 997 594 35634 0 0 1 standing 
2 912 460 990 592 35635 0 0 1 standing 
2 905 459 983 590 35636 0 0 1 standing 
2 897 458 975 588 35637 0 0 1 standing 
2 890 457 968 587 35638 0 0 1 standing 
2 882 456 961 585 35639 0 0 1 standing 
2 875 455 953 583 35640 0 0 1 standing 
2 867 454 946 581 35641 0 0 1 standing 
2 860 453 939 580 35642 0 0 0 standing 
2 852 453 932 578 35643 0 0 1 standing 
2 845 454 925 576 35644 0 0 1 standing 
2 838 455 919 574 35645 0 0 0 standing 
2 834 455 916 574 35646 0 0 1 standing 
2 830 455 913 574 35647 0 0 1 standing 
2 826 455 910 574 35648 0 0 1 standing 
2 822 455 907 574 35649 0 0 1 standing 
3 692 460 768 597 35630 0 0 0 standing 
3 693 459 780 596 35631 0 0 1 standing 
3 695 458 792 595 35632 0 0 1 standing 
3 697 457 804 595 35633 0 0 0 standing 
3 698 455 802 592 35634 0 0 1 standing 
3 699 453 800 590 35635 0 0 1 standing 
3 701 452 798 588 35636 0 0 0 standing 
3 708 449 795 582 35637 0 0 1 standing 
3 716 447 792 577 35638 0 0 1 standing 
3 724 445 789 572 35639 0 0 0 standing 
3 724 445 799 571 35640 0 0 1 standing 
3 725 445 809 571 35641 0 0 1 standing 
3 726 445 820 571 35642 0 0 0 standing 
3 722 447 815 571 35643 0 0 1 standing 
3 719 449 810 571 35644 0 0 1 standing 
3 716 452 806 571 35645 0 0 0 standing 
3 712 450 803 570 35646 0 0 1 standing 
3 709 449 800 569 35647 0 0 1 standing 
3 706 447 798 569 35648 0 0 1 standing 
3 703 446 795 568 35649 0 0 1 standing 
4 316 465 381 616 35630 0 0 0 standing 
4 316 463 382 616 35631 0 0 1 moving 
4 316 462 383 616 35632 0 0 1 moving 
4 316 461 385 616 35633 0 0 0 moving 
4 311 460 379 611 35634 0 0 1 moving 
4 307 459 373 607 35635 0 0 1 moving 
4 303 458 368 603 35636 0 0 0 moving 
4 299 454 362 600 35637 0 0 1 moving 
4 295 450 356 597 35638 0 0 1 moving 
4 292 446 351 595 35639 0 0 0 moving 
4 285 443 344 596 35640 0 0 1 moving 
4 279 440 337 597 35641 0 0 1 moving 
4 273 437 330 598 35642 0 0 0 moving 
4 269 438 323 597 35643 0 0 1 moving 
4 266 440 316 597 35644 0 0 1 moving 
4 263 442 310 597 35645 0 0 0 moving 
4 259 442 306 596 35646 0 0 1 moving 
4 255 442 303 595 35647 0 0 1 moving 
4 251 443 300 595 35648 0 0 1 moving 
4 247 443 297 594 35649 0 0 1 moving 
5 442 449 505 598 35630 0 0 0 moving 
5 428 451 495 596 35631 0 0 1 standing 
5 414 454 486 595 35632 0 0 1 standing 
5 400 457 477 594 35633 0 0 0 standing 
5 393 457 470 594 35634 0 0 1 standing 
5 386 457 463 594 35635 0 0 1 standing 
5 379 458 456 594 35636 0 0 0 standing 
5 372 455 449 593 35637 0 0 1 standing 
5 365 452 442 592 35638 0 0 1 standing 
5 359 449 436 592 35639 0 0 0 standing 
5 353 445 430 589 35640 0 0 1 standing 
5 347 441 425 586 35641 0 0 1 standing 
5 341 438 420 583 35642 0 0 0 standing 
5 333 440 413 584 35643 0 0 1 standing 
5 325 442 407 585 35644 0 0 1 standing 
5 318 445 401 587 35645 0 0 0 standing 
5 314 446 398 589 35646 0 0 1 standing 
5 310 448 395 591 35647 0 0 1 standing 
5 306 450 392 594 35648 0 0 1 standing 
5 302 452 389 596 35649 0 0 1 standing 
6 364 412 419 556 35630 0 0 0 standing 
6 366 411 421 554 35631 0 0 1 standing 
6 368 410 423 552 35632 0 0 1 standing 
6 371 409 425 551 35633 0 0 0 standing 
6 371 410 427 550 35634 0 0 1 standing 
6 371 411 429 550 35635 0 0 1 standing 
6 372 413 432 550 35636 0 0 0 standing 
6 368 411 426 548 35637 0 0 1 standing 
6 364 409 421 546 35638 0 0 1 standing 
6 361 407 416 544 35639 0 0 0 standing 
6 359 404 412 541 35640 0 0 1 standing 
6 357 401 408 538 35641 0 0 1 standing 
6 355 398 404 535 35642 0 0 0 standing 
6 348 395 406 532 35643 0 0 1 standing 
6 342 393 409 529 35644 0 0 1 standing 
6 336 391 412 526 35645 0 0 0 standing 
6 334 393 409 525 35646 0 0 1 standing 
6 333 395 407 524 35647 0 0 1 standing 
6 332 397 405 523 35648 0 0 1 standing 
6 331 399 403 522 35649 0 0 1 standing 
7 537 379 607 532 35630 0 0 0 standing 
7 532 386 602 534 35631 0 0 1 moving 
7 527 393 597 536 35632 0 0 1 moving 
7 522 401 592 538 35633 0 0 0 moving 
7 517 402 586 539 35634 0 0 1 moving 
7 513 403 580 540 35635 0 0 1 moving 
7 509 404 574 541 35636 0 0 0 moving 
7 500 400 566 541 35637 0 0 1 moving 
7 491 397 558 542 35638 0 0 1 moving 
7 482 393 550 542 35639 0 0 1 moving 
7 473 390 543 543 35640 0 0 0 moving 
7 465 392 530 544 35641 0 0 1 moving 
7 458 394 518 545 35642 0 0 1 moving 
7 451 397 506 547 35643 0 0 1 moving 
7 444 399 494 548 35644 0 0 1 moving 
7 437 402 482 550 35645 0 0 0 moving 
7 429 405 473 550 35646 0 0 1 moving 
7 422 409 464 550 35647 0 0 1 moving 
7 415 413 456 550 35648 0 0 0 moving 
7 413 412 455 549 35649 0 0 1 moving 
8 466 323 531 465 35630 0 1 0 moving 
8 464 320 527 459 35631 0 1 1 spiking 
8 462 317 524 454 35632 0 1 1 spiking 
8 461 315 521 448 35633 0 1 1 spiking 
8 459 312 518 443 35634 0 1 1 spiking 
8 458 310 515 438 35635 0 1 0 spiking 
8 456 308 513 439 35636 0 1 1 spiking 
8 454 307 512 440 35637 0 1 1 spiking 
8 452 305 510 441 35638 0 1 1 spiking 
8 451 304 509 442 35639 0 1 0 spiking 
8 447 304 505 444 35640 0 1 1 spiking 
8 443 304 502 446 35641 0 1 1 spiking 
8 440 304 499 448 35642 0 1 1 spiking 
8 436 304 496 450 35643 0 1 1 spiking 
8 432 304 493 452 35644 0 1 1 spiking 
8 429 305 490 454 35645 0 1 0 spiking 
8 428 316 487 457 35646 0 1 1 spiking 
8 428 328 485 460 35647 0 1 1 spiking 
8 428 339 482 463 35648 0 1 1 spiking 
8 428 351 480 466 35649 0 1 1 spiking 
9 448 398 496 506 35630 0 0 0 spiking 
9 445 397 496 505 35631 0 0 1 standing 
9 442 397 496 505 35632 0 0 1 standing 
9 439 397 497 505 35633 0 0 0 standing 
9 439 399 500 505 35634 0 0 1 standing 
9 440 401 503 506 35635 0 0 1 standing 
9 441 404 506 507 35636 0 0 0 standing 
9 437 404 497 505 35637 0 0 1 standing 
9 433 405 488 503 35638 0 0 1 standing 
9 429 406 480 501 35639 0 0 0 standing 
9 423 403 475 500 35640 0 0 1 standing 
9 418 400 470 499 35641 0 0 1 standing 
9 413 397 466 498 35642 0 0 0 standing 
9 406 394 460 496 35643 0 0 1 standing 
9 399 391 454 495 35644 0 0 1 standing 
9 392 388 449 494 35645 0 0 0 standing 
9 389 389 445 495 35646 0 0 1 standing 
9 386 390 442 497 35647 0 0 1 standing 
9 383 391 438 498 35648 0 0 1 standing 
9 380 392 435 500 35649 0 0 1 standing 
10 649 363 690 490 35630 0 1 0 standing 
10 641 356 682 489 35631 0 1 1 blocking 
10 634 349 675 488 35632 0 1 1 blocking 
10 627 342 667 487 35633 0 1 1 blocking 
10 619 335 660 486 35634 0 1 1 blocking 
10 612 328 653 485 35635 0 1 1 blocking 
10 605 321 645 484 35636 0 1 1 blocking 
10 597 314 638 483 35637 0 1 1 blocking 
10 590 307 630 482 35638 0 1 1 blocking 
10 583 300 623 481 35639 0 1 1 blocking 
10 576 294 616 481 35640 0 1 0 blocking 
10 571 297 612 480 35641 0 1 1 blocking 
10 566 301 608 479 35642 0 1 1 blocking 
10 561 305 604 478 35643 0 1 1 blocking 
10 556 308 600 477 35644 0 1 1 blocking 
10 551 312 597 477 35645 0 1 1 blocking 
10 546 316 593 476 35646 0 1 1 blocking 
10 541 319 589 475 35647 0 1 1 blocking 
10 536 323 585 474 35648 0 1 1 blocking 
10 531 327 581 473 35649 0 1 1 blocking 
11 627 385 679 539 35630 0 1 0 blocking 
11 621 376 673 534 35631 0 1 1 blocking 
11 615 367 667 529 35632 0 1 1 blocking 
11 610 358 661 524 35633 0 1 1 blocking 
11 604 349 656 519 35634 0 1 1 blocking 
11 599 341 650 514 35635 0 1 1 blocking 
11 593 332 644 509 35636 0 1 1 blocking 
11 587 323 639 504 35637 0 1 1 blocking 
11 582 314 633 499 35638 0 1 1 blocking 
11 576 305 627 494 35639 0 1 1 blocking 
11 571 297 622 490 35640 0 1 0 blocking 
11 567 302 618 490 35641 0 1 1 blocking 
11 563 308 614 490 35642 0 1 1 blocking 
11 559 313 610 490 35643 0 1 1 blocking 
11 555 319 606 490 35644 0 1 1 blocking 
11 552 324 602 491 35645 0 1 1 blocking 
11 548 330 598 491 35646 0 1 1 blocking 
11 544 335 594 491 35647 0 1 1 blocking 
11 540 341 590 491 35648 0 1 1 blocking 
11 536 346 586 491 35649 0 1 1 blocking 
