0 658 487 704 623 50195 0 0 0 standing 
0 655 487 701 623 50196 0 0 1 standing 
0 652 487 698 623 50197 0 0 1 standing 
0 649 487 695 623 50198 0 0 1 standing 
0 646 487 692 623 50199 0 0 1 standing 
0 643 488 689 624 50200 0 0 1 standing 
0 640 488 686 624 50201 0 0 1 standing 
0 637 488 683 624 50202 0 0 1 standing 
0 634 488 680 624 50203 0 0 1 standing 
0 631 488 677 624 50204 0 0 1 standing 
0 629 489 675 625 50205 0 0 0 standing 
0 625 489 672 625 50206 0 0 1 standing 
0 621 489 669 625 50207 0 0 1 standing 
0 618 489 666 625 50208 0 0 1 standing 
0 614 489 663 626 50209 0 0 1 standing 
0 611 490 660 626 50210 0 0 1 standing 
0 607 490 657 626 50211 0 0 1 standing 
0 603 490 654 627 50212 0 0 1 standing 
0 600 490 651 627 50213 0 0 1 standing 
0 596 490 648 627 50214 0 0 1 standing 
1 606 458 648 587 50195 0 0 0 standing 
1 604 458 646 587 50196 0 0 1 standing 
1 603 458 645 587 50197 0 0 1 standing 
1 601 458 643 587 50198 0 0 1 standing 
1 600 458 642 587 50199 0 0 1 standing 
1 599 458 641 587 50200 0 0 1 standing 
1 597 458 639 587 50201 0 0 1 standing 
1 596 458 638 587 50202 0 0 1 standing 
1 594 458 636 587 50203 0 0 1 standing 
1 593 458 635 587 50204 0 0 1 standing 
1 592 458 634 587 50205 0 0 0 standing 
1 590 458 632 587 50206 0 0 1 standing 
1 589 458 631 587 50207 0 0 1 standing 
1 588 458 630 587 50208 0 0 1 standing 
1 587 458 629 587 50209 0 0 1 standing 
1 586 458 628 587 50210 0 0 1 standing 
1 584 458 626 587 50211 0 0 1 standing 
1 583 458 625 587 50212 0 0 1 standing 
1 582 458 624 587 50213 0 0 1 standing 
1 581 458 623 587 50214 0 0 1 standing 
2 769 413 826 524 50195 0 0 0 standing 
2 767 413 824 524 50196 0 0 1 standing 
2 766 413 823 524 50197 0 0 1 standing 
2 765 413 822 524 50198 0 0 1 standing 
2 763 413 821 524 50199 0 0 1 standing 
2 762 413 820 525 50200 0 0 1 standing 
2 761 413 819 525 50201 0 0 1 standing 
2 759 413 818 525 50202 0 0 1 standing 
2 758 413 817 525 50203 0 0 1 standing 
2 757 413 816 525 50204 0 0 1 standing 
2 756 413 815 526 50205 0 0 0 standing 
2 755 413 812 526 50206 0 0 1 standing 
2 754 414 810 526 50207 0 0 1 standing 
2 753 414 807 527 50208 0 0 1 standing 
2 753 415 805 527 50209 0 0 1 standing 
2 752 415 802 528 50210 0 0 1 standing 
2 751 416 800 528 50211 0 0 1 standing 
2 751 416 797 528 50212 0 0 1 standing 
2 750 417 795 529 50213 0 0 1 standing 
2 749 417 792 529 50214 0 0 1 standing 
3 889 429 927 548 50195 0 0 0 standing 
3 882 430 923 548 50196 0 0 1 standing 
3 876 431 920 548 50197 0 0 1 standing 
3 870 433 917 548 50198 0 0 1 standing 
3 864 434 914 548 50199 0 0 1 standing 
3 858 435 910 548 50200 0 0 1 standing 
3 852 437 907 548 50201 0 0 1 standing 
3 846 438 904 548 50202 0 0 1 standing 
3 840 440 901 548 50203 0 0 0 standing 
3 836 439 897 547 50204 0 0 1 standing 
3 833 438 893 547 50205 0 0 1 standing 
3 830 437 890 547 50206 0 0 1 standing 
3 826 436 886 547 50207 0 0 1 standing 
3 823 435 883 547 50208 0 0 1 standing 
3 820 434 879 547 50209 0 0 1 standing 
3 816 433 875 547 50210 0 0 1 standing 
3 813 432 872 547 50211 0 0 1 standing 
3 810 431 868 547 50212 0 0 1 standing 
3 806 430 865 547 50213 0 0 1 standing 
3 803 429 861 547 50214 0 0 1 standing 
4 954 444 1006 581 50195 0 0 0 standing 
4 954 443 1005 580 50196 0 0 1 standing 
4 955 443 1004 580 50197 0 0 1 standing 
4 956 443 1003 580 50198 0 0 1 standing 
4 956 443 1002 580 50199 0 0 1 standing 
4 957 443 1001 580 50200 0 0 1 standing 
4 958 443 1000 580 50201 0 0 1 standing 
4 958 443 999 580 50202 0 0 1 standing 
4 959 443 998 580 50203 0 0 1 standing 
4 960 443 997 580 50204 0 0 1 standing 
4 961 443 996 580 50205 0 0 0 standing 
4 961 443 996 580 50206 0 0 1 standing 
4 961 443 996 580 50207 0 0 1 standing 
4 961 443 996 580 50208 0 0 1 standing 
4 961 443 996 580 50209 0 0 1 standing 
4 962 443 997 580 50210 0 0 1 standing 
4 962 443 997 580 50211 0 0 1 standing 
4 962 443 997 580 50212 0 0 1 standing 
4 962 443 997 580 50213 0 0 1 standing 
4 962 443 997 580 50214 0 0 1 standing 
5 902 491 967 623 50195 0 0 0 standing 
5 903 490 966 622 50196 0 0 1 standing 
5 905 490 966 622 50197 0 0 1 standing 
5 906 490 965 621 50198 0 0 1 standing 
5 908 489 965 621 50199 0 0 1 standing 
5 909 489 964 621 50200 0 0 1 standing 
5 911 489 964 620 50201 0 0 1 standing 
5 912 488 963 620 50202 0 0 1 standing 
5 914 488 963 619 50203 0 0 1 standing 
5 915 488 962 619 50204 0 0 1 standing 
5 917 488 962 619 50205 0 0 0 standing 
5 916 488 961 619 50206 0 0 1 standing 
5 916 488 961 619 50207 0 0 1 standing 
5 915 488 961 619 50208 0 0 1 standing 
5 915 488 960 619 50209 0 0 1 standing 
5 915 488 960 619 50210 0 0 1 standing 
5 914 488 960 619 50211 0 0 1 standing 
5 914 488 959 619 50212 0 0 1 standing 
5 913 488 959 619 50213 0 0 1 standing 
5 913 488 959 619 50214 0 0 1 standing 
6 1047 467 1099 607 50195 0 1 0 standing 
6 1049 466 1100 605 50196 0 1 1 standing 
6 1051 465 1102 604 50197 0 1 1 standing 
6 1053 464 1104 603 50198 0 1 1 standing 
6 1056 463 1105 602 50199 0 1 1 standing 
6 1058 463 1107 601 50200 0 1 1 standing 
6 1060 462 1109 600 50201 0 1 1 standing 
6 1063 461 1110 599 50202 0 1 1 standing 
6 1065 460 1112 598 50203 0 1 1 standing 
6 1067 459 1114 597 50204 0 1 1 standing 
6 1070 459 1116 596 50205 0 1 0 standing 
6 1070 460 1119 595 50206 0 1 1 standing 
6 1071 462 1123 595 50207 0 1 1 standing 
6 1071 464 1127 594 50208 0 1 1 standing 
6 1072 466 1130 594 50209 0 1 1 standing 
6 1073 468 1134 593 50210 0 1 1 standing 
6 1073 469 1138 593 50211 0 1 1 standing 
6 1074 471 1141 592 50212 0 1 1 standing 
6 1074 473 1145 592 50213 0 1 1 standing 
6 1075 475 1149 591 50214 0 1 1 standing 
7 1089 470 1149 585 50195 0 1 0 standing 
7 1090 470 1150 585 50196 0 1 1 standing 
7 1091 470 1151 585 50197 0 1 1 standing 
7 1093 470 1152 586 50198 0 1 1 standing 
7 1094 471 1154 586 50199 0 1 1 standing 
7 1096 471 1155 587 50200 0 1 1 standing 
7 1097 471 1156 587 50201 0 1 1 standing 
7 1098 472 1158 587 50202 0 1 1 standing 
7 1100 472 1159 588 50203 0 1 1 standing 
7 1101 472 1160 588 50204 0 1 1 standing 
7 1103 473 1162 589 50205 0 1 0 standing 
7 1105 472 1163 588 50206 0 1 1 standing 
7 1108 472 1165 588 50207 0 1 1 standing 
7 1110 472 1167 587 50208 0 1 1 standing 
7 1113 472 1169 587 50209 0 1 1 standing 
7 1115 472 1171 587 50210 0 1 1 standing 
7 1118 471 1173 586 50211 0 1 1 standing 
7 1120 471 1175 586 50212 0 1 1 standing 
7 1123 471 1177 585 50213 0 1 1 standing 
7 1125 471 1179 585 50214 0 1 1 standing 
8 1149 450 1216 577 50195 0 1 0 standing 
8 1149 451 1214 578 50196 0 1 1 standing 
8 1150 453 1213 580 50197 0 1 1 standing 
8 1151 455 1212 582 50198 0 1 1 standing 
8 1151 456 1210 583 50199 0 1 1 standing 
8 1152 458 1209 585 50200 0 1 1 standing 
8 1153 460 1208 587 50201 0 1 1 standing 
8 1153 461 1206 588 50202 0 1 1 standing 
8 1154 463 1205 590 50203 0 1 1 standing 
8 1155 465 1204 592 50204 0 1 1 standing 
8 1156 467 1203 594 50205 0 1 0 standing 
8 1156 467 1203 594 50206 0 1 1 standing 
8 1156 467 1203 594 50207 0 1 1 standing 
8 1156 467 1203 594 50208 0 1 1 standing 
8 1156 467 1203 594 50209 0 1 1 standing 
8 1156 467 1203 594 50210 0 1 1 standing 
8 1156 467 1203 594 50211 0 1 1 standing 
8 1156 467 1203 594 50212 0 1 1 standing 
8 1156 467 1203 594 50213 0 1 1 standing 
8 1156 467 1203 594 50214 0 1 1 standing 
9 1185 462 1246 591 50195 0 1 0 standing 
9 1185 463 1245 592 50196 0 1 1 standing 
9 1185 464 1245 593 50197 0 1 1 standing 
9 1186 465 1244 594 50198 0 1 1 standing 
9 1186 466 1244 596 50199 0 1 1 standing 
9 1187 468 1243 597 50200 0 1 1 standing 
9 1187 469 1243 598 50201 0 1 1 standing 
9 1187 470 1242 600 50202 0 1 1 standing 
9 1188 471 1242 601 50203 0 1 1 standing 
9 1188 472 1241 602 50204 0 1 1 standing 
9 1189 474 1241 604 50205 0 1 0 standing 
9 1189 474 1241 604 50206 0 1 1 standing 
9 1189 474 1241 604 50207 0 1 1 standing 
9 1189 474 1241 604 50208 0 1 1 standing 
9 1189 474 1241 604 50209 0 1 1 standing 
9 1189 474 1241 604 50210 0 1 1 standing 
9 1189 474 1241 604 50211 0 1 1 standing 
9 1189 474 1241 604 50212 0 1 1 standing 
9 1189 474 1241 604 50213 0 1 1 standing 
9 1189 474 1241 604 50214 0 1 1 standing 
10 1184 476 1262 611 50195 0 1 0 standing 
10 1184 476 1262 611 50196 0 1 1 standing 
10 1185 476 1263 612 50197 0 1 1 standing 
10 1186 476 1264 612 50198 0 1 1 standing 
10 1186 477 1264 613 50199 0 1 1 standing 
10 1187 477 1265 613 50200 0 1 1 standing 
10 1188 477 1266 614 50201 0 1 1 standing 
10 1188 478 1266 614 50202 0 1 1 standing 
10 1189 478 1267 615 50203 0 1 1 standing 
10 1190 478 1268 615 50204 0 1 1 standing 
10 1191 479 1269 616 50205 0 1 0 standing 
10 1191 478 1267 615 50206 0 1 1 standing 
10 1191 478 1265 615 50207 0 1 1 standing 
10 1192 478 1263 614 50208 0 1 1 standing 
10 1192 477 1261 614 50209 0 1 1 standing 
10 1193 477 1259 613 50210 0 1 1 standing 
10 1193 477 1257 613 50211 0 1 1 standing 
10 1193 476 1255 612 50212 0 1 1 standing 
10 1194 476 1253 612 50213 0 1 1 standing 
10 1194 476 1251 611 50214 0 1 1 standing 
11 1081 512 1155 659 50195 0 1 0 standing 
11 1084 509 1157 657 50196 0 1 1 standing 
11 1087 507 1159 655 50197 0 1 1 standing 
11 1090 505 1161 653 50198 0 1 1 standing 
11 1093 503 1163 651 50199 0 1 1 standing 
11 1096 501 1166 649 50200 0 1 1 standing 
11 1099 499 1168 647 50201 0 1 1 standing 
11 1102 497 1170 645 50202 0 1 1 standing 
11 1105 495 1172 643 50203 0 1 1 standing 
11 1108 493 1174 641 50204 0 1 1 standing 
11 1111 491 1177 640 50205 0 1 0 standing 
11 1111 489 1177 638 50206 0 1 1 standing 
11 1112 488 1178 637 50207 0 1 1 standing 
11 1113 486 1179 635 50208 0 1 1 standing 
11 1114 485 1180 634 50209 0 1 1 standing 
11 1115 483 1181 632 50210 0 1 1 standing 
11 1115 482 1181 631 50211 0 1 1 standing 
11 1116 480 1182 629 50212 0 1 1 standing 
11 1117 479 1183 628 50213 0 1 1 standing 
11 1118 477 1184 626 50214 0 1 1 standing 
