0 833 464 876 551 26935 0 1 0 falling 
0 829 465 874 550 26936 0 1 1 falling 
0 826 466 872 550 26937 0 1 1 falling 
0 822 467 870 550 26938 0 1 1 falling 
0 819 468 868 550 26939 0 1 1 falling 
0 816 469 866 550 26940 0 1 1 falling 
0 812 470 864 550 26941 0 1 1 falling 
0 809 471 862 550 26942 0 1 1 falling 
0 805 472 860 550 26943 0 1 1 falling 
0 802 473 858 550 26944 0 1 1 falling 
0 799 474 857 550 26945 0 1 0 falling 
0 795 474 853 550 26946 0 1 1 falling 
0 791 474 850 550 26947 0 1 1 falling 
0 788 474 846 550 26948 0 1 1 falling 
0 784 474 843 550 26949 0 1 1 falling 
0 781 474 840 550 26950 0 1 1 falling 
0 777 474 836 550 26951 0 1 1 falling 
0 773 474 833 550 26952 0 1 1 falling 
0 770 474 829 550 26953 0 1 1 falling 
0 766 474 826 550 26954 0 1 1 falling 
1 892 466 936 560 26935 0 1 0 falling 
1 888 466 932 560 26936 0 1 1 digging 
1 884 466 928 560 26937 0 1 1 digging 
1 880 466 924 560 26938 0 1 1 digging 
1 876 467 920 561 26939 0 1 1 digging 
1 872 467 916 561 26940 0 1 1 digging 
1 868 467 912 561 26941 0 1 1 digging 
1 864 468 908 562 26942 0 1 1 digging 
1 860 468 904 562 26943 0 1 1 digging 
1 856 468 900 562 26944 0 1 1 digging 
1 852 469 896 563 26945 0 1 0 digging 
1 848 466 892 560 26946 0 1 1 digging 
1 845 463 889 557 26947 0 1 1 digging 
1 842 460 886 555 26948 0 1 1 digging 
1 839 457 883 552 26949 0 1 1 digging 
1 836 455 880 550 26950 0 1 0 digging 
1 836 454 880 549 26951 0 1 1 digging 
1 836 453 880 548 26952 0 1 1 digging 
1 836 452 880 547 26953 0 1 1 digging 
1 836 451 880 546 26954 0 1 1 digging 
2 889 555 944 648 26935 0 0 0 digging 
2 884 554 939 647 26936 0 0 1 waiting 
2 880 553 935 646 26937 0 0 1 waiting 
2 876 552 931 645 26938 0 0 1 waiting 
2 872 552 927 645 26939 0 0 1 waiting 
2 868 551 923 644 26940 0 0 1 waiting 
2 864 550 919 643 26941 0 0 1 waiting 
2 860 550 915 643 26942 0 0 1 waiting 
2 856 549 911 642 26943 0 0 1 waiting 
2 852 548 907 641 26944 0 0 1 waiting 
2 848 548 903 641 26945 0 0 0 waiting 
2 844 546 899 640 26946 0 0 1 waiting 
2 840 545 895 640 26947 0 0 1 waiting 
2 837 543 891 640 26948 0 0 1 waiting 
2 833 542 888 640 26949 0 0 1 waiting 
2 830 540 884 640 26950 0 0 1 waiting 
2 826 539 880 639 26951 0 0 1 waiting 
2 822 537 877 639 26952 0 0 1 waiting 
2 819 536 873 639 26953 0 0 1 waiting 
2 815 534 869 639 26954 0 0 1 waiting 
3 678 430 725 511 26935 0 0 0 waiting 
3 678 430 728 511 26936 0 0 1 standing 
3 679 430 731 511 26937 0 0 1 standing 
3 680 430 734 511 26938 0 0 1 standing 
3 681 430 737 511 26939 0 0 1 standing 
3 682 431 740 511 26940 0 0 1 standing 
3 682 431 743 511 26941 0 0 1 standing 
3 683 431 746 511 26942 0 0 1 standing 
3 684 431 749 511 26943 0 0 1 standing 
3 685 431 752 511 26944 0 0 1 standing 
3 686 432 756 511 26945 0 0 0 standing 
3 687 430 753 509 26946 0 0 1 standing 
3 688 428 750 508 26947 0 0 1 standing 
3 689 426 747 507 26948 0 0 1 standing 
3 690 424 744 506 26949 0 0 1 standing 
3 691 422 741 505 26950 0 0 1 standing 
3 692 420 738 504 26951 0 0 0 standing 
3 693 421 742 503 26952 0 0 1 standing 
3 694 422 747 503 26953 0 0 1 standing 
3 695 423 752 502 26954 0 0 1 standing 
4 602 481 641 616 26935 0 0 0 standing 
4 599 483 638 617 26936 0 0 1 jumping 
4 596 486 635 619 26937 0 0 1 jumping 
4 593 489 632 621 26938 0 0 1 jumping 
4 590 492 629 623 26939 0 0 1 jumping 
4 587 495 627 625 26940 0 0 1 jumping 
4 584 497 624 627 26941 0 0 1 jumping 
4 581 500 621 629 26942 0 0 1 jumping 
4 578 503 618 631 26943 0 0 1 jumping 
4 575 506 615 633 26944 0 0 1 jumping 
4 572 509 613 635 26945 0 0 0 jumping 
4 568 514 608 638 26946 0 0 1 jumping 
4 564 519 604 642 26947 0 0 1 jumping 
4 560 524 600 645 26948 0 0 1 jumping 
4 556 529 596 649 26949 0 0 1 jumping 
4 552 534 592 652 26950 0 0 1 jumping 
4 548 540 588 656 26951 0 0 0 jumping 
4 546 539 586 654 26952 0 0 1 jumping 
4 544 539 584 652 26953 0 0 1 jumping 
4 542 539 582 650 26954 0 0 1 jumping 
5 616 452 646 556 26935 0 0 0 jumping 
5 611 452 643 556 26936 0 0 1 standing 
5 606 453 640 556 26937 0 0 1 standing 
5 601 453 637 557 26938 0 0 1 standing 
5 597 454 634 557 26939 0 0 1 standing 
5 592 455 631 558 26940 0 0 1 standing 
5 587 455 628 558 26941 0 0 1 standing 
5 583 456 625 558 26942 0 0 1 standing 
5 578 456 622 559 26943 0 0 1 standing 
5 573 457 619 559 26944 0 0 1 standing 
5 569 458 616 560 26945 0 0 0 standing 
5 564 459 610 561 26946 0 0 1 standing 
5 560 460 605 562 26947 0 0 1 standing 
5 556 462 599 563 26948 0 0 1 standing 
5 551 463 594 564 26949 0 0 1 standing 
5 547 464 588 565 26950 0 0 1 standing 
5 543 466 583 567 26951 0 0 0 standing 
5 540 465 582 566 26952 0 0 1 standing 
5 538 464 582 566 26953 0 0 1 standing 
5 536 463 581 565 26954 0 0 1 standing 
6 532 456 576 559 26935 0 0 0 standing 
6 528 456 571 558 26936 0 0 1 standing 
6 525 456 567 558 26937 0 0 1 standing 
6 521 456 562 558 26938 0 0 1 standing 
6 518 456 558 558 26939 0 0 1 standing 
6 514 456 554 558 26940 0 0 1 standing 
6 511 456 549 558 26941 0 0 1 standing 
6 507 456 545 558 26942 0 0 1 standing 
6 504 456 540 558 26943 0 0 1 standing 
6 500 456 536 558 26944 0 0 1 standing 
6 497 456 532 558 26945 0 0 0 standing 
6 493 456 528 558 26946 0 0 1 standing 
6 490 457 525 559 26947 0 0 1 standing 
6 486 457 521 559 26948 0 0 1 standing 
6 483 458 518 560 26949 0 0 1 standing 
6 479 458 514 560 26950 0 0 1 standing 
6 476 459 511 561 26951 0 0 1 standing 
6 472 459 507 561 26952 0 0 1 standing 
6 469 460 504 562 26953 0 0 1 standing 
6 465 460 500 562 26954 0 0 1 standing 
7 490 405 523 496 26935 0 0 0 standing 
7 487 405 521 496 26936 0 0 1 standing 
7 484 406 519 497 26937 0 0 1 standing 
7 481 407 518 497 26938 0 0 1 standing 
7 478 407 516 498 26939 0 0 1 standing 
7 475 408 515 499 26940 0 0 1 standing 
7 472 409 513 499 26941 0 0 1 standing 
7 469 409 511 500 26942 0 0 1 standing 
7 466 410 510 500 26943 0 0 1 standing 
7 463 411 508 501 26944 0 0 1 standing 
7 460 412 507 502 26945 0 0 0 standing 
7 459 413 504 502 26946 0 0 1 standing 
7 458 414 502 503 26947 0 0 1 standing 
7 457 415 499 503 26948 0 0 1 standing 
7 456 416 497 504 26949 0 0 1 standing 
7 455 417 495 504 26950 0 0 1 standing 
7 454 418 492 505 26951 0 0 1 standing 
7 453 419 490 505 26952 0 0 1 standing 
7 452 420 487 506 26953 0 0 1 standing 
7 451 421 485 506 26954 0 0 1 standing 
8 474 511 522 595 26935 0 0 0 standing 
8 470 511 517 594 26936 0 0 1 waiting 
8 467 511 513 594 26937 0 0 1 waiting 
8 463 511 509 594 26938 0 0 1 waiting 
8 460 511 505 594 26939 0 0 1 waiting 
8 456 511 501 594 26940 0 0 1 waiting 
8 453 511 497 594 26941 0 0 1 waiting 
8 449 511 493 594 26942 0 0 1 waiting 
8 446 511 489 594 26943 0 0 1 waiting 
8 442 511 485 594 26944 0 0 1 waiting 
8 439 511 481 594 26945 0 0 0 waiting 
8 435 510 478 594 26946 0 0 1 waiting 
8 432 510 475 595 26947 0 0 1 waiting 
8 428 510 472 595 26948 0 0 1 waiting 
8 425 510 469 596 26949 0 0 1 waiting 
8 421 510 467 596 26950 0 0 1 waiting 
8 418 509 464 597 26951 0 0 1 waiting 
8 414 509 461 597 26952 0 0 1 waiting 
8 411 509 458 598 26953 0 0 1 waiting 
8 407 509 455 598 26954 0 0 1 waiting 
9 436 465 482 557 26935 0 0 0 waiting 
9 431 465 477 559 26936 0 0 1 standing 
9 427 466 473 561 26937 0 0 1 standing 
9 422 467 469 563 26938 0 0 1 standing 
9 418 467 465 565 26939 0 0 1 standing 
9 413 468 461 567 26940 0 0 1 standing 
9 409 469 456 569 26941 0 0 1 standing 
9 404 469 452 571 26942 0 0 1 standing 
9 400 470 448 573 26943 0 0 1 standing 
9 395 471 444 575 26944 0 0 1 standing 
9 391 472 440 577 26945 0 0 0 standing 
9 387 472 434 576 26946 0 0 1 standing 
9 383 472 429 576 26947 0 0 1 standing 
9 379 472 423 576 26948 0 0 1 standing 
9 375 472 418 576 26949 0 0 1 standing 
9 371 472 412 576 26950 0 0 1 standing 
9 367 472 407 576 26951 0 0 1 standing 
9 363 472 401 576 26952 0 0 1 standing 
9 359 472 396 576 26953 0 0 1 standing 
9 355 472 390 576 26954 0 0 1 standing 
10 432 489 476 607 26935 0 0 0 standing 
10 432 493 477 610 26936 0 0 1 jumping 
10 433 497 478 614 26937 0 0 1 jumping 
10 434 501 480 617 26938 0 0 1 jumping 
10 434 506 481 621 26939 0 0 1 jumping 
10 435 510 483 624 26940 0 0 1 jumping 
10 436 514 484 628 26941 0 0 1 jumping 
10 436 519 485 631 26942 0 0 1 jumping 
10 437 523 487 635 26943 0 0 1 jumping 
10 438 527 488 638 26944 0 0 1 jumping 
10 439 532 490 642 26945 0 0 0 jumping 
10 437 533 488 641 26946 0 0 1 jumping 
10 436 534 487 641 26947 0 0 1 jumping 
10 435 536 485 641 26948 0 0 1 jumping 
10 433 537 484 641 26949 0 0 1 jumping 
10 432 539 483 641 26950 0 0 1 jumping 
10 431 540 481 641 26951 0 0 1 jumping 
10 429 541 480 641 26952 0 0 1 jumping 
10 428 543 478 641 26953 0 0 1 jumping 
10 427 544 477 641 26954 0 0 1 jumping 
11 284 493 334 575 26935 0 0 0 jumping 
11 276 494 326 577 26936 0 0 1 standing 
11 268 496 319 579 26937 0 0 1 standing 
11 260 498 311 582 26938 0 0 1 standing 
11 252 500 304 584 26939 0 0 1 standing 
11 245 502 297 587 26940 0 0 1 standing 
11 237 503 289 589 26941 0 0 1 standing 
11 229 505 282 591 26942 0 0 1 standing 
11 221 507 274 594 26943 0 0 1 standing 
11 213 509 267 596 26944 0 0 1 standing 
11 206 511 260 599 26945 0 0 0 standing 
11 201 511 254 600 26946 0 0 1 standing 
11 196 511 248 601 26947 0 0 1 standing 
11 192 512 242 602 26948 0 0 1 standing 
11 187 512 236 603 26949 0 0 1 standing 
11 182 512 230 604 26950 0 0 1 standing 
11 178 513 224 605 26951 0 0 0 standing 
11 175 514 220 606 26952 0 0 1 standing 
11 173 515 216 608 26953 0 0 1 standing 
11 170 516 212 609 26954 0 0 1 standing 
