0 607 276 643 373 18375 0 1 0 digging 
0 611 268 646 369 18376 0 1 1 digging 
0 615 261 649 366 18377 0 1 1 digging 
0 619 254 653 363 18378 0 1 0 digging 
0 619 248 655 356 18379 0 1 1 digging 
0 620 242 657 349 18380 0 1 1 digging 
0 621 236 659 343 18381 0 1 0 digging 
0 627 226 663 339 18382 0 1 1 digging 
0 633 217 668 335 18383 0 1 1 digging 
0 639 208 673 332 18384 0 1 0 digging 
0 641 211 676 332 18385 0 1 1 digging 
0 643 214 680 333 18386 0 1 1 digging 
0 646 217 684 334 18387 0 1 0 digging 
0 651 221 689 335 18388 0 1 1 digging 
0 656 225 695 336 18389 0 1 1 digging 
0 661 229 701 338 18390 0 1 0 digging 
0 664 228 703 336 18391 0 1 1 digging 
0 667 228 705 335 18392 0 1 1 digging 
0 671 227 707 334 18393 0 1 1 digging 
0 674 227 709 333 18394 0 1 1 digging 
1 753 291 813 395 18375 0 0 0 digging 
1 749 287 811 392 18376 0 0 1 standing 
1 745 283 809 390 18377 0 0 1 standing 
1 741 279 808 388 18378 0 0 0 standing 
1 731 277 800 386 18379 0 0 1 standing 
1 722 276 793 385 18380 0 0 1 standing 
1 713 275 786 384 18381 0 0 0 standing 
1 712 274 775 383 18382 0 0 1 standing 
1 711 274 765 383 18383 0 0 1 standing 
1 710 274 755 383 18384 0 0 0 standing 
1 701 273 753 381 18385 0 0 1 standing 
1 692 272 751 380 18386 0 0 1 standing 
1 684 271 749 379 18387 0 0 0 standing 
1 685 271 747 379 18388 0 0 1 standing 
1 687 272 745 380 18389 0 0 1 standing 
1 689 273 744 381 18390 0 0 0 standing 
1 691 271 745 380 18391 0 0 1 standing 
1 693 270 746 379 18392 0 0 1 standing 
1 695 269 747 378 18393 0 0 0 standing 
1 695 269 747 378 18394 0 0 1 standing 
2 952 459 1039 600 18375 0 0 0 standing 
2 953 459 1040 601 18376 0 0 1 standing 
2 954 459 1041 602 18377 0 0 1 standing 
2 956 460 1043 603 18378 0 0 0 standing 
2 955 459 1042 603 18379 0 0 1 standing 
2 955 459 1041 603 18380 0 0 1 standing 
2 955 459 1040 603 18381 0 0 0 standing 
2 955 460 1037 604 18382 0 0 1 standing 
2 956 461 1034 605 18383 0 0 1 standing 
2 957 463 1031 607 18384 0 0 0 standing 
2 956 462 1031 606 18385 0 0 1 standing 
2 956 462 1032 606 18386 0 0 1 standing 
2 955 461 1033 606 18387 0 0 1 standing 
2 955 461 1034 605 18388 0 0 1 standing 
2 954 460 1035 605 18389 0 0 1 standing 
2 954 460 1036 605 18390 0 0 0 standing 
2 953 458 1030 603 18391 0 0 1 standing 
2 952 457 1025 602 18392 0 0 1 standing 
2 952 456 1020 600 18393 0 0 1 standing 
2 951 455 1015 599 18394 0 0 1 standing 
3 963 356 1043 484 18375 0 0 0 standing 
3 964 354 1039 482 18376 0 0 1 standing 
3 966 352 1035 480 18377 0 0 1 standing 
3 968 350 1032 478 18378 0 0 0 standing 
3 969 348 1025 477 18379 0 0 1 standing 
3 970 347 1018 476 18380 0 0 1 standing 
3 972 346 1011 475 18381 0 0 0 standing 
3 972 346 1014 475 18382 0 0 1 standing 
3 973 347 1018 475 18383 0 0 1 standing 
3 974 348 1022 476 18384 0 0 0 standing 
3 973 348 1025 476 18385 0 0 1 standing 
3 973 349 1028 477 18386 0 0 1 standing 
3 973 350 1031 478 18387 0 0 0 standing 
3 976 350 1031 478 18388 0 0 1 standing 
3 979 350 1031 478 18389 0 0 1 standing 
3 982 351 1031 479 18390 0 0 0 standing 
3 982 350 1031 479 18391 0 0 1 standing 
3 982 350 1031 480 18392 0 0 1 standing 
3 982 350 1031 481 18393 0 0 1 standing 
3 982 350 1031 482 18394 0 0 1 standing 
4 1022 318 1084 441 18375 0 0 0 standing 
4 1016 320 1085 440 18376 0 0 1 standing 
4 1010 323 1086 440 18377 0 0 1 standing 
4 1004 326 1088 440 18378 0 0 0 standing 
4 1006 325 1084 439 18379 0 0 1 standing 
4 1009 324 1080 438 18380 0 0 1 standing 
4 1012 324 1076 438 18381 0 0 0 standing 
4 1013 323 1069 439 18382 0 0 1 standing 
4 1015 323 1062 440 18383 0 0 1 standing 
4 1017 323 1056 441 18384 0 0 0 standing 
4 1014 323 1056 440 18385 0 0 1 standing 
4 1011 323 1056 440 18386 0 0 1 standing 
4 1008 323 1056 440 18387 0 0 0 standing 
4 1004 323 1052 441 18388 0 0 1 standing 
4 1001 323 1049 442 18389 0 0 1 standing 
4 998 324 1046 443 18390 0 0 0 standing 
4 994 324 1045 442 18391 0 0 1 standing 
4 990 324 1044 441 18392 0 0 1 standing 
4 986 324 1043 440 18393 0 0 1 standing 
4 982 324 1042 439 18394 0 0 1 standing 
5 957 286 997 395 18375 0 0 0 standing 
5 950 286 997 395 18376 0 0 1 standing 
5 943 287 997 395 18377 0 0 1 standing 
5 937 288 997 396 18378 0 0 0 standing 
5 940 289 996 397 18379 0 0 1 standing 
5 943 291 996 398 18380 0 0 1 standing 
5 947 293 996 400 18381 0 0 0 standing 
5 947 291 996 398 18382 0 0 1 standing 
5 948 289 997 396 18383 0 0 1 standing 
5 949 288 998 395 18384 0 0 0 standing 
5 948 288 994 395 18385 0 0 1 standing 
5 948 288 991 395 18386 0 0 1 standing 
5 948 288 988 395 18387 0 0 0 standing 
5 943 288 991 396 18388 0 0 1 standing 
5 939 288 994 397 18389 0 0 1 standing 
5 935 289 998 398 18390 0 0 0 standing 
5 935 291 995 398 18391 0 0 1 standing 
5 935 293 993 398 18392 0 0 1 standing 
5 936 296 990 398 18393 0 0 1 standing 
5 936 298 988 398 18394 0 0 1 standing 
6 483 389 542 511 18375 0 0 0 standing 
6 484 389 545 511 18376 0 0 1 standing 
6 486 390 548 511 18377 0 0 1 standing 
6 488 391 551 511 18378 0 0 0 standing 
6 491 391 554 511 18379 0 0 1 standing 
6 494 391 557 511 18380 0 0 1 standing 
6 497 392 561 512 18381 0 0 0 standing 
6 500 391 564 511 18382 0 0 1 standing 
6 503 390 567 510 18383 0 0 1 standing 
6 506 390 570 510 18384 0 0 0 standing 
6 509 390 573 510 18385 0 0 1 standing 
6 513 390 577 510 18386 0 0 1 standing 
6 517 390 581 510 18387 0 0 0 standing 
6 521 391 585 510 18388 0 0 1 standing 
6 526 392 589 510 18389 0 0 1 standing 
6 531 393 594 511 18390 0 0 0 standing 
6 533 392 596 511 18391 0 0 1 standing 
6 536 392 599 511 18392 0 0 1 standing 
6 539 392 602 511 18393 0 0 1 standing 
6 542 392 605 511 18394 0 0 1 standing 
7 544 321 579 451 18375 0 0 0 standing 
7 547 322 582 450 18376 0 0 1 standing 
7 551 323 585 449 18377 0 0 1 standing 
7 555 324 588 448 18378 0 0 0 standing 
7 557 324 592 448 18379 0 0 1 standing 
7 560 325 597 448 18380 0 0 1 standing 
7 563 326 602 449 18381 0 0 0 standing 
7 563 324 605 449 18382 0 0 1 standing 
7 563 322 608 449 18383 0 0 1 standing 
7 564 320 612 450 18384 0 0 0 standing 
7 568 319 616 448 18385 0 0 1 standing 
7 572 318 620 446 18386 0 0 1 standing 
7 576 317 624 445 18387 0 0 0 standing 
7 582 318 627 446 18388 0 0 1 standing 
7 589 320 631 447 18389 0 0 1 standing 
7 596 322 635 449 18390 0 0 0 standing 
7 599 322 638 449 18391 0 0 1 standing 
7 602 323 641 450 18392 0 0 1 standing 
7 606 323 645 451 18393 0 0 1 standing 
7 609 324 648 452 18394 0 0 1 standing 
8 548 281 577 386 18375 0 0 0 standing 
8 551 279 580 384 18376 0 0 1 standing 
8 554 278 583 383 18377 0 0 1 standing 
8 557 277 586 382 18378 0 0 0 standing 
8 559 273 588 378 18379 0 0 1 standing 
8 562 270 591 375 18380 0 0 1 standing 
8 565 267 594 372 18381 0 0 0 standing 
8 568 268 597 373 18382 0 0 1 standing 
8 571 269 600 374 18383 0 0 1 standing 
8 575 270 604 375 18384 0 0 0 standing 
8 579 271 611 376 18385 0 0 1 standing 
8 583 272 618 377 18386 0 0 1 standing 
8 587 274 626 378 18387 0 0 0 standing 
8 589 274 628 378 18388 0 0 1 standing 
8 592 274 631 378 18389 0 0 1 standing 
8 595 274 634 378 18390 0 0 0 standing 
8 598 274 638 378 18391 0 0 1 standing 
8 602 275 642 379 18392 0 0 1 standing 
8 605 276 647 379 18393 0 0 1 standing 
8 609 277 651 380 18394 0 0 1 standing 
9 283 379 334 504 18375 0 0 0 standing 
9 285 379 336 504 18376 0 0 1 standing 
9 287 379 338 504 18377 0 0 1 standing 
9 290 379 340 504 18378 0 0 0 standing 
9 292 379 342 504 18379 0 0 1 standing 
9 295 379 345 504 18380 0 0 1 standing 
9 298 379 348 504 18381 0 0 0 standing 
9 300 377 349 503 18382 0 0 1 standing 
9 302 375 351 503 18383 0 0 1 standing 
9 305 374 353 503 18384 0 0 0 standing 
9 307 374 355 503 18385 0 0 1 standing 
9 310 374 358 503 18386 0 0 1 standing 
9 313 374 361 503 18387 0 0 0 standing 
9 315 375 365 502 18388 0 0 1 standing 
9 318 376 369 502 18389 0 0 1 standing 
9 321 378 373 502 18390 0 0 0 standing 
9 323 379 376 502 18391 0 0 1 standing 
9 325 380 379 503 18392 0 0 1 standing 
9 327 381 382 503 18393 0 0 1 standing 
9 329 382 385 504 18394 0 0 1 standing 
10 250 288 310 370 18375 0 0 0 standing 
10 252 288 310 370 18376 0 0 1 standing 
10 254 288 310 370 18377 0 0 1 standing 
10 256 288 310 370 18378 0 0 0 standing 
10 257 287 311 369 18379 0 0 1 standing 
10 258 286 312 368 18380 0 0 1 standing 
10 260 286 314 368 18381 0 0 0 standing 
10 261 286 315 368 18382 0 0 1 standing 
10 262 286 316 369 18383 0 0 1 standing 
10 263 286 317 370 18384 0 0 0 standing 
10 266 283 318 369 18385 0 0 1 standing 
10 269 281 319 368 18386 0 0 1 standing 
10 272 279 321 368 18387 0 0 0 standing 
10 275 279 324 368 18388 0 0 1 standing 
10 278 279 327 368 18389 0 0 1 standing 
10 281 279 330 368 18390 0 0 0 standing 
10 279 278 331 368 18391 0 0 1 standing 
10 278 277 333 368 18392 0 0 1 standing 
10 276 276 334 368 18393 0 0 1 standing 
10 275 275 336 368 18394 0 0 1 standing 
11 136 322 189 441 18375 0 0 0 standing 
11 139 321 192 440 18376 0 0 1 standing 
11 142 320 195 439 18377 0 0 1 standing 
11 146 319 199 438 18378 0 0 0 standing 
11 150 318 202 437 18379 0 0 1 standing 
11 155 317 206 436 18380 0 0 1 standing 
11 160 317 210 435 18381 0 0 0 standing 
11 165 316 214 433 18382 0 0 1 standing 
11 170 315 218 431 18383 0 0 1 standing 
11 175 315 223 429 18384 0 0 0 standing 
11 180 317 227 432 18385 0 0 1 standing 
11 185 319 232 436 18386 0 0 1 standing 
11 190 322 237 440 18387 0 0 0 standing 
11 195 323 242 440 18388 0 0 1 standing 
11 200 325 248 441 18389 0 0 1 standing 
11 206 327 254 442 18390 0 0 0 standing 
11 209 327 257 441 18391 0 0 1 standing 
11 213 328 261 440 18392 0 0 1 standing 
11 217 328 265 440 18393 0 0 1 standing 
11 221 329 269 439 18394 0 0 1 standing 
