0 213 389 273 508 42165 0 0 0 standing 
0 215 388 277 507 42166 0 0 1 standing 
0 217 388 282 506 42167 0 0 1 standing 
0 220 388 287 505 42168 0 0 0 standing 
0 222 387 287 504 42169 0 0 1 standing 
0 225 387 287 504 42170 0 0 1 standing 
0 228 387 287 504 42171 0 0 1 standing 
0 230 386 287 504 42172 0 0 1 standing 
0 233 386 287 504 42173 0 0 1 standing 
0 236 386 287 504 42174 0 0 1 standing 
0 239 386 288 504 42175 0 0 0 standing 
0 241 385 290 503 42176 0 0 1 standing 
0 243 385 292 503 42177 0 0 1 standing 
0 245 385 294 503 42178 0 0 1 standing 
0 247 384 296 502 42179 0 0 1 standing 
0 250 384 299 502 42180 0 0 1 standing 
0 252 384 301 502 42181 0 0 1 standing 
0 254 383 303 501 42182 0 0 1 standing 
0 256 383 305 501 42183 0 0 1 standing 
0 258 383 307 501 42184 0 0 1 standing 
1 272 408 336 527 42165 0 1 0 standing 
1 270 405 333 527 42166 0 1 1 setting 
1 269 402 330 527 42167 0 1 1 setting 
1 267 400 327 528 42168 0 1 1 setting 
1 266 397 324 528 42169 0 1 1 setting 
1 265 395 321 529 42170 0 1 0 setting 
1 263 392 318 525 42171 0 1 1 setting 
1 262 390 316 521 42172 0 1 1 setting 
1 261 387 313 517 42173 0 1 1 setting 
1 260 385 311 513 42174 0 1 1 setting 
1 259 383 309 509 42175 0 1 0 setting 
1 255 384 305 509 42176 0 1 1 setting 
1 252 385 302 509 42177 0 1 1 setting 
1 249 387 299 509 42178 0 1 1 setting 
1 246 388 295 509 42179 0 1 1 setting 
1 243 390 292 509 42180 0 1 1 setting 
1 239 391 289 509 42181 0 1 1 setting 
1 236 392 285 509 42182 0 1 1 setting 
1 233 394 282 509 42183 0 1 1 setting 
1 230 395 279 509 42184 0 1 1 setting 
2 363 449 410 589 42165 0 0 0 setting 
2 358 448 410 587 42166 0 0 1 standing 
2 354 448 411 585 42167 0 0 1 standing 
2 350 448 411 584 42168 0 0 1 standing 
2 346 448 412 582 42169 0 0 1 standing 
2 342 448 413 581 42170 0 0 0 standing 
2 342 448 413 580 42171 0 0 1 standing 
2 342 448 413 579 42172 0 0 1 standing 
2 342 448 414 578 42173 0 0 1 standing 
2 342 448 414 577 42174 0 0 1 standing 
2 343 448 415 577 42175 0 0 0 standing 
2 344 448 410 577 42176 0 0 1 standing 
2 346 449 406 577 42177 0 0 1 standing 
2 348 450 402 578 42178 0 0 0 standing 
2 344 450 400 578 42179 0 0 1 standing 
2 340 450 399 578 42180 0 0 1 standing 
2 336 450 398 578 42181 0 0 1 standing 
2 332 450 396 579 42182 0 0 1 standing 
2 328 450 395 579 42183 0 0 1 standing 
2 324 450 394 579 42184 0 0 1 standing 
3 615 417 660 552 42165 0 0 0 standing 
3 617 416 663 551 42166 0 0 1 standing 
3 620 416 666 551 42167 0 0 1 standing 
3 622 416 669 550 42168 0 0 1 standing 
3 625 415 672 550 42169 0 0 1 standing 
3 627 415 675 550 42170 0 0 1 standing 
3 630 415 678 549 42171 0 0 1 standing 
3 632 414 681 549 42172 0 0 1 standing 
3 635 414 684 548 42173 0 0 1 standing 
3 637 414 687 548 42174 0 0 1 standing 
3 640 414 691 548 42175 0 0 0 standing 
3 637 414 691 547 42176 0 0 1 standing 
3 634 415 691 546 42177 0 0 1 standing 
3 632 416 691 545 42178 0 0 1 standing 
3 629 417 692 545 42179 0 0 1 standing 
3 627 418 692 544 42180 0 0 1 standing 
3 624 419 692 543 42181 0 0 1 standing 
3 622 420 693 543 42182 0 0 0 standing 
3 622 421 693 543 42183 0 0 1 standing 
3 623 422 694 543 42184 0 0 1 standing 
4 441 349 493 465 42165 0 0 0 standing 
4 441 347 493 463 42166 0 0 1 standing 
4 442 346 494 461 42167 0 0 1 standing 
4 443 345 494 460 42168 0 0 1 standing 
4 444 344 495 458 42169 0 0 1 standing 
4 445 343 495 456 42170 0 0 1 standing 
4 446 342 496 455 42171 0 0 0 standing 
4 448 342 498 454 42172 0 0 1 standing 
4 450 342 500 454 42173 0 0 1 standing 
4 452 342 502 453 42174 0 0 1 standing 
4 454 342 504 453 42175 0 0 1 standing 
4 457 342 506 453 42176 0 0 0 standing 
4 456 342 507 452 42177 0 0 1 standing 
4 456 342 509 451 42178 0 0 1 standing 
4 456 342 511 450 42179 0 0 1 standing 
4 456 342 512 450 42180 0 0 1 standing 
4 456 342 514 449 42181 0 0 1 standing 
4 456 342 516 448 42182 0 0 1 standing 
4 456 342 518 448 42183 0 0 0 standing 
4 457 341 519 447 42184 0 0 1 standing 
5 385 333 441 433 42165 0 0 0 standing 
5 384 331 440 431 42166 0 0 1 standing 
5 384 330 439 430 42167 0 0 1 standing 
5 384 329 438 429 42168 0 0 1 standing 
5 384 328 437 428 42169 0 0 1 standing 
5 384 327 436 427 42170 0 0 1 standing 
5 383 326 435 425 42171 0 0 1 standing 
5 383 325 434 424 42172 0 0 1 standing 
5 383 324 433 423 42173 0 0 1 standing 
5 383 323 432 422 42174 0 0 1 standing 
5 383 322 431 421 42175 0 0 0 standing 
5 381 322 431 420 42176 0 0 1 standing 
5 380 322 431 420 42177 0 0 1 standing 
5 379 322 431 420 42178 0 0 1 standing 
5 378 322 431 420 42179 0 0 1 standing 
5 377 322 431 420 42180 0 0 1 standing 
5 376 322 431 420 42181 0 0 1 standing 
5 375 322 431 420 42182 0 0 1 standing 
5 374 322 431 420 42183 0 0 1 standing 
5 373 322 431 420 42184 0 0 1 standing 
6 1081 394 1150 513 42165 0 0 0 standing 
6 1084 393 1149 512 42166 0 0 1 standing 
6 1087 393 1149 511 42167 0 0 1 standing 
6 1090 393 1149 510 42168 0 0 1 standing 
6 1093 393 1149 510 42169 0 0 0 standing 
6 1097 391 1149 508 42170 0 0 1 standing 
6 1102 389 1150 506 42171 0 0 1 standing 
6 1107 388 1151 504 42172 0 0 0 standing 
6 1108 389 1155 505 42173 0 0 1 standing 
6 1109 390 1160 507 42174 0 0 1 standing 
6 1111 392 1165 509 42175 0 0 0 standing 
6 1111 392 1163 509 42176 0 0 1 standing 
6 1111 392 1161 509 42177 0 0 1 standing 
6 1112 392 1160 509 42178 0 0 1 standing 
6 1112 392 1158 509 42179 0 0 1 standing 
6 1113 393 1157 509 42180 0 0 0 standing 
6 1113 393 1157 509 42181 0 0 1 standing 
6 1113 393 1157 509 42182 0 0 1 standing 
6 1113 393 1157 509 42183 0 0 1 standing 
6 1113 393 1157 509 42184 0 0 1 standing 
7 1033 444 1090 560 42165 0 0 0 standing 
7 1034 444 1090 559 42166 0 0 1 standing 
7 1036 444 1090 558 42167 0 0 1 standing 
7 1037 444 1090 557 42168 0 0 1 standing 
7 1039 444 1090 556 42169 0 0 1 standing 
7 1040 444 1090 555 42170 0 0 1 standing 
7 1042 444 1090 554 42171 0 0 1 standing 
7 1044 444 1091 554 42172 0 0 0 standing 
7 1043 443 1093 555 42173 0 0 1 standing 
7 1042 442 1096 556 42174 0 0 1 standing 
7 1041 441 1099 557 42175 0 0 0 standing 
7 1041 441 1097 557 42176 0 0 1 standing 
7 1041 441 1096 558 42177 0 0 1 standing 
7 1041 441 1094 559 42178 0 0 1 standing 
7 1041 441 1093 560 42179 0 0 1 standing 
7 1041 441 1092 561 42180 0 0 1 standing 
7 1041 441 1090 562 42181 0 0 1 standing 
7 1041 441 1089 563 42182 0 0 1 standing 
7 1041 441 1087 564 42183 0 0 1 standing 
7 1041 441 1086 565 42184 0 0 1 standing 
8 898 345 935 455 42165 0 0 0 standing 
8 900 345 937 455 42166 0 0 1 standing 
8 903 346 940 455 42167 0 0 1 standing 
8 906 347 943 455 42168 0 0 1 standing 
8 909 347 945 455 42169 0 0 1 standing 
8 912 348 948 455 42170 0 0 1 standing 
8 915 349 951 455 42171 0 0 1 standing 
8 918 350 954 456 42172 0 0 0 standing 
8 920 350 957 455 42173 0 0 1 standing 
8 923 350 960 454 42174 0 0 1 standing 
8 926 350 963 453 42175 0 0 0 standing 
8 927 349 965 452 42176 0 0 1 standing 
8 928 349 967 452 42177 0 0 1 standing 
8 930 349 969 452 42178 0 0 1 standing 
8 931 349 971 452 42179 0 0 1 standing 
8 933 349 974 452 42180 0 0 1 standing 
8 934 349 976 451 42181 0 0 1 standing 
8 935 349 978 451 42182 0 0 1 standing 
8 937 349 980 451 42183 0 0 1 standing 
8 938 349 982 451 42184 0 0 1 standing 
9 688 470 746 609 42165 0 0 0 standing 
9 691 468 749 605 42166 0 0 1 standing 
9 694 466 752 601 42167 0 0 1 standing 
9 698 464 755 597 42168 0 0 1 standing 
9 701 463 758 594 42169 0 0 1 standing 
9 705 461 761 590 42170 0 0 1 standing 
9 708 459 764 586 42171 0 0 1 standing 
9 712 458 768 583 42172 0 0 0 standing 
9 716 455 772 579 42173 0 0 1 standing 
9 720 453 777 575 42174 0 0 1 standing 
9 724 451 782 571 42175 0 0 0 standing 
9 723 448 781 567 42176 0 0 1 standing 
9 722 446 780 564 42177 0 0 1 standing 
9 721 443 780 560 42178 0 0 1 standing 
9 720 441 779 557 42179 0 0 1 standing 
9 719 438 778 553 42180 0 0 1 standing 
9 718 436 778 550 42181 0 0 1 standing 
9 717 433 777 546 42182 0 0 1 standing 
9 716 431 777 543 42183 0 0 0 standing 
9 716 431 777 543 42184 0 0 1 standing 
10 675 398 730 513 42165 0 0 0 standing 
10 677 396 732 511 42166 0 0 1 standing 
10 680 395 735 510 42167 0 0 1 standing 
10 682 393 737 508 42168 0 0 1 standing 
10 685 392 740 507 42169 0 0 1 standing 
10 687 390 743 505 42170 0 0 1 standing 
10 690 389 745 504 42171 0 0 1 standing 
10 692 387 748 502 42172 0 0 1 standing 
10 695 386 750 501 42173 0 0 1 standing 
10 697 384 753 499 42174 0 0 1 standing 
10 700 383 756 498 42175 0 0 0 standing 
10 701 382 756 497 42176 0 0 1 standing 
10 702 382 757 497 42177 0 0 1 standing 
10 703 382 758 496 42178 0 0 1 standing 
10 704 382 759 496 42179 0 0 1 standing 
10 705 382 760 496 42180 0 0 1 standing 
10 706 382 761 495 42181 0 0 1 standing 
10 707 382 762 495 42182 0 0 1 standing 
10 708 382 763 494 42183 0 0 1 standing 
10 709 382 764 494 42184 0 0 1 standing 
11 683 372 735 478 42165 0 0 0 standing 
11 685 370 736 475 42166 0 0 1 standing 
11 687 369 738 473 42167 0 0 1 standing 
11 689 368 740 471 42168 0 0 1 standing 
11 691 367 742 469 42169 0 0 1 standing 
11 693 366 744 466 42170 0 0 1 standing 
11 695 365 746 464 42171 0 0 1 standing 
11 697 364 748 462 42172 0 0 1 standing 
11 699 363 750 460 42173 0 0 1 standing 
11 701 362 752 458 42174 0 0 0 standing 
11 701 361 752 457 42175 0 0 1 standing 
11 701 360 752 457 42176 0 0 1 standing 
11 701 360 752 456 42177 0 0 1 standing 
11 702 359 752 456 42178 0 0 1 standing 
11 702 359 752 455 42179 0 0 1 standing 
11 702 358 752 455 42180 0 0 1 standing 
11 702 358 752 454 42181 0 0 1 standing 
11 703 357 752 454 42182 0 0 1 standing 
11 703 357 752 453 42183 0 0 1 standing 
11 703 356 752 453 42184 0 0 1 standing 
