0 669 317 732 450 45465 0 1 0 spiking 
0 671 317 734 450 45466 0 1 1 spiking 
0 673 317 736 450 45467 0 1 1 spiking 
0 675 317 738 450 45468 0 1 1 spiking 
0 677 318 740 451 45469 0 1 1 spiking 
0 679 318 742 451 45470 0 1 1 spiking 
0 681 318 744 451 45471 0 1 1 spiking 
0 683 319 746 452 45472 0 1 1 spiking 
0 685 319 748 452 45473 0 1 1 spiking 
0 687 319 750 452 45474 0 1 1 spiking 
0 690 320 753 453 45475 0 1 0 spiking 
0 694 324 756 456 45476 0 1 1 spiking 
0 698 329 759 459 45477 0 1 1 spiking 
0 702 333 762 462 45478 0 1 1 spiking 
0 706 338 765 465 45479 0 1 0 spiking 
0 709 337 767 463 45480 0 1 1 spiking 
0 713 337 769 461 45481 0 1 1 spiking 
0 716 336 772 460 45482 0 1 1 spiking 
0 720 336 774 458 45483 0 1 1 spiking 
0 723 335 776 456 45484 0 1 1 spiking 
1 570 380 616 515 45465 0 1 0 spiking 
1 575 373 622 510 45466 0 1 1 blocking 
1 580 367 628 506 45467 0 1 1 blocking 
1 585 361 634 502 45468 0 1 1 blocking 
1 591 355 640 498 45469 0 1 1 blocking 
1 596 349 646 494 45470 0 1 1 blocking 
1 601 343 652 490 45471 0 1 1 blocking 
1 607 337 658 486 45472 0 1 1 blocking 
1 612 331 664 482 45473 0 1 1 blocking 
1 617 325 670 478 45474 0 1 1 blocking 
1 623 319 676 474 45475 0 1 0 blocking 
1 627 324 680 476 45476 0 1 1 blocking 
1 632 329 685 478 45477 0 1 1 blocking 
1 637 334 689 480 45478 0 1 1 blocking 
1 641 339 694 482 45479 0 1 1 blocking 
1 646 345 699 485 45480 0 1 1 blocking 
1 651 350 703 487 45481 0 1 1 blocking 
1 655 355 708 489 45482 0 1 1 blocking 
1 660 360 712 491 45483 0 1 1 blocking 
1 665 365 717 493 45484 0 1 1 blocking 
2 576 321 621 467 45465 0 1 0 blocking 
2 581 319 626 465 45466 0 1 1 blocking 
2 587 318 632 464 45467 0 1 1 blocking 
2 593 316 638 463 45468 0 1 1 blocking 
2 599 315 644 461 45469 0 1 1 blocking 
2 605 313 650 460 45470 0 1 1 blocking 
2 610 312 655 459 45471 0 1 1 blocking 
2 616 310 661 457 45472 0 1 1 blocking 
2 622 309 667 456 45473 0 1 1 blocking 
2 628 307 673 455 45474 0 1 1 blocking 
2 634 306 679 454 45475 0 1 0 blocking 
2 639 311 684 458 45476 0 1 1 blocking 
2 644 317 689 462 45477 0 1 1 blocking 
2 649 323 694 467 45478 0 1 1 blocking 
2 654 328 699 471 45479 0 1 1 blocking 
2 659 334 704 476 45480 0 1 1 blocking 
2 664 340 709 480 45481 0 1 1 blocking 
2 670 346 715 485 45482 0 1 0 blocking 
2 670 346 715 484 45483 0 1 1 blocking 
2 670 346 715 483 45484 0 1 1 blocking 
3 281 385 335 491 45465 0 0 0 blocking 
3 283 383 339 490 45466 0 0 1 waiting 
3 286 382 344 489 45467 0 0 1 waiting 
3 289 380 349 488 45468 0 0 1 waiting 
3 292 379 354 487 45469 0 0 0 waiting 
3 297 379 359 487 45470 0 0 1 waiting 
3 303 379 365 487 45471 0 0 1 waiting 
3 309 379 371 487 45472 0 0 0 waiting 
3 319 379 375 487 45473 0 0 1 waiting 
3 329 380 380 487 45474 0 0 1 waiting 
3 339 381 385 488 45475 0 0 0 waiting 
3 344 381 392 487 45476 0 0 1 waiting 
3 349 381 399 487 45477 0 0 1 waiting 
3 354 381 406 487 45478 0 0 0 waiting 
3 357 381 409 487 45479 0 0 1 waiting 
3 360 381 412 487 45480 0 0 1 waiting 
3 364 381 416 487 45481 0 0 0 waiting 
3 366 383 418 487 45482 0 0 1 waiting 
3 369 385 420 487 45483 0 0 1 waiting 
3 372 387 423 487 45484 0 0 0 waiting 
4 177 448 232 560 45465 0 0 0 waiting 
4 183 444 237 557 45466 0 0 1 waiting 
4 189 441 243 554 45467 0 0 1 waiting 
4 195 438 248 551 45468 0 0 1 waiting 
4 201 435 254 549 45469 0 0 0 waiting 
4 205 435 259 543 45470 0 0 1 waiting 
4 209 436 265 537 45471 0 0 1 waiting 
4 213 437 271 532 45472 0 0 0 waiting 
4 220 436 279 531 45473 0 0 1 waiting 
4 227 435 287 530 45474 0 0 1 waiting 
4 234 435 295 529 45475 0 0 0 waiting 
4 237 436 300 530 45476 0 0 1 waiting 
4 240 437 306 531 45477 0 0 1 waiting 
4 244 439 312 532 45478 0 0 0 waiting 
4 248 439 318 536 45479 0 0 1 waiting 
4 252 439 324 540 45480 0 0 1 waiting 
4 257 439 330 544 45481 0 0 0 waiting 
4 261 437 332 545 45482 0 0 1 waiting 
4 265 435 334 547 45483 0 0 1 waiting 
4 269 434 336 549 45484 0 0 0 waiting 
5 144 504 215 618 45465 0 0 0 waiting 
5 156 498 225 614 45466 0 0 1 waiting 
5 169 492 236 610 45467 0 0 1 waiting 
5 182 486 246 606 45468 0 0 1 waiting 
5 195 481 257 603 45469 0 0 0 waiting 
5 207 481 277 601 45470 0 0 1 waiting 
5 219 482 297 599 45471 0 0 1 waiting 
5 231 483 318 598 45472 0 0 0 waiting 
5 237 485 325 597 45473 0 0 1 waiting 
5 243 487 332 596 45474 0 0 1 waiting 
5 250 489 339 596 45475 0 0 0 waiting 
5 256 488 345 595 45476 0 0 1 waiting 
5 262 487 351 594 45477 0 0 1 waiting 
5 268 487 358 594 45478 0 0 0 waiting 
5 274 485 365 594 45479 0 0 1 waiting 
5 280 483 372 594 45480 0 0 1 waiting 
5 286 482 379 595 45481 0 0 0 waiting 
5 291 478 382 594 45482 0 0 1 waiting 
5 296 474 386 593 45483 0 0 1 waiting 
5 302 471 390 592 45484 0 0 0 waiting 
6 502 473 569 613 45465 0 0 0 waiting 
6 503 470 570 610 45466 0 0 1 standing 
6 504 468 571 607 45467 0 0 1 standing 
6 506 466 572 604 45468 0 0 0 standing 
6 509 464 575 601 45469 0 0 1 standing 
6 513 462 579 598 45470 0 0 1 standing 
6 517 460 583 595 45471 0 0 1 standing 
6 521 458 587 593 45472 0 0 0 standing 
6 519 458 587 589 45473 0 0 1 standing 
6 517 458 588 585 45474 0 0 1 standing 
6 515 459 588 581 45475 0 0 1 standing 
6 513 459 589 577 45476 0 0 1 standing 
6 512 460 590 574 45477 0 0 0 standing 
6 515 461 592 574 45478 0 0 1 standing 
6 519 462 594 575 45479 0 0 1 standing 
6 523 463 596 575 45480 0 0 1 standing 
6 527 464 599 576 45481 0 0 0 standing 
6 528 463 602 576 45482 0 0 1 standing 
6 530 462 606 576 45483 0 0 1 standing 
6 532 461 610 576 45484 0 0 0 standing 
7 646 435 705 566 45465 0 0 0 standing 
7 650 434 709 565 45466 0 0 1 standing 
7 655 433 713 565 45467 0 0 1 standing 
7 659 432 717 564 45468 0 0 1 standing 
7 664 432 721 564 45469 0 0 0 standing 
7 669 434 726 569 45470 0 0 1 standing 
7 674 436 731 574 45471 0 0 1 standing 
7 680 438 737 580 45472 0 0 0 standing 
7 685 441 745 580 45473 0 0 1 standing 
7 691 445 753 581 45474 0 0 1 standing 
7 697 449 762 582 45475 0 0 0 standing 
7 702 446 769 581 45476 0 0 1 standing 
7 708 443 776 580 45477 0 0 1 standing 
7 714 441 784 580 45478 0 0 0 standing 
7 720 440 787 577 45479 0 0 1 standing 
7 727 440 790 574 45480 0 0 1 standing 
7 734 440 793 571 45481 0 0 0 standing 
7 740 444 796 576 45482 0 0 1 standing 
7 746 448 799 581 45483 0 0 1 standing 
7 752 453 803 586 45484 0 0 0 standing 
8 740 488 822 631 45465 0 0 0 standing 
8 740 484 816 629 45466 0 0 1 standing 
8 741 481 811 627 45467 0 0 1 standing 
8 742 478 805 625 45468 0 0 1 standing 
8 743 475 800 624 45469 0 0 0 standing 
8 745 471 801 621 45470 0 0 1 standing 
8 747 468 802 618 45471 0 0 1 standing 
8 750 465 804 616 45472 0 0 0 standing 
8 750 465 806 617 45473 0 0 1 standing 
8 751 466 809 618 45474 0 0 1 standing 
8 752 467 812 619 45475 0 0 0 standing 
8 752 469 813 620 45476 0 0 1 standing 
8 752 471 815 621 45477 0 0 1 standing 
8 753 474 817 623 45478 0 0 0 standing 
8 755 474 820 620 45479 0 0 1 standing 
8 757 474 824 617 45480 0 0 1 standing 
8 759 474 828 614 45481 0 0 0 standing 
8 759 474 827 612 45482 0 0 1 standing 
8 759 475 826 610 45483 0 0 1 standing 
8 759 476 826 608 45484 0 0 0 standing 
9 807 465 860 588 45465 0 0 0 standing 
9 805 465 862 588 45466 0 0 1 standing 
9 803 466 865 589 45467 0 0 1 standing 
9 801 467 868 589 45468 0 0 1 standing 
9 800 468 871 590 45469 0 0 0 standing 
9 806 465 874 588 45470 0 0 1 standing 
9 812 462 877 587 45471 0 0 1 standing 
9 818 460 881 586 45472 0 0 0 standing 
9 825 460 888 586 45473 0 0 1 standing 
9 832 461 895 587 45474 0 0 1 standing 
9 839 462 902 588 45475 0 0 0 standing 
9 844 462 907 588 45476 0 0 1 standing 
9 849 463 912 588 45477 0 0 1 standing 
9 854 464 918 588 45478 0 0 0 standing 
9 860 466 927 588 45479 0 0 1 standing 
9 866 468 936 588 45480 0 0 1 standing 
9 872 470 945 589 45481 0 0 0 standing 
9 872 469 948 588 45482 0 0 1 standing 
9 872 468 951 588 45483 0 0 1 standing 
9 872 467 954 588 45484 0 0 0 standing 
10 810 385 861 491 45465 0 0 0 standing 
10 810 386 859 492 45466 0 0 1 standing 
10 810 388 858 493 45467 0 0 1 standing 
10 810 389 857 494 45468 0 0 1 standing 
10 811 391 856 495 45469 0 0 0 standing 
10 812 390 856 494 45470 0 0 1 standing 
10 813 389 856 493 45471 0 0 1 standing 
10 814 389 856 492 45472 0 0 0 standing 
10 813 391 858 494 45473 0 0 1 standing 
10 812 393 860 496 45474 0 0 1 standing 
10 812 396 863 498 45475 0 0 0 standing 
10 813 397 864 498 45476 0 0 1 standing 
10 815 398 866 498 45477 0 0 1 standing 
10 817 399 867 498 45478 0 0 1 standing 
10 818 400 869 498 45479 0 0 1 standing 
10 820 401 870 498 45480 0 0 1 standing 
10 822 403 872 499 45481 0 0 0 standing 
10 824 403 872 498 45482 0 0 1 standing 
10 827 403 872 498 45483 0 0 1 standing 
10 830 403 872 498 45484 0 0 0 standing 
11 850 400 897 532 45465 0 0 0 standing 
11 847 398 897 531 45466 0 0 1 standing 
11 844 396 897 531 45467 0 0 1 standing 
11 841 394 897 530 45468 0 0 1 standing 
11 838 392 897 530 45469 0 0 0 standing 
11 845 391 901 529 45470 0 0 1 standing 
11 852 391 905 528 45471 0 0 1 standing 
11 859 391 909 528 45472 0 0 0 standing 
11 864 392 914 524 45473 0 0 1 standing 
11 870 393 919 520 45474 0 0 1 standing 
11 876 395 924 516 45475 0 0 0 standing 
11 880 393 927 514 45476 0 0 1 standing 
11 885 392 930 512 45477 0 0 1 standing 
11 890 391 933 511 45478 0 0 0 standing 
11 896 389 937 513 45479 0 0 1 standing 
11 903 387 942 515 45480 0 0 1 standing 
11 910 385 947 518 45481 0 0 0 standing 
11 910 385 951 516 45482 0 0 1 standing 
11 910 385 955 515 45483 0 0 1 standing 
11 910 385 959 514 45484 0 0 0 standing 
