0 782 491 952 602 67635 0 1 0 falling 
0 768 496 944 601 67636 0 1 1 falling 
0 754 501 937 600 67637 0 1 1 falling 
0 740 506 929 600 67638 0 1 1 falling 
0 726 511 922 599 67639 0 1 1 falling 
0 712 516 914 598 67640 0 1 1 falling 
0 699 521 907 598 67641 0 1 0 falling 
0 696 520 902 597 67642 0 1 1 falling 
0 693 520 898 596 67643 0 1 1 falling 
0 690 519 894 595 67644 0 1 1 falling 
0 688 519 890 594 67645 0 1 1 falling 
0 685 518 885 593 67646 0 1 1 falling 
0 682 518 881 592 67647 0 1 1 falling 
0 679 517 877 591 67648 0 1 1 falling 
0 677 517 873 591 67649 0 1 0 falling 
0 677 519 871 591 67650 0 1 1 falling 
0 677 522 869 591 67651 0 1 1 falling 
0 677 525 867 591 67652 0 1 1 falling 
0 677 528 865 591 67653 0 1 1 falling 
0 677 531 863 591 67654 0 1 1 falling 
1 953 405 1013 505 67635 0 0 0 falling 
1 948 404 1008 505 67636 0 0 1 moving 
1 943 403 1003 506 67637 0 0 1 moving 
1 938 402 998 507 67638 0 0 1 moving 
1 934 402 994 508 67639 0 0 0 moving 
1 928 402 987 509 67640 0 0 1 moving 
1 922 402 981 511 67641 0 0 1 moving 
1 916 402 975 513 67642 0 0 1 moving 
1 910 402 969 515 67643 0 0 1 moving 
1 904 402 963 517 67644 0 0 1 moving 
1 898 403 957 519 67645 0 0 0 moving 
1 896 404 954 522 67646 0 0 1 moving 
1 894 406 952 525 67647 0 0 1 moving 
1 892 408 950 528 67648 0 0 1 moving 
1 890 409 947 531 67649 0 0 1 moving 
1 888 411 945 534 67650 0 0 1 moving 
1 887 413 943 537 67651 0 0 0 moving 
1 879 416 941 542 67652 0 0 1 moving 
1 871 420 939 547 67653 0 0 1 moving 
1 863 423 937 552 67654 0 0 1 moving 
2 867 381 950 472 67635 0 0 0 moving 
2 858 379 945 471 67636 0 0 1 moving 
2 849 378 940 471 67637 0 0 1 moving 
2 840 377 935 471 67638 0 0 1 moving 
2 832 376 930 471 67639 0 0 0 moving 
2 827 374 919 471 67640 0 0 1 moving 
2 822 373 909 471 67641 0 0 1 moving 
2 817 372 898 471 67642 0 0 1 moving 
2 812 371 888 471 67643 0 0 1 moving 
2 807 370 877 471 67644 0 0 1 moving 
2 803 369 867 472 67645 0 0 0 moving 
2 797 368 860 474 67646 0 0 1 moving 
2 791 368 854 476 67647 0 0 1 moving 
2 785 368 848 479 67648 0 0 0 moving 
2 776 370 839 480 67649 0 0 1 moving 
2 768 373 831 482 67650 0 0 1 moving 
2 760 376 823 484 67651 0 0 0 moving 
2 756 380 819 487 67652 0 0 1 moving 
2 752 385 815 490 67653 0 0 1 moving 
2 748 389 811 493 67654 0 0 1 moving 
3 614 393 712 489 67635 0 0 0 moving 
3 614 390 706 488 67636 0 0 1 standing 
3 614 388 701 487 67637 0 0 1 standing 
3 614 386 695 486 67638 0 0 1 standing 
3 615 384 690 485 67639 0 0 0 standing 
3 614 382 690 484 67640 0 0 1 standing 
3 613 380 691 484 67641 0 0 1 standing 
3 612 378 691 484 67642 0 0 1 standing 
3 611 376 692 483 67643 0 0 1 standing 
3 610 374 692 483 67644 0 0 1 standing 
3 610 372 693 483 67645 0 0 0 standing 
3 610 370 692 482 67646 0 0 1 standing 
3 610 369 692 482 67647 0 0 1 standing 
3 611 368 692 482 67648 0 0 0 standing 
3 613 364 693 479 67649 0 0 1 standing 
3 615 361 695 477 67650 0 0 1 standing 
3 617 358 696 475 67651 0 0 1 standing 
3 620 355 698 472 67652 0 0 1 standing 
3 622 352 699 470 67653 0 0 1 standing 
3 624 349 701 468 67654 0 0 1 standing 
4 559 400 604 551 67635 0 0 0 standing 
4 554 403 599 554 67636 0 0 1 standing 
4 549 406 594 557 67637 0 0 1 standing 
4 544 409 589 560 67638 0 0 1 standing 
4 540 412 585 563 67639 0 0 0 standing 
4 539 410 584 561 67640 0 0 1 standing 
4 539 408 584 559 67641 0 0 1 standing 
4 539 406 584 557 67642 0 0 1 standing 
4 538 404 583 555 67643 0 0 1 standing 
4 538 402 583 553 67644 0 0 1 standing 
4 538 401 583 552 67645 0 0 0 standing 
4 539 403 584 553 67646 0 0 1 standing 
4 540 406 585 554 67647 0 0 1 standing 
4 541 409 586 555 67648 0 0 1 standing 
4 543 412 587 556 67649 0 0 1 standing 
4 544 415 589 557 67650 0 0 1 standing 
4 545 417 590 558 67651 0 0 1 standing 
4 547 420 591 559 67652 0 0 1 standing 
4 548 423 592 560 67653 0 0 1 standing 
4 549 426 593 561 67654 0 0 1 standing 
5 557 392 598 535 67635 0 0 0 standing 
5 553 391 593 534 67636 0 0 1 standing 
5 549 390 589 533 67637 0 0 1 standing 
5 545 389 585 532 67638 0 0 1 standing 
5 541 389 581 532 67639 0 0 0 standing 
5 541 389 581 532 67640 0 0 1 standing 
5 542 390 582 533 67641 0 0 1 standing 
5 543 390 583 533 67642 0 0 1 standing 
5 543 391 584 534 67643 0 0 1 standing 
5 544 391 585 534 67644 0 0 1 standing 
5 545 392 586 535 67645 0 0 0 standing 
5 543 392 585 536 67646 0 0 1 standing 
5 542 393 585 537 67647 0 0 1 standing 
5 541 394 585 538 67648 0 0 1 standing 
5 539 395 585 540 67649 0 0 1 standing 
5 538 396 585 541 67650 0 0 1 standing 
5 537 396 585 542 67651 0 0 1 standing 
5 535 397 585 544 67652 0 0 1 standing 
5 534 398 585 545 67653 0 0 1 standing 
5 533 399 585 546 67654 0 0 1 standing 
6 515 416 550 546 67635 0 0 0 standing 
6 511 415 547 545 67636 0 0 1 standing 
6 508 414 544 544 67637 0 0 1 standing 
6 505 413 542 543 67638 0 0 1 standing 
6 501 413 539 542 67639 0 0 1 standing 
6 498 412 537 542 67640 0 0 1 standing 
6 495 411 534 541 67641 0 0 1 standing 
6 491 411 531 540 67642 0 0 1 standing 
6 488 410 529 539 67643 0 0 1 standing 
6 485 409 526 538 67644 0 0 1 standing 
6 482 409 524 538 67645 0 0 0 standing 
6 479 408 522 539 67646 0 0 1 standing 
6 477 407 521 541 67647 0 0 1 standing 
6 474 407 519 542 67648 0 0 1 standing 
6 472 406 518 544 67649 0 0 1 standing 
6 469 405 516 545 67650 0 0 1 standing 
6 467 405 515 547 67651 0 0 0 standing 
6 467 402 514 546 67652 0 0 1 standing 
6 468 399 513 546 67653 0 0 1 standing 
6 469 396 512 546 67654 0 0 1 standing 
7 486 387 534 482 67635 0 0 0 standing 
7 479 386 530 484 67636 0 0 1 standing 
7 472 385 526 487 67637 0 0 1 standing 
7 465 384 522 490 67638 0 0 1 standing 
7 458 384 519 493 67639 0 0 0 standing 
7 454 382 519 495 67640 0 0 1 standing 
7 451 381 519 497 67641 0 0 1 standing 
7 448 380 519 500 67642 0 0 1 standing 
7 445 378 519 502 67643 0 0 1 standing 
7 442 377 519 504 67644 0 0 1 standing 
7 439 376 520 507 67645 0 0 0 standing 
7 437 375 514 507 67646 0 0 1 standing 
7 435 374 508 507 67647 0 0 1 standing 
7 433 373 502 507 67648 0 0 1 standing 
7 431 372 496 507 67649 0 0 1 standing 
7 429 371 490 507 67650 0 0 1 standing 
7 427 371 484 508 67651 0 0 0 standing 
7 422 371 480 509 67652 0 0 1 standing 
7 418 372 477 511 67653 0 0 1 standing 
7 414 372 473 513 67654 0 0 1 standing 
8 313 445 375 566 67635 0 0 0 standing 
8 308 444 369 564 67636 0 0 1 standing 
8 304 443 364 563 67637 0 0 1 standing 
8 300 442 358 561 67638 0 0 1 standing 
8 296 441 353 560 67639 0 0 0 standing 
8 293 438 351 560 67640 0 0 1 standing 
8 290 435 349 560 67641 0 0 1 standing 
8 288 432 347 560 67642 0 0 1 standing 
8 285 429 345 560 67643 0 0 1 standing 
8 282 426 343 560 67644 0 0 1 standing 
8 280 424 341 561 67645 0 0 0 standing 
8 277 423 335 560 67646 0 0 1 standing 
8 275 423 330 559 67647 0 0 1 standing 
8 273 423 324 559 67648 0 0 1 standing 
8 271 422 319 558 67649 0 0 1 standing 
8 269 422 313 557 67650 0 0 1 standing 
8 267 422 308 557 67651 0 0 0 standing 
8 265 422 306 557 67652 0 0 1 standing 
8 263 422 305 557 67653 0 0 1 standing 
8 261 422 304 557 67654 0 0 1 standing 
9 405 323 465 453 67635 0 0 0 standing 
9 404 321 462 450 67636 0 0 1 standing 
9 404 319 460 448 67637 0 0 1 standing 
9 403 317 457 445 67638 0 0 1 standing 
9 403 316 455 443 67639 0 0 0 standing 
9 407 316 457 443 67640 0 0 1 standing 
9 411 317 460 444 67641 0 0 1 standing 
9 415 317 462 445 67642 0 0 1 standing 
9 419 318 465 446 67643 0 0 1 standing 
9 423 318 467 447 67644 0 0 1 standing 
9 427 319 470 448 67645 0 0 0 standing 
9 431 324 474 453 67646 0 0 1 standing 
9 436 329 479 458 67647 0 0 1 standing 
9 441 334 484 463 67648 0 0 0 standing 
9 443 332 486 461 67649 0 0 1 standing 
9 445 330 488 459 67650 0 0 1 standing 
9 447 329 490 458 67651 0 0 1 standing 
9 449 327 492 456 67652 0 0 1 standing 
9 451 326 494 455 67653 0 0 1 standing 
9 453 324 496 453 67654 0 0 1 standing 
10 363 371 435 487 67635 0 0 0 standing 
10 356 369 429 486 67636 0 0 1 standing 
10 349 368 423 486 67637 0 0 1 standing 
10 342 366 417 486 67638 0 0 1 standing 
10 336 365 412 486 67639 0 0 0 standing 
10 332 362 403 485 67640 0 0 1 standing 
10 329 360 395 485 67641 0 0 1 standing 
10 325 358 386 484 67642 0 0 1 standing 
10 322 356 378 484 67643 0 0 1 standing 
10 318 354 369 483 67644 0 0 1 standing 
10 315 352 361 483 67645 0 0 0 standing 
10 309 353 357 483 67646 0 0 1 standing 
10 304 354 353 484 67647 0 0 1 standing 
10 299 355 349 485 67648 0 0 1 standing 
10 294 356 345 486 67649 0 0 1 standing 
10 289 357 341 487 67650 0 0 1 standing 
10 284 358 337 488 67651 0 0 1 standing 
10 279 359 333 489 67652 0 0 1 standing 
10 274 360 329 490 67653 0 0 1 standing 
10 269 361 325 491 67654 0 0 1 standing 
11 257 400 314 536 67635 0 0 0 standing 
11 251 399 307 535 67636 0 0 1 standing 
11 245 399 301 535 67637 0 0 1 standing 
11 239 398 294 534 67638 0 0 1 standing 
11 234 398 288 534 67639 0 0 0 standing 
11 229 398 282 534 67640 0 0 1 standing 
11 224 399 277 534 67641 0 0 1 standing 
11 220 399 271 535 67642 0 0 1 standing 
11 215 400 266 535 67643 0 0 1 standing 
11 210 400 260 535 67644 0 0 1 standing 
11 206 401 255 536 67645 0 0 0 standing 
11 198 402 250 539 67646 0 0 1 standing 
11 191 404 245 542 67647 0 0 1 standing 
11 184 405 240 546 67648 0 0 1 standing 
11 176 407 235 549 67649 0 0 1 standing 
11 169 408 230 552 67650 0 0 1 standing 
11 162 410 225 556 67651 0 0 0 standing 
11 162 408 222 556 67652 0 0 1 standing 
11 163 407 219 556 67653 0 0 1 standing 
11 164 406 216 556 67654 0 0 1 standing 
