0 850 382 910 507 54035 0 1 0 setting 
0 856 374 915 505 54036 0 1 1 setting 
0 863 367 920 504 54037 0 1 1 setting 
0 869 360 925 502 54038 0 1 1 setting 
0 876 353 930 501 54039 0 1 1 setting 
0 883 346 936 500 54040 0 1 0 setting 
0 888 341 940 497 54041 0 1 1 setting 
0 894 336 945 494 54042 0 1 1 setting 
0 899 331 949 491 54043 0 1 1 setting 
0 905 326 954 488 54044 0 1 1 setting 
0 911 321 959 486 54045 0 1 0 setting 
0 916 328 965 489 54046 0 1 1 setting 
0 922 335 972 493 54047 0 1 1 setting 
0 928 343 979 497 54048 0 1 1 setting 
0 933 350 985 501 54049 0 1 1 setting 
0 939 358 992 505 54050 0 1 1 setting 
0 945 365 999 509 54051 0 1 1 setting 
0 950 373 1005 513 54052 0 1 1 setting 
0 956 380 1012 517 54053 0 1 1 setting 
0 962 388 1019 521 54054 0 1 0 setting 
1 600 431 656 559 54035 0 0 0 setting 
1 605 433 668 566 54036 0 0 1 standing 
1 610 435 680 573 54037 0 0 1 standing 
1 616 437 693 581 54038 0 0 0 standing 
1 627 441 697 585 54039 0 0 1 standing 
1 638 446 702 589 54040 0 0 1 standing 
1 649 451 707 593 54041 0 0 0 standing 
1 656 453 716 596 54042 0 0 1 standing 
1 663 455 725 600 54043 0 0 1 standing 
1 670 457 734 604 54044 0 0 0 standing 
1 675 461 740 606 54045 0 0 1 standing 
1 680 465 746 609 54046 0 0 1 standing 
1 685 469 752 612 54047 0 0 0 standing 
1 692 471 762 614 54048 0 0 1 standing 
1 699 473 772 616 54049 0 0 1 standing 
1 706 476 783 619 54050 0 0 0 standing 
1 711 477 786 620 54051 0 0 1 standing 
1 717 478 789 621 54052 0 0 1 standing 
1 722 479 792 622 54053 0 0 1 standing 
1 728 480 795 623 54054 0 0 1 standing 
2 552 370 598 514 54035 0 0 0 standing 
2 556 369 602 513 54036 0 0 1 standing 
2 561 369 607 512 54037 0 0 1 standing 
2 566 369 612 512 54038 0 0 0 standing 
2 571 369 620 512 54039 0 0 1 standing 
2 576 369 628 512 54040 0 0 1 standing 
2 582 370 636 512 54041 0 0 0 standing 
2 586 372 641 514 54042 0 0 1 standing 
2 590 374 647 516 54043 0 0 1 standing 
2 595 376 653 519 54044 0 0 0 standing 
2 601 376 658 522 54045 0 0 1 standing 
2 607 376 664 525 54046 0 0 1 standing 
2 613 377 670 528 54047 0 0 0 standing 
2 618 376 675 527 54048 0 0 1 standing 
2 623 376 680 527 54049 0 0 1 standing 
2 628 376 685 527 54050 0 0 0 standing 
2 633 377 689 528 54051 0 0 1 standing 
2 638 378 694 529 54052 0 0 1 standing 
2 644 380 698 530 54053 0 0 1 standing 
2 649 381 703 531 54054 0 0 1 standing 
3 680 327 734 445 54035 0 0 0 standing 
3 687 325 740 445 54036 0 0 1 moving 
3 695 323 746 445 54037 0 0 1 moving 
3 703 322 752 445 54038 0 0 0 moving 
3 708 322 762 445 54039 0 0 1 moving 
3 714 322 773 445 54040 0 0 1 moving 
3 720 322 784 445 54041 0 0 0 moving 
3 726 323 790 443 54042 0 0 1 moving 
3 732 324 796 442 54043 0 0 1 moving 
3 739 326 803 441 54044 0 0 0 moving 
3 744 329 810 439 54045 0 0 1 moving 
3 749 333 817 438 54046 0 0 1 moving 
3 754 337 824 437 54047 0 0 0 moving 
3 757 335 827 438 54048 0 0 1 moving 
3 760 333 830 439 54049 0 0 1 moving 
3 764 332 833 441 54050 0 0 0 moving 
3 765 331 832 440 54051 0 0 1 moving 
3 767 330 831 440 54052 0 0 1 moving 
3 769 329 830 440 54053 0 0 1 moving 
3 771 328 829 440 54054 0 0 1 moving 
4 849 443 901 583 54035 0 0 0 moving 
4 852 442 904 583 54036 0 0 1 standing 
4 855 441 907 583 54037 0 0 1 standing 
4 859 440 911 583 54038 0 0 0 standing 
4 861 440 916 583 54039 0 0 1 standing 
4 863 440 921 583 54040 0 0 1 standing 
4 866 440 927 583 54041 0 0 0 standing 
4 869 439 930 582 54042 0 0 1 standing 
4 872 438 933 581 54043 0 0 1 standing 
4 875 437 936 580 54044 0 0 0 standing 
4 877 435 936 578 54045 0 0 1 standing 
4 880 433 936 576 54046 0 0 1 standing 
4 883 431 936 574 54047 0 0 0 standing 
4 885 432 938 575 54048 0 0 1 standing 
4 887 433 940 576 54049 0 0 1 standing 
4 889 434 942 577 54050 0 0 0 standing 
4 891 434 945 575 54051 0 0 1 standing 
4 893 435 948 574 54052 0 0 1 standing 
4 896 435 952 573 54053 0 0 1 standing 
4 898 436 955 572 54054 0 0 1 standing 
5 974 404 1064 534 54035 0 0 0 standing 
5 973 405 1065 533 54036 0 0 1 standing 
5 972 406 1066 532 54037 0 0 1 standing 
5 972 407 1067 532 54038 0 0 0 standing 
5 977 404 1063 533 54039 0 0 1 standing 
5 982 402 1060 534 54040 0 0 1 standing 
5 988 400 1057 535 54041 0 0 0 standing 
5 986 397 1048 534 54042 0 0 1 standing 
5 985 394 1039 533 54043 0 0 1 standing 
5 984 391 1030 532 54044 0 0 0 standing 
5 980 392 1030 533 54045 0 0 1 standing 
5 976 393 1031 534 54046 0 0 1 standing 
5 972 394 1032 535 54047 0 0 0 standing 
5 965 397 1034 537 54048 0 0 1 standing 
5 958 400 1036 540 54049 0 0 1 standing 
5 952 404 1039 543 54050 0 0 0 standing 
5 951 405 1039 543 54051 0 0 1 standing 
5 951 407 1039 543 54052 0 0 1 standing 
5 950 409 1039 543 54053 0 0 1 standing 
5 950 411 1039 543 54054 0 0 1 standing 
6 445 397 499 537 54035 0 0 0 standing 
6 448 397 501 537 54036 0 0 1 standing 
6 451 397 504 537 54037 0 0 1 standing 
6 454 397 507 538 54038 0 0 0 standing 
6 457 396 510 538 54039 0 0 1 standing 
6 460 395 513 538 54040 0 0 1 standing 
6 464 395 517 538 54041 0 0 0 standing 
6 468 395 521 538 54042 0 0 1 standing 
6 472 395 526 538 54043 0 0 1 standing 
6 477 395 531 538 54044 0 0 0 standing 
6 479 399 534 540 54045 0 0 1 standing 
6 481 403 537 542 54046 0 0 1 standing 
6 483 407 540 544 54047 0 0 0 standing 
6 487 410 545 545 54048 0 0 1 standing 
6 492 414 550 547 54049 0 0 1 standing 
6 497 418 556 549 54050 0 0 0 standing 
6 502 418 558 549 54051 0 0 1 standing 
6 507 418 561 549 54052 0 0 1 standing 
6 512 418 564 549 54053 0 0 1 standing 
6 517 418 567 549 54054 0 0 1 standing 
7 350 385 409 505 54035 0 0 0 standing 
7 348 387 411 508 54036 0 0 1 standing 
7 347 389 414 511 54037 0 0 1 standing 
7 346 391 417 515 54038 0 0 0 standing 
7 351 394 421 520 54039 0 0 1 standing 
7 356 397 426 526 54040 0 0 1 standing 
7 361 401 431 532 54041 0 0 0 standing 
7 370 403 435 534 54042 0 0 1 standing 
7 379 406 440 536 54043 0 0 1 standing 
7 388 409 445 539 54044 0 0 0 standing 
7 392 412 451 544 54045 0 0 1 standing 
7 396 415 457 549 54046 0 0 1 standing 
7 400 418 464 555 54047 0 0 0 standing 
7 405 422 473 558 54048 0 0 1 standing 
7 410 426 482 562 54049 0 0 1 standing 
7 415 430 491 566 54050 0 0 0 standing 
7 425 433 498 572 54051 0 0 1 standing 
7 435 436 505 578 54052 0 0 1 standing 
7 445 439 513 584 54053 0 0 1 standing 
7 455 442 520 590 54054 0 0 1 standing 
8 155 361 210 473 54035 0 0 0 standing 
8 150 361 210 472 54036 0 0 1 standing 
8 145 361 210 472 54037 0 0 1 standing 
8 141 361 211 472 54038 0 0 0 standing 
8 138 362 208 473 54039 0 0 1 standing 
8 136 363 206 474 54040 0 0 1 standing 
8 134 364 204 475 54041 0 0 0 standing 
8 136 365 200 474 54042 0 0 1 standing 
8 139 366 197 473 54043 0 0 1 standing 
8 142 367 194 472 54044 0 0 0 standing 
8 139 366 193 471 54045 0 0 1 standing 
8 137 365 192 470 54046 0 0 1 standing 
8 135 364 192 469 54047 0 0 0 standing 
8 134 364 194 469 54048 0 0 1 standing 
8 134 364 196 469 54049 0 0 1 standing 
8 134 364 198 469 54050 0 0 0 standing 
8 136 365 200 468 54051 0 0 1 standing 
8 139 367 203 468 54052 0 0 1 standing 
8 142 369 205 468 54053 0 0 1 standing 
8 145 371 208 468 54054 0 0 1 standing 
9 462 373 509 510 54035 0 0 0 standing 
9 464 374 511 511 54036 0 0 1 standing 
9 467 375 514 513 54037 0 0 1 standing 
9 470 377 517 515 54038 0 0 0 standing 
9 474 377 521 515 54039 0 0 1 standing 
9 478 377 525 515 54040 0 0 1 standing 
9 482 378 529 516 54041 0 0 0 standing 
9 484 377 532 515 54042 0 0 1 standing 
9 486 377 535 515 54043 0 0 1 standing 
9 488 377 539 515 54044 0 0 0 standing 
9 495 380 546 516 54045 0 0 1 standing 
9 502 383 554 517 54046 0 0 1 standing 
9 509 386 562 518 54047 0 0 0 standing 
9 510 386 563 518 54048 0 0 1 standing 
9 511 386 564 518 54049 0 0 1 standing 
9 513 387 566 519 54050 0 0 0 standing 
9 518 389 571 520 54051 0 0 1 standing 
9 523 391 576 522 54052 0 0 1 standing 
9 528 393 581 524 54053 0 0 1 standing 
9 533 395 586 526 54054 0 0 1 standing 
10 66 431 126 588 54035 0 0 0 standing 
10 65 431 127 591 54036 0 0 1 standing 
10 64 431 128 595 54037 0 0 1 standing 
10 64 431 129 599 54038 0 0 0 standing 
10 68 432 133 600 54039 0 0 1 standing 
10 73 434 138 602 54040 0 0 1 standing 
10 78 436 143 604 54041 0 0 0 standing 
10 79 436 144 604 54042 0 0 1 standing 
10 81 436 146 604 54043 0 0 1 standing 
10 83 436 148 604 54044 0 0 0 standing 
10 87 435 152 603 54045 0 0 1 standing 
10 92 435 157 602 54046 0 0 1 standing 
10 97 435 162 602 54047 0 0 0 standing 
10 103 435 165 599 54048 0 0 1 standing 
10 109 436 168 596 54049 0 0 1 standing 
10 115 437 172 593 54050 0 0 0 standing 
10 120 437 178 589 54051 0 0 1 standing 
10 126 438 184 585 54052 0 0 1 standing 
10 132 438 190 581 54053 0 0 1 standing 
10 138 439 196 577 54054 0 0 1 standing 
11 60 381 120 520 54035 0 0 0 standing 
11 58 384 118 522 54036 0 0 1 standing 
11 56 387 116 525 54037 0 0 1 standing 
11 55 390 115 528 54038 0 0 0 standing 
11 56 392 116 530 54039 0 0 1 standing 
11 58 394 118 532 54040 0 0 1 standing 
11 60 396 120 534 54041 0 0 0 standing 
11 58 397 118 536 54042 0 0 1 standing 
11 57 399 116 538 54043 0 0 1 standing 
11 56 401 115 541 54044 0 0 0 standing 
11 57 401 116 542 54045 0 0 1 standing 
11 58 401 117 543 54046 0 0 1 standing 
11 60 401 119 545 54047 0 0 0 standing 
11 60 402 121 544 54048 0 0 1 standing 
11 60 403 123 543 54049 0 0 1 standing 
11 61 404 126 542 54050 0 0 0 standing 
11 61 405 126 544 54051 0 0 1 standing 
11 62 407 127 546 54052 0 0 1 standing 
11 63 408 128 548 54053 0 0 1 standing 
11 64 410 129 550 54054 0 0 1 standing 
