0 609 355 671 483 26360 0 1 0 spiking 
0 605 348 667 478 26361 0 1 1 spiking 
0 601 342 664 473 26362 0 1 1 spiking 
0 597 336 660 468 26363 0 1 1 spiking 
0 594 329 657 463 26364 0 1 1 spiking 
0 590 323 654 459 26365 0 1 1 spiking 
0 586 317 650 454 26366 0 1 1 spiking 
0 583 310 647 449 26367 0 1 1 spiking 
0 579 304 643 444 26368 0 1 1 spiking 
0 575 298 640 439 26369 0 1 1 spiking 
0 572 292 637 435 26370 0 1 0 spiking 
0 567 297 631 438 26371 0 1 1 spiking 
0 562 302 625 441 26372 0 1 1 spiking 
0 557 307 619 444 26373 0 1 1 spiking 
0 552 312 613 448 26374 0 1 1 spiking 
0 548 318 607 451 26375 0 1 1 spiking 
0 543 323 601 454 26376 0 1 1 spiking 
0 538 328 595 458 26377 0 1 1 spiking 
0 533 333 589 461 26378 0 1 1 spiking 
0 528 338 583 464 26379 0 1 1 spiking 
1 725 368 773 499 26360 0 1 0 spiking 
1 719 360 767 495 26361 0 1 1 blocking 
1 714 353 762 492 26362 0 1 1 blocking 
1 709 345 757 489 26363 0 1 1 blocking 
1 704 338 751 485 26364 0 1 1 blocking 
1 699 330 746 482 26365 0 1 1 blocking 
1 693 323 741 479 26366 0 1 1 blocking 
1 688 315 735 475 26367 0 1 1 blocking 
1 683 308 730 472 26368 0 1 1 blocking 
1 678 300 725 469 26369 0 1 1 blocking 
1 673 293 720 466 26370 0 1 0 blocking 
1 669 294 716 465 26371 0 1 1 blocking 
1 665 295 712 465 26372 0 1 1 blocking 
1 661 296 708 464 26373 0 1 1 blocking 
1 657 297 704 464 26374 0 1 1 blocking 
1 654 299 700 463 26375 0 1 1 blocking 
1 650 300 696 463 26376 0 1 1 blocking 
1 646 301 692 462 26377 0 1 1 blocking 
1 642 302 688 462 26378 0 1 1 blocking 
1 638 303 684 461 26379 0 1 1 blocking 
2 736 359 780 483 26360 0 1 0 blocking 
2 730 351 774 479 26361 0 1 1 blocking 
2 725 343 768 475 26362 0 1 1 blocking 
2 720 336 763 471 26363 0 1 1 blocking 
2 714 328 757 468 26364 0 1 1 blocking 
2 709 321 752 464 26365 0 1 1 blocking 
2 704 313 746 460 26366 0 1 1 blocking 
2 698 305 740 457 26367 0 1 1 blocking 
2 693 298 735 453 26368 0 1 1 blocking 
2 688 290 729 449 26369 0 1 1 blocking 
2 683 283 724 446 26370 0 1 0 blocking 
2 677 285 721 445 26371 0 1 1 blocking 
2 672 287 718 445 26372 0 1 1 blocking 
2 667 289 715 444 26373 0 1 1 blocking 
2 662 291 713 444 26374 0 1 1 blocking 
2 657 294 710 444 26375 0 1 1 blocking 
2 652 296 707 443 26376 0 1 1 blocking 
2 647 298 705 443 26377 0 1 1 blocking 
2 642 300 702 442 26378 0 1 1 blocking 
2 637 302 699 442 26379 0 1 1 blocking 
3 991 365 1055 478 26360 0 0 0 blocking 
3 987 366 1050 477 26361 0 0 1 moving 
3 984 368 1046 476 26362 0 0 1 moving 
3 981 370 1042 476 26363 0 0 0 moving 
3 974 370 1037 476 26364 0 0 1 moving 
3 967 370 1032 476 26365 0 0 1 moving 
3 960 371 1028 476 26366 0 0 0 moving 
3 952 370 1023 477 26367 0 0 1 moving 
3 944 369 1018 478 26368 0 0 1 moving 
3 936 369 1013 479 26369 0 0 0 moving 
3 930 368 1005 478 26370 0 0 1 moving 
3 924 367 998 478 26371 0 0 1 moving 
3 919 366 991 478 26372 0 0 0 moving 
3 911 365 981 475 26373 0 0 1 moving 
3 904 364 971 472 26374 0 0 1 moving 
3 897 364 961 470 26375 0 0 0 moving 
3 889 365 952 474 26376 0 0 1 moving 
3 881 367 944 479 26377 0 0 1 moving 
3 873 368 935 483 26378 0 0 1 moving 
3 865 370 927 488 26379 0 0 1 moving 
4 1032 450 1100 583 26360 0 0 0 moving 
4 1026 451 1097 583 26361 0 0 1 moving 
4 1020 452 1094 583 26362 0 0 1 moving 
4 1015 453 1091 584 26363 0 0 0 moving 
4 1009 454 1088 584 26364 0 0 1 moving 
4 1003 455 1085 585 26365 0 0 1 moving 
4 998 457 1082 586 26366 0 0 0 moving 
4 994 454 1076 586 26367 0 0 1 moving 
4 991 451 1070 586 26368 0 0 1 moving 
4 988 449 1065 586 26369 0 0 0 moving 
4 984 448 1057 583 26370 0 0 1 moving 
4 980 448 1049 580 26371 0 0 1 moving 
4 976 448 1042 578 26372 0 0 0 moving 
4 968 448 1037 575 26373 0 0 1 moving 
4 960 448 1032 572 26374 0 0 1 moving 
4 953 448 1027 569 26375 0 0 0 moving 
4 939 448 1015 568 26376 0 0 1 moving 
4 926 448 1003 567 26377 0 0 1 moving 
4 913 448 991 566 26378 0 0 1 moving 
4 900 448 979 565 26379 0 0 1 moving 
5 1133 424 1202 548 26360 0 0 0 moving 
5 1133 424 1205 548 26361 0 0 1 standing 
5 1133 424 1208 548 26362 0 0 1 standing 
5 1133 424 1211 548 26363 0 0 0 standing 
5 1131 423 1209 546 26364 0 0 1 standing 
5 1129 422 1208 544 26365 0 0 1 standing 
5 1127 421 1207 543 26366 0 0 0 standing 
5 1125 419 1203 541 26367 0 0 1 standing 
5 1123 417 1199 539 26368 0 0 1 standing 
5 1122 416 1195 537 26369 0 0 0 standing 
5 1120 414 1189 536 26370 0 0 1 standing 
5 1118 413 1184 536 26371 0 0 1 standing 
5 1117 412 1179 536 26372 0 0 0 standing 
5 1112 412 1179 536 26373 0 0 1 standing 
5 1108 413 1179 536 26374 0 0 1 standing 
5 1104 414 1180 537 26375 0 0 0 standing 
5 1097 415 1173 536 26376 0 0 1 standing 
5 1090 416 1167 535 26377 0 0 1 standing 
5 1084 417 1160 534 26378 0 0 1 standing 
5 1077 418 1154 533 26379 0 0 1 standing 
6 783 445 831 579 26360 0 0 0 standing 
6 774 444 827 578 26361 0 0 1 moving 
6 766 444 823 577 26362 0 0 1 moving 
6 758 444 820 577 26363 0 0 0 moving 
6 754 442 815 577 26364 0 0 1 moving 
6 751 440 811 577 26365 0 0 1 moving 
6 748 439 807 578 26366 0 0 0 moving 
6 743 437 803 572 26367 0 0 1 moving 
6 738 436 799 567 26368 0 0 1 moving 
6 733 435 795 562 26369 0 0 0 moving 
6 728 434 790 561 26370 0 0 1 moving 
6 724 434 785 561 26371 0 0 1 moving 
6 720 434 781 561 26372 0 0 0 moving 
6 714 433 777 560 26373 0 0 1 moving 
6 708 432 773 559 26374 0 0 1 moving 
6 702 432 770 558 26375 0 0 0 moving 
6 695 432 765 555 26376 0 0 1 moving 
6 689 432 760 553 26377 0 0 1 moving 
6 682 432 756 551 26378 0 0 1 moving 
6 676 432 751 549 26379 0 0 1 moving 
7 610 436 662 573 26360 0 0 0 moving 
7 605 434 654 572 26361 0 0 1 standing 
7 600 433 646 572 26362 0 0 1 standing 
7 595 432 639 572 26363 0 0 0 standing 
7 589 431 634 572 26364 0 0 1 standing 
7 584 430 629 572 26365 0 0 1 standing 
7 579 429 625 572 26366 0 0 0 standing 
7 572 427 623 570 26367 0 0 1 standing 
7 566 425 622 568 26368 0 0 1 standing 
7 560 423 621 566 26369 0 0 0 standing 
7 555 421 616 561 26370 0 0 1 standing 
7 551 420 611 556 26371 0 0 1 standing 
7 547 419 607 551 26372 0 0 0 standing 
7 542 418 606 550 26373 0 0 1 standing 
7 537 417 605 549 26374 0 0 1 standing 
7 532 417 604 548 26375 0 0 0 standing 
7 526 420 598 548 26376 0 0 1 standing 
7 520 423 593 548 26377 0 0 1 standing 
7 514 426 588 548 26378 0 0 1 standing 
7 508 429 583 548 26379 0 0 1 standing 
8 521 383 573 493 26360 0 0 0 standing 
8 525 381 574 491 26361 0 0 1 standing 
8 529 380 575 489 26362 0 0 1 standing 
8 533 379 577 488 26363 0 0 0 standing 
8 534 380 578 489 26364 0 0 1 standing 
8 535 381 579 490 26365 0 0 1 standing 
8 536 383 580 492 26366 0 0 0 standing 
8 534 382 578 491 26367 0 0 1 standing 
8 532 381 576 490 26368 0 0 1 standing 
8 530 380 574 489 26369 0 0 0 standing 
8 528 379 572 488 26370 0 0 1 standing 
8 527 379 571 488 26371 0 0 1 standing 
8 525 379 569 488 26372 0 0 1 standing 
8 524 378 568 487 26373 0 0 1 standing 
8 522 378 566 487 26374 0 0 1 standing 
8 521 378 565 487 26375 0 0 0 standing 
8 517 378 561 485 26376 0 0 1 standing 
8 513 379 557 484 26377 0 0 1 standing 
8 510 380 553 483 26378 0 0 1 standing 
8 506 381 549 482 26379 0 0 1 standing 
9 397 439 456 579 26360 0 0 0 standing 
9 397 437 458 574 26361 0 0 1 standing 
9 398 436 460 570 26362 0 0 1 standing 
9 399 435 463 566 26363 0 0 0 standing 
9 400 434 463 564 26364 0 0 1 standing 
9 401 434 464 563 26365 0 0 1 standing 
9 402 434 465 562 26366 0 0 0 standing 
9 401 434 471 561 26367 0 0 1 standing 
9 401 434 477 560 26368 0 0 1 standing 
9 401 434 483 560 26369 0 0 0 standing 
9 398 434 480 556 26370 0 0 1 standing 
9 396 434 477 553 26371 0 0 1 standing 
9 394 435 474 550 26372 0 0 0 standing 
9 394 435 470 549 26373 0 0 1 standing 
9 394 435 466 549 26374 0 0 1 standing 
9 394 435 462 549 26375 0 0 0 standing 
9 388 434 456 549 26376 0 0 1 standing 
9 382 434 451 549 26377 0 0 1 standing 
9 377 434 445 549 26378 0 0 1 standing 
9 371 434 440 549 26379 0 0 1 standing 
10 647 397 691 520 26360 0 0 0 standing 
10 644 397 688 517 26361 0 0 1 waiting 
10 641 397 685 514 26362 0 0 1 waiting 
10 638 398 683 512 26363 0 0 0 waiting 
10 634 397 678 508 26364 0 0 1 waiting 
10 630 397 674 505 26365 0 0 1 waiting 
10 626 397 670 502 26366 0 0 0 waiting 
10 623 398 667 503 26367 0 0 1 waiting 
10 621 399 665 504 26368 0 0 1 waiting 
10 619 400 663 505 26369 0 0 0 waiting 
10 614 398 659 504 26370 0 0 1 waiting 
10 610 397 655 503 26371 0 0 1 waiting 
10 606 396 651 502 26372 0 0 0 waiting 
10 601 392 646 501 26373 0 0 1 waiting 
10 596 388 641 501 26374 0 0 1 waiting 
10 591 385 636 501 26375 0 0 0 waiting 
10 585 384 632 502 26376 0 0 1 waiting 
10 580 383 628 503 26377 0 0 1 waiting 
10 575 383 624 504 26378 0 0 1 waiting 
10 570 382 620 505 26379 0 0 1 waiting 
11 347 410 406 537 26360 0 0 0 waiting 
11 345 409 402 537 26361 0 0 1 standing 
11 344 408 399 537 26362 0 0 1 standing 
11 342 408 395 537 26363 0 0 1 standing 
11 341 407 392 537 26364 0 0 1 standing 
11 339 406 388 537 26365 0 0 1 standing 
11 338 406 385 538 26366 0 0 0 standing 
11 334 405 382 537 26367 0 0 1 standing 
11 330 404 379 536 26368 0 0 1 standing 
11 326 404 377 536 26369 0 0 0 standing 
11 323 401 372 533 26370 0 0 1 standing 
11 320 399 368 530 26371 0 0 1 standing 
11 317 397 364 527 26372 0 0 0 standing 
11 313 396 362 525 26373 0 0 1 standing 
11 310 395 361 524 26374 0 0 1 standing 
11 307 394 360 523 26375 0 0 0 standing 
11 303 396 356 523 26376 0 0 1 standing 
11 299 398 353 523 26377 0 0 1 standing 
11 296 400 349 523 26378 0 0 1 standing 
11 292 402 346 523 26379 0 0 1 standing 
