0 1257 729 1365 950 39960 0 1 0 spiking 
0 1256 724 1361 943 39961 0 1 1 spiking 
0 1256 720 1357 937 39962 0 1 1 spiking 
0 1255 715 1354 931 39963 0 1 1 spiking 
0 1255 711 1350 925 39964 0 1 1 spiking 
0 1254 707 1346 919 39965 0 1 1 spiking 
0 1254 702 1343 913 39966 0 1 1 spiking 
0 1253 698 1339 907 39967 0 1 1 spiking 
0 1253 694 1336 901 39968 0 1 0 spiking 
0 1252 701 1335 904 39969 0 1 1 spiking 
0 1252 709 1334 908 39970 0 1 1 spiking 
0 1252 716 1334 912 39971 0 1 1 spiking 
0 1252 724 1333 916 39972 0 1 1 spiking 
0 1252 731 1332 919 39973 0 1 1 spiking 
0 1252 739 1332 923 39974 0 1 1 spiking 
0 1252 747 1331 927 39975 0 1 1 spiking 
0 1252 754 1330 931 39976 0 1 1 spiking 
0 1252 762 1330 934 39977 0 1 1 spiking 
0 1252 769 1329 938 39978 0 1 1 spiking 
0 1252 777 1328 942 39979 0 1 1 spiking 
1 936 781 1005 947 39960 0 1 0 spiking 
1 945 768 1016 940 39961 0 1 1 blocking 
1 955 756 1028 933 39962 0 1 1 blocking 
1 964 743 1039 926 39963 0 1 1 blocking 
1 974 731 1051 919 39964 0 1 1 blocking 
1 984 718 1062 913 39965 0 1 1 blocking 
1 993 706 1074 906 39966 0 1 1 blocking 
1 1003 693 1085 899 39967 0 1 1 blocking 
1 1012 681 1097 892 39968 0 1 1 blocking 
1 1022 668 1108 885 39969 0 1 1 blocking 
1 1032 656 1120 879 39970 0 1 0 blocking 
1 1038 661 1123 884 39971 0 1 1 blocking 
1 1044 666 1126 889 39972 0 1 1 blocking 
1 1050 671 1129 894 39973 0 1 1 blocking 
1 1057 676 1132 899 39974 0 1 1 blocking 
1 1063 681 1136 904 39975 0 1 1 blocking 
1 1069 686 1139 909 39976 0 1 1 blocking 
1 1076 691 1142 914 39977 0 1 1 blocking 
1 1082 696 1145 919 39978 0 1 1 blocking 
1 1088 701 1148 924 39979 0 1 1 blocking 
2 930 716 999 903 39960 0 1 0 blocking 
2 938 708 1010 897 39961 0 1 1 blocking 
2 947 700 1021 891 39962 0 1 1 blocking 
2 955 692 1032 885 39963 0 1 1 blocking 
2 964 684 1043 880 39964 0 1 1 blocking 
2 973 677 1055 874 39965 0 1 1 blocking 
2 981 669 1066 868 39966 0 1 1 blocking 
2 990 661 1077 863 39967 0 1 1 blocking 
2 998 653 1088 857 39968 0 1 1 blocking 
2 1007 645 1099 851 39969 0 1 1 blocking 
2 1016 638 1111 846 39970 0 1 0 blocking 
2 1022 641 1116 848 39971 0 1 1 blocking 
2 1028 644 1121 851 39972 0 1 1 blocking 
2 1034 647 1126 854 39973 0 1 1 blocking 
2 1040 650 1131 856 39974 0 1 1 blocking 
2 1047 653 1136 859 39975 0 1 1 blocking 
2 1053 656 1141 862 39976 0 1 1 blocking 
2 1059 659 1146 864 39977 0 1 1 blocking 
2 1065 662 1151 867 39978 0 1 1 blocking 
2 1071 665 1156 870 39979 0 1 1 blocking 
3 1086 705 1180 858 39960 0 0 0 blocking 
3 1093 705 1191 856 39961 0 0 1 waiting 
3 1100 706 1202 854 39962 0 0 1 waiting 
3 1107 707 1213 852 39963 0 0 0 waiting 
3 1116 709 1222 852 39964 0 0 1 waiting 
3 1125 712 1231 852 39965 0 0 1 waiting 
3 1134 715 1240 853 39966 0 0 0 waiting 
3 1142 716 1248 853 39967 0 0 1 waiting 
3 1150 717 1256 854 39968 0 0 1 waiting 
3 1159 718 1265 855 39969 0 0 0 waiting 
3 1166 718 1272 851 39970 0 0 1 waiting 
3 1173 718 1279 847 39971 0 0 1 waiting 
3 1181 718 1286 843 39972 0 0 0 waiting 
3 1188 719 1286 840 39973 0 0 1 waiting 
3 1195 720 1286 837 39974 0 0 1 waiting 
3 1202 722 1286 835 39975 0 0 0 waiting 
3 1207 719 1297 839 39976 0 0 1 waiting 
3 1213 716 1308 843 39977 0 0 1 waiting 
3 1219 714 1320 847 39978 0 0 1 waiting 
3 1225 711 1331 851 39979 0 0 1 waiting 
4 1324 683 1400 804 39960 0 0 0 waiting 
4 1327 685 1403 808 39961 0 0 1 waiting 
4 1330 687 1406 813 39962 0 0 1 waiting 
4 1333 690 1410 818 39963 0 0 0 waiting 
4 1340 691 1417 817 39964 0 0 1 waiting 
4 1348 693 1425 816 39965 0 0 1 waiting 
4 1356 695 1433 815 39966 0 0 0 waiting 
4 1363 695 1436 816 39967 0 0 1 waiting 
4 1371 696 1439 818 39968 0 0 1 waiting 
4 1379 697 1443 820 39969 0 0 0 waiting 
4 1387 697 1451 820 39970 0 0 1 waiting 
4 1395 697 1459 820 39971 0 0 1 waiting 
4 1404 698 1468 821 39972 0 0 0 waiting 
4 1411 700 1475 831 39973 0 0 1 waiting 
4 1418 702 1482 841 39974 0 0 1 waiting 
4 1425 704 1489 851 39975 0 0 0 waiting 
4 1431 702 1495 851 39976 0 0 1 waiting 
4 1437 700 1501 852 39977 0 0 1 waiting 
4 1444 698 1508 853 39978 0 0 0 waiting 
4 1449 695 1513 854 39979 0 0 1 waiting 
5 1454 777 1576 922 39960 0 0 0 waiting 
5 1450 778 1554 923 39961 0 0 1 moving 
5 1447 779 1533 924 39962 0 0 1 moving 
5 1444 780 1512 926 39963 0 0 0 moving 
5 1433 777 1511 923 39964 0 0 1 moving 
5 1422 774 1511 921 39965 0 0 1 moving 
5 1411 772 1511 919 39966 0 0 0 moving 
5 1412 771 1500 918 39967 0 0 1 moving 
5 1414 770 1489 917 39968 0 0 1 moving 
5 1416 769 1479 916 39969 0 0 0 moving 
5 1409 769 1472 916 39970 0 0 1 moving 
5 1402 769 1465 916 39971 0 0 1 moving 
5 1396 769 1459 916 39972 0 0 0 moving 
5 1382 772 1453 917 39973 0 0 1 moving 
5 1368 775 1447 919 39974 0 0 1 moving 
5 1354 778 1441 921 39975 0 0 0 moving 
5 1356 778 1440 921 39976 0 0 1 moving 
5 1359 778 1439 921 39977 0 0 1 moving 
5 1361 779 1439 921 39978 0 0 1 moving 
5 1364 779 1438 921 39979 0 0 1 moving 
6 1385 575 1439 697 39960 0 0 0 moving 
6 1380 578 1439 698 39961 0 0 1 standing 
6 1376 581 1439 699 39962 0 0 1 standing 
6 1372 584 1440 700 39963 0 0 0 standing 
6 1376 585 1447 700 39964 0 0 1 standing 
6 1380 586 1454 700 39965 0 0 1 standing 
6 1384 587 1462 700 39966 0 0 0 standing 
6 1392 584 1461 701 39967 0 0 1 standing 
6 1400 582 1461 702 39968 0 0 1 standing 
6 1408 580 1461 704 39969 0 0 0 standing 
6 1410 581 1465 704 39970 0 0 1 standing 
6 1412 582 1469 705 39971 0 0 1 standing 
6 1414 583 1473 706 39972 0 0 0 standing 
6 1410 587 1475 710 39973 0 0 1 standing 
6 1406 591 1477 714 39974 0 0 1 standing 
6 1402 595 1479 718 39975 0 0 0 standing 
6 1403 598 1481 719 39976 0 0 1 standing 
6 1405 602 1484 721 39977 0 0 1 standing 
6 1407 606 1486 722 39978 0 0 1 standing 
6 1409 610 1489 724 39979 0 0 1 standing 
7 1138 554 1183 687 39960 0 0 0 standing 
7 1142 557 1187 687 39961 0 0 1 standing 
7 1147 561 1191 687 39962 0 0 1 standing 
7 1152 565 1195 688 39963 0 0 0 standing 
7 1153 565 1201 692 39964 0 0 1 standing 
7 1155 565 1207 696 39965 0 0 1 standing 
7 1157 566 1214 701 39966 0 0 0 standing 
7 1162 566 1216 700 39967 0 0 1 standing 
7 1168 567 1218 699 39968 0 0 1 standing 
7 1174 568 1220 699 39969 0 0 0 standing 
7 1177 569 1223 704 39970 0 0 1 standing 
7 1180 570 1226 709 39971 0 0 1 standing 
7 1183 571 1229 714 39972 0 0 0 standing 
7 1179 575 1233 718 39973 0 0 1 standing 
7 1175 579 1237 722 39974 0 0 1 standing 
7 1171 584 1241 727 39975 0 0 0 standing 
7 1171 585 1243 726 39976 0 0 1 standing 
7 1171 587 1245 725 39977 0 0 1 standing 
7 1171 589 1247 724 39978 0 0 0 standing 
7 1174 588 1250 724 39979 0 0 1 standing 
8 708 617 821 720 39960 0 0 0 standing 
8 714 615 817 719 39961 0 0 1 waiting 
8 720 614 813 718 39962 0 0 1 waiting 
8 726 613 810 717 39963 0 0 0 waiting 
8 730 613 818 716 39964 0 0 1 waiting 
8 734 613 826 716 39965 0 0 1 waiting 
8 739 613 834 716 39966 0 0 0 waiting 
8 746 612 843 715 39967 0 0 1 waiting 
8 753 611 852 715 39968 0 0 1 waiting 
8 761 610 861 715 39969 0 0 0 waiting 
8 763 610 867 717 39970 0 0 1 waiting 
8 766 610 874 719 39971 0 0 1 waiting 
8 769 610 881 722 39972 0 0 0 waiting 
8 777 610 889 722 39973 0 0 1 waiting 
8 785 610 897 722 39974 0 0 1 waiting 
8 793 610 905 722 39975 0 0 0 waiting 
8 799 604 911 722 39976 0 0 1 waiting 
8 805 598 917 723 39977 0 0 1 waiting 
8 811 593 923 724 39978 0 0 0 waiting 
8 819 587 929 720 39979 0 0 1 waiting 
9 527 596 638 722 39960 0 0 0 waiting 
9 534 595 647 722 39961 0 0 1 digging 
9 541 594 656 723 39962 0 0 1 digging 
9 549 594 665 724 39963 0 0 0 digging 
9 557 591 666 723 39964 0 0 1 digging 
9 565 588 667 722 39965 0 0 1 digging 
9 574 586 669 722 39966 0 0 0 digging 
9 580 584 665 722 39967 0 0 1 digging 
9 586 582 661 722 39968 0 0 1 digging 
9 592 580 657 722 39969 0 0 0 digging 
9 588 580 661 721 39970 0 0 1 digging 
9 584 580 665 721 39971 0 0 1 digging 
9 581 580 669 721 39972 0 0 0 digging 
9 587 582 674 722 39973 0 0 1 digging 
9 593 584 680 723 39974 0 0 1 digging 
9 599 587 686 724 39975 0 0 0 digging 
9 605 589 695 723 39976 0 0 1 digging 
9 611 591 704 722 39977 0 0 1 digging 
9 617 593 713 722 39978 0 0 1 digging 
9 623 595 722 721 39979 0 0 1 digging 
10 346 669 423 820 39960 0 0 0 digging 
10 352 669 431 821 39961 0 0 1 waiting 
10 358 670 439 822 39962 0 0 1 waiting 
10 364 671 447 824 39963 0 0 0 waiting 
10 369 670 450 823 39964 0 0 1 waiting 
10 374 670 453 823 39965 0 0 1 waiting 
10 380 670 457 823 39966 0 0 0 waiting 
10 386 669 467 823 39967 0 0 1 waiting 
10 393 668 477 823 39968 0 0 1 waiting 
10 400 668 488 824 39969 0 0 0 waiting 
10 402 670 492 828 39970 0 0 1 waiting 
10 404 672 496 832 39971 0 0 1 waiting 
10 406 674 500 836 39972 0 0 0 waiting 
10 413 675 499 835 39973 0 0 1 waiting 
10 420 677 499 834 39974 0 0 1 waiting 
10 428 679 499 833 39975 0 0 0 waiting 
10 434 675 503 832 39976 0 0 1 waiting 
10 440 672 508 831 39977 0 0 1 waiting 
10 446 668 513 831 39978 0 0 1 waiting 
10 452 665 518 830 39979 0 0 1 waiting 
11 479 778 607 935 39960 0 0 0 waiting 
11 490 773 621 933 39961 0 0 1 standing 
11 501 769 636 931 39962 0 0 1 standing 
11 512 765 651 930 39963 0 0 0 standing 
11 536 762 662 922 39964 0 0 1 standing 
11 560 759 674 914 39965 0 0 1 standing 
11 585 757 686 906 39966 0 0 0 standing 
11 605 755 697 913 39967 0 0 1 standing 
11 626 753 708 921 39968 0 0 1 standing 
11 647 751 720 929 39969 0 0 0 standing 
11 661 754 731 923 39970 0 0 1 standing 
11 675 757 742 918 39971 0 0 1 standing 
11 689 760 753 913 39972 0 0 0 standing 
11 702 760 766 905 39973 0 0 1 standing 
11 715 760 779 898 39974 0 0 1 standing 
11 728 760 793 891 39975 0 0 0 standing 
11 736 756 801 893 39976 0 0 1 standing 
11 744 752 809 895 39977 0 0 1 standing 
11 752 749 817 898 39978 0 0 0 standing 
11 756 741 823 900 39979 0 0 1 standing 
