0 581 456 630 540 35500 0 1 0 standing 
0 583 456 634 539 35501 0 1 1 standing 
0 585 456 639 539 35502 0 1 1 standing 
0 588 456 643 539 35503 0 1 1 standing 
0 590 456 648 539 35504 0 1 1 standing 
0 593 457 653 539 35505 0 1 0 standing 
0 595 457 650 539 35506 0 1 1 standing 
0 597 457 648 540 35507 0 1 1 standing 
0 600 458 646 540 35508 0 1 1 standing 
0 602 458 644 541 35509 0 1 1 standing 
0 605 459 642 542 35510 0 1 0 standing 
0 606 464 645 546 35511 0 1 1 standing 
0 607 469 649 551 35512 0 1 1 standing 
0 608 474 652 556 35513 0 1 1 standing 
0 610 479 656 561 35514 0 1 1 standing 
0 611 484 659 565 35515 0 1 1 standing 
0 612 489 663 570 35516 0 1 1 standing 
0 613 494 667 575 35517 0 1 1 standing 
0 615 499 670 580 35518 0 1 1 standing 
0 616 504 674 584 35519 0 1 1 standing 
1 748 476 807 565 35500 0 0 0 standing 
1 744 477 806 564 35501 0 0 1 standing 
1 741 478 806 564 35502 0 0 1 standing 
1 738 480 806 564 35503 0 0 0 standing 
1 737 479 805 563 35504 0 0 1 standing 
1 736 478 804 562 35505 0 0 1 standing 
1 735 477 803 561 35506 0 0 1 standing 
1 734 476 802 560 35507 0 0 1 standing 
1 733 475 801 559 35508 0 0 1 standing 
1 733 474 801 558 35509 0 0 0 standing 
1 735 472 800 560 35510 0 0 1 standing 
1 737 470 800 563 35511 0 0 1 standing 
1 740 468 800 566 35512 0 0 0 standing 
1 742 467 801 566 35513 0 0 1 standing 
1 744 466 803 567 35514 0 0 1 standing 
1 746 465 805 568 35515 0 0 0 standing 
1 746 463 803 567 35516 0 0 1 standing 
1 747 461 802 566 35517 0 0 1 standing 
1 747 459 800 565 35518 0 0 1 standing 
1 748 457 799 564 35519 0 0 1 standing 
2 901 510 1004 616 35500 0 0 0 standing 
2 904 512 996 622 35501 0 0 1 moving 
2 908 515 989 628 35502 0 0 1 moving 
2 912 518 982 635 35503 0 0 0 moving 
2 907 518 983 635 35504 0 0 1 moving 
2 902 518 984 635 35505 0 0 1 moving 
2 897 518 986 635 35506 0 0 0 moving 
2 892 519 981 636 35507 0 0 1 moving 
2 887 520 976 637 35508 0 0 1 moving 
2 882 522 971 639 35509 0 0 0 moving 
2 875 521 958 642 35510 0 0 1 moving 
2 868 521 945 645 35511 0 0 1 moving 
2 861 521 933 648 35512 0 0 0 moving 
2 850 521 932 650 35513 0 0 1 moving 
2 839 521 931 652 35514 0 0 1 moving 
2 828 521 931 655 35515 0 0 0 moving 
2 824 520 917 655 35516 0 0 1 moving 
2 821 520 903 656 35517 0 0 1 moving 
2 817 520 890 656 35518 0 0 1 moving 
2 814 520 876 657 35519 0 0 1 moving 
3 897 473 951 531 35500 0 0 0 moving 
3 903 473 952 524 35501 0 0 1 falling 
3 909 473 953 518 35502 0 0 1 falling 
3 916 473 954 512 35503 0 0 0 falling 
3 917 471 957 513 35504 0 0 1 falling 
3 918 469 961 514 35505 0 0 1 falling 
3 920 468 965 515 35506 0 0 0 falling 
3 922 469 970 516 35507 0 0 1 falling 
3 924 470 975 517 35508 0 0 1 falling 
3 926 472 980 519 35509 0 0 0 falling 
3 928 472 982 519 35510 0 0 1 falling 
3 930 472 984 519 35511 0 0 1 falling 
3 933 473 987 520 35512 0 0 0 falling 
3 937 473 991 521 35513 0 0 1 falling 
3 941 473 995 522 35514 0 0 1 falling 
3 946 474 1000 523 35515 0 0 0 falling 
3 951 475 1005 524 35516 0 0 1 falling 
3 956 476 1010 525 35517 0 0 1 falling 
3 961 477 1015 526 35518 0 0 1 falling 
3 966 478 1020 527 35519 0 0 1 falling 
4 969 420 1012 519 35500 0 0 0 falling 
4 973 421 1013 519 35501 0 0 1 moving 
4 977 422 1014 520 35502 0 0 1 moving 
4 982 423 1016 521 35503 0 0 0 moving 
4 982 425 1018 523 35504 0 0 1 moving 
4 983 427 1020 525 35505 0 0 1 moving 
4 984 429 1023 528 35506 0 0 0 moving 
4 983 428 1025 529 35507 0 0 1 moving 
4 982 428 1028 530 35508 0 0 1 moving 
4 982 428 1031 532 35509 0 0 0 moving 
4 983 430 1032 536 35510 0 0 1 moving 
4 985 433 1034 540 35511 0 0 1 moving 
4 987 436 1036 545 35512 0 0 0 moving 
4 986 437 1035 546 35513 0 0 1 moving 
4 986 438 1034 548 35514 0 0 1 moving 
4 985 439 1034 549 35515 0 0 1 moving 
4 985 440 1033 551 35516 0 0 1 moving 
4 984 441 1032 553 35517 0 0 1 moving 
4 984 442 1032 554 35518 0 0 1 moving 
4 983 443 1031 556 35519 0 0 1 moving 
5 853 420 897 510 35500 0 0 0 moving 
5 854 421 898 510 35501 0 0 1 moving 
5 855 422 899 511 35502 0 0 1 moving 
5 856 423 900 512 35503 0 0 0 moving 
5 857 423 901 512 35504 0 0 1 moving 
5 859 423 903 512 35505 0 0 1 moving 
5 861 424 905 513 35506 0 0 0 moving 
5 863 424 907 513 35507 0 0 1 moving 
5 865 425 909 514 35508 0 0 1 moving 
5 867 426 911 515 35509 0 0 0 moving 
5 869 427 912 516 35510 0 0 1 moving 
5 872 428 913 517 35511 0 0 1 moving 
5 875 430 914 519 35512 0 0 0 moving 
5 878 431 916 521 35513 0 0 1 moving 
5 881 432 919 524 35514 0 0 1 moving 
5 884 433 922 527 35515 0 0 0 moving 
5 886 435 925 528 35516 0 0 1 moving 
5 888 437 929 530 35517 0 0 1 moving 
5 890 439 932 532 35518 0 0 1 moving 
5 892 441 936 534 35519 0 0 1 moving 
6 497 466 532 580 35500 0 0 0 moving 
6 497 466 533 579 35501 0 0 1 standing 
6 497 466 535 579 35502 0 0 1 standing 
6 498 466 537 579 35503 0 0 0 standing 
6 501 468 540 580 35504 0 0 1 standing 
6 505 470 543 581 35505 0 0 1 standing 
6 509 473 547 582 35506 0 0 0 standing 
6 510 475 548 584 35507 0 0 1 standing 
6 511 477 549 586 35508 0 0 1 standing 
6 513 479 551 588 35509 0 0 0 standing 
6 514 479 552 589 35510 0 0 1 standing 
6 515 479 553 590 35511 0 0 1 standing 
6 516 479 554 591 35512 0 0 1 standing 
6 517 479 555 592 35513 0 0 1 standing 
6 518 479 556 593 35514 0 0 1 standing 
6 520 479 557 594 35515 0 0 0 standing 
6 521 481 558 597 35516 0 0 1 standing 
6 523 483 560 600 35517 0 0 1 standing 
6 525 486 562 603 35518 0 0 1 standing 
6 527 488 564 606 35519 0 0 1 standing 
7 519 441 549 553 35500 0 0 0 standing 
7 519 442 549 554 35501 0 0 1 standing 
7 519 444 549 556 35502 0 0 1 standing 
7 519 446 549 558 35503 0 0 1 standing 
7 519 447 549 559 35504 0 0 1 standing 
7 519 449 549 561 35505 0 0 1 standing 
7 520 451 550 563 35506 0 0 0 standing 
7 520 451 552 563 35507 0 0 1 standing 
7 521 451 554 563 35508 0 0 1 standing 
7 522 451 556 563 35509 0 0 1 standing 
7 523 451 558 563 35510 0 0 1 standing 
7 524 451 560 563 35511 0 0 1 standing 
7 525 452 562 564 35512 0 0 0 standing 
7 525 453 563 565 35513 0 0 1 standing 
7 526 454 564 566 35514 0 0 1 standing 
7 527 455 566 568 35515 0 0 0 standing 
7 529 457 568 570 35516 0 0 1 standing 
7 532 460 571 573 35517 0 0 1 standing 
7 535 462 574 575 35518 0 0 1 standing 
7 538 465 577 578 35519 0 0 1 standing 
8 502 428 538 513 35500 0 0 0 standing 
8 501 428 538 512 35501 0 0 1 standing 
8 501 428 538 512 35502 0 0 1 standing 
8 501 428 538 512 35503 0 0 1 standing 
8 500 428 538 511 35504 0 0 1 standing 
8 500 428 538 511 35505 0 0 1 standing 
8 500 428 539 511 35506 0 0 0 standing 
8 499 428 538 516 35507 0 0 1 standing 
8 499 428 537 521 35508 0 0 1 standing 
8 499 428 537 527 35509 0 0 0 standing 
8 495 428 537 527 35510 0 0 1 standing 
8 491 429 537 528 35511 0 0 1 standing 
8 488 430 538 529 35512 0 0 0 standing 
8 489 429 538 528 35513 0 0 1 standing 
8 490 428 539 527 35514 0 0 1 standing 
8 491 427 540 526 35515 0 0 0 standing 
8 488 426 539 525 35516 0 0 1 standing 
8 485 426 539 525 35517 0 0 1 standing 
8 482 426 539 524 35518 0 0 1 standing 
8 479 426 539 524 35519 0 0 1 standing 
9 364 439 401 515 35500 0 0 0 standing 
9 361 438 400 515 35501 0 0 1 standing 
9 358 438 400 515 35502 0 0 1 standing 
9 356 438 400 515 35503 0 0 0 standing 
9 350 438 399 515 35504 0 0 1 standing 
9 344 438 398 515 35505 0 0 1 standing 
9 339 438 398 515 35506 0 0 0 standing 
9 338 440 397 514 35507 0 0 1 standing 
9 338 442 397 514 35508 0 0 1 standing 
9 338 444 397 514 35509 0 0 0 standing 
9 335 444 394 514 35510 0 0 1 standing 
9 332 444 391 514 35511 0 0 1 standing 
9 330 445 389 515 35512 0 0 0 standing 
9 329 444 387 515 35513 0 0 1 standing 
9 329 444 385 516 35514 0 0 1 standing 
9 328 444 383 516 35515 0 0 1 standing 
9 328 444 382 517 35516 0 0 1 standing 
9 327 443 380 518 35517 0 0 1 standing 
9 327 443 378 518 35518 0 0 1 standing 
9 326 443 376 519 35519 0 0 1 standing 
10 244 431 293 534 35500 0 0 0 standing 
10 241 432 292 535 35501 0 0 1 standing 
10 239 433 291 536 35502 0 0 1 standing 
10 237 434 291 538 35503 0 0 0 standing 
10 235 433 286 537 35504 0 0 1 standing 
10 234 433 281 536 35505 0 0 1 standing 
10 233 433 277 536 35506 0 0 0 standing 
10 231 434 275 537 35507 0 0 1 standing 
10 230 436 273 538 35508 0 0 1 standing 
10 229 438 271 540 35509 0 0 0 standing 
10 227 439 269 541 35510 0 0 1 standing 
10 225 440 267 542 35511 0 0 1 standing 
10 223 441 266 543 35512 0 0 0 standing 
10 213 442 262 544 35513 0 0 1 standing 
10 203 443 259 546 35514 0 0 1 standing 
10 193 445 256 548 35515 0 0 0 standing 
10 192 444 253 548 35516 0 0 1 standing 
10 192 444 251 548 35517 0 0 1 standing 
10 191 443 248 549 35518 0 0 1 standing 
10 191 443 246 549 35519 0 0 1 standing 
11 162 454 206 566 35500 0 0 0 standing 
11 165 455 209 566 35501 0 0 1 moving 
11 168 456 212 566 35502 0 0 1 moving 
11 172 458 216 566 35503 0 0 0 moving 
11 175 459 226 567 35504 0 0 1 moving 
11 178 460 236 568 35505 0 0 1 moving 
11 182 461 246 569 35506 0 0 0 moving 
11 187 464 249 572 35507 0 0 1 moving 
11 192 467 252 575 35508 0 0 1 moving 
11 197 471 256 579 35509 0 0 0 moving 
11 200 471 256 583 35510 0 0 1 moving 
11 203 472 257 587 35511 0 0 1 moving 
11 206 473 258 591 35512 0 0 0 moving 
11 210 474 260 592 35513 0 0 1 moving 
11 214 476 263 593 35514 0 0 1 moving 
11 218 478 266 595 35515 0 0 0 moving 
11 220 478 268 595 35516 0 0 1 moving 
11 222 479 271 596 35517 0 0 1 moving 
11 225 479 274 597 35518 0 0 1 moving 
11 227 480 277 598 35519 0 0 1 moving 
