0 270 610 371 806 40220 0 1 0 moving 
0 269 609 373 804 40221 0 1 1 moving 
0 269 608 375 802 40222 0 1 1 moving 
0 268 607 377 800 40223 0 1 1 moving 
0 268 606 379 799 40224 0 1 1 moving 
0 268 605 381 797 40225 0 1 1 moving 
0 267 604 383 795 40226 0 1 1 moving 
0 267 603 385 794 40227 0 1 1 moving 
0 266 602 387 792 40228 0 1 1 moving 
0 266 601 389 790 40229 0 1 1 moving 
0 266 600 391 789 40230 0 1 0 moving 
0 274 598 397 788 40231 0 1 1 moving 
0 282 597 404 787 40232 0 1 1 moving 
0 290 596 410 787 40233 0 1 1 moving 
0 298 594 417 786 40234 0 1 1 moving 
0 306 593 423 786 40235 0 1 1 moving 
0 314 592 430 785 40236 0 1 1 moving 
0 322 590 436 784 40237 0 1 1 moving 
0 330 589 443 784 40238 0 1 1 moving 
0 338 588 449 783 40239 0 1 1 moving 
1 488 594 573 775 40220 0 1 0 moving 
1 484 594 569 774 40221 0 1 1 standing 
1 480 594 565 774 40222 0 1 1 standing 
1 476 594 561 774 40223 0 1 1 standing 
1 472 594 557 774 40224 0 1 1 standing 
1 468 594 553 774 40225 0 1 1 standing 
1 464 594 549 773 40226 0 1 1 standing 
1 460 594 545 773 40227 0 1 1 standing 
1 456 594 541 773 40228 0 1 1 standing 
1 452 594 537 773 40229 0 1 1 standing 
1 448 594 533 773 40230 0 1 0 standing 
1 450 594 535 773 40231 0 1 1 standing 
1 452 594 537 773 40232 0 1 1 standing 
1 454 594 539 773 40233 0 1 1 standing 
1 456 594 541 773 40234 0 1 1 standing 
1 459 594 543 773 40235 0 1 1 standing 
1 461 594 545 773 40236 0 1 1 standing 
1 463 594 547 773 40237 0 1 1 standing 
1 465 594 549 773 40238 0 1 1 standing 
1 467 594 551 773 40239 0 1 1 standing 
2 418 540 520 730 40220 0 1 0 standing 
2 414 541 514 730 40221 0 1 1 standing 
2 410 542 509 731 40222 0 1 1 standing 
2 407 543 504 732 40223 0 1 1 standing 
2 403 544 498 733 40224 0 1 1 standing 
2 400 545 493 734 40225 0 1 1 standing 
2 396 546 488 735 40226 0 1 1 standing 
2 392 547 482 736 40227 0 1 1 standing 
2 389 548 477 737 40228 0 1 1 standing 
2 385 549 472 738 40229 0 1 1 standing 
2 382 550 467 739 40230 0 1 0 standing 
2 382 550 467 739 40231 0 1 1 standing 
2 382 550 467 739 40232 0 1 1 standing 
2 382 550 467 739 40233 0 1 1 standing 
2 382 550 467 739 40234 0 1 1 standing 
2 382 550 467 739 40235 0 1 1 standing 
2 382 550 467 739 40236 0 1 1 standing 
2 382 550 467 739 40237 0 1 1 standing 
2 382 550 467 739 40238 0 1 1 standing 
2 382 550 467 739 40239 0 1 1 standing 
3 447 491 566 667 40220 0 1 0 standing 
3 440 493 559 669 40221 0 1 1 standing 
3 433 495 552 671 40222 0 1 1 standing 
3 426 497 546 673 40223 0 1 1 standing 
3 419 499 539 675 40224 0 1 1 standing 
3 413 501 533 677 40225 0 1 1 standing 
3 406 503 526 679 40226 0 1 1 standing 
3 399 505 519 681 40227 0 1 1 standing 
3 392 507 513 683 40228 0 1 1 standing 
3 385 509 506 685 40229 0 1 1 standing 
3 379 511 500 687 40230 0 1 0 standing 
3 381 513 502 689 40231 0 1 1 standing 
3 384 516 505 692 40232 0 1 1 standing 
3 387 519 508 695 40233 0 1 1 standing 
3 390 522 511 698 40234 0 1 1 standing 
3 393 525 514 701 40235 0 1 1 standing 
3 395 527 516 703 40236 0 1 1 standing 
3 398 530 519 706 40237 0 1 1 standing 
3 401 533 522 709 40238 0 1 1 standing 
3 404 536 525 712 40239 0 1 1 standing 
4 652 465 758 654 40220 0 1 0 standing 
4 641 467 748 656 40221 0 1 1 standing 
4 630 469 738 658 40222 0 1 1 standing 
4 619 471 728 660 40223 0 1 1 standing 
4 608 473 719 662 40224 0 1 1 standing 
4 598 475 709 664 40225 0 1 1 standing 
4 587 477 699 666 40226 0 1 1 standing 
4 576 479 690 668 40227 0 1 1 standing 
4 565 481 680 670 40228 0 1 1 standing 
4 554 483 670 672 40229 0 1 1 standing 
4 544 486 661 674 40230 0 1 0 standing 
4 542 487 661 676 40231 0 1 1 standing 
4 541 489 661 678 40232 0 1 1 standing 
4 540 491 661 680 40233 0 1 1 standing 
4 539 493 661 682 40234 0 1 1 standing 
4 538 495 661 684 40235 0 1 1 standing 
4 537 497 661 686 40236 0 1 1 standing 
4 536 499 661 688 40237 0 1 1 standing 
4 535 501 661 690 40238 0 1 1 standing 
4 534 503 661 692 40239 0 1 1 standing 
5 770 561 894 758 40220 0 1 0 standing 
5 753 561 877 757 40221 0 1 1 standing 
5 737 561 861 757 40222 0 1 1 standing 
5 720 561 844 757 40223 0 1 1 standing 
5 704 561 828 757 40224 0 1 1 standing 
5 687 562 811 757 40225 0 1 1 standing 
5 671 562 795 757 40226 0 1 1 standing 
5 654 562 778 757 40227 0 1 1 standing 
5 638 562 762 757 40228 0 1 1 standing 
5 621 562 745 757 40229 0 1 1 standing 
5 605 563 729 757 40230 0 1 0 standing 
5 601 563 720 757 40231 0 1 1 standing 
5 597 563 712 757 40232 0 1 1 standing 
5 593 564 704 757 40233 0 1 1 standing 
5 589 564 695 757 40234 0 1 1 standing 
5 586 565 687 758 40235 0 1 1 standing 
5 582 565 679 758 40236 0 1 1 standing 
5 578 565 670 758 40237 0 1 1 standing 
5 574 566 662 758 40238 0 1 1 standing 
5 570 566 654 758 40239 0 1 1 standing 
6 1579 478 1663 649 40220 0 0 0 standing 
6 1557 481 1648 652 40221 0 0 1 standing 
6 1536 485 1633 655 40222 0 0 1 standing 
6 1515 489 1619 658 40223 0 0 0 standing 
6 1499 490 1601 658 40224 0 0 1 standing 
6 1483 491 1584 659 40225 0 0 1 standing 
6 1467 493 1567 660 40226 0 0 0 standing 
6 1453 493 1550 661 40227 0 0 1 standing 
6 1439 493 1533 662 40228 0 0 1 standing 
6 1426 493 1516 663 40229 0 0 0 standing 
6 1422 495 1506 664 40230 0 0 1 standing 
6 1418 497 1497 665 40231 0 0 1 standing 
6 1414 499 1488 666 40232 0 0 0 standing 
6 1411 499 1485 666 40233 0 0 1 standing 
6 1408 500 1482 667 40234 0 0 1 standing 
6 1405 501 1479 668 40235 0 0 0 standing 
6 1400 500 1473 667 40236 0 0 1 standing 
6 1396 500 1467 667 40237 0 0 1 standing 
6 1392 499 1461 666 40238 0 0 1 standing 
6 1388 499 1455 666 40239 0 0 1 standing 
7 1402 508 1482 688 40220 0 0 0 standing 
7 1399 509 1479 689 40221 0 0 1 standing 
7 1396 510 1476 690 40222 0 0 1 standing 
7 1393 511 1474 691 40223 0 0 0 standing 
7 1386 513 1470 692 40224 0 0 1 standing 
7 1380 515 1466 694 40225 0 0 1 standing 
7 1374 517 1462 696 40226 0 0 0 standing 
7 1366 518 1454 695 40227 0 0 1 standing 
7 1358 519 1447 694 40228 0 0 1 standing 
7 1351 520 1440 693 40229 0 0 0 standing 
7 1348 519 1437 692 40230 0 0 1 standing 
7 1345 519 1434 692 40231 0 0 1 standing 
7 1343 519 1431 692 40232 0 0 0 standing 
7 1344 519 1431 692 40233 0 0 1 standing 
7 1345 519 1432 692 40234 0 0 1 standing 
7 1347 519 1433 692 40235 0 0 0 standing 
7 1358 520 1434 692 40236 0 0 1 standing 
7 1369 521 1436 693 40237 0 0 1 standing 
7 1380 522 1438 694 40238 0 0 0 standing 
7 1380 522 1438 694 40239 0 0 1 standing 
8 1429 465 1551 626 40220 0 0 0 standing 
8 1417 465 1538 633 40221 0 0 1 standing 
8 1405 465 1525 640 40222 0 0 1 standing 
8 1393 466 1512 648 40223 0 0 0 standing 
8 1385 469 1500 648 40224 0 0 1 standing 
8 1378 472 1488 648 40225 0 0 1 standing 
8 1371 475 1477 649 40226 0 0 0 standing 
8 1364 475 1467 649 40227 0 0 1 standing 
8 1357 476 1458 649 40228 0 0 1 standing 
8 1351 477 1449 649 40229 0 0 0 standing 
8 1354 478 1448 649 40230 0 0 1 standing 
8 1358 479 1447 650 40231 0 0 1 standing 
8 1362 481 1447 651 40232 0 0 0 standing 
8 1370 480 1449 650 40233 0 0 1 standing 
8 1378 479 1451 649 40234 0 0 1 standing 
8 1386 478 1454 649 40235 0 0 0 standing 
8 1390 480 1462 650 40236 0 0 1 standing 
8 1394 482 1470 651 40237 0 0 1 standing 
8 1399 484 1478 652 40238 0 0 1 standing 
8 1403 486 1486 653 40239 0 0 1 standing 
9 1080 544 1144 750 40220 0 0 0 standing 
9 1069 545 1131 751 40221 0 0 1 standing 
9 1058 546 1118 752 40222 0 0 1 standing 
9 1047 547 1106 753 40223 0 0 0 standing 
9 1039 551 1098 755 40224 0 0 1 standing 
9 1031 555 1090 757 40225 0 0 1 standing 
9 1024 559 1083 759 40226 0 0 0 standing 
9 1017 560 1076 760 40227 0 0 1 standing 
9 1010 562 1069 762 40228 0 0 1 standing 
9 1003 564 1062 764 40229 0 0 0 standing 
9 999 564 1061 764 40230 0 0 1 standing 
9 995 564 1060 765 40231 0 0 1 standing 
9 991 565 1059 766 40232 0 0 0 standing 
9 991 565 1064 765 40233 0 0 1 standing 
9 991 565 1069 765 40234 0 0 1 standing 
9 991 565 1074 765 40235 0 0 0 standing 
9 991 566 1076 766 40236 0 0 1 standing 
9 991 567 1078 767 40237 0 0 1 standing 
9 991 568 1081 769 40238 0 0 1 standing 
9 991 569 1083 770 40239 0 0 1 standing 
10 1100 501 1162 704 40220 0 0 0 standing 
10 1088 501 1150 704 40221 0 0 1 standing 
10 1076 502 1138 705 40222 0 0 1 standing 
10 1064 503 1126 706 40223 0 0 0 standing 
10 1055 503 1114 706 40224 0 0 1 standing 
10 1047 503 1102 706 40225 0 0 1 standing 
10 1039 504 1090 706 40226 0 0 0 standing 
10 1033 505 1084 707 40227 0 0 1 standing 
10 1027 506 1078 709 40228 0 0 1 standing 
10 1022 508 1072 711 40229 0 0 0 standing 
10 1016 509 1066 712 40230 0 0 1 standing 
10 1010 510 1060 713 40231 0 0 1 standing 
10 1004 512 1054 714 40232 0 0 0 standing 
10 994 511 1051 699 40233 0 0 1 standing 
10 985 511 1049 684 40234 0 0 1 standing 
10 976 511 1047 670 40235 0 0 0 standing 
10 980 511 1049 669 40236 0 0 1 standing 
10 985 511 1051 669 40237 0 0 1 standing 
10 990 511 1053 669 40238 0 0 1 standing 
10 995 511 1055 669 40239 0 0 1 standing 
11 1084 476 1141 643 40220 0 0 0 standing 
11 1072 477 1129 644 40221 0 0 1 standing 
11 1060 479 1117 646 40222 0 0 1 standing 
11 1049 481 1105 648 40223 0 0 0 standing 
11 1040 481 1096 648 40224 0 0 1 standing 
11 1031 481 1087 648 40225 0 0 1 standing 
11 1023 481 1079 649 40226 0 0 0 standing 
11 1017 482 1079 652 40227 0 0 1 standing 
11 1011 483 1079 656 40228 0 0 1 standing 
11 1006 484 1080 660 40229 0 0 0 standing 
11 1003 485 1082 661 40230 0 0 1 standing 
11 1000 486 1084 662 40231 0 0 1 standing 
11 997 487 1086 663 40232 0 0 0 standing 
11 999 487 1085 663 40233 0 0 1 standing 
11 1002 487 1084 663 40234 0 0 1 standing 
11 1005 487 1084 663 40235 0 0 0 standing 
11 1008 487 1085 663 40236 0 0 1 standing 
11 1011 487 1086 663 40237 0 0 1 standing 
11 1014 487 1087 663 40238 0 0 1 standing 
11 1017 487 1088 663 40239 0 0 1 standing 
