0 449 302 512 452 40090 0 1 0 spiking 
0 448 299 512 444 40091 0 1 1 spiking 
0 448 296 512 436 40092 0 1 1 spiking 
0 448 293 512 428 40093 0 1 1 spiking 
0 448 290 512 420 40094 0 1 1 spiking 
0 448 287 512 413 40095 0 1 0 spiking 
0 448 284 512 415 40096 0 1 1 spiking 
0 448 282 512 418 40097 0 1 1 spiking 
0 448 279 513 420 40098 0 1 1 spiking 
0 448 277 513 423 40099 0 1 1 spiking 
0 449 275 514 426 40100 0 1 0 spiking 
0 448 281 512 430 40101 0 1 1 spiking 
0 447 287 511 434 40102 0 1 1 spiking 
0 446 293 510 438 40103 0 1 1 spiking 
0 445 299 509 442 40104 0 1 1 spiking 
0 444 305 508 446 40105 0 1 1 spiking 
0 443 311 507 450 40106 0 1 1 spiking 
0 442 317 506 454 40107 0 1 1 spiking 
0 441 323 505 458 40108 0 1 1 spiking 
0 440 329 504 462 40109 0 1 1 spiking 
1 617 372 671 519 40090 0 1 0 spiking 
1 612 366 666 515 40091 0 1 1 blocking 
1 608 360 661 511 40092 0 1 1 blocking 
1 603 354 657 507 40093 0 1 1 blocking 
1 599 348 652 503 40094 0 1 1 blocking 
1 594 343 648 499 40095 0 1 1 blocking 
1 590 337 643 495 40096 0 1 1 blocking 
1 585 331 638 491 40097 0 1 1 blocking 
1 581 325 634 487 40098 0 1 1 blocking 
1 576 319 629 483 40099 0 1 1 blocking 
1 572 314 625 480 40100 0 1 0 blocking 
1 569 316 622 480 40101 0 1 1 blocking 
1 567 318 620 480 40102 0 1 1 blocking 
1 565 320 618 480 40103 0 1 1 blocking 
1 563 322 615 480 40104 0 1 1 blocking 
1 561 324 613 480 40105 0 1 1 blocking 
1 558 326 611 480 40106 0 1 1 blocking 
1 556 328 608 480 40107 0 1 1 blocking 
1 554 330 606 480 40108 0 1 1 blocking 
1 552 332 604 480 40109 0 1 1 blocking 
2 632 354 689 486 40090 0 1 0 blocking 
2 626 348 683 482 40091 0 1 1 blocking 
2 621 343 678 479 40092 0 1 1 blocking 
2 616 338 673 475 40093 0 1 1 blocking 
2 611 332 668 472 40094 0 1 1 blocking 
2 606 327 663 468 40095 0 1 1 blocking 
2 600 322 658 465 40096 0 1 1 blocking 
2 595 316 653 461 40097 0 1 1 blocking 
2 590 311 648 458 40098 0 1 1 blocking 
2 585 306 643 454 40099 0 1 1 blocking 
2 580 301 638 451 40100 0 1 0 blocking 
2 573 303 631 453 40101 0 1 1 blocking 
2 566 305 624 455 40102 0 1 1 blocking 
2 559 307 617 457 40103 0 1 1 blocking 
2 553 310 611 459 40104 0 1 1 blocking 
2 546 312 604 462 40105 0 1 1 blocking 
2 539 314 597 464 40106 0 1 1 blocking 
2 533 317 591 466 40107 0 1 1 blocking 
2 526 319 584 468 40108 0 1 1 blocking 
2 519 321 577 470 40109 0 1 1 blocking 
3 258 418 332 564 40090 0 0 0 blocking 
3 255 419 330 564 40091 0 0 1 standing 
3 252 420 329 564 40092 0 0 1 standing 
3 250 422 328 565 40093 0 0 0 standing 
3 249 421 326 564 40094 0 0 1 standing 
3 248 421 324 564 40095 0 0 1 standing 
3 248 421 322 564 40096 0 0 0 standing 
3 251 420 317 563 40097 0 0 1 standing 
3 254 419 312 562 40098 0 0 1 standing 
3 257 418 307 561 40099 0 0 0 standing 
3 253 418 303 558 40100 0 0 1 standing 
3 249 418 299 555 40101 0 0 1 standing 
3 246 419 295 553 40102 0 0 0 standing 
3 244 417 296 550 40103 0 0 1 standing 
3 242 415 298 548 40104 0 0 1 standing 
3 240 413 300 546 40105 0 0 0 standing 
3 235 411 296 544 40106 0 0 1 standing 
3 231 409 293 542 40107 0 0 1 standing 
3 227 407 289 540 40108 0 0 1 standing 
3 223 405 286 538 40109 0 0 1 standing 
4 372 380 448 501 40090 0 0 0 standing 
4 373 379 450 500 40091 0 0 1 waiting 
4 375 379 453 499 40092 0 0 1 waiting 
4 377 379 456 498 40093 0 0 0 waiting 
4 373 383 452 498 40094 0 0 1 waiting 
4 369 387 448 498 40095 0 0 1 waiting 
4 366 391 444 498 40096 0 0 0 waiting 
4 366 392 443 495 40097 0 0 1 waiting 
4 366 394 443 492 40098 0 0 1 waiting 
4 366 396 443 490 40099 0 0 0 waiting 
4 361 398 438 494 40100 0 0 1 waiting 
4 356 401 433 499 40101 0 0 1 waiting 
4 351 404 428 504 40102 0 0 0 waiting 
4 346 404 421 503 40103 0 0 1 waiting 
4 342 404 414 503 40104 0 0 1 waiting 
4 338 404 407 503 40105 0 0 0 waiting 
4 332 402 401 501 40106 0 0 1 waiting 
4 327 401 396 500 40107 0 0 1 waiting 
4 322 399 391 498 40108 0 0 1 waiting 
4 317 398 386 497 40109 0 0 1 waiting 
5 371 491 461 669 40090 0 0 0 waiting 
5 373 487 459 665 40091 0 0 1 standing 
5 375 484 457 662 40092 0 0 1 standing 
5 378 481 456 659 40093 0 0 0 standing 
5 382 474 452 655 40094 0 0 1 standing 
5 386 467 448 651 40095 0 0 1 standing 
5 391 460 444 648 40096 0 0 0 standing 
5 390 458 445 646 40097 0 0 1 standing 
5 389 457 446 645 40098 0 0 1 standing 
5 388 456 448 644 40099 0 0 0 standing 
5 386 457 452 645 40100 0 0 1 standing 
5 384 459 456 647 40101 0 0 1 standing 
5 383 461 461 649 40102 0 0 0 standing 
5 378 467 461 652 40103 0 0 1 standing 
5 373 473 461 655 40104 0 0 1 standing 
5 368 479 462 658 40105 0 0 0 standing 
5 369 475 459 651 40106 0 0 1 standing 
5 371 472 456 645 40107 0 0 1 standing 
5 372 469 454 638 40108 0 0 1 standing 
5 374 466 451 632 40109 0 0 1 standing 
6 482 426 547 555 40090 0 0 0 standing 
6 471 426 543 558 40091 0 0 1 standing 
6 460 426 539 561 40092 0 0 1 standing 
6 449 426 536 564 40093 0 0 0 standing 
6 444 426 526 563 40094 0 0 1 standing 
6 439 426 516 562 40095 0 0 1 standing 
6 434 427 506 562 40096 0 0 0 standing 
6 424 428 496 563 40097 0 0 1 standing 
6 414 430 486 565 40098 0 0 1 standing 
6 405 432 477 567 40099 0 0 0 standing 
6 392 436 468 566 40100 0 0 1 standing 
6 379 440 459 565 40101 0 0 1 standing 
6 367 445 451 564 40102 0 0 0 standing 
6 357 444 443 562 40103 0 0 1 standing 
6 347 444 435 560 40104 0 0 1 standing 
6 338 444 427 558 40105 0 0 0 standing 
6 333 443 421 561 40106 0 0 1 standing 
6 329 443 415 564 40107 0 0 1 standing 
6 325 443 409 567 40108 0 0 0 standing 
6 325 443 409 567 40109 0 0 1 standing 
7 511 321 572 468 40090 0 0 0 standing 
7 508 327 569 474 40091 0 0 1 standing 
7 505 334 567 481 40092 0 0 1 standing 
7 502 341 565 488 40093 0 0 0 standing 
7 500 351 557 499 40094 0 0 1 standing 
7 499 362 549 510 40095 0 0 1 standing 
7 498 373 542 521 40096 0 0 0 standing 
7 493 381 538 521 40097 0 0 1 standing 
7 488 389 535 521 40098 0 0 1 standing 
7 483 397 532 521 40099 0 0 0 standing 
7 476 402 528 523 40100 0 0 1 standing 
7 469 407 524 525 40101 0 0 1 standing 
7 462 413 521 527 40102 0 0 0 standing 
7 456 414 513 526 40103 0 0 1 standing 
7 451 415 505 526 40104 0 0 1 standing 
7 446 417 498 526 40105 0 0 0 standing 
7 440 413 492 524 40106 0 0 1 standing 
7 434 409 487 523 40107 0 0 1 standing 
7 429 405 481 522 40108 0 0 1 standing 
7 423 401 476 521 40109 0 0 1 standing 
8 629 475 693 599 40090 0 0 0 standing 
8 624 475 688 602 40091 0 0 1 standing 
8 620 475 683 606 40092 0 0 1 standing 
8 616 476 679 610 40093 0 0 0 standing 
8 617 476 682 610 40094 0 0 1 standing 
8 619 477 686 610 40095 0 0 1 standing 
8 621 478 690 611 40096 0 0 0 standing 
8 618 478 687 615 40097 0 0 1 standing 
8 615 479 684 620 40098 0 0 1 standing 
8 613 480 682 625 40099 0 0 0 standing 
8 614 479 683 626 40100 0 0 1 standing 
8 616 479 685 627 40101 0 0 1 standing 
8 618 479 687 628 40102 0 0 0 standing 
8 621 479 690 625 40103 0 0 1 standing 
8 624 480 693 622 40104 0 0 1 standing 
8 628 481 697 620 40105 0 0 0 standing 
8 624 480 701 617 40106 0 0 1 standing 
8 620 479 706 615 40107 0 0 1 standing 
8 616 478 711 612 40108 0 0 1 standing 
8 612 477 716 610 40109 0 0 1 standing 
9 936 383 997 494 40090 0 0 0 standing 
9 930 382 991 493 40091 0 0 1 waiting 
9 924 381 986 493 40092 0 0 1 waiting 
9 919 381 981 493 40093 0 0 0 waiting 
9 915 380 977 491 40094 0 0 1 waiting 
9 911 379 974 489 40095 0 0 1 waiting 
9 908 379 971 488 40096 0 0 0 waiting 
9 902 381 966 487 40097 0 0 1 waiting 
9 897 384 961 486 40098 0 0 1 waiting 
9 892 387 956 486 40099 0 0 0 waiting 
9 885 389 948 487 40100 0 0 1 waiting 
9 878 392 941 488 40101 0 0 1 waiting 
9 871 395 934 489 40102 0 0 0 waiting 
9 863 395 926 489 40103 0 0 1 waiting 
9 856 395 919 489 40104 0 0 1 waiting 
9 849 396 912 490 40105 0 0 0 waiting 
9 843 393 906 488 40106 0 0 1 waiting 
9 838 390 901 486 40107 0 0 1 waiting 
9 832 387 896 485 40108 0 0 1 waiting 
9 827 384 891 483 40109 0 0 1 waiting 
10 1077 471 1154 628 40090 0 0 0 waiting 
10 1068 472 1141 629 40091 0 0 1 digging 
10 1059 473 1129 631 40092 0 0 1 digging 
10 1050 474 1117 633 40093 0 0 0 digging 
10 1038 471 1108 630 40094 0 0 1 digging 
10 1027 469 1099 627 40095 0 0 1 digging 
10 1016 467 1090 625 40096 0 0 0 digging 
10 1005 464 1077 620 40097 0 0 1 digging 
10 994 461 1064 616 40098 0 0 1 digging 
10 983 458 1051 612 40099 0 0 0 digging 
10 973 459 1041 608 40100 0 0 1 digging 
10 963 461 1031 605 40101 0 0 1 digging 
10 954 463 1022 602 40102 0 0 0 digging 
10 935 464 1012 600 40103 0 0 1 digging 
10 916 466 1002 598 40104 0 0 1 digging 
10 898 468 992 596 40105 0 0 0 digging 
10 894 467 988 594 40106 0 0 1 digging 
10 890 467 984 592 40107 0 0 1 digging 
10 887 467 980 590 40108 0 0 1 digging 
10 883 467 976 588 40109 0 0 1 digging 
11 1089 398 1153 535 40090 0 0 0 digging 
11 1083 396 1147 533 40091 0 0 1 waiting 
11 1078 394 1142 531 40092 0 0 1 waiting 
11 1073 393 1137 530 40093 0 0 0 waiting 
11 1066 393 1130 526 40094 0 0 1 waiting 
11 1059 393 1123 522 40095 0 0 1 waiting 
11 1053 394 1117 519 40096 0 0 0 waiting 
11 1045 396 1107 518 40097 0 0 1 waiting 
11 1038 398 1098 518 40098 0 0 1 waiting 
11 1031 401 1089 518 40099 0 0 0 waiting 
11 1024 401 1082 520 40100 0 0 1 waiting 
11 1017 401 1075 522 40101 0 0 1 waiting 
11 1011 402 1068 525 40102 0 0 0 waiting 
11 1003 402 1060 525 40103 0 0 1 waiting 
11 995 402 1053 525 40104 0 0 1 waiting 
11 987 403 1046 526 40105 0 0 0 waiting 
11 982 402 1040 524 40106 0 0 1 waiting 
11 977 401 1034 522 40107 0 0 1 waiting 
11 973 400 1029 521 40108 0 0 1 waiting 
11 968 399 1023 519 40109 0 0 1 waiting 
