0 471 361 503 490 43690 0 1 0 digging 
0 470 361 502 488 43691 0 1 1 digging 
0 470 362 502 486 43692 0 1 1 digging 
0 470 362 502 484 43693 0 1 1 digging 
0 470 363 502 483 43694 0 1 0 digging 
0 470 356 502 481 43695 0 1 1 digging 
0 470 350 502 479 43696 0 1 1 digging 
0 470 344 503 478 43697 0 1 1 digging 
0 470 338 503 476 43698 0 1 1 digging 
0 470 332 503 474 43699 0 1 1 digging 
0 470 326 504 473 43700 0 1 0 digging 
0 469 329 503 473 43701 0 1 1 digging 
0 469 332 503 474 43702 0 1 1 digging 
0 469 335 503 475 43703 0 1 1 digging 
0 468 338 502 476 43704 0 1 1 digging 
0 468 341 502 477 43705 0 1 1 digging 
0 468 344 502 478 43706 0 1 1 digging 
0 467 347 501 479 43707 0 1 1 digging 
0 467 350 501 480 43708 0 1 1 digging 
0 467 353 501 481 43709 0 1 0 digging 
1 621 343 657 483 43690 0 0 0 digging 
1 619 344 657 486 43691 0 0 1 standing 
1 618 346 657 489 43692 0 0 1 standing 
1 617 348 657 492 43693 0 0 1 standing 
1 616 350 658 496 43694 0 0 0 standing 
1 614 351 657 496 43695 0 0 1 standing 
1 613 352 656 496 43696 0 0 1 standing 
1 611 354 655 496 43697 0 0 1 standing 
1 610 355 654 496 43698 0 0 1 standing 
1 609 357 653 497 43699 0 0 0 standing 
1 607 357 651 498 43700 0 0 1 standing 
1 605 358 649 500 43701 0 0 1 standing 
1 604 358 647 501 43702 0 0 1 standing 
1 602 359 646 503 43703 0 0 1 standing 
1 600 360 644 505 43704 0 0 1 standing 
1 599 360 642 506 43705 0 0 1 standing 
1 597 361 640 508 43706 0 0 1 standing 
1 595 362 639 510 43707 0 0 1 standing 
1 594 362 637 511 43708 0 0 1 standing 
1 592 363 635 513 43709 0 0 1 standing 
2 112 400 185 537 43690 0 0 0 standing 
2 113 400 186 537 43691 0 0 1 standing 
2 115 400 187 538 43692 0 0 1 standing 
2 116 401 188 539 43693 0 0 1 standing 
2 118 401 190 540 43694 0 0 1 standing 
2 119 402 191 541 43695 0 0 1 standing 
2 121 402 192 542 43696 0 0 1 standing 
2 123 403 194 543 43697 0 0 0 standing 
2 125 400 196 544 43698 0 0 1 standing 
2 127 397 198 545 43699 0 0 1 standing 
2 129 394 201 546 43700 0 0 0 standing 
2 132 394 204 546 43701 0 0 1 standing 
2 136 395 208 547 43702 0 0 1 standing 
2 139 395 211 547 43703 0 0 1 standing 
2 143 396 215 548 43704 0 0 1 standing 
2 147 397 219 549 43705 0 0 1 standing 
2 150 397 222 549 43706 0 0 1 standing 
2 154 398 226 550 43707 0 0 1 standing 
2 158 399 230 551 43708 0 0 0 standing 
2 162 399 234 551 43709 0 0 1 standing 
3 3 432 69 610 43690 0 0 0 standing 
3 3 432 70 610 43691 0 0 1 standing 
3 3 432 72 610 43692 0 0 1 standing 
3 3 432 74 610 43693 0 0 1 standing 
3 3 432 76 610 43694 0 0 1 standing 
3 4 433 78 610 43695 0 0 1 standing 
3 4 433 79 610 43696 0 0 1 standing 
3 4 433 81 610 43697 0 0 1 standing 
3 4 433 83 610 43698 0 0 1 standing 
3 4 433 85 610 43699 0 0 1 standing 
3 5 434 87 611 43700 0 0 0 standing 
3 6 434 91 611 43701 0 0 1 standing 
3 7 434 96 611 43702 0 0 1 standing 
3 8 435 101 611 43703 0 0 1 standing 
3 10 435 105 612 43704 0 0 1 standing 
3 11 436 110 612 43705 0 0 1 standing 
3 12 436 115 612 43706 0 0 1 standing 
3 14 437 120 613 43707 0 0 0 standing 
3 28 436 126 613 43708 0 0 1 standing 
3 42 436 132 613 43709 0 0 1 standing 
4 749 396 782 551 43690 0 0 0 standing 
4 748 396 781 551 43691 0 0 1 standing 
4 747 396 780 551 43692 0 0 1 standing 
4 746 396 779 551 43693 0 0 1 standing 
4 746 396 779 551 43694 0 0 1 standing 
4 745 396 778 551 43695 0 0 1 standing 
4 744 396 777 551 43696 0 0 1 standing 
4 744 396 777 551 43697 0 0 1 standing 
4 743 396 776 551 43698 0 0 1 standing 
4 742 396 775 551 43699 0 0 1 standing 
4 742 396 775 551 43700 0 0 0 standing 
4 741 397 775 551 43701 0 0 1 standing 
4 741 398 775 551 43702 0 0 1 standing 
4 740 399 775 551 43703 0 0 1 standing 
4 740 400 775 551 43704 0 0 1 standing 
4 739 401 775 551 43705 0 0 1 standing 
4 739 402 775 551 43706 0 0 1 standing 
4 738 403 775 551 43707 0 0 1 standing 
4 738 404 775 551 43708 0 0 1 standing 
4 737 405 775 551 43709 0 0 1 standing 
5 964 343 1026 478 43690 0 0 0 standing 
5 967 342 1029 477 43691 0 0 1 standing 
5 971 342 1032 477 43692 0 0 1 standing 
5 975 342 1035 477 43693 0 0 1 standing 
5 979 342 1038 477 43694 0 0 1 standing 
5 983 342 1042 477 43695 0 0 1 standing 
5 986 342 1045 476 43696 0 0 1 standing 
5 990 342 1048 476 43697 0 0 1 standing 
5 994 342 1051 476 43698 0 0 1 standing 
5 998 342 1054 476 43699 0 0 1 standing 
5 1002 342 1058 476 43700 0 0 0 standing 
5 1003 342 1059 476 43701 0 0 1 standing 
5 1004 342 1060 476 43702 0 0 1 standing 
5 1006 342 1062 476 43703 0 0 1 standing 
5 1007 342 1063 476 43704 0 0 1 standing 
5 1009 342 1065 476 43705 0 0 1 standing 
5 1010 342 1066 476 43706 0 0 1 standing 
5 1011 342 1067 476 43707 0 0 1 standing 
5 1013 342 1069 476 43708 0 0 1 standing 
5 1014 342 1070 476 43709 0 0 1 standing 
6 754 345 797 476 43690 0 0 0 standing 
6 753 345 796 476 43691 0 0 1 standing 
6 753 345 796 476 43692 0 0 1 standing 
6 752 346 795 477 43693 0 0 1 standing 
6 752 346 795 477 43694 0 0 1 standing 
6 751 347 794 478 43695 0 0 1 standing 
6 751 347 794 478 43696 0 0 1 standing 
6 750 347 793 478 43697 0 0 1 standing 
6 750 348 793 479 43698 0 0 1 standing 
6 749 348 792 479 43699 0 0 1 standing 
6 749 349 792 480 43700 0 0 0 standing 
6 748 348 791 479 43701 0 0 1 standing 
6 747 348 790 479 43702 0 0 1 standing 
6 747 348 790 479 43703 0 0 1 standing 
6 746 348 789 479 43704 0 0 1 standing 
6 746 348 789 479 43705 0 0 0 standing 
6 747 348 790 479 43706 0 0 1 standing 
6 748 348 791 479 43707 0 0 1 standing 
6 750 348 793 479 43708 0 0 1 standing 
6 751 348 794 479 43709 0 0 1 standing 
7 1095 444 1152 598 43690 0 0 0 standing 
7 1096 444 1153 598 43691 0 0 1 standing 
7 1098 445 1155 599 43692 0 0 1 standing 
7 1100 446 1157 600 43693 0 0 1 standing 
7 1102 446 1159 600 43694 0 0 1 standing 
7 1104 447 1161 601 43695 0 0 1 standing 
7 1106 448 1163 602 43696 0 0 1 standing 
7 1108 448 1165 602 43697 0 0 1 standing 
7 1110 449 1167 603 43698 0 0 1 standing 
7 1112 450 1169 604 43699 0 0 1 standing 
7 1114 451 1171 605 43700 0 0 0 standing 
7 1120 452 1174 606 43701 0 0 1 standing 
7 1126 453 1177 607 43702 0 0 1 standing 
7 1132 454 1180 609 43703 0 0 0 standing 
7 1133 455 1183 611 43704 0 0 1 standing 
7 1135 456 1186 613 43705 0 0 1 standing 
7 1137 457 1189 615 43706 0 0 1 standing 
7 1139 458 1192 617 43707 0 0 1 standing 
7 1141 459 1195 619 43708 0 0 1 standing 
7 1143 460 1198 621 43709 0 0 1 standing 
8 1192 375 1250 535 43690 0 0 0 standing 
8 1196 376 1254 535 43691 0 0 1 standing 
8 1201 377 1259 535 43692 0 0 1 standing 
8 1206 379 1264 536 43693 0 0 1 standing 
8 1210 380 1268 536 43694 0 0 1 standing 
8 1215 381 1273 536 43695 0 0 1 standing 
8 1220 383 1278 537 43696 0 0 0 standing 
8 1222 383 1278 537 43697 0 0 1 standing 
8 1224 384 1278 537 43698 0 0 1 standing 
8 1227 384 1278 538 43699 0 0 1 standing 
8 1229 385 1278 538 43700 0 0 1 standing 
8 1231 386 1278 538 43701 0 0 1 standing 
8 1234 386 1278 539 43702 0 0 1 standing 
8 1236 387 1278 539 43703 0 0 1 standing 
8 1239 388 1279 540 43704 0 0 0 standing 
8 1242 388 1278 539 43705 0 0 1 standing 
8 1245 388 1278 539 43706 0 0 1 standing 
8 1248 388 1278 539 43707 0 0 1 standing 
8 1252 388 1278 539 43708 0 0 0 standing 
8 1253 388 1278 539 43709 0 0 1 standing 
9 445 344 498 457 43690 0 0 0 standing 
9 441 344 494 457 43691 0 0 1 standing 
9 437 344 490 457 43692 0 0 1 standing 
9 433 345 486 458 43693 0 0 1 standing 
9 430 345 483 458 43694 0 0 1 standing 
9 426 346 479 459 43695 0 0 1 standing 
9 422 346 475 459 43696 0 0 1 standing 
9 419 346 472 459 43697 0 0 1 standing 
9 415 347 468 460 43698 0 0 1 standing 
9 411 347 464 460 43699 0 0 1 standing 
9 408 348 461 461 43700 0 0 0 standing 
9 405 347 457 462 43701 0 0 1 standing 
9 403 347 453 463 43702 0 0 1 standing 
9 401 347 449 464 43703 0 0 1 standing 
9 398 347 445 465 43704 0 0 1 standing 
9 396 347 441 466 43705 0 0 1 standing 
9 394 347 438 467 43706 0 0 0 standing 
9 389 350 435 468 43707 0 0 1 standing 
9 384 353 432 470 43708 0 0 1 standing 
9 380 356 429 471 43709 0 0 1 standing 
10 756 378 799 533 43690 0 0 0 standing 
10 754 378 797 533 43691 0 0 1 standing 
10 753 379 796 533 43692 0 0 1 standing 
10 752 380 795 533 43693 0 0 1 standing 
10 751 381 794 533 43694 0 0 1 standing 
10 750 382 793 533 43695 0 0 1 standing 
10 749 382 791 533 43696 0 0 1 standing 
10 748 383 790 533 43697 0 0 1 standing 
10 747 384 789 533 43698 0 0 1 standing 
10 746 385 788 533 43699 0 0 1 standing 
10 745 386 787 533 43700 0 0 0 standing 
10 744 387 786 534 43701 0 0 1 standing 
10 743 388 785 535 43702 0 0 1 standing 
10 742 389 784 536 43703 0 0 1 standing 
10 742 390 784 537 43704 0 0 1 standing 
10 741 391 783 538 43705 0 0 1 standing 
10 740 393 782 540 43706 0 0 1 standing 
10 739 394 781 541 43707 0 0 1 standing 
10 739 395 781 542 43708 0 0 1 standing 
10 738 396 780 543 43709 0 0 1 standing 
11 445 313 497 427 43690 0 0 0 standing 
11 446 312 497 426 43691 0 0 1 standing 
11 447 312 498 426 43692 0 0 1 standing 
11 448 312 499 426 43693 0 0 1 standing 
11 449 312 500 426 43694 0 0 1 standing 
11 451 312 500 426 43695 0 0 1 standing 
11 452 312 501 426 43696 0 0 1 standing 
11 453 312 502 426 43697 0 0 1 standing 
11 454 312 503 426 43698 0 0 1 standing 
11 456 312 504 426 43699 0 0 0 standing 
11 458 312 505 423 43700 0 0 1 standing 
11 460 313 506 420 43701 0 0 1 standing 
11 462 314 508 417 43702 0 0 0 standing 
11 464 314 510 418 43703 0 0 1 standing 
11 466 315 512 420 43704 0 0 1 standing 
11 468 316 514 422 43705 0 0 1 standing 
11 470 317 516 424 43706 0 0 1 standing 
11 472 318 518 426 43707 0 0 1 standing 
11 474 319 520 428 43708 0 0 1 standing 
11 476 320 522 430 43709 0 0 1 standing 
