0 836 378 919 542 35659 0 0 1 standing 
0 832 378 915 542 35660 0 0 0 standing 
0 832 376 914 540 35661 0 0 1 standing 
0 833 374 913 538 35662 0 0 1 standing 
0 833 372 913 536 35663 0 0 1 standing 
0 834 370 912 534 35664 0 0 1 standing 
0 834 368 911 532 35665 0 0 1 standing 
0 835 366 911 530 35666 0 0 1 standing 
0 835 364 910 528 35667 0 0 1 standing 
0 836 363 910 526 35668 0 0 0 standing 
0 836 361 910 524 35669 0 0 1 standing 
0 837 360 911 523 35670 0 0 1 standing 
0 838 359 912 522 35671 0 0 1 standing 
0 839 357 913 520 35672 0 0 1 standing 
0 840 356 914 519 35673 0 0 1 standing 
0 841 355 915 518 35674 0 0 0 standing 
0 841 353 915 516 35675 0 0 1 standing 
0 842 352 916 515 35676 0 0 1 standing 
0 843 350 917 513 35677 0 0 1 standing 
0 844 349 918 512 35678 0 0 1 standing 
1 913 294 991 444 35659 0 1 0 standing 
1 914 291 990 442 35660 0 1 1 digging 
1 916 288 990 441 35661 0 1 1 digging 
1 918 285 989 440 35662 0 1 1 digging 
1 920 282 989 439 35663 0 1 1 digging 
1 922 280 989 438 35664 0 1 0 digging 
1 920 276 987 434 35665 0 1 1 digging 
1 919 273 986 431 35666 0 1 1 digging 
1 918 269 985 427 35667 0 1 1 digging 
1 917 266 984 424 35668 0 1 1 digging 
1 916 262 983 420 35669 0 1 1 digging 
1 915 259 982 417 35670 0 1 0 digging 
1 915 261 983 414 35671 0 1 1 digging 
1 915 264 984 412 35672 0 1 1 digging 
1 915 266 985 410 35673 0 1 1 digging 
1 915 269 986 408 35674 0 1 1 digging 
1 915 271 988 406 35675 0 1 1 digging 
1 915 274 989 404 35676 0 1 1 digging 
1 915 276 990 402 35677 0 1 1 digging 
1 915 279 991 400 35678 0 1 1 digging 
2 733 349 855 430 35659 0 1 0 digging 
2 733 348 855 429 35660 0 1 1 falling 
2 733 348 855 429 35661 0 1 1 falling 
2 734 347 856 429 35662 0 1 1 falling 
2 734 347 856 429 35663 0 1 1 falling 
2 735 347 856 428 35664 0 1 1 falling 
2 735 346 857 428 35665 0 1 1 falling 
2 736 346 857 428 35666 0 1 1 falling 
2 736 345 858 428 35667 0 1 1 falling 
2 737 345 858 428 35668 0 1 1 falling 
2 737 345 858 427 35669 0 1 1 falling 
2 737 344 859 427 35670 0 1 1 falling 
2 738 344 859 427 35671 0 1 1 falling 
2 738 343 860 427 35672 0 1 1 falling 
2 739 343 860 426 35673 0 1 1 falling 
2 739 343 860 426 35674 0 1 1 falling 
2 740 342 861 426 35675 0 1 1 falling 
2 740 342 861 426 35676 0 1 1 falling 
2 741 342 862 426 35677 0 1 0 falling 
2 744 340 862 425 35678 0 1 1 falling 
3 612 285 678 441 35659 0 0 0 falling 
3 608 279 677 440 35660 0 0 1 standing 
3 604 274 677 440 35661 0 0 1 standing 
3 601 269 677 440 35662 0 0 0 standing 
3 600 264 678 435 35663 0 0 1 standing 
3 600 260 680 431 35664 0 0 1 standing 
3 599 256 682 427 35665 0 0 1 standing 
3 599 252 684 422 35666 0 0 1 standing 
3 598 248 686 418 35667 0 0 1 standing 
3 598 244 688 414 35668 0 0 0 standing 
3 602 242 686 409 35669 0 0 1 standing 
3 607 241 685 405 35670 0 0 1 standing 
3 611 240 684 401 35671 0 0 1 standing 
3 616 239 683 397 35672 0 0 1 standing 
3 620 238 682 393 35673 0 0 1 standing 
3 625 237 681 389 35674 0 0 0 standing 
3 625 237 688 388 35675 0 0 1 standing 
3 625 237 695 388 35676 0 0 1 standing 
3 625 237 702 388 35677 0 0 0 standing 
3 624 238 701 387 35678 0 0 1 standing 
4 626 467 740 665 35659 0 0 1 standing 
4 644 468 746 665 35660 0 0 1 moving 
4 662 469 752 666 35661 0 0 0 moving 
4 672 470 767 667 35662 0 0 1 moving 
4 683 471 783 668 35663 0 0 1 moving 
4 694 472 799 669 35664 0 0 1 moving 
4 704 474 814 671 35665 0 0 1 moving 
4 715 475 830 672 35666 0 0 1 moving 
4 726 476 846 673 35667 0 0 1 moving 
4 737 478 862 675 35668 0 0 0 moving 
4 745 478 866 674 35669 0 0 1 moving 
4 754 478 870 673 35670 0 0 1 moving 
4 763 478 875 673 35671 0 0 0 moving 
4 767 476 874 672 35672 0 0 1 moving 
4 771 474 874 672 35673 0 0 1 moving 
4 775 472 874 672 35674 0 0 1 moving 
4 780 470 874 672 35675 0 0 0 moving 
4 783 469 877 671 35676 0 0 1 moving 
4 786 468 880 670 35677 0 0 1 moving 
4 789 467 883 669 35678 0 0 1 moving 
5 493 418 581 618 35659 0 0 1 moving 
5 493 415 581 615 35660 0 0 1 standing 
5 493 412 581 612 35661 0 0 0 standing 
5 492 412 580 614 35662 0 0 1 standing 
5 491 413 579 617 35663 0 0 1 standing 
5 490 414 578 619 35664 0 0 1 standing 
5 490 414 577 622 35665 0 0 1 standing 
5 489 415 576 624 35666 0 0 1 standing 
5 488 416 575 627 35667 0 0 1 standing 
5 488 417 575 630 35668 0 0 0 standing 
5 490 414 576 624 35669 0 0 1 standing 
5 493 412 577 618 35670 0 0 1 standing 
5 496 410 578 612 35671 0 0 1 standing 
5 499 408 579 606 35672 0 0 1 standing 
5 502 406 580 600 35673 0 0 1 standing 
5 505 404 581 594 35674 0 0 0 standing 
5 509 402 584 592 35675 0 0 1 standing 
5 514 401 587 591 35676 0 0 1 standing 
5 518 399 590 589 35677 0 0 1 standing 
5 523 398 593 588 35678 0 0 0 standing 
6 3 366 52 566 35659 1 0 1 standing 
6 3 365 50 565 35660 1 0 1 standing 
6 3 363 49 564 35661 1 0 1 standing 
6 3 361 47 563 35662 1 0 1 standing 
6 3 360 46 562 35663 1 0 1 standing 
6 3 358 44 561 35664 1 0 1 standing 
6 3 357 43 560 35665 1 0 0 standing 
6 3 357 43 560 35666 1 0 1 standing 
6 3 358 44 561 35667 1 0 1 standing 
6 3 359 45 561 35668 1 0 1 standing 
6 3 360 46 562 35669 1 0 1 standing 
6 3 361 47 562 35670 1 0 1 standing 
6 3 362 48 563 35671 1 0 1 standing 
6 3 363 48 563 35672 1 0 1 standing 
6 3 364 49 564 35673 1 0 1 standing 
6 3 364 50 564 35674 1 0 1 standing 
6 3 365 51 565 35675 1 0 1 standing 
6 3 366 52 565 35676 1 0 1 standing 
6 4 367 53 566 35677 1 0 1 standing 
6 4 368 53 567 35678 1 0 1 standing 
7 148 310 212 462 35659 0 0 1 standing 
7 146 310 212 462 35660 0 0 1 standing 
7 145 310 212 462 35661 0 0 1 standing 
7 144 310 212 462 35662 0 0 0 standing 
7 143 309 211 461 35663 0 0 1 standing 
7 142 309 210 461 35664 0 0 1 standing 
7 141 309 209 461 35665 0 0 1 standing 
7 140 308 208 460 35666 0 0 1 standing 
7 139 308 207 460 35667 0 0 1 standing 
7 138 308 206 460 35668 0 0 1 standing 
7 137 308 205 460 35669 0 0 1 standing 
7 136 307 204 459 35670 0 0 1 standing 
7 135 307 203 459 35671 0 0 1 standing 
7 134 307 202 459 35672 0 0 1 standing 
7 133 306 201 458 35673 0 0 1 standing 
7 132 306 200 458 35674 0 0 1 standing 
7 131 306 199 458 35675 0 0 1 standing 
7 130 306 198 458 35676 0 0 1 standing 
7 129 305 197 457 35677 0 0 1 standing 
7 128 305 196 457 35678 0 0 1 standing 
8 162 373 255 540 35659 0 0 1 standing 
8 153 376 251 543 35660 0 0 1 standing 
8 145 379 247 546 35661 0 0 1 standing 
8 136 382 243 549 35662 0 0 1 standing 
8 128 386 239 552 35663 0 0 0 standing 
8 128 386 235 551 35664 0 0 1 standing 
8 128 386 231 551 35665 0 0 1 standing 
8 128 386 227 551 35666 0 0 1 standing 
8 128 386 223 551 35667 0 0 1 standing 
8 128 386 219 551 35668 0 0 0 standing 
8 123 385 213 552 35669 0 0 1 standing 
8 118 384 208 554 35670 0 0 1 standing 
8 113 384 203 556 35671 0 0 0 standing 
8 105 384 203 555 35672 0 0 1 standing 
8 98 384 203 555 35673 0 0 1 standing 
8 91 384 203 555 35674 0 0 0 standing 
8 89 385 201 554 35675 0 0 1 standing 
8 88 386 200 554 35676 0 0 1 standing 
8 87 387 199 554 35677 0 0 0 standing 
8 92 388 199 553 35678 0 0 1 standing 
9 366 388 435 591 35659 0 0 1 standing 
9 367 388 435 591 35660 0 0 1 standing 
9 368 388 435 591 35661 0 0 1 standing 
9 369 388 435 591 35662 0 0 1 standing 
9 371 388 435 591 35663 0 0 0 standing 
9 369 388 436 590 35664 0 0 1 standing 
9 368 388 437 590 35665 0 0 1 standing 
9 367 388 439 590 35666 0 0 1 standing 
9 366 388 440 590 35667 0 0 1 standing 
9 365 388 441 590 35668 0 0 1 standing 
9 364 388 443 590 35669 0 0 1 standing 
9 363 388 444 589 35670 0 0 1 standing 
9 362 388 446 589 35671 0 0 1 standing 
9 361 388 447 589 35672 0 0 1 standing 
9 360 388 448 589 35673 0 0 1 standing 
9 359 388 450 589 35674 0 0 1 standing 
9 358 388 451 589 35675 0 0 1 standing 
9 357 388 453 589 35676 0 0 0 standing 
9 356 388 447 588 35677 0 0 1 standing 
9 355 388 442 588 35678 0 0 1 standing 
10 390 303 451 476 35659 0 0 0 standing 
10 394 303 455 476 35660 0 0 1 standing 
10 398 303 459 476 35661 0 0 1 standing 
10 402 304 463 477 35662 0 0 0 standing 
10 402 304 462 477 35663 0 0 1 standing 
10 402 304 462 478 35664 0 0 1 standing 
10 402 304 462 479 35665 0 0 1 standing 
10 402 304 462 480 35666 0 0 1 standing 
10 402 304 462 481 35667 0 0 1 standing 
10 402 304 462 482 35668 0 0 1 standing 
10 402 304 462 483 35669 0 0 0 standing 
10 404 305 464 484 35670 0 0 1 standing 
10 406 307 466 486 35671 0 0 1 standing 
10 409 309 469 488 35672 0 0 0 standing 
10 410 309 470 488 35673 0 0 1 standing 
10 411 310 471 489 35674 0 0 1 standing 
10 413 311 473 490 35675 0 0 1 standing 
10 414 311 474 490 35676 0 0 1 standing 
10 416 312 476 491 35677 0 0 1 standing 
10 417 313 477 492 35678 0 0 1 standing 
11 410 273 472 424 35659 0 0 0 standing 
11 410 273 472 423 35660 0 0 1 standing 
11 411 273 472 423 35661 0 0 1 standing 
11 412 273 472 423 35662 0 0 1 standing 
11 413 273 472 423 35663 0 0 1 standing 
11 414 273 472 423 35664 0 0 1 standing 
11 415 273 472 423 35665 0 0 1 standing 
11 416 273 472 423 35666 0 0 1 standing 
11 416 273 472 423 35667 0 0 1 standing 
11 417 273 472 423 35668 0 0 1 standing 
11 418 273 472 423 35669 0 0 1 standing 
11 419 273 472 423 35670 0 0 1 standing 
11 420 273 472 423 35671 0 0 1 standing 
11 421 273 472 423 35672 0 0 1 standing 
11 422 273 472 423 35673 0 0 0 standing 
11 423 274 473 424 35674 0 0 1 standing 
11 424 276 474 426 35675 0 0 1 standing 
11 426 278 476 428 35676 0 0 1 standing 
11 427 279 477 429 35677 0 0 1 standing 
11 429 281 479 431 35678 0 0 1 standing 
