0 790 234 838 349 30325 0 1 0 spiking 
0 788 231 836 339 30326 0 1 1 spiking 
0 787 229 834 329 30327 0 1 1 spiking 
0 786 226 832 319 30328 0 1 1 spiking 
0 785 224 831 309 30329 0 1 0 spiking 
0 784 221 830 311 30330 0 1 1 spiking 
0 783 219 829 314 30331 0 1 1 spiking 
0 782 217 829 317 30332 0 1 1 spiking 
0 781 214 828 320 30333 0 1 1 spiking 
0 780 212 827 323 30334 0 1 1 spiking 
0 780 210 827 326 30335 0 1 0 spiking 
0 780 218 826 326 30336 0 1 1 spiking 
0 780 227 825 326 30337 0 1 1 spiking 
0 780 236 825 326 30338 0 1 0 spiking 
0 781 240 826 330 30339 0 1 1 spiking 
0 783 244 827 335 30340 0 1 1 spiking 
0 784 248 828 339 30341 0 1 1 spiking 
0 786 252 829 344 30342 0 1 1 spiking 
0 787 257 830 348 30343 0 1 1 spiking 
0 789 261 831 353 30344 0 1 1 spiking 
1 609 299 644 402 30325 0 1 0 spiking 
1 614 291 650 399 30326 0 1 1 blocking 
1 619 284 656 396 30327 0 1 1 blocking 
1 624 276 663 393 30328 0 1 1 blocking 
1 629 269 669 390 30329 0 1 1 blocking 
1 635 261 676 387 30330 0 1 1 blocking 
1 640 254 682 384 30331 0 1 1 blocking 
1 645 246 688 381 30332 0 1 1 blocking 
1 650 239 695 378 30333 0 1 1 blocking 
1 655 231 701 375 30334 0 1 1 blocking 
1 661 224 708 372 30335 0 1 0 blocking 
1 666 224 712 370 30336 0 1 1 blocking 
1 671 225 717 369 30337 0 1 1 blocking 
1 676 225 722 367 30338 0 1 1 blocking 
1 681 226 727 366 30339 0 1 1 blocking 
1 686 227 732 364 30340 0 1 1 blocking 
1 691 227 737 363 30341 0 1 1 blocking 
1 696 228 742 361 30342 0 1 1 blocking 
1 701 228 747 360 30343 0 1 1 blocking 
1 706 229 752 358 30344 0 1 1 blocking 
2 593 285 634 380 30325 0 1 0 blocking 
2 599 277 640 375 30326 0 1 1 blocking 
2 605 269 647 371 30327 0 1 1 blocking 
2 611 262 654 366 30328 0 1 1 blocking 
2 618 254 661 362 30329 0 1 1 blocking 
2 624 247 668 358 30330 0 1 1 blocking 
2 630 239 674 353 30331 0 1 1 blocking 
2 637 231 681 349 30332 0 1 1 blocking 
2 643 224 688 344 30333 0 1 1 blocking 
2 649 216 695 340 30334 0 1 1 blocking 
2 656 209 702 336 30335 0 1 0 blocking 
2 662 209 708 336 30336 0 1 1 blocking 
2 668 210 714 337 30337 0 1 1 blocking 
2 674 211 720 338 30338 0 1 1 blocking 
2 680 212 726 339 30339 0 1 1 blocking 
2 686 213 732 340 30340 0 1 1 blocking 
2 692 214 738 341 30341 0 1 1 blocking 
2 698 215 744 342 30342 0 1 1 blocking 
2 704 216 750 343 30343 0 1 1 blocking 
2 710 217 756 344 30344 0 1 1 blocking 
3 675 365 715 488 30325 0 0 0 blocking 
3 678 363 719 487 30326 0 0 1 standing 
3 682 361 724 487 30327 0 0 1 standing 
3 686 359 729 487 30328 0 0 0 standing 
3 691 357 734 484 30329 0 0 1 standing 
3 696 356 739 481 30330 0 0 1 standing 
3 702 355 745 478 30331 0 0 0 standing 
3 706 353 749 474 30332 0 0 1 standing 
3 710 352 753 470 30333 0 0 1 standing 
3 715 351 758 466 30334 0 0 0 standing 
3 718 348 764 460 30335 0 0 1 standing 
3 722 345 770 455 30336 0 0 1 standing 
3 726 343 776 450 30337 0 0 0 standing 
3 731 342 784 449 30338 0 0 1 standing 
3 736 341 792 448 30339 0 0 1 standing 
3 742 341 800 448 30340 0 0 0 standing 
3 748 341 806 448 30341 0 0 1 standing 
3 755 341 813 448 30342 0 0 1 standing 
3 761 341 819 448 30343 0 0 1 standing 
3 768 341 826 448 30344 0 0 1 standing 
4 709 426 759 549 30325 0 0 0 standing 
4 710 424 759 549 30326 0 0 1 moving 
4 712 422 759 549 30327 0 0 1 moving 
4 714 420 759 550 30328 0 0 0 moving 
4 717 417 762 547 30329 0 0 1 moving 
4 720 415 765 545 30330 0 0 1 moving 
4 724 413 769 543 30331 0 0 0 moving 
4 729 411 773 541 30332 0 0 1 moving 
4 734 409 778 539 30333 0 0 1 moving 
4 739 408 783 537 30334 0 0 0 moving 
4 745 405 786 533 30335 0 0 1 moving 
4 751 403 790 530 30336 0 0 1 moving 
4 758 401 794 527 30337 0 0 0 moving 
4 762 399 801 524 30338 0 0 1 moving 
4 766 397 809 521 30339 0 0 1 moving 
4 770 395 817 519 30340 0 0 0 moving 
4 775 394 823 519 30341 0 0 1 moving 
4 780 394 829 519 30342 0 0 1 moving 
4 785 394 835 519 30343 0 0 1 moving 
4 790 394 841 519 30344 0 0 1 moving 
5 746 331 782 435 30325 0 0 0 moving 
5 750 332 788 437 30326 0 0 1 standing 
5 754 333 794 439 30327 0 0 1 standing 
5 759 334 801 441 30328 0 0 0 standing 
5 760 334 806 441 30329 0 0 1 standing 
5 762 335 811 442 30330 0 0 1 standing 
5 764 336 817 443 30331 0 0 0 standing 
5 772 337 822 445 30332 0 0 1 standing 
5 781 338 827 448 30333 0 0 1 standing 
5 790 339 833 451 30334 0 0 0 standing 
5 796 341 839 453 30335 0 0 1 standing 
5 803 344 846 456 30336 0 0 1 standing 
5 810 347 853 459 30337 0 0 0 standing 
5 818 347 861 460 30338 0 0 1 standing 
5 826 347 869 461 30339 0 0 1 standing 
5 835 348 878 462 30340 0 0 0 standing 
5 840 347 885 461 30341 0 0 1 standing 
5 846 346 893 461 30342 0 0 1 standing 
5 852 345 900 460 30343 0 0 1 standing 
5 858 344 908 460 30344 0 0 1 standing 
6 813 318 853 428 30325 0 0 0 standing 
6 817 318 857 428 30326 0 0 1 standing 
6 821 319 862 429 30327 0 0 1 standing 
6 825 320 867 430 30328 0 0 0 standing 
6 829 319 871 430 30329 0 0 1 standing 
6 833 319 875 431 30330 0 0 1 standing 
6 838 319 880 432 30331 0 0 0 standing 
6 843 318 885 431 30332 0 0 1 standing 
6 849 317 891 431 30333 0 0 1 standing 
6 855 316 897 431 30334 0 0 0 standing 
6 862 313 902 426 30335 0 0 1 standing 
6 869 310 907 422 30336 0 0 1 standing 
6 876 307 912 418 30337 0 0 0 standing 
6 882 305 919 415 30338 0 0 1 standing 
6 888 304 926 412 30339 0 0 1 standing 
6 894 303 933 410 30340 0 0 0 standing 
6 899 302 940 409 30341 0 0 1 standing 
6 904 302 948 409 30342 0 0 1 standing 
6 909 302 956 408 30343 0 0 1 standing 
6 914 302 964 408 30344 0 0 1 standing 
7 924 354 984 458 30325 0 0 0 standing 
7 933 353 990 458 30326 0 0 1 standing 
7 942 352 996 459 30327 0 0 1 standing 
7 951 351 1002 460 30328 0 0 0 standing 
7 959 349 1010 458 30329 0 0 1 standing 
7 967 347 1018 456 30330 0 0 1 standing 
7 975 345 1026 454 30331 0 0 0 standing 
7 981 341 1032 449 30332 0 0 1 standing 
7 988 337 1039 444 30333 0 0 1 standing 
7 995 333 1046 440 30334 0 0 0 standing 
7 1002 329 1052 436 30335 0 0 1 standing 
7 1010 326 1058 433 30336 0 0 1 standing 
7 1018 323 1064 430 30337 0 0 0 standing 
7 1023 321 1069 426 30338 0 0 1 standing 
7 1028 320 1075 422 30339 0 0 1 standing 
7 1034 319 1081 418 30340 0 0 0 standing 
7 1040 319 1085 417 30341 0 0 1 standing 
7 1046 319 1090 417 30342 0 0 1 standing 
7 1052 319 1095 416 30343 0 0 1 standing 
7 1058 319 1100 416 30344 0 0 1 standing 
8 304 291 350 379 30325 0 0 0 standing 
8 308 289 354 378 30326 0 0 1 standing 
8 312 287 358 377 30327 0 0 1 standing 
8 317 286 362 377 30328 0 0 0 standing 
8 320 285 366 374 30329 0 0 1 standing 
8 323 284 371 371 30330 0 0 1 standing 
8 326 283 376 369 30331 0 0 0 standing 
8 331 283 381 369 30332 0 0 1 standing 
8 336 283 386 369 30333 0 0 1 standing 
8 342 284 392 370 30334 0 0 0 standing 
8 349 283 397 368 30335 0 0 1 standing 
8 356 282 402 367 30336 0 0 1 standing 
8 364 281 408 366 30337 0 0 0 standing 
8 370 280 414 365 30338 0 0 1 standing 
8 376 280 420 365 30339 0 0 1 standing 
8 383 280 426 365 30340 0 0 0 standing 
8 391 279 432 364 30341 0 0 1 standing 
8 399 278 439 363 30342 0 0 1 standing 
8 407 277 446 362 30343 0 0 1 standing 
8 415 276 453 361 30344 0 0 1 standing 
9 284 395 334 499 30325 0 0 0 standing 
9 287 397 343 500 30326 0 0 1 waiting 
9 290 399 352 502 30327 0 0 1 waiting 
9 294 402 361 504 30328 0 0 0 waiting 
9 298 406 365 504 30329 0 0 1 waiting 
9 302 410 369 504 30330 0 0 1 waiting 
9 307 415 374 504 30331 0 0 0 waiting 
9 313 417 380 504 30332 0 0 1 waiting 
9 320 419 387 504 30333 0 0 1 waiting 
9 327 421 394 505 30334 0 0 0 waiting 
9 333 421 400 504 30335 0 0 1 waiting 
9 339 421 406 504 30336 0 0 1 waiting 
9 346 421 412 504 30337 0 0 0 waiting 
9 353 420 421 503 30338 0 0 1 waiting 
9 360 419 430 502 30339 0 0 1 waiting 
9 367 418 440 501 30340 0 0 0 waiting 
9 373 416 446 500 30341 0 0 1 waiting 
9 380 414 453 500 30342 0 0 1 waiting 
9 387 412 459 499 30343 0 0 1 waiting 
9 394 410 466 499 30344 0 0 1 waiting 
10 562 366 610 483 30325 0 0 0 waiting 
10 564 366 613 483 30326 0 0 1 standing 
10 566 366 616 484 30327 0 0 1 standing 
10 568 366 619 485 30328 0 0 0 standing 
10 569 363 623 483 30329 0 0 1 standing 
10 570 360 627 481 30330 0 0 1 standing 
10 572 358 631 480 30331 0 0 0 standing 
10 577 355 633 476 30332 0 0 1 standing 
10 582 352 636 472 30333 0 0 1 standing 
10 588 350 639 468 30334 0 0 0 standing 
10 594 347 642 461 30335 0 0 1 standing 
10 600 344 645 455 30336 0 0 1 standing 
10 606 342 649 449 30337 0 0 0 standing 
10 607 339 656 445 30338 0 0 1 standing 
10 608 337 663 442 30339 0 0 1 standing 
10 609 335 671 439 30340 0 0 0 standing 
10 614 335 677 438 30341 0 0 1 standing 
10 619 335 683 437 30342 0 0 1 standing 
10 625 336 690 437 30343 0 0 1 standing 
10 630 336 696 436 30344 0 0 1 standing 
11 171 349 213 462 30325 0 0 0 standing 
11 175 350 217 463 30326 0 0 1 waiting 
11 179 352 221 464 30327 0 0 1 waiting 
11 184 354 225 465 30328 0 0 0 waiting 
11 188 352 230 463 30329 0 0 1 waiting 
11 193 351 236 461 30330 0 0 1 waiting 
11 198 350 242 460 30331 0 0 0 waiting 
11 203 347 249 454 30332 0 0 1 waiting 
11 208 345 257 449 30333 0 0 1 waiting 
11 214 343 265 444 30334 0 0 0 waiting 
11 220 341 272 439 30335 0 0 1 waiting 
11 226 340 280 434 30336 0 0 1 waiting 
11 232 339 288 430 30337 0 0 0 waiting 
11 240 339 295 429 30338 0 0 1 waiting 
11 248 339 302 428 30339 0 0 1 waiting 
11 257 340 309 427 30340 0 0 0 waiting 
11 264 338 314 425 30341 0 0 1 waiting 
11 271 337 319 424 30342 0 0 1 waiting 
11 278 336 324 423 30343 0 0 1 waiting 
11 285 335 329 422 30344 0 0 1 waiting 
