0 750 450 851 659 41805 0 1 0 spiking 
0 750 450 848 652 41806 0 1 1 spiking 
0 750 450 845 646 41807 0 1 1 spiking 
0 750 450 843 640 41808 0 1 1 spiking 
0 750 450 840 634 41809 0 1 1 spiking 
0 750 450 838 628 41810 0 1 0 spiking 
0 750 450 836 629 41811 0 1 1 spiking 
0 750 450 834 630 41812 0 1 1 spiking 
0 751 451 832 631 41813 0 1 1 spiking 
0 751 451 830 632 41814 0 1 1 spiking 
0 752 452 829 633 41815 0 1 0 spiking 
0 752 458 829 638 41816 0 1 1 spiking 
0 752 465 829 643 41817 0 1 1 spiking 
0 752 471 829 648 41818 0 1 1 spiking 
0 752 478 829 653 41819 0 1 1 spiking 
0 752 485 829 659 41820 0 1 0 spiking 
0 752 486 829 659 41821 0 1 1 spiking 
0 753 487 829 659 41822 0 1 1 spiking 
0 753 489 830 660 41823 0 1 1 spiking 
0 754 490 830 660 41824 0 1 1 spiking 
1 582 463 636 637 41805 0 1 0 spiking 
1 583 455 638 633 41806 0 1 1 blocking 
1 585 448 641 630 41807 0 1 1 blocking 
1 586 440 644 627 41808 0 1 1 blocking 
1 588 433 646 623 41809 0 1 1 blocking 
1 590 426 649 620 41810 0 1 1 blocking 
1 591 418 652 617 41811 0 1 1 blocking 
1 593 411 654 613 41812 0 1 1 blocking 
1 594 403 657 610 41813 0 1 1 blocking 
1 596 396 660 607 41814 0 1 1 blocking 
1 598 389 663 604 41815 0 1 0 blocking 
1 600 391 664 606 41816 0 1 1 blocking 
1 603 394 665 609 41817 0 1 1 blocking 
1 605 397 666 611 41818 0 1 1 blocking 
1 608 399 667 614 41819 0 1 1 blocking 
1 610 402 668 617 41820 0 1 1 blocking 
1 613 405 669 619 41821 0 1 1 blocking 
1 615 407 670 622 41822 0 1 1 blocking 
1 618 410 671 624 41823 0 1 1 blocking 
1 620 413 672 627 41824 0 1 1 blocking 
2 572 453 639 620 41805 0 1 0 blocking 
2 574 446 641 616 41806 0 1 1 blocking 
2 577 439 644 612 41807 0 1 1 blocking 
2 580 432 647 608 41808 0 1 1 blocking 
2 583 425 649 604 41809 0 1 1 blocking 
2 586 418 652 600 41810 0 1 1 blocking 
2 589 411 655 596 41811 0 1 1 blocking 
2 592 404 657 592 41812 0 1 1 blocking 
2 595 397 660 588 41813 0 1 1 blocking 
2 598 390 663 584 41814 0 1 1 blocking 
2 601 383 666 580 41815 0 1 0 blocking 
2 603 386 668 583 41816 0 1 1 blocking 
2 605 390 670 587 41817 0 1 1 blocking 
2 607 394 672 591 41818 0 1 1 blocking 
2 609 397 674 595 41819 0 1 1 blocking 
2 612 401 677 599 41820 0 1 1 blocking 
2 614 405 679 602 41821 0 1 1 blocking 
2 616 408 681 606 41822 0 1 1 blocking 
2 618 412 683 610 41823 0 1 1 blocking 
2 620 416 685 614 41824 0 1 1 blocking 
3 80 414 151 535 41805 0 0 0 blocking 
3 82 412 153 533 41806 0 0 1 standing 
3 84 411 155 531 41807 0 0 1 standing 
3 87 410 158 530 41808 0 0 0 standing 
3 91 406 161 530 41809 0 0 1 standing 
3 95 403 165 530 41810 0 0 1 standing 
3 99 400 169 530 41811 0 0 0 standing 
3 102 399 172 529 41812 0 0 1 standing 
3 106 398 176 528 41813 0 0 1 standing 
3 110 397 180 528 41814 0 0 0 standing 
3 113 397 183 528 41815 0 0 1 standing 
3 116 397 186 528 41816 0 0 1 standing 
3 119 398 189 529 41817 0 0 0 standing 
3 119 400 195 531 41818 0 0 1 standing 
3 120 402 201 533 41819 0 0 1 standing 
3 121 405 207 535 41820 0 0 0 standing 
3 123 409 209 536 41821 0 0 1 standing 
3 125 413 211 538 41822 0 0 1 standing 
3 128 418 213 540 41823 0 0 0 standing 
3 133 422 216 540 41824 0 0 1 standing 
4 145 510 253 631 41805 0 0 0 standing 
4 149 506 264 626 41806 0 0 1 digging 
4 154 503 275 622 41807 0 0 1 digging 
4 159 500 287 618 41808 0 0 0 digging 
4 179 499 297 619 41809 0 0 1 digging 
4 200 498 307 621 41810 0 0 1 digging 
4 221 497 318 623 41811 0 0 0 digging 
4 227 496 323 625 41812 0 0 1 digging 
4 233 496 329 627 41813 0 0 1 digging 
4 239 496 335 630 41814 0 0 0 digging 
4 253 494 347 627 41815 0 0 1 digging 
4 267 492 359 624 41816 0 0 1 digging 
4 282 491 372 621 41817 0 0 0 digging 
4 290 489 378 623 41818 0 0 1 digging 
4 298 487 385 626 41819 0 0 1 digging 
4 307 486 392 629 41820 0 0 0 digging 
4 314 486 394 628 41821 0 0 1 digging 
4 322 486 397 628 41822 0 0 1 digging 
4 330 486 400 628 41823 0 0 0 digging 
4 333 484 403 628 41824 0 0 1 digging 
5 244 384 357 502 41805 0 0 0 digging 
5 247 384 356 502 41806 0 0 1 digging 
5 250 384 355 502 41807 0 0 1 digging 
5 254 385 355 503 41808 0 0 0 digging 
5 257 385 358 503 41809 0 0 1 digging 
5 261 385 362 503 41810 0 0 1 digging 
5 265 385 366 503 41811 0 0 0 digging 
5 265 385 366 503 41812 0 0 1 digging 
5 266 385 367 503 41813 0 0 1 digging 
5 267 385 368 503 41814 0 0 0 digging 
5 269 384 370 502 41815 0 0 1 digging 
5 271 383 372 501 41816 0 0 1 digging 
5 273 382 374 501 41817 0 0 0 digging 
5 273 384 376 499 41818 0 0 1 digging 
5 273 386 378 497 41819 0 0 1 digging 
5 274 388 381 495 41820 0 0 0 digging 
5 277 389 384 494 41821 0 0 1 digging 
5 280 391 387 494 41822 0 0 1 digging 
5 284 393 391 494 41823 0 0 0 digging 
5 283 394 391 494 41824 0 0 1 digging 
6 425 390 492 507 41805 0 0 0 digging 
6 425 390 486 506 41806 0 0 1 standing 
6 425 390 481 506 41807 0 0 1 standing 
6 425 390 476 506 41808 0 0 0 standing 
6 418 387 475 505 41809 0 0 1 standing 
6 412 385 474 504 41810 0 0 1 standing 
6 406 383 473 504 41811 0 0 0 standing 
6 402 382 472 505 41812 0 0 1 standing 
6 399 381 472 506 41813 0 0 1 standing 
6 396 381 472 508 41814 0 0 0 standing 
6 392 386 473 512 41815 0 0 1 standing 
6 389 391 474 516 41816 0 0 1 standing 
6 386 397 476 520 41817 0 0 0 standing 
6 387 399 476 520 41818 0 0 1 standing 
6 388 401 477 521 41819 0 0 1 standing 
6 390 403 478 522 41820 0 0 0 standing 
6 393 401 481 520 41821 0 0 1 standing 
6 397 400 485 518 41822 0 0 1 standing 
6 401 399 489 517 41823 0 0 0 standing 
6 403 396 491 515 41824 0 0 1 standing 
7 695 386 744 532 41805 0 0 0 standing 
7 697 385 749 531 41806 0 0 1 standing 
7 699 385 755 531 41807 0 0 1 standing 
7 702 385 761 531 41808 0 0 0 standing 
7 704 388 767 531 41809 0 0 1 standing 
7 706 391 773 531 41810 0 0 1 standing 
7 709 395 780 532 41811 0 0 0 standing 
7 712 399 782 532 41812 0 0 1 standing 
7 716 403 785 532 41813 0 0 1 standing 
7 720 407 788 532 41814 0 0 0 standing 
7 722 410 790 532 41815 0 0 1 standing 
7 725 413 792 532 41816 0 0 1 standing 
7 728 417 795 532 41817 0 0 0 standing 
7 730 418 804 535 41818 0 0 1 standing 
7 732 420 813 538 41819 0 0 1 standing 
7 734 422 822 541 41820 0 0 0 standing 
7 738 422 826 541 41821 0 0 1 standing 
7 742 422 830 541 41822 0 0 1 standing 
7 746 422 834 541 41823 0 0 0 standing 
7 748 421 836 541 41824 0 0 1 standing 
8 767 377 843 512 41805 0 0 0 standing 
8 769 376 842 506 41806 0 0 1 standing 
8 771 375 841 500 41807 0 0 1 standing 
8 774 375 841 495 41808 0 0 0 standing 
8 777 375 842 497 41809 0 0 1 standing 
8 781 375 844 499 41810 0 0 1 standing 
8 785 375 846 502 41811 0 0 0 standing 
8 785 373 846 498 41812 0 0 1 standing 
8 785 372 846 494 41813 0 0 1 standing 
8 785 371 846 491 41814 0 0 0 standing 
8 783 372 844 494 41815 0 0 1 standing 
8 782 373 842 498 41816 0 0 1 standing 
8 781 375 841 502 41817 0 0 0 standing 
8 782 374 842 502 41818 0 0 1 standing 
8 783 373 843 502 41819 0 0 1 standing 
8 785 373 845 502 41820 0 0 0 standing 
8 784 375 844 501 41821 0 0 1 standing 
8 784 377 843 501 41822 0 0 1 standing 
8 784 380 843 501 41823 0 0 0 standing 
8 786 377 845 497 41824 0 0 1 standing 
9 874 497 994 630 41805 0 0 0 standing 
9 875 495 991 627 41806 0 0 1 standing 
9 876 494 988 625 41807 0 0 1 standing 
9 878 493 986 623 41808 0 0 0 standing 
9 875 488 970 618 41809 0 0 1 standing 
9 872 483 955 613 41810 0 0 1 standing 
9 870 478 940 608 41811 0 0 0 standing 
9 865 478 932 608 41812 0 0 1 standing 
9 861 478 924 608 41813 0 0 1 standing 
9 857 478 916 609 41814 0 0 0 standing 
9 851 477 909 610 41815 0 0 1 standing 
9 845 477 902 612 41816 0 0 1 standing 
9 839 477 895 614 41817 0 0 0 standing 
9 831 479 894 616 41818 0 0 1 standing 
9 824 482 893 619 41819 0 0 1 standing 
9 817 485 893 622 41820 0 0 0 standing 
9 814 485 892 622 41821 0 0 1 standing 
9 811 485 891 622 41822 0 0 1 standing 
9 809 485 890 622 41823 0 0 0 standing 
9 811 484 892 622 41824 0 0 1 standing 
10 1026 431 1092 564 41805 0 0 0 standing 
10 1026 429 1090 562 41806 0 0 1 standing 
10 1027 427 1088 560 41807 0 0 1 standing 
10 1028 426 1086 559 41808 0 0 0 standing 
10 1027 426 1086 558 41809 0 0 1 standing 
10 1026 426 1086 558 41810 0 0 1 standing 
10 1025 427 1086 558 41811 0 0 0 standing 
10 1020 427 1084 559 41812 0 0 1 standing 
10 1016 427 1083 560 41813 0 0 1 standing 
10 1012 427 1082 562 41814 0 0 0 standing 
10 1011 427 1083 562 41815 0 0 1 standing 
10 1011 427 1084 562 41816 0 0 1 standing 
10 1011 427 1086 562 41817 0 0 0 standing 
10 1012 426 1087 561 41818 0 0 1 standing 
10 1013 426 1089 561 41819 0 0 1 standing 
10 1014 426 1091 561 41820 0 0 0 standing 
10 1016 429 1091 561 41821 0 0 1 standing 
10 1019 432 1091 561 41822 0 0 1 standing 
10 1022 435 1092 562 41823 0 0 0 standing 
10 1025 435 1096 562 41824 0 0 1 standing 
11 1011 396 1079 514 41805 0 0 0 standing 
11 1013 395 1078 513 41806 0 0 1 standing 
11 1015 394 1077 512 41807 0 0 1 standing 
11 1018 393 1077 512 41808 0 0 0 standing 
11 1021 392 1082 511 41809 0 0 1 standing 
11 1024 391 1087 511 41810 0 0 1 standing 
11 1027 390 1092 511 41811 0 0 0 standing 
11 1030 391 1094 512 41812 0 0 1 standing 
11 1034 392 1096 513 41813 0 0 1 standing 
11 1038 393 1098 514 41814 0 0 1 standing 
11 1041 394 1100 515 41815 0 0 1 standing 
11 1045 395 1102 516 41816 0 0 1 standing 
11 1049 396 1105 517 41817 0 0 0 standing 
11 1050 396 1107 517 41818 0 0 1 standing 
11 1051 396 1109 517 41819 0 0 1 standing 
11 1053 397 1111 517 41820 0 0 0 standing 
11 1054 398 1112 518 41821 0 0 1 standing 
11 1056 399 1114 519 41822 0 0 1 standing 
11 1058 401 1116 520 41823 0 0 0 standing 
11 1061 400 1119 520 41824 0 0 1 standing 
