0 760 401 813 559 36320 0 1 0 standing 
0 759 400 814 557 36321 0 1 1 standing 
0 759 399 816 556 36322 0 1 1 standing 
0 759 398 817 555 36323 0 1 1 standing 
0 759 397 819 554 36324 0 1 1 standing 
0 759 396 820 553 36325 0 1 1 standing 
0 758 395 822 551 36326 0 1 1 standing 
0 758 394 823 550 36327 0 1 1 standing 
0 758 393 825 549 36328 0 1 1 standing 
0 758 392 826 548 36329 0 1 1 standing 
0 758 391 828 547 36330 0 1 0 standing 
0 760 388 828 546 36331 0 1 1 standing 
0 762 386 829 545 36332 0 1 1 standing 
0 765 383 829 544 36333 0 1 1 standing 
0 767 381 830 543 36334 0 1 1 standing 
0 770 379 831 542 36335 0 1 1 standing 
0 772 376 831 541 36336 0 1 1 standing 
0 774 374 832 540 36337 0 1 1 standing 
0 777 371 832 539 36338 0 1 1 standing 
0 779 369 833 538 36339 0 1 1 standing 
1 796 439 862 599 36320 0 1 0 standing 
1 796 435 862 595 36321 0 1 1 standing 
1 797 432 863 592 36322 0 1 1 standing 
1 797 428 863 589 36323 0 1 1 standing 
1 798 425 864 585 36324 0 1 1 standing 
1 799 422 865 582 36325 0 1 1 standing 
1 799 418 865 579 36326 0 1 1 standing 
1 800 415 866 575 36327 0 1 1 standing 
1 800 411 866 572 36328 0 1 1 standing 
1 801 408 867 569 36329 0 1 1 standing 
1 802 405 868 566 36330 0 1 0 standing 
1 803 403 869 564 36331 0 1 1 standing 
1 804 401 870 562 36332 0 1 1 standing 
1 805 399 871 561 36333 0 1 1 standing 
1 806 398 872 559 36334 0 1 1 standing 
1 807 396 873 558 36335 0 1 1 standing 
1 808 394 874 556 36336 0 1 1 standing 
1 809 393 875 554 36337 0 1 1 standing 
1 810 391 876 553 36338 0 1 1 standing 
1 811 389 877 551 36339 0 1 1 standing 
2 819 398 868 510 36320 0 1 0 standing 
2 817 395 866 510 36321 0 1 1 standing 
2 815 393 864 511 36322 0 1 1 standing 
2 813 391 862 511 36323 0 1 1 standing 
2 811 389 860 512 36324 0 1 1 standing 
2 810 387 858 513 36325 0 1 1 standing 
2 808 385 856 513 36326 0 1 1 standing 
2 806 383 854 514 36327 0 1 1 standing 
2 804 381 852 514 36328 0 1 1 standing 
2 802 379 850 515 36329 0 1 1 standing 
2 801 377 849 516 36330 0 1 0 standing 
2 801 375 849 515 36331 0 1 1 standing 
2 801 374 849 514 36332 0 1 1 standing 
2 801 373 849 513 36333 0 1 1 standing 
2 801 372 849 512 36334 0 1 1 standing 
2 801 371 849 511 36335 0 1 1 standing 
2 801 370 849 510 36336 0 1 1 standing 
2 801 369 849 509 36337 0 1 1 standing 
2 801 368 849 508 36338 0 1 1 standing 
2 801 367 849 507 36339 0 1 1 standing 
3 830 350 879 476 36320 0 1 0 standing 
3 831 350 880 477 36321 0 1 1 standing 
3 832 351 881 479 36322 0 1 1 standing 
3 834 351 882 480 36323 0 1 1 standing 
3 835 352 883 482 36324 0 1 1 standing 
3 837 353 885 483 36325 0 1 1 standing 
3 838 353 886 485 36326 0 1 1 standing 
3 839 354 887 486 36327 0 1 1 standing 
3 841 354 888 488 36328 0 1 1 standing 
3 842 355 889 489 36329 0 1 1 standing 
3 844 356 891 491 36330 0 1 0 standing 
3 844 356 891 491 36331 0 1 1 standing 
3 844 356 891 491 36332 0 1 1 standing 
3 844 356 891 491 36333 0 1 1 standing 
3 844 356 891 491 36334 0 1 1 standing 
3 844 356 891 491 36335 0 1 1 standing 
3 844 356 891 491 36336 0 1 1 standing 
3 844 356 891 491 36337 0 1 1 standing 
3 844 356 891 491 36338 0 1 1 standing 
3 844 356 891 491 36339 0 1 1 standing 
4 933 419 1015 567 36320 0 1 0 standing 
4 930 417 1009 565 36321 0 1 1 standing 
4 928 415 1003 563 36322 0 1 1 standing 
4 925 413 997 561 36323 0 1 1 standing 
4 923 411 991 559 36324 0 1 1 standing 
4 921 409 986 557 36325 0 1 1 standing 
4 918 407 980 555 36326 0 1 1 standing 
4 916 405 974 553 36327 0 1 1 standing 
4 913 403 968 551 36328 0 1 1 standing 
4 911 401 962 549 36329 0 1 1 standing 
4 909 400 957 548 36330 0 1 0 standing 
4 906 399 954 547 36331 0 1 1 standing 
4 904 398 952 546 36332 0 1 1 standing 
4 901 397 949 545 36333 0 1 1 standing 
4 899 396 947 544 36334 0 1 1 standing 
4 897 395 945 543 36335 0 1 1 standing 
4 894 394 942 542 36336 0 1 1 standing 
4 892 393 940 541 36337 0 1 1 standing 
4 889 392 937 540 36338 0 1 1 standing 
4 887 391 935 539 36339 0 1 1 standing 
5 939 378 993 518 36320 0 1 0 standing 
5 936 377 990 517 36321 0 1 1 standing 
5 933 377 987 517 36322 0 1 1 standing 
5 930 376 984 516 36323 0 1 1 standing 
5 927 376 981 516 36324 0 1 1 standing 
5 924 375 978 515 36325 0 1 1 standing 
5 921 375 975 515 36326 0 1 1 standing 
5 918 374 972 514 36327 0 1 1 standing 
5 915 374 969 514 36328 0 1 1 standing 
5 912 373 966 513 36329 0 1 1 standing 
5 910 373 964 513 36330 0 1 0 standing 
5 907 371 961 513 36331 0 1 1 standing 
5 904 370 958 513 36332 0 1 1 standing 
5 901 368 955 513 36333 0 1 1 standing 
5 899 367 952 513 36334 0 1 1 standing 
5 896 366 950 513 36335 0 1 1 standing 
5 893 364 947 513 36336 0 1 1 standing 
5 891 363 944 513 36337 0 1 1 standing 
5 888 361 941 513 36338 0 1 1 standing 
5 885 360 938 513 36339 0 1 1 standing 
6 245 380 299 513 36320 0 0 0 standing 
6 244 379 300 513 36321 0 0 1 standing 
6 244 378 301 513 36322 0 0 1 standing 
6 244 378 302 513 36323 0 0 1 standing 
6 244 377 303 514 36324 0 0 1 standing 
6 244 377 304 514 36325 0 0 1 standing 
6 243 376 305 514 36326 0 0 1 standing 
6 243 375 306 515 36327 0 0 1 standing 
6 243 375 307 515 36328 0 0 1 standing 
6 243 374 308 515 36329 0 0 1 standing 
6 243 374 310 516 36330 0 0 0 standing 
6 243 374 310 516 36331 0 0 1 standing 
6 243 374 310 516 36332 0 0 1 standing 
6 243 374 310 516 36333 0 0 1 standing 
6 243 374 310 516 36334 0 0 1 standing 
6 243 374 310 516 36335 0 0 1 standing 
6 243 374 310 516 36336 0 0 1 standing 
6 243 374 310 516 36337 0 0 1 standing 
6 243 374 310 516 36338 0 0 1 standing 
6 243 374 310 516 36339 0 0 1 standing 
7 335 429 392 581 36320 0 0 0 standing 
7 335 427 391 579 36321 0 0 1 standing 
7 335 426 391 577 36322 0 0 1 standing 
7 335 425 391 576 36323 0 0 1 standing 
7 336 423 391 574 36324 0 0 1 standing 
7 336 422 391 573 36325 0 0 1 standing 
7 336 421 391 571 36326 0 0 1 standing 
7 337 419 391 569 36327 0 0 1 standing 
7 337 418 391 568 36328 0 0 1 standing 
7 337 417 391 566 36329 0 0 1 standing 
7 338 416 391 565 36330 0 0 0 standing 
7 338 414 391 563 36331 0 0 1 standing 
7 338 412 391 561 36332 0 0 1 standing 
7 338 410 391 559 36333 0 0 1 standing 
7 338 408 391 557 36334 0 0 1 standing 
7 338 406 391 555 36335 0 0 1 standing 
7 338 404 391 553 36336 0 0 1 standing 
7 338 402 391 551 36337 0 0 1 standing 
7 338 400 391 549 36338 0 0 1 standing 
7 338 398 391 547 36339 0 0 1 standing 
8 367 410 421 524 36320 0 0 0 standing 
8 365 406 419 523 36321 0 0 1 standing 
8 364 402 418 522 36322 0 0 1 standing 
8 363 398 417 521 36323 0 0 1 standing 
8 362 395 415 520 36324 0 0 1 standing 
8 361 391 414 519 36325 0 0 1 standing 
8 359 387 413 518 36326 0 0 1 standing 
8 358 384 411 517 36327 0 0 1 standing 
8 357 380 410 516 36328 0 0 1 standing 
8 356 376 409 515 36329 0 0 1 standing 
8 355 373 408 515 36330 0 0 0 standing 
8 354 373 409 514 36331 0 0 1 standing 
8 354 373 411 514 36332 0 0 1 standing 
8 354 373 413 514 36333 0 0 1 standing 
8 354 373 414 514 36334 0 0 1 standing 
8 354 373 416 514 36335 0 0 1 standing 
8 354 373 418 514 36336 0 0 1 standing 
8 354 373 419 514 36337 0 0 1 standing 
8 354 373 421 514 36338 0 0 1 standing 
8 354 373 423 514 36339 0 0 1 standing 
9 573 355 633 487 36320 0 0 0 standing 
9 566 354 626 486 36321 0 0 1 standing 
9 559 354 619 486 36322 0 0 1 standing 
9 552 354 612 485 36323 0 0 1 standing 
9 545 353 605 485 36324 0 0 1 standing 
9 539 353 599 485 36325 0 0 1 standing 
9 532 353 592 484 36326 0 0 1 standing 
9 525 352 585 484 36327 0 0 1 standing 
9 518 352 578 483 36328 0 0 1 standing 
9 511 352 571 483 36329 0 0 1 standing 
9 505 352 565 483 36330 0 0 0 standing 
9 500 351 560 483 36331 0 0 1 standing 
9 495 351 555 484 36332 0 0 1 standing 
9 490 351 550 485 36333 0 0 1 standing 
9 485 350 545 486 36334 0 0 1 standing 
9 480 350 540 487 36335 0 0 1 standing 
9 475 350 535 488 36336 0 0 1 standing 
9 470 349 530 489 36337 0 0 1 standing 
9 465 349 525 490 36338 0 0 1 standing 
9 460 349 520 491 36339 0 0 1 standing 
10 631 378 695 517 36320 0 0 0 standing 
10 624 376 688 516 36321 0 0 1 standing 
10 618 375 681 516 36322 0 0 1 standing 
10 612 374 674 516 36323 0 0 1 standing 
10 606 373 668 515 36324 0 0 1 standing 
10 600 372 661 515 36325 0 0 1 standing 
10 594 371 654 515 36326 0 0 1 standing 
10 588 370 648 514 36327 0 0 1 standing 
10 582 369 641 514 36328 0 0 1 standing 
10 576 368 634 514 36329 0 0 1 standing 
10 570 367 628 514 36330 0 0 0 standing 
10 562 367 622 513 36331 0 0 1 standing 
10 555 367 617 513 36332 0 0 1 standing 
10 547 367 612 513 36333 0 0 1 standing 
10 540 367 607 513 36334 0 0 1 standing 
10 533 367 602 513 36335 0 0 1 standing 
10 525 367 597 512 36336 0 0 1 standing 
10 518 367 592 512 36337 0 0 1 standing 
10 510 367 587 512 36338 0 0 1 standing 
10 503 367 582 512 36339 0 0 1 standing 
11 485 425 579 587 36320 0 0 0 standing 
11 481 423 575 585 36321 0 0 1 standing 
11 477 422 571 584 36322 0 0 1 standing 
11 473 420 567 582 36323 0 0 1 standing 
11 469 419 563 581 36324 0 0 1 standing 
11 465 418 559 580 36325 0 0 1 standing 
11 461 416 555 578 36326 0 0 1 standing 
11 457 415 551 577 36327 0 0 1 standing 
11 453 413 547 575 36328 0 0 1 standing 
11 449 412 543 574 36329 0 0 1 standing 
11 446 411 540 573 36330 0 0 0 standing 
11 442 409 536 571 36331 0 0 1 standing 
11 438 407 532 569 36332 0 0 1 standing 
11 434 405 528 567 36333 0 0 1 standing 
11 430 403 524 565 36334 0 0 1 standing 
11 427 401 521 563 36335 0 0 1 standing 
11 423 399 517 561 36336 0 0 1 standing 
11 419 397 513 559 36337 0 0 1 standing 
11 415 395 509 557 36338 0 0 1 standing 
11 411 393 505 555 36339 0 0 1 standing 
