0 779 325 833 423 31745 0 1 0 standing 
0 785 325 835 422 31746 0 1 1 standing 
0 791 325 838 422 31747 0 1 1 standing 
0 797 325 840 422 31748 0 1 1 standing 
0 803 325 843 422 31749 0 1 1 standing 
0 809 325 845 422 31750 0 1 1 standing 
0 815 325 848 422 31751 0 1 0 standing 
0 818 325 852 422 31752 0 1 1 standing 
0 822 325 857 422 31753 0 1 1 standing 
0 826 325 861 422 31754 0 1 1 standing 
0 829 325 866 422 31755 0 1 1 standing 
0 833 325 870 422 31756 0 1 1 standing 
0 837 325 875 422 31757 0 1 1 standing 
0 841 325 880 423 31758 1 1 0 standing 
0 841 325 880 423 31759 1 1 1 standing 
0 841 325 880 423 31760 1 1 1 standing 
0 841 325 880 423 31761 1 1 1 standing 
0 841 325 880 423 31762 1 1 1 standing 
0 841 325 880 423 31763 1 1 1 standing 
0 841 325 880 423 31764 1 1 1 standing 
1 740 361 795 467 31745 0 1 0 standing 
1 740 360 793 467 31746 0 1 1 standing 
1 741 360 792 467 31747 0 1 1 standing 
1 742 360 791 468 31748 0 1 1 standing 
1 742 360 790 468 31749 0 1 1 standing 
1 743 360 789 469 31750 0 1 1 standing 
1 744 360 787 469 31751 0 1 1 standing 
1 744 360 786 469 31752 0 1 1 standing 
1 745 360 785 470 31753 0 1 1 standing 
1 746 360 784 470 31754 0 1 1 standing 
1 747 360 783 471 31755 0 1 0 standing 
1 748 360 782 471 31756 0 1 1 standing 
1 749 360 781 471 31757 0 1 1 standing 
1 751 361 781 471 31758 1 1 0 standing 
1 751 361 781 471 31759 1 1 1 standing 
1 751 361 781 471 31760 1 1 1 standing 
1 751 361 781 471 31761 1 1 1 standing 
1 751 361 781 471 31762 1 1 1 standing 
1 751 361 781 471 31763 1 1 1 standing 
1 751 361 781 471 31764 1 1 1 standing 
2 704 340 734 440 31745 0 1 0 standing 
2 705 340 734 442 31746 0 1 1 standing 
2 707 340 735 445 31747 0 1 1 standing 
2 708 340 736 448 31748 0 1 1 standing 
2 710 340 737 451 31749 0 1 0 standing 
2 711 341 739 452 31750 0 1 1 standing 
2 713 343 741 453 31751 0 1 1 standing 
2 715 345 743 454 31752 0 1 1 standing 
2 716 346 745 455 31753 0 1 1 standing 
2 718 348 747 456 31754 0 1 1 standing 
2 720 350 749 457 31755 0 1 0 standing 
2 722 350 751 457 31756 0 1 1 standing 
2 724 350 753 457 31757 0 1 1 standing 
2 727 350 756 457 31758 1 1 0 standing 
2 727 350 756 457 31759 1 1 1 standing 
2 727 350 756 457 31760 1 1 1 standing 
2 727 350 756 457 31761 1 1 1 standing 
2 727 350 756 457 31762 1 1 1 standing 
2 727 350 756 457 31763 1 1 1 standing 
2 727 350 756 457 31764 1 1 1 standing 
3 661 362 692 481 31745 0 1 0 standing 
3 663 361 694 479 31746 0 1 1 standing 
3 665 361 697 478 31747 0 1 1 standing 
3 667 361 699 477 31748 0 1 1 standing 
3 669 361 702 476 31749 0 1 1 standing 
3 671 361 705 475 31750 0 1 1 standing 
3 673 360 707 473 31751 0 1 1 standing 
3 675 360 710 472 31752 0 1 1 standing 
3 677 360 712 471 31753 0 1 1 standing 
3 679 360 715 470 31754 0 1 1 standing 
3 681 360 718 469 31755 0 1 0 standing 
3 684 361 721 470 31756 0 1 1 standing 
3 687 363 724 472 31757 0 1 1 standing 
3 690 365 727 474 31758 1 1 0 standing 
3 690 365 727 474 31759 1 1 1 standing 
3 690 365 727 474 31760 1 1 1 standing 
3 690 365 727 474 31761 1 1 1 standing 
3 690 365 727 474 31762 1 1 1 standing 
3 690 365 727 474 31763 1 1 1 standing 
3 690 365 727 474 31764 1 1 1 standing 
4 744 396 798 502 31745 0 1 0 standing 
4 743 395 796 501 31746 0 1 1 standing 
4 743 395 794 501 31747 0 1 1 standing 
4 743 394 792 501 31748 0 1 1 standing 
4 742 394 791 500 31749 0 1 1 standing 
4 742 393 789 500 31750 0 1 1 standing 
4 742 393 787 500 31751 0 1 1 standing 
4 741 392 786 499 31752 0 1 1 standing 
4 741 392 784 499 31753 0 1 1 standing 
4 741 391 782 499 31754 0 1 1 standing 
4 741 391 781 499 31755 0 1 0 standing 
4 740 389 780 498 31756 0 1 1 standing 
4 740 387 779 498 31757 0 1 1 standing 
4 740 386 779 498 31758 1 1 0 standing 
4 740 386 779 498 31759 1 1 1 standing 
4 740 387 779 498 31760 1 1 1 standing 
4 740 387 779 498 31761 1 1 1 standing 
4 740 388 779 498 31762 1 1 1 standing 
4 740 388 780 498 31763 1 1 1 standing 
4 740 389 780 498 31764 1 1 1 standing 
5 630 388 684 507 31745 0 1 0 standing 
5 636 386 689 505 31746 0 1 1 standing 
5 642 384 694 504 31747 0 1 1 standing 
5 649 383 699 502 31748 0 1 1 standing 
5 655 381 704 501 31749 0 1 1 standing 
5 662 380 710 500 31750 0 1 0 standing 
5 664 380 710 501 31751 0 1 1 standing 
5 666 380 710 502 31752 0 1 1 standing 
5 669 380 711 503 31753 0 1 1 standing 
5 671 380 711 504 31754 0 1 1 standing 
5 674 380 712 505 31755 0 1 0 standing 
5 679 378 717 503 31756 0 1 1 standing 
5 684 376 722 502 31757 0 1 1 standing 
5 690 375 728 501 31758 1 1 0 standing 
5 690 375 728 501 31759 1 1 1 standing 
5 690 375 728 501 31760 1 1 1 standing 
5 690 375 728 501 31761 1 1 1 standing 
5 690 375 728 501 31762 1 1 1 standing 
5 690 375 728 501 31763 1 1 1 standing 
5 690 375 728 501 31764 1 1 1 standing 
6 225 425 286 528 31745 0 0 0 standing 
6 224 425 287 527 31746 0 0 1 standing 
6 223 425 288 526 31747 0 0 1 standing 
6 223 425 290 526 31748 0 0 0 standing 
6 222 425 285 526 31749 0 0 1 standing 
6 222 425 281 526 31750 0 0 1 standing 
6 221 425 276 526 31751 0 0 1 standing 
6 221 425 272 527 31752 0 0 0 standing 
6 220 423 267 526 31753 0 0 1 standing 
6 219 421 263 525 31754 0 0 1 standing 
6 219 420 259 525 31755 0 0 0 standing 
6 218 421 261 525 31756 0 0 1 standing 
6 218 422 263 525 31757 0 0 1 standing 
6 218 423 265 526 31758 1 0 0 standing 
6 218 423 265 526 31759 1 0 1 standing 
6 218 423 265 526 31760 1 0 1 standing 
6 218 423 265 526 31761 1 0 1 standing 
6 218 423 265 526 31762 1 0 1 standing 
6 218 423 265 526 31763 1 0 1 standing 
6 218 423 265 526 31764 1 0 1 standing 
7 309 400 364 510 31745 0 0 0 standing 
7 314 399 366 508 31746 0 0 1 standing 
7 320 398 369 507 31747 0 0 1 standing 
7 325 398 371 506 31748 0 0 1 standing 
7 331 397 374 505 31749 0 0 1 standing 
7 337 397 377 504 31750 0 0 0 standing 
7 340 397 382 504 31751 0 0 1 standing 
7 344 397 388 505 31752 0 0 1 standing 
7 347 398 393 506 31753 0 0 1 standing 
7 351 398 399 507 31754 0 0 1 standing 
7 355 399 405 508 31755 0 0 0 standing 
7 358 399 408 508 31756 0 0 1 standing 
7 361 399 411 508 31757 0 0 1 standing 
7 364 399 414 508 31758 1 0 0 standing 
7 364 399 414 508 31759 1 0 1 standing 
7 364 399 414 508 31760 1 0 1 standing 
7 364 399 414 508 31761 1 0 1 standing 
7 364 399 414 508 31762 1 0 1 standing 
7 364 399 414 508 31763 1 0 1 standing 
7 364 399 414 508 31764 1 0 1 standing 
8 376 358 429 470 31745 0 0 0 standing 
8 377 357 429 469 31746 0 0 1 standing 
8 378 357 429 469 31747 0 0 1 standing 
8 379 357 429 469 31748 0 0 1 standing 
8 381 357 429 469 31749 0 0 1 standing 
8 382 357 429 469 31750 0 0 1 standing 
8 383 357 429 468 31751 0 0 1 standing 
8 385 357 429 468 31752 0 0 1 standing 
8 386 357 429 468 31753 0 0 1 standing 
8 387 357 429 468 31754 0 0 1 standing 
8 389 357 429 468 31755 0 0 0 standing 
8 388 356 428 467 31756 0 0 1 standing 
8 387 356 427 467 31757 0 0 1 standing 
8 386 356 426 467 31758 1 0 0 standing 
8 386 356 426 467 31759 1 0 1 standing 
8 386 356 426 467 31760 1 0 1 standing 
8 386 356 426 467 31761 1 0 1 standing 
8 386 356 426 467 31762 1 0 1 standing 
8 386 356 426 467 31763 1 0 1 standing 
8 386 356 426 467 31764 1 0 1 standing 
9 391 430 433 556 31745 0 0 0 standing 
9 391 429 433 555 31746 0 0 1 standing 
9 392 428 434 554 31747 0 0 1 standing 
9 392 427 434 553 31748 0 0 1 standing 
9 393 426 435 552 31749 0 0 1 standing 
9 393 425 435 552 31750 0 0 1 standing 
9 394 424 436 551 31751 0 0 1 standing 
9 394 423 436 550 31752 0 0 1 standing 
9 395 422 437 549 31753 0 0 1 standing 
9 395 421 437 548 31754 0 0 1 standing 
9 396 421 438 548 31755 0 0 0 standing 
9 395 419 435 544 31756 0 0 1 standing 
9 395 417 433 540 31757 0 0 1 standing 
9 395 416 431 537 31758 1 0 0 standing 
9 395 415 430 537 31759 1 0 1 standing 
9 395 415 430 537 31760 1 0 1 standing 
9 395 414 430 537 31761 1 0 1 standing 
9 395 414 430 538 31762 1 0 1 standing 
9 395 414 430 538 31763 1 0 1 standing 
9 395 413 430 538 31764 1 0 1 standing 
10 463 338 508 444 31745 0 0 0 standing 
10 464 338 508 444 31746 0 0 1 standing 
10 465 338 509 445 31747 0 0 1 standing 
10 466 339 509 446 31748 0 0 1 standing 
10 467 339 510 446 31749 0 0 1 standing 
10 468 340 511 447 31750 0 0 1 standing 
10 469 340 511 448 31751 0 0 1 standing 
10 470 340 512 448 31752 0 0 1 standing 
10 471 341 512 449 31753 0 0 1 standing 
10 472 341 513 450 31754 0 0 1 standing 
10 473 342 514 451 31755 0 0 0 standing 
10 473 343 514 452 31756 0 0 1 standing 
10 473 344 514 453 31757 0 0 1 standing 
10 474 346 515 455 31758 1 0 0 standing 
10 474 346 515 455 31759 1 0 1 standing 
10 474 346 515 455 31760 1 0 1 standing 
10 474 346 515 455 31761 1 0 1 standing 
10 474 346 515 455 31762 1 0 1 standing 
10 474 346 515 455 31763 1 0 1 standing 
10 474 346 515 455 31764 1 0 1 standing 
11 234 330 272 436 31745 0 0 0 standing 
11 233 330 272 436 31746 0 0 1 standing 
11 232 331 272 437 31747 0 0 1 standing 
11 231 331 273 437 31748 0 0 1 standing 
11 230 332 273 438 31749 0 0 1 standing 
11 230 332 274 439 31750 0 0 1 standing 
11 229 333 274 439 31751 0 0 1 standing 
11 228 333 274 440 31752 0 0 1 standing 
11 227 334 275 440 31753 0 0 1 standing 
11 226 334 275 441 31754 0 0 1 standing 
11 226 335 276 442 31755 0 0 0 standing 
11 225 335 274 442 31756 0 0 1 standing 
11 224 335 272 442 31757 0 0 1 standing 
11 223 335 270 442 31758 1 0 0 standing 
11 223 335 270 442 31759 1 0 1 standing 
11 223 335 270 442 31760 1 0 1 standing 
11 223 335 270 442 31761 1 0 1 standing 
11 223 335 270 442 31762 1 0 1 standing 
11 223 335 270 442 31763 1 0 1 standing 
11 223 335 270 442 31764 1 0 1 standing 
