0 413 337 453 431 40955 0 1 0 standing 
0 414 336 453 430 40956 0 1 1 standing 
0 416 336 454 429 40957 0 1 1 standing 
0 418 335 454 429 40958 0 1 1 standing 
0 420 335 455 428 40959 0 1 1 standing 
0 422 334 455 428 40960 0 1 1 standing 
0 423 334 456 427 40961 0 1 1 standing 
0 425 333 456 426 40962 0 1 1 standing 
0 427 333 457 426 40963 0 1 1 standing 
0 429 332 457 425 40964 0 1 1 standing 
0 431 332 458 425 40965 0 1 0 standing 
0 431 332 458 425 40966 0 1 1 standing 
0 432 332 459 425 40967 0 1 1 standing 
0 432 332 459 425 40968 0 1 1 standing 
0 433 332 460 425 40969 0 1 1 standing 
0 433 333 460 425 40970 0 1 1 standing 
0 434 333 461 425 40971 0 1 1 standing 
0 434 333 461 425 40972 0 1 1 standing 
0 435 333 462 425 40973 0 1 1 standing 
0 435 333 462 425 40974 0 1 1 standing 
1 439 370 484 481 40955 0 1 0 standing 
1 440 369 484 480 40956 0 1 1 standing 
1 441 368 485 479 40957 0 1 1 standing 
1 442 367 486 478 40958 0 1 1 standing 
1 443 366 487 477 40959 0 1 1 standing 
1 444 365 488 476 40960 0 1 1 standing 
1 445 364 489 475 40961 0 1 1 standing 
1 446 363 490 474 40962 0 1 1 standing 
1 447 362 491 473 40963 0 1 1 standing 
1 448 361 492 472 40964 0 1 1 standing 
1 450 360 493 471 40965 0 1 0 standing 
1 450 359 493 469 40966 0 1 1 standing 
1 451 358 493 467 40967 0 1 1 standing 
1 451 357 493 465 40968 0 1 1 standing 
1 452 356 493 464 40969 0 1 1 standing 
1 453 356 493 462 40970 0 1 1 standing 
1 453 355 493 460 40971 0 1 1 standing 
1 454 354 493 459 40972 0 1 1 standing 
1 454 353 493 457 40973 0 1 1 standing 
1 455 352 493 455 40974 0 1 1 standing 
2 442 345 484 427 40955 0 1 0 standing 
2 444 344 485 426 40956 0 1 1 standing 
2 447 344 487 426 40957 0 1 1 standing 
2 450 344 488 426 40958 0 1 1 standing 
2 452 343 490 425 40959 0 1 1 standing 
2 455 343 491 425 40960 0 1 1 standing 
2 458 343 493 425 40961 0 1 1 standing 
2 460 342 494 424 40962 0 1 1 standing 
2 463 342 496 424 40963 0 1 1 standing 
2 466 342 497 424 40964 0 1 1 standing 
2 469 342 499 424 40965 0 1 0 standing 
2 470 341 500 423 40966 0 1 1 standing 
2 471 341 501 423 40967 0 1 1 standing 
2 472 341 502 423 40968 0 1 1 standing 
2 473 341 503 423 40969 0 1 1 standing 
2 475 341 505 423 40970 0 1 0 standing 
2 475 341 505 423 40971 0 1 1 standing 
2 475 341 505 423 40972 0 1 1 standing 
2 475 341 505 423 40973 0 1 1 standing 
2 475 341 505 423 40974 0 1 1 standing 
3 453 321 485 405 40955 0 1 0 standing 
3 453 321 485 405 40956 0 1 1 standing 
3 454 321 486 405 40957 0 1 1 standing 
3 454 321 486 405 40958 0 1 1 standing 
3 455 321 487 405 40959 0 1 1 standing 
3 455 322 487 406 40960 0 1 1 standing 
3 456 322 488 406 40961 0 1 1 standing 
3 456 322 488 406 40962 0 1 1 standing 
3 457 322 489 406 40963 0 1 1 standing 
3 457 322 489 406 40964 0 1 1 standing 
3 458 323 490 407 40965 0 1 0 standing 
3 458 323 490 407 40966 0 1 1 standing 
3 458 323 490 407 40967 0 1 1 standing 
3 458 323 490 407 40968 0 1 1 standing 
3 458 323 490 407 40969 0 1 1 standing 
3 458 323 490 407 40970 0 1 1 standing 
3 458 323 490 407 40971 0 1 1 standing 
3 458 323 490 407 40972 0 1 1 standing 
3 458 323 490 407 40973 0 1 1 standing 
3 458 323 490 407 40974 0 1 1 standing 
4 481 326 519 413 40955 0 1 0 standing 
4 481 326 519 413 40956 0 1 1 standing 
4 481 326 520 413 40957 0 1 1 standing 
4 481 326 520 413 40958 0 1 1 standing 
4 481 326 521 413 40959 0 1 1 standing 
4 482 327 521 413 40960 0 1 1 standing 
4 482 327 522 413 40961 0 1 1 standing 
4 482 327 522 413 40962 0 1 1 standing 
4 482 327 523 413 40963 0 1 1 standing 
4 482 327 523 413 40964 0 1 1 standing 
4 483 328 524 414 40965 0 1 0 standing 
4 483 328 524 414 40966 0 1 1 standing 
4 483 329 524 415 40967 0 1 1 standing 
4 483 330 524 416 40968 0 1 1 standing 
4 483 331 524 417 40969 0 1 1 standing 
4 483 332 524 418 40970 0 1 1 standing 
4 483 333 524 419 40971 0 1 1 standing 
4 483 334 524 420 40972 0 1 1 standing 
4 483 335 524 421 40973 0 1 1 standing 
4 483 336 524 422 40974 0 1 1 standing 
5 481 383 524 497 40955 0 1 0 standing 
5 481 381 524 495 40956 0 1 1 standing 
5 481 379 524 493 40957 0 1 1 standing 
5 481 377 524 491 40958 0 1 1 standing 
5 481 375 524 489 40959 0 1 1 standing 
5 482 373 525 488 40960 0 1 1 standing 
5 482 371 525 486 40961 0 1 1 standing 
5 482 369 525 484 40962 0 1 1 standing 
5 482 367 525 482 40963 0 1 1 standing 
5 482 365 525 480 40964 0 1 1 standing 
5 483 364 526 479 40965 0 1 0 standing 
5 483 362 526 477 40966 0 1 1 standing 
5 483 361 526 476 40967 0 1 1 standing 
5 483 360 526 474 40968 0 1 1 standing 
5 483 359 526 473 40969 0 1 1 standing 
5 483 358 526 471 40970 0 1 1 standing 
5 483 356 526 470 40971 0 1 1 standing 
5 483 355 526 468 40972 0 1 1 standing 
5 483 354 526 467 40973 0 1 1 standing 
5 483 353 526 465 40974 0 1 1 standing 
6 897 356 933 463 40955 0 0 0 standing 
6 899 355 934 462 40956 0 0 1 standing 
6 901 355 935 461 40957 0 0 1 standing 
6 903 355 936 461 40958 0 0 0 standing 
6 904 355 937 461 40959 0 0 1 standing 
6 905 356 939 461 40960 0 0 1 standing 
6 907 357 941 461 40961 0 0 0 standing 
6 909 356 941 461 40962 0 0 1 standing 
6 911 356 941 461 40963 0 0 1 standing 
6 913 356 942 461 40964 0 0 0 standing 
6 913 356 942 461 40965 0 0 1 standing 
6 914 356 943 461 40966 0 0 1 standing 
6 914 356 943 461 40967 0 0 1 standing 
6 915 356 944 461 40968 0 0 1 standing 
6 915 356 944 461 40969 0 0 1 standing 
6 916 357 945 462 40970 0 0 0 standing 
6 916 357 945 462 40971 0 0 1 standing 
6 916 357 945 462 40972 0 0 1 standing 
6 916 357 945 462 40973 0 0 1 standing 
6 916 357 945 462 40974 0 0 1 standing 
7 768 353 810 450 40955 0 0 0 standing 
7 768 352 808 449 40956 0 0 1 standing 
7 768 352 806 448 40957 0 0 1 standing 
7 768 352 805 448 40958 0 0 0 standing 
7 769 352 806 448 40959 0 0 1 standing 
7 770 353 807 449 40960 0 0 1 standing 
7 771 354 808 450 40961 0 0 0 standing 
7 771 353 808 449 40962 0 0 1 standing 
7 772 352 808 448 40963 0 0 1 standing 
7 773 352 808 448 40964 0 0 0 standing 
7 773 348 809 447 40965 0 0 1 standing 
7 773 344 810 447 40966 0 0 1 standing 
7 774 341 812 447 40967 0 0 0 standing 
7 771 337 810 445 40968 0 0 1 standing 
7 768 333 809 443 40969 0 0 1 standing 
7 765 330 808 442 40970 0 0 0 standing 
7 765 332 807 441 40971 0 0 1 standing 
7 765 335 807 440 40972 0 0 1 standing 
7 765 337 806 439 40973 0 0 1 standing 
7 765 340 806 438 40974 0 0 1 standing 
8 655 403 713 507 40955 0 0 0 standing 
8 656 403 714 507 40956 0 0 1 standing 
8 658 403 716 507 40957 0 0 1 standing 
8 660 403 718 507 40958 0 0 0 standing 
8 661 402 719 506 40959 0 0 1 standing 
8 662 402 720 505 40960 0 0 1 standing 
8 664 402 721 505 40961 0 0 0 standing 
8 666 401 723 505 40962 0 0 1 standing 
8 668 401 725 505 40963 0 0 1 standing 
8 671 401 727 505 40964 0 0 0 standing 
8 671 400 729 504 40965 0 0 1 standing 
8 671 399 731 503 40966 0 0 1 standing 
8 671 398 733 502 40967 0 0 0 standing 
8 672 397 731 502 40968 0 0 1 standing 
8 673 396 730 502 40969 0 0 1 standing 
8 675 396 729 503 40970 0 0 0 standing 
8 674 394 727 502 40971 0 0 1 standing 
8 674 393 726 501 40972 0 0 1 standing 
8 674 392 724 500 40973 0 0 1 standing 
8 674 391 723 499 40974 0 0 1 standing 
9 716 295 753 382 40955 0 0 0 standing 
9 717 294 754 381 40956 0 0 1 standing 
9 718 293 755 380 40957 0 0 1 standing 
9 720 293 757 380 40958 0 0 0 standing 
9 722 292 758 380 40959 0 0 1 standing 
9 724 291 759 380 40960 0 0 1 standing 
9 727 291 761 381 40961 0 0 0 standing 
9 728 291 762 381 40962 0 0 1 standing 
9 729 291 763 381 40963 0 0 1 standing 
9 731 291 765 381 40964 0 0 0 standing 
9 730 290 766 380 40965 0 0 1 standing 
9 730 289 767 379 40966 0 0 1 standing 
9 730 289 769 378 40967 0 0 0 standing 
9 729 288 768 377 40968 0 0 1 standing 
9 728 287 767 377 40969 0 0 1 standing 
9 728 286 766 377 40970 0 0 1 standing 
9 727 285 765 377 40971 0 0 1 standing 
9 726 284 764 377 40972 0 0 1 standing 
9 726 283 764 377 40973 0 0 0 standing 
9 726 283 764 377 40974 0 0 1 standing 
10 595 308 627 411 40955 0 0 0 standing 
10 594 307 630 408 40956 0 0 1 standing 
10 593 306 633 405 40957 0 0 1 standing 
10 593 305 636 403 40958 0 0 0 standing 
10 595 304 637 401 40959 0 0 1 standing 
10 598 304 638 400 40960 0 0 1 standing 
10 601 304 639 399 40961 0 0 0 standing 
10 602 303 640 398 40962 0 0 1 standing 
10 603 303 641 398 40963 0 0 1 standing 
10 605 303 643 398 40964 0 0 0 standing 
10 603 302 641 397 40965 0 0 1 standing 
10 602 302 640 397 40966 0 0 1 standing 
10 601 302 639 397 40967 0 0 0 standing 
10 600 301 638 396 40968 0 0 1 standing 
10 600 301 638 395 40969 0 0 1 standing 
10 600 300 638 394 40970 0 0 1 standing 
10 600 300 638 393 40971 0 0 1 standing 
10 600 299 637 392 40972 0 0 1 standing 
10 600 299 637 391 40973 0 0 1 standing 
10 600 298 637 390 40974 0 0 1 standing 
11 575 326 608 378 40955 0 0 0 standing 
11 576 325 610 378 40956 0 0 1 standing 
11 578 325 612 378 40957 0 0 1 standing 
11 580 325 614 379 40958 0 0 0 standing 
11 581 324 615 378 40959 0 0 1 standing 
11 582 323 616 377 40960 0 0 1 standing 
11 584 322 618 376 40961 0 0 0 standing 
11 585 322 619 376 40962 0 0 1 standing 
11 586 322 620 376 40963 0 0 1 standing 
11 588 322 622 376 40964 0 0 0 standing 
11 589 321 623 375 40965 0 0 1 standing 
11 590 320 624 374 40966 0 0 1 standing 
11 591 320 625 373 40967 0 0 0 standing 
11 591 320 625 373 40968 0 0 1 standing 
11 592 321 626 374 40969 0 0 1 standing 
11 593 322 627 375 40970 0 0 0 standing 
11 592 321 626 373 40971 0 0 1 standing 
11 592 321 626 372 40972 0 0 1 standing 
11 591 321 625 370 40973 0 0 1 standing 
11 591 321 625 369 40974 0 0 1 standing 
