0 309 324 353 427 17130 0 0 0 standing 
0 316 324 360 427 17131 0 0 1 standing 
0 323 324 367 428 17132 0 0 1 standing 
0 330 325 374 429 17133 0 0 0 standing 
0 333 322 377 427 17134 0 0 1 standing 
0 337 319 381 426 17135 0 0 1 standing 
0 341 317 384 424 17136 0 0 1 standing 
0 345 314 388 423 17137 0 0 1 standing 
0 349 312 392 422 17138 0 0 0 standing 
0 351 309 394 417 17139 0 0 1 standing 
0 354 306 397 412 17140 0 0 1 standing 
0 357 303 399 407 17141 0 0 1 standing 
0 360 300 402 403 17142 0 0 0 standing 
0 362 300 404 402 17143 0 0 1 standing 
0 365 301 406 402 17144 0 0 1 standing 
0 367 302 408 401 17145 0 0 1 standing 
0 370 303 411 401 17146 0 0 0 standing 
0 370 301 411 400 17147 0 0 1 standing 
0 370 299 412 400 17148 0 0 1 standing 
0 370 297 412 400 17149 0 0 1 standing 
1 475 261 515 354 17130 0 1 0 standing 
1 478 261 518 353 17131 0 1 1 digging 
1 481 261 521 353 17132 0 1 1 digging 
1 484 261 524 352 17133 0 1 1 digging 
1 487 261 527 352 17134 0 1 1 digging 
1 491 262 530 352 17135 0 1 1 digging 
1 494 262 533 351 17136 0 1 1 digging 
1 497 262 536 351 17137 0 1 1 digging 
1 500 262 539 350 17138 0 1 1 digging 
1 503 262 542 350 17139 0 1 1 digging 
1 507 263 546 350 17140 0 1 0 digging 
1 509 263 548 350 17141 0 1 1 digging 
1 511 263 550 350 17142 0 1 1 digging 
1 513 263 552 350 17143 0 1 1 digging 
1 515 263 554 350 17144 0 1 1 digging 
1 517 263 556 350 17145 0 1 0 digging 
1 516 262 555 349 17146 0 1 1 digging 
1 516 262 555 349 17147 0 1 1 digging 
1 515 262 554 349 17148 0 1 1 digging 
1 515 262 554 349 17149 0 1 1 digging 
2 466 397 528 500 17130 0 0 0 digging 
2 467 395 531 498 17131 0 0 1 waiting 
2 469 393 535 497 17132 0 0 1 waiting 
2 470 391 539 496 17133 0 0 1 waiting 
2 472 389 543 495 17134 0 0 1 waiting 
2 473 387 546 494 17135 0 0 1 waiting 
2 475 385 550 493 17136 0 0 1 waiting 
2 476 383 554 492 17137 0 0 1 waiting 
2 478 381 558 491 17138 0 0 1 waiting 
2 480 380 562 490 17139 0 0 0 waiting 
2 483 379 559 489 17140 0 0 1 waiting 
2 486 379 557 488 17141 0 0 1 waiting 
2 489 378 555 487 17142 0 0 1 waiting 
2 493 378 553 487 17143 0 0 0 waiting 
2 492 377 560 486 17144 0 0 1 waiting 
2 491 376 567 485 17145 0 0 1 waiting 
2 490 375 575 485 17146 0 0 1 waiting 
2 489 374 582 484 17147 0 0 1 waiting 
2 488 373 590 484 17148 0 0 0 waiting 
2 481 372 573 484 17149 0 0 1 waiting 
3 699 335 744 436 17130 0 0 0 waiting 
3 697 334 745 435 17131 0 0 1 waiting 
3 696 333 747 435 17132 0 0 1 waiting 
3 695 332 749 435 17133 0 0 1 waiting 
3 694 331 751 434 17134 0 0 1 waiting 
3 693 330 753 434 17135 0 0 1 waiting 
3 692 329 755 434 17136 0 0 0 waiting 
3 699 328 757 434 17137 0 0 1 waiting 
3 706 328 760 435 17138 0 0 1 waiting 
3 713 327 762 435 17139 0 0 1 waiting 
3 721 327 765 436 17140 0 0 0 waiting 
3 722 328 767 437 17141 0 0 1 waiting 
3 724 329 770 438 17142 0 0 1 waiting 
3 726 331 772 440 17143 0 0 1 waiting 
3 727 332 775 441 17144 0 0 1 waiting 
3 729 333 777 442 17145 0 0 1 waiting 
3 731 335 780 444 17146 0 0 0 waiting 
3 728 335 778 444 17147 0 0 1 waiting 
3 726 335 776 444 17148 0 0 1 waiting 
3 723 336 774 444 17149 0 0 1 waiting 
4 795 213 829 329 17130 0 0 0 waiting 
4 798 213 832 329 17131 0 0 1 blocking 
4 802 213 836 329 17132 0 0 1 blocking 
4 806 213 840 329 17133 0 0 1 blocking 
4 809 213 843 329 17134 0 0 1 blocking 
4 813 213 847 329 17135 0 0 1 blocking 
4 817 213 851 329 17136 0 0 1 blocking 
4 821 214 855 330 17137 0 0 0 blocking 
4 824 217 858 333 17138 0 0 1 blocking 
4 827 220 861 336 17139 0 0 1 blocking 
4 830 223 864 339 17140 0 0 1 blocking 
4 834 226 868 342 17141 0 0 0 blocking 
4 836 233 870 348 17142 0 0 1 blocking 
4 838 240 872 355 17143 0 0 1 blocking 
4 841 247 875 362 17144 0 0 0 blocking 
4 841 249 875 362 17145 0 0 1 blocking 
4 842 251 875 362 17146 0 0 1 blocking 
4 843 253 876 362 17147 0 0 0 blocking 
4 840 252 873 361 17148 0 0 1 blocking 
4 837 251 870 361 17149 0 0 1 blocking 
5 881 304 928 419 17130 0 0 0 blocking 
5 883 303 929 418 17131 0 0 1 waiting 
5 885 303 931 418 17132 0 0 1 waiting 
5 887 303 933 417 17133 0 0 1 waiting 
5 889 302 935 417 17134 0 0 1 waiting 
5 891 302 937 416 17135 0 0 1 waiting 
5 893 302 939 416 17136 0 0 1 waiting 
5 895 301 941 415 17137 0 0 1 waiting 
5 897 301 943 415 17138 0 0 1 waiting 
5 899 301 945 414 17139 0 0 1 waiting 
5 901 301 947 414 17140 0 0 0 waiting 
5 903 299 949 414 17141 0 0 1 waiting 
5 905 298 951 415 17142 0 0 1 waiting 
5 907 297 953 416 17143 0 0 1 waiting 
5 910 296 955 417 17144 0 0 0 waiting 
5 910 297 956 416 17145 0 0 1 waiting 
5 911 298 957 416 17146 0 0 1 waiting 
5 912 299 958 416 17147 0 0 0 waiting 
5 910 299 956 415 17148 0 0 1 waiting 
5 909 300 955 414 17149 0 0 1 waiting 
6 977 213 1021 322 17130 0 0 0 waiting 
6 974 219 1019 329 17131 0 0 1 standing 
6 971 225 1017 336 17132 0 0 1 standing 
6 969 232 1015 343 17133 0 0 1 standing 
6 966 238 1013 350 17134 0 0 1 standing 
6 964 245 1012 357 17135 0 0 0 standing 
6 964 251 1011 359 17136 0 0 1 standing 
6 965 258 1011 361 17137 0 0 1 standing 
6 966 264 1011 363 17138 0 0 1 standing 
6 967 271 1011 365 17139 0 0 0 standing 
6 968 272 1012 367 17140 0 0 1 standing 
6 969 274 1013 370 17141 0 0 1 standing 
6 971 276 1015 373 17142 0 0 1 standing 
6 972 277 1016 375 17143 0 0 1 standing 
6 973 279 1017 378 17144 0 0 1 standing 
6 975 281 1019 381 17145 0 0 0 standing 
6 975 280 1019 381 17146 0 0 1 standing 
6 975 279 1019 381 17147 0 0 1 standing 
6 975 278 1019 381 17148 0 0 1 standing 
6 976 277 1020 381 17149 0 0 0 standing 
7 1116 290 1157 391 17130 0 0 0 standing 
7 1115 291 1156 392 17131 0 0 1 waiting 
7 1114 293 1155 394 17132 0 0 1 waiting 
7 1114 295 1155 396 17133 0 0 1 waiting 
7 1113 297 1154 398 17134 0 0 1 waiting 
7 1113 299 1154 400 17135 0 0 0 waiting 
7 1114 298 1155 399 17136 0 0 1 waiting 
7 1115 298 1156 399 17137 0 0 1 waiting 
7 1116 298 1157 399 17138 0 0 1 waiting 
7 1117 298 1158 399 17139 0 0 0 waiting 
7 1118 297 1159 398 17140 0 0 1 waiting 
7 1120 297 1161 398 17141 0 0 1 waiting 
7 1122 297 1163 398 17142 0 0 1 waiting 
7 1123 296 1164 397 17143 0 0 1 waiting 
7 1125 296 1166 397 17144 0 0 1 waiting 
7 1127 296 1168 397 17145 0 0 0 waiting 
7 1127 296 1168 397 17146 0 0 1 waiting 
7 1127 297 1168 398 17147 0 0 1 waiting 
7 1128 298 1169 399 17148 0 0 0 waiting 
7 1127 298 1168 399 17149 0 0 1 waiting 
8 1115 527 1181 612 17130 0 0 0 waiting 
8 1118 526 1189 612 17131 0 0 1 falling 
8 1121 526 1197 613 17132 0 0 1 falling 
8 1125 526 1206 614 17133 0 0 1 falling 
8 1128 525 1214 615 17134 0 0 1 falling 
8 1132 525 1223 616 17135 0 0 1 falling 
8 1135 525 1231 617 17136 0 0 1 falling 
8 1139 525 1240 618 17137 0 0 0 falling 
8 1142 525 1244 619 17138 0 0 1 falling 
8 1146 525 1248 620 17139 0 0 1 falling 
8 1149 525 1252 621 17140 0 0 1 falling 
8 1153 525 1256 622 17141 0 0 1 falling 
8 1157 525 1261 623 17142 0 0 0 falling 
8 1160 525 1255 624 17143 0 0 1 falling 
8 1164 526 1249 626 17144 0 0 1 falling 
8 1168 526 1243 627 17145 0 0 1 falling 
8 1172 527 1237 629 17146 0 0 0 falling 
8 1172 527 1237 630 17147 0 0 1 falling 
8 1173 528 1238 631 17148 0 0 1 falling 
8 1174 529 1238 632 17149 0 0 1 falling 
9 777 230 823 356 17130 0 0 0 falling 
9 781 227 826 352 17131 0 0 1 jumping 
9 785 224 830 349 17132 0 0 1 jumping 
9 789 221 834 346 17133 0 0 1 jumping 
9 793 219 838 343 17134 0 0 0 jumping 
9 796 222 840 346 17135 0 0 1 jumping 
9 799 226 843 349 17136 0 0 1 jumping 
9 802 230 845 352 17137 0 0 1 jumping 
9 805 233 848 355 17138 0 0 1 jumping 
9 808 237 850 358 17139 0 0 1 jumping 
9 811 241 853 362 17140 0 0 0 jumping 
9 812 246 854 364 17141 0 0 1 jumping 
9 813 251 855 367 17142 0 0 1 jumping 
9 815 257 856 370 17143 0 0 0 jumping 
9 815 257 856 371 17144 0 0 1 jumping 
9 816 257 857 372 17145 0 0 1 jumping 
9 816 257 857 373 17146 0 0 1 jumping 
9 817 258 858 374 17147 0 0 0 jumping 
9 812 256 853 373 17148 0 0 1 jumping 
9 807 255 848 373 17149 0 0 1 jumping 
10 944 306 993 411 17130 0 0 0 jumping 
10 946 305 995 410 17131 0 0 1 standing 
10 949 304 998 409 17132 0 0 1 standing 
10 952 304 1001 409 17133 0 0 1 standing 
10 954 303 1003 408 17134 0 0 1 standing 
10 957 303 1006 408 17135 0 0 1 standing 
10 960 302 1009 407 17136 0 0 1 standing 
10 962 302 1011 407 17137 0 0 1 standing 
10 965 301 1014 406 17138 0 0 1 standing 
10 968 301 1017 406 17139 0 0 0 standing 
10 969 300 1018 407 17140 0 0 1 standing 
10 971 299 1020 408 17141 0 0 1 standing 
10 973 298 1022 409 17142 0 0 1 standing 
10 975 298 1024 410 17143 0 0 0 standing 
10 977 297 1026 411 17144 0 0 1 standing 
10 979 297 1028 412 17145 0 0 1 standing 
10 981 297 1030 413 17146 0 0 1 standing 
10 983 297 1032 415 17147 0 0 0 standing 
10 982 297 1031 417 17148 0 0 1 standing 
10 982 298 1030 419 17149 0 0 1 standing 
11 933 372 980 506 17130 0 0 0 standing 
11 934 371 982 506 17131 0 0 1 standing 
11 935 371 984 506 17132 0 0 1 standing 
11 936 370 986 506 17133 0 0 1 standing 
11 938 370 988 506 17134 0 0 0 standing 
11 938 369 989 505 17135 0 0 1 standing 
11 939 368 990 505 17136 0 0 1 standing 
11 940 367 991 504 17137 0 0 1 standing 
11 940 366 992 504 17138 0 0 1 standing 
11 941 365 993 503 17139 0 0 1 standing 
11 942 365 995 503 17140 0 0 0 standing 
11 941 363 994 500 17141 0 0 1 standing 
11 941 361 994 498 17142 0 0 1 standing 
11 940 359 993 496 17143 0 0 1 standing 
11 940 358 993 494 17144 0 0 0 standing 
11 939 356 992 492 17145 0 0 1 standing 
11 939 355 992 490 17146 0 0 1 standing 
11 939 354 992 489 17147 0 0 0 standing 
11 936 354 988 488 17148 0 0 1 standing 
11 933 354 985 487 17149 0 0 1 standing 
