0 13 475 94 604 53840 0 0 0 moving 
0 24 475 99 605 53841 0 0 1 moving 
0 35 475 104 606 53842 0 0 1 moving 
0 46 475 109 608 53843 0 0 0 moving 
0 54 475 119 608 53844 0 0 1 moving 
0 62 475 129 609 53845 0 0 1 moving 
0 71 475 140 610 53846 0 0 0 moving 
0 75 475 152 611 53847 0 0 1 moving 
0 79 475 165 612 53848 0 0 1 moving 
0 83 475 178 613 53849 0 0 0 moving 
0 95 474 182 613 53850 0 0 1 moving 
0 108 474 186 613 53851 0 0 1 moving 
0 121 474 190 613 53852 0 0 0 moving 
0 132 474 201 613 53853 0 0 1 moving 
0 143 475 212 614 53854 0 0 1 moving 
0 154 476 223 615 53855 0 0 1 moving 
0 165 477 234 616 53856 0 0 1 moving 
0 176 478 245 617 53857 0 0 1 moving 
0 187 479 256 618 53858 0 0 1 moving 
0 198 480 267 619 53859 0 0 1 moving 
1 212 461 262 578 53840 0 0 0 moving 
1 209 464 260 578 53841 0 0 1 waiting 
1 206 467 258 578 53842 0 0 1 waiting 
1 204 470 256 578 53843 0 0 0 waiting 
1 201 471 255 579 53844 0 0 1 waiting 
1 199 473 254 581 53845 0 0 1 waiting 
1 197 475 254 583 53846 0 0 0 waiting 
1 195 474 252 584 53847 0 0 1 waiting 
1 193 473 250 585 53848 0 0 1 waiting 
1 191 472 249 586 53849 0 0 0 waiting 
1 189 472 245 587 53850 0 0 1 waiting 
1 187 473 242 588 53851 0 0 1 waiting 
1 185 474 239 589 53852 0 0 0 waiting 
1 186 476 240 591 53853 0 0 1 waiting 
1 188 478 242 593 53854 0 0 1 waiting 
1 190 481 244 596 53855 0 0 0 waiting 
1 194 480 248 594 53856 0 0 1 waiting 
1 198 479 252 593 53857 0 0 1 waiting 
1 203 478 256 592 53858 0 0 0 waiting 
1 202 477 255 591 53859 0 0 1 waiting 
2 372 452 427 541 53840 0 0 0 waiting 
2 370 450 425 539 53841 0 0 1 waiting 
2 369 449 423 538 53842 0 0 1 waiting 
2 368 448 421 537 53843 0 0 0 waiting 
2 367 447 420 536 53844 0 0 1 waiting 
2 367 447 419 536 53845 0 0 1 waiting 
2 367 447 419 536 53846 0 0 0 waiting 
2 367 446 418 535 53847 0 0 1 waiting 
2 367 446 417 535 53848 0 0 1 waiting 
2 367 446 417 535 53849 0 0 0 waiting 
2 369 445 420 534 53850 0 0 1 waiting 
2 371 445 424 534 53851 0 0 1 waiting 
2 373 445 427 534 53852 0 0 1 waiting 
2 375 444 431 533 53853 0 0 1 waiting 
2 377 444 434 533 53854 0 0 1 waiting 
2 379 444 438 533 53855 0 0 0 waiting 
2 382 442 438 531 53856 0 0 1 waiting 
2 386 441 439 530 53857 0 0 1 waiting 
2 389 440 440 529 53858 0 0 1 waiting 
2 393 439 441 528 53859 0 0 1 waiting 
3 522 491 564 600 53840 0 0 0 waiting 
3 521 492 564 601 53841 0 0 1 standing 
3 521 493 564 602 53842 0 0 1 standing 
3 521 494 565 603 53843 0 0 0 standing 
3 520 493 563 602 53844 0 0 1 standing 
3 519 492 562 601 53845 0 0 1 standing 
3 518 492 561 601 53846 0 0 0 standing 
3 518 492 562 601 53847 0 0 1 standing 
3 519 493 564 602 53848 0 0 1 standing 
3 520 494 566 603 53849 0 0 1 standing 
3 521 495 568 604 53850 0 0 1 standing 
3 522 496 570 605 53851 0 0 1 standing 
3 523 497 572 606 53852 0 0 0 standing 
3 525 497 574 606 53853 0 0 1 standing 
3 527 498 576 607 53854 0 0 1 standing 
3 530 499 578 608 53855 0 0 0 standing 
3 533 499 580 608 53856 0 0 1 standing 
3 536 499 582 608 53857 0 0 1 standing 
3 540 499 584 608 53858 0 0 1 standing 
3 543 499 586 608 53859 0 0 1 standing 
4 524 460 562 576 53840 0 0 0 standing 
4 526 457 564 575 53841 0 0 1 standing 
4 528 454 566 574 53842 0 0 1 standing 
4 530 452 568 573 53843 0 0 0 standing 
4 531 451 569 573 53844 0 0 1 standing 
4 532 451 570 574 53845 0 0 1 standing 
4 533 451 571 575 53846 0 0 0 standing 
4 532 452 572 577 53847 0 0 1 standing 
4 531 453 573 580 53848 0 0 1 standing 
4 531 455 574 583 53849 0 0 0 standing 
4 532 454 575 584 53850 0 0 1 standing 
4 533 453 576 585 53851 0 0 1 standing 
4 534 453 577 586 53852 0 0 0 standing 
4 537 447 579 581 53853 0 0 1 standing 
4 540 441 581 576 53854 0 0 1 standing 
4 544 436 583 571 53855 0 0 0 standing 
4 548 428 586 565 53856 0 0 1 standing 
4 552 421 590 559 53857 0 0 1 standing 
4 556 414 593 553 53858 0 0 1 standing 
4 560 407 597 547 53859 0 0 1 standing 
5 513 439 554 544 53840 0 0 0 standing 
5 514 437 556 542 53841 0 0 1 standing 
5 516 436 558 541 53842 0 0 1 standing 
5 518 435 560 539 53843 0 0 1 standing 
5 520 433 562 538 53844 0 0 1 standing 
5 522 432 564 536 53845 0 0 1 standing 
5 524 431 567 535 53846 0 0 0 standing 
5 525 429 568 534 53847 0 0 1 standing 
5 527 428 570 533 53848 0 0 1 standing 
5 528 427 571 532 53849 0 0 1 standing 
5 530 426 573 531 53850 0 0 1 standing 
5 531 425 574 530 53851 0 0 1 standing 
5 533 424 576 529 53852 0 0 0 standing 
5 536 421 579 526 53853 0 0 1 standing 
5 539 419 582 524 53854 0 0 1 standing 
5 543 416 585 521 53855 0 0 1 standing 
5 546 414 588 519 53856 0 0 1 standing 
5 549 412 591 517 53857 0 0 1 standing 
5 553 409 594 514 53858 0 0 1 standing 
5 556 407 597 512 53859 0 0 1 standing 
6 580 442 629 548 53840 0 1 0 standing 
6 580 437 630 547 53841 0 1 1 setting 
6 581 433 631 547 53842 0 1 1 setting 
6 581 428 633 546 53843 0 1 1 setting 
6 582 424 634 546 53844 0 1 1 setting 
6 583 420 636 545 53845 0 1 1 setting 
6 583 415 637 545 53846 0 1 1 setting 
6 584 411 638 544 53847 0 1 1 setting 
6 584 406 640 544 53848 0 1 1 setting 
6 585 402 641 543 53849 0 1 1 setting 
6 586 398 643 543 53850 0 1 0 setting 
6 588 402 644 544 53851 0 1 1 setting 
6 591 406 646 546 53852 0 1 1 setting 
6 594 410 648 548 53853 0 1 1 setting 
6 596 414 650 549 53854 0 1 1 setting 
6 599 418 652 551 53855 0 1 1 setting 
6 602 422 653 553 53856 0 1 1 setting 
6 604 426 655 554 53857 0 1 1 setting 
6 607 430 657 556 53858 0 1 1 setting 
6 610 434 659 558 53859 0 1 1 setting 
7 669 457 748 569 53840 0 1 0 setting 
7 665 455 740 568 53841 0 1 1 standing 
7 661 454 732 568 53842 0 1 1 standing 
7 657 452 725 568 53843 0 1 1 standing 
7 653 451 717 567 53844 0 1 1 standing 
7 649 449 710 567 53845 0 1 1 standing 
7 645 448 702 567 53846 0 1 1 standing 
7 641 446 694 566 53847 0 1 1 standing 
7 637 445 687 566 53848 0 1 1 standing 
7 633 443 679 566 53849 0 1 1 standing 
7 629 442 672 566 53850 0 1 0 standing 
7 629 435 672 562 53851 0 1 1 standing 
7 629 428 673 559 53852 0 1 1 standing 
7 629 421 674 555 53853 0 1 1 standing 
7 630 415 675 552 53854 0 1 0 standing 
7 629 412 675 547 53855 0 1 1 standing 
7 629 410 676 543 53856 0 1 1 standing 
7 629 408 677 538 53857 0 1 1 standing 
7 629 406 678 534 53858 0 1 0 standing 
7 629 406 678 534 53859 0 1 1 standing 
8 770 525 843 672 53840 0 1 0 standing 
8 769 524 841 671 53841 0 1 1 standing 
8 768 524 840 671 53842 0 1 1 standing 
8 767 524 839 670 53843 0 1 1 standing 
8 766 523 837 670 53844 0 1 1 standing 
8 765 523 836 670 53845 0 1 1 standing 
8 764 523 835 669 53846 0 1 1 standing 
8 763 522 833 669 53847 0 1 1 standing 
8 762 522 832 668 53848 0 1 1 standing 
8 761 522 831 668 53849 0 1 1 standing 
8 761 522 830 668 53850 0 1 0 standing 
8 755 520 824 666 53851 0 1 1 standing 
8 749 519 818 665 53852 0 1 1 standing 
8 743 518 812 664 53853 0 1 1 standing 
8 738 517 806 662 53854 0 1 1 standing 
8 732 516 801 661 53855 0 1 1 standing 
8 726 515 795 660 53856 0 1 1 standing 
8 721 514 789 658 53857 0 1 1 standing 
8 715 513 783 657 53858 0 1 1 standing 
8 709 512 777 656 53859 0 1 1 standing 
9 802 377 863 471 53840 0 1 0 standing 
9 798 377 859 471 53841 0 1 1 moving 
9 794 378 855 472 53842 0 1 1 moving 
9 790 379 851 473 53843 0 1 1 moving 
9 786 380 847 474 53844 0 1 1 moving 
9 782 381 843 475 53845 0 1 1 moving 
9 778 382 839 476 53846 0 1 1 moving 
9 774 383 835 477 53847 0 1 1 moving 
9 770 384 831 478 53848 0 1 1 moving 
9 766 385 827 479 53849 0 1 1 moving 
9 762 386 823 480 53850 0 1 0 moving 
9 758 385 814 479 53851 0 1 1 moving 
9 755 384 805 478 53852 0 1 1 moving 
9 752 383 796 477 53853 0 1 1 moving 
9 749 383 788 476 53854 0 1 0 moving 
9 743 382 786 475 53855 0 1 1 moving 
9 738 381 784 475 53856 0 1 1 moving 
9 732 381 782 474 53857 0 1 1 moving 
9 727 380 780 474 53858 0 1 1 moving 
9 721 379 778 473 53859 0 1 1 moving 
10 995 459 1057 546 53840 0 0 0 moving 
10 988 458 1059 547 53841 0 0 1 moving 
10 981 457 1061 548 53842 0 0 1 moving 
10 975 457 1064 550 53843 0 0 0 moving 
10 970 456 1058 547 53844 0 0 1 moving 
10 965 455 1052 545 53845 0 0 1 moving 
10 961 455 1046 543 53846 0 0 0 moving 
10 951 454 1035 542 53847 0 0 1 moving 
10 941 453 1025 541 53848 0 0 1 moving 
10 932 453 1015 540 53849 0 0 0 moving 
10 925 451 1010 539 53850 0 0 1 moving 
10 919 449 1006 538 53851 0 0 1 moving 
10 913 447 1002 537 53852 0 0 0 moving 
10 908 447 991 536 53853 0 0 1 moving 
10 903 447 981 536 53854 0 0 1 moving 
10 898 448 971 536 53855 0 0 0 moving 
10 891 446 966 536 53856 0 0 1 moving 
10 885 445 961 536 53857 0 0 1 moving 
10 879 443 956 537 53858 0 0 1 moving 
10 873 442 951 537 53859 0 0 1 moving 
11 1046 455 1092 588 53840 0 0 0 moving 
11 1051 455 1101 588 53841 0 0 1 moving 
11 1056 455 1110 588 53842 0 0 1 moving 
11 1061 455 1120 588 53843 0 0 0 moving 
11 1060 456 1129 588 53844 0 0 1 moving 
11 1059 457 1138 589 53845 0 0 1 moving 
11 1058 458 1148 590 53846 0 0 0 moving 
11 1057 459 1151 590 53847 0 0 1 moving 
11 1056 461 1155 591 53848 0 0 1 moving 
11 1055 463 1159 592 53849 0 0 0 moving 
11 1060 461 1155 590 53850 0 0 1 moving 
11 1065 460 1152 589 53851 0 0 1 moving 
11 1070 459 1149 588 53852 0 0 0 moving 
11 1068 456 1141 585 53853 0 0 1 moving 
11 1067 453 1133 582 53854 0 0 1 moving 
11 1066 451 1125 579 53855 0 0 0 moving 
11 1062 450 1127 578 53856 0 0 1 moving 
11 1059 449 1130 578 53857 0 0 1 moving 
11 1055 448 1132 577 53858 0 0 1 moving 
11 1052 447 1135 577 53859 0 0 1 moving 
