0 254 424 302 545 51700 0 0 0 standing 
0 259 422 307 545 51701 0 0 1 standing 
0 265 421 313 545 51702 0 0 1 standing 
0 271 420 319 545 51703 0 0 1 standing 
0 277 418 325 545 51704 0 0 1 standing 
0 283 417 331 545 51705 0 0 1 standing 
0 289 416 337 545 51706 0 0 1 standing 
0 295 415 343 545 51707 0 0 0 standing 
0 299 413 346 545 51708 0 0 1 standing 
0 303 412 350 545 51709 0 0 1 standing 
0 307 411 354 545 51710 0 0 0 standing 
0 307 411 354 545 51711 0 0 1 standing 
0 308 412 354 545 51712 0 0 1 standing 
0 308 412 355 545 51713 0 0 1 standing 
0 309 413 355 545 51714 0 0 1 standing 
0 310 414 356 546 51715 0 0 0 standing 
0 309 416 361 546 51716 0 0 1 standing 
0 308 418 366 546 51717 0 0 1 standing 
0 308 420 371 546 51718 0 0 1 standing 
0 307 422 376 546 51719 0 0 1 standing 
1 371 383 414 485 51700 0 0 0 standing 
1 375 382 418 484 51701 0 0 1 standing 
1 380 381 423 483 51702 0 0 1 standing 
1 385 381 428 483 51703 0 0 1 standing 
1 389 380 432 482 51704 0 0 1 standing 
1 394 380 437 482 51705 0 0 1 standing 
1 399 379 442 481 51706 0 0 1 standing 
1 403 379 446 481 51707 0 0 1 standing 
1 408 378 451 480 51708 0 0 1 standing 
1 413 378 456 480 51709 0 0 0 standing 
1 412 374 455 480 51710 0 0 1 standing 
1 412 371 455 480 51711 0 0 1 standing 
1 412 367 454 480 51712 0 0 1 standing 
1 412 364 454 480 51713 0 0 0 standing 
1 411 364 457 479 51714 0 0 1 standing 
1 411 364 460 479 51715 0 0 1 standing 
1 410 365 463 479 51716 0 0 1 standing 
1 410 365 466 479 51717 0 0 1 standing 
1 410 365 469 478 51718 0 0 1 standing 
1 409 366 472 478 51719 0 0 1 standing 
2 592 442 642 552 51700 0 0 0 standing 
2 595 441 645 552 51701 0 0 1 moving 
2 599 441 649 552 51702 0 0 1 moving 
2 603 441 652 552 51703 0 0 1 moving 
2 607 441 656 552 51704 0 0 0 moving 
2 611 439 660 552 51705 0 0 1 moving 
2 616 437 665 553 51706 0 0 1 moving 
2 620 435 669 553 51707 0 0 1 moving 
2 625 434 674 554 51708 0 0 0 moving 
2 627 430 676 552 51709 0 0 1 moving 
2 630 426 678 550 51710 0 0 1 moving 
2 632 422 680 548 51711 0 0 1 moving 
2 635 419 682 546 51712 0 0 0 moving 
2 635 420 683 547 51713 0 0 1 moving 
2 635 422 684 548 51714 0 0 1 moving 
2 636 424 686 549 51715 0 0 1 moving 
2 636 426 687 550 51716 0 0 1 moving 
2 636 428 688 551 51717 0 0 1 moving 
2 637 430 690 553 51718 0 0 0 moving 
2 641 431 694 554 51719 0 0 1 moving 
3 751 323 790 451 51700 0 0 0 moving 
3 758 327 797 455 51701 0 0 1 blocking 
3 765 332 804 460 51702 0 0 1 blocking 
3 773 336 812 464 51703 0 0 1 blocking 
3 780 341 819 469 51704 0 0 1 blocking 
3 787 345 826 473 51705 0 0 1 blocking 
3 795 350 834 478 51706 0 0 0 blocking 
3 799 351 838 479 51707 0 0 1 blocking 
3 804 353 843 481 51708 0 0 1 blocking 
3 808 355 847 483 51709 0 0 1 blocking 
3 813 357 852 485 51710 0 0 0 blocking 
3 812 356 851 484 51711 0 0 1 blocking 
3 812 355 851 483 51712 0 0 1 blocking 
3 811 354 851 482 51713 0 0 1 blocking 
3 811 353 851 482 51714 0 0 0 blocking 
3 809 354 849 481 51715 0 0 1 blocking 
3 807 355 848 480 51716 0 0 1 blocking 
3 806 357 847 480 51717 0 0 1 blocking 
3 804 358 846 479 51718 0 0 1 blocking 
3 803 360 845 479 51719 0 0 1 blocking 
4 810 407 859 520 51700 0 0 0 blocking 
4 815 407 864 520 51701 0 0 1 standing 
4 821 407 870 521 51702 0 0 1 standing 
4 827 407 875 522 51703 0 0 1 standing 
4 833 407 881 523 51704 0 0 0 standing 
4 839 403 887 522 51705 0 0 1 standing 
4 845 399 893 521 51706 0 0 1 standing 
4 851 395 899 520 51707 0 0 1 standing 
4 857 391 905 519 51708 0 0 1 standing 
4 863 387 911 518 51709 0 0 1 standing 
4 869 383 917 518 51710 0 0 0 standing 
4 873 382 920 518 51711 0 0 1 standing 
4 877 381 923 518 51712 0 0 1 standing 
4 882 381 926 518 51713 0 0 1 standing 
4 886 380 929 518 51714 0 0 1 standing 
4 890 380 932 518 51715 0 0 1 standing 
4 895 379 935 518 51716 0 0 1 standing 
4 899 379 938 518 51717 0 0 1 standing 
4 903 378 941 518 51718 0 0 1 standing 
4 908 378 944 518 51719 0 0 1 standing 
5 937 325 968 462 51700 0 0 0 standing 
5 935 332 967 467 51701 0 0 1 moving 
5 933 339 966 472 51702 0 0 1 moving 
5 931 346 966 478 51703 0 0 0 moving 
5 929 348 966 478 51704 0 0 1 moving 
5 928 350 966 478 51705 0 0 1 moving 
5 927 352 966 478 51706 0 0 1 moving 
5 926 355 967 479 51707 0 0 0 moving 
5 921 354 963 476 51708 0 0 1 moving 
5 917 353 960 473 51709 0 0 1 moving 
5 913 352 957 470 51710 0 0 0 moving 
5 912 351 955 470 51711 0 0 1 moving 
5 911 350 954 470 51712 0 0 1 moving 
5 910 349 953 470 51713 0 0 1 moving 
5 909 348 952 470 51714 0 0 1 moving 
5 908 347 951 470 51715 0 0 1 moving 
5 907 346 950 470 51716 0 0 1 moving 
5 906 345 949 470 51717 0 0 1 moving 
5 905 344 948 470 51718 0 0 1 moving 
5 904 343 947 470 51719 0 0 1 moving 
6 1000 398 1046 517 51700 0 0 0 moving 
6 999 402 1045 519 51701 0 0 1 standing 
6 999 406 1044 521 51702 0 0 1 standing 
6 999 411 1044 523 51703 0 0 0 standing 
6 1003 411 1048 523 51704 0 0 1 standing 
6 1007 412 1052 523 51705 0 0 1 standing 
6 1011 412 1056 523 51706 0 0 1 standing 
6 1015 413 1060 524 51707 0 0 0 standing 
6 1021 409 1067 523 51708 0 0 1 standing 
6 1028 406 1074 522 51709 0 0 1 standing 
6 1035 403 1081 522 51710 0 0 0 standing 
6 1040 403 1086 522 51711 0 0 1 standing 
6 1045 403 1091 522 51712 0 0 1 standing 
6 1051 404 1097 523 51713 0 0 1 standing 
6 1056 404 1102 523 51714 0 0 1 standing 
6 1062 404 1108 523 51715 0 0 1 standing 
6 1067 405 1113 524 51716 0 0 1 standing 
6 1073 405 1119 524 51717 0 0 1 standing 
6 1078 405 1124 524 51718 0 0 1 standing 
6 1084 406 1130 525 51719 0 0 1 standing 
7 1081 472 1142 618 51700 0 0 0 standing 
7 1086 470 1147 617 51701 0 0 1 standing 
7 1092 469 1152 617 51702 0 0 1 standing 
7 1098 468 1157 617 51703 0 0 1 standing 
7 1104 467 1162 616 51704 0 0 1 standing 
7 1109 465 1168 616 51705 0 0 1 standing 
7 1115 464 1173 616 51706 0 0 1 standing 
7 1121 463 1178 615 51707 0 0 1 standing 
7 1127 462 1183 615 51708 0 0 1 standing 
7 1133 461 1189 615 51709 0 0 0 standing 
7 1137 461 1192 616 51710 0 0 1 standing 
7 1141 461 1195 617 51711 0 0 1 standing 
7 1145 461 1198 618 51712 0 0 1 standing 
7 1149 461 1202 619 51713 0 0 0 standing 
7 1151 460 1203 619 51714 0 0 1 standing 
7 1153 459 1204 619 51715 0 0 1 standing 
7 1155 458 1205 619 51716 0 0 1 standing 
7 1157 458 1207 619 51717 0 0 1 standing 
7 1159 457 1208 619 51718 0 0 1 standing 
7 1161 456 1209 619 51719 0 0 1 standing 
8 1195 473 1275 599 51700 0 0 0 standing 
8 1207 473 1276 599 51701 0 0 1 standing 
8 1219 473 1277 599 51702 0 0 1 standing 
8 1231 473 1278 599 51703 0 0 1 standing 
8 1243 473 1279 600 51704 1 0 0 standing 
8 1243 473 1279 600 51705 1 0 1 standing 
8 1243 473 1279 600 51706 1 0 1 standing 
8 1243 473 1279 600 51707 1 0 1 standing 
8 1243 473 1279 600 51708 1 0 1 standing 
8 1243 473 1279 600 51709 1 0 0 standing 
8 1240 472 1278 599 51710 1 0 1 standing 
8 1238 472 1278 599 51711 1 0 1 standing 
8 1235 472 1277 599 51712 1 0 1 standing 
8 1233 472 1277 599 51713 1 0 1 standing 
8 1231 472 1276 599 51714 1 0 1 standing 
8 1228 472 1276 599 51715 1 0 1 standing 
8 1226 472 1275 599 51716 1 0 1 standing 
8 1224 472 1275 599 51717 1 0 1 standing 
8 1221 472 1274 599 51718 1 0 1 standing 
8 1219 472 1274 599 51719 1 0 1 standing 
9 333 485 388 590 51700 0 1 0 standing 
9 340 481 399 589 51701 0 1 1 moving 
9 347 478 411 589 51702 0 1 1 moving 
9 355 475 423 589 51703 0 1 1 moving 
9 362 472 435 589 51704 0 1 1 moving 
9 370 469 447 589 51705 0 1 0 moving 
9 369 470 447 589 51706 0 1 1 moving 
9 369 471 447 590 51707 0 1 1 moving 
9 368 472 448 591 51708 0 1 1 moving 
9 368 473 448 591 51709 0 1 1 moving 
9 367 474 448 592 51710 0 1 1 moving 
9 367 476 449 593 51711 0 1 0 moving 
9 381 479 450 594 51712 0 1 1 moving 
9 395 482 451 595 51713 0 1 1 moving 
9 409 486 453 596 51714 0 1 0 moving 
9 409 488 454 597 51715 0 1 1 moving 
9 410 491 455 598 51716 0 1 1 moving 
9 411 494 457 599 51717 0 1 1 moving 
9 412 496 458 600 51718 0 1 1 moving 
9 413 499 459 601 51719 0 1 1 moving 
10 742 335 796 453 51700 0 0 0 moving 
10 747 340 800 459 51701 0 0 1 standing 
10 753 346 805 466 51702 0 0 1 standing 
10 759 351 810 473 51703 0 0 1 standing 
10 765 357 814 480 51704 0 0 1 standing 
10 771 362 819 487 51705 0 0 1 standing 
10 777 368 824 494 51706 0 0 1 standing 
10 783 374 829 501 51707 0 0 0 standing 
10 786 373 834 500 51708 0 0 1 standing 
10 790 373 839 499 51709 0 0 1 standing 
10 793 373 844 498 51710 0 0 1 standing 
10 797 373 849 497 51711 0 0 0 standing 
10 798 371 849 496 51712 0 0 1 standing 
10 800 370 849 496 51713 0 0 1 standing 
10 802 368 849 496 51714 0 0 1 standing 
10 804 367 849 496 51715 0 0 1 standing 
10 806 365 849 496 51716 0 0 1 standing 
10 808 364 849 496 51717 0 0 1 standing 
10 810 362 849 496 51718 0 0 1 standing 
10 812 361 849 496 51719 0 0 0 standing 
11 908 454 955 613 51700 0 0 0 standing 
11 909 453 956 611 51701 0 0 1 standing 
11 911 452 958 610 51702 0 0 1 standing 
11 913 451 959 608 51703 0 0 1 standing 
11 915 450 961 607 51704 0 0 1 standing 
11 917 449 963 606 51705 0 0 0 standing 
11 920 448 966 605 51706 0 0 1 standing 
11 923 447 969 605 51707 0 0 1 standing 
11 926 447 973 605 51708 0 0 1 standing 
11 929 446 976 605 51709 0 0 1 standing 
11 933 446 980 605 51710 0 0 0 standing 
11 934 443 981 601 51711 0 0 1 standing 
11 935 440 983 598 51712 0 0 1 standing 
11 936 438 985 595 51713 0 0 0 standing 
11 936 438 985 595 51714 0 0 1 standing 
11 936 439 986 595 51715 0 0 1 standing 
11 936 440 986 595 51716 0 0 1 standing 
11 936 441 987 595 51717 0 0 1 standing 
11 936 441 988 595 51718 0 0 1 standing 
11 936 442 988 595 51719 0 0 1 standing 
