0 467 253 531 405 16085 0 1 0 spiking 
0 465 249 530 399 16086 0 1 1 spiking 
0 464 245 529 393 16087 0 1 1 spiking 
0 462 241 528 387 16088 0 1 1 spiking 
0 461 237 528 381 16089 0 1 1 spiking 
0 459 233 527 375 16090 0 1 1 spiking 
0 458 229 526 369 16091 0 1 1 spiking 
0 456 225 525 363 16092 0 1 1 spiking 
0 455 222 525 357 16093 0 1 0 spiking 
0 448 227 518 361 16094 0 1 1 spiking 
0 442 232 512 366 16095 0 1 1 spiking 
0 436 237 506 371 16096 0 1 1 spiking 
0 429 243 500 376 16097 0 1 1 spiking 
0 423 248 493 381 16098 0 1 1 spiking 
0 417 253 487 386 16099 0 1 1 spiking 
0 410 258 481 391 16100 0 1 1 spiking 
0 404 264 475 396 16101 0 1 1 spiking 
0 398 269 468 401 16102 0 1 1 spiking 
0 391 274 462 406 16103 0 1 1 spiking 
0 385 279 456 411 16104 0 1 1 spiking 
1 640 314 692 445 16085 0 1 0 spiking 
1 632 305 685 440 16086 0 1 1 blocking 
1 624 296 679 436 16087 0 1 1 blocking 
1 616 287 672 432 16088 0 1 1 blocking 
1 609 278 666 428 16089 0 1 1 blocking 
1 601 269 660 424 16090 0 1 1 blocking 
1 593 260 653 419 16091 0 1 1 blocking 
1 586 251 647 415 16092 0 1 1 blocking 
1 578 242 640 411 16093 0 1 1 blocking 
1 570 233 634 407 16094 0 1 1 blocking 
1 563 224 628 403 16095 0 1 0 blocking 
1 554 227 619 406 16096 0 1 1 blocking 
1 546 230 611 409 16097 0 1 1 blocking 
1 538 233 603 412 16098 0 1 1 blocking 
1 530 237 595 416 16099 0 1 1 blocking 
1 521 240 586 419 16100 0 1 1 blocking 
1 513 243 578 422 16101 0 1 1 blocking 
1 505 246 570 425 16102 0 1 1 blocking 
1 497 250 562 429 16103 0 1 0 blocking 
1 497 250 562 429 16104 0 1 1 blocking 
2 632 290 684 423 16085 0 1 0 blocking 
2 624 282 676 419 16086 0 1 1 blocking 
2 616 275 669 415 16087 0 1 1 blocking 
2 608 268 662 412 16088 0 1 1 blocking 
2 600 261 655 408 16089 0 1 1 blocking 
2 592 254 648 405 16090 0 1 1 blocking 
2 584 246 640 401 16091 0 1 1 blocking 
2 576 239 633 397 16092 0 1 1 blocking 
2 568 232 626 394 16093 0 1 1 blocking 
2 560 225 619 390 16094 0 1 1 blocking 
2 553 218 612 387 16095 0 1 0 blocking 
2 546 221 605 390 16096 0 1 1 blocking 
2 539 225 598 394 16097 0 1 1 blocking 
2 533 229 592 397 16098 0 1 1 blocking 
2 526 232 585 401 16099 0 1 1 blocking 
2 520 236 579 405 16100 0 1 1 blocking 
2 513 240 572 408 16101 0 1 1 blocking 
2 506 243 565 412 16102 0 1 1 blocking 
2 500 247 559 415 16103 0 1 1 blocking 
2 493 251 552 419 16104 0 1 1 blocking 
3 650 366 750 497 16085 0 0 0 blocking 
3 658 364 749 497 16086 0 0 1 standing 
3 667 362 748 497 16087 0 0 1 standing 
3 676 361 747 498 16088 0 0 0 standing 
3 681 358 746 499 16089 0 0 1 standing 
3 686 355 745 500 16090 0 0 1 standing 
3 692 353 744 502 16091 0 0 0 standing 
3 690 355 745 504 16092 0 0 1 standing 
3 688 357 746 506 16093 0 0 1 standing 
3 686 359 747 508 16094 0 0 0 standing 
3 682 364 743 509 16095 0 0 1 standing 
3 679 370 739 511 16096 0 0 1 standing 
3 676 376 735 513 16097 0 0 0 standing 
3 668 380 729 513 16098 0 0 1 standing 
3 660 384 723 513 16099 0 0 1 standing 
3 653 389 718 514 16100 0 0 0 standing 
3 642 390 705 514 16101 0 0 1 standing 
3 631 391 693 514 16102 0 0 1 standing 
3 621 392 681 515 16103 0 0 0 standing 
3 621 392 681 515 16104 0 0 1 standing 
4 860 457 930 596 16085 0 0 0 standing 
4 855 454 927 596 16086 0 0 1 standing 
4 850 451 924 597 16087 0 0 1 standing 
4 845 449 922 598 16088 0 0 0 standing 
4 838 445 917 596 16089 0 0 1 standing 
4 831 441 913 594 16090 0 0 1 standing 
4 825 437 909 592 16091 0 0 0 standing 
4 821 436 905 587 16092 0 0 1 standing 
4 818 435 901 583 16093 0 0 1 standing 
4 815 434 898 579 16094 0 0 0 standing 
4 813 435 899 581 16095 0 0 1 standing 
4 812 436 900 583 16096 0 0 1 standing 
4 811 437 902 586 16097 0 0 0 standing 
4 802 439 895 586 16098 0 0 1 standing 
4 793 442 889 586 16099 0 0 1 standing 
4 784 445 883 587 16100 0 0 0 standing 
4 775 444 874 586 16101 0 0 1 standing 
4 766 443 866 585 16102 0 0 1 standing 
4 757 443 857 584 16103 0 0 1 standing 
4 748 442 849 583 16104 0 0 1 standing 
5 962 346 1070 468 16085 0 0 0 standing 
5 957 344 1064 469 16086 0 0 1 standing 
5 952 342 1059 470 16087 0 0 1 standing 
5 947 341 1054 472 16088 0 0 0 standing 
5 938 339 1039 470 16089 0 0 1 standing 
5 930 338 1025 469 16090 0 0 1 standing 
5 922 337 1011 468 16091 0 0 0 standing 
5 911 334 992 467 16092 0 0 1 standing 
5 901 331 973 466 16093 0 0 1 standing 
5 891 329 954 466 16094 0 0 0 standing 
5 880 328 941 467 16095 0 0 1 standing 
5 870 328 929 468 16096 0 0 1 standing 
5 860 328 917 470 16097 0 0 0 standing 
5 847 332 902 472 16098 0 0 1 standing 
5 835 336 888 474 16099 0 0 1 standing 
5 823 340 874 476 16100 0 0 0 standing 
5 812 341 864 474 16101 0 0 1 standing 
5 802 342 854 473 16102 0 0 1 standing 
5 791 343 844 471 16103 0 0 1 standing 
5 781 344 834 470 16104 0 0 1 standing 
6 1223 397 1278 525 16085 0 0 0 standing 
6 1219 396 1277 527 16086 0 0 1 waiting 
6 1216 395 1277 529 16087 0 0 1 waiting 
6 1213 395 1277 532 16088 0 0 0 waiting 
6 1209 394 1277 531 16089 0 0 1 waiting 
6 1205 393 1277 530 16090 0 0 1 waiting 
6 1202 392 1277 529 16091 0 0 0 waiting 
6 1195 393 1270 530 16092 0 0 1 waiting 
6 1188 394 1264 531 16093 0 0 1 waiting 
6 1181 395 1258 532 16094 0 0 0 waiting 
6 1172 396 1247 535 16095 0 0 1 waiting 
6 1164 398 1236 538 16096 0 0 1 waiting 
6 1156 400 1226 542 16097 0 0 0 waiting 
6 1147 404 1215 543 16098 0 0 1 waiting 
6 1138 408 1204 545 16099 0 0 1 waiting 
6 1129 412 1193 547 16100 0 0 0 waiting 
6 1120 409 1183 545 16101 0 0 1 waiting 
6 1111 406 1173 544 16102 0 0 1 waiting 
6 1102 403 1163 542 16103 0 0 1 waiting 
6 1093 400 1153 541 16104 0 0 1 waiting 
7 475 372 558 475 16085 0 0 0 waiting 
7 471 368 554 472 16086 0 0 1 standing 
7 467 364 550 470 16087 0 0 1 standing 
7 464 361 547 468 16088 0 0 0 standing 
7 458 360 547 468 16089 0 0 1 standing 
7 452 359 547 468 16090 0 0 1 standing 
7 447 358 547 469 16091 0 0 0 standing 
7 441 355 541 469 16092 0 0 1 standing 
7 435 352 535 469 16093 0 0 1 standing 
7 430 349 530 470 16094 0 0 0 standing 
7 424 350 522 468 16095 0 0 1 standing 
7 418 351 515 466 16096 0 0 1 standing 
7 413 352 508 464 16097 0 0 0 standing 
7 408 354 497 465 16098 0 0 1 standing 
7 404 356 487 467 16099 0 0 1 standing 
7 400 358 477 469 16100 0 0 0 standing 
7 389 356 466 468 16101 0 0 1 standing 
7 379 355 456 467 16102 0 0 1 standing 
7 369 354 445 466 16103 0 0 1 standing 
7 359 353 435 465 16104 0 0 1 standing 
8 305 348 361 495 16085 0 0 0 standing 
8 304 349 365 494 16086 0 0 1 standing 
8 304 350 369 494 16087 0 0 1 standing 
8 304 352 373 494 16088 0 0 0 standing 
8 302 353 369 494 16089 0 0 1 standing 
8 300 354 365 495 16090 0 0 1 standing 
8 298 355 361 496 16091 0 0 0 standing 
8 292 354 354 495 16092 0 0 1 standing 
8 287 353 347 494 16093 0 0 1 standing 
8 282 352 340 494 16094 0 0 0 standing 
8 275 353 336 494 16095 0 0 1 standing 
8 269 354 332 495 16096 0 0 1 standing 
8 263 355 328 496 16097 0 0 0 standing 
8 251 359 318 497 16098 0 0 1 standing 
8 239 363 308 498 16099 0 0 1 standing 
8 228 367 299 499 16100 0 0 0 standing 
8 219 365 290 494 16101 0 0 1 standing 
8 211 364 282 489 16102 0 0 1 standing 
8 202 363 273 484 16103 0 0 1 standing 
8 194 362 265 479 16104 0 0 1 standing 
9 471 359 578 503 16085 0 0 0 standing 
9 468 358 568 504 16086 0 0 1 standing 
9 465 358 559 505 16087 0 0 1 standing 
9 462 358 550 506 16088 0 0 0 standing 
9 457 359 543 507 16089 0 0 1 standing 
9 452 360 537 508 16090 0 0 1 standing 
9 447 362 531 509 16091 0 0 0 standing 
9 442 360 526 509 16092 0 0 1 standing 
9 438 358 521 509 16093 0 0 1 standing 
9 434 356 517 510 16094 0 0 0 standing 
9 428 358 510 512 16095 0 0 1 standing 
9 422 361 504 514 16096 0 0 1 standing 
9 416 364 498 517 16097 0 0 0 standing 
9 406 368 486 522 16098 0 0 1 standing 
9 396 372 474 527 16099 0 0 1 standing 
9 387 377 463 532 16100 0 0 0 standing 
9 379 379 455 532 16101 0 0 1 standing 
9 372 381 448 532 16102 0 0 1 standing 
9 365 384 441 532 16103 0 0 1 standing 
9 358 386 434 532 16104 0 0 1 standing 
10 236 451 317 597 16085 0 0 0 standing 
10 234 451 321 596 16086 0 0 1 standing 
10 232 451 326 596 16087 0 0 1 standing 
10 231 451 331 596 16088 0 0 0 standing 
10 230 450 326 595 16089 0 0 1 standing 
10 229 449 321 595 16090 0 0 1 standing 
10 228 448 316 595 16091 0 0 0 standing 
10 222 446 310 594 16092 0 0 1 standing 
10 216 444 304 593 16093 0 0 1 standing 
10 210 443 298 592 16094 0 0 0 standing 
10 200 441 288 590 16095 0 0 1 standing 
10 190 439 278 589 16096 0 0 1 standing 
10 180 437 268 588 16097 0 0 0 standing 
10 168 437 259 589 16098 0 0 1 standing 
10 156 437 250 590 16099 0 0 1 standing 
10 145 437 241 592 16100 0 0 0 standing 
10 135 436 232 591 16101 0 0 1 standing 
10 126 435 223 591 16102 0 0 1 standing 
10 116 435 215 591 16103 0 0 1 standing 
10 107 434 206 591 16104 0 0 1 standing 
11 217 441 275 581 16085 0 0 0 standing 
11 214 438 288 579 16086 0 0 1 moving 
11 212 436 302 578 16087 0 0 1 moving 
11 210 434 316 577 16088 0 0 0 moving 
11 210 433 316 576 16089 0 0 1 moving 
11 211 432 317 575 16090 0 0 1 moving 
11 212 432 318 575 16091 0 0 0 moving 
11 221 429 311 572 16092 0 0 1 moving 
11 230 426 304 569 16093 0 0 1 moving 
11 240 424 298 566 16094 0 0 0 moving 
11 240 425 298 566 16095 0 0 1 moving 
11 240 426 298 566 16096 0 0 1 moving 
11 241 428 299 567 16097 0 0 0 moving 
11 236 431 307 567 16098 0 0 1 moving 
11 232 435 315 567 16099 0 0 1 moving 
11 228 439 323 568 16100 0 0 0 moving 
11 221 439 314 568 16101 0 0 1 moving 
11 215 439 305 568 16102 0 0 1 moving 
11 208 439 296 568 16103 0 0 1 moving 
11 202 439 287 568 16104 0 0 1 moving 
