0 726 336 768 459 26095 0 1 0 spiking 
0 723 328 765 454 26096 0 1 1 spiking 
0 721 321 763 449 26097 0 1 1 spiking 
0 719 314 760 444 26098 0 1 1 spiking 
0 716 306 758 440 26099 0 1 1 spiking 
0 714 299 756 435 26100 0 1 1 spiking 
0 712 292 753 430 26101 0 1 1 spiking 
0 709 284 751 426 26102 0 1 1 spiking 
0 707 277 748 421 26103 0 1 1 spiking 
0 705 270 746 416 26104 0 1 1 spiking 
0 703 263 744 412 26105 0 1 0 spiking 
0 702 265 743 412 26106 0 1 1 spiking 
0 701 268 742 412 26107 0 1 1 spiking 
0 701 271 741 412 26108 0 1 1 spiking 
0 700 274 741 413 26109 0 1 1 spiking 
0 700 277 740 413 26110 0 1 1 spiking 
0 699 280 739 413 26111 0 1 1 spiking 
0 698 283 739 414 26112 0 1 1 spiking 
0 698 286 738 414 26113 0 1 1 spiking 
0 697 289 737 414 26114 0 1 1 spiking 
1 572 305 627 462 26095 0 1 0 spiking 
1 575 301 628 461 26096 0 1 1 blocking 
1 578 297 630 461 26097 0 1 1 blocking 
1 581 293 631 460 26098 0 1 1 blocking 
1 584 289 633 460 26099 0 1 1 blocking 
1 588 285 635 459 26100 0 1 1 blocking 
1 591 281 636 459 26101 0 1 1 blocking 
1 594 277 638 458 26102 0 1 1 blocking 
1 597 273 639 458 26103 0 1 1 blocking 
1 600 269 641 457 26104 0 1 1 blocking 
1 604 266 643 457 26105 0 1 0 blocking 
1 606 266 645 457 26106 0 1 1 blocking 
1 608 266 647 458 26107 0 1 1 blocking 
1 610 267 649 458 26108 0 1 1 blocking 
1 612 267 651 459 26109 0 1 1 blocking 
1 614 268 653 459 26110 0 1 1 blocking 
1 616 268 655 460 26111 0 1 1 blocking 
1 618 268 657 460 26112 0 1 1 blocking 
1 620 269 659 461 26113 0 1 1 blocking 
1 622 269 661 461 26114 0 1 1 blocking 
2 633 309 682 465 26095 0 0 0 blocking 
2 635 316 683 470 26096 0 0 1 standing 
2 637 323 685 475 26097 0 0 1 standing 
2 639 330 687 480 26098 0 0 0 standing 
2 640 338 688 484 26099 0 0 1 standing 
2 641 346 690 488 26100 0 0 1 standing 
2 643 355 692 492 26101 0 0 0 standing 
2 645 354 696 492 26102 0 0 1 standing 
2 647 353 700 492 26103 0 0 1 standing 
2 649 353 704 492 26104 0 0 0 standing 
2 651 353 706 494 26105 0 0 1 standing 
2 654 353 708 497 26106 0 0 1 standing 
2 657 353 711 500 26107 0 0 1 standing 
2 660 353 713 502 26108 0 0 1 standing 
2 663 353 715 505 26109 0 0 1 standing 
2 666 353 718 508 26110 0 0 0 standing 
2 670 354 722 508 26111 0 0 1 standing 
2 675 355 727 509 26112 0 0 1 standing 
2 679 356 732 509 26113 0 0 1 standing 
2 684 357 737 510 26114 0 0 1 standing 
3 801 380 879 458 26095 0 0 0 standing 
3 805 376 883 459 26096 0 0 1 moving 
3 809 373 887 461 26097 0 0 1 moving 
3 814 370 891 463 26098 0 0 0 moving 
3 817 366 891 462 26099 0 0 1 moving 
3 820 363 892 461 26100 0 0 1 moving 
3 824 360 893 461 26101 0 0 0 moving 
3 826 356 892 459 26102 0 0 1 moving 
3 829 353 891 457 26103 0 0 1 moving 
3 832 350 891 456 26104 0 0 0 moving 
3 833 351 893 455 26105 0 0 1 moving 
3 835 352 895 455 26106 0 0 1 moving 
3 837 353 897 455 26107 0 0 0 moving 
3 837 352 898 453 26108 0 0 1 moving 
3 837 352 900 452 26109 0 0 1 moving 
3 837 352 902 451 26110 0 0 0 moving 
3 838 353 905 451 26111 0 0 1 moving 
3 840 354 908 451 26112 0 0 1 moving 
3 842 356 912 451 26113 0 0 0 moving 
3 841 356 911 451 26114 0 0 1 moving 
4 847 416 906 535 26095 0 0 0 moving 
4 833 419 898 540 26096 0 0 1 standing 
4 819 422 890 545 26097 0 0 1 standing 
4 806 425 882 551 26098 0 0 0 standing 
4 802 425 876 551 26099 0 0 1 standing 
4 799 426 870 552 26100 0 0 1 standing 
4 796 427 865 553 26101 0 0 0 standing 
4 797 422 864 553 26102 0 0 1 standing 
4 798 417 864 553 26103 0 0 1 standing 
4 799 412 864 554 26104 0 0 0 standing 
4 800 408 865 553 26105 0 0 1 standing 
4 801 404 866 553 26106 0 0 1 standing 
4 803 400 868 553 26107 0 0 0 standing 
4 804 398 867 552 26108 0 0 1 standing 
4 806 396 866 551 26109 0 0 1 standing 
4 808 395 865 550 26110 0 0 0 standing 
4 810 396 868 551 26111 0 0 1 standing 
4 813 397 871 552 26112 0 0 1 standing 
4 816 398 874 553 26113 0 0 1 standing 
4 819 399 877 554 26114 0 0 1 standing 
5 873 497 968 670 26095 0 0 0 standing 
5 869 494 958 670 26096 0 0 1 moving 
5 866 491 949 670 26097 0 0 1 moving 
5 863 488 940 671 26098 0 0 0 moving 
5 854 485 938 669 26099 0 0 1 moving 
5 845 482 936 667 26100 0 0 1 moving 
5 836 479 935 666 26101 0 0 0 moving 
5 837 476 927 660 26102 0 0 1 moving 
5 839 474 919 654 26103 0 0 1 moving 
5 841 472 911 649 26104 0 0 0 moving 
5 836 467 899 646 26105 0 0 1 moving 
5 832 462 887 644 26106 0 0 1 moving 
5 828 458 876 642 26107 0 0 0 moving 
5 817 455 875 642 26108 0 0 1 moving 
5 807 453 874 643 26109 0 0 1 moving 
5 797 451 874 644 26110 0 0 0 moving 
5 798 449 871 641 26111 0 0 1 moving 
5 799 448 868 638 26112 0 0 1 moving 
5 800 447 866 635 26113 0 0 1 moving 
5 801 446 863 632 26114 0 0 1 moving 
6 1007 380 1084 527 26095 0 0 0 moving 
6 998 379 1083 525 26096 0 0 1 moving 
6 990 378 1082 524 26097 0 0 1 moving 
6 982 378 1082 523 26098 0 0 0 moving 
6 964 377 1075 520 26099 0 0 1 moving 
6 947 377 1068 518 26100 0 0 1 moving 
6 930 377 1062 516 26101 0 0 0 moving 
6 927 379 1049 517 26102 0 0 1 moving 
6 925 381 1036 518 26103 0 0 1 moving 
6 923 383 1024 520 26104 0 0 0 moving 
6 926 382 1011 519 26105 0 0 1 moving 
6 929 381 998 519 26106 0 0 1 moving 
6 932 381 985 519 26107 0 0 0 moving 
6 919 379 982 519 26108 0 0 1 moving 
6 907 378 979 519 26109 0 0 1 moving 
6 895 377 977 520 26110 0 0 0 moving 
6 896 375 975 518 26111 0 0 1 moving 
6 897 374 974 517 26112 0 0 1 moving 
6 898 373 973 516 26113 0 0 0 moving 
6 898 372 973 515 26114 0 0 1 moving 
7 571 403 621 540 26095 0 0 0 moving 
7 573 402 622 539 26096 0 0 1 standing 
7 575 402 623 539 26097 0 0 1 standing 
7 577 402 624 539 26098 0 0 0 standing 
7 578 399 627 539 26099 0 0 1 standing 
7 579 396 631 540 26100 0 0 1 standing 
7 581 393 635 541 26101 0 0 0 standing 
7 583 391 634 536 26102 0 0 1 standing 
7 586 389 633 531 26103 0 0 1 standing 
7 589 387 632 526 26104 0 0 1 standing 
7 592 386 632 522 26105 0 0 0 standing 
7 593 382 634 521 26106 0 0 1 standing 
7 594 378 637 520 26107 0 0 1 standing 
7 596 375 640 519 26108 0 0 1 standing 
7 597 371 643 518 26109 0 0 1 standing 
7 599 368 646 517 26110 0 0 0 standing 
7 601 366 647 515 26111 0 0 1 standing 
7 603 364 648 513 26112 0 0 1 standing 
7 605 363 649 511 26113 0 0 1 standing 
7 607 361 650 509 26114 0 0 1 standing 
8 509 448 575 591 26095 0 0 0 standing 
8 506 449 574 590 26096 0 0 1 standing 
8 504 450 573 590 26097 0 0 1 standing 
8 502 451 573 590 26098 0 0 0 standing 
8 499 447 573 590 26099 0 0 1 standing 
8 496 443 574 590 26100 0 0 1 standing 
8 493 440 575 590 26101 0 0 0 standing 
8 493 437 575 588 26102 0 0 1 standing 
8 494 434 575 587 26103 0 0 1 standing 
8 495 431 576 586 26104 0 0 0 standing 
8 492 428 571 583 26105 0 0 1 standing 
8 489 426 566 580 26106 0 0 1 standing 
8 487 424 562 578 26107 0 0 0 standing 
8 484 425 562 578 26108 0 0 1 standing 
8 481 427 562 578 26109 0 0 1 standing 
8 479 429 563 579 26110 0 0 0 standing 
8 480 430 564 579 26111 0 0 1 standing 
8 481 431 565 579 26112 0 0 1 standing 
8 483 432 566 579 26113 0 0 1 standing 
8 484 433 567 579 26114 0 0 1 standing 
9 424 359 488 478 26095 0 0 0 standing 
9 425 360 487 481 26096 0 0 1 moving 
9 426 362 487 484 26097 0 0 1 moving 
9 427 364 487 488 26098 0 0 0 moving 
9 428 363 489 487 26099 0 0 1 moving 
9 429 362 492 486 26100 0 0 1 moving 
9 430 362 495 486 26101 0 0 0 moving 
9 430 359 499 487 26102 0 0 1 moving 
9 431 356 503 488 26103 0 0 1 moving 
9 432 353 508 490 26104 0 0 0 moving 
9 435 344 512 486 26105 0 0 1 moving 
9 439 335 516 483 26106 0 0 1 moving 
9 443 326 520 480 26107 0 0 0 moving 
9 450 316 520 475 26108 0 0 1 moving 
9 457 307 521 470 26109 0 0 1 moving 
9 464 298 522 465 26110 0 0 0 moving 
9 466 299 526 462 26111 0 0 1 moving 
9 469 301 530 459 26112 0 0 1 moving 
9 472 302 534 456 26113 0 0 1 moving 
9 475 304 538 453 26114 0 0 1 moving 
10 282 424 380 576 26095 0 0 0 moving 
10 279 425 380 576 26096 0 0 1 standing 
10 276 426 380 576 26097 0 0 1 standing 
10 274 427 380 576 26098 0 0 0 standing 
10 275 425 379 576 26099 0 0 1 standing 
10 276 423 379 576 26100 0 0 1 standing 
10 277 421 379 576 26101 0 0 0 standing 
10 272 421 373 577 26102 0 0 1 standing 
10 267 421 367 579 26103 0 0 1 standing 
10 262 422 362 581 26104 0 0 0 standing 
10 261 421 362 581 26105 0 0 1 standing 
10 260 421 362 581 26106 0 0 1 standing 
10 259 421 362 581 26107 0 0 0 standing 
10 258 421 358 579 26108 0 0 1 standing 
10 257 421 355 577 26109 0 0 1 standing 
10 257 421 352 575 26110 0 0 0 standing 
10 255 421 351 576 26111 0 0 1 standing 
10 253 422 351 577 26112 0 0 1 standing 
10 252 423 351 579 26113 0 0 1 standing 
10 250 424 351 580 26114 0 0 1 standing 
11 150 388 208 532 26095 0 0 0 standing 
11 150 390 206 531 26096 0 0 1 standing 
11 150 392 204 530 26097 0 0 1 standing 
11 151 394 203 529 26098 0 0 0 standing 
11 153 391 206 528 26099 0 0 1 standing 
11 155 388 209 527 26100 0 0 1 standing 
11 157 386 212 527 26101 0 0 0 standing 
11 158 384 212 523 26102 0 0 1 standing 
11 159 382 212 519 26103 0 0 1 standing 
11 160 380 213 516 26104 0 0 0 standing 
11 159 379 212 511 26105 0 0 1 standing 
11 158 378 211 506 26106 0 0 1 standing 
11 157 377 211 502 26107 0 0 0 standing 
11 158 377 212 501 26108 0 0 1 standing 
11 159 378 214 500 26109 0 0 1 standing 
11 160 378 215 499 26110 0 0 1 standing 
11 161 379 217 498 26111 0 0 1 standing 
11 162 380 218 497 26112 0 0 1 standing 
11 163 380 220 496 26113 0 0 1 standing 
11 164 381 221 495 26114 0 0 1 standing 
