0 401 411 477 520 32185 0 1 0 digging 
0 415 412 490 520 32186 0 1 1 digging 
0 430 414 503 520 32187 0 1 1 digging 
0 445 415 516 520 32188 0 1 1 digging 
0 459 417 529 521 32189 0 1 1 digging 
0 474 419 543 521 32190 0 1 1 digging 
0 489 420 556 521 32191 0 1 1 digging 
0 503 422 569 522 32192 0 1 1 digging 
0 518 423 582 522 32193 0 1 1 digging 
0 533 425 595 522 32194 0 1 1 digging 
0 548 427 609 523 32195 0 1 0 digging 
0 561 422 622 522 32196 0 1 1 digging 
0 574 418 635 521 32197 0 1 1 digging 
0 587 413 648 520 32198 0 1 1 digging 
0 600 409 661 520 32199 0 1 1 digging 
0 613 404 674 519 32200 0 1 1 digging 
0 626 400 687 518 32201 0 1 1 digging 
0 639 395 700 518 32202 0 1 1 digging 
0 652 391 713 517 32203 0 1 1 digging 
0 665 386 726 516 32204 0 1 1 digging 
1 549 477 683 618 32185 0 1 0 digging 
1 560 475 690 615 32186 0 1 1 falling 
1 572 474 698 612 32187 0 1 1 falling 
1 584 473 706 609 32188 0 1 1 falling 
1 595 472 714 607 32189 0 1 1 falling 
1 607 471 722 604 32190 0 1 1 falling 
1 619 470 729 601 32191 0 1 1 falling 
1 630 469 737 599 32192 0 1 1 falling 
1 642 468 745 596 32193 0 1 1 falling 
1 654 467 753 593 32194 0 1 1 falling 
1 666 466 761 591 32195 0 1 0 falling 
1 676 463 771 587 32196 0 1 1 falling 
1 686 461 781 584 32197 0 1 1 falling 
1 696 458 791 581 32198 0 1 1 falling 
1 706 456 801 577 32199 0 1 1 falling 
1 716 454 811 574 32200 0 1 1 falling 
1 726 451 821 571 32201 0 1 1 falling 
1 736 449 831 567 32202 0 1 1 falling 
1 746 446 841 564 32203 0 1 1 falling 
1 756 444 851 561 32204 0 1 1 falling 
2 966 306 1015 446 32185 0 0 0 falling 
2 976 304 1025 444 32186 0 0 1 standing 
2 987 302 1036 442 32187 0 0 1 standing 
2 998 300 1047 440 32188 0 0 1 standing 
2 1009 299 1058 439 32189 0 0 1 standing 
2 1020 297 1069 437 32190 0 0 1 standing 
2 1031 295 1080 435 32191 0 0 1 standing 
2 1042 294 1091 434 32192 0 0 1 standing 
2 1053 292 1102 432 32193 0 0 1 standing 
2 1064 290 1113 430 32194 0 0 1 standing 
2 1075 289 1124 429 32195 0 0 0 standing 
2 1086 287 1135 429 32196 0 0 1 standing 
2 1097 286 1147 429 32197 0 0 1 standing 
2 1108 285 1158 430 32198 0 0 1 standing 
2 1119 284 1170 430 32199 0 0 1 standing 
2 1130 283 1182 431 32200 0 0 1 standing 
2 1141 282 1193 431 32201 0 0 1 standing 
2 1152 281 1205 431 32202 0 0 1 standing 
2 1163 280 1216 432 32203 0 0 1 standing 
2 1174 279 1228 432 32204 0 0 1 standing 
3 844 453 903 611 32185 0 0 0 standing 
3 856 452 915 610 32186 0 0 1 standing 
3 868 451 927 610 32187 0 0 1 standing 
3 881 450 939 610 32188 0 0 1 standing 
3 893 449 951 610 32189 0 0 1 standing 
3 906 448 963 610 32190 0 0 1 standing 
3 918 447 975 610 32191 0 0 1 standing 
3 930 446 987 610 32192 0 0 1 standing 
3 943 445 999 610 32193 0 0 1 standing 
3 955 444 1011 610 32194 0 0 1 standing 
3 968 444 1023 610 32195 0 0 0 standing 
3 980 445 1034 612 32196 0 0 1 standing 
3 992 447 1046 615 32197 0 0 1 standing 
3 1005 448 1057 617 32198 0 0 1 standing 
3 1017 450 1069 620 32199 0 0 1 standing 
3 1030 452 1081 622 32200 0 0 1 standing 
3 1042 453 1092 625 32201 0 0 1 standing 
3 1054 455 1104 627 32202 0 0 1 standing 
3 1067 456 1115 630 32203 0 0 1 standing 
3 1079 458 1127 632 32204 0 0 1 standing 
4 786 428 872 537 32185 0 0 0 standing 
4 795 423 881 535 32186 0 0 1 standing 
4 804 418 891 534 32187 0 0 1 standing 
4 813 413 900 533 32188 0 0 1 standing 
4 822 408 910 531 32189 0 0 1 standing 
4 831 404 919 530 32190 0 0 1 standing 
4 840 399 929 529 32191 0 0 1 standing 
4 849 394 938 527 32192 0 0 1 standing 
4 858 389 948 526 32193 0 0 1 standing 
4 867 384 957 525 32194 0 0 1 standing 
4 877 380 967 524 32195 0 0 0 standing 
4 886 380 975 523 32196 0 0 1 standing 
4 895 380 983 523 32197 0 0 1 standing 
4 904 380 991 523 32198 0 0 1 standing 
4 914 380 999 522 32199 0 0 1 standing 
4 923 380 1007 522 32200 0 0 1 standing 
4 932 380 1015 522 32201 0 0 1 standing 
4 942 380 1023 521 32202 0 0 1 standing 
4 951 380 1031 521 32203 0 0 1 standing 
4 960 380 1039 521 32204 0 0 1 standing 
5 780 360 832 468 32185 0 0 0 standing 
5 788 359 840 469 32186 0 0 1 standing 
5 796 359 848 471 32187 0 0 1 standing 
5 804 359 856 472 32188 0 0 1 standing 
5 813 359 864 474 32189 0 0 1 standing 
5 821 359 873 475 32190 0 0 1 standing 
5 829 358 881 477 32191 0 0 1 standing 
5 838 358 889 478 32192 0 0 1 standing 
5 846 358 897 480 32193 0 0 1 standing 
5 854 358 905 481 32194 0 0 1 standing 
5 863 358 914 483 32195 0 0 0 standing 
5 872 357 923 483 32196 0 0 1 standing 
5 882 357 933 484 32197 0 0 1 standing 
5 892 356 942 485 32198 0 0 1 standing 
5 901 356 952 485 32199 0 0 1 standing 
5 911 356 962 486 32200 0 0 1 standing 
5 921 355 971 487 32201 0 0 1 standing 
5 930 355 981 487 32202 0 0 1 standing 
5 940 354 990 488 32203 0 0 1 standing 
5 950 354 1000 489 32204 0 0 1 standing 
6 256 434 318 591 32185 0 0 0 standing 
6 268 432 330 589 32186 0 0 1 standing 
6 281 431 342 588 32187 0 0 1 standing 
6 294 429 355 586 32188 0 0 1 standing 
6 307 428 367 585 32189 0 0 1 standing 
6 320 427 380 583 32190 0 0 1 standing 
6 333 425 392 582 32191 0 0 1 standing 
6 346 424 404 580 32192 0 0 1 standing 
6 359 422 417 579 32193 0 0 1 standing 
6 372 421 429 577 32194 0 0 1 standing 
6 385 420 442 576 32195 0 0 0 standing 
6 397 419 455 575 32196 0 0 1 standing 
6 409 418 469 574 32197 0 0 1 standing 
6 421 418 483 573 32198 0 0 1 standing 
6 434 417 497 573 32199 0 0 1 standing 
6 446 417 511 572 32200 0 0 1 standing 
6 458 416 524 571 32201 0 0 1 standing 
6 471 415 538 571 32202 0 0 1 standing 
6 483 415 552 570 32203 0 0 1 standing 
6 495 414 566 569 32204 0 0 1 standing 
7 14 396 64 538 32185 0 0 0 standing 
7 22 392 73 533 32186 0 0 1 standing 
7 31 389 83 528 32187 0 0 1 standing 
7 39 385 93 523 32188 0 0 1 standing 
7 48 382 102 518 32189 0 0 1 standing 
7 57 379 112 514 32190 0 0 1 standing 
7 65 375 122 509 32191 0 0 1 standing 
7 74 372 131 504 32192 0 0 1 standing 
7 82 368 141 499 32193 0 0 1 standing 
7 91 365 151 494 32194 0 0 1 standing 
7 100 362 161 490 32195 0 0 0 standing 
7 113 360 173 488 32196 0 0 1 standing 
7 126 358 185 486 32197 0 0 1 standing 
7 140 356 198 484 32198 0 0 0 standing 
7 149 352 206 480 32199 0 0 1 standing 
7 159 349 215 476 32200 0 0 1 standing 
7 169 345 224 473 32201 0 0 1 standing 
7 178 342 233 469 32202 0 0 1 standing 
7 188 338 242 466 32203 0 0 1 standing 
7 198 335 251 462 32204 0 0 1 standing 
8 287 406 342 563 32185 0 0 0 standing 
8 299 404 354 561 32186 0 0 1 standing 
8 311 402 366 559 32187 0 0 1 standing 
8 323 400 378 557 32188 0 0 1 standing 
8 335 399 390 556 32189 0 0 1 standing 
8 347 397 402 554 32190 0 0 1 standing 
8 359 395 414 552 32191 0 0 1 standing 
8 371 394 426 551 32192 0 0 1 standing 
8 383 392 438 549 32193 0 0 1 standing 
8 395 390 450 547 32194 0 0 1 standing 
8 408 389 463 546 32195 0 0 0 standing 
8 420 388 475 545 32196 0 0 1 standing 
8 433 387 488 544 32197 0 0 1 standing 
8 445 386 500 543 32198 0 0 1 standing 
8 458 386 513 543 32199 0 0 1 standing 
8 470 385 525 542 32200 0 0 1 standing 
8 483 384 538 541 32201 0 0 1 standing 
8 495 384 550 541 32202 0 0 1 standing 
8 508 383 563 540 32203 0 0 1 standing 
8 520 382 575 539 32204 0 0 1 standing 
9 264 383 303 513 32185 0 0 0 standing 
9 278 380 317 510 32186 0 0 1 standing 
9 292 378 331 508 32187 0 0 1 standing 
9 306 376 345 506 32188 0 0 1 standing 
9 320 373 359 503 32189 0 0 1 standing 
9 334 371 373 501 32190 0 0 1 standing 
9 348 369 387 499 32191 0 0 1 standing 
9 362 366 401 496 32192 0 0 1 standing 
9 376 364 415 494 32193 0 0 1 standing 
9 390 362 429 492 32194 0 0 1 standing 
9 404 360 443 490 32195 0 0 0 standing 
9 416 359 455 489 32196 0 0 1 standing 
9 429 358 468 488 32197 0 0 1 standing 
9 441 357 480 487 32198 0 0 1 standing 
9 454 356 493 486 32199 0 0 1 standing 
9 467 356 506 486 32200 0 0 1 standing 
9 479 355 518 485 32201 0 0 1 standing 
9 492 354 531 484 32202 0 0 1 standing 
9 504 353 543 483 32203 0 0 1 standing 
9 517 352 556 482 32204 0 0 1 standing 
10 125 271 158 388 32185 1 0 0 standing 
10 112 284 147 406 32186 1 0 1 standing 
10 100 298 137 424 32187 1 0 1 standing 
10 87 311 126 443 32188 1 0 1 standing 
10 75 325 116 461 32189 1 0 1 standing 
10 62 339 106 480 32190 1 0 1 standing 
10 50 352 95 498 32191 1 0 1 standing 
10 37 366 85 516 32192 1 0 1 standing 
10 25 379 74 535 32193 1 0 1 standing 
10 12 393 64 553 32194 1 0 1 standing 
10 0 407 54 572 32195 0 0 0 standing 
10 12 406 66 571 32196 0 0 1 standing 
10 24 405 78 570 32197 0 0 1 standing 
10 37 404 91 569 32198 0 0 1 standing 
10 49 403 103 568 32199 0 0 1 standing 
10 62 402 116 567 32200 0 0 1 standing 
10 74 401 128 566 32201 0 0 1 standing 
10 86 400 140 565 32202 0 0 1 standing 
10 99 399 153 564 32203 0 0 1 standing 
10 111 398 165 563 32204 0 0 1 standing 
11 175 222 227 279 32185 1 0 0 standing 
11 164 230 217 293 32186 1 0 1 standing 
11 154 238 207 307 32187 1 0 1 standing 
11 144 246 197 321 32188 1 0 1 standing 
11 133 254 187 335 32189 1 0 1 standing 
11 123 262 178 349 32190 1 0 1 standing 
11 113 270 168 363 32191 1 0 1 standing 
11 102 278 158 377 32192 1 0 1 standing 
11 92 286 148 391 32193 1 0 1 standing 
11 82 295 139 405 32194 1 0 1 standing 
11 72 303 129 419 32195 1 0 1 standing 
11 61 311 119 433 32196 1 0 1 standing 
11 51 319 109 447 32197 1 0 1 standing 
11 41 327 100 461 32198 1 0 1 standing 
11 30 335 90 475 32199 1 0 1 standing 
11 20 343 80 489 32200 1 0 1 standing 
11 10 351 70 503 32201 1 0 1 standing 
11 0 360 61 517 32202 0 0 0 standing 
11 7 358 63 515 32203 0 0 1 standing 
11 14 356 66 513 32204 0 0 1 standing 
