0 364 385 421 493 1760 0 1 0 setting 
0 372 387 423 492 1761 0 1 1 setting 
0 380 390 425 491 1762 0 1 1 setting 
0 388 393 427 490 1763 0 1 0 setting 
0 391 386 431 490 1764 0 1 1 setting 
0 394 380 436 490 1765 0 1 1 setting 
0 397 373 440 490 1766 0 1 1 setting 
0 401 367 445 490 1767 0 1 0 setting 
0 401 360 448 490 1768 0 1 1 setting 
0 402 354 451 490 1769 0 1 1 setting 
0 403 348 454 490 1770 0 1 0 setting 
0 403 347 456 489 1771 0 1 1 setting 
0 403 346 458 488 1772 0 1 1 setting 
0 403 345 461 488 1773 0 1 0 setting 
0 405 347 470 488 1774 0 1 1 setting 
0 408 350 479 488 1775 0 1 1 setting 
0 410 353 488 488 1776 0 1 1 setting 
0 413 356 497 489 1777 0 1 0 setting 
0 412 361 495 490 1778 0 1 1 setting 
0 412 366 493 492 1779 0 1 1 setting 
1 465 460 543 615 1760 0 0 0 setting 
1 465 460 543 613 1761 0 0 1 standing 
1 465 461 543 611 1762 0 0 1 standing 
1 466 462 543 609 1763 0 0 0 standing 
1 466 462 539 611 1764 0 0 1 standing 
1 467 463 535 613 1765 0 0 1 standing 
1 467 463 531 615 1766 0 0 1 standing 
1 468 464 528 618 1767 0 0 0 standing 
1 461 463 526 619 1768 0 0 1 standing 
1 454 463 525 620 1769 0 0 1 standing 
1 447 463 524 622 1770 0 0 0 standing 
1 449 463 525 622 1771 0 0 1 standing 
1 452 464 526 622 1772 0 0 1 standing 
1 455 465 528 622 1773 0 0 1 standing 
1 457 465 529 622 1774 0 0 1 standing 
1 460 466 531 622 1775 0 0 1 standing 
1 463 467 532 622 1776 0 0 1 standing 
1 466 468 534 622 1777 0 0 0 standing 
1 460 470 536 625 1778 0 0 1 standing 
1 455 472 538 628 1779 0 0 1 standing 
2 694 314 730 467 1760 0 0 0 standing 
2 695 320 731 470 1761 0 0 1 blocking 
2 697 326 732 473 1762 0 0 1 blocking 
2 699 332 734 477 1763 0 0 1 blocking 
2 700 338 735 480 1764 0 0 1 blocking 
2 702 344 737 484 1765 0 0 1 blocking 
2 704 350 738 487 1766 0 0 1 blocking 
2 706 357 740 491 1767 0 0 0 blocking 
2 711 356 745 495 1768 0 0 1 blocking 
2 716 355 751 499 1769 0 0 1 blocking 
2 722 355 757 504 1770 0 0 0 blocking 
2 724 356 760 503 1771 0 0 1 blocking 
2 727 357 764 502 1772 0 0 1 blocking 
2 730 358 768 502 1773 0 0 1 blocking 
2 733 359 772 501 1774 0 0 1 blocking 
2 736 360 776 501 1775 0 0 1 blocking 
2 739 361 780 500 1776 0 0 1 blocking 
2 742 362 784 499 1777 0 0 1 blocking 
2 745 363 788 499 1778 0 0 1 blocking 
2 748 364 792 498 1779 0 0 1 blocking 
3 692 312 738 458 1760 0 0 0 blocking 
3 694 316 740 460 1761 0 0 1 blocking 
3 696 320 742 462 1762 0 0 1 blocking 
3 698 324 744 464 1763 0 0 1 blocking 
3 701 328 746 466 1764 0 0 1 blocking 
3 703 332 748 468 1765 0 0 1 blocking 
3 705 336 750 470 1766 0 0 1 blocking 
3 708 340 752 472 1767 0 0 1 blocking 
3 710 344 754 474 1768 0 0 1 blocking 
3 712 348 756 476 1769 0 0 1 blocking 
3 715 352 759 479 1770 0 0 0 blocking 
3 717 353 760 479 1771 0 0 1 blocking 
3 719 355 761 480 1772 0 0 1 blocking 
3 721 357 762 481 1773 0 0 1 blocking 
3 724 359 764 482 1774 0 0 1 blocking 
3 726 361 765 483 1775 0 0 1 blocking 
3 728 363 766 484 1776 0 0 1 blocking 
3 731 365 768 485 1777 0 0 0 blocking 
3 729 365 768 487 1778 0 0 1 blocking 
3 727 365 769 490 1779 0 0 1 blocking 
4 338 477 406 596 1760 0 0 0 blocking 
4 337 478 410 595 1761 0 0 1 standing 
4 336 479 414 594 1762 0 0 1 standing 
4 336 480 419 593 1763 0 0 0 standing 
4 341 477 422 593 1764 0 0 1 standing 
4 346 475 426 593 1765 0 0 1 standing 
4 351 472 429 593 1766 0 0 1 standing 
4 356 470 433 593 1767 0 0 0 standing 
4 361 467 436 592 1768 0 0 1 standing 
4 366 464 440 592 1769 0 0 1 standing 
4 372 461 444 592 1770 0 0 0 standing 
4 378 461 449 591 1771 0 0 1 standing 
4 385 461 455 591 1772 0 0 1 standing 
4 392 462 461 591 1773 0 0 0 standing 
4 398 463 468 591 1774 0 0 1 standing 
4 405 465 476 591 1775 0 0 1 standing 
4 411 466 483 591 1776 0 0 1 standing 
4 418 468 491 591 1777 0 0 0 standing 
4 418 467 495 593 1778 0 0 1 standing 
4 419 467 499 595 1779 0 0 1 standing 
5 226 451 297 577 1760 0 0 0 standing 
5 235 451 302 577 1761 0 0 1 standing 
5 244 451 307 577 1762 0 0 1 standing 
5 254 451 313 578 1763 0 0 0 standing 
5 257 450 315 578 1764 0 0 1 standing 
5 261 449 317 578 1765 0 0 1 standing 
5 264 448 319 578 1766 0 0 1 standing 
5 268 447 322 579 1767 0 0 0 standing 
5 270 444 326 577 1768 0 0 1 standing 
5 272 441 331 575 1769 0 0 1 standing 
5 274 439 336 574 1770 0 0 0 standing 
5 277 435 336 571 1771 0 0 1 standing 
5 281 431 336 568 1772 0 0 1 standing 
5 285 428 337 566 1773 0 0 0 standing 
5 287 429 340 567 1774 0 0 1 standing 
5 290 431 344 568 1775 0 0 1 standing 
5 292 432 348 569 1776 0 0 1 standing 
5 295 434 352 571 1777 0 0 0 standing 
5 294 432 353 568 1778 0 0 1 standing 
5 294 430 354 565 1779 0 0 1 standing 
6 995 459 1105 524 1760 0 0 0 standing 
6 996 459 1108 523 1761 0 0 1 falling 
6 997 459 1112 523 1762 0 0 1 falling 
6 999 460 1116 523 1763 0 0 0 falling 
6 1000 460 1118 522 1764 0 0 1 falling 
6 1002 461 1120 521 1765 0 0 1 falling 
6 1003 461 1122 520 1766 0 0 1 falling 
6 1005 462 1125 520 1767 0 0 0 falling 
6 1007 463 1126 520 1768 0 0 1 falling 
6 1009 464 1127 521 1769 0 0 1 falling 
6 1012 466 1128 522 1770 0 0 0 falling 
6 1016 465 1130 522 1771 0 0 1 falling 
6 1021 464 1132 522 1772 0 0 1 falling 
6 1026 463 1135 522 1773 0 0 0 falling 
6 1035 462 1138 523 1774 0 0 1 falling 
6 1045 462 1141 525 1775 0 0 1 falling 
6 1055 461 1144 526 1776 0 0 1 falling 
6 1065 461 1147 528 1777 0 0 0 falling 
6 1070 461 1150 530 1778 0 0 1 falling 
6 1075 461 1153 532 1779 0 0 1 falling 
7 1025 392 1098 493 1760 0 0 0 falling 
7 1025 391 1097 493 1761 0 0 1 standing 
7 1025 390 1096 493 1762 0 0 1 standing 
7 1026 390 1095 493 1763 0 0 0 standing 
7 1025 389 1092 492 1764 0 0 1 standing 
7 1024 388 1089 492 1765 0 0 1 standing 
7 1023 387 1087 491 1766 0 0 1 standing 
7 1022 386 1084 491 1767 0 0 1 standing 
7 1021 385 1082 490 1768 0 0 1 standing 
7 1020 384 1079 490 1769 0 0 1 standing 
7 1020 383 1077 490 1770 0 0 0 standing 
7 1017 382 1076 492 1771 0 0 1 standing 
7 1014 381 1076 495 1772 0 0 1 standing 
7 1012 381 1076 498 1773 0 0 0 standing 
7 1016 380 1078 497 1774 0 0 1 standing 
7 1021 379 1080 497 1775 0 0 1 standing 
7 1026 378 1082 497 1776 0 0 1 standing 
7 1031 378 1084 497 1777 0 0 0 standing 
7 1030 377 1084 498 1778 0 0 1 standing 
7 1029 377 1084 499 1779 0 0 1 standing 
8 923 441 977 547 1760 0 0 0 standing 
8 919 442 976 545 1761 0 0 1 waiting 
8 915 443 976 544 1762 0 0 1 waiting 
8 912 444 976 543 1763 0 0 0 waiting 
8 915 444 976 544 1764 0 0 1 waiting 
8 918 444 977 545 1765 0 0 1 waiting 
8 921 444 977 546 1766 0 0 1 waiting 
8 924 445 978 548 1767 0 0 0 waiting 
8 928 445 982 549 1768 0 0 1 waiting 
8 932 445 986 550 1769 0 0 1 waiting 
8 937 446 991 552 1770 0 0 0 waiting 
8 941 446 994 552 1771 0 0 1 waiting 
8 945 446 998 552 1772 0 0 1 waiting 
8 949 446 1002 552 1773 0 0 1 waiting 
8 954 446 1005 553 1774 0 0 1 waiting 
8 958 446 1009 553 1775 0 0 1 waiting 
8 962 446 1013 553 1776 0 0 1 waiting 
8 967 447 1017 554 1777 0 0 0 waiting 
8 970 447 1021 554 1778 0 0 1 waiting 
8 973 448 1025 554 1779 0 0 1 waiting 
9 849 472 901 612 1760 0 0 0 waiting 
9 847 470 898 609 1761 0 0 1 standing 
9 845 468 895 607 1762 0 0 1 standing 
9 844 467 893 605 1763 0 0 0 standing 
9 841 464 891 600 1764 0 0 1 standing 
9 838 462 889 596 1765 0 0 1 standing 
9 835 460 887 591 1766 0 0 1 standing 
9 832 458 886 587 1767 0 0 0 standing 
9 834 458 887 588 1768 0 0 1 standing 
9 836 458 888 589 1769 0 0 1 standing 
9 838 459 889 591 1770 0 0 0 standing 
9 839 457 889 589 1771 0 0 1 standing 
9 840 455 890 588 1772 0 0 1 standing 
9 841 453 891 587 1773 0 0 1 standing 
9 842 451 891 586 1774 0 0 1 standing 
9 843 449 892 585 1775 0 0 1 standing 
9 844 447 893 584 1776 0 0 1 standing 
9 845 445 894 583 1777 0 0 0 standing 
9 846 443 896 583 1778 0 0 1 standing 
9 848 442 898 583 1779 0 0 1 standing 
10 747 410 817 518 1760 0 0 0 standing 
10 749 410 820 517 1761 0 0 1 standing 
10 751 411 823 517 1762 0 0 1 standing 
10 753 412 827 517 1763 0 0 0 standing 
10 757 410 829 517 1764 0 0 1 standing 
10 761 408 832 517 1765 0 0 1 standing 
10 765 406 835 517 1766 0 0 1 standing 
10 769 404 838 518 1767 0 0 0 standing 
10 772 402 839 519 1768 0 0 1 standing 
10 776 401 841 520 1769 0 0 1 standing 
10 780 400 843 522 1770 0 0 0 standing 
10 784 399 844 522 1771 0 0 1 standing 
10 788 398 845 523 1772 0 0 1 standing 
10 793 397 847 524 1773 0 0 0 standing 
10 799 399 851 525 1774 0 0 1 standing 
10 805 401 856 526 1775 0 0 1 standing 
10 811 403 860 527 1776 0 0 1 standing 
10 817 405 865 528 1777 0 0 0 standing 
10 821 405 866 528 1778 0 0 1 standing 
10 825 406 867 528 1779 0 0 1 standing 
11 802 324 859 454 1760 0 0 0 standing 
11 804 326 860 458 1761 0 0 1 standing 
11 806 329 861 462 1762 0 0 1 standing 
11 809 332 863 466 1763 0 0 0 standing 
11 812 336 865 468 1764 0 0 1 standing 
11 815 341 867 471 1765 0 0 1 standing 
11 818 346 869 473 1766 0 0 1 standing 
11 821 350 872 476 1767 0 0 1 standing 
11 824 355 874 478 1768 0 0 1 standing 
11 827 360 876 481 1769 0 0 1 standing 
11 830 365 879 484 1770 0 0 0 standing 
11 835 364 883 483 1771 0 0 1 standing 
11 841 363 887 482 1772 0 0 1 standing 
11 847 363 892 481 1773 0 0 0 standing 
11 854 365 901 482 1774 0 0 1 standing 
11 861 367 911 483 1775 0 0 1 standing 
11 868 369 921 484 1776 0 0 1 standing 
11 876 372 931 485 1777 0 0 0 standing 
11 874 374 932 486 1778 0 0 1 standing 
11 872 377 933 487 1779 0 0 1 standing 
