0 152 346 216 516 63760 0 0 0 standing 
0 148 345 213 514 63761 0 0 1 standing 
0 144 345 211 513 63762 0 0 1 standing 
0 140 345 208 511 63763 0 0 1 standing 
0 137 344 206 510 63764 0 0 1 standing 
0 133 344 204 509 63765 0 0 1 standing 
0 129 344 201 507 63766 0 0 1 standing 
0 126 343 199 506 63767 0 0 1 standing 
0 122 343 196 504 63768 0 0 1 standing 
0 118 343 194 503 63769 0 0 1 standing 
0 115 343 192 502 63770 0 0 0 standing 
0 111 342 189 501 63771 0 0 1 standing 
0 107 341 186 500 63772 0 0 1 standing 
0 104 340 184 499 63773 0 0 1 standing 
0 100 340 181 498 63774 0 0 1 standing 
0 97 339 179 498 63775 0 0 1 standing 
0 93 338 176 497 63776 0 0 1 standing 
0 89 338 173 496 63777 0 0 1 standing 
0 86 337 171 495 63778 0 0 1 standing 
0 82 336 168 494 63779 0 0 1 standing 
1 698 299 760 452 63760 0 0 0 standing 
1 694 298 756 451 63761 0 0 1 standing 
1 691 297 753 450 63762 0 0 1 standing 
1 688 296 749 449 63763 0 0 1 standing 
1 684 295 746 448 63764 0 0 1 standing 
1 681 294 743 447 63765 0 0 1 standing 
1 678 293 739 446 63766 0 0 1 standing 
1 674 292 736 445 63767 0 0 1 standing 
1 671 291 732 444 63768 0 0 1 standing 
1 668 290 729 443 63769 0 0 1 standing 
1 665 290 726 443 63770 0 0 0 standing 
1 662 288 723 441 63771 0 0 1 standing 
1 660 287 721 440 63772 0 0 1 standing 
1 658 286 719 439 63773 0 0 1 standing 
1 655 285 716 438 63774 0 0 1 standing 
1 653 284 714 437 63775 0 0 1 standing 
1 651 283 712 436 63776 0 0 1 standing 
1 648 282 709 435 63777 0 0 1 standing 
1 646 281 707 434 63778 0 0 1 standing 
1 644 280 705 433 63779 0 0 1 standing 
2 495 366 600 525 63760 0 0 0 standing 
2 503 365 604 525 63761 0 0 1 standing 
2 511 365 609 525 63762 0 0 1 standing 
2 520 364 613 526 63763 0 0 1 standing 
2 528 364 618 526 63764 0 0 1 standing 
2 536 363 622 526 63765 0 0 1 standing 
2 545 363 627 527 63766 0 0 0 standing 
2 549 363 632 527 63767 0 0 1 standing 
2 554 363 637 527 63768 0 0 1 standing 
2 559 363 642 527 63769 0 0 1 standing 
2 564 363 647 527 63770 0 0 1 standing 
2 569 364 652 528 63771 0 0 0 standing 
2 574 364 656 528 63772 0 0 1 standing 
2 579 364 661 529 63773 0 0 1 standing 
2 584 365 665 530 63774 0 0 1 standing 
2 589 365 670 530 63775 0 0 1 standing 
2 594 366 674 531 63776 0 0 1 standing 
2 599 366 679 532 63777 0 0 1 standing 
2 604 367 683 532 63778 0 0 1 standing 
2 609 367 688 533 63779 0 0 1 standing 
3 791 318 860 479 63760 0 0 0 standing 
3 790 318 858 479 63761 0 0 1 standing 
3 790 319 856 480 63762 0 0 1 standing 
3 790 319 854 480 63763 0 0 1 standing 
3 789 320 852 481 63764 0 0 1 standing 
3 789 321 850 482 63765 0 0 1 standing 
3 789 321 848 482 63766 0 0 1 standing 
3 788 322 846 483 63767 0 0 1 standing 
3 788 322 844 483 63768 0 0 1 standing 
3 788 323 842 484 63769 0 0 1 standing 
3 788 324 841 485 63770 0 0 0 standing 
3 788 324 841 485 63771 0 0 1 standing 
3 788 324 841 485 63772 0 0 1 standing 
3 788 324 841 485 63773 0 0 1 standing 
3 788 324 841 485 63774 0 0 1 standing 
3 788 324 841 485 63775 0 0 1 standing 
3 788 324 841 485 63776 0 0 1 standing 
3 788 324 841 485 63777 0 0 1 standing 
3 788 324 841 485 63778 0 0 1 standing 
3 788 324 841 485 63779 0 0 1 standing 
4 997 321 1060 468 63760 0 0 0 standing 
4 1004 320 1067 467 63761 0 0 1 standing 
4 1012 319 1075 466 63762 0 0 1 standing 
4 1019 318 1082 465 63763 0 0 1 standing 
4 1027 318 1090 465 63764 0 0 1 standing 
4 1035 317 1098 464 63765 0 0 1 standing 
4 1042 316 1105 463 63766 0 0 1 standing 
4 1050 316 1113 463 63767 0 0 1 standing 
4 1057 315 1120 462 63768 0 0 1 standing 
4 1065 314 1128 461 63769 0 0 1 standing 
4 1073 314 1136 461 63770 0 0 0 standing 
4 1081 315 1145 463 63771 0 0 1 standing 
4 1089 316 1154 465 63772 0 0 1 standing 
4 1097 317 1163 467 63773 0 0 1 standing 
4 1106 319 1173 469 63774 0 0 0 standing 
4 1116 320 1184 470 63775 0 0 1 standing 
4 1126 321 1195 472 63776 0 0 1 standing 
4 1136 322 1206 474 63777 0 0 1 standing 
4 1146 323 1217 475 63778 0 0 1 standing 
4 1156 324 1228 477 63779 0 0 1 standing 
5 1036 384 1100 555 63760 0 0 0 standing 
5 1036 384 1101 555 63761 0 0 1 standing 
5 1037 384 1103 555 63762 0 0 1 standing 
5 1038 385 1104 555 63763 0 0 1 standing 
5 1038 385 1106 556 63764 0 0 1 standing 
5 1039 386 1108 556 63765 0 0 1 standing 
5 1040 386 1109 556 63766 0 0 1 standing 
5 1040 386 1111 557 63767 0 0 1 standing 
5 1041 387 1112 557 63768 0 0 1 standing 
5 1042 387 1114 557 63769 0 0 1 standing 
5 1043 388 1116 558 63770 0 0 0 standing 
5 1047 388 1120 558 63771 0 0 1 standing 
5 1051 389 1124 559 63772 0 0 1 standing 
5 1055 390 1128 560 63773 0 0 1 standing 
5 1060 391 1133 561 63774 0 0 0 standing 
5 1065 391 1138 561 63775 0 0 1 standing 
5 1070 392 1143 562 63776 0 0 1 standing 
5 1075 393 1148 562 63777 0 0 1 standing 
5 1080 393 1153 563 63778 0 0 1 standing 
5 1085 394 1158 563 63779 0 0 1 standing 
6 261 403 333 555 63760 0 0 0 standing 
6 256 403 327 556 63761 0 0 1 standing 
6 252 403 321 558 63762 0 0 1 standing 
6 247 403 315 560 63763 0 0 1 standing 
6 243 403 310 562 63764 0 0 1 standing 
6 239 403 304 564 63765 0 0 1 standing 
6 234 403 298 565 63766 0 0 1 standing 
6 230 403 293 567 63767 0 0 1 standing 
6 225 403 287 569 63768 0 0 1 standing 
6 221 403 281 571 63769 0 0 1 standing 
6 217 404 276 573 63770 0 0 0 standing 
6 206 405 267 575 63771 0 0 1 standing 
6 195 407 258 578 63772 0 0 1 standing 
6 184 409 249 581 63773 0 0 1 standing 
6 174 411 240 584 63774 0 0 1 standing 
6 163 413 231 587 63775 0 0 1 standing 
6 152 414 222 589 63776 0 0 1 standing 
6 142 416 213 592 63777 0 0 1 standing 
6 131 418 204 595 63778 0 0 1 standing 
6 120 420 195 598 63779 0 0 1 standing 
7 414 330 509 440 63760 0 1 0 standing 
7 415 331 510 441 63761 0 1 1 falling 
7 417 333 512 443 63762 0 1 1 falling 
7 419 334 514 444 63763 0 1 1 falling 
7 421 336 516 446 63764 0 1 1 falling 
7 423 338 518 448 63765 0 1 0 falling 
7 424 338 519 448 63766 0 1 1 falling 
7 425 338 520 448 63767 0 1 1 falling 
7 426 339 521 449 63768 0 1 1 falling 
7 427 339 522 449 63769 0 1 1 falling 
7 429 340 524 450 63770 0 1 0 falling 
7 428 341 522 450 63771 0 1 1 falling 
7 427 343 520 450 63772 0 1 1 falling 
7 426 345 518 450 63773 0 1 1 falling 
7 425 346 516 451 63774 0 1 1 falling 
7 424 348 514 451 63775 0 1 1 falling 
7 423 350 512 451 63776 0 1 1 falling 
7 422 351 510 452 63777 0 1 1 falling 
7 421 353 508 452 63778 0 1 1 falling 
7 420 355 506 452 63779 0 1 1 falling 
8 638 280 697 440 63760 0 0 0 falling 
8 635 280 693 438 63761 0 0 1 standing 
8 632 281 690 437 63762 0 0 1 standing 
8 629 281 687 436 63763 0 0 1 standing 
8 626 282 684 435 63764 0 0 1 standing 
8 623 282 681 434 63765 0 0 1 standing 
8 620 283 677 433 63766 0 0 1 standing 
8 617 283 674 432 63767 0 0 1 standing 
8 614 284 671 431 63768 0 0 1 standing 
8 611 284 668 430 63769 0 0 1 standing 
8 608 285 665 429 63770 0 0 0 standing 
8 607 283 664 427 63771 0 0 1 standing 
8 606 281 663 425 63772 0 0 1 standing 
8 605 279 662 423 63773 0 0 1 standing 
8 604 278 661 422 63774 0 0 1 standing 
8 604 276 661 420 63775 0 0 1 standing 
8 603 274 660 418 63776 0 0 1 standing 
8 602 273 659 417 63777 0 0 1 standing 
8 601 271 658 415 63778 0 0 1 standing 
8 600 269 657 413 63779 0 0 1 standing 
9 1044 270 1119 406 63760 0 0 0 standing 
9 1041 271 1114 407 63761 0 0 1 standing 
9 1038 273 1109 409 63762 0 0 1 standing 
9 1036 275 1104 411 63763 0 0 1 standing 
9 1033 277 1099 413 63764 0 0 1 standing 
9 1031 279 1094 415 63765 0 0 1 standing 
9 1028 281 1089 416 63766 0 0 1 standing 
9 1025 283 1084 418 63767 0 0 1 standing 
9 1023 285 1079 420 63768 0 0 1 standing 
9 1020 287 1074 422 63769 0 0 1 standing 
9 1018 289 1069 424 63770 0 0 0 standing 
9 1011 289 1062 425 63771 0 0 1 standing 
9 1004 289 1055 427 63772 0 0 1 standing 
9 998 289 1048 428 63773 0 0 1 standing 
9 991 289 1041 430 63774 0 0 1 standing 
9 985 289 1035 432 63775 0 0 1 standing 
9 978 289 1028 433 63776 0 0 1 standing 
9 971 289 1021 435 63777 0 0 1 standing 
9 965 289 1014 436 63778 0 0 1 standing 
9 958 289 1007 438 63779 0 0 1 standing 
10 824 374 879 540 63760 0 0 0 standing 
10 822 372 876 539 63761 0 0 1 standing 
10 820 371 874 539 63762 0 0 1 standing 
10 818 369 872 538 63763 0 0 1 standing 
10 816 368 870 538 63764 0 0 1 standing 
10 814 367 868 538 63765 0 0 0 standing 
10 814 367 868 537 63766 0 0 1 standing 
10 815 368 869 537 63767 0 0 1 standing 
10 815 368 870 536 63768 0 0 1 standing 
10 816 369 871 536 63769 0 0 1 standing 
10 817 370 872 536 63770 0 0 0 standing 
10 815 369 870 535 63771 0 0 1 standing 
10 814 368 869 534 63772 0 0 1 standing 
10 812 367 867 533 63773 0 0 1 standing 
10 811 366 866 532 63774 0 0 1 standing 
10 810 366 865 532 63775 0 0 1 standing 
10 808 365 863 531 63776 0 0 1 standing 
10 807 364 862 530 63777 0 0 1 standing 
10 805 363 860 529 63778 0 0 1 standing 
10 804 362 859 528 63779 0 0 1 standing 
11 813 286 869 438 63760 0 0 0 standing 
11 812 285 868 437 63761 0 0 1 standing 
11 811 284 867 436 63762 0 0 1 standing 
11 810 284 866 436 63763 0 0 1 standing 
11 809 283 865 435 63764 0 0 1 standing 
11 808 283 864 435 63765 0 0 0 standing 
11 808 284 864 436 63766 0 0 1 standing 
11 809 285 865 437 63767 0 0 1 standing 
11 809 286 866 438 63768 0 0 1 standing 
11 810 287 867 439 63769 0 0 1 standing 
11 811 288 868 440 63770 0 0 0 standing 
11 814 287 871 438 63771 0 0 1 standing 
11 818 286 875 436 63772 0 0 1 standing 
11 822 285 879 434 63773 0 0 1 standing 
11 826 285 883 432 63774 0 0 1 standing 
11 830 284 887 431 63775 0 0 1 standing 
11 834 283 890 429 63776 0 0 1 standing 
11 838 283 894 427 63777 0 0 1 standing 
11 842 282 898 425 63778 0 0 1 standing 
11 846 281 902 423 63779 0 0 1 standing 
