0 372 292 439 411 53766 0 1 0 spiking 
0 371 288 439 410 53767 0 1 1 spiking 
0 371 285 440 409 53768 0 1 1 spiking 
0 371 282 440 408 53769 0 1 1 spiking 
0 371 279 441 408 53770 0 1 0 spiking 
0 371 276 441 405 53771 0 1 1 spiking 
0 371 273 442 403 53772 0 1 1 spiking 
0 372 270 443 400 53773 0 1 1 spiking 
0 372 267 444 398 53774 0 1 1 spiking 
0 373 264 445 395 53775 0 1 1 spiking 
0 373 261 446 393 53776 0 1 1 spiking 
0 374 258 447 390 53777 0 1 1 spiking 
0 374 255 448 388 53778 0 1 1 spiking 
0 375 252 449 386 53779 0 1 0 spiking 
0 376 256 451 391 53780 0 1 1 spiking 
0 377 261 453 396 53781 0 1 1 spiking 
0 378 265 455 401 53782 0 1 1 spiking 
0 380 270 457 406 53783 0 1 1 spiking 
0 381 275 460 411 53784 0 1 1 spiking 
0 382 279 462 416 53785 0 1 1 spiking 
1 439 357 516 490 53766 0 0 0 spiking 
1 435 360 514 490 53767 0 0 1 waiting 
1 432 364 512 491 53768 0 0 1 waiting 
1 429 367 510 492 53769 0 0 1 waiting 
1 426 371 509 493 53770 0 0 1 waiting 
1 423 375 507 493 53771 0 0 1 waiting 
1 420 378 505 494 53772 0 0 1 waiting 
1 417 382 503 495 53773 0 0 1 waiting 
1 414 386 502 496 53774 0 0 0 waiting 
1 411 385 499 495 53775 0 0 1 waiting 
1 409 385 497 495 53776 0 0 1 waiting 
1 406 385 495 495 53777 0 0 1 waiting 
1 404 385 492 494 53778 0 0 1 waiting 
1 401 385 490 494 53779 0 0 1 waiting 
1 399 385 488 494 53780 0 0 1 waiting 
1 397 385 485 493 53781 0 0 1 waiting 
1 394 385 483 493 53782 0 0 1 waiting 
1 392 385 481 493 53783 0 0 1 waiting 
1 389 385 478 492 53784 0 0 1 waiting 
1 387 385 476 492 53785 0 0 1 waiting 
2 253 338 321 454 53766 0 0 1 waiting 
2 261 338 322 454 53767 0 0 0 standing 
2 262 337 324 453 53768 0 0 1 standing 
2 264 336 326 453 53769 0 0 1 standing 
2 266 335 328 453 53770 0 0 1 standing 
2 268 335 330 453 53771 0 0 0 standing 
2 266 335 329 452 53772 0 0 1 standing 
2 264 335 328 452 53773 0 0 1 standing 
2 262 335 327 451 53774 0 0 1 standing 
2 260 335 326 451 53775 0 0 1 standing 
2 259 335 325 451 53776 0 0 0 standing 
2 257 334 322 450 53777 0 0 1 standing 
2 255 333 320 450 53778 0 0 1 standing 
2 253 332 318 449 53779 0 0 1 standing 
2 251 331 316 449 53780 0 0 1 standing 
2 249 330 314 449 53781 0 0 1 standing 
2 247 329 312 448 53782 0 0 1 standing 
2 245 328 310 448 53783 0 0 1 standing 
2 243 327 308 447 53784 0 0 1 standing 
2 241 326 306 447 53785 0 0 1 standing 
3 286 453 372 642 53766 0 0 0 standing 
3 287 451 371 635 53767 0 0 1 standing 
3 289 449 370 628 53768 0 0 1 standing 
3 291 447 369 622 53769 0 0 1 standing 
3 293 445 368 615 53770 0 0 1 standing 
3 295 443 367 608 53771 0 0 1 standing 
3 297 441 366 602 53772 0 0 0 standing 
3 299 439 366 601 53773 0 0 1 standing 
3 301 438 366 600 53774 0 0 1 standing 
3 303 436 366 599 53775 0 0 1 standing 
3 306 435 366 598 53776 0 0 0 standing 
3 305 433 366 595 53777 0 0 1 standing 
3 304 431 367 592 53778 0 0 1 standing 
3 303 429 368 589 53779 0 0 1 standing 
3 303 427 369 586 53780 0 0 1 standing 
3 302 425 370 583 53781 0 0 1 standing 
3 301 423 370 580 53782 0 0 1 standing 
3 301 421 371 577 53783 0 0 1 standing 
3 300 419 372 574 53784 0 0 1 standing 
3 299 417 373 571 53785 0 0 1 standing 
4 210 405 271 572 53766 0 0 0 standing 
4 208 407 274 571 53767 0 0 1 moving 
4 207 410 277 571 53768 0 0 1 moving 
4 205 413 280 571 53769 0 0 1 moving 
4 204 415 283 571 53770 0 0 1 moving 
4 202 418 286 571 53771 0 0 1 moving 
4 201 421 289 571 53772 0 0 0 moving 
4 199 419 289 570 53773 0 0 1 moving 
4 198 417 289 569 53774 0 0 1 moving 
4 197 415 290 568 53775 0 0 1 moving 
4 195 413 290 567 53776 0 0 1 moving 
4 194 411 290 566 53777 0 0 1 moving 
4 193 410 291 565 53778 0 0 0 moving 
4 196 407 291 561 53779 0 0 1 moving 
4 199 404 292 557 53780 0 0 1 moving 
4 202 401 293 554 53781 0 0 1 moving 
4 205 398 294 550 53782 0 0 1 moving 
4 209 396 295 547 53783 0 0 1 moving 
4 212 393 296 543 53784 0 0 1 moving 
4 215 390 297 540 53785 0 0 1 moving 
5 215 393 302 547 53766 0 0 1 moving 
5 211 395 302 546 53767 0 0 0 standing 
5 208 393 295 545 53768 0 0 1 standing 
5 205 392 289 545 53769 0 0 1 standing 
5 202 390 283 545 53770 0 0 1 standing 
5 199 389 277 544 53771 0 0 1 standing 
5 196 387 271 544 53772 0 0 1 standing 
5 194 386 265 544 53773 0 0 0 standing 
5 191 385 261 540 53774 0 0 1 standing 
5 188 385 257 536 53775 0 0 1 standing 
5 186 385 253 532 53776 0 0 0 standing 
5 181 383 248 529 53777 0 0 1 standing 
5 176 381 244 527 53778 0 0 1 standing 
5 171 380 240 525 53779 0 0 0 standing 
5 168 378 237 522 53780 0 0 1 standing 
5 165 376 234 519 53781 0 0 1 standing 
5 162 374 231 516 53782 0 0 1 standing 
5 160 373 228 514 53783 0 0 0 standing 
5 160 372 225 512 53784 0 0 1 standing 
5 161 371 223 511 53785 0 0 1 standing 
6 572 403 651 553 53766 0 0 0 standing 
6 572 401 651 549 53767 0 0 1 standing 
6 572 400 651 545 53768 0 0 1 standing 
6 572 399 651 541 53769 0 0 1 standing 
6 573 398 651 537 53770 0 0 1 standing 
6 573 397 652 533 53771 0 0 1 standing 
6 573 396 652 529 53772 0 0 1 standing 
6 574 395 652 525 53773 0 0 1 standing 
6 574 394 652 521 53774 0 0 1 standing 
6 574 393 652 517 53775 0 0 1 standing 
6 575 392 653 513 53776 0 0 0 standing 
6 573 390 652 512 53777 0 0 1 standing 
6 571 389 652 512 53778 0 0 1 standing 
6 570 387 651 511 53779 0 0 1 standing 
6 568 386 651 511 53780 0 0 1 standing 
6 567 385 650 510 53781 0 0 1 standing 
6 565 383 650 510 53782 0 0 1 standing 
6 563 382 649 509 53783 0 0 1 standing 
6 562 380 649 509 53784 0 0 1 standing 
6 560 379 648 508 53785 0 0 1 standing 
7 899 451 981 592 53766 0 0 1 standing 
7 899 450 980 591 53767 0 0 1 standing 
7 899 450 979 590 53768 0 0 0 standing 
7 898 451 981 590 53769 0 0 1 standing 
7 897 452 983 591 53770 0 0 1 standing 
7 897 453 986 592 53771 0 0 0 standing 
7 897 452 984 591 53772 0 0 1 standing 
7 897 452 983 591 53773 0 0 1 standing 
7 897 451 981 591 53774 0 0 1 standing 
7 897 451 980 591 53775 0 0 1 standing 
7 898 451 979 591 53776 0 0 0 standing 
7 894 447 976 589 53777 0 0 1 standing 
7 890 443 973 587 53778 0 0 1 standing 
7 886 439 971 585 53779 0 0 1 standing 
7 882 435 968 583 53780 0 0 1 standing 
7 879 432 966 581 53781 0 0 0 standing 
7 878 430 964 579 53782 0 0 1 standing 
7 877 429 962 577 53783 0 0 1 standing 
7 876 427 960 575 53784 0 0 1 standing 
7 875 426 958 573 53785 0 0 1 standing 
8 1041 375 1102 518 53766 0 0 0 standing 
8 1037 375 1099 517 53767 0 0 1 standing 
8 1033 375 1096 517 53768 0 0 1 standing 
8 1030 375 1093 516 53769 0 0 1 standing 
8 1026 375 1090 516 53770 0 0 1 standing 
8 1022 375 1087 515 53771 0 0 1 standing 
8 1019 376 1084 515 53772 0 0 0 standing 
8 1015 372 1078 514 53773 0 0 1 standing 
8 1012 368 1073 513 53774 0 0 1 standing 
8 1009 364 1067 512 53775 0 0 1 standing 
8 1006 360 1062 511 53776 0 0 0 standing 
8 1001 356 1058 506 53777 0 0 1 standing 
8 997 353 1054 501 53778 0 0 1 standing 
8 993 350 1050 496 53779 0 0 1 standing 
8 989 347 1046 491 53780 0 0 1 standing 
8 985 344 1042 486 53781 0 0 1 standing 
8 981 341 1038 482 53782 0 0 0 standing 
8 978 340 1035 481 53783 0 0 1 standing 
8 976 340 1032 481 53784 0 0 1 standing 
8 973 340 1029 480 53785 0 0 1 standing 
9 822 312 891 430 53766 0 0 1 standing 
9 820 311 889 429 53767 0 0 1 digging 
9 819 310 888 429 53768 0 0 0 digging 
9 814 310 888 426 53769 0 0 1 digging 
9 810 310 888 423 53770 0 0 1 digging 
9 806 310 888 421 53771 0 0 0 digging 
9 802 311 884 421 53772 0 0 1 digging 
9 798 312 881 421 53773 0 0 1 digging 
9 794 313 878 422 53774 0 0 1 digging 
9 790 314 875 422 53775 0 0 1 digging 
9 786 315 872 423 53776 0 0 0 digging 
9 779 314 863 422 53777 0 0 1 digging 
9 773 313 854 422 53778 0 0 1 digging 
9 766 312 845 422 53779 0 0 1 digging 
9 760 311 836 422 53780 0 0 1 digging 
9 754 310 827 422 53781 0 0 1 digging 
9 747 309 818 422 53782 0 0 1 digging 
9 741 308 809 422 53783 0 0 1 digging 
9 734 307 800 422 53784 0 0 1 digging 
9 728 306 791 422 53785 0 0 1 digging 
10 549 320 600 446 53766 0 1 0 digging 
10 545 320 595 447 53767 0 1 1 standing 
10 542 320 591 448 53768 0 1 1 standing 
10 539 320 586 449 53769 0 1 1 standing 
10 536 320 582 451 53770 0 1 0 standing 
10 533 316 578 450 53771 0 1 1 standing 
10 530 312 574 449 53772 0 1 1 standing 
10 528 308 570 449 53773 0 1 1 standing 
10 525 304 566 448 53774 0 1 1 standing 
10 522 300 562 447 53775 0 1 1 standing 
10 520 296 558 447 53776 0 1 0 standing 
10 516 287 555 445 53777 0 1 1 standing 
10 513 279 553 443 53778 0 1 1 standing 
10 509 271 551 441 53779 0 1 1 standing 
10 506 262 548 440 53780 0 1 1 standing 
10 502 254 546 438 53781 0 1 1 standing 
10 499 246 544 436 53782 0 1 1 standing 
10 496 238 542 435 53783 0 1 0 standing 
10 494 239 541 434 53784 0 1 1 standing 
10 492 240 541 433 53785 0 1 1 standing 
11 537 331 605 479 53766 0 1 1 standing 
11 534 329 601 476 53767 0 1 1 standing 
11 531 327 597 473 53768 0 1 1 standing 
11 529 325 592 470 53769 0 1 1 standing 
11 526 323 588 467 53770 0 1 1 standing 
11 523 321 584 464 53771 0 1 1 standing 
11 521 320 580 461 53772 0 1 0 standing 
11 518 313 577 461 53773 0 1 1 standing 
11 515 306 574 461 53774 0 1 1 standing 
11 512 299 571 461 53775 0 1 1 standing 
11 510 292 568 462 53776 0 1 0 standing 
11 507 288 566 459 53777 0 1 1 standing 
11 504 284 564 456 53778 0 1 1 standing 
11 502 280 562 453 53779 0 1 1 standing 
11 499 276 560 450 53780 0 1 1 standing 
11 497 272 558 447 53781 0 1 1 standing 
11 494 268 556 444 53782 0 1 1 standing 
11 492 264 554 441 53783 0 1 1 standing 
11 489 260 552 438 53784 0 1 1 standing 
11 487 256 550 435 53785 0 1 1 standing 
