0 603 399 668 549 83005 0 0 0 standing 
0 601 398 665 548 83006 0 0 1 standing 
0 600 397 663 547 83007 0 0 1 standing 
0 599 396 661 547 83008 0 0 1 standing 
0 597 395 659 546 83009 0 0 1 standing 
0 596 395 657 546 83010 0 0 1 standing 
0 595 394 654 545 83011 0 0 1 standing 
0 593 393 652 544 83012 0 0 1 standing 
0 592 392 650 544 83013 0 0 1 standing 
0 591 391 648 543 83014 0 0 1 standing 
0 590 391 646 543 83015 0 0 0 standing 
0 587 391 643 542 83016 0 0 1 standing 
0 585 392 641 542 83017 0 0 1 standing 
0 583 392 639 542 83018 0 0 1 standing 
0 581 393 637 541 83019 0 0 1 standing 
0 579 393 635 541 83020 0 0 1 standing 
0 577 394 632 541 83021 0 0 1 standing 
0 575 394 630 540 83022 0 0 1 standing 
0 573 395 628 540 83023 0 0 1 standing 
0 571 395 626 540 83024 0 0 1 standing 
1 405 471 478 648 83005 0 1 0 standing 
1 394 475 470 650 83006 0 1 1 standing 
1 384 480 462 652 83007 0 1 1 standing 
1 373 485 455 654 83008 0 1 1 standing 
1 363 490 447 656 83009 0 1 1 standing 
1 352 495 439 658 83010 0 1 1 standing 
1 342 500 432 661 83011 0 1 0 standing 
1 340 495 429 661 83012 0 1 1 standing 
1 338 491 426 661 83013 0 1 1 standing 
1 336 486 423 661 83014 0 1 1 standing 
1 334 482 420 661 83015 0 1 1 standing 
1 332 478 418 661 83016 0 1 0 standing 
1 329 477 416 659 83017 0 1 1 standing 
1 327 476 415 658 83018 0 1 1 standing 
1 325 476 414 657 83019 0 1 0 standing 
1 323 480 415 656 83020 0 1 1 standing 
1 321 485 417 655 83021 0 1 1 standing 
1 320 490 419 655 83022 0 1 0 standing 
1 319 491 422 655 83023 0 1 1 standing 
1 318 493 425 655 83024 0 1 1 standing 
2 526 322 587 439 83005 0 1 0 standing 
2 525 322 586 438 83006 0 1 1 standing 
2 525 322 586 437 83007 0 1 1 standing 
2 525 322 586 436 83008 0 1 1 standing 
2 525 322 586 435 83009 0 1 1 standing 
2 525 322 586 435 83010 0 1 1 standing 
2 525 322 585 434 83011 0 1 1 standing 
2 525 322 585 433 83012 0 1 1 standing 
2 525 322 585 432 83013 0 1 1 standing 
2 525 322 585 431 83014 0 1 1 standing 
2 525 322 585 431 83015 0 1 0 standing 
2 525 321 583 430 83016 0 1 1 standing 
2 526 321 582 429 83017 0 1 1 standing 
2 527 321 580 429 83018 0 1 1 standing 
2 527 320 579 428 83019 0 1 1 standing 
2 528 320 577 428 83020 0 1 1 standing 
2 529 320 576 427 83021 0 1 1 standing 
2 530 320 575 427 83022 0 1 0 standing 
2 527 319 577 426 83023 0 1 1 standing 
2 524 318 579 426 83024 0 1 1 standing 
3 325 417 387 559 83005 0 1 0 standing 
3 320 415 380 558 83006 0 1 1 setting 
3 315 413 374 558 83007 0 1 1 setting 
3 310 411 368 558 83008 0 1 1 setting 
3 306 409 362 558 83009 0 1 1 setting 
3 301 408 356 558 83010 0 1 1 setting 
3 296 406 349 558 83011 0 1 1 setting 
3 292 404 343 558 83012 0 1 1 setting 
3 287 402 337 558 83013 0 1 1 setting 
3 282 400 331 558 83014 0 1 1 setting 
3 278 399 325 558 83015 0 1 0 setting 
3 271 396 323 555 83016 0 1 1 setting 
3 265 393 321 552 83017 0 1 1 setting 
3 259 391 320 549 83018 0 1 1 setting 
3 253 388 318 546 83019 0 1 1 setting 
3 247 386 317 543 83020 0 1 1 setting 
3 241 383 315 540 83021 0 1 1 setting 
3 235 381 314 538 83022 0 1 0 setting 
3 228 388 310 544 83023 0 1 1 setting 
3 222 395 307 550 83024 0 1 1 setting 
4 407 358 464 462 83005 0 0 0 setting 
4 402 357 461 462 83006 0 0 1 standing 
4 398 356 459 463 83007 0 0 1 standing 
4 394 355 456 463 83008 0 0 1 standing 
4 390 354 454 464 83009 0 0 1 standing 
4 386 353 451 464 83010 0 0 1 standing 
4 382 353 449 465 83011 0 0 0 standing 
4 380 353 448 464 83012 0 0 1 standing 
4 378 354 447 463 83013 0 0 1 standing 
4 376 354 446 462 83014 0 0 1 standing 
4 374 355 446 461 83015 0 0 0 standing 
4 373 355 442 460 83016 0 0 1 standing 
4 372 355 439 460 83017 0 0 1 standing 
4 371 356 436 460 83018 0 0 1 standing 
4 370 356 433 460 83019 0 0 1 standing 
4 370 357 430 460 83020 0 0 0 standing 
4 370 356 431 460 83021 0 0 1 standing 
4 370 355 432 461 83022 0 0 1 standing 
4 370 354 433 461 83023 0 0 1 standing 
4 370 353 434 462 83024 0 0 1 standing 
5 257 377 339 517 83005 0 0 0 standing 
5 260 376 340 515 83006 0 0 1 standing 
5 264 376 341 514 83007 0 0 1 standing 
5 268 376 342 513 83008 0 0 1 standing 
5 272 375 343 512 83009 0 0 1 standing 
5 276 375 344 511 83010 0 0 1 standing 
5 279 375 345 509 83011 0 0 1 standing 
5 283 374 346 508 83012 0 0 1 standing 
5 287 374 347 507 83013 0 0 1 standing 
5 291 374 348 506 83014 0 0 1 standing 
5 295 374 350 505 83015 0 0 0 standing 
5 295 372 348 503 83016 0 0 1 standing 
5 295 371 347 502 83017 0 0 1 standing 
5 295 370 346 501 83018 0 0 1 standing 
5 295 369 345 499 83019 0 0 1 standing 
5 296 367 343 498 83020 0 0 1 standing 
5 296 366 342 497 83021 0 0 1 standing 
5 296 365 341 495 83022 0 0 1 standing 
5 296 364 340 494 83023 0 0 1 standing 
5 297 363 339 493 83024 0 0 0 standing 
6 798 443 863 593 83005 0 0 0 standing 
6 798 443 862 592 83006 0 0 1 standing 
6 798 443 862 592 83007 0 0 1 standing 
6 798 443 862 591 83008 0 0 1 standing 
6 798 443 862 591 83009 0 0 1 standing 
6 798 443 862 590 83010 0 0 1 standing 
6 798 443 862 590 83011 0 0 1 standing 
6 798 443 862 589 83012 0 0 1 standing 
6 798 443 862 589 83013 0 0 1 standing 
6 798 443 862 588 83014 0 0 1 standing 
6 798 443 862 588 83015 0 0 0 standing 
6 798 442 865 587 83016 0 0 1 standing 
6 798 442 868 586 83017 0 0 1 standing 
6 798 441 871 585 83018 0 0 1 standing 
6 798 441 875 584 83019 0 0 1 standing 
6 798 440 878 583 83020 0 0 1 standing 
6 798 440 881 582 83021 0 0 1 standing 
6 799 440 885 581 83022 0 0 0 standing 
6 810 440 888 582 83023 0 0 1 standing 
6 822 440 891 583 83024 0 0 1 standing 
7 797 392 852 531 83005 0 0 0 standing 
7 796 391 851 530 83006 0 0 1 standing 
7 796 391 851 530 83007 0 0 1 standing 
7 795 391 850 529 83008 0 0 1 standing 
7 795 390 850 529 83009 0 0 1 standing 
7 795 390 849 529 83010 0 0 1 standing 
7 794 390 849 528 83011 0 0 1 standing 
7 794 389 848 528 83012 0 0 1 standing 
7 793 389 848 527 83013 0 0 1 standing 
7 793 389 847 527 83014 0 0 1 standing 
7 793 389 847 527 83015 0 0 0 standing 
7 792 388 845 526 83016 0 0 1 standing 
7 791 387 844 525 83017 0 0 1 standing 
7 790 386 843 524 83018 0 0 1 standing 
7 789 386 842 523 83019 0 0 1 standing 
7 788 385 841 522 83020 0 0 1 standing 
7 787 384 840 521 83021 0 0 1 standing 
7 786 384 839 521 83022 0 0 0 standing 
7 784 385 837 522 83023 0 0 1 standing 
7 782 387 835 523 83024 0 0 1 standing 
8 839 379 884 502 83005 0 0 0 standing 
8 837 378 882 499 83006 0 0 1 standing 
8 835 377 880 496 83007 0 0 1 standing 
8 833 376 878 494 83008 0 0 1 standing 
8 832 375 876 491 83009 0 0 1 standing 
8 830 375 874 489 83010 0 0 1 standing 
8 828 374 872 486 83011 0 0 1 standing 
8 827 373 870 483 83012 0 0 1 standing 
8 825 372 868 481 83013 0 0 1 standing 
8 823 371 866 478 83014 0 0 1 standing 
8 822 371 864 476 83015 0 0 0 standing 
8 819 370 861 476 83016 0 0 1 standing 
8 816 369 858 476 83017 0 0 1 standing 
8 814 369 855 477 83018 0 0 1 standing 
8 811 368 853 477 83019 0 0 1 standing 
8 809 368 850 478 83020 0 0 1 standing 
8 806 367 847 478 83021 0 0 1 standing 
8 803 366 845 478 83022 0 0 1 standing 
8 801 366 842 479 83023 0 0 1 standing 
8 798 365 839 479 83024 0 0 1 standing 
9 1111 367 1163 488 83005 0 0 0 standing 
9 1112 366 1166 487 83006 0 0 1 standing 
9 1113 365 1170 486 83007 0 0 1 standing 
9 1114 365 1174 485 83008 0 0 1 standing 
9 1115 364 1177 484 83009 0 0 1 standing 
9 1116 363 1181 483 83010 0 0 1 standing 
9 1117 363 1185 482 83011 0 0 0 standing 
9 1120 363 1183 481 83012 0 0 1 standing 
9 1123 363 1182 480 83013 0 0 1 standing 
9 1126 363 1181 479 83014 0 0 1 standing 
9 1129 363 1180 478 83015 0 0 0 standing 
9 1129 362 1180 477 83016 0 0 1 standing 
9 1130 361 1181 476 83017 0 0 1 standing 
9 1131 360 1182 475 83018 0 0 1 standing 
9 1132 360 1183 475 83019 0 0 1 standing 
9 1133 359 1184 474 83020 0 0 1 standing 
9 1134 358 1185 473 83021 0 0 1 standing 
9 1135 358 1186 473 83022 0 0 1 standing 
9 1136 357 1187 472 83023 0 0 1 standing 
9 1137 356 1188 471 83024 0 0 1 standing 
10 1109 487 1177 621 83005 0 0 0 standing 
10 1110 487 1178 621 83006 0 0 1 digging 
10 1111 488 1179 621 83007 0 0 1 digging 
10 1112 489 1180 621 83008 0 0 1 digging 
10 1114 490 1181 621 83009 0 0 1 digging 
10 1115 491 1183 621 83010 0 0 1 digging 
10 1116 491 1184 621 83011 0 0 1 digging 
10 1118 492 1185 621 83012 0 0 1 digging 
10 1119 493 1186 621 83013 0 0 1 digging 
10 1120 494 1187 621 83014 0 0 1 digging 
10 1122 495 1189 622 83015 0 0 0 digging 
10 1124 495 1192 621 83016 0 0 1 digging 
10 1126 495 1196 621 83017 0 0 1 digging 
10 1129 495 1200 621 83018 0 0 1 digging 
10 1131 495 1203 621 83019 0 0 1 digging 
10 1133 495 1207 621 83020 0 0 1 digging 
10 1136 495 1211 621 83021 0 0 1 digging 
10 1138 495 1215 621 83022 0 0 1 digging 
10 1140 495 1218 621 83023 0 0 1 digging 
10 1143 495 1222 621 83024 0 0 1 digging 
11 1199 400 1266 544 83005 0 0 0 digging 
11 1206 400 1268 543 83006 0 0 1 digging 
11 1213 401 1270 543 83007 0 0 1 digging 
11 1220 401 1272 543 83008 0 0 1 digging 
11 1227 402 1274 542 83009 0 0 1 digging 
11 1234 402 1276 542 83010 0 0 1 digging 
11 1242 403 1279 542 83011 0 0 0 digging 
11 1241 403 1278 541 83012 0 0 1 digging 
11 1240 403 1278 541 83013 0 0 1 digging 
11 1239 403 1278 541 83014 0 0 1 digging 
11 1239 404 1278 541 83015 1 0 0 digging 
11 1238 404 1277 541 83016 1 0 1 digging 
11 1238 404 1277 541 83017 1 0 1 digging 
11 1238 404 1277 541 83018 1 0 1 digging 
11 1238 404 1277 541 83019 1 0 1 digging 
11 1238 405 1277 542 83020 1 0 1 digging 
11 1237 405 1276 542 83021 1 0 1 digging 
11 1237 405 1276 542 83022 1 0 1 digging 
11 1237 405 1276 542 83023 1 0 1 digging 
11 1237 405 1276 542 83024 1 0 1 digging 
