0 610 349 657 453 15570 0 1 0 setting 
0 607 341 653 451 15571 0 1 1 setting 
0 604 333 650 449 15572 0 1 1 setting 
0 602 326 647 447 15573 0 1 1 setting 
0 599 318 643 445 15574 0 1 1 setting 
0 597 310 640 443 15575 0 1 1 setting 
0 594 303 637 441 15576 0 1 1 setting 
0 592 295 633 439 15577 0 1 1 setting 
0 589 287 630 437 15578 0 1 1 setting 
0 587 280 627 436 15579 0 1 0 setting 
0 580 276 621 433 15580 0 1 1 setting 
0 574 273 616 430 15581 0 1 1 setting 
0 568 270 611 428 15582 0 1 0 setting 
0 561 278 605 430 15583 0 1 1 setting 
0 555 287 600 433 15584 0 1 1 setting 
0 548 295 595 436 15585 0 1 1 setting 
0 542 304 590 439 15586 0 1 1 setting 
0 536 313 585 442 15587 0 1 0 setting 
0 530 322 575 444 15588 0 1 1 setting 
0 524 331 565 447 15589 0 1 1 setting 
1 362 317 435 409 15570 0 1 0 setting 
1 366 315 443 407 15571 0 1 1 standing 
1 370 314 452 405 15572 0 1 1 standing 
1 374 313 461 404 15573 0 1 1 standing 
1 378 312 470 402 15574 0 1 1 standing 
1 382 311 479 401 15575 0 1 0 standing 
1 388 310 481 401 15576 0 1 1 standing 
1 394 309 484 401 15577 0 1 1 standing 
1 400 308 487 402 15578 0 1 1 standing 
1 406 308 490 402 15579 0 1 1 standing 
1 412 307 493 402 15580 0 1 1 standing 
1 418 306 495 403 15581 0 1 1 standing 
1 424 305 498 403 15582 0 1 1 standing 
1 431 305 501 403 15583 0 1 1 standing 
1 437 304 504 404 15584 0 1 1 standing 
1 443 303 507 404 15585 0 1 1 standing 
1 449 302 509 404 15586 0 1 1 standing 
1 455 302 512 405 15587 0 1 1 standing 
1 461 301 515 405 15588 0 1 1 standing 
1 467 300 518 405 15589 0 1 1 standing 
2 564 217 622 302 15570 0 1 0 standing 
2 561 216 619 301 15571 0 1 1 moving 
2 558 216 617 300 15572 0 1 1 moving 
2 556 216 615 300 15573 0 1 0 moving 
2 552 216 613 299 15574 0 1 1 moving 
2 549 216 611 299 15575 0 1 1 moving 
2 546 216 610 298 15576 0 1 1 moving 
2 543 216 608 298 15577 0 1 1 moving 
2 540 216 607 297 15578 0 1 1 moving 
2 537 216 605 297 15579 0 1 1 moving 
2 534 216 604 297 15580 0 1 0 moving 
2 534 215 602 298 15581 0 1 1 moving 
2 535 215 601 299 15582 0 1 1 moving 
2 536 215 600 300 15583 0 1 1 moving 
2 537 215 599 301 15584 0 1 1 moving 
2 538 215 598 302 15585 0 1 1 moving 
2 539 215 597 304 15586 0 1 0 moving 
2 538 212 599 306 15587 0 1 1 moving 
2 537 210 601 308 15588 0 1 1 moving 
2 536 207 603 310 15589 0 1 1 moving 
3 409 407 516 539 15570 0 1 0 moving 
3 414 407 519 539 15571 0 1 1 standing 
3 419 407 523 539 15572 0 1 1 standing 
3 424 408 526 539 15573 0 1 1 standing 
3 429 408 530 539 15574 0 1 1 standing 
3 434 409 533 539 15575 0 1 1 standing 
3 439 409 537 539 15576 0 1 1 standing 
3 444 409 540 540 15577 0 1 1 standing 
3 449 410 544 540 15578 0 1 1 standing 
3 454 410 547 540 15579 0 1 1 standing 
3 460 411 551 540 15580 0 1 1 standing 
3 465 411 555 540 15581 0 1 1 standing 
3 470 411 558 540 15582 0 1 1 standing 
3 475 412 562 540 15583 0 1 1 standing 
3 480 412 565 541 15584 0 1 1 standing 
3 485 413 569 541 15585 0 1 1 standing 
3 490 413 572 541 15586 0 1 1 standing 
3 495 413 576 541 15587 0 1 1 standing 
3 500 414 579 541 15588 0 1 1 standing 
3 505 414 583 541 15589 0 1 1 standing 
4 670 307 719 416 15570 0 0 0 standing 
4 668 306 714 418 15571 0 0 1 standing 
4 666 306 709 420 15572 0 0 1 standing 
4 665 306 705 422 15573 0 0 0 standing 
4 661 306 701 423 15574 0 0 1 standing 
4 657 306 697 424 15575 0 0 1 standing 
4 653 306 693 426 15576 0 0 1 standing 
4 649 306 690 427 15577 0 0 1 standing 
4 645 306 686 429 15578 0 0 1 standing 
4 641 306 682 430 15579 0 0 1 standing 
4 638 307 679 432 15580 0 0 0 standing 
4 633 307 675 433 15581 0 0 1 standing 
4 629 308 672 434 15582 0 0 1 standing 
4 625 309 669 436 15583 0 0 1 standing 
4 621 309 666 437 15584 0 0 1 standing 
4 617 310 663 438 15585 0 0 1 standing 
4 613 311 660 440 15586 0 0 0 standing 
4 607 313 655 442 15587 0 0 1 standing 
4 601 315 650 445 15588 0 0 1 standing 
4 595 317 645 447 15589 0 0 1 standing 
5 310 270 365 365 15570 0 0 0 standing 
5 305 270 362 367 15571 0 0 1 standing 
5 301 271 360 369 15572 0 0 1 standing 
5 297 272 358 371 15573 0 0 0 standing 
5 293 274 353 373 15574 0 0 1 standing 
5 289 277 349 375 15575 0 0 1 standing 
5 285 280 344 378 15576 0 0 1 standing 
5 282 282 340 380 15577 0 0 1 standing 
5 278 285 335 383 15578 0 0 1 standing 
5 274 288 331 385 15579 0 0 1 standing 
5 271 290 326 388 15580 0 0 1 standing 
5 267 293 322 390 15581 0 0 1 standing 
5 263 296 317 393 15582 0 0 1 standing 
5 260 298 313 395 15583 0 0 1 standing 
5 256 301 308 398 15584 0 0 1 standing 
5 252 304 304 400 15585 0 0 1 standing 
5 249 307 300 403 15586 0 0 0 standing 
5 243 309 296 404 15587 0 0 1 standing 
5 238 311 293 405 15588 0 0 1 standing 
5 232 313 289 406 15589 0 0 1 standing 
6 1196 389 1248 518 15570 0 0 0 standing 
6 1193 388 1244 516 15571 0 0 1 standing 
6 1190 387 1241 515 15572 0 0 1 standing 
6 1187 386 1237 514 15573 0 0 1 standing 
6 1184 385 1234 513 15574 0 0 1 standing 
6 1182 384 1230 512 15575 0 0 1 standing 
6 1179 383 1227 511 15576 0 0 1 standing 
6 1176 382 1223 510 15577 0 0 1 standing 
6 1173 381 1220 509 15578 0 0 1 standing 
6 1171 380 1217 508 15579 0 0 0 standing 
6 1166 380 1212 508 15580 0 0 1 standing 
6 1161 381 1208 509 15581 0 0 1 standing 
6 1156 382 1203 510 15582 0 0 1 standing 
6 1151 383 1199 511 15583 0 0 0 standing 
6 1142 381 1190 508 15584 0 0 1 standing 
6 1133 380 1181 506 15585 0 0 1 standing 
6 1124 379 1172 504 15586 0 0 1 standing 
6 1115 378 1163 502 15587 0 0 1 standing 
6 1106 377 1154 500 15588 0 0 1 standing 
6 1097 376 1145 498 15589 0 0 1 standing 
7 1174 318 1250 430 15570 0 0 0 standing 
7 1173 318 1249 429 15571 0 0 1 standing 
7 1173 318 1249 429 15572 0 0 1 standing 
7 1173 318 1248 429 15573 0 0 1 standing 
7 1173 318 1248 429 15574 0 0 1 standing 
7 1173 318 1248 429 15575 0 0 0 standing 
7 1175 315 1243 428 15576 0 0 1 standing 
7 1177 313 1238 427 15577 0 0 1 standing 
7 1179 310 1233 426 15578 0 0 1 standing 
7 1182 308 1228 425 15579 0 0 0 standing 
7 1177 307 1226 424 15580 0 0 1 standing 
7 1173 306 1224 423 15581 0 0 1 standing 
7 1169 305 1222 422 15582 0 0 1 standing 
7 1165 305 1220 422 15583 0 0 0 standing 
7 1159 304 1214 421 15584 0 0 1 standing 
7 1153 303 1208 421 15585 0 0 1 standing 
7 1147 302 1202 421 15586 0 0 1 standing 
7 1141 301 1196 421 15587 0 0 1 standing 
7 1135 300 1190 421 15588 0 0 1 standing 
7 1129 299 1184 421 15589 0 0 1 standing 
8 1060 260 1118 380 15570 0 0 0 standing 
8 1060 259 1114 378 15571 0 0 1 standing 
8 1060 258 1111 376 15572 0 0 1 standing 
8 1060 258 1108 375 15573 0 0 1 standing 
8 1060 257 1105 373 15574 0 0 1 standing 
8 1061 257 1102 372 15575 0 0 0 standing 
8 1056 256 1099 370 15576 0 0 1 standing 
8 1052 256 1097 369 15577 0 0 1 standing 
8 1048 256 1095 368 15578 0 0 1 standing 
8 1044 256 1093 367 15579 0 0 1 standing 
8 1040 256 1091 366 15580 0 0 0 standing 
8 1034 255 1084 365 15581 0 0 1 standing 
8 1029 255 1078 365 15582 0 0 1 standing 
8 1023 255 1071 365 15583 0 0 1 standing 
8 1018 254 1065 364 15584 0 0 1 standing 
8 1012 254 1058 364 15585 0 0 1 standing 
8 1007 254 1052 364 15586 0 0 1 standing 
8 1001 253 1045 363 15587 0 0 1 standing 
8 996 253 1039 363 15588 0 0 1 standing 
8 990 253 1032 363 15589 0 0 1 standing 
9 829 383 875 511 15570 0 0 0 standing 
9 825 382 872 510 15571 0 0 1 digging 
9 821 381 869 509 15572 0 0 1 digging 
9 817 381 866 508 15573 0 0 1 digging 
9 813 380 863 507 15574 0 0 1 digging 
9 809 380 861 507 15575 0 0 0 digging 
9 805 379 857 507 15576 0 0 1 digging 
9 801 379 853 507 15577 0 0 1 digging 
9 797 378 849 507 15578 0 0 1 digging 
9 794 378 845 507 15579 0 0 0 digging 
9 788 377 838 506 15580 0 0 1 digging 
9 783 376 832 506 15581 0 0 1 digging 
9 778 375 826 505 15582 0 0 1 digging 
9 773 375 820 505 15583 0 0 0 digging 
9 766 377 814 506 15584 0 0 1 digging 
9 759 380 809 508 15585 0 0 1 digging 
9 752 383 803 510 15586 0 0 1 digging 
9 745 386 798 512 15587 0 0 1 digging 
9 738 389 792 514 15588 0 0 1 digging 
9 731 392 787 516 15589 0 0 1 digging 
10 825 313 875 426 15570 0 0 0 digging 
10 821 313 871 424 15571 0 0 1 standing 
10 818 313 868 423 15572 0 0 1 standing 
10 815 313 865 422 15573 0 0 1 standing 
10 812 313 862 421 15574 0 0 1 standing 
10 809 314 859 420 15575 0 0 0 standing 
10 804 315 854 419 15576 0 0 1 standing 
10 800 316 850 419 15577 0 0 1 standing 
10 796 317 845 418 15578 0 0 1 standing 
10 792 318 841 418 15579 0 0 1 standing 
10 788 320 837 418 15580 0 0 0 standing 
10 782 322 830 418 15581 0 0 1 standing 
10 776 325 824 418 15582 0 0 1 standing 
10 771 328 818 419 15583 0 0 0 standing 
10 765 327 811 419 15584 0 0 1 standing 
10 759 326 804 419 15585 0 0 1 standing 
10 753 325 797 419 15586 0 0 1 standing 
10 748 324 791 419 15587 0 0 1 standing 
10 742 323 784 419 15588 0 0 1 standing 
10 736 322 777 419 15589 0 0 1 standing 
11 824 269 869 368 15570 0 0 0 standing 
11 820 268 865 367 15571 0 0 1 standing 
11 816 268 861 367 15572 0 0 1 standing 
11 812 267 858 366 15573 0 0 1 standing 
11 808 267 854 366 15574 0 0 1 standing 
11 804 267 851 365 15575 0 0 1 standing 
11 800 266 847 365 15576 0 0 1 standing 
11 796 266 843 364 15577 0 0 1 standing 
11 792 265 840 364 15578 0 0 1 standing 
11 788 265 836 363 15579 0 0 1 standing 
11 784 265 833 363 15580 0 0 0 standing 
11 778 266 827 364 15581 0 0 1 standing 
11 773 267 821 365 15582 0 0 1 standing 
11 767 268 815 366 15583 0 0 1 standing 
11 762 270 809 367 15584 0 0 1 standing 
11 757 271 803 369 15585 0 0 1 standing 
11 751 272 797 370 15586 0 0 1 standing 
11 746 274 791 371 15587 0 0 1 standing 
11 740 275 785 372 15588 0 0 1 standing 
11 735 276 779 373 15589 0 0 1 standing 
