0 328 473 364 576 13905 0 0 0 standing 
0 326 472 363 575 13906 0 0 1 standing 
0 324 472 362 575 13907 0 0 1 standing 
0 323 471 361 575 13908 0 0 1 standing 
0 321 471 361 575 13909 0 0 1 standing 
0 320 471 360 575 13910 0 0 1 standing 
0 318 470 359 574 13911 0 0 1 standing 
0 316 470 359 574 13912 0 0 1 standing 
0 315 469 358 574 13913 0 0 1 standing 
0 313 469 357 574 13914 0 0 1 standing 
0 312 469 357 574 13915 0 0 0 standing 
0 313 468 358 573 13916 0 0 1 standing 
0 314 468 359 573 13917 0 0 1 standing 
0 315 467 360 572 13918 0 0 1 standing 
0 317 467 362 572 13919 0 0 1 standing 
0 318 466 363 571 13920 0 0 1 standing 
0 319 466 364 571 13921 0 0 1 standing 
0 321 465 366 570 13922 0 0 1 standing 
0 322 465 367 570 13923 0 0 1 standing 
0 323 464 368 569 13924 0 0 1 standing 
1 480 530 523 635 13905 0 1 0 standing 
1 480 532 522 639 13906 0 1 1 digging 
1 480 534 522 643 13907 0 1 1 digging 
1 480 536 521 647 13908 0 1 1 digging 
1 480 539 521 652 13909 0 1 0 digging 
1 480 540 521 655 13910 0 1 1 digging 
1 480 542 521 659 13911 0 1 1 digging 
1 480 544 521 663 13912 0 1 1 digging 
1 480 545 521 666 13913 0 1 1 digging 
1 480 547 521 670 13914 0 1 1 digging 
1 480 549 521 674 13915 0 1 0 digging 
1 480 554 521 678 13916 0 1 1 digging 
1 480 559 522 683 13917 0 1 1 digging 
1 480 564 522 688 13918 0 1 1 digging 
1 481 569 523 693 13919 0 1 0 digging 
1 480 572 523 696 13920 0 1 1 digging 
1 480 576 523 700 13921 0 1 1 digging 
1 480 580 524 703 13922 0 1 1 digging 
1 480 583 524 707 13923 0 1 1 digging 
1 480 587 524 710 13924 0 1 1 digging 
2 501 419 562 516 13905 0 0 0 digging 
2 499 418 559 516 13906 0 0 1 standing 
2 497 418 557 516 13907 0 0 1 standing 
2 496 417 554 516 13908 0 0 1 standing 
2 494 417 552 516 13909 0 0 1 standing 
2 493 416 550 516 13910 0 0 1 standing 
2 491 416 547 516 13911 0 0 1 standing 
2 489 415 545 516 13912 0 0 1 standing 
2 488 415 542 516 13913 0 0 1 standing 
2 486 414 540 516 13914 0 0 1 standing 
2 485 414 538 517 13915 0 0 0 standing 
2 485 413 538 516 13916 0 0 1 standing 
2 485 413 539 516 13917 0 0 1 standing 
2 485 413 539 515 13918 0 0 1 standing 
2 485 412 540 515 13919 0 0 1 standing 
2 485 412 540 514 13920 0 0 1 standing 
2 485 412 541 514 13921 0 0 1 standing 
2 485 411 541 513 13922 0 0 1 standing 
2 485 411 542 513 13923 0 0 1 standing 
2 485 411 542 512 13924 0 0 1 standing 
3 710 470 753 583 13905 0 0 0 standing 
3 708 469 751 582 13906 0 0 1 standing 
3 706 468 749 581 13907 0 0 1 standing 
3 704 467 747 580 13908 0 0 1 standing 
3 703 467 746 580 13909 0 0 1 standing 
3 701 466 744 579 13910 0 0 1 standing 
3 699 465 742 578 13911 0 0 1 standing 
3 698 465 741 578 13912 0 0 1 standing 
3 696 464 739 577 13913 0 0 1 standing 
3 694 463 737 576 13914 0 0 1 standing 
3 693 463 736 576 13915 0 0 0 standing 
3 692 462 733 575 13916 0 0 1 standing 
3 692 462 730 574 13917 0 0 1 standing 
3 691 461 727 573 13918 0 0 1 standing 
3 691 461 724 573 13919 0 0 0 standing 
3 690 460 725 572 13920 0 0 1 standing 
3 690 460 726 572 13921 0 0 1 standing 
3 689 459 727 572 13922 0 0 1 standing 
3 689 459 728 571 13923 0 0 1 standing 
3 688 458 729 571 13924 0 0 1 standing 
4 694 367 735 455 13905 0 0 0 standing 
4 692 367 733 455 13906 0 0 1 standing 
4 691 368 732 456 13907 0 0 1 standing 
4 690 368 731 456 13908 0 0 1 standing 
4 688 369 729 457 13909 0 0 1 standing 
4 687 369 728 457 13910 0 0 1 standing 
4 686 370 727 458 13911 0 0 1 standing 
4 684 370 725 458 13912 0 0 1 standing 
4 683 371 724 459 13913 0 0 1 standing 
4 682 371 723 459 13914 0 0 1 standing 
4 681 372 722 460 13915 0 0 0 standing 
4 679 372 720 460 13916 0 0 1 standing 
4 678 372 719 460 13917 0 0 1 standing 
4 677 372 718 460 13918 0 0 1 standing 
4 676 373 717 461 13919 0 0 1 standing 
4 675 373 716 461 13920 0 0 1 standing 
4 674 373 715 461 13921 0 0 1 standing 
4 673 374 714 462 13922 0 0 1 standing 
4 672 374 713 462 13923 0 0 1 standing 
4 671 374 712 462 13924 0 0 1 standing 
5 826 402 886 504 13905 0 0 0 standing 
5 828 401 887 503 13906 0 0 1 standing 
5 831 400 889 503 13907 0 0 1 standing 
5 834 399 891 503 13908 0 0 1 standing 
5 837 399 893 503 13909 0 0 1 standing 
5 840 398 895 503 13910 0 0 1 standing 
5 842 397 897 503 13911 0 0 1 standing 
5 845 397 899 503 13912 0 0 1 standing 
5 848 396 901 503 13913 0 0 1 standing 
5 851 395 903 503 13914 0 0 1 standing 
5 854 395 905 503 13915 0 0 0 standing 
5 857 394 908 502 13916 0 0 1 standing 
5 860 394 911 502 13917 0 0 1 standing 
5 863 394 914 502 13918 0 0 1 standing 
5 866 393 917 501 13919 0 0 1 standing 
5 869 393 920 501 13920 0 0 1 standing 
5 872 393 923 501 13921 0 0 1 standing 
5 875 392 926 500 13922 0 0 1 standing 
5 878 392 929 500 13923 0 0 1 standing 
5 881 392 932 500 13924 0 0 1 standing 
6 421 409 458 495 13905 0 0 0 standing 
6 420 409 457 495 13906 0 0 1 standing 
6 419 409 456 495 13907 0 0 1 standing 
6 418 410 455 496 13908 0 0 1 standing 
6 418 410 455 496 13909 0 0 1 standing 
6 417 411 454 497 13910 0 0 1 standing 
6 416 411 453 497 13911 0 0 1 standing 
6 416 411 453 497 13912 0 0 1 standing 
6 415 412 452 498 13913 0 0 1 standing 
6 414 412 451 498 13914 0 0 1 standing 
6 414 413 451 499 13915 0 0 0 standing 
6 414 413 451 499 13916 0 0 1 standing 
6 415 413 452 499 13917 0 0 1 standing 
6 416 413 453 499 13918 0 0 1 standing 
6 416 413 453 499 13919 0 0 1 standing 
6 417 413 454 499 13920 0 0 1 standing 
6 418 413 455 499 13921 0 0 1 standing 
6 418 413 455 499 13922 0 0 1 standing 
6 419 413 456 499 13923 0 0 1 standing 
6 420 413 457 499 13924 0 0 1 standing 
7 557 491 596 594 13905 0 0 0 standing 
7 557 492 596 595 13906 0 0 1 standing 
7 557 493 596 596 13907 0 0 1 standing 
7 557 494 596 597 13908 0 0 1 standing 
7 558 495 597 598 13909 0 0 1 standing 
7 558 496 597 599 13910 0 0 1 standing 
7 558 497 597 600 13911 0 0 1 standing 
7 559 499 598 602 13912 0 0 0 standing 
7 559 498 598 601 13913 0 0 1 standing 
7 559 498 598 601 13914 0 0 1 standing 
7 560 498 599 601 13915 0 0 0 standing 
7 561 498 600 601 13916 0 0 1 standing 
7 562 499 601 602 13917 0 0 1 standing 
7 563 500 602 603 13918 0 0 1 standing 
7 564 501 603 604 13919 0 0 1 standing 
7 565 502 604 605 13920 0 0 1 standing 
7 566 502 605 605 13921 0 0 1 standing 
7 567 503 606 606 13922 0 0 1 standing 
7 568 504 607 607 13923 0 0 1 standing 
7 569 505 608 608 13924 0 0 1 standing 
8 508 383 551 457 13905 0 0 0 standing 
8 502 382 546 457 13906 0 0 1 standing 
8 496 381 542 457 13907 0 0 1 standing 
8 491 381 538 458 13908 0 0 1 standing 
8 485 380 534 458 13909 0 0 1 standing 
8 480 380 530 459 13910 0 0 1 standing 
8 474 379 525 459 13911 0 0 1 standing 
8 468 378 521 459 13912 0 0 1 standing 
8 463 378 517 460 13913 0 0 1 standing 
8 457 377 513 460 13914 0 0 1 standing 
8 452 377 509 461 13915 0 0 0 standing 
8 451 377 506 461 13916 0 0 1 standing 
8 451 378 504 461 13917 0 0 1 standing 
8 450 378 502 461 13918 0 0 1 standing 
8 450 379 500 461 13919 0 0 1 standing 
8 450 380 498 461 13920 0 0 1 standing 
8 449 380 496 461 13921 0 0 1 standing 
8 449 381 494 461 13922 0 0 1 standing 
8 448 381 492 461 13923 0 0 1 standing 
8 448 382 490 461 13924 0 0 1 standing 
9 690 438 725 544 13905 0 0 0 standing 
9 688 438 723 544 13906 0 0 1 standing 
9 687 438 722 544 13907 0 0 1 standing 
9 685 438 720 544 13908 0 0 1 standing 
9 684 438 719 544 13909 0 0 1 standing 
9 682 438 717 544 13910 0 0 1 standing 
9 681 438 716 544 13911 0 0 1 standing 
9 679 438 714 544 13912 0 0 1 standing 
9 678 438 713 544 13913 0 0 1 standing 
9 676 438 711 544 13914 0 0 1 standing 
9 675 439 710 544 13915 0 0 0 standing 
9 674 438 709 543 13916 0 0 1 standing 
9 674 438 709 543 13917 0 0 1 standing 
9 674 437 709 542 13918 0 0 1 standing 
9 674 437 709 542 13919 0 0 1 standing 
9 674 437 709 542 13920 0 0 1 standing 
9 673 436 708 541 13921 0 0 1 standing 
9 673 436 708 541 13922 0 0 1 standing 
9 673 435 708 540 13923 0 0 1 standing 
9 673 435 708 540 13924 0 0 1 standing 
10 904 478 962 571 13905 0 0 0 standing 
10 908 477 965 571 13906 0 0 1 standing 
10 913 476 968 571 13907 0 0 1 standing 
10 918 475 971 571 13908 0 0 1 standing 
10 923 474 974 572 13909 0 0 1 standing 
10 928 473 977 572 13910 0 0 1 standing 
10 933 472 980 572 13911 0 0 1 standing 
10 938 472 983 573 13912 0 0 0 standing 
10 939 474 989 572 13913 0 0 1 standing 
10 940 477 995 572 13914 0 0 1 standing 
10 942 480 1001 572 13915 0 0 0 standing 
10 945 479 1003 572 13916 0 0 1 standing 
10 948 479 1005 572 13917 0 0 1 standing 
10 951 478 1007 572 13918 0 0 1 standing 
10 955 478 1010 572 13919 0 0 1 standing 
10 958 477 1012 573 13920 0 0 1 standing 
10 961 477 1014 573 13921 0 0 1 standing 
10 965 476 1017 573 13922 0 0 1 standing 
10 968 476 1019 573 13923 0 0 1 standing 
10 971 475 1021 573 13924 0 0 1 standing 
11 832 364 875 455 13905 0 0 0 standing 
11 833 364 875 454 13906 0 0 1 standing 
11 834 364 876 454 13907 0 0 1 standing 
11 835 364 876 454 13908 0 0 1 standing 
11 836 364 877 454 13909 0 0 1 standing 
11 837 364 877 454 13910 0 0 1 standing 
11 838 364 878 454 13911 0 0 1 standing 
11 839 364 878 454 13912 0 0 1 standing 
11 840 364 879 454 13913 0 0 1 standing 
11 841 364 879 454 13914 0 0 1 standing 
11 843 365 880 454 13915 0 0 0 standing 
11 845 364 882 454 13916 0 0 1 standing 
11 847 364 884 454 13917 0 0 1 standing 
11 849 364 886 454 13918 0 0 1 standing 
11 851 364 888 454 13919 0 0 1 standing 
11 853 364 890 454 13920 0 0 1 standing 
11 855 363 892 454 13921 0 0 1 standing 
11 857 363 894 454 13922 0 0 1 standing 
11 859 363 896 454 13923 0 0 1 standing 
11 861 363 898 454 13924 0 0 1 standing 
