0 604 400 653 550 10940 0 1 0 setting 
0 599 391 650 544 10941 0 1 1 setting 
0 595 383 647 539 10942 0 1 1 setting 
0 591 375 645 534 10943 0 1 0 setting 
0 586 374 640 531 10944 0 1 1 setting 
0 582 374 635 529 10945 0 1 1 setting 
0 578 373 630 526 10946 0 1 1 setting 
0 574 373 625 524 10947 0 1 0 setting 
0 570 372 620 526 10948 0 1 1 setting 
0 566 372 615 529 10949 0 1 1 setting 
0 563 372 611 532 10950 0 1 0 setting 
0 555 381 605 538 10951 0 1 1 setting 
0 548 390 600 544 10952 0 1 1 setting 
0 541 400 595 550 10953 0 1 0 setting 
0 531 409 584 551 10954 0 1 1 setting 
0 522 418 573 553 10955 0 1 1 setting 
0 512 427 562 555 10956 0 1 1 setting 
0 503 437 551 557 10957 0 1 0 setting 
0 493 437 541 559 10958 0 1 1 setting 
0 484 437 531 561 10959 0 1 1 setting 
1 429 399 497 513 10940 0 1 0 setting 
1 429 403 497 519 10941 0 1 1 moving 
1 429 407 497 526 10942 0 1 1 moving 
1 430 411 498 532 10943 0 1 1 moving 
1 430 415 498 539 10944 0 1 1 moving 
1 430 419 498 545 10945 0 1 1 moving 
1 431 424 499 552 10946 0 1 0 moving 
1 429 428 500 557 10947 0 1 1 moving 
1 427 433 502 562 10948 0 1 1 moving 
1 425 437 504 567 10949 0 1 1 moving 
1 423 442 506 572 10950 0 1 0 moving 
1 424 445 509 577 10951 0 1 1 moving 
1 425 448 513 582 10952 0 1 1 moving 
1 426 452 517 587 10953 0 1 0 moving 
1 432 452 512 589 10954 0 1 1 moving 
1 438 453 507 591 10955 0 1 1 moving 
1 444 453 502 593 10956 0 1 1 moving 
1 451 454 498 596 10957 0 1 0 moving 
1 446 450 494 594 10958 0 1 1 moving 
1 442 446 491 592 10959 0 1 1 moving 
2 285 454 346 569 10940 0 0 0 moving 
2 290 453 348 569 10941 0 0 1 standing 
2 295 452 350 569 10942 0 0 1 standing 
2 301 451 352 570 10943 0 0 0 standing 
2 301 449 353 569 10944 0 0 1 standing 
2 301 448 355 568 10945 0 0 1 standing 
2 302 447 357 567 10946 0 0 0 standing 
2 302 446 356 567 10947 0 0 1 standing 
2 303 446 355 567 10948 0 0 1 standing 
2 304 446 354 567 10949 0 0 1 standing 
2 305 446 354 568 10950 0 0 0 standing 
2 301 447 352 570 10951 0 0 1 standing 
2 297 449 350 572 10952 0 0 1 standing 
2 294 451 349 575 10953 0 0 0 standing 
2 290 451 344 574 10954 0 0 1 standing 
2 287 451 340 573 10955 0 0 1 standing 
2 284 451 336 572 10956 0 0 1 standing 
2 281 452 332 571 10957 0 0 0 standing 
2 273 451 328 569 10958 0 0 1 standing 
2 266 450 325 567 10959 0 0 1 standing 
3 172 388 254 511 10940 0 1 0 standing 
3 177 389 265 511 10941 0 1 1 moving 
3 182 390 277 511 10942 0 1 1 moving 
3 187 391 289 511 10943 0 1 0 moving 
3 193 389 293 508 10944 0 1 1 moving 
3 199 387 297 506 10945 0 1 1 moving 
3 206 385 301 504 10946 0 1 0 moving 
3 216 385 304 503 10947 0 1 1 moving 
3 227 385 308 502 10948 0 1 1 moving 
3 237 385 311 501 10949 0 1 1 moving 
3 248 385 315 501 10950 0 1 0 moving 
3 247 384 326 500 10951 0 1 1 moving 
3 247 383 338 499 10952 0 1 1 moving 
3 247 383 350 498 10953 0 1 0 moving 
3 257 384 350 498 10954 0 1 1 moving 
3 267 386 351 499 10955 0 1 1 moving 
3 277 388 352 499 10956 0 1 1 moving 
3 287 390 353 500 10957 0 1 0 moving 
3 294 388 358 499 10958 0 1 1 moving 
3 301 386 363 499 10959 0 1 1 moving 
4 308 326 355 444 10940 0 0 0 moving 
4 305 326 353 442 10941 0 0 1 moving 
4 302 326 351 441 10942 0 0 1 moving 
4 299 326 349 440 10943 0 0 1 moving 
4 296 327 348 439 10944 0 0 1 moving 
4 293 327 346 438 10945 0 0 1 moving 
4 290 327 344 437 10946 0 0 1 moving 
4 288 328 343 436 10947 0 0 0 moving 
4 287 328 339 436 10948 0 0 1 moving 
4 287 329 336 436 10949 0 0 1 moving 
4 287 330 333 436 10950 0 0 0 moving 
4 282 331 330 436 10951 0 0 1 moving 
4 278 332 328 436 10952 0 0 1 moving 
4 274 334 326 437 10953 0 0 0 moving 
4 271 336 320 439 10954 0 0 1 moving 
4 268 338 315 441 10955 0 0 1 moving 
4 265 340 310 443 10956 0 0 1 moving 
4 262 343 305 446 10957 0 0 0 moving 
4 256 343 300 444 10958 0 0 1 moving 
4 250 344 295 443 10959 0 0 1 moving 
5 365 279 419 371 10940 0 1 0 moving 
5 366 278 421 369 10941 0 1 1 moving 
5 367 277 424 368 10942 0 1 1 moving 
5 369 277 427 366 10943 0 1 1 moving 
5 370 276 429 365 10944 0 1 1 moving 
5 371 275 432 363 10945 0 1 1 moving 
5 373 275 435 362 10946 0 1 0 moving 
5 378 274 438 361 10947 0 1 1 moving 
5 384 274 442 361 10948 0 1 1 moving 
5 390 274 445 360 10949 0 1 1 moving 
5 396 274 449 360 10950 0 1 0 moving 
5 391 275 448 362 10951 0 1 1 moving 
5 386 276 447 365 10952 0 1 1 moving 
5 381 278 447 368 10953 0 1 0 moving 
5 381 279 442 370 10954 0 1 1 moving 
5 382 281 438 373 10955 0 1 1 moving 
5 382 282 434 375 10956 0 1 1 moving 
5 383 284 430 378 10957 0 1 0 moving 
5 380 286 429 381 10958 0 1 1 moving 
5 378 288 428 385 10959 0 1 1 moving 
6 985 466 1042 570 10940 0 0 0 moving 
6 982 466 1040 572 10941 0 0 1 waiting 
6 980 467 1038 574 10942 0 0 1 waiting 
6 978 467 1036 576 10943 0 0 1 waiting 
6 976 468 1034 578 10944 0 0 1 waiting 
6 974 468 1032 580 10945 0 0 1 waiting 
6 972 469 1031 583 10946 0 0 0 waiting 
6 970 471 1028 583 10947 0 0 1 waiting 
6 969 473 1026 584 10948 0 0 1 waiting 
6 967 475 1024 585 10949 0 0 1 waiting 
6 966 477 1022 586 10950 0 0 0 waiting 
6 961 478 1018 586 10951 0 0 1 waiting 
6 957 480 1015 587 10952 0 0 1 waiting 
6 953 482 1012 588 10953 0 0 0 waiting 
6 948 481 1007 589 10954 0 0 1 waiting 
6 944 481 1003 591 10955 0 0 1 waiting 
6 940 480 998 593 10956 0 0 1 waiting 
6 936 480 994 595 10957 0 0 0 waiting 
6 931 480 989 593 10958 0 0 1 waiting 
6 927 481 984 592 10959 0 0 1 waiting 
7 1082 397 1135 519 10940 0 0 0 waiting 
7 1077 397 1132 518 10941 0 0 1 waiting 
7 1073 398 1130 518 10942 0 0 1 waiting 
7 1069 399 1128 518 10943 0 0 0 waiting 
7 1065 399 1123 517 10944 0 0 1 waiting 
7 1062 399 1118 516 10945 0 0 1 waiting 
7 1059 400 1114 515 10946 0 0 0 waiting 
7 1054 401 1108 514 10947 0 0 1 waiting 
7 1050 402 1103 514 10948 0 0 1 waiting 
7 1045 403 1098 514 10949 0 0 1 waiting 
7 1041 404 1093 514 10950 0 0 0 waiting 
7 1033 406 1086 514 10951 0 0 1 waiting 
7 1025 408 1079 515 10952 0 0 1 waiting 
7 1017 410 1072 516 10953 0 0 0 waiting 
7 1007 410 1062 515 10954 0 0 1 waiting 
7 998 411 1053 514 10955 0 0 1 waiting 
7 989 412 1044 513 10956 0 0 1 waiting 
7 980 413 1035 513 10957 0 0 0 waiting 
7 971 414 1024 513 10958 0 0 1 waiting 
7 962 415 1014 513 10959 0 0 1 waiting 
8 959 345 1023 436 10940 0 0 0 waiting 
8 954 345 1015 436 10941 0 0 1 waiting 
8 949 346 1007 437 10942 0 0 1 waiting 
8 944 347 1000 438 10943 0 0 0 waiting 
8 940 348 994 438 10944 0 0 1 waiting 
8 936 349 988 439 10945 0 0 1 waiting 
8 932 350 982 440 10946 0 0 0 waiting 
8 927 351 977 441 10947 0 0 1 waiting 
8 922 352 972 442 10948 0 0 1 waiting 
8 917 353 967 443 10949 0 0 1 waiting 
8 912 354 963 444 10950 0 0 0 waiting 
8 899 356 953 447 10951 0 0 1 waiting 
8 886 359 943 450 10952 0 0 1 waiting 
8 874 362 933 453 10953 0 0 0 waiting 
8 866 361 924 451 10954 0 0 1 waiting 
8 858 360 915 450 10955 0 0 1 waiting 
8 850 359 906 449 10956 0 0 1 waiting 
8 842 358 897 448 10957 0 0 1 waiting 
8 834 357 888 447 10958 0 0 1 waiting 
8 826 356 879 446 10959 0 0 1 waiting 
9 699 415 744 565 10940 0 0 0 waiting 
9 695 419 739 565 10941 0 0 1 standing 
9 691 423 734 566 10942 0 0 1 standing 
9 688 427 730 567 10943 0 0 0 standing 
9 685 431 727 571 10944 0 0 1 standing 
9 682 435 724 576 10945 0 0 1 standing 
9 679 440 721 580 10946 0 0 1 standing 
9 676 444 719 585 10947 0 0 1 standing 
9 673 449 716 589 10948 0 0 1 standing 
9 670 453 713 594 10949 0 0 1 standing 
9 667 458 711 599 10950 0 0 0 standing 
9 659 458 701 598 10951 0 0 1 standing 
9 651 459 692 598 10952 0 0 1 standing 
9 644 460 683 598 10953 0 0 0 standing 
9 636 460 674 597 10954 0 0 1 standing 
9 629 461 666 597 10955 0 0 1 standing 
9 621 461 657 596 10956 0 0 1 standing 
9 614 462 649 596 10957 0 0 0 standing 
9 607 463 641 592 10958 0 0 1 standing 
9 600 464 633 588 10959 0 0 1 standing 
10 702 358 749 509 10940 0 0 0 standing 
10 698 360 745 510 10941 0 0 1 standing 
10 695 362 741 512 10942 0 0 1 standing 
10 692 364 738 514 10943 0 0 0 standing 
10 689 366 735 513 10944 0 0 1 standing 
10 686 368 732 512 10945 0 0 1 standing 
10 683 370 729 512 10946 0 0 1 standing 
10 680 373 726 511 10947 0 0 1 standing 
10 677 375 723 511 10948 0 0 1 standing 
10 674 377 720 510 10949 0 0 1 standing 
10 672 380 718 510 10950 0 0 0 standing 
10 664 380 709 508 10951 0 0 1 standing 
10 657 380 701 507 10952 0 0 1 standing 
10 649 380 692 505 10953 0 0 1 standing 
10 642 381 684 504 10954 0 0 1 standing 
10 634 381 676 503 10955 0 0 1 standing 
10 627 381 667 501 10956 0 0 1 standing 
10 619 382 659 500 10957 0 0 1 standing 
10 612 382 650 498 10958 0 0 1 standing 
10 604 382 642 497 10959 0 0 1 standing 
11 702 332 737 444 10940 0 0 0 standing 
11 699 332 733 443 10941 0 0 1 standing 
11 696 332 730 443 10942 0 0 1 standing 
11 694 332 727 443 10943 0 0 1 standing 
11 691 332 723 442 10944 0 0 1 standing 
11 688 332 720 442 10945 0 0 1 standing 
11 686 332 717 442 10946 0 0 0 standing 
11 681 334 713 444 10947 0 0 1 standing 
11 676 336 709 447 10948 0 0 1 standing 
11 671 338 705 450 10949 0 0 1 standing 
11 666 341 701 453 10950 0 0 0 standing 
11 658 342 694 454 10951 0 0 1 standing 
11 650 344 688 456 10952 0 0 1 standing 
11 642 346 681 458 10953 0 0 1 standing 
11 634 348 675 460 10954 0 0 1 standing 
11 627 350 669 462 10955 0 0 1 standing 
11 619 352 662 463 10956 0 0 1 standing 
11 611 354 656 465 10957 0 0 1 standing 
11 603 356 649 467 10958 0 0 1 standing 
11 595 358 643 469 10959 0 0 1 standing 
