0 552 458 605 574 84990 0 1 0 setting 
0 549 449 601 571 84991 0 1 1 setting 
0 546 440 597 568 84992 0 1 1 setting 
0 543 431 593 565 84993 0 1 1 setting 
0 540 422 589 562 84994 0 1 1 setting 
0 537 413 585 559 84995 0 1 1 setting 
0 534 404 581 556 84996 0 1 1 setting 
0 531 396 577 554 84997 0 1 0 setting 
0 528 390 574 551 84998 0 1 1 setting 
0 526 384 571 548 84999 0 1 1 setting 
0 524 378 568 545 85000 0 1 0 setting 
0 518 383 563 545 85001 0 1 1 setting 
0 512 388 558 546 85002 0 1 1 setting 
0 506 393 553 547 85003 0 1 1 setting 
0 500 398 548 548 85004 0 1 1 setting 
0 494 404 544 549 85005 0 1 1 setting 
0 488 409 539 550 85006 0 1 1 setting 
0 482 414 534 551 85007 0 1 1 setting 
0 476 419 529 552 85008 0 1 1 setting 
0 470 424 524 553 85009 0 1 1 setting 
1 344 475 418 593 84990 0 1 0 setting 
1 344 475 418 593 84991 0 1 1 moving 
1 344 475 419 593 84992 0 1 1 moving 
1 344 476 420 594 84993 0 1 1 moving 
1 344 476 421 594 84994 0 1 1 moving 
1 344 477 422 595 84995 0 1 0 moving 
1 344 477 428 596 84996 0 1 1 moving 
1 345 477 434 597 84997 0 1 1 moving 
1 345 477 441 598 84998 0 1 1 moving 
1 346 477 447 599 84999 0 1 1 moving 
1 347 478 454 600 85000 0 1 0 moving 
1 356 477 453 600 85001 0 1 1 moving 
1 365 476 452 601 85002 0 1 1 moving 
1 374 475 451 602 85003 0 1 1 moving 
1 383 475 451 603 85004 0 1 0 moving 
1 384 475 455 605 85005 0 1 1 moving 
1 385 475 460 607 85006 0 1 1 moving 
1 386 475 465 609 85007 0 1 1 moving 
1 387 475 470 611 85008 0 1 1 moving 
1 388 475 475 613 85009 0 1 1 moving 
2 344 386 395 466 84990 0 1 0 moving 
2 348 384 398 464 84991 0 1 1 moving 
2 352 383 401 463 84992 0 1 1 moving 
2 357 381 404 462 84993 0 1 1 moving 
2 361 380 407 461 84994 0 1 1 moving 
2 366 379 410 460 84995 0 1 1 moving 
2 370 377 413 459 84996 0 1 1 moving 
2 374 376 416 458 84997 0 1 1 moving 
2 379 374 419 457 84998 0 1 1 moving 
2 383 373 422 456 84999 0 1 1 moving 
2 388 372 425 455 85000 0 1 0 moving 
2 388 370 427 454 85001 0 1 1 moving 
2 389 368 429 453 85002 0 1 1 moving 
2 390 366 431 452 85003 0 1 1 moving 
2 391 364 433 451 85004 0 1 1 moving 
2 392 363 435 450 85005 0 1 1 moving 
2 392 361 437 449 85006 0 1 1 moving 
2 393 359 439 448 85007 0 1 1 moving 
2 394 357 441 447 85008 0 1 1 moving 
2 395 355 443 446 85009 0 1 1 moving 
3 137 455 223 559 84990 0 1 0 moving 
3 143 453 228 559 84991 0 1 1 moving 
3 150 452 233 559 84992 0 1 1 moving 
3 156 450 238 559 84993 0 1 1 moving 
3 163 449 243 560 84994 0 1 1 moving 
3 169 447 248 560 84995 0 1 1 moving 
3 176 446 253 560 84996 0 1 1 moving 
3 183 445 259 561 84997 0 1 0 moving 
3 187 442 265 553 84998 0 1 1 moving 
3 191 439 271 545 84999 0 1 1 moving 
3 196 436 277 538 85000 0 1 0 moving 
3 205 434 288 536 85001 0 1 1 moving 
3 215 432 300 535 85002 0 1 1 moving 
3 225 430 311 534 85003 0 1 1 moving 
3 235 429 323 533 85004 0 1 0 moving 
3 241 428 335 533 85005 0 1 1 moving 
3 247 427 347 533 85006 0 1 1 moving 
3 254 426 359 533 85007 0 1 0 moving 
3 262 425 362 533 85008 0 1 1 moving 
3 271 424 365 533 85009 0 1 1 moving 
4 198 422 247 524 84990 0 0 0 moving 
4 194 421 246 524 84991 0 0 1 moving 
4 190 420 245 525 84992 0 0 1 moving 
4 187 419 244 526 84993 0 0 1 moving 
4 183 419 243 526 84994 0 0 1 moving 
4 180 418 242 527 84995 0 0 1 moving 
4 176 417 241 528 84996 0 0 1 moving 
4 173 417 241 529 84997 0 0 0 moving 
4 172 412 242 526 84998 0 0 1 moving 
4 171 408 243 523 84999 0 0 1 moving 
4 171 404 245 520 85000 0 0 0 moving 
4 174 402 248 517 85001 0 0 1 moving 
4 177 400 251 515 85002 0 0 1 moving 
4 180 398 254 513 85003 0 0 1 moving 
4 183 396 257 511 85004 0 0 1 moving 
4 186 394 261 509 85005 0 0 1 moving 
4 189 392 264 506 85006 0 0 1 moving 
4 192 390 267 504 85007 0 0 1 moving 
4 195 388 270 502 85008 0 0 1 moving 
4 198 386 273 500 85009 0 0 1 moving 
5 201 469 278 583 84990 0 0 0 moving 
5 203 468 279 583 84991 0 0 1 standing 
5 206 468 281 583 84992 0 0 1 standing 
5 208 467 283 583 84993 0 0 1 standing 
5 211 467 285 584 84994 0 0 1 standing 
5 214 466 287 584 84995 0 0 1 standing 
5 216 466 288 584 84996 0 0 1 standing 
5 219 465 290 585 84997 0 0 1 standing 
5 221 465 292 585 84998 0 0 1 standing 
5 224 464 294 585 84999 0 0 1 standing 
5 227 464 296 586 85000 0 0 0 standing 
5 230 463 299 585 85001 0 0 1 standing 
5 234 463 302 585 85002 0 0 1 standing 
5 238 463 305 584 85003 0 0 1 standing 
5 242 462 309 584 85004 0 0 1 standing 
5 246 462 312 584 85005 0 0 1 standing 
5 250 462 315 583 85006 0 0 1 standing 
5 254 461 319 583 85007 0 0 1 standing 
5 258 461 322 582 85008 0 0 1 standing 
5 262 461 325 582 85009 0 0 1 standing 
6 703 464 749 593 84990 0 0 0 standing 
6 701 464 747 592 84991 0 0 1 standing 
6 700 465 746 591 84992 0 0 1 standing 
6 699 466 744 590 84993 0 0 1 standing 
6 697 467 743 589 84994 0 0 1 standing 
6 696 468 742 589 84995 0 0 1 standing 
6 695 469 740 588 84996 0 0 1 standing 
6 693 470 739 587 84997 0 0 1 standing 
6 692 471 737 586 84998 0 0 1 standing 
6 691 472 736 585 84999 0 0 1 standing 
6 690 473 735 585 85000 0 0 0 standing 
6 684 473 731 586 85001 0 0 1 standing 
6 679 474 727 588 85002 0 0 1 standing 
6 673 475 723 589 85003 0 0 1 standing 
6 668 476 719 591 85004 0 0 1 standing 
6 662 477 716 592 85005 0 0 1 standing 
6 657 478 712 594 85006 0 0 1 standing 
6 651 479 708 595 85007 0 0 1 standing 
6 646 480 704 597 85008 0 0 1 standing 
6 640 481 700 598 85009 0 0 1 standing 
7 681 434 733 558 84990 0 0 0 standing 
7 679 433 731 556 84991 0 0 1 standing 
7 677 433 729 555 84992 0 0 1 standing 
7 675 432 727 553 84993 0 0 1 standing 
7 674 432 725 552 84994 0 0 1 standing 
7 672 431 724 551 84995 0 0 1 standing 
7 670 431 722 549 84996 0 0 1 standing 
7 669 430 720 548 84997 0 0 1 standing 
7 667 430 718 546 84998 0 0 1 standing 
7 665 429 716 545 84999 0 0 1 standing 
7 664 429 715 544 85000 0 0 0 standing 
7 661 426 711 541 85001 0 0 1 standing 
7 658 424 708 539 85002 0 0 1 standing 
7 656 422 705 537 85003 0 0 1 standing 
7 653 420 701 534 85004 0 0 1 standing 
7 651 418 698 532 85005 0 0 1 standing 
7 648 415 695 530 85006 0 0 1 standing 
7 645 413 691 527 85007 0 0 1 standing 
7 643 411 688 525 85008 0 0 1 standing 
7 640 409 685 523 85009 0 0 1 standing 
8 688 416 743 515 84990 0 0 0 standing 
8 686 414 740 514 84991 0 0 1 standing 
8 684 413 738 514 84992 0 0 1 standing 
8 682 412 736 514 84993 0 0 1 standing 
8 680 411 733 514 84994 0 0 1 standing 
8 678 410 731 514 84995 0 0 1 standing 
8 676 408 729 513 84996 0 0 1 standing 
8 674 407 726 513 84997 0 0 1 standing 
8 672 406 724 513 84998 0 0 1 standing 
8 670 405 722 513 84999 0 0 1 standing 
8 669 404 720 513 85000 0 0 0 standing 
8 665 401 716 510 85001 0 0 1 standing 
8 662 398 713 507 85002 0 0 1 standing 
8 658 395 709 504 85003 0 0 1 standing 
8 655 392 706 501 85004 0 0 1 standing 
8 652 390 703 499 85005 0 0 1 standing 
8 648 387 699 496 85006 0 0 1 standing 
8 645 384 696 493 85007 0 0 1 standing 
8 641 381 692 490 85008 0 0 1 standing 
8 638 378 689 487 85009 0 0 1 standing 
9 935 434 998 521 84990 0 0 0 standing 
9 933 433 996 519 84991 0 0 1 waiting 
9 931 432 994 518 84992 0 0 1 waiting 
9 929 431 993 516 84993 0 0 1 waiting 
9 927 431 991 515 84994 0 0 1 waiting 
9 925 430 990 513 84995 0 0 1 waiting 
9 923 429 988 512 84996 0 0 1 waiting 
9 921 429 986 510 84997 0 0 1 waiting 
9 919 428 985 509 84998 0 0 1 waiting 
9 917 427 983 507 84999 0 0 1 waiting 
9 916 427 982 506 85000 0 0 0 waiting 
9 914 425 979 504 85001 0 0 1 waiting 
9 912 424 976 502 85002 0 0 1 waiting 
9 910 422 973 501 85003 0 0 1 waiting 
9 908 421 970 499 85004 0 0 1 waiting 
9 906 419 967 498 85005 0 0 1 waiting 
9 904 418 964 496 85006 0 0 1 waiting 
9 902 416 961 494 85007 0 0 1 waiting 
9 900 415 958 493 85008 0 0 1 waiting 
9 898 413 955 491 85009 0 0 1 waiting 
10 983 500 1055 632 84990 0 0 0 waiting 
10 980 500 1053 632 84991 0 0 1 standing 
10 978 500 1051 632 84992 0 0 1 standing 
10 975 500 1049 632 84993 0 0 1 standing 
10 973 500 1047 632 84994 0 0 1 standing 
10 971 501 1046 632 84995 0 0 1 standing 
10 968 501 1044 632 84996 0 0 1 standing 
10 966 501 1042 632 84997 0 0 1 standing 
10 963 501 1040 632 84998 0 0 1 standing 
10 961 501 1038 632 84999 0 0 1 standing 
10 959 502 1037 633 85000 0 0 0 standing 
10 956 500 1034 631 85001 0 0 1 standing 
10 953 498 1032 629 85002 0 0 1 standing 
10 950 496 1029 627 85003 0 0 1 standing 
10 947 494 1027 625 85004 0 0 1 standing 
10 945 493 1025 623 85005 0 0 1 standing 
10 942 491 1022 621 85006 0 0 1 standing 
10 939 489 1020 619 85007 0 0 1 standing 
10 936 487 1017 617 85008 0 0 1 standing 
10 933 485 1015 615 85009 0 0 1 standing 
11 1054 464 1107 575 84990 0 0 0 standing 
11 1052 463 1105 574 84991 0 0 1 standing 
11 1051 462 1104 573 84992 0 0 1 standing 
11 1050 461 1103 572 84993 0 0 1 standing 
11 1049 460 1102 571 84994 0 0 1 standing 
11 1048 459 1101 570 84995 0 0 1 standing 
11 1047 458 1100 569 84996 0 0 1 standing 
11 1046 457 1099 568 84997 0 0 1 standing 
11 1045 456 1098 567 84998 0 0 1 standing 
11 1044 455 1097 566 84999 0 0 1 standing 
11 1043 455 1096 566 85000 0 0 0 standing 
11 1039 453 1092 564 85001 0 0 1 standing 
11 1036 452 1089 563 85002 0 0 1 standing 
11 1033 450 1086 561 85003 0 0 1 standing 
11 1029 449 1082 560 85004 0 0 1 standing 
11 1026 448 1079 559 85005 0 0 1 standing 
11 1023 446 1076 557 85006 0 0 1 standing 
11 1019 445 1072 556 85007 0 0 1 standing 
11 1016 443 1069 554 85008 0 0 1 standing 
11 1013 442 1066 553 85009 0 0 1 standing 
