0 86 354 150 470 34745 0 1 0 standing 
0 85 354 149 470 34746 0 1 1 standing 
0 84 355 148 471 34747 0 1 1 standing 
0 83 355 147 471 34748 0 1 1 standing 
0 83 356 147 472 34749 0 1 1 standing 
0 82 357 146 473 34750 0 1 1 standing 
0 81 357 145 473 34751 0 1 1 standing 
0 81 358 145 474 34752 0 1 1 standing 
0 80 358 144 474 34753 0 1 1 standing 
0 79 359 143 475 34754 0 1 1 standing 
0 79 360 143 476 34755 0 1 0 standing 
0 80 360 144 476 34756 0 1 1 standing 
0 81 360 145 476 34757 0 1 1 standing 
0 82 360 146 476 34758 0 1 1 standing 
0 84 361 148 477 34759 0 1 1 standing 
0 85 361 149 477 34760 0 1 1 standing 
0 86 361 150 477 34761 0 1 1 standing 
0 88 362 152 478 34762 0 1 1 standing 
0 89 362 153 478 34763 0 1 1 standing 
0 90 362 154 478 34764 0 1 1 standing 
1 130 403 204 549 34745 0 1 0 standing 
1 134 402 207 548 34746 0 1 1 standing 
1 139 401 210 547 34747 0 1 1 standing 
1 143 400 214 546 34748 0 1 1 standing 
1 148 399 217 545 34749 0 1 1 standing 
1 153 399 221 544 34750 0 1 1 standing 
1 157 398 224 543 34751 0 1 1 standing 
1 162 397 227 542 34752 0 1 1 standing 
1 166 396 231 541 34753 0 1 1 standing 
1 171 395 234 540 34754 0 1 1 standing 
1 176 395 238 540 34755 0 1 0 standing 
1 179 393 240 538 34756 0 1 1 standing 
1 182 392 242 536 34757 0 1 1 standing 
1 186 390 244 535 34758 0 1 1 standing 
1 189 389 246 533 34759 0 1 1 standing 
1 193 387 249 532 34760 0 1 1 standing 
1 196 386 251 530 34761 0 1 1 standing 
1 199 384 253 528 34762 0 1 1 standing 
1 203 383 255 527 34763 0 1 1 standing 
1 206 381 257 525 34764 0 1 1 standing 
2 217 364 261 514 34745 0 1 0 standing 
2 219 365 263 512 34746 0 1 1 standing 
2 221 366 265 511 34747 0 1 1 standing 
2 223 368 267 510 34748 0 1 1 standing 
2 225 369 269 509 34749 0 1 1 standing 
2 227 371 271 508 34750 0 1 1 standing 
2 229 372 273 507 34751 0 1 1 standing 
2 231 373 275 506 34752 0 1 1 standing 
2 233 375 277 505 34753 0 1 1 standing 
2 235 376 279 504 34754 0 1 1 standing 
2 237 378 281 503 34755 0 1 0 standing 
2 239 377 282 501 34756 0 1 1 standing 
2 241 377 283 500 34757 0 1 1 standing 
2 243 377 284 499 34758 0 1 1 standing 
2 245 377 285 497 34759 0 1 1 standing 
2 247 377 286 496 34760 0 1 1 standing 
2 249 376 287 495 34761 0 1 1 standing 
2 251 376 288 493 34762 0 1 1 standing 
2 253 376 289 492 34763 0 1 1 standing 
2 255 376 290 491 34764 0 1 1 standing 
3 284 350 326 467 34745 0 1 0 standing 
3 284 350 326 467 34746 0 1 1 standing 
3 284 351 326 468 34747 0 1 1 standing 
3 284 351 326 468 34748 0 1 1 standing 
3 284 352 326 469 34749 0 1 1 standing 
3 284 352 326 469 34750 0 1 1 standing 
3 284 353 326 470 34751 0 1 1 standing 
3 284 353 326 470 34752 0 1 1 standing 
3 284 354 326 471 34753 0 1 1 standing 
3 284 354 326 471 34754 0 1 1 standing 
3 285 355 327 472 34755 0 1 1 standing 
3 285 355 327 472 34756 0 1 1 standing 
3 285 356 327 473 34757 0 1 1 standing 
3 285 356 327 473 34758 0 1 1 standing 
3 285 357 327 474 34759 0 1 1 standing 
3 285 357 327 474 34760 0 1 1 standing 
3 285 358 327 475 34761 0 1 1 standing 
3 285 358 327 475 34762 0 1 1 standing 
3 285 359 327 476 34763 0 1 1 standing 
3 285 359 327 476 34764 0 1 1 standing 
4 311 362 354 496 34745 0 1 0 standing 
4 311 362 354 496 34746 0 1 1 standing 
4 311 362 354 496 34747 0 1 1 standing 
4 311 362 354 496 34748 0 1 1 standing 
4 311 362 354 496 34749 0 1 1 standing 
4 311 362 354 496 34750 0 1 1 standing 
4 311 362 354 496 34751 0 1 1 standing 
4 311 362 354 496 34752 0 1 1 standing 
4 311 362 354 496 34753 0 1 1 standing 
4 311 362 354 496 34754 0 1 1 standing 
4 311 362 354 496 34755 0 1 1 standing 
4 311 362 354 496 34756 0 1 1 standing 
4 311 362 354 496 34757 0 1 1 standing 
4 311 362 354 496 34758 0 1 1 standing 
4 311 362 354 496 34759 0 1 1 standing 
4 311 362 354 496 34760 0 1 1 standing 
4 311 362 354 496 34761 0 1 1 standing 
4 311 362 354 496 34762 0 1 1 standing 
4 311 362 354 496 34763 0 1 1 standing 
4 311 362 354 496 34764 0 1 1 standing 
5 341 390 389 505 34745 0 1 0 standing 
5 337 391 385 506 34746 0 1 1 standing 
5 334 392 382 507 34747 0 1 1 standing 
5 330 393 378 508 34748 0 1 1 standing 
5 327 394 375 509 34749 0 1 1 standing 
5 324 395 372 510 34750 0 1 1 standing 
5 320 396 368 511 34751 0 1 1 standing 
5 317 397 365 512 34752 0 1 1 standing 
5 313 398 361 513 34753 0 1 1 standing 
5 310 399 358 514 34754 0 1 1 standing 
5 307 401 355 516 34755 0 1 0 standing 
5 305 399 353 515 34756 0 1 1 standing 
5 304 397 352 514 34757 0 1 1 standing 
5 302 396 350 513 34758 0 1 1 standing 
5 301 394 349 513 34759 0 1 1 standing 
5 300 393 347 512 34760 0 1 1 standing 
5 298 391 346 511 34761 0 1 1 standing 
5 297 389 344 511 34762 0 1 1 standing 
5 295 388 343 510 34763 0 1 1 standing 
5 294 386 341 509 34764 0 1 1 standing 
6 1002 386 1061 525 34745 0 0 0 standing 
6 1002 385 1058 525 34746 0 0 1 standing 
6 1002 384 1056 525 34747 0 0 1 standing 
6 1003 384 1054 526 34748 0 0 0 standing 
6 1003 384 1054 526 34749 0 0 1 standing 
6 1003 384 1054 526 34750 0 0 1 standing 
6 1003 384 1055 526 34751 0 0 1 standing 
6 1003 384 1055 526 34752 0 0 1 standing 
6 1003 385 1056 526 34753 0 0 1 standing 
6 1003 385 1056 526 34754 0 0 1 standing 
6 1003 385 1057 526 34755 0 0 1 standing 
6 1003 385 1057 526 34756 0 0 1 standing 
6 1004 386 1058 527 34757 0 0 0 standing 
6 1003 388 1059 528 34758 0 0 1 standing 
6 1002 390 1060 530 34759 0 0 1 standing 
6 1002 392 1061 532 34760 0 0 0 standing 
6 996 392 1061 532 34761 0 0 1 standing 
6 991 393 1062 532 34762 0 0 1 standing 
6 986 394 1063 533 34763 0 0 0 standing 
6 986 394 1063 533 34764 0 0 1 standing 
7 941 370 996 481 34745 0 0 0 standing 
7 940 369 998 482 34746 0 0 1 standing 
7 940 369 1000 483 34747 0 0 1 standing 
7 940 369 1003 484 34748 0 0 0 standing 
7 940 369 1005 484 34749 0 0 1 standing 
7 941 370 1007 484 34750 0 0 1 standing 
7 942 371 1010 484 34751 0 0 0 standing 
7 945 371 1010 483 34752 0 0 1 standing 
7 949 371 1010 483 34753 0 0 1 standing 
7 953 371 1011 483 34754 0 0 0 standing 
7 958 371 1011 482 34755 0 0 1 standing 
7 963 371 1012 482 34756 0 0 1 standing 
7 969 371 1013 482 34757 0 0 0 standing 
7 973 371 1014 483 34758 0 0 1 standing 
7 978 371 1015 484 34759 0 0 1 standing 
7 983 372 1017 485 34760 0 0 0 standing 
7 984 372 1022 484 34761 0 0 1 standing 
7 985 372 1027 484 34762 0 0 1 standing 
7 986 372 1033 484 34763 0 0 0 standing 
7 986 372 1033 484 34764 0 0 1 standing 
8 842 338 898 452 34745 0 0 0 standing 
8 843 338 899 452 34746 0 0 1 standing 
8 844 338 900 452 34747 0 0 1 standing 
8 846 339 902 453 34748 0 0 0 standing 
8 851 339 902 452 34749 0 0 1 standing 
8 856 339 903 452 34750 0 0 1 standing 
8 861 339 904 452 34751 0 0 0 standing 
8 864 339 907 452 34752 0 0 1 standing 
8 868 339 911 452 34753 0 0 1 standing 
8 872 340 915 453 34754 0 0 0 standing 
8 871 340 921 454 34755 0 0 1 standing 
8 871 340 927 455 34756 0 0 1 standing 
8 871 341 933 457 34757 0 0 0 standing 
8 873 342 935 458 34758 0 0 1 standing 
8 875 343 937 459 34759 0 0 1 standing 
8 877 345 939 461 34760 0 0 0 standing 
8 881 345 940 460 34761 0 0 1 standing 
8 885 345 941 460 34762 0 0 1 standing 
8 889 345 942 460 34763 0 0 1 standing 
8 893 345 943 460 34764 0 0 1 standing 
9 641 422 694 551 34745 0 0 0 standing 
9 642 422 695 551 34746 0 0 1 standing 
9 643 422 696 551 34747 0 0 1 standing 
9 645 422 698 551 34748 0 0 0 standing 
9 649 422 701 551 34749 0 0 1 standing 
9 654 423 704 551 34750 0 0 1 standing 
9 659 424 708 552 34751 0 0 0 standing 
9 662 424 711 554 34752 0 0 1 standing 
9 665 425 714 556 34753 0 0 1 standing 
9 669 426 717 559 34754 0 0 0 standing 
9 669 427 722 559 34755 0 0 1 standing 
9 670 429 728 559 34756 0 0 1 standing 
9 671 431 734 559 34757 0 0 0 standing 
9 672 432 736 559 34758 0 0 1 standing 
9 674 433 739 560 34759 0 0 1 standing 
9 676 434 742 561 34760 0 0 0 standing 
9 681 434 743 560 34761 0 0 1 standing 
9 686 434 744 560 34762 0 0 1 standing 
9 691 434 746 560 34763 0 0 1 standing 
9 696 434 747 560 34764 0 0 1 standing 
10 627 389 672 508 34745 0 0 0 standing 
10 626 389 671 508 34746 0 0 1 standing 
10 626 389 671 508 34747 0 0 1 standing 
10 626 390 671 509 34748 0 0 0 standing 
10 626 392 670 514 34749 0 0 1 standing 
10 626 394 670 519 34750 0 0 1 standing 
10 626 396 670 524 34751 0 0 0 standing 
10 626 396 671 525 34752 0 0 1 standing 
10 626 397 672 526 34753 0 0 1 standing 
10 626 398 674 528 34754 0 0 0 standing 
10 626 397 674 527 34755 0 0 1 standing 
10 627 397 675 527 34756 0 0 1 standing 
10 628 397 676 527 34757 0 0 0 standing 
10 628 399 676 530 34758 0 0 1 standing 
10 628 401 676 533 34759 0 0 1 standing 
10 629 404 676 537 34760 0 0 0 standing 
10 629 406 676 539 34761 0 0 1 standing 
10 630 408 677 541 34762 0 0 1 standing 
10 631 411 678 544 34763 0 0 0 standing 
10 631 411 678 544 34764 0 0 1 standing 
11 628 343 678 459 34745 0 0 0 standing 
11 626 342 676 458 34746 0 0 1 standing 
11 624 342 674 458 34747 0 0 1 standing 
11 622 342 672 458 34748 0 0 0 standing 
11 622 341 672 457 34749 0 0 1 standing 
11 623 340 673 456 34750 0 0 1 standing 
11 624 339 674 455 34751 0 0 0 standing 
11 624 340 671 456 34752 0 0 1 standing 
11 625 342 669 457 34753 0 0 1 standing 
11 626 344 667 459 34754 0 0 0 standing 
11 628 343 667 458 34755 0 0 1 standing 
11 630 342 667 457 34756 0 0 1 standing 
11 632 342 667 456 34757 0 0 0 standing 
11 632 342 667 456 34758 0 0 1 standing 
11 632 342 667 456 34759 0 0 1 standing 
11 633 342 668 456 34760 0 0 0 standing 
11 633 342 669 455 34761 0 0 1 standing 
11 633 342 671 455 34762 0 0 1 standing 
11 633 342 672 454 34763 0 0 1 standing 
11 633 342 674 454 34764 0 0 1 standing 
