0 405 378 465 535 6195 0 1 0 spiking 
0 407 372 466 521 6196 0 1 1 spiking 
0 409 366 468 508 6197 0 1 1 spiking 
0 411 360 470 495 6198 0 1 1 spiking 
0 413 355 472 482 6199 0 1 0 spiking 
0 417 349 476 481 6200 0 1 1 spiking 
0 422 343 481 480 6201 0 1 1 spiking 
0 427 337 486 479 6202 0 1 1 spiking 
0 431 331 491 478 6203 0 1 1 spiking 
0 436 325 496 477 6204 0 1 1 spiking 
0 441 320 501 477 6205 0 1 0 spiking 
0 446 325 507 478 6206 0 1 1 spiking 
0 452 331 513 479 6207 0 1 1 spiking 
0 458 336 520 480 6208 0 1 1 spiking 
0 464 342 526 481 6209 0 1 1 spiking 
0 469 348 532 482 6210 0 1 1 spiking 
0 475 353 539 483 6211 0 1 1 spiking 
0 481 359 545 484 6212 0 1 1 spiking 
0 487 365 552 485 6213 0 1 0 spiking 
0 486 366 551 486 6214 0 1 1 spiking 
1 584 398 634 518 6195 0 1 0 spiking 
1 582 389 631 513 6196 0 1 1 blocking 
1 581 381 629 508 6197 0 1 1 blocking 
1 579 373 626 503 6198 0 1 1 blocking 
1 578 365 624 498 6199 0 1 1 blocking 
1 577 357 622 494 6200 0 1 1 blocking 
1 575 348 619 489 6201 0 1 1 blocking 
1 574 340 617 484 6202 0 1 1 blocking 
1 572 332 614 479 6203 0 1 1 blocking 
1 571 324 612 474 6204 0 1 1 blocking 
1 570 316 610 470 6205 0 1 0 blocking 
1 569 318 609 470 6206 0 1 1 blocking 
1 568 321 608 471 6207 0 1 1 blocking 
1 567 324 607 472 6208 0 1 1 blocking 
1 566 327 606 473 6209 0 1 1 blocking 
1 566 330 605 474 6210 0 1 1 blocking 
1 565 332 604 475 6211 0 1 1 blocking 
1 564 335 603 476 6212 0 1 1 blocking 
1 563 338 602 477 6213 0 1 1 blocking 
1 562 341 601 478 6214 0 1 1 blocking 
2 580 355 627 476 6195 0 1 0 blocking 
2 579 350 626 471 6196 0 1 1 blocking 
2 578 346 625 467 6197 0 1 1 blocking 
2 577 342 624 463 6198 0 1 1 blocking 
2 576 338 623 459 6199 0 1 1 blocking 
2 575 334 622 455 6200 0 1 1 blocking 
2 574 330 621 451 6201 0 1 1 blocking 
2 573 326 620 447 6202 0 1 1 blocking 
2 572 322 619 443 6203 0 1 1 blocking 
2 571 318 618 439 6204 0 1 1 blocking 
2 571 314 618 435 6205 0 1 0 blocking 
2 572 317 620 438 6206 0 1 1 blocking 
2 574 321 623 442 6207 0 1 1 blocking 
2 575 324 625 446 6208 0 1 1 blocking 
2 577 328 628 450 6209 0 1 1 blocking 
2 578 331 631 454 6210 0 1 1 blocking 
2 580 335 633 457 6211 0 1 1 blocking 
2 581 338 636 461 6212 0 1 1 blocking 
2 583 342 638 465 6213 0 1 1 blocking 
2 584 345 641 469 6214 0 1 1 blocking 
3 267 296 308 400 6195 0 0 0 blocking 
3 263 297 308 401 6196 0 0 1 standing 
3 259 298 308 402 6197 0 0 1 standing 
3 256 300 309 404 6198 0 0 0 standing 
3 254 302 307 404 6199 0 0 1 standing 
3 252 305 305 405 6200 0 0 1 standing 
3 251 308 303 406 6201 0 0 0 standing 
3 249 308 301 406 6202 0 0 1 standing 
3 247 308 299 406 6203 0 0 1 standing 
3 246 308 298 407 6204 0 0 0 standing 
3 244 307 297 407 6205 0 0 1 standing 
3 243 306 296 407 6206 0 0 1 standing 
3 242 305 296 408 6207 0 0 0 standing 
3 242 304 294 408 6208 0 0 1 standing 
3 242 304 292 408 6209 0 0 1 standing 
3 242 304 291 408 6210 0 0 0 standing 
3 239 306 289 410 6211 0 0 1 standing 
3 237 308 288 412 6212 0 0 1 standing 
3 234 310 287 414 6213 0 0 1 standing 
3 232 312 286 416 6214 0 0 1 standing 
4 373 351 424 448 6195 0 0 0 standing 
4 374 353 428 451 6196 0 0 1 standing 
4 375 355 432 454 6197 0 0 1 standing 
4 377 357 436 457 6198 0 0 0 standing 
4 380 357 434 458 6199 0 0 1 standing 
4 383 357 432 460 6200 0 0 1 standing 
4 387 358 431 462 6201 0 0 0 standing 
4 388 357 432 464 6202 0 0 1 standing 
4 390 356 434 466 6203 0 0 1 standing 
4 392 356 436 468 6204 0 0 0 standing 
4 393 355 443 468 6205 0 0 1 standing 
4 394 355 450 468 6206 0 0 1 standing 
4 395 355 457 468 6207 0 0 0 standing 
4 398 356 457 471 6208 0 0 1 standing 
4 401 357 457 474 6209 0 0 1 standing 
4 404 359 458 478 6210 0 0 0 standing 
4 404 360 457 479 6211 0 0 1 standing 
4 405 361 457 480 6212 0 0 1 standing 
4 405 362 456 481 6213 0 0 1 standing 
4 406 363 456 482 6214 0 0 1 standing 
5 441 293 496 381 6195 0 0 0 standing 
5 444 292 499 380 6196 0 0 1 standing 
5 447 291 502 379 6197 0 0 1 standing 
5 450 290 505 378 6198 0 0 0 standing 
5 453 290 504 378 6199 0 0 1 standing 
5 456 290 503 378 6200 0 0 1 standing 
5 460 291 503 379 6201 0 0 0 standing 
5 460 288 503 377 6202 0 0 1 standing 
5 460 286 503 375 6203 0 0 1 standing 
5 460 284 503 373 6204 0 0 0 standing 
5 456 284 504 373 6205 0 0 1 standing 
5 452 284 505 373 6206 0 0 1 standing 
5 448 285 506 374 6207 0 0 0 standing 
5 448 285 506 374 6208 0 0 1 standing 
5 449 285 507 374 6209 0 0 1 standing 
5 450 285 508 374 6210 0 0 0 standing 
5 452 284 508 373 6211 0 0 1 standing 
5 455 284 509 372 6212 0 0 1 standing 
5 457 283 510 372 6213 0 0 1 standing 
5 460 283 511 371 6214 0 0 1 standing 
6 452 263 516 343 6195 0 0 0 standing 
6 452 263 518 342 6196 0 0 1 standing 
6 452 263 520 342 6197 0 0 1 standing 
6 453 263 522 342 6198 0 0 0 standing 
6 454 263 523 342 6199 0 0 1 standing 
6 455 263 524 342 6200 0 0 1 standing 
6 457 263 526 342 6201 0 0 0 standing 
6 462 260 525 342 6202 0 0 1 standing 
6 468 258 524 343 6203 0 0 1 standing 
6 474 256 524 344 6204 0 0 0 standing 
6 479 253 523 342 6205 0 0 1 standing 
6 484 250 523 341 6206 0 0 1 standing 
6 490 248 523 340 6207 0 0 0 standing 
6 490 247 527 341 6208 0 0 1 standing 
6 491 246 531 342 6209 0 0 1 standing 
6 492 246 536 343 6210 0 0 0 standing 
6 493 246 539 341 6211 0 0 1 standing 
6 495 247 543 339 6212 0 0 1 standing 
6 497 248 547 337 6213 0 0 1 standing 
6 499 249 551 335 6214 0 0 1 standing 
7 586 285 661 358 6195 0 0 0 standing 
7 589 283 664 356 6196 0 0 1 moving 
7 592 281 667 354 6197 0 0 1 moving 
7 595 280 670 353 6198 0 0 0 moving 
7 600 281 674 357 6199 0 0 1 moving 
7 605 282 678 362 6200 0 0 1 moving 
7 610 283 683 367 6201 0 0 0 moving 
7 617 284 694 367 6202 0 0 1 moving 
7 625 285 705 368 6203 0 0 1 moving 
7 633 286 716 369 6204 0 0 0 moving 
7 642 287 722 368 6205 0 0 1 moving 
7 651 288 728 368 6206 0 0 1 moving 
7 661 290 734 368 6207 0 0 0 moving 
7 662 290 735 368 6208 0 0 1 moving 
7 664 290 737 368 6209 0 0 1 moving 
7 666 290 739 368 6210 0 0 0 moving 
7 666 288 739 366 6211 0 0 1 moving 
7 666 286 739 365 6212 0 0 1 moving 
7 667 285 740 364 6213 0 0 1 moving 
7 667 283 740 363 6214 0 0 1 moving 
8 501 345 546 448 6195 0 0 0 moving 
8 498 346 543 453 6196 0 0 1 falling 
8 496 348 540 458 6197 0 0 1 falling 
8 494 350 538 463 6198 0 0 0 falling 
8 492 353 536 463 6199 0 0 1 falling 
8 491 356 534 463 6200 0 0 1 falling 
8 490 359 533 464 6201 0 0 0 falling 
8 489 361 532 464 6202 0 0 1 falling 
8 489 364 532 464 6203 0 0 1 falling 
8 489 367 532 464 6204 0 0 0 falling 
8 489 369 532 463 6205 0 0 1 falling 
8 489 371 532 463 6206 0 0 1 falling 
8 490 374 532 463 6207 0 0 0 falling 
8 490 375 532 462 6208 0 0 1 falling 
8 490 376 533 461 6209 0 0 1 falling 
8 491 378 534 460 6210 0 0 0 falling 
8 490 376 535 458 6211 0 0 1 falling 
8 489 374 536 456 6212 0 0 1 falling 
8 489 373 537 455 6213 0 0 0 falling 
8 489 373 537 455 6214 0 0 1 falling 
9 812 281 862 371 6195 0 0 0 falling 
9 810 282 860 370 6196 0 0 1 standing 
9 809 283 858 369 6197 0 0 1 standing 
9 808 284 857 368 6198 0 0 0 standing 
9 806 282 855 368 6199 0 0 1 standing 
9 805 280 853 368 6200 0 0 1 standing 
9 804 279 852 369 6201 0 0 0 standing 
9 802 279 851 370 6202 0 0 1 standing 
9 800 279 851 371 6203 0 0 1 standing 
9 798 279 851 373 6204 0 0 0 standing 
9 792 280 850 375 6205 0 0 1 standing 
9 786 281 849 378 6206 0 0 1 standing 
9 781 283 849 381 6207 0 0 0 standing 
9 782 283 850 381 6208 0 0 1 standing 
9 783 284 851 382 6209 0 0 1 standing 
9 785 285 853 383 6210 0 0 0 standing 
9 784 285 852 381 6211 0 0 1 standing 
9 784 285 852 379 6212 0 0 1 standing 
9 784 285 852 378 6213 0 0 0 standing 
9 784 285 852 378 6214 0 0 1 standing 
10 901 406 958 513 6195 0 0 0 standing 
10 902 406 961 513 6196 0 0 1 standing 
10 903 406 964 513 6197 0 0 1 standing 
10 905 407 967 514 6198 0 0 0 standing 
10 906 404 968 511 6199 0 0 1 standing 
10 907 401 969 509 6200 0 0 1 standing 
10 909 398 971 507 6201 0 0 0 standing 
10 908 395 971 504 6202 0 0 1 standing 
10 908 392 971 501 6203 0 0 1 standing 
10 908 389 971 498 6204 0 0 0 standing 
10 912 388 971 496 6205 0 0 1 standing 
10 917 387 971 494 6206 0 0 1 standing 
10 922 386 971 493 6207 0 0 0 standing 
10 925 386 974 494 6208 0 0 1 standing 
10 928 386 977 495 6209 0 0 1 standing 
10 932 387 981 497 6210 0 0 0 standing 
10 933 387 982 495 6211 0 0 1 standing 
10 934 387 983 493 6212 0 0 1 standing 
10 935 388 984 492 6213 0 0 1 standing 
10 936 388 985 490 6214 0 0 1 standing 
11 963 334 1009 434 6195 0 0 0 standing 
11 963 332 1012 428 6196 0 0 1 standing 
11 963 330 1015 422 6197 0 0 1 standing 
11 964 328 1018 417 6198 0 0 0 standing 
11 964 328 1019 418 6199 0 0 1 standing 
11 964 328 1020 419 6200 0 0 1 standing 
11 964 328 1022 421 6201 0 0 0 standing 
11 962 327 1020 420 6202 0 0 1 standing 
11 960 326 1018 419 6203 0 0 1 standing 
11 959 326 1017 419 6204 0 0 0 standing 
11 959 324 1017 413 6205 0 0 1 standing 
11 960 322 1018 408 6206 0 0 1 standing 
11 961 321 1019 403 6207 0 0 0 standing 
11 961 321 1019 401 6208 0 0 1 standing 
11 962 321 1020 399 6209 0 0 1 standing 
11 963 322 1021 397 6210 0 0 0 standing 
11 962 323 1021 396 6211 0 0 1 standing 
11 962 324 1021 395 6212 0 0 1 standing 
11 962 325 1021 395 6213 0 0 0 standing 
11 962 325 1021 395 6214 0 0 1 standing 
