0 24 432 81 533 44995 0 1 0 standing 
0 29 429 86 533 44996 0 1 1 standing 
0 35 427 92 534 44997 0 1 1 standing 
0 41 425 97 534 44998 0 1 1 standing 
0 47 423 103 535 44999 0 1 0 standing 
0 56 418 112 533 45000 0 1 1 standing 
0 65 414 121 532 45001 0 1 1 standing 
0 75 410 130 530 45002 0 1 1 standing 
0 84 406 139 529 45003 0 1 1 standing 
0 93 402 148 527 45004 0 1 1 standing 
0 103 398 157 526 45005 0 1 0 standing 
0 110 398 164 525 45006 0 1 1 standing 
0 118 399 172 524 45007 0 1 1 standing 
0 125 400 179 523 45008 0 1 1 standing 
0 133 401 187 523 45009 0 1 0 standing 
0 133 402 187 522 45010 0 1 1 standing 
0 134 403 188 522 45011 0 1 1 standing 
0 135 405 189 522 45012 0 1 1 standing 
0 136 406 189 522 45013 0 1 1 standing 
0 137 407 190 522 45014 0 1 1 standing 
1 91 451 160 559 44995 0 1 0 standing 
1 98 450 165 560 44996 0 1 1 standing 
1 106 449 170 561 44997 0 1 1 standing 
1 114 449 175 563 44998 0 1 0 standing 
1 126 446 185 562 44999 0 1 1 standing 
1 138 443 195 561 45000 0 1 1 standing 
1 151 441 205 560 45001 0 1 1 standing 
1 163 438 215 560 45002 0 1 1 standing 
1 176 436 225 559 45003 0 1 1 standing 
1 188 433 235 558 45004 0 1 1 standing 
1 201 431 245 558 45005 0 1 0 standing 
1 210 429 254 556 45006 0 1 1 standing 
1 219 428 264 554 45007 0 1 1 standing 
1 228 427 274 553 45008 0 1 0 standing 
1 233 426 279 553 45009 0 1 1 standing 
1 238 425 284 553 45010 0 1 1 standing 
1 243 424 290 554 45011 0 1 0 standing 
1 245 423 294 551 45012 0 1 1 standing 
1 248 423 298 549 45013 0 1 1 standing 
1 251 422 302 546 45014 0 1 1 standing 
2 224 464 311 571 44995 1 1 1 standing 
2 224 464 314 571 44996 0 1 0 digging 
2 228 464 320 571 44997 0 1 1 digging 
2 233 465 326 572 44998 0 1 1 digging 
2 238 465 332 573 44999 0 1 1 digging 
2 243 466 339 574 45000 0 1 0 digging 
2 252 465 348 573 45001 0 1 1 digging 
2 262 464 357 572 45002 0 1 1 digging 
2 271 463 366 571 45003 0 1 1 digging 
2 281 462 375 570 45004 0 1 1 digging 
2 291 461 384 570 45005 0 1 0 digging 
2 293 459 385 570 45006 0 1 1 digging 
2 296 457 387 570 45007 0 1 1 digging 
2 299 455 389 571 45008 0 1 1 digging 
2 301 453 391 571 45009 0 1 1 digging 
2 304 451 393 571 45010 0 1 1 digging 
2 307 450 395 572 45011 0 1 0 digging 
2 305 448 387 573 45012 0 1 1 digging 
2 303 447 379 574 45013 0 1 1 digging 
2 301 445 371 575 45014 0 1 1 digging 
3 316 405 382 502 44995 0 0 0 digging 
3 322 401 385 501 44996 0 0 1 standing 
3 328 398 389 501 44997 0 0 1 standing 
3 334 395 393 501 44998 0 0 1 standing 
3 340 392 397 501 44999 0 0 1 standing 
3 347 389 401 501 45000 0 0 0 standing 
3 356 387 408 502 45001 0 0 1 standing 
3 366 386 416 503 45002 0 0 1 standing 
3 375 385 424 505 45003 0 0 1 standing 
3 385 384 431 506 45004 0 0 1 standing 
3 394 383 439 507 45005 0 0 1 standing 
3 404 382 447 509 45006 0 0 0 standing 
3 410 381 453 508 45007 0 0 1 standing 
3 416 381 459 508 45008 0 0 1 standing 
3 422 380 465 507 45009 0 0 1 standing 
3 428 380 471 507 45010 0 0 0 standing 
3 430 380 473 507 45011 0 0 1 standing 
3 432 381 475 508 45012 0 0 1 standing 
3 434 381 477 508 45013 0 0 1 standing 
3 436 382 479 509 45014 0 0 1 standing 
4 438 338 481 454 44995 0 0 0 standing 
4 442 339 484 455 44996 0 0 1 standing 
4 446 341 488 457 44997 0 0 1 standing 
4 451 343 492 459 44998 0 0 0 standing 
4 461 343 502 459 44999 0 0 1 standing 
4 471 343 512 459 45000 0 0 1 standing 
4 481 343 523 459 45001 0 0 1 standing 
4 491 343 533 459 45002 0 0 1 standing 
4 502 343 543 459 45003 0 0 1 standing 
4 512 343 554 459 45004 0 0 1 standing 
4 522 343 564 459 45005 0 0 1 standing 
4 532 343 574 459 45006 0 0 1 standing 
4 543 344 585 459 45007 0 0 0 standing 
4 548 344 589 458 45008 0 0 1 standing 
4 553 344 594 458 45009 0 0 1 standing 
4 559 344 598 458 45010 0 0 1 standing 
4 564 344 603 458 45011 0 0 1 standing 
4 570 344 608 458 45012 0 0 0 standing 
4 572 343 610 457 45013 0 0 1 standing 
4 575 342 612 456 45014 0 0 1 standing 
5 562 369 602 481 44995 0 0 0 standing 
5 567 368 607 481 44996 0 0 1 standing 
5 572 368 612 481 44997 0 0 1 standing 
5 577 367 617 481 44998 0 0 1 standing 
5 583 367 623 481 44999 0 0 0 standing 
5 593 366 633 480 45000 0 0 1 standing 
5 604 365 643 480 45001 0 0 1 standing 
5 614 365 654 480 45002 0 0 1 standing 
5 625 364 664 480 45003 0 0 1 standing 
5 635 363 674 480 45004 0 0 1 standing 
5 646 363 685 480 45005 0 0 0 standing 
5 654 362 692 480 45006 0 0 1 standing 
5 662 362 700 480 45007 0 0 1 standing 
5 671 362 708 481 45008 0 0 0 standing 
5 675 361 713 479 45009 0 0 1 standing 
5 679 361 719 478 45010 0 0 1 standing 
5 683 361 725 476 45011 0 0 1 standing 
5 687 361 731 475 45012 0 0 0 standing 
5 690 360 732 473 45013 0 0 1 standing 
5 693 359 733 472 45014 0 0 1 standing 
6 766 434 820 565 44995 0 0 0 standing 
6 771 433 825 565 44996 0 0 1 standing 
6 777 432 830 566 44997 0 0 1 standing 
6 783 432 836 567 44998 0 0 1 standing 
6 789 431 841 568 44999 0 0 1 standing 
6 795 431 847 569 45000 0 0 0 standing 
6 804 430 856 570 45001 0 0 1 standing 
6 813 430 865 571 45002 0 0 1 standing 
6 823 430 875 572 45003 0 0 1 standing 
6 832 430 884 573 45004 0 0 1 standing 
6 842 430 894 575 45005 0 0 0 standing 
6 849 430 899 574 45006 0 0 1 standing 
6 856 430 905 573 45007 0 0 1 standing 
6 863 431 911 572 45008 0 0 0 standing 
6 865 430 914 570 45009 0 0 1 standing 
6 868 429 917 569 45010 0 0 1 standing 
6 871 428 920 567 45011 0 0 1 standing 
6 874 427 923 566 45012 0 0 1 standing 
6 877 427 927 565 45013 0 0 0 standing 
6 877 427 927 565 45014 0 0 1 standing 
7 820 369 875 496 44995 0 0 0 standing 
7 824 369 879 496 44996 0 0 1 standing 
7 829 370 884 497 44997 0 0 1 standing 
7 834 371 889 498 44998 0 0 1 standing 
7 839 372 894 499 44999 0 0 0 standing 
7 847 372 902 499 45000 0 0 1 standing 
7 856 372 911 499 45001 0 0 1 standing 
7 865 373 920 500 45002 0 0 1 standing 
7 874 373 929 500 45003 0 0 1 standing 
7 883 373 938 500 45004 0 0 1 standing 
7 892 374 947 501 45005 0 0 0 standing 
7 898 374 952 502 45006 0 0 1 standing 
7 904 375 957 503 45007 0 0 1 standing 
7 910 376 963 504 45008 0 0 0 standing 
7 911 376 963 504 45009 0 0 1 standing 
7 912 376 963 504 45010 0 0 1 standing 
7 913 376 964 504 45011 0 0 1 standing 
7 914 376 964 504 45012 0 0 1 standing 
7 915 376 965 504 45013 0 0 1 standing 
7 916 376 965 504 45014 0 0 1 standing 
8 269 375 318 481 44995 0 0 0 standing 
8 276 375 325 481 44996 0 0 1 standing 
8 283 375 332 481 44997 0 0 1 standing 
8 290 375 339 481 44998 0 0 1 standing 
8 297 375 346 481 44999 0 0 0 standing 
8 305 374 354 480 45000 0 0 1 standing 
8 314 374 363 480 45001 0 0 1 standing 
8 323 373 372 479 45002 0 0 1 standing 
8 332 373 381 479 45003 0 0 1 standing 
8 341 373 390 479 45004 0 0 0 standing 
8 347 372 396 478 45005 0 0 1 standing 
8 353 372 402 478 45006 0 0 1 standing 
8 359 372 408 478 45007 0 0 1 standing 
8 365 371 414 477 45008 0 0 1 standing 
8 371 371 420 477 45009 0 0 1 standing 
8 378 371 427 477 45010 0 0 0 standing 
8 377 370 426 476 45011 0 0 1 standing 
8 377 370 426 476 45012 0 0 1 standing 
8 376 370 425 476 45013 0 0 1 standing 
8 376 370 425 476 45014 0 0 1 standing 
9 370 329 417 445 44995 1 0 1 standing 
9 371 330 417 446 44996 1 0 1 standing 
9 372 331 418 447 44997 0 0 0 standing 
9 381 337 424 452 44998 0 0 1 standing 
9 390 343 430 458 44999 0 0 1 standing 
9 399 349 437 464 45000 0 0 0 standing 
9 409 351 447 466 45001 0 0 1 standing 
9 419 353 457 468 45002 0 0 1 standing 
9 429 355 467 470 45003 0 0 0 standing 
9 437 355 475 470 45004 0 0 1 standing 
9 445 355 483 470 45005 0 0 1 standing 
9 453 355 491 470 45006 0 0 1 standing 
9 462 356 500 471 45007 0 0 0 standing 
9 467 355 505 470 45008 0 0 1 standing 
9 473 355 511 470 45009 0 0 1 standing 
9 478 355 516 470 45010 0 0 1 standing 
9 484 355 522 470 45011 0 0 0 standing 
9 486 355 524 470 45012 0 0 1 standing 
9 488 356 526 471 45013 0 0 1 standing 
9 490 356 528 471 45014 0 0 1 standing 
10 444 362 486 483 44995 0 0 0 standing 
10 449 360 491 481 44996 0 0 1 standing 
10 454 359 496 480 44997 0 0 1 standing 
10 460 358 502 479 44998 0 0 0 standing 
10 469 358 511 479 44999 0 0 1 standing 
10 478 358 520 479 45000 0 0 1 standing 
10 487 358 529 479 45001 0 0 1 standing 
10 496 358 538 479 45002 0 0 1 standing 
10 506 359 548 480 45003 0 0 0 standing 
10 515 359 557 480 45004 0 0 1 standing 
10 524 359 566 480 45005 0 0 1 standing 
10 533 359 575 480 45006 0 0 1 standing 
10 542 360 584 481 45007 0 0 0 standing 
10 546 360 588 481 45008 0 0 1 standing 
10 550 360 592 481 45009 0 0 1 standing 
10 554 360 596 481 45010 0 0 1 standing 
10 558 360 600 481 45011 0 0 1 standing 
10 562 360 604 481 45012 0 0 0 standing 
10 562 362 604 483 45013 0 0 1 standing 
10 563 365 605 486 45014 0 0 1 standing 
11 574 431 624 575 44995 0 0 0 standing 
11 578 431 628 575 44996 0 0 1 standing 
11 582 431 632 575 44997 0 0 1 standing 
11 586 431 636 575 44998 0 0 0 standing 
11 594 431 644 575 44999 0 0 1 standing 
11 602 431 653 575 45000 0 0 1 standing 
11 611 431 662 575 45001 0 0 1 standing 
11 619 431 671 575 45002 0 0 1 standing 
11 628 431 679 575 45003 0 0 1 standing 
11 636 431 688 575 45004 0 0 1 standing 
11 645 431 697 575 45005 0 0 1 standing 
11 653 431 706 575 45006 0 0 1 standing 
11 662 432 715 575 45007 0 0 0 standing 
11 665 432 719 574 45008 0 0 1 standing 
11 668 432 724 573 45009 0 0 1 standing 
11 671 432 728 572 45010 0 0 1 standing 
11 675 432 733 572 45011 0 0 0 standing 
11 673 431 731 569 45012 0 0 1 standing 
11 671 431 730 567 45013 0 0 1 standing 
11 669 430 729 565 45014 0 0 1 standing 
