0 454 436 499 599 13351 0 1 0 setting 
0 453 434 499 599 13352 0 1 1 setting 
0 452 432 499 599 13353 0 1 1 setting 
0 452 430 499 599 13354 0 1 1 setting 
0 451 428 500 599 13355 0 1 1 setting 
0 451 426 500 599 13356 0 1 1 setting 
0 450 424 500 599 13357 0 1 1 setting 
0 450 422 501 600 13358 0 1 0 setting 
0 449 413 502 600 13359 0 1 1 setting 
0 449 404 503 601 13360 0 1 1 setting 
0 449 395 504 602 13361 0 1 0 setting 
0 448 400 504 602 13362 0 1 1 setting 
0 448 405 505 603 13363 0 1 1 setting 
0 448 410 505 604 13364 0 1 1 setting 
0 447 415 506 605 13365 0 1 1 setting 
0 447 420 507 606 13366 0 1 1 setting 
0 447 425 507 607 13367 0 1 1 setting 
0 446 430 508 608 13368 0 1 1 setting 
0 446 435 508 609 13369 0 1 1 setting 
0 446 440 509 610 13370 0 1 1 setting 
1 536 356 608 455 13351 0 0 0 setting 
1 535 353 608 454 13352 0 0 1 standing 
1 534 350 609 454 13353 0 0 1 standing 
1 533 348 610 453 13354 0 0 1 standing 
1 532 345 611 453 13355 0 0 1 standing 
1 531 343 612 453 13356 0 0 1 standing 
1 530 340 612 452 13357 0 0 1 standing 
1 529 337 613 452 13358 0 0 1 standing 
1 528 335 614 451 13359 0 0 1 standing 
1 527 332 615 451 13360 0 0 1 standing 
1 527 330 616 451 13361 0 0 0 standing 
1 526 327 613 449 13362 0 0 1 standing 
1 525 324 610 447 13363 0 0 1 standing 
1 524 322 607 445 13364 0 0 1 standing 
1 523 319 604 443 13365 0 0 1 standing 
1 522 316 601 441 13366 0 0 1 standing 
1 521 314 598 439 13367 0 0 0 standing 
1 520 313 595 437 13368 0 0 1 standing 
1 519 312 593 435 13369 0 0 1 standing 
1 518 311 590 433 13370 0 0 1 standing 
2 241 433 302 549 13351 0 0 0 standing 
2 239 431 300 548 13352 0 0 1 standing 
2 237 430 299 548 13353 0 0 1 standing 
2 235 428 298 548 13354 0 0 1 standing 
2 234 427 297 548 13355 0 0 0 standing 
2 232 427 295 553 13356 0 0 1 standing 
2 230 428 294 558 13357 0 0 1 standing 
2 228 429 293 563 13358 0 0 1 standing 
2 226 430 292 568 13359 0 0 1 standing 
2 224 431 291 573 13360 0 0 1 standing 
2 222 432 290 578 13361 0 0 0 standing 
2 223 432 290 577 13362 0 0 1 standing 
2 225 432 291 576 13363 0 0 1 standing 
2 227 432 291 576 13364 0 0 1 standing 
2 229 432 292 575 13365 0 0 1 standing 
2 231 432 293 575 13366 0 0 0 standing 
2 232 428 293 574 13367 0 0 1 standing 
2 234 425 294 574 13368 0 0 1 standing 
2 236 422 295 573 13369 0 0 1 standing 
2 238 419 296 573 13370 0 0 1 standing 
3 376 356 465 450 13351 0 0 0 standing 
3 377 355 464 450 13352 0 0 1 standing 
3 378 354 463 450 13353 0 0 1 standing 
3 379 354 462 450 13354 0 0 1 standing 
3 381 353 461 450 13355 0 0 1 standing 
3 382 353 460 450 13356 0 0 1 standing 
3 383 352 459 450 13357 0 0 1 standing 
3 385 351 458 450 13358 0 0 1 standing 
3 386 351 457 450 13359 0 0 1 standing 
3 387 350 456 450 13360 0 0 1 standing 
3 389 350 456 451 13361 0 0 0 standing 
3 390 350 459 451 13362 0 0 1 standing 
3 391 350 462 451 13363 0 0 1 standing 
3 392 350 465 451 13364 0 0 1 standing 
3 394 350 468 451 13365 0 0 1 standing 
3 395 350 471 451 13366 0 0 1 standing 
3 396 350 474 451 13367 0 0 1 standing 
3 398 350 477 451 13368 0 0 1 standing 
3 399 350 480 451 13369 0 0 1 standing 
3 400 350 483 451 13370 0 0 1 standing 
4 765 440 811 618 13351 0 0 0 standing 
4 763 442 810 618 13352 0 0 1 standing 
4 762 444 809 618 13353 0 0 1 standing 
4 761 446 808 618 13354 0 0 1 standing 
4 759 448 808 618 13355 0 0 1 standing 
4 758 450 807 618 13356 0 0 1 standing 
4 757 452 806 618 13357 0 0 1 standing 
4 755 454 806 618 13358 0 0 1 standing 
4 754 456 805 618 13359 0 0 1 standing 
4 753 458 804 618 13360 0 0 1 standing 
4 752 460 804 619 13361 0 0 0 standing 
4 748 460 803 619 13362 0 0 1 standing 
4 744 461 803 619 13363 0 0 1 standing 
4 741 461 802 620 13364 0 0 1 standing 
4 737 462 802 620 13365 0 0 1 standing 
4 733 463 801 620 13366 0 0 1 standing 
4 730 463 801 621 13367 0 0 1 standing 
4 726 464 800 621 13368 0 0 1 standing 
4 723 465 800 622 13369 0 0 0 standing 
4 716 466 791 621 13370 0 0 1 standing 
5 735 421 805 578 13351 0 0 0 standing 
5 739 425 804 578 13352 0 0 1 standing 
5 744 430 804 579 13353 0 0 1 standing 
5 748 435 803 580 13354 0 0 1 standing 
5 753 440 803 581 13355 0 0 0 standing 
5 749 438 803 581 13356 0 0 1 standing 
5 746 436 803 582 13357 0 0 1 standing 
5 743 434 803 583 13358 0 0 1 standing 
5 740 432 803 584 13359 0 0 1 standing 
5 737 430 803 585 13360 0 0 1 standing 
5 734 429 804 586 13361 0 0 0 standing 
5 731 427 801 585 13362 0 0 1 standing 
5 729 426 799 585 13363 0 0 1 standing 
5 726 424 796 584 13364 0 0 1 standing 
5 724 423 794 584 13365 0 0 1 standing 
5 722 422 791 584 13366 0 0 1 standing 
5 719 420 789 583 13367 0 0 1 standing 
5 717 419 786 583 13368 0 0 1 standing 
5 714 417 784 582 13369 0 0 1 standing 
5 712 416 781 582 13370 0 0 1 standing 
6 839 483 900 627 13351 0 0 0 standing 
6 839 481 900 628 13352 0 0 1 standing 
6 839 480 900 629 13353 0 0 1 standing 
6 839 478 900 630 13354 0 0 1 standing 
6 839 477 900 631 13355 0 0 1 standing 
6 839 476 900 632 13356 0 0 1 standing 
6 839 474 900 633 13357 0 0 1 standing 
6 839 473 900 634 13358 0 0 1 standing 
6 839 471 900 635 13359 0 0 1 standing 
6 839 470 900 636 13360 0 0 1 standing 
6 840 469 900 638 13361 0 0 0 standing 
6 839 468 899 636 13362 0 0 1 standing 
6 838 467 898 635 13363 0 0 1 standing 
6 837 466 897 634 13364 0 0 1 standing 
6 836 466 896 633 13365 0 0 1 standing 
6 835 465 896 632 13366 0 0 1 standing 
6 834 464 895 631 13367 0 0 1 standing 
6 833 464 894 630 13368 0 0 1 standing 
6 832 463 893 629 13369 0 0 1 standing 
6 831 462 892 628 13370 0 0 1 standing 
7 859 447 940 568 13351 0 0 0 standing 
7 858 443 937 568 13352 0 0 1 standing 
7 858 440 935 568 13353 0 0 1 standing 
7 858 436 933 568 13354 0 0 1 standing 
7 858 433 931 568 13355 0 0 1 standing 
7 857 429 929 568 13356 0 0 1 standing 
7 857 426 927 568 13357 0 0 1 standing 
7 857 422 925 568 13358 0 0 1 standing 
7 857 419 923 568 13359 0 0 0 standing 
7 857 413 921 566 13360 0 0 1 standing 
7 857 407 919 564 13361 0 0 1 standing 
7 857 402 918 563 13362 0 0 0 standing 
7 857 401 916 560 13363 0 0 1 standing 
7 857 401 915 558 13364 0 0 1 standing 
7 857 401 914 556 13365 0 0 1 standing 
7 857 401 912 553 13366 0 0 1 standing 
7 857 400 911 551 13367 0 0 1 standing 
7 857 400 910 549 13368 0 0 1 standing 
7 857 400 908 546 13369 0 0 1 standing 
7 857 400 907 544 13370 0 0 1 standing 
8 986 427 1058 540 13351 0 0 0 standing 
8 984 423 1054 538 13352 0 0 1 moving 
8 982 420 1051 537 13353 0 0 1 moving 
8 980 417 1048 535 13354 0 0 1 moving 
8 978 414 1045 534 13355 0 0 1 moving 
8 976 411 1042 533 13356 0 0 1 moving 
8 974 408 1039 531 13357 0 0 1 moving 
8 972 405 1036 530 13358 0 0 1 moving 
8 970 402 1033 528 13359 0 0 1 moving 
8 968 399 1030 527 13360 0 0 1 moving 
8 966 396 1027 526 13361 0 0 0 moving 
8 962 395 1025 525 13362 0 0 1 moving 
8 959 395 1023 524 13363 0 0 1 moving 
8 956 394 1021 523 13364 0 0 1 moving 
8 953 394 1019 523 13365 0 0 1 moving 
8 950 393 1017 522 13366 0 0 1 moving 
8 947 393 1015 521 13367 0 0 1 moving 
8 944 392 1013 521 13368 0 0 1 moving 
8 941 392 1011 520 13369 0 0 1 moving 
8 938 391 1009 519 13370 0 0 1 moving 
9 1075 378 1176 491 13351 0 0 0 moving 
9 1078 378 1177 491 13352 0 0 1 standing 
9 1081 378 1179 491 13353 0 0 1 standing 
9 1084 378 1181 491 13354 0 0 1 standing 
9 1087 378 1183 491 13355 0 0 1 standing 
9 1090 379 1185 492 13356 0 0 1 standing 
9 1093 379 1186 492 13357 0 0 1 standing 
9 1096 379 1188 492 13358 0 0 1 standing 
9 1099 379 1190 492 13359 0 0 1 standing 
9 1102 379 1192 492 13360 0 0 1 standing 
9 1105 380 1194 493 13361 0 0 0 standing 
9 1108 379 1195 493 13362 0 0 1 standing 
9 1111 378 1197 493 13363 0 0 1 standing 
9 1114 378 1198 493 13364 0 0 1 standing 
9 1117 377 1200 493 13365 0 0 1 standing 
9 1120 377 1201 494 13366 0 0 1 standing 
9 1123 376 1203 494 13367 0 0 1 standing 
9 1126 375 1204 494 13368 0 0 1 standing 
9 1129 375 1206 494 13369 0 0 1 standing 
9 1132 374 1207 494 13370 0 0 1 standing 
10 984 474 1052 600 13351 0 0 0 standing 
10 985 471 1054 601 13352 0 0 1 standing 
10 986 468 1057 602 13353 0 0 1 standing 
10 987 465 1059 603 13354 0 0 1 standing 
10 989 462 1062 605 13355 0 0 0 standing 
10 990 459 1064 600 13356 0 0 1 standing 
10 991 456 1067 596 13357 0 0 1 standing 
10 993 453 1070 592 13358 0 0 1 standing 
10 994 450 1072 587 13359 0 0 1 standing 
10 995 447 1075 583 13360 0 0 1 standing 
10 997 444 1078 579 13361 0 0 0 standing 
10 1002 443 1082 578 13362 0 0 1 standing 
10 1007 443 1086 578 13363 0 0 1 standing 
10 1013 443 1090 578 13364 0 0 1 standing 
10 1018 443 1094 577 13365 0 0 1 standing 
10 1024 443 1098 577 13366 0 0 1 standing 
10 1029 443 1102 577 13367 0 0 1 standing 
10 1034 443 1106 576 13368 0 0 1 standing 
10 1040 443 1110 576 13369 0 0 1 standing 
10 1045 443 1114 576 13370 0 0 1 standing 
