0 688 298 753 422 36725 0 1 0 setting 
0 690 296 754 420 36726 0 1 1 setting 
0 693 295 755 418 36727 0 1 1 setting 
0 695 293 756 417 36728 0 1 1 setting 
0 698 292 757 415 36729 0 1 1 setting 
0 700 290 758 413 36730 0 1 1 setting 
0 703 289 760 412 36731 0 1 0 setting 
0 704 291 760 414 36732 0 1 1 setting 
0 706 294 760 417 36733 0 1 1 setting 
0 708 297 760 420 36734 0 1 1 setting 
0 710 300 761 423 36735 0 1 0 setting 
0 712 301 763 424 36736 0 1 1 setting 
0 715 303 765 426 36737 0 1 1 setting 
0 718 304 767 427 36738 0 1 1 setting 
0 721 306 769 429 36739 0 1 1 setting 
0 724 308 771 431 36740 0 1 1 setting 
0 726 309 773 432 36741 0 1 1 setting 
0 729 311 775 434 36742 0 1 1 setting 
0 732 312 777 435 36743 0 1 1 setting 
0 735 314 779 437 36744 0 1 1 setting 
1 760 340 840 453 36725 0 1 0 setting 
1 755 337 832 453 36726 0 1 1 jumping 
1 751 334 824 454 36727 0 1 1 jumping 
1 747 331 816 454 36728 0 1 1 jumping 
1 742 328 808 455 36729 0 1 1 jumping 
1 738 325 800 455 36730 0 1 1 jumping 
1 734 323 793 456 36731 0 1 0 jumping 
1 732 313 792 452 36732 0 1 1 jumping 
1 730 304 791 449 36733 0 1 1 jumping 
1 728 295 790 445 36734 0 1 1 jumping 
1 727 286 790 442 36735 0 1 0 jumping 
1 722 288 785 441 36736 0 1 1 jumping 
1 718 291 781 441 36737 0 1 1 jumping 
1 714 293 777 441 36738 0 1 1 jumping 
1 710 296 773 441 36739 0 1 1 jumping 
1 706 299 769 441 36740 0 1 1 jumping 
1 702 301 765 440 36741 0 1 1 jumping 
1 698 304 761 440 36742 0 1 1 jumping 
1 694 306 757 440 36743 0 1 1 jumping 
1 690 309 753 440 36744 0 1 1 jumping 
2 979 501 1065 640 36725 0 1 0 jumping 
2 969 500 1056 639 36726 0 1 1 moving 
2 959 499 1047 639 36727 0 1 1 moving 
2 950 498 1038 639 36728 0 1 1 moving 
2 940 497 1029 639 36729 0 1 1 moving 
2 931 497 1020 639 36730 0 1 1 moving 
2 921 496 1011 638 36731 0 1 1 moving 
2 911 495 1002 638 36732 0 1 1 moving 
2 902 494 993 638 36733 0 1 1 moving 
2 892 493 984 638 36734 0 1 1 moving 
2 883 493 975 638 36735 0 1 0 moving 
2 871 492 963 635 36736 0 1 1 moving 
2 860 492 952 632 36737 0 1 1 moving 
2 849 491 941 630 36738 0 1 1 moving 
2 838 491 930 627 36739 0 1 1 moving 
2 827 491 919 625 36740 0 1 1 moving 
2 816 490 907 622 36741 0 1 1 moving 
2 805 490 896 619 36742 0 1 1 moving 
2 794 489 885 617 36743 0 1 1 moving 
2 783 489 874 614 36744 0 1 1 moving 
3 1068 337 1150 434 36725 0 0 0 moving 
3 1067 338 1149 434 36726 0 0 1 standing 
3 1067 339 1149 434 36727 0 0 1 standing 
3 1067 340 1149 434 36728 0 0 0 standing 
3 1062 340 1142 433 36729 0 0 1 standing 
3 1057 340 1135 432 36730 0 0 1 standing 
3 1053 341 1129 431 36731 0 0 0 standing 
3 1049 341 1119 431 36732 0 0 1 standing 
3 1045 341 1109 432 36733 0 0 1 standing 
3 1042 342 1099 433 36734 0 0 0 standing 
3 1037 342 1097 432 36735 0 0 1 standing 
3 1032 342 1096 431 36736 0 0 1 standing 
3 1028 343 1095 431 36737 0 0 0 standing 
3 1024 343 1091 432 36738 0 0 1 standing 
3 1020 343 1087 433 36739 0 0 1 standing 
3 1017 344 1083 435 36740 0 0 0 standing 
3 1012 344 1075 434 36741 0 0 1 standing 
3 1007 344 1068 434 36742 0 0 1 standing 
3 1002 344 1061 434 36743 0 0 1 standing 
3 997 344 1054 434 36744 0 0 1 standing 
4 932 396 979 503 36725 0 0 0 standing 
4 926 394 977 502 36726 0 0 1 standing 
4 920 393 975 501 36727 0 0 1 standing 
4 914 392 974 500 36728 0 0 0 standing 
4 910 390 968 499 36729 0 0 1 standing 
4 906 389 962 499 36730 0 0 1 standing 
4 902 388 957 499 36731 0 0 0 standing 
4 898 387 949 499 36732 0 0 1 standing 
4 895 386 942 499 36733 0 0 1 standing 
4 892 385 935 499 36734 0 0 0 standing 
4 887 387 930 501 36735 0 0 1 standing 
4 882 389 925 503 36736 0 0 1 standing 
4 877 391 920 505 36737 0 0 0 standing 
4 866 393 916 505 36738 0 0 1 standing 
4 856 396 912 505 36739 0 0 1 standing 
4 846 399 909 506 36740 0 0 0 standing 
4 845 398 904 506 36741 0 0 1 standing 
4 845 398 899 507 36742 0 0 1 standing 
4 844 397 894 507 36743 0 0 1 standing 
4 844 397 889 508 36744 0 0 1 standing 
5 860 224 906 323 36725 0 0 0 standing 
5 857 225 903 324 36726 0 0 1 moving 
5 854 227 900 325 36727 0 0 1 moving 
5 852 229 897 326 36728 0 0 0 moving 
5 844 232 896 325 36729 0 0 1 moving 
5 836 235 896 325 36730 0 0 1 moving 
5 829 238 896 325 36731 0 0 0 moving 
5 826 238 894 327 36732 0 0 1 moving 
5 823 238 893 329 36733 0 0 1 moving 
5 821 238 892 331 36734 0 0 0 moving 
5 821 238 886 330 36735 0 0 1 moving 
5 821 238 880 329 36736 0 0 1 moving 
5 821 238 875 329 36737 0 0 0 moving 
5 817 237 868 331 36738 0 0 1 moving 
5 814 236 862 333 36739 0 0 1 moving 
5 811 235 856 335 36740 0 0 0 moving 
5 808 235 856 337 36741 0 0 1 moving 
5 805 236 856 339 36742 0 0 1 moving 
5 802 236 856 341 36743 0 0 1 moving 
5 799 237 856 343 36744 0 0 1 moving 
6 597 402 643 539 36725 0 0 0 moving 
6 597 402 642 539 36726 0 0 1 standing 
6 597 402 642 539 36727 0 0 1 standing 
6 598 402 642 539 36728 0 0 1 standing 
6 598 402 641 539 36729 0 0 1 standing 
6 598 402 641 539 36730 0 0 1 standing 
6 599 402 641 539 36731 0 0 0 standing 
6 599 403 640 539 36732 0 0 1 standing 
6 599 405 640 539 36733 0 0 1 standing 
6 599 407 640 539 36734 0 0 0 standing 
6 598 410 641 540 36735 0 0 1 standing 
6 597 413 643 541 36736 0 0 1 standing 
6 597 416 645 542 36737 0 0 0 standing 
6 600 417 646 546 36738 0 0 1 standing 
6 603 419 647 550 36739 0 0 1 standing 
6 607 421 648 554 36740 0 0 0 standing 
6 606 424 649 556 36741 0 0 1 standing 
6 606 428 651 559 36742 0 0 1 standing 
6 606 432 653 561 36743 0 0 1 standing 
6 606 436 655 564 36744 0 0 1 standing 
7 607 326 652 452 36725 0 0 0 standing 
7 608 326 653 452 36726 0 0 1 standing 
7 609 326 654 452 36727 0 0 1 standing 
7 610 326 655 453 36728 0 0 0 standing 
7 610 326 654 453 36729 0 0 1 standing 
7 610 327 653 453 36730 0 0 1 standing 
7 610 328 653 454 36731 0 0 0 standing 
7 609 330 652 456 36732 0 0 1 standing 
7 608 332 651 458 36733 0 0 1 standing 
7 607 334 650 460 36734 0 0 0 standing 
7 608 337 651 462 36735 0 0 1 standing 
7 609 341 652 464 36736 0 0 1 standing 
7 611 345 653 466 36737 0 0 0 standing 
7 611 345 653 466 36738 0 0 1 standing 
7 612 346 654 467 36739 0 0 1 standing 
7 613 347 655 468 36740 0 0 0 standing 
7 606 349 657 468 36741 0 0 1 standing 
7 600 352 659 468 36742 0 0 1 standing 
7 594 355 661 469 36743 0 0 1 standing 
7 588 358 663 469 36744 0 0 1 standing 
8 611 305 650 406 36725 0 0 0 standing 
8 612 305 651 408 36726 0 0 1 standing 
8 613 305 652 410 36727 0 0 1 standing 
8 615 305 653 412 36728 0 0 0 standing 
8 613 304 653 409 36729 0 0 1 standing 
8 612 303 653 407 36730 0 0 1 standing 
8 611 303 654 405 36731 0 0 0 standing 
8 611 303 654 408 36732 0 0 1 standing 
8 611 303 655 412 36733 0 0 1 standing 
8 611 303 655 416 36734 0 0 1 standing 
8 611 303 656 419 36735 0 0 1 standing 
8 611 303 656 423 36736 0 0 1 standing 
8 612 304 657 427 36737 0 0 0 standing 
8 611 303 656 426 36738 0 0 1 standing 
8 611 302 656 425 36739 0 0 1 standing 
8 611 302 656 425 36740 0 0 0 standing 
8 608 302 655 422 36741 0 0 1 standing 
8 606 302 655 419 36742 0 0 1 standing 
8 604 302 654 417 36743 0 0 1 standing 
8 602 302 654 414 36744 0 0 1 standing 
9 376 311 425 403 36725 0 0 0 standing 
9 374 311 423 403 36726 0 0 1 waiting 
9 372 311 421 404 36727 0 0 1 waiting 
9 370 312 419 405 36728 0 0 0 waiting 
9 368 312 417 404 36729 0 0 1 waiting 
9 366 312 415 403 36730 0 0 1 waiting 
9 365 313 413 402 36731 0 0 0 waiting 
9 362 313 412 401 36732 0 0 1 waiting 
9 360 313 411 401 36733 0 0 1 waiting 
9 358 313 411 401 36734 0 0 0 waiting 
9 355 314 409 402 36735 0 0 1 waiting 
9 352 315 407 403 36736 0 0 1 waiting 
9 350 317 406 404 36737 0 0 0 waiting 
9 348 317 404 404 36738 0 0 1 waiting 
9 347 318 403 405 36739 0 0 1 waiting 
9 346 319 402 406 36740 0 0 0 waiting 
9 346 318 401 405 36741 0 0 1 waiting 
9 346 318 400 405 36742 0 0 1 waiting 
9 347 317 400 405 36743 0 0 1 waiting 
9 347 317 399 405 36744 0 0 1 waiting 
10 345 421 411 549 36725 0 0 0 waiting 
10 345 422 410 549 36726 0 0 1 waiting 
10 345 423 410 549 36727 0 0 1 waiting 
10 345 424 410 550 36728 0 0 0 waiting 
10 340 424 408 550 36729 0 0 1 waiting 
10 335 425 406 550 36730 0 0 1 waiting 
10 331 426 405 551 36731 0 0 0 waiting 
10 326 426 403 551 36732 0 0 1 waiting 
10 322 427 402 551 36733 0 0 1 waiting 
10 318 428 401 552 36734 0 0 0 waiting 
10 315 428 401 552 36735 0 0 1 waiting 
10 312 429 401 552 36736 0 0 1 waiting 
10 309 430 402 553 36737 0 0 0 waiting 
10 308 430 402 552 36738 0 0 1 waiting 
10 307 430 402 552 36739 0 0 1 waiting 
10 306 430 402 552 36740 0 0 0 waiting 
10 305 430 394 553 36741 0 0 1 waiting 
10 305 431 386 554 36742 0 0 1 waiting 
10 305 431 378 556 36743 0 0 1 waiting 
10 305 432 370 557 36744 0 0 1 waiting 
11 252 355 306 469 36725 0 0 0 waiting 
11 252 355 306 469 36726 0 0 1 waiting 
11 252 355 306 469 36727 0 0 1 waiting 
11 252 355 306 469 36728 0 0 1 waiting 
11 252 355 306 469 36729 0 0 1 waiting 
11 252 355 306 469 36730 0 0 1 waiting 
11 253 355 307 470 36731 0 0 0 waiting 
11 253 355 308 469 36732 0 0 1 waiting 
11 253 355 309 469 36733 0 0 1 waiting 
11 253 355 311 469 36734 0 0 0 waiting 
11 254 355 312 469 36735 0 0 1 waiting 
11 255 355 313 469 36736 0 0 1 waiting 
11 256 355 314 469 36737 0 0 0 waiting 
11 256 355 314 468 36738 0 0 1 waiting 
11 257 355 314 468 36739 0 0 1 waiting 
11 258 355 314 468 36740 0 0 0 waiting 
11 258 356 313 468 36741 0 0 1 waiting 
11 258 357 313 468 36742 0 0 1 waiting 
11 259 358 313 468 36743 0 0 1 waiting 
11 259 359 313 468 36744 0 0 1 waiting 
