0 566 340 618 468 21715 0 1 0 setting 
0 562 324 613 463 21716 0 1 1 setting 
0 559 308 608 459 21717 0 1 1 setting 
0 556 292 604 455 21718 0 1 0 setting 
0 554 286 601 450 21719 0 1 1 setting 
0 553 280 599 445 21720 0 1 1 setting 
0 552 274 597 440 21721 0 1 1 setting 
0 551 268 595 436 21722 0 1 0 setting 
0 550 266 594 431 21723 0 1 1 setting 
0 549 264 593 426 21724 0 1 1 setting 
0 549 263 593 422 21725 0 1 0 setting 
0 545 268 590 423 21726 0 1 1 setting 
0 541 273 588 424 21727 0 1 1 setting 
0 537 278 586 426 21728 0 1 0 setting 
0 532 280 583 425 21729 0 1 1 setting 
0 528 283 580 424 21730 0 1 1 setting 
0 524 286 577 423 21731 0 1 1 setting 
0 520 289 575 423 21732 0 1 0 setting 
0 517 298 568 429 21733 0 1 1 setting 
0 515 307 562 435 21734 0 1 1 setting 
1 627 335 676 429 21715 0 1 0 setting 
1 620 333 670 428 21716 0 1 1 jumping 
1 613 331 665 428 21717 0 1 1 jumping 
1 606 329 660 428 21718 0 1 0 jumping 
1 607 323 659 425 21719 0 1 1 jumping 
1 608 317 658 423 21720 0 1 1 jumping 
1 609 311 657 421 21721 0 1 1 jumping 
1 610 305 656 419 21722 0 1 1 jumping 
1 611 299 655 417 21723 0 1 1 jumping 
1 612 293 654 415 21724 0 1 1 jumping 
1 613 287 653 413 21725 0 1 0 jumping 
1 609 286 651 412 21726 0 1 1 jumping 
1 605 286 649 411 21727 0 1 1 jumping 
1 602 286 647 411 21728 0 1 0 jumping 
1 600 288 645 413 21729 0 1 1 jumping 
1 599 291 643 415 21730 0 1 1 jumping 
1 597 293 641 417 21731 0 1 1 jumping 
1 596 296 640 420 21732 0 1 0 jumping 
1 590 299 638 423 21733 0 1 1 jumping 
1 584 302 637 427 21734 0 1 1 jumping 
2 453 284 527 366 21715 0 1 0 jumping 
2 449 280 525 366 21716 0 1 1 moving 
2 445 277 523 367 21717 0 1 1 moving 
2 442 274 521 368 21718 0 1 0 moving 
2 442 273 521 366 21719 0 1 1 moving 
2 443 272 521 365 21720 0 1 1 moving 
2 444 271 521 364 21721 0 1 1 moving 
2 445 271 522 363 21722 0 1 0 moving 
2 450 271 526 360 21723 0 1 1 moving 
2 455 272 530 357 21724 0 1 1 moving 
2 460 273 534 355 21725 0 1 0 moving 
2 460 269 539 355 21726 0 1 1 moving 
2 460 266 544 355 21727 0 1 1 moving 
2 461 263 550 356 21728 0 1 0 moving 
2 470 260 551 348 21729 0 1 1 moving 
2 479 258 553 341 21730 0 1 1 moving 
2 488 255 554 334 21731 0 1 1 moving 
2 498 253 556 327 21732 0 1 0 moving 
2 503 257 565 333 21733 0 1 1 moving 
2 509 261 574 340 21734 0 1 1 moving 
3 280 390 375 505 21715 0 1 0 moving 
3 274 391 367 505 21716 0 1 1 moving 
3 268 392 359 506 21717 0 1 1 moving 
3 262 393 351 507 21718 0 1 0 moving 
3 259 393 353 510 21719 0 1 1 moving 
3 257 394 356 513 21720 0 1 1 moving 
3 254 395 358 516 21721 0 1 1 moving 
3 252 396 361 519 21722 0 1 0 moving 
3 256 397 360 522 21723 0 1 1 moving 
3 260 398 359 525 21724 0 1 1 moving 
3 264 400 358 529 21725 0 1 0 moving 
3 270 400 357 530 21726 0 1 1 moving 
3 276 400 356 531 21727 0 1 1 moving 
3 282 401 356 533 21728 0 1 0 moving 
3 281 404 356 537 21729 0 1 1 moving 
3 280 407 356 542 21730 0 1 1 moving 
3 279 410 356 547 21731 0 1 1 moving 
3 278 413 357 552 21732 0 1 0 moving 
3 283 411 357 550 21733 0 1 1 moving 
3 288 409 357 549 21734 0 1 1 moving 
4 245 372 320 490 21715 0 0 0 moving 
4 243 370 321 488 21716 0 0 1 moving 
4 242 368 322 487 21717 0 0 1 moving 
4 241 366 323 486 21718 0 0 0 moving 
4 244 364 325 482 21719 0 0 1 moving 
4 247 363 327 479 21720 0 0 1 moving 
4 250 362 329 476 21721 0 0 1 moving 
4 253 360 331 473 21722 0 0 1 moving 
4 256 359 333 470 21723 0 0 1 moving 
4 259 358 335 467 21724 0 0 1 moving 
4 263 357 337 464 21725 0 0 0 moving 
4 266 355 347 461 21726 0 0 1 moving 
4 270 354 357 458 21727 0 0 1 moving 
4 274 353 368 456 21728 0 0 0 moving 
4 285 351 368 453 21729 0 0 1 moving 
4 297 350 369 451 21730 0 0 1 moving 
4 309 349 369 448 21731 0 0 1 moving 
4 321 348 370 446 21732 0 0 0 moving 
4 321 348 374 448 21733 0 0 1 moving 
4 321 349 379 450 21734 0 0 1 moving 
5 373 300 453 409 21715 0 0 0 moving 
5 373 298 454 408 21716 0 0 1 standing 
5 374 296 455 408 21717 0 0 1 standing 
5 375 294 457 408 21718 0 0 0 standing 
5 382 291 456 406 21719 0 0 1 standing 
5 390 289 456 405 21720 0 0 1 standing 
5 397 287 455 404 21721 0 0 1 standing 
5 405 285 455 403 21722 0 0 0 standing 
5 407 283 455 401 21723 0 0 1 standing 
5 409 281 455 400 21724 0 0 1 standing 
5 411 280 455 399 21725 0 0 0 standing 
5 411 282 461 398 21726 0 0 1 standing 
5 411 284 467 397 21727 0 0 1 standing 
5 411 286 473 396 21728 0 0 0 standing 
5 407 285 476 397 21729 0 0 1 standing 
5 404 284 479 398 21730 0 0 1 standing 
5 400 283 482 399 21731 0 0 1 standing 
5 397 283 486 401 21732 0 0 0 standing 
5 402 282 483 400 21733 0 0 1 standing 
5 408 281 480 399 21734 0 0 1 standing 
6 1065 307 1104 427 21715 0 0 0 standing 
6 1060 306 1100 425 21716 0 0 1 standing 
6 1055 306 1096 423 21717 0 0 1 standing 
6 1050 306 1092 421 21718 0 0 1 standing 
6 1045 306 1089 420 21719 0 0 1 standing 
6 1040 306 1085 418 21720 0 0 1 standing 
6 1035 306 1081 416 21721 0 0 1 standing 
6 1031 306 1078 415 21722 0 0 0 standing 
6 1028 306 1075 413 21723 0 0 1 standing 
6 1025 306 1072 412 21724 0 0 1 standing 
6 1022 306 1069 411 21725 0 0 1 standing 
6 1019 306 1066 410 21726 0 0 1 standing 
6 1016 306 1063 409 21727 0 0 1 standing 
6 1014 306 1061 408 21728 0 0 0 standing 
6 1009 306 1056 406 21729 0 0 1 standing 
6 1004 306 1052 405 21730 0 0 1 standing 
6 999 306 1047 404 21731 0 0 1 standing 
6 994 306 1043 403 21732 0 0 1 standing 
6 989 306 1038 402 21733 0 0 1 standing 
6 984 306 1034 401 21734 0 0 1 standing 
7 1124 340 1184 456 21715 0 0 0 standing 
7 1127 339 1181 455 21716 0 0 1 standing 
7 1130 339 1179 454 21717 0 0 1 standing 
7 1133 339 1177 453 21718 0 0 0 standing 
7 1133 338 1175 452 21719 0 0 1 standing 
7 1133 338 1174 452 21720 0 0 1 standing 
7 1133 338 1172 451 21721 0 0 1 standing 
7 1133 338 1171 451 21722 0 0 0 standing 
7 1132 337 1170 451 21723 0 0 1 standing 
7 1131 336 1169 451 21724 0 0 1 standing 
7 1130 336 1169 452 21725 0 0 1 standing 
7 1129 335 1168 452 21726 0 0 1 standing 
7 1128 334 1167 452 21727 0 0 1 standing 
7 1128 334 1167 453 21728 0 0 0 standing 
7 1126 336 1167 452 21729 0 0 1 standing 
7 1124 338 1167 451 21730 0 0 1 standing 
7 1122 340 1167 450 21731 0 0 1 standing 
7 1120 342 1167 450 21732 0 0 0 standing 
7 1114 344 1167 449 21733 0 0 1 standing 
7 1109 346 1167 448 21734 0 0 1 standing 
8 761 270 800 375 21715 0 0 0 standing 
8 757 269 796 373 21716 0 0 1 standing 
8 753 268 792 371 21717 0 0 1 standing 
8 750 267 789 370 21718 0 0 0 standing 
8 746 268 785 370 21719 0 0 1 standing 
8 742 269 781 370 21720 0 0 1 standing 
8 739 271 777 371 21721 0 0 1 standing 
8 735 272 774 371 21722 0 0 1 standing 
8 732 274 770 372 21723 0 0 1 standing 
8 728 275 766 372 21724 0 0 1 standing 
8 725 277 763 373 21725 0 0 0 standing 
8 721 275 761 369 21726 0 0 1 standing 
8 718 274 759 365 21727 0 0 1 standing 
8 715 273 758 362 21728 0 0 0 standing 
8 710 275 754 363 21729 0 0 1 standing 
8 705 278 750 365 21730 0 0 1 standing 
8 700 281 746 366 21731 0 0 1 standing 
8 696 284 742 368 21732 0 0 1 standing 
8 691 287 738 369 21733 0 0 1 standing 
8 686 290 734 371 21734 0 0 1 standing 
9 741 334 793 405 21715 0 0 0 standing 
9 738 333 789 417 21716 0 0 1 standing 
9 736 333 786 429 21717 0 0 1 standing 
9 734 333 783 441 21718 0 0 0 standing 
9 732 332 781 439 21719 0 0 1 standing 
9 730 332 779 437 21720 0 0 1 standing 
9 728 332 777 435 21721 0 0 1 standing 
9 727 332 776 434 21722 0 0 0 standing 
9 725 332 773 428 21723 0 0 1 standing 
9 724 333 771 422 21724 0 0 1 standing 
9 723 334 769 416 21725 0 0 0 standing 
9 718 331 765 415 21726 0 0 1 standing 
9 714 329 761 415 21727 0 0 1 standing 
9 710 327 757 415 21728 0 0 1 standing 
9 705 325 753 415 21729 0 0 1 standing 
9 701 323 749 415 21730 0 0 1 standing 
9 697 320 745 414 21731 0 0 1 standing 
9 692 318 741 414 21732 0 0 1 standing 
9 688 316 737 414 21733 0 0 1 standing 
9 684 314 733 414 21734 0 0 1 standing 
10 755 367 806 499 21715 0 0 0 standing 
10 755 374 805 507 21716 0 0 1 standing 
10 755 382 805 515 21717 0 0 1 standing 
10 756 390 805 523 21718 0 0 0 standing 
10 751 390 801 522 21719 0 0 1 standing 
10 746 390 798 522 21720 0 0 1 standing 
10 741 390 794 522 21721 0 0 1 standing 
10 737 390 791 521 21722 0 0 1 standing 
10 732 390 787 521 21723 0 0 1 standing 
10 727 390 784 521 21724 0 0 1 standing 
10 723 390 781 521 21725 0 0 0 standing 
10 719 387 777 519 21726 0 0 1 standing 
10 715 385 774 517 21727 0 0 1 standing 
10 712 383 771 516 21728 0 0 0 standing 
10 709 383 767 515 21729 0 0 1 standing 
10 706 384 764 514 21730 0 0 1 standing 
10 703 385 761 513 21731 0 0 1 standing 
10 700 386 757 512 21732 0 0 1 standing 
10 697 387 754 511 21733 0 0 1 standing 
10 694 388 751 510 21734 0 0 1 standing 
11 766 377 827 522 21715 0 0 0 standing 
11 768 374 822 517 21716 0 0 1 standing 
11 771 371 817 512 21717 0 0 1 standing 
11 774 369 813 508 21718 0 0 0 standing 
11 776 369 817 506 21719 0 0 1 standing 
11 778 369 822 505 21720 0 0 1 standing 
11 780 369 826 504 21721 0 0 1 standing 
11 783 369 831 503 21722 0 0 0 standing 
11 785 369 833 502 21723 0 0 1 standing 
11 788 369 836 501 21724 0 0 1 standing 
11 791 370 839 500 21725 0 0 0 standing 
11 796 368 844 501 21726 0 0 1 standing 
11 801 366 849 502 21727 0 0 1 standing 
11 806 364 854 503 21728 0 0 0 standing 
11 806 368 864 505 21729 0 0 1 standing 
11 806 372 874 507 21730 0 0 1 standing 
11 807 377 885 510 21731 0 0 0 standing 
11 804 376 887 510 21732 0 0 1 standing 
11 802 376 890 511 21733 0 0 1 standing 
11 799 375 892 511 21734 0 0 1 standing 
