0 535 275 578 404 17610 0 1 0 spiking 
0 530 273 572 395 17611 0 1 1 spiking 
0 525 272 567 387 17612 0 1 1 spiking 
0 520 270 562 378 17613 0 1 1 spiking 
0 516 269 557 370 17614 0 1 0 spiking 
0 511 267 552 373 17615 0 1 1 spiking 
0 506 266 548 377 17616 0 1 1 spiking 
0 502 265 544 380 17617 0 1 1 spiking 
0 497 263 539 384 17618 0 1 1 spiking 
0 492 262 535 387 17619 0 1 1 spiking 
0 488 261 531 391 17620 0 1 0 spiking 
0 481 268 524 396 17621 0 1 1 spiking 
0 475 275 517 401 17622 0 1 1 spiking 
0 468 282 511 406 17623 0 1 1 spiking 
0 462 290 504 411 17624 0 1 1 spiking 
0 455 297 498 416 17625 0 1 1 spiking 
0 449 304 491 421 17626 0 1 1 spiking 
0 442 312 484 426 17627 0 1 1 spiking 
0 436 319 478 431 17628 0 1 1 spiking 
0 429 326 471 436 17629 0 1 1 spiking 
1 703 350 746 453 17610 0 1 0 spiking 
1 694 343 737 449 17611 0 1 1 blocking 
1 686 336 728 446 17612 0 1 1 blocking 
1 677 329 719 442 17613 0 1 1 blocking 
1 669 322 711 439 17614 0 1 1 blocking 
1 660 315 702 435 17615 0 1 1 blocking 
1 652 308 693 432 17616 0 1 1 blocking 
1 643 301 685 428 17617 0 1 1 blocking 
1 635 294 676 425 17618 0 1 1 blocking 
1 626 287 667 421 17619 0 1 1 blocking 
1 618 281 659 418 17620 0 1 0 blocking 
1 611 282 652 419 17621 0 1 1 blocking 
1 605 284 646 421 17622 0 1 1 blocking 
1 599 286 640 423 17623 0 1 1 blocking 
1 593 287 634 425 17624 0 1 1 blocking 
1 587 289 628 427 17625 0 1 1 blocking 
1 581 291 622 428 17626 0 1 1 blocking 
1 575 292 616 430 17627 0 1 1 blocking 
1 569 294 610 432 17628 0 1 1 blocking 
1 563 296 604 434 17629 0 1 1 blocking 
2 687 336 735 441 17610 0 1 0 blocking 
2 680 329 728 437 17611 0 1 1 blocking 
2 673 323 721 434 17612 0 1 1 blocking 
2 666 316 714 430 17613 0 1 1 blocking 
2 660 310 707 427 17614 0 1 1 blocking 
2 653 303 701 424 17615 0 1 1 blocking 
2 646 297 694 420 17616 0 1 1 blocking 
2 640 290 687 417 17617 0 1 1 blocking 
2 633 284 680 413 17618 0 1 1 blocking 
2 626 277 673 410 17619 0 1 1 blocking 
2 620 271 667 407 17620 0 1 0 blocking 
2 613 272 660 408 17621 0 1 1 blocking 
2 606 274 653 410 17622 0 1 1 blocking 
2 599 275 646 412 17623 0 1 1 blocking 
2 592 277 639 413 17624 0 1 1 blocking 
2 585 279 632 415 17625 0 1 1 blocking 
2 578 280 625 417 17626 0 1 1 blocking 
2 571 282 618 418 17627 0 1 1 blocking 
2 564 283 611 420 17628 0 1 1 blocking 
2 557 285 604 422 17629 0 1 1 blocking 
3 699 317 748 444 17610 0 1 0 blocking 
3 691 312 740 439 17611 0 1 1 blocking 
3 683 307 732 434 17612 0 1 1 blocking 
3 675 302 724 430 17613 0 1 1 blocking 
3 667 298 716 425 17614 0 1 1 blocking 
3 659 293 708 421 17615 0 1 1 blocking 
3 651 288 700 416 17616 0 1 1 blocking 
3 643 284 692 411 17617 0 1 1 blocking 
3 635 279 684 407 17618 0 1 1 blocking 
3 627 274 676 402 17619 0 1 1 blocking 
3 620 270 669 398 17620 0 1 0 blocking 
3 612 272 661 399 17621 0 1 1 blocking 
3 605 274 653 401 17622 0 1 1 blocking 
3 597 276 646 403 17623 0 1 1 blocking 
3 590 278 638 405 17624 0 1 1 blocking 
3 582 280 631 407 17625 0 1 1 blocking 
3 575 282 623 409 17626 0 1 1 blocking 
3 567 284 615 411 17627 0 1 1 blocking 
3 560 286 608 413 17628 0 1 1 blocking 
3 552 288 600 415 17629 0 1 1 blocking 
4 76 405 159 500 17610 0 0 0 blocking 
4 70 403 153 500 17611 0 0 1 moving 
4 64 402 147 500 17612 0 0 1 moving 
4 58 401 141 500 17613 0 0 0 moving 
4 56 402 134 501 17614 0 0 1 moving 
4 54 403 127 502 17615 0 0 1 moving 
4 52 405 121 504 17616 0 0 0 moving 
4 43 406 117 505 17617 0 0 1 moving 
4 34 407 113 506 17618 0 0 1 moving 
4 26 409 110 508 17619 0 0 0 moving 
4 19 409 106 508 17620 0 0 1 moving 
4 12 409 103 508 17621 0 0 1 moving 
4 6 410 100 509 17622 0 0 0 moving 
4 6 409 96 507 17623 0 0 1 moving 
4 6 409 93 505 17624 0 0 1 moving 
4 6 409 90 504 17625 0 0 0 moving 
4 6 408 88 504 17626 0 0 1 moving 
4 7 407 86 504 17627 0 0 1 moving 
4 7 407 85 504 17628 0 0 1 moving 
4 8 406 83 504 17629 0 0 1 moving 
5 351 425 417 526 17610 0 0 0 moving 
5 346 425 411 526 17611 0 0 1 waiting 
5 341 425 405 527 17612 0 0 1 waiting 
5 336 426 400 528 17613 0 0 0 waiting 
5 330 426 394 528 17614 0 0 1 waiting 
5 324 426 388 528 17615 0 0 1 waiting 
5 319 426 383 528 17616 0 0 0 waiting 
5 312 423 374 529 17617 0 0 1 waiting 
5 305 421 366 531 17618 0 0 1 waiting 
5 299 419 358 533 17619 0 0 0 waiting 
5 290 418 351 532 17620 0 0 1 waiting 
5 281 418 344 531 17621 0 0 1 waiting 
5 273 418 337 531 17622 0 0 0 waiting 
5 262 421 328 534 17623 0 0 1 waiting 
5 252 424 320 537 17624 0 0 1 waiting 
5 242 428 312 540 17625 0 0 0 waiting 
5 234 428 305 541 17626 0 0 1 waiting 
5 226 428 298 542 17627 0 0 1 waiting 
5 218 428 291 543 17628 0 0 1 waiting 
5 210 428 284 544 17629 0 0 1 waiting 
6 437 324 497 428 17610 0 0 0 waiting 
6 435 325 495 428 17611 0 0 1 digging 
6 433 327 493 428 17612 0 0 1 digging 
6 432 329 491 428 17613 0 0 0 digging 
6 429 329 487 428 17614 0 0 1 digging 
6 426 329 484 428 17615 0 0 1 digging 
6 423 329 481 428 17616 0 0 0 digging 
6 420 329 475 429 17617 0 0 1 digging 
6 417 329 469 431 17618 0 0 1 digging 
6 414 329 463 433 17619 0 0 0 digging 
6 407 327 454 435 17620 0 0 1 digging 
6 400 326 445 437 17621 0 0 1 digging 
6 394 325 437 439 17622 0 0 0 digging 
6 387 327 430 441 17623 0 0 1 digging 
6 381 329 424 443 17624 0 0 1 digging 
6 375 332 418 446 17625 0 0 0 digging 
6 368 332 411 446 17626 0 0 1 digging 
6 361 332 404 446 17627 0 0 1 digging 
6 354 333 397 447 17628 0 0 1 digging 
6 347 333 390 447 17629 0 0 1 digging 
7 532 409 596 494 17610 0 0 0 digging 
7 525 409 588 494 17611 0 0 1 waiting 
7 519 410 580 494 17612 0 0 1 waiting 
7 513 411 572 495 17613 0 0 0 waiting 
7 507 411 566 495 17614 0 0 1 waiting 
7 502 411 561 495 17615 0 0 1 waiting 
7 497 412 556 496 17616 0 0 0 waiting 
7 490 411 548 496 17617 0 0 1 waiting 
7 483 410 541 497 17618 0 0 1 waiting 
7 476 409 534 498 17619 0 0 0 waiting 
7 469 409 527 498 17620 0 0 1 waiting 
7 462 410 520 499 17621 0 0 1 waiting 
7 455 411 513 500 17622 0 0 0 waiting 
7 445 411 503 500 17623 0 0 1 waiting 
7 435 411 493 500 17624 0 0 1 waiting 
7 426 411 484 500 17625 0 0 0 waiting 
7 419 411 477 500 17626 0 0 1 waiting 
7 412 411 470 500 17627 0 0 1 waiting 
7 405 412 463 501 17628 0 0 1 waiting 
7 398 412 456 501 17629 0 0 1 waiting 
8 562 349 622 458 17610 0 0 0 waiting 
8 557 349 617 458 17611 0 0 1 waiting 
8 552 349 612 458 17612 0 0 1 waiting 
8 547 350 607 459 17613 0 0 0 waiting 
8 539 350 599 459 17614 0 0 1 waiting 
8 532 350 591 459 17615 0 0 1 waiting 
8 525 350 583 460 17616 0 0 0 waiting 
8 519 350 577 460 17617 0 0 1 waiting 
8 514 350 572 460 17618 0 0 1 waiting 
8 509 350 567 460 17619 0 0 0 waiting 
8 501 350 559 460 17620 0 0 1 waiting 
8 493 350 551 460 17621 0 0 1 waiting 
8 486 351 544 461 17622 0 0 0 waiting 
8 477 351 537 460 17623 0 0 1 waiting 
8 468 351 530 460 17624 0 0 1 waiting 
8 459 352 523 460 17625 0 0 0 waiting 
8 451 353 515 461 17626 0 0 1 waiting 
8 443 354 507 462 17627 0 0 1 waiting 
8 436 355 500 463 17628 0 0 1 waiting 
8 428 356 492 464 17629 0 0 1 waiting 
9 978 348 1052 439 17610 0 0 0 waiting 
9 972 348 1046 438 17611 0 0 1 digging 
9 966 348 1040 437 17612 0 0 1 digging 
9 960 348 1034 437 17613 0 0 0 digging 
9 952 346 1025 436 17614 0 0 1 digging 
9 944 344 1017 435 17615 0 0 1 digging 
9 936 342 1009 435 17616 0 0 0 digging 
9 925 340 996 434 17617 0 0 1 digging 
9 915 338 983 434 17618 0 0 1 digging 
9 905 336 970 434 17619 0 0 0 digging 
9 895 335 955 437 17620 0 0 1 digging 
9 885 335 940 440 17621 0 0 1 digging 
9 875 335 925 443 17622 0 0 0 digging 
9 864 336 913 443 17623 0 0 1 digging 
9 853 338 902 443 17624 0 0 1 digging 
9 842 340 891 443 17625 0 0 0 digging 
9 834 339 883 443 17626 0 0 1 digging 
9 826 339 875 443 17627 0 0 1 digging 
9 819 339 868 443 17628 0 0 1 digging 
9 811 339 860 443 17629 0 0 1 digging 
10 981 454 1039 570 17610 0 0 0 digging 
10 964 453 1027 565 17611 0 0 1 digging 
10 947 453 1015 561 17612 0 0 1 digging 
10 930 453 1003 557 17613 0 0 0 digging 
10 922 451 994 559 17614 0 0 1 digging 
10 915 450 985 561 17615 0 0 1 digging 
10 908 449 976 563 17616 0 0 0 digging 
10 901 448 966 561 17617 0 0 1 digging 
10 894 447 956 560 17618 0 0 1 digging 
10 887 446 946 559 17619 0 0 0 digging 
10 872 445 936 558 17620 0 0 1 digging 
10 857 444 926 557 17621 0 0 1 digging 
10 842 443 916 556 17622 0 0 0 digging 
10 834 443 908 556 17623 0 0 1 digging 
10 826 443 900 557 17624 0 0 1 digging 
10 818 444 892 558 17625 0 0 0 digging 
10 809 446 881 557 17626 0 0 1 digging 
10 801 448 871 556 17627 0 0 1 digging 
10 793 451 861 555 17628 0 0 1 digging 
10 785 453 851 554 17629 0 0 1 digging 
11 1197 401 1262 514 17610 0 0 0 digging 
11 1191 400 1255 512 17611 0 0 1 waiting 
11 1185 400 1249 510 17612 0 0 1 waiting 
11 1180 400 1243 508 17613 0 0 0 waiting 
11 1174 399 1237 509 17614 0 0 1 waiting 
11 1168 399 1231 511 17615 0 0 1 waiting 
11 1163 399 1226 513 17616 0 0 0 waiting 
11 1156 398 1219 512 17617 0 0 1 waiting 
11 1149 397 1212 511 17618 0 0 1 waiting 
11 1143 396 1206 510 17619 0 0 0 waiting 
11 1137 394 1197 510 17620 0 0 1 waiting 
11 1131 393 1188 510 17621 0 0 1 waiting 
11 1126 392 1180 511 17622 0 0 0 waiting 
11 1118 393 1172 510 17623 0 0 1 waiting 
11 1110 394 1164 510 17624 0 0 1 waiting 
11 1102 396 1156 510 17625 0 0 0 waiting 
11 1095 395 1148 510 17626 0 0 1 waiting 
11 1088 394 1140 510 17627 0 0 1 waiting 
11 1081 393 1132 510 17628 0 0 1 waiting 
11 1074 392 1124 510 17629 0 0 1 waiting 
