0 771 453 834 633 55015 0 1 0 spiking 
0 770 447 835 627 55016 0 1 1 spiking 
0 769 442 836 622 55017 0 1 1 spiking 
0 768 436 837 617 55018 0 1 1 spiking 
0 768 431 838 612 55019 0 1 1 spiking 
0 767 425 839 607 55020 0 1 1 spiking 
0 766 420 840 601 55021 0 1 1 spiking 
0 765 414 841 596 55022 0 1 1 spiking 
0 765 409 842 591 55023 0 1 1 spiking 
0 764 403 843 586 55024 0 1 1 spiking 
0 763 398 844 581 55025 0 1 1 spiking 
0 763 393 845 576 55026 0 1 0 spiking 
0 769 397 846 581 55027 0 1 1 spiking 
0 776 401 848 586 55028 0 1 1 spiking 
0 783 405 850 591 55029 0 1 1 spiking 
0 790 409 852 596 55030 0 1 1 spiking 
0 797 413 854 602 55031 0 1 0 spiking 
0 800 423 855 606 55032 0 1 1 spiking 
0 803 434 857 610 55033 0 1 1 spiking 
0 806 445 859 615 55034 0 1 1 spiking 
1 611 441 654 578 55015 0 1 0 spiking 
1 612 434 655 577 55016 0 1 1 blocking 
1 614 427 657 577 55017 0 1 1 blocking 
1 615 420 659 576 55018 0 1 1 blocking 
1 617 413 661 576 55019 0 1 1 blocking 
1 619 406 663 575 55020 0 1 1 blocking 
1 620 399 664 575 55021 0 1 1 blocking 
1 622 392 666 574 55022 0 1 1 blocking 
1 624 385 668 574 55023 0 1 1 blocking 
1 625 378 670 573 55024 0 1 1 blocking 
1 627 371 672 573 55025 0 1 1 blocking 
1 629 364 674 573 55026 0 1 0 blocking 
1 629 369 677 577 55027 0 1 1 blocking 
1 629 374 680 581 55028 0 1 1 blocking 
1 630 379 683 585 55029 0 1 1 blocking 
1 630 384 686 589 55030 0 1 1 blocking 
1 631 389 690 593 55031 0 1 1 blocking 
1 631 394 693 597 55032 0 1 1 blocking 
1 631 399 696 601 55033 0 1 1 blocking 
1 632 404 699 605 55034 0 1 1 blocking 
2 595 464 652 602 55015 0 1 0 blocking 
2 597 456 653 601 55016 0 1 1 blocking 
2 599 449 655 601 55017 0 1 1 blocking 
2 602 442 656 601 55018 0 1 1 blocking 
2 604 435 658 601 55019 0 1 1 blocking 
2 607 428 660 601 55020 0 1 1 blocking 
2 609 421 661 600 55021 0 1 1 blocking 
2 612 414 663 600 55022 0 1 1 blocking 
2 614 407 665 600 55023 0 1 1 blocking 
2 617 400 666 600 55024 0 1 1 blocking 
2 619 393 668 600 55025 0 1 1 blocking 
2 622 386 670 600 55026 0 1 0 blocking 
2 622 389 673 602 55027 0 1 1 blocking 
2 622 392 676 604 55028 0 1 1 blocking 
2 622 395 679 606 55029 0 1 1 blocking 
2 623 398 682 608 55030 0 1 1 blocking 
2 623 401 685 610 55031 0 1 1 blocking 
2 623 404 688 612 55032 0 1 1 blocking 
2 624 407 691 614 55033 0 1 1 blocking 
2 624 410 694 616 55034 0 1 1 blocking 
3 107 431 183 549 55015 0 0 0 blocking 
3 106 432 181 552 55016 0 0 1 waiting 
3 105 433 180 555 55017 0 0 1 waiting 
3 105 434 179 559 55018 0 0 0 waiting 
3 105 434 179 560 55019 0 0 1 waiting 
3 106 434 180 561 55020 0 0 1 waiting 
3 107 435 181 563 55021 0 0 0 waiting 
3 106 433 177 563 55022 0 0 1 waiting 
3 106 432 173 563 55023 0 0 1 waiting 
3 106 431 170 564 55024 0 0 0 waiting 
3 107 430 172 562 55025 0 0 1 waiting 
3 109 430 175 560 55026 0 0 1 waiting 
3 111 430 178 559 55027 0 0 0 waiting 
3 105 430 181 560 55028 0 0 1 waiting 
3 99 430 184 561 55029 0 0 1 waiting 
3 94 431 187 563 55030 0 0 0 waiting 
3 95 432 190 564 55031 0 0 1 waiting 
3 96 433 193 565 55032 0 0 1 waiting 
3 98 435 197 567 55033 0 0 1 waiting 
3 99 436 200 568 55034 0 0 1 waiting 
4 186 501 259 634 55015 0 0 0 waiting 
4 176 501 254 634 55016 0 0 1 standing 
4 166 501 250 634 55017 0 0 1 standing 
4 157 501 246 634 55018 0 0 0 standing 
4 151 501 249 634 55019 0 0 1 standing 
4 145 501 252 634 55020 0 0 1 standing 
4 140 501 255 634 55021 0 0 0 standing 
4 144 501 250 629 55022 0 0 1 standing 
4 148 501 245 624 55023 0 0 1 standing 
4 153 501 241 620 55024 0 0 0 standing 
4 150 500 238 622 55025 0 0 1 standing 
4 147 499 235 624 55026 0 0 1 standing 
4 145 498 232 627 55027 0 0 0 standing 
4 148 500 235 631 55028 0 0 1 standing 
4 151 502 238 635 55029 0 0 1 standing 
4 155 505 242 639 55030 0 0 0 standing 
4 159 503 250 638 55031 0 0 1 standing 
4 164 502 258 638 55032 0 0 1 standing 
4 168 501 266 638 55033 0 0 1 standing 
4 173 500 274 638 55034 0 0 1 standing 
5 292 376 356 468 55015 0 0 0 standing 
5 293 378 357 470 55016 0 0 1 standing 
5 294 380 358 472 55017 0 0 1 standing 
5 295 383 359 475 55018 0 0 0 standing 
5 296 381 360 475 55019 0 0 1 standing 
5 298 379 361 476 55020 0 0 1 standing 
5 300 378 363 477 55021 0 0 0 standing 
5 299 374 362 477 55022 0 0 1 standing 
5 298 370 361 477 55023 0 0 1 standing 
5 297 367 361 477 55024 0 0 0 standing 
5 298 367 362 477 55025 0 0 1 standing 
5 299 367 363 477 55026 0 0 1 standing 
5 300 368 364 477 55027 0 0 0 standing 
5 293 370 363 480 55028 0 0 1 standing 
5 286 372 362 484 55029 0 0 1 standing 
5 279 374 362 488 55030 0 0 0 standing 
5 280 375 360 488 55031 0 0 1 standing 
5 281 377 358 489 55032 0 0 1 standing 
5 282 379 356 490 55033 0 0 1 standing 
5 283 381 354 491 55034 0 0 1 standing 
6 473 380 576 489 55015 0 0 0 standing 
6 474 378 565 488 55016 0 0 1 standing 
6 475 377 555 488 55017 0 0 1 standing 
6 476 376 545 488 55018 0 0 0 standing 
6 471 373 537 488 55019 0 0 1 standing 
6 467 371 529 488 55020 0 0 1 standing 
6 463 369 522 488 55021 0 0 0 standing 
6 455 368 519 488 55022 0 0 1 standing 
6 448 367 516 488 55023 0 0 1 standing 
6 441 367 513 489 55024 0 0 0 standing 
6 432 369 509 490 55025 0 0 1 standing 
6 423 372 505 491 55026 0 0 1 standing 
6 414 375 502 493 55027 0 0 0 standing 
6 416 378 504 492 55028 0 0 1 standing 
6 418 382 506 491 55029 0 0 1 standing 
6 421 386 509 490 55030 0 0 0 standing 
6 422 389 508 490 55031 0 0 1 standing 
6 423 393 507 491 55032 0 0 1 standing 
6 424 397 507 491 55033 0 0 1 standing 
6 425 401 506 492 55034 0 0 1 standing 
7 693 438 767 553 55015 0 0 0 standing 
7 693 440 767 556 55016 0 0 1 standing 
7 693 442 767 559 55017 0 0 1 standing 
7 694 444 767 563 55018 0 0 0 standing 
7 696 442 771 562 55019 0 0 1 standing 
7 698 440 775 562 55020 0 0 1 standing 
7 701 438 779 562 55021 0 0 0 standing 
7 703 438 783 564 55022 0 0 1 standing 
7 706 438 787 566 55023 0 0 1 standing 
7 709 439 792 568 55024 0 0 0 standing 
7 710 439 795 568 55025 0 0 1 standing 
7 711 439 798 568 55026 0 0 1 standing 
7 713 440 801 569 55027 0 0 0 standing 
7 717 442 805 569 55028 0 0 1 standing 
7 721 445 809 569 55029 0 0 1 standing 
7 726 448 814 570 55030 0 0 0 standing 
7 729 449 817 571 55031 0 0 1 standing 
7 733 450 821 572 55032 0 0 1 standing 
7 736 451 824 573 55033 0 0 1 standing 
7 740 452 828 574 55034 0 0 1 standing 
8 741 390 793 510 55015 0 0 0 standing 
8 726 391 787 511 55016 0 0 1 standing 
8 711 392 781 512 55017 0 0 1 standing 
8 696 394 775 513 55018 0 0 0 standing 
8 692 395 771 514 55019 0 0 1 standing 
8 688 396 767 515 55020 0 0 1 standing 
8 684 397 763 516 55021 0 0 0 standing 
8 686 397 765 516 55022 0 0 1 standing 
8 689 397 768 516 55023 0 0 1 standing 
8 692 397 771 516 55024 0 0 0 standing 
8 694 396 771 515 55025 0 0 1 standing 
8 696 395 771 514 55026 0 0 1 standing 
8 699 395 771 514 55027 0 0 0 standing 
8 704 394 772 513 55028 0 0 1 standing 
8 709 394 774 513 55029 0 0 1 standing 
8 714 394 776 513 55030 0 0 0 standing 
8 717 395 779 514 55031 0 0 1 standing 
8 720 396 782 515 55032 0 0 1 standing 
8 723 398 785 517 55033 0 0 1 standing 
8 726 399 788 518 55034 0 0 1 standing 
9 853 363 929 466 55015 0 0 0 standing 
9 853 364 933 467 55016 0 0 1 standing 
9 853 365 937 468 55017 0 0 1 standing 
9 853 366 941 469 55018 0 0 0 standing 
9 863 365 941 470 55019 0 0 1 standing 
9 873 364 942 471 55020 0 0 1 standing 
9 884 363 943 472 55021 0 0 0 standing 
9 890 363 949 474 55022 0 0 1 standing 
9 896 363 955 476 55023 0 0 1 standing 
9 903 364 962 478 55024 0 0 0 standing 
9 909 364 967 481 55025 0 0 1 standing 
9 915 364 973 485 55026 0 0 1 standing 
9 921 364 979 489 55027 0 0 0 standing 
9 929 364 988 489 55028 0 0 1 standing 
9 938 365 997 490 55029 0 0 1 standing 
9 947 366 1006 491 55030 0 0 0 standing 
9 952 365 1011 492 55031 0 0 1 standing 
9 958 364 1016 493 55032 0 0 1 standing 
9 963 364 1022 494 55033 0 0 1 standing 
9 969 363 1027 495 55034 0 0 1 standing 
10 841 459 907 596 55015 0 0 0 standing 
10 839 459 905 596 55016 0 0 1 standing 
10 837 459 903 597 55017 0 0 1 standing 
10 835 459 902 598 55018 0 0 0 standing 
10 832 460 901 599 55019 0 0 1 standing 
10 829 461 901 600 55020 0 0 1 standing 
10 827 463 901 601 55021 0 0 0 standing 
10 830 465 902 603 55022 0 0 1 standing 
10 833 467 904 606 55023 0 0 1 standing 
10 837 469 906 609 55024 0 0 0 standing 
10 843 468 908 610 55025 0 0 1 standing 
10 849 468 911 611 55026 0 0 1 standing 
10 855 468 914 612 55027 0 0 0 standing 
10 859 467 920 612 55028 0 0 1 standing 
10 863 466 926 613 55029 0 0 1 standing 
10 867 465 932 614 55030 0 0 0 standing 
10 871 466 936 616 55031 0 0 1 standing 
10 875 467 940 618 55032 0 0 1 standing 
10 879 468 944 620 55033 0 0 1 standing 
10 883 469 948 622 55034 0 0 1 standing 
11 943 411 1013 544 55015 0 0 0 standing 
11 944 414 1014 544 55016 0 0 1 standing 
11 945 418 1015 544 55017 0 0 1 standing 
11 947 422 1016 544 55018 0 0 0 standing 
11 948 423 1020 548 55019 0 0 1 standing 
11 949 424 1024 553 55020 0 0 1 standing 
11 951 425 1028 558 55021 0 0 0 standing 
11 954 424 1031 559 55022 0 0 1 standing 
11 957 423 1034 560 55023 0 0 1 standing 
11 961 423 1038 562 55024 0 0 0 standing 
11 971 420 1042 561 55025 0 0 1 standing 
11 982 417 1046 560 55026 0 0 1 standing 
11 993 415 1051 559 55027 0 0 0 standing 
11 999 413 1056 556 55028 0 0 1 standing 
11 1006 412 1061 553 55029 0 0 1 standing 
11 1013 411 1066 551 55030 0 0 0 standing 
11 1016 413 1072 554 55031 0 0 1 standing 
11 1020 415 1078 557 55032 0 0 1 standing 
11 1024 418 1084 560 55033 0 0 1 standing 
11 1028 420 1090 563 55034 0 0 1 standing 
