0 497 331 542 407 43600 0 1 0 moving 
0 495 330 540 406 43601 0 1 1 moving 
0 494 330 539 406 43602 0 1 1 moving 
0 492 330 537 406 43603 0 1 1 moving 
0 491 329 536 405 43604 0 1 1 moving 
0 489 329 534 405 43605 0 1 1 moving 
0 488 329 533 405 43606 0 1 1 moving 
0 486 328 531 404 43607 0 1 1 moving 
0 485 328 530 404 43608 0 1 1 moving 
0 483 328 528 404 43609 0 1 1 moving 
0 482 328 527 404 43610 0 1 0 moving 
0 480 328 525 404 43611 0 1 1 moving 
0 478 329 524 404 43612 0 1 1 moving 
0 476 329 523 405 43613 0 1 1 moving 
0 474 330 522 405 43614 0 1 1 moving 
0 472 330 521 406 43615 0 1 1 moving 
0 470 331 520 406 43616 0 1 1 moving 
0 468 331 519 406 43617 0 1 1 moving 
0 466 332 518 407 43618 0 1 1 moving 
0 464 332 517 407 43619 0 1 1 moving 
1 653 402 694 480 43600 0 1 0 moving 
1 649 397 689 478 43601 0 1 1 setting 
1 645 393 685 477 43602 0 1 1 setting 
1 641 389 681 476 43603 0 1 1 setting 
1 637 385 677 475 43604 0 1 1 setting 
1 633 381 673 474 43605 0 1 1 setting 
1 629 377 669 472 43606 0 1 1 setting 
1 625 373 665 471 43607 0 1 1 setting 
1 621 369 661 470 43608 0 1 1 setting 
1 617 365 657 469 43609 0 1 1 setting 
1 613 361 653 468 43610 0 1 0 setting 
1 606 365 647 469 43611 0 1 1 setting 
1 600 369 642 471 43612 0 1 1 setting 
1 594 373 637 473 43613 0 1 1 setting 
1 588 377 632 475 43614 0 1 1 setting 
1 582 381 627 477 43615 0 1 1 setting 
1 576 385 621 478 43616 0 1 1 setting 
1 570 389 616 480 43617 0 1 1 setting 
1 564 393 611 482 43618 0 1 1 setting 
1 558 397 606 484 43619 0 1 1 setting 
2 378 504 428 630 43600 0 0 0 setting 
2 373 504 426 629 43601 0 0 1 moving 
2 368 504 425 629 43602 0 0 1 moving 
2 363 504 424 629 43603 0 0 0 moving 
2 359 504 423 628 43604 0 0 1 moving 
2 356 504 423 628 43605 0 0 1 moving 
2 353 504 423 628 43606 0 0 1 moving 
2 350 504 423 628 43607 0 0 0 moving 
2 352 504 422 628 43608 0 0 1 moving 
2 354 504 421 629 43609 0 0 1 moving 
2 356 505 421 630 43610 0 0 0 moving 
2 358 504 422 629 43611 0 0 1 moving 
2 361 503 424 628 43612 0 0 1 moving 
2 363 503 426 628 43613 0 0 1 moving 
2 366 502 428 627 43614 0 0 1 moving 
2 369 502 430 627 43615 0 0 0 moving 
2 370 501 433 625 43616 0 0 1 moving 
2 372 500 436 624 43617 0 0 1 moving 
2 374 499 439 623 43618 0 0 1 moving 
2 376 498 442 622 43619 0 0 1 moving 
3 365 390 412 476 43600 0 0 0 moving 
3 362 391 409 477 43601 0 0 1 standing 
3 359 392 406 478 43602 0 0 1 standing 
3 356 393 403 479 43603 0 0 1 standing 
3 353 394 400 480 43604 0 0 1 standing 
3 350 396 397 482 43605 0 0 1 standing 
3 347 397 394 483 43606 0 0 1 standing 
3 344 398 391 484 43607 0 0 1 standing 
3 341 399 388 485 43608 0 0 1 standing 
3 338 400 385 486 43609 0 0 1 standing 
3 335 402 382 488 43610 0 0 0 standing 
3 331 403 378 489 43611 0 0 1 standing 
3 328 404 374 491 43612 0 0 1 standing 
3 324 405 371 493 43613 0 0 1 standing 
3 321 406 367 495 43614 0 0 1 standing 
3 317 407 364 497 43615 0 0 1 standing 
3 314 408 360 498 43616 0 0 1 standing 
3 310 409 356 500 43617 0 0 1 standing 
3 307 410 353 502 43618 0 0 1 standing 
3 303 411 349 504 43619 0 0 1 standing 
4 902 464 947 554 43600 0 0 0 standing 
4 899 464 944 554 43601 0 0 1 standing 
4 897 465 942 555 43602 0 0 1 standing 
4 894 465 939 555 43603 0 0 1 standing 
4 892 466 937 556 43604 0 0 1 standing 
4 890 466 935 556 43605 0 0 1 standing 
4 887 467 932 557 43606 0 0 1 standing 
4 885 467 930 557 43607 0 0 1 standing 
4 882 468 927 558 43608 0 0 1 standing 
4 880 468 925 558 43609 0 0 1 standing 
4 878 469 923 559 43610 0 0 0 standing 
4 874 469 919 558 43611 0 0 1 standing 
4 870 470 915 558 43612 0 0 1 standing 
4 866 470 911 558 43613 0 0 1 standing 
4 862 471 907 557 43614 0 0 1 standing 
4 858 472 903 557 43615 0 0 1 standing 
4 854 472 899 557 43616 0 0 1 standing 
4 850 473 895 556 43617 0 0 1 standing 
4 846 473 891 556 43618 0 0 1 standing 
4 842 474 887 556 43619 0 0 1 standing 
5 718 432 751 525 43600 0 0 0 standing 
5 714 432 747 525 43601 0 0 1 blocking 
5 711 432 744 525 43602 0 0 1 blocking 
5 707 433 740 526 43603 0 0 1 blocking 
5 704 433 737 526 43604 0 0 1 blocking 
5 701 434 734 527 43605 0 0 1 blocking 
5 697 434 730 527 43606 0 0 1 blocking 
5 694 434 727 527 43607 0 0 1 blocking 
5 690 435 723 528 43608 0 0 1 blocking 
5 687 435 720 528 43609 0 0 1 blocking 
5 684 436 717 529 43610 0 0 0 blocking 
5 679 436 712 529 43611 0 0 1 blocking 
5 674 436 707 529 43612 0 0 1 blocking 
5 669 436 703 529 43613 0 0 1 blocking 
5 664 437 698 529 43614 0 0 1 blocking 
5 659 437 694 530 43615 0 0 1 blocking 
5 654 437 689 530 43616 0 0 1 blocking 
5 649 438 684 530 43617 0 0 1 blocking 
5 644 438 680 530 43618 0 0 1 blocking 
5 639 438 675 530 43619 0 0 1 blocking 
6 704 374 742 460 43600 0 0 0 blocking 
6 701 373 739 459 43601 0 0 1 blocking 
6 698 373 736 459 43602 0 0 1 blocking 
6 695 372 733 458 43603 0 0 1 blocking 
6 692 372 730 458 43604 0 0 1 blocking 
6 689 372 727 458 43605 0 0 1 blocking 
6 686 371 724 457 43606 0 0 1 blocking 
6 683 371 721 457 43607 0 0 1 blocking 
6 680 370 718 456 43608 0 0 1 blocking 
6 677 370 715 456 43609 0 0 1 blocking 
6 674 370 712 456 43610 0 0 0 blocking 
6 669 369 707 455 43611 0 0 1 blocking 
6 664 368 702 454 43612 0 0 1 blocking 
6 659 367 697 453 43613 0 0 1 blocking 
6 655 367 693 452 43614 0 0 1 blocking 
6 650 366 688 452 43615 0 0 1 blocking 
6 645 365 683 451 43616 0 0 1 blocking 
6 641 365 679 450 43617 0 0 1 blocking 
6 636 364 674 449 43618 0 0 1 blocking 
6 631 363 669 448 43619 0 0 1 blocking 
7 930 408 969 495 43600 0 0 0 blocking 
7 927 407 966 494 43601 0 0 1 standing 
7 924 406 963 493 43602 0 0 1 standing 
7 922 406 961 493 43603 0 0 1 standing 
7 919 405 958 492 43604 0 0 1 standing 
7 917 405 956 492 43605 0 0 1 standing 
7 914 404 953 491 43606 0 0 1 standing 
7 911 403 950 490 43607 0 0 1 standing 
7 909 403 948 490 43608 0 0 1 standing 
7 906 402 945 489 43609 0 0 1 standing 
7 904 402 943 489 43610 0 0 0 standing 
7 900 402 939 489 43611 0 0 1 standing 
7 896 403 935 490 43612 0 0 1 standing 
7 893 403 932 490 43613 0 0 1 standing 
7 889 404 928 491 43614 0 0 1 standing 
7 886 404 925 491 43615 0 0 1 standing 
7 882 405 921 492 43616 0 0 1 standing 
7 878 405 917 492 43617 0 0 1 standing 
7 875 406 914 493 43618 0 0 1 standing 
7 871 406 910 493 43619 0 0 1 standing 
8 366 437 427 521 43600 0 0 0 standing 
8 367 436 428 520 43601 0 0 1 moving 
8 368 435 429 520 43602 0 0 1 moving 
8 369 434 430 520 43603 0 0 1 moving 
8 370 434 431 520 43604 0 0 1 moving 
8 372 433 433 520 43605 0 0 1 moving 
8 373 432 434 519 43606 0 0 1 moving 
8 374 432 435 519 43607 0 0 1 moving 
8 375 431 436 519 43608 0 0 1 moving 
8 376 430 437 519 43609 0 0 1 moving 
8 378 430 439 519 43610 0 0 0 moving 
8 379 429 440 517 43611 0 0 1 moving 
8 380 428 441 516 43612 0 0 1 moving 
8 381 427 442 514 43613 0 0 1 moving 
8 382 426 443 513 43614 0 0 1 moving 
8 384 425 445 512 43615 0 0 1 moving 
8 385 424 446 510 43616 0 0 1 moving 
8 386 423 447 509 43617 0 0 1 moving 
8 387 422 448 507 43618 0 0 1 moving 
8 388 421 449 506 43619 0 0 1 moving 
9 575 364 629 447 43600 0 1 0 moving 
9 580 363 634 448 43601 0 1 1 standing 
9 585 363 639 449 43602 0 1 1 standing 
9 590 363 644 450 43603 0 1 1 standing 
9 595 363 649 452 43604 0 1 0 standing 
9 593 360 647 450 43605 0 1 1 standing 
9 592 357 645 449 43606 0 1 1 standing 
9 590 354 644 447 43607 0 1 1 standing 
9 589 351 642 446 43608 0 1 1 standing 
9 587 348 640 444 43609 0 1 1 standing 
9 586 346 639 443 43610 0 1 0 standing 
9 584 345 637 442 43611 0 1 1 standing 
9 582 344 635 441 43612 0 1 1 standing 
9 580 343 633 440 43613 0 1 1 standing 
9 578 343 631 439 43614 0 1 1 standing 
9 576 342 629 438 43615 0 1 1 standing 
9 574 341 627 437 43616 0 1 1 standing 
9 572 341 625 436 43617 0 1 1 standing 
9 570 340 623 435 43618 0 1 1 standing 
9 568 339 621 434 43619 0 1 1 standing 
10 710 382 751 483 43600 0 0 0 standing 
10 706 382 747 483 43601 0 0 1 blocking 
10 703 382 744 483 43602 0 0 1 blocking 
10 699 382 740 483 43603 0 0 1 blocking 
10 696 383 737 484 43604 0 0 1 blocking 
10 693 383 734 484 43605 0 0 1 blocking 
10 689 383 730 484 43606 0 0 1 blocking 
10 686 384 727 485 43607 0 0 1 blocking 
10 682 384 723 485 43608 0 0 1 blocking 
10 679 384 720 485 43609 0 0 1 blocking 
10 676 385 717 486 43610 0 0 0 blocking 
10 671 384 712 485 43611 0 0 1 blocking 
10 667 383 708 484 43612 0 0 1 blocking 
10 662 382 703 483 43613 0 0 1 blocking 
10 658 381 699 482 43614 0 0 1 blocking 
10 654 381 695 482 43615 0 0 1 blocking 
10 649 380 690 481 43616 0 0 1 blocking 
10 645 379 686 480 43617 0 0 1 blocking 
10 640 378 681 479 43618 0 0 1 blocking 
10 636 377 677 478 43619 0 0 1 blocking 
11 905 385 941 462 43600 0 0 0 blocking 
11 900 384 936 461 43601 0 0 1 standing 
11 896 383 932 460 43602 0 0 1 standing 
11 892 382 928 459 43603 0 0 1 standing 
11 888 381 924 458 43604 0 0 1 standing 
11 884 381 920 458 43605 0 0 1 standing 
11 879 380 915 457 43606 0 0 1 standing 
11 875 379 911 456 43607 0 0 1 standing 
11 871 378 907 455 43608 0 0 1 standing 
11 867 377 903 454 43609 0 0 1 standing 
11 863 377 899 454 43610 0 0 0 standing 
11 857 377 895 453 43611 0 0 1 standing 
11 852 377 891 453 43612 0 0 1 standing 
11 847 377 888 453 43613 0 0 1 standing 
11 841 377 884 453 43614 0 0 1 standing 
11 836 377 881 453 43615 0 0 1 standing 
11 831 377 877 453 43616 0 0 1 standing 
11 825 377 873 453 43617 0 0 1 standing 
11 820 377 870 453 43618 0 0 1 standing 
11 815 377 866 453 43619 0 0 1 standing 
