0 565 459 615 558 26945 0 1 0 digging 
0 561 459 611 558 26946 0 1 1 digging 
0 558 459 608 558 26947 0 1 1 digging 
0 554 459 604 558 26948 0 1 1 digging 
0 551 460 601 559 26949 0 1 1 digging 
0 547 460 597 559 26950 0 1 1 digging 
0 544 460 594 559 26951 0 1 1 digging 
0 540 461 590 560 26952 0 1 1 digging 
0 537 461 587 560 26953 0 1 1 digging 
0 533 461 583 560 26954 0 1 1 digging 
0 530 462 580 561 26955 0 1 0 digging 
0 533 463 582 562 26956 0 1 1 digging 
0 536 464 584 563 26957 0 1 1 digging 
0 539 465 586 564 26958 0 1 1 digging 
0 542 467 588 565 26959 0 1 1 digging 
0 545 468 590 567 26960 0 1 1 digging 
0 548 469 592 568 26961 0 1 1 digging 
0 551 471 594 569 26962 0 1 1 digging 
0 554 472 596 570 26963 0 1 1 digging 
0 557 473 598 571 26964 0 1 1 digging 
1 842 547 906 644 26945 0 0 0 digging 
1 839 545 902 643 26946 0 0 1 standing 
1 836 544 898 643 26947 0 0 1 standing 
1 833 543 895 643 26948 0 0 1 standing 
1 831 541 891 642 26949 0 0 1 standing 
1 828 540 888 642 26950 0 0 1 standing 
1 825 539 884 642 26951 0 0 1 standing 
1 823 537 880 641 26952 0 0 1 standing 
1 820 536 877 641 26953 0 0 1 standing 
1 817 535 873 641 26954 0 0 1 standing 
1 815 534 870 641 26955 0 0 0 standing 
1 815 534 869 640 26956 0 0 1 standing 
1 816 534 868 640 26957 0 0 1 standing 
1 817 534 868 640 26958 0 0 1 standing 
1 817 534 867 640 26959 0 0 1 standing 
1 818 534 867 640 26960 0 0 1 standing 
1 819 534 866 640 26961 0 0 1 standing 
1 820 534 866 640 26962 0 0 0 standing 
1 821 531 867 637 26963 0 0 1 standing 
1 822 529 868 635 26964 0 0 1 standing 
2 849 467 898 558 26945 0 0 0 standing 
2 848 465 896 557 26946 0 0 1 waiting 
2 847 463 895 556 26947 0 0 1 waiting 
2 846 462 893 555 26948 0 0 1 waiting 
2 846 460 892 554 26949 0 0 1 waiting 
2 845 459 890 554 26950 0 0 1 waiting 
2 844 457 889 553 26951 0 0 1 waiting 
2 844 455 887 552 26952 0 0 1 waiting 
2 843 454 886 551 26953 0 0 1 waiting 
2 842 452 884 550 26954 0 0 1 waiting 
2 842 451 883 550 26955 0 0 0 waiting 
2 845 450 886 549 26956 0 0 1 waiting 
2 848 450 889 549 26957 0 0 1 waiting 
2 851 450 892 549 26958 0 0 1 waiting 
2 855 449 896 548 26959 0 0 1 waiting 
2 858 449 899 548 26960 0 0 1 waiting 
2 861 449 902 548 26961 0 0 1 waiting 
2 865 449 906 548 26962 0 0 0 waiting 
2 870 448 911 547 26963 0 0 1 waiting 
2 875 447 916 546 26964 0 0 1 waiting 
3 797 475 860 553 26945 0 0 0 waiting 
3 793 475 856 552 26946 0 0 1 standing 
3 789 475 852 551 26947 0 0 1 standing 
3 786 475 848 551 26948 0 0 1 standing 
3 782 476 845 550 26949 0 0 1 standing 
3 779 476 841 550 26950 0 0 1 standing 
3 775 476 837 549 26951 0 0 1 standing 
3 771 477 834 548 26952 0 0 1 standing 
3 768 477 830 548 26953 0 0 1 standing 
3 764 477 826 547 26954 0 0 1 standing 
3 761 478 823 547 26955 0 0 0 standing 
3 762 475 824 546 26956 0 0 1 standing 
3 763 473 825 545 26957 0 0 1 standing 
3 764 471 826 544 26958 0 0 1 standing 
3 765 469 827 544 26959 0 0 1 standing 
3 766 467 828 543 26960 0 0 1 standing 
3 767 465 829 542 26961 0 0 1 standing 
3 769 463 830 542 26962 0 0 0 standing 
3 773 460 834 539 26963 0 0 1 standing 
3 778 458 839 537 26964 0 0 1 standing 
4 686 430 753 514 26945 0 0 0 standing 
4 686 429 753 513 26946 0 0 1 standing 
4 687 428 753 512 26947 0 0 1 standing 
4 688 427 753 511 26948 0 0 1 standing 
4 689 427 753 510 26949 0 0 1 standing 
4 690 426 753 510 26950 0 0 1 standing 
4 690 425 753 509 26951 0 0 1 standing 
4 691 425 753 508 26952 0 0 1 standing 
4 692 424 753 507 26953 0 0 1 standing 
4 693 423 753 506 26954 0 0 1 standing 
4 694 423 754 506 26955 0 0 0 standing 
4 696 423 755 506 26956 0 0 1 standing 
4 699 424 757 506 26957 0 0 1 standing 
4 701 424 759 506 26958 0 0 1 standing 
4 704 425 761 506 26959 0 0 1 standing 
4 706 425 763 506 26960 0 0 1 standing 
4 709 426 765 506 26961 0 0 1 standing 
4 712 427 767 506 26962 0 0 0 standing 
4 714 426 769 505 26963 0 0 1 standing 
4 716 425 771 504 26964 0 0 1 standing 
5 571 508 615 631 26945 0 0 0 standing 
5 567 511 611 631 26946 0 0 1 standing 
5 564 514 608 632 26947 0 0 1 standing 
5 561 517 605 632 26948 0 0 1 standing 
5 558 520 602 633 26949 0 0 1 standing 
5 555 523 599 633 26950 0 0 1 standing 
5 552 526 595 634 26951 0 0 1 standing 
5 549 529 592 634 26952 0 0 1 standing 
5 546 532 589 635 26953 0 0 1 standing 
5 543 535 586 635 26954 0 0 1 standing 
5 540 538 583 636 26955 0 0 0 standing 
5 543 537 586 635 26956 0 0 1 standing 
5 546 537 589 635 26957 0 0 1 standing 
5 549 537 592 635 26958 0 0 1 standing 
5 553 536 596 634 26959 0 0 1 standing 
5 556 536 599 634 26960 0 0 1 standing 
5 559 536 602 634 26961 0 0 1 standing 
5 563 536 606 634 26962 0 0 0 standing 
5 566 537 613 635 26963 0 0 1 standing 
5 569 538 621 636 26964 0 0 1 standing 
6 494 455 531 563 26945 0 0 0 standing 
6 490 455 527 563 26946 0 0 1 standing 
6 487 456 524 563 26947 0 0 1 standing 
6 484 456 521 563 26948 0 0 1 standing 
6 481 457 517 563 26949 0 0 1 standing 
6 478 458 514 563 26950 0 0 1 standing 
6 474 458 511 563 26951 0 0 1 standing 
6 471 459 507 563 26952 0 0 1 standing 
6 468 459 504 563 26953 0 0 1 standing 
6 465 460 501 563 26954 0 0 1 standing 
6 462 461 498 564 26955 0 0 0 standing 
6 463 461 499 564 26956 0 0 1 standing 
6 465 462 501 565 26957 0 0 1 standing 
6 467 463 503 566 26958 0 0 1 standing 
6 468 463 504 566 26959 0 0 1 standing 
6 470 464 506 567 26960 0 0 1 standing 
6 472 465 508 568 26961 0 0 1 standing 
6 474 466 510 569 26962 0 0 0 standing 
6 476 465 512 568 26963 0 0 1 standing 
6 478 464 514 567 26964 0 0 1 standing 
7 463 417 509 506 26945 0 0 0 standing 
7 462 417 507 506 26946 0 0 1 standing 
7 461 417 505 506 26947 0 0 1 standing 
7 460 417 503 506 26948 0 0 1 standing 
7 459 418 501 506 26949 0 0 1 standing 
7 458 418 499 507 26950 0 0 1 standing 
7 457 418 497 507 26951 0 0 1 standing 
7 456 419 495 507 26952 0 0 1 standing 
7 455 419 493 507 26953 0 0 1 standing 
7 454 419 491 507 26954 0 0 1 standing 
7 453 420 489 508 26955 0 0 0 standing 
7 455 421 491 509 26956 0 0 1 standing 
7 457 422 493 510 26957 0 0 1 standing 
7 459 423 495 511 26958 0 0 1 standing 
7 462 424 498 512 26959 0 0 1 standing 
7 464 425 500 513 26960 0 0 1 standing 
7 466 426 502 514 26961 0 0 1 standing 
7 469 428 505 516 26962 0 0 0 standing 
7 472 427 508 515 26963 0 0 1 standing 
7 475 427 511 515 26964 0 0 1 standing 
8 436 532 489 644 26945 0 0 0 standing 
8 434 533 487 643 26946 0 0 1 standing 
8 433 535 486 643 26947 0 0 1 standing 
8 432 536 484 642 26948 0 0 1 standing 
8 430 538 483 642 26949 0 0 1 standing 
8 429 539 482 641 26950 0 0 1 standing 
8 428 541 480 641 26951 0 0 1 standing 
8 426 542 479 640 26952 0 0 1 standing 
8 425 544 477 640 26953 0 0 1 standing 
8 424 545 476 639 26954 0 0 1 standing 
8 423 547 475 639 26955 0 0 0 standing 
8 421 546 475 639 26956 0 0 1 standing 
8 420 546 475 640 26957 0 0 1 standing 
8 419 545 475 640 26958 0 0 1 standing 
8 417 545 475 641 26959 0 0 1 standing 
8 416 544 475 641 26960 0 0 1 standing 
8 415 544 475 642 26961 0 0 1 standing 
8 413 543 475 642 26962 0 0 1 standing 
8 412 543 475 643 26963 0 0 1 standing 
8 411 542 475 643 26964 0 0 1 standing 
9 435 509 480 600 26945 0 0 0 standing 
9 432 509 477 600 26946 0 0 1 waiting 
9 429 509 474 600 26947 0 0 1 waiting 
9 426 509 471 600 26948 0 0 1 waiting 
9 423 509 468 600 26949 0 0 1 waiting 
9 420 509 465 600 26950 0 0 1 waiting 
9 417 509 462 600 26951 0 0 1 waiting 
9 414 509 459 600 26952 0 0 1 waiting 
9 411 509 456 600 26953 0 0 1 waiting 
9 408 509 453 600 26954 0 0 1 waiting 
9 405 509 450 600 26955 0 0 0 waiting 
9 406 508 451 599 26956 0 0 1 waiting 
9 407 508 452 599 26957 0 0 1 waiting 
9 409 507 454 598 26958 0 0 1 waiting 
9 410 507 455 598 26959 0 0 1 waiting 
9 412 506 457 597 26960 0 0 1 waiting 
9 413 506 458 597 26961 0 0 1 waiting 
9 415 506 460 597 26962 0 0 0 waiting 
9 419 504 464 595 26963 0 0 1 waiting 
9 423 503 468 594 26964 0 0 1 waiting 
10 395 472 441 576 26945 0 0 0 waiting 
10 390 472 435 576 26946 0 0 1 standing 
10 386 472 429 576 26947 0 0 1 standing 
10 381 473 423 576 26948 0 0 1 standing 
10 377 473 418 577 26949 0 0 1 standing 
10 372 474 412 577 26950 0 0 1 standing 
10 368 474 406 577 26951 0 0 1 standing 
10 363 474 401 578 26952 0 0 1 standing 
10 359 475 395 578 26953 0 0 1 standing 
10 354 475 389 578 26954 0 0 1 standing 
10 350 476 384 579 26955 0 0 0 standing 
10 348 476 384 580 26956 0 0 1 standing 
10 346 477 385 582 26957 0 0 1 standing 
10 344 477 386 583 26958 0 0 1 standing 
10 343 478 387 585 26959 0 0 1 standing 
10 341 478 388 586 26960 0 0 1 standing 
10 339 479 389 588 26961 0 0 1 standing 
10 338 480 390 590 26962 0 0 0 standing 
10 340 480 390 589 26963 0 0 1 standing 
10 342 480 390 589 26964 0 0 1 standing 
11 205 509 258 604 26945 0 0 0 standing 
11 201 509 253 604 26946 0 0 1 waiting 
11 197 510 248 605 26947 0 0 1 waiting 
11 193 511 243 605 26948 0 0 1 waiting 
11 189 511 238 606 26949 0 0 1 waiting 
11 186 512 234 607 26950 0 0 1 waiting 
11 182 513 229 607 26951 0 0 1 waiting 
11 178 513 224 608 26952 0 0 1 waiting 
11 174 514 219 608 26953 0 0 1 waiting 
11 170 515 214 609 26954 0 0 1 waiting 
11 167 516 210 610 26955 0 0 0 waiting 
11 168 516 211 610 26956 0 0 1 waiting 
11 170 516 213 610 26957 0 0 1 waiting 
11 172 516 215 610 26958 0 0 1 waiting 
11 174 517 217 611 26959 0 0 1 waiting 
11 176 517 219 611 26960 0 0 1 waiting 
11 178 517 221 611 26961 0 0 1 waiting 
11 180 518 223 612 26962 0 0 0 waiting 
11 183 517 226 611 26963 0 0 1 waiting 
11 186 516 229 610 26964 0 0 1 waiting 
